maui/input/month_year_rainfall/maui_prcp_12_2001.asc
ncols        361
nrows        320
xllcorner    -156.738000000000
yllcorner    20.343000000000
cellsize     0.002250000000
NODATA_value -3.4028234663852885981e+38
[rows 160 to 191 of 320, columns 144 to 215 of 361]
2.13 2.19 2.24 2.29 2.33 2.38 2.42 2.47 2.51 2.55 2.6 2.62 2.62 2.63 2.64 2.66 2.69 2.72 2.75 2.78 2.8 2.82 2.86 2.91 2.97 3.02 3.03 3.02 3 2.98 2.95 2.92 2.9 2.87 2.85 2.84 2.84 2.84 2.85 2.88 2.93 2.98 3.05 3.12 3.21 3.3 3.4 3.5 3.61 3.73 3.85 3.97 4.11 4.25 4.39 4.54 4.69 4.84 4.99 5.13 5.28 5.43 5.58 5.74 5.9 6.06 6.23 6.38 6.51 6.61 6.69 6.72
2.15 2.2 2.25 2.3 2.35 2.4 2.44 2.49 2.53 2.58 2.62 2.65 2.64 2.65 2.67 2.7 2.74 2.77 2.8 2.84 2.86 2.88 2.92 2.98 3.05 3.1 3.12 3.1 3.07 3.04 3.01 2.98 2.95 2.92 2.9 2.88 2.87 2.87 2.88 2.9 2.94 2.99 3.06 3.13 3.21 3.3 3.4 3.51 3.62 3.73 3.85 3.97 4.09 4.22 4.35 4.49 4.64 4.77 4.91 5.04 5.18 5.32 5.47 5.62 5.77 5.92 6.07 6.21 6.32 6.41 6.47 6.5
2.16 2.22 2.27 2.32 2.37 2.41 2.46 2.5 2.54 2.59 2.63 2.65 2.66 2.66 2.7 2.74 2.78 2.82 2.87 2.9 2.93 2.97 3.01 3.06 3.12 3.16 3.18 3.17 3.14 3.11 3.07 3.04 3 2.97 2.94 2.92 2.9 2.9 2.9 2.92 2.95 3 3.06 3.13 3.2 3.29 3.39 3.49 3.6 3.71 3.82 3.94 4.07 4.19 4.31 4.44 4.57 4.7 4.83 4.95 5.08 5.22 5.36 5.5 5.64 5.77 5.91 6.03 6.12 6.2 6.25 6.28
2.17 2.22 2.28 2.33 2.37 2.42 2.47 2.51 2.55 2.6 2.64 2.66 2.68 2.7 2.74 2.79 2.83 2.88 2.93 2.97 3.01 3.05 3.09 3.14 3.19 3.22 3.23 3.22 3.2 3.17 3.13 3.09 3.05 3.01 2.97 2.94 2.92 2.91 2.91 2.92 2.94 2.99 3.04 3.11 3.18 3.27 3.36 3.46 3.57 3.68 3.79 3.91 4.03 4.15 4.27 4.39 4.51 4.63 4.76 4.88 5 5.13 5.26 5.39 5.52 5.64 5.75 5.86 5.94 6 6.04 6.07
2.17 2.23 2.28 2.33 2.38 2.43 2.47 2.52 2.56 2.61 2.65 2.69 2.72 2.75 2.79 2.84 2.89 2.94 2.99 3.04 3.09 3.13 3.18 3.22 3.26 3.29 3.29 3.28 3.26 3.23 3.19 3.14 3.09 3.04 3 2.96 2.93 2.91 2.9 2.91 2.93 2.97 3.02 3.08 3.15 3.23 3.32 3.42 3.53 3.64 3.75 3.86 3.98 4.1 4.22 4.34 4.46 4.58 4.7 4.81 4.92 5.04 5.16 5.28 5.39 5.5 5.6 5.69 5.76 5.81 5.84 5.86
2.17 2.22 2.28 2.33 2.38 2.43 2.48 2.53 2.58 2.63 2.67 2.72 2.76 2.8 2.85 2.9 2.96 3.01 3.07 3.12 3.17 3.21 3.26 3.3 3.33 3.35 3.36 3.34 3.32 3.28 3.24 3.19 3.13 3.08 3.02 2.97 2.93 2.9 2.89 2.88 2.9 2.93 2.98 3.04 3.1 3.18 3.27 3.37 3.47 3.59 3.7 3.81 3.93 4.05 4.17 4.3 4.42 4.53 4.64 4.75 4.86 4.96 5.07 5.18 5.28 5.37 5.46 5.54 5.59 5.63 5.66 5.67
2.16 2.22 2.28 2.33 2.39 2.44 2.49 2.55 2.6 2.65 2.71 2.75 2.8 2.85 2.91 2.96 3.02 3.08 3.14 3.19 3.25 3.3 3.34 3.38 3.41 3.42 3.42 3.41 3.38 3.33 3.29 3.23 3.17 3.1 3.04 2.98 2.92 2.88 2.86 2.85 2.86 2.89 2.93 2.99 3.05 3.13 3.22 3.31 3.42 3.53 3.64 3.76 3.88 4 4.12 4.24 4.36 4.48 4.58 4.69 4.79 4.89 4.99 5.08 5.17 5.25 5.33 5.39 5.44 5.47 5.49 5.5
2.16 2.22 2.28 2.34 2.39 2.45 2.51 2.57 2.62 2.68 2.74 2.79 2.85 2.91 2.97 3.03 3.09 3.16 3.22 3.28 3.33 3.38 3.43 3.46 3.49 3.5 3.49 3.47 3.44 3.39 3.34 3.27 3.2 3.13 3.05 2.98 2.91 2.86 2.82 2.81 2.82 2.84 2.88 2.94 3 3.08 3.16 3.26 3.36 3.47 3.59 3.71 3.82 3.94 4.06 4.18 4.3 4.41 4.52 4.62 4.72 4.81 4.91 4.99 5.07 5.15 5.21 5.27 5.31 5.33 5.34 5.35
2.15 2.21 2.28 2.34 2.4 2.46 2.53 2.59 2.65 2.72 2.78 2.84 2.9 2.96 3.03 3.1 3.17 3.23 3.3 3.36 3.42 3.47 3.51 3.55 3.57 3.58 3.57 3.55 3.51 3.46 3.4 3.33 3.25 3.16 3.07 2.99 2.9 2.83 2.79 2.77 2.78 2.81 2.85 2.9 2.96 3.03 3.12 3.21 3.31 3.42 3.53 3.65 3.76 3.88 4 4.12 4.23 4.34 4.45 4.55 4.64 4.74 4.82 4.9 4.98 5.04 5.1 5.15 5.19 5.21 5.22 5.23
2.15 2.21 2.28 2.35 2.41 2.48 2.55 2.62 2.68 2.75 2.82 2.88 2.95 3.02 3.09 3.16 3.24 3.31 3.38 3.44 3.5 3.55 3.6 3.63 3.65 3.65 3.64 3.61 3.58 3.52 3.45 3.38 3.29 3.19 3.09 2.99 2.88 2.79 2.75 2.74 2.75 2.78 2.81 2.86 2.92 2.99 3.07 3.15 3.25 3.35 3.46 3.58 3.69 3.81 3.93 4.04 4.16 4.26 4.37 4.47 4.56 4.65 4.74 4.81 4.88 4.95 5 5.05 5.09 5.11 5.13 5.14
2.15 2.22 2.28 2.35 2.43 2.5 2.57 2.64 2.71 2.79 2.86 2.93 3 3.08 3.15 3.23 3.31 3.38 3.46 3.52 3.59 3.64 3.68 3.71 3.73 3.73 3.71 3.68 3.64 3.58 3.51 3.43 3.34 3.24 3.12 3 2.88 2.75 2.71 2.71 2.73 2.75 2.78 2.83 2.88 2.95 3.02 3.1 3.19 3.29 3.39 3.51 3.62 3.74 3.85 3.97 4.08 4.19 4.29 4.39 4.48 4.57 4.65 4.73 4.8 4.86 4.91 4.96 5 5.03 5.05 5.06
2.16 2.22 2.29 2.37 2.44 2.52 2.59 2.67 2.75 2.82 2.9 2.97 3.05 3.13 3.21 3.29 3.37 3.45 3.52 3.6 3.66 3.71 3.76 3.78 3.8 3.79 3.78 3.75 3.7 3.64 3.57 3.49 3.39 3.28 3.16 3.03 2.89 2.77 2.71 2.71 2.71 2.73 2.75 2.79 2.83 2.89 2.96 3.04 3.12 3.22 3.32 3.43 3.55 3.66 3.78 3.89 4 4.12 4.22 4.32 4.42 4.5 4.58 4.65 4.72 4.78 4.84 4.89 4.93 4.96 4.98 5
2.17 2.24 2.31 2.38 2.46 2.54 2.61 2.69 2.77 2.85 2.93 3.01 3.1 3.18 3.26 3.35 3.43 3.51 3.59 3.67 3.74 3.79 3.83 3.86 3.86 3.86 3.84 3.81 3.76 3.7 3.63 3.55 3.44 3.33 3.2 3.08 2.95 2.84 2.76 2.73 2.71 2.71 2.72 2.75 2.79 2.84 2.9 2.97 3.05 3.15 3.24 3.35 3.47 3.59 3.7 3.82 3.93 4.05 4.16 4.26 4.35 4.44 4.52 4.59 4.65 4.72 4.77 4.82 4.87 4.9 4.92 4.94
2.18 2.25 2.32 2.4 2.48 2.56 2.64 2.72 2.8 2.88 2.96 3.05 3.13 3.22 3.3 3.39 3.48 3.56 3.65 3.73 3.8 3.86 3.9 3.92 3.92 3.91 3.89 3.86 3.81 3.76 3.68 3.6 3.5 3.38 3.25 3.12 3 2.89 2.81 2.75 2.71 2.69 2.68 2.7 2.73 2.78 2.83 2.9 2.98 3.07 3.17 3.28 3.39 3.51 3.63 3.75 3.87 3.99 4.1 4.2 4.29 4.38 4.46 4.52 4.59 4.66 4.71 4.76 4.81 4.85 4.87 4.89
2.19 2.27 2.34 2.42 2.5 2.58 2.66 2.74 2.83 2.91 2.99 3.07 3.16 3.25 3.34 3.43 3.52 3.61 3.7 3.79 3.87 3.93 3.96 3.97 3.97 3.96 3.94 3.91 3.86 3.81 3.74 3.65 3.55 3.43 3.31 3.18 3.05 2.94 2.85 2.77 2.71 2.67 2.65 2.65 2.67 2.71 2.76 2.83 2.91 3 3.09 3.2 3.32 3.44 3.56 3.69 3.81 3.93 4.04 4.14 4.24 4.33 4.4 4.47 4.54 4.6 4.66 4.71 4.76 4.8 4.82 4.85
2.21 2.28 2.36 2.44 2.52 2.6 2.68 2.76 2.84 2.93 3.01 3.09 3.18 3.27 3.36 3.45 3.54 3.64 3.74 3.84 3.93 3.98 4 4 4 3.99 3.97 3.94 3.9 3.85 3.78 3.7 3.6 3.48 3.36 3.23 3.1 2.98 2.87 2.78 2.71 2.65 2.61 2.6 2.61 2.64 2.69 2.75 2.83 2.92 3.02 3.13 3.25 3.37 3.5 3.63 3.75 3.88 3.99 4.09 4.19 4.28 4.35 4.42 4.49 4.55 4.61 4.66 4.71 4.75 4.78 4.81
2.23 2.31 2.38 2.46 2.54 2.62 2.7 2.78 2.86 2.94 3.02 3.11 3.19 3.28 3.37 3.47 3.56 3.65 3.75 3.85 3.96 4 4.01 4.02 4.02 4.02 4 3.98 3.94 3.89 3.83 3.75 3.65 3.53 3.41 3.27 3.14 3.02 2.9 2.79 2.7 2.62 2.57 2.55 2.54 2.56 2.6 2.67 2.75 2.84 2.95 3.06 3.18 3.31 3.45 3.58 3.71 3.83 3.94 4.05 4.14 4.23 4.31 4.38 4.45 4.51 4.56 4.61 4.66 4.71 4.74 4.77
2.25 2.33 2.41 2.49 2.57 2.64 2.71 2.79 2.87 2.95 3.03 3.11 3.2 3.29 3.37 3.47 3.56 3.65 3.74 3.83 3.91 3.97 4 4.01 4.02 4.03 4.02 4 3.97 3.92 3.86 3.79 3.69 3.58 3.45 3.32 3.18 3.05 2.91 2.79 2.68 2.6 2.53 2.49 2.47 2.48 2.52 2.58 2.66 2.76 2.87 3 3.13 3.26 3.4 3.54 3.68 3.8 3.91 4.01 4.11 4.2 4.28 4.34 4.41 4.47 4.53 4.58 4.63 4.68 4.71 4.75
2.28 2.36 2.43 2.51 2.59 2.65 2.72 2.79 2.87 2.95 3.03 3.12 3.2 3.28 3.37 3.46 3.55 3.63 3.72 3.8 3.86 3.92 3.97 4 4.02 4.03 4.03 4.02 4 3.96 3.9 3.83 3.74 3.62 3.5 3.36 3.21 3.07 2.93 2.79 2.67 2.56 2.48 2.43 2.4 2.4 2.44 2.5 2.58 2.69 2.81 2.94 3.08 3.22 3.36 3.51 3.65 3.78 3.89 3.99 4.09 4.18 4.25 4.32 4.38 4.45 4.5 4.56 4.61 4.66 4.71 4.76
2.31 2.39 2.46 2.54 2.61 2.67 2.73 2.8 2.87 2.95 3.03 3.11 3.19 3.28 3.36 3.45 3.53 3.61 3.69 3.76 3.82 3.88 3.93 3.98 4.01 4.03 4.04 4.04 4.03 4 3.95 3.87 3.78 3.67 3.54 3.4 3.25 3.09 2.94 2.79 2.65 2.53 2.43 2.36 2.32 2.32 2.35 2.41 2.51 2.62 2.75 2.89 3.04 3.19 3.34 3.5 3.64 3.77 3.89 3.99 4.08 4.17 4.24 4.3 4.37 4.43 4.49 4.55 4.61 4.67 4.73 4.79
2.35 2.42 2.5 2.57 2.63 2.69 2.74 2.8 2.87 2.95 3.03 3.11 3.19 3.27 3.35 3.43 3.51 3.59 3.66 3.72 3.78 3.84 3.91 3.96 4 4.04 4.06 4.07 4.06 4.04 3.99 3.93 3.84 3.72 3.59 3.44 3.28 3.11 2.94 2.78 2.62 2.49 2.37 2.29 2.24 2.23 2.26 2.33 2.43 2.56 2.7 2.86 3.02 3.18 3.33 3.5 3.65 3.78 3.9 4 4.09 4.18 4.25 4.32 4.38 4.45 4.51 4.57 4.64 4.71 4.78 4.85
2.39 2.47 2.54 2.6 2.66 2.7 2.75 2.8 2.87 2.95 3.03 3.11 3.19 3.27 3.34 3.42 3.49 3.56 3.63 3.7 3.76 3.82 3.89 3.95 4 4.04 4.07 4.09 4.09 4.08 4.05 3.99 3.9 3.78 3.64 3.48 3.31 3.13 2.95 2.77 2.6 2.45 2.32 2.22 2.16 2.14 2.17 2.25 2.37 2.51 2.67 2.84 3.01 3.18 3.35 3.52 3.67 3.8 3.92 4.03 4.12 4.2 4.28 4.35 4.41 4.48 4.55 4.61 4.69 4.76 4.83 4.91
2.44 2.52 2.58 2.64 2.69 2.72 2.75 2.8 2.88 2.96 3.04 3.12 3.19 3.27 3.34 3.41 3.48 3.55 3.62 3.69 3.75 3.81 3.88 3.94 4 4.06 4.1 4.13 4.14 4.14 4.12 4.07 3.98 3.86 3.71 3.54 3.36 3.16 2.96 2.77 2.58 2.41 2.26 2.14 2.07 2.05 2.09 2.18 2.31 2.48 2.66 2.84 3.03 3.21 3.39 3.56 3.72 3.86 3.98 4.08 4.17 4.25 4.33 4.4 4.47 4.53 4.6 4.67 4.75 4.83 4.9 4.98
2.5 2.58 2.64 2.7 2.74 2.76 2.77 2.81 2.9 2.98 3.06 3.14 3.21 3.28 3.35 3.41 3.48 3.55 3.62 3.69 3.75 3.81 3.88 3.95 4.01 4.07 4.12 4.16 4.2 4.21 4.2 4.16 4.08 3.95 3.79 3.6 3.41 3.2 2.99 2.78 2.57 2.38 2.21 2.07 1.98 1.95 2 2.12 2.27 2.46 2.66 2.86 3.07 3.27 3.45 3.63 3.79 3.93 4.05 4.15 4.24 4.32 4.4 4.46 4.53 4.59 4.66 4.73 4.81 4.9 4.98 5.06
2.57 2.65 2.71 2.77 2.81 2.83 2.84 2.88 2.95 3.02 3.09 3.17 3.23 3.3 3.36 3.42 3.49 3.56 3.63 3.7 3.76 3.83 3.9 3.97 4.04 4.11 4.16 4.21 4.26 4.29 4.3 4.28 4.2 4.06 3.88 3.68 3.47 3.26 3.03 2.81 2.59 2.37 2.17 2 1.88 1.86 1.93 2.07 2.26 2.47 2.69 2.92 3.14 3.35 3.55 3.73 3.89 4.02 4.13 4.23 4.32 4.39 4.47 4.53 4.6 4.66 4.73 4.8 4.88 4.97 5.05 5.14
2.65 2.73 2.79 2.85 2.89 2.92 2.94 2.97 3.02 3.08 3.14 3.2 3.26 3.32 3.38 3.43 3.5 3.57 3.64 3.71 3.79 3.86 3.93 4.01 4.07 4.14 4.2 4.26 4.31 4.36 4.4 4.41 4.34 4.16 3.97 3.76 3.55 3.32 3.09 2.86 2.63 2.39 2.17 1.96 1.79 1.75 1.86 2.05 2.27 2.51 2.75 2.99 3.23 3.46 3.67 3.85 4 4.12 4.23 4.32 4.4 4.47 4.54 4.6 4.67 4.73 4.8 4.87 4.95 5.04 5.13 5.22
2.74 2.82 2.88 2.94 2.98 3.01 3.04 3.06 3.1 3.15 3.19 3.24 3.29 3.35 3.4 3.45 3.51 3.59 3.66 3.74 3.82 3.9 3.98 4.05 4.13 4.2 4.26 4.32 4.38 4.43 4.48 4.5 4.43 4.25 4.06 3.85 3.64 3.41 3.18 2.95 2.71 2.46 2.22 1.98 1.74 1.65 1.85 2.09 2.33 2.58 2.84 3.09 3.34 3.59 3.82 3.99 4.12 4.23 4.32 4.4 4.48 4.55 4.61 4.67 4.73 4.79 4.86 4.93 5.01 5.1 5.2 5.3
2.84 2.92 2.98 3.03 3.07 3.1 3.13 3.15 3.18 3.21 3.25 3.29 3.33 3.38 3.42 3.47 3.53 3.61 3.69 3.77 3.86 3.94 4.02 4.1 4.18 4.25 4.32 4.38 4.44 4.48 4.51 4.51 4.44 4.3 4.13 3.94 3.73 3.52 3.29 3.06 2.82 2.58 2.34 2.11 1.89 1.82 1.98 2.21 2.45 2.69 2.94 3.2 3.45 3.71 3.97 4.13 4.23 4.33 4.41 4.49 4.56 4.62 4.68 4.74 4.8 4.86 4.93 4.99 5.07 5.16 5.26 5.36
2.95 3.03 3.08 3.13 3.16 3.19 3.21 3.23 3.25 3.27 3.3 3.33 3.37 3.41 3.45 3.49 3.54 3.63 3.72 3.81 3.9 3.99 4.07 4.15 4.23 4.3 4.37 4.43 4.48 4.52 4.54 4.52 4.46 4.35 4.2 4.03 3.84 3.63 3.41 3.19 2.97 2.74 2.53 2.33 2.18 2.14 2.23 2.4 2.61 2.83 3.07 3.31 3.55 3.8 4.03 4.2 4.31 4.4 4.49 4.56 4.63 4.69 4.75 4.8 4.86 4.92 4.98 5.05 5.13 5.21 5.31 5.41
3.06 3.14 3.19 3.23 3.25 3.27 3.28 3.3 3.31 3.33 3.35 3.38 3.41 3.45 3.49 3.53 3.58 3.66 3.76 3.85 3.94 4.03 4.12 4.2 4.28 4.35 4.42 4.48 4.52 4.56 4.57 4.54 4.49 4.39 4.27 4.12 3.94 3.76 3.56 3.35 3.14 2.94 2.75 2.58 2.47 2.44 2.5 2.63 2.79 2.99 3.2 3.42 3.64 3.86 4.06 4.22 4.35 4.46 4.55 4.62 4.69 4.75 4.81 4.86 4.92 4.97 5.03 5.09 5.17 5.25 5.33 5.43
3.18 3.25 3.3 3.32 3.33 3.34 3.34 3.35 3.36 3.37 3.39 3.42 3.45 3.49 3.53 3.58 3.64 3.72 3.81 3.9 3.99 4.08 4.16 4.25 4.32 4.39 4.46 4.52 4.56 4.59 4.59 4.57 4.53 4.45 4.34 4.21 4.06 3.89 3.71 3.52 3.33 3.15 2.98 2.85 2.76 2.73 2.76 2.86 2.99 3.15 3.34 3.53 3.73 3.91 4.09 4.25 4.38 4.49 4.59 4.67 4.74 4.79 4.85 4.9 4.96 5.01 5.06 5.11 5.18 5.24 5.32 5.41
3.3 3.37 3.4 3.4 3.39 3.39 3.38 3.39 3.39 3.4 3.42 3.45 3.48 3.52 3.57 3.63 3.69 3.77 3.85 3.94 4.03 4.12 4.21 4.29 4.36 4.43 4.49 4.55 4.59 4.62 4.62 4.61 4.57 4.51 4.42 4.31 4.18 4.03 3.86 3.69 3.52 3.36 3.21 3.09 3.02 2.99 3.01 3.07 3.18 3.31 3.47 3.63 3.8 3.97 4.12 4.26 4.39 4.51 4.61 4.69 4.76 4.82 4.87 4.92 4.97 5.02 5.06 5.11 5.16 5.22 5.29 5.36
