maui/input/month_year_rainfall/maui_prcp_04_2002.asc
ncols        361
nrows        320
xllcorner    -156.738000000000
yllcorner    20.343000000000
cellsize     0.002250000000
NODATA_value -3.4028234663852885981e+38
[rows 128 to 159 of 320, columns 288 to 359 of 361]
12.4 12.4 12.3 12.3 12.2 12.2 12.1 12.1 12 11.9 11.9 11.8 11.7 11.7 11.6 11.5 11.4 11.2 11.1 11 10.9 10.7 10.5 10.3 10.1 9.77 9.45 9.08 8.67 8.25 7.82 7.42 7.01 6.64 6.25 5.92 5.6 5.36 5.14 4.97 4.82 4.69 4.59 4.51 4.46 4.41 4.37 4.33 -3.4e+38 -3.4e+38 -3.4e+38 -3.4e+38 -3.4e+38 -3.4e+38 -3.4e+38 -3.4e+38 -3.4e+38 -3.4e+38 -3.4e+38 -3.4e+38 -3.4e+38 -3.4e+38 -3.4e+38 -3.4e+38 -3.4e+38 -3.4e+38 -3.4e+38 -3.4e+38 -3.4e+38 -3.4e+38 -3.4e+38 -3.4e+38
12.7 12.6 12.6 12.6 12.5 12.5 12.4 12.4 12.3 12.2 12.1 12.1 12 11.9 11.8 11.7 11.6 11.5 11.4 11.3 11.1 11 10.8 10.5 10.3 10 9.69 9.32 8.89 8.46 8 7.58 7.15 6.77 6.37 6.03 5.69 5.42 5.19 5.01 4.86 4.72 4.62 4.53 4.48 4.43 4.39 4.34 -3.4e+38 -3.4e+38 -3.4e+38 -3.4e+38 -3.4e+38 -3.4e+38 -3.4e+38 -3.4e+38 -3.4e+38 -3.4e+38 -3.4e+38 -3.4e+38 -3.4e+38 -3.4e+38 -3.4e+38 -3.4e+38 -3.4e+38 -3.4e+38 -3.4e+38 -3.4e+38 -3.4e+38 -3.4e+38 -3.4e+38 -3.4e+38
13 12.9 12.9 12.9 12.8 12.8 12.7 12.7 12.6 12.5 12.4 12.3 12.2 12.1 12 11.9 11.8 11.7 11.6 11.5 11.4 11.2 11 10.7 10.5 10.2 9.87 9.5 9.07 8.62 8.14 7.71 7.27 6.88 6.48 6.12 5.77 5.49 5.25 5.06 4.9 4.76 4.65 4.56 4.51 4.45 4.41 4.37 -3.4e+38 -3.4e+38 -3.4e+38 -3.4e+38 -3.4e+38 -3.4e+38 -3.4e+38 -3.4e+38 -3.4e+38 -3.4e+38 -3.4e+38 -3.4e+38 -3.4e+38 -3.4e+38 -3.4e+38 -3.4e+38 -3.4e+38 -3.4e+38 -3.4e+38 -3.4e+38 -3.4e+38 -3.4e+38 -3.4e+38 -3.4e+38
13.3 13.3 13.3 13.2 13.2 13.1 13.1 13 12.9 12.8 12.7 12.6 12.4 12.3 12.2 12.1 12 11.9 11.8 11.7 11.6 11.4 11.2 11 10.7 10.4 10 9.65 9.23 8.77 8.27 7.82 7.38 6.99 6.58 6.22 5.85 5.57 5.31 5.12 4.95 4.81 4.7 4.6 4.54 4.48 4.44 4.4 4.36 4.31 -3.4e+38 -3.4e+38 -3.4e+38 -3.4e+38 -3.4e+38 -3.4e+38 -3.4e+38 -3.4e+38 -3.4e+38 -3.4e+38 -3.4e+38 -3.4e+38 -3.4e+38 -3.4e+38 -3.4e+38 -3.4e+38 -3.4e+38 -3.4e+38 -3.4e+38 -3.4e+38 -3.4e+38 -3.4e+38
13.6 13.6 13.6 13.6 13.6 13.5 13.4 13.4 13.3 13.1 13 12.9 12.7 12.6 12.4 12.3 12.2 12.1 12.1 12 11.8 11.7 11.4 11.2 10.9 10.5 10.2 9.76 9.33 8.86 8.36 7.9 7.45 7.06 6.66 6.29 5.92 5.63 5.37 5.17 5 4.86 4.75 4.65 4.58 4.52 4.48 4.44 4.39 4.34 -3.4e+38 -3.4e+38 -3.4e+38 -3.4e+38 -3.4e+38 -3.4e+38 -3.4e+38 -3.4e+38 -3.4e+38 -3.4e+38 -3.4e+38 -3.4e+38 -3.4e+38 -3.4e+38 -3.4e+38 -3.4e+38 -3.4e+38 -3.4e+38 -3.4e+38 -3.4e+38 -3.4e+38 -3.4e+38
14 14 14 14 14 13.9 13.8 13.8 13.7 13.5 13.4 13.2 13.1 12.9 12.7 12.5 12.4 12.4 12.3 12.2 12.1 11.9 11.7 11.4 11.1 10.7 10.3 9.86 9.41 8.94 8.43 7.97 7.51 7.13 6.74 6.37 5.99 5.7 5.43 5.22 5.05 4.92 4.8 4.7 4.63 4.56 4.52 4.47 4.43 4.38 -3.4e+38 -3.4e+38 -3.4e+38 -3.4e+38 -3.4e+38 -3.4e+38 -3.4e+38 -3.4e+38 -3.4e+38 -3.4e+38 -3.4e+38 -3.4e+38 -3.4e+38 -3.4e+38 -3.4e+38 -3.4e+38 -3.4e+38 -3.4e+38 -3.4e+38 -3.4e+38 -3.4e+38 -3.4e+38
14.3 14.4 14.4 14.4 14.4 14.3 14.3 14.2 14 13.9 13.8 13.6 13.4 13.2 13 12.8 12.7 12.6 12.5 12.5 12.3 12.1 11.9 11.6 11.2 10.8 10.4 9.95 9.48 8.99 8.49 8.03 7.55 7.18 6.78 6.42 6.05 5.76 5.49 5.28 5.11 4.97 4.86 4.76 4.68 4.61 4.56 -3.4e+38 -3.4e+38 -3.4e+38 -3.4e+38 -3.4e+38 -3.4e+38 -3.4e+38 -3.4e+38 -3.4e+38 -3.4e+38 -3.4e+38 -3.4e+38 -3.4e+38 -3.4e+38 -3.4e+38 -3.4e+38 -3.4e+38 -3.4e+38 -3.4e+38 -3.4e+38 -3.4e+38 -3.4e+38 -3.4e+38 -3.4e+38 -3.4e+38
14.7 14.8 14.8 14.9 14.8 14.8 14.7 14.6 14.5 14.3 14.2 14 13.8 13.6 13.4 13.2 13.1 12.9 12.8 12.7 12.6 12.4 12.1 11.8 11.4 11 10.5 10 9.53 9.04 8.54 8.08 7.6 7.22 6.83 6.47 6.11 5.83 5.56 5.34 5.16 5.03 4.92 4.82 4.74 4.66 4.61 4.56 4.51 4.46 -3.4e+38 -3.4e+38 -3.4e+38 -3.4e+38 -3.4e+38 -3.4e+38 -3.4e+38 -3.4e+38 -3.4e+38 -3.4e+38 -3.4e+38 -3.4e+38 -3.4e+38 -3.4e+38 -3.4e+38 -3.4e+38 -3.4e+38 -3.4e+38 -3.4e+38 -3.4e+38 -3.4e+38 -3.4e+38
15.1 15.2 15.3 15.3 15.3 15.2 15.1 15 14.9 14.7 14.6 14.4 14.2 14 13.8 13.6 13.5 13.3 13.1 13 12.8 12.6 12.3 11.9 11.5 11.1 10.6 10.1 9.56 9.05 8.56 8.1 7.62 7.25 6.86 6.52 6.17 5.88 5.61 5.39 5.22 5.08 4.97 4.87 4.79 4.71 4.66 4.6 4.55 4.5 -3.4e+38 -3.4e+38 -3.4e+38 -3.4e+38 -3.4e+38 -3.4e+38 -3.4e+38 -3.4e+38 -3.4e+38 -3.4e+38 -3.4e+38 -3.4e+38 -3.4e+38 -3.4e+38 -3.4e+38 -3.4e+38 -3.4e+38 -3.4e+38 -3.4e+38 -3.4e+38 -3.4e+38 -3.4e+38
15.5 15.7 15.7 15.7 15.7 15.7 15.6 15.5 15.3 15.2 15 14.8 14.6 14.4 14.2 14 13.8 13.7 13.5 13.3 13 12.8 12.5 12.1 11.7 11.2 10.7 10.1 9.58 9.05 8.58 8.14 7.66 7.29 6.9 6.57 6.22 5.94 5.67 5.45 5.27 5.13 5.02 4.93 4.85 4.77 4.71 4.64 4.59 4.53 -3.4e+38 -3.4e+38 -3.4e+38 -3.4e+38 -3.4e+38 -3.4e+38 -3.4e+38 -3.4e+38 -3.4e+38 -3.4e+38 -3.4e+38 -3.4e+38 -3.4e+38 -3.4e+38 -3.4e+38 -3.4e+38 -3.4e+38 -3.4e+38 -3.4e+38 -3.4e+38 -3.4e+38 -3.4e+38
16 16.1 16.2 16.2 16.2 16.1 16 15.9 15.8 15.6 15.4 15.3 15 14.8 14.6 14.4 14.2 14 13.8 13.6 13.3 13 12.7 12.3 11.8 11.3 10.8 10.2 9.63 9.08 8.62 8.19 7.71 7.34 6.94 6.61 6.27 5.99 5.72 5.49 5.31 5.18 5.07 4.97 4.9 4.82 4.76 4.68 4.62 4.56 -3.4e+38 -3.4e+38 -3.4e+38 -3.4e+38 -3.4e+38 -3.4e+38 -3.4e+38 -3.4e+38 -3.4e+38 -3.4e+38 -3.4e+38 -3.4e+38 -3.4e+38 -3.4e+38 -3.4e+38 -3.4e+38 -3.4e+38 -3.4e+38 -3.4e+38 -3.4e+38 -3.4e+38 -3.4e+38
16.4 16.6 16.6 16.7 16.7 16.6 16.5 16.4 16.2 16.1 15.9 15.7 15.5 15.3 15 14.8 14.6 14.4 14.1 13.9 13.6 13.2 12.9 12.5 12 11.5 10.9 10.4 9.77 9.22 8.72 8.26 7.77 7.39 6.99 6.66 6.32 6.04 5.77 5.54 5.35 5.22 5.11 5.01 4.93 4.86 4.79 4.71 4.65 -3.4e+38 -3.4e+38 -3.4e+38 -3.4e+38 -3.4e+38 -3.4e+38 -3.4e+38 -3.4e+38 -3.4e+38 -3.4e+38 -3.4e+38 -3.4e+38 -3.4e+38 -3.4e+38 -3.4e+38 -3.4e+38 -3.4e+38 -3.4e+38 -3.4e+38 -3.4e+38 -3.4e+38 -3.4e+38 -3.4e+38
16.9 17 17.1 17.2 17.1 17.1 17 16.8 16.7 16.5 16.3 16.1 15.9 15.6 15.4 15.2 14.9 14.7 14.4 14.1 13.8 13.5 13.1 12.6 12.2 11.6 11.1 10.5 9.9 9.35 8.81 8.33 7.82 7.43 7.03 6.7 6.37 6.08 5.81 5.58 5.39 5.25 5.14 5.03 4.95 4.87 4.8 4.73 4.66 -3.4e+38 -3.4e+38 -3.4e+38 -3.4e+38 -3.4e+38 -3.4e+38 -3.4e+38 -3.4e+38 -3.4e+38 -3.4e+38 -3.4e+38 -3.4e+38 -3.4e+38 -3.4e+38 -3.4e+38 -3.4e+38 -3.4e+38 -3.4e+38 -3.4e+38 -3.4e+38 -3.4e+38 -3.4e+38 -3.4e+38
17.4 17.5 17.6 17.7 17.6 17.6 17.4 17.3 17.1 16.9 16.7 16.5 16.3 16 15.8 15.5 15.3 15 14.7 14.4 14 13.7 13.3 12.8 12.3 11.8 11.2 10.6 10 9.45 8.89 8.39 7.88 7.48 7.06 6.73 6.4 6.12 5.84 5.61 5.42 5.28 5.16 5.05 4.96 4.87 4.81 4.73 -3.4e+38 -3.4e+38 -3.4e+38 -3.4e+38 -3.4e+38 -3.4e+38 -3.4e+38 -3.4e+38 -3.4e+38 -3.4e+38 -3.4e+38 -3.4e+38 -3.4e+38 -3.4e+38 -3.4e+38 -3.4e+38 -3.4e+38 -3.4e+38 -3.4e+38 -3.4e+38 -3.4e+38 -3.4e+38 -3.4e+38 -3.4e+38
17.9 18.1 18.2 18.2 18.1 18 17.9 17.7 17.5 17.3 17.1 16.8 16.6 16.4 16.1 15.8 15.6 15.3 15 14.6 14.2 13.8 13.4 13 12.4 11.9 11.3 10.7 10.1 9.53 8.96 8.44 7.93 7.51 7.09 6.76 6.42 6.14 5.87 5.64 5.45 5.3 5.17 5.06 4.97 4.87 4.81 4.74 4.67 -3.4e+38 -3.4e+38 -3.4e+38 -3.4e+38 -3.4e+38 -3.4e+38 -3.4e+38 -3.4e+38 -3.4e+38 -3.4e+38 -3.4e+38 -3.4e+38 -3.4e+38 -3.4e+38 -3.4e+38 -3.4e+38 -3.4e+38 -3.4e+38 -3.4e+38 -3.4e+38 -3.4e+38 -3.4e+38 -3.4e+38
18.5 18.6 18.7 18.7 18.6 18.5 18.3 18.1 17.9 17.7 17.4 17.2 16.9 16.7 16.4 16.1 15.8 15.5 15.2 14.8 14.4 14 13.5 13.1 12.5 12 11.4 10.8 10.2 9.57 8.99 8.47 7.95 7.53 7.1 6.76 6.42 6.15 5.88 5.66 5.47 5.32 5.18 5.06 4.97 4.87 4.81 4.73 4.67 -3.4e+38 -3.4e+38 -3.4e+38 -3.4e+38 -3.4e+38 -3.4e+38 -3.4e+38 -3.4e+38 -3.4e+38 -3.4e+38 -3.4e+38 -3.4e+38 -3.4e+38 -3.4e+38 -3.4e+38 -3.4e+38 -3.4e+38 -3.4e+38 -3.4e+38 -3.4e+38 -3.4e+38 -3.4e+38 -3.4e+38
19.1 19.2 19.3 19.2 19.1 19 18.8 18.5 18.3 18 17.8 17.5 17.2 17 16.7 16.4 16.1 15.8 15.4 15 14.6 14.1 13.6 13.1 12.6 12 11.4 10.8 10.2 9.58 9.01 8.48 7.96 7.52 7.09 6.75 6.41 6.14 5.89 5.67 5.48 5.33 5.19 5.07 4.97 4.87 4.8 4.73 4.67 -3.4e+38 -3.4e+38 -3.4e+38 -3.4e+38 -3.4e+38 -3.4e+38 -3.4e+38 -3.4e+38 -3.4e+38 -3.4e+38 -3.4e+38 -3.4e+38 -3.4e+38 -3.4e+38 -3.4e+38 -3.4e+38 -3.4e+38 -3.4e+38 -3.4e+38 -3.4e+38 -3.4e+38 -3.4e+38 -3.4e+38
19.7 19.9 19.8 19.8 19.6 19.4 19.2 18.9 18.6 18.3 18 17.7 17.5 17.2 16.9 16.6 16.3 15.9 15.5 15.1 14.6 14.2 13.7 13.2 12.6 12 11.4 10.8 10.1 9.55 8.98 8.46 7.93 7.5 7.07 6.73 6.4 6.13 5.88 5.67 5.49 5.33 5.19 5.06 4.96 4.86 4.79 4.72 -3.4e+38 -3.4e+38 -3.4e+38 -3.4e+38 -3.4e+38 -3.4e+38 -3.4e+38 -3.4e+38 -3.4e+38 -3.4e+38 -3.4e+38 -3.4e+38 -3.4e+38 -3.4e+38 -3.4e+38 -3.4e+38 -3.4e+38 -3.4e+38 -3.4e+38 -3.4e+38 -3.4e+38 -3.4e+38 -3.4e+38 -3.4e+38
20.5 20.5 20.4 20.3 20.1 19.8 19.5 19.2 18.9 18.6 18.3 18 17.7 17.4 17 16.7 16.4 16 15.6 15.2 14.7 14.2 13.7 13.1 12.6 12 11.3 10.7 10.1 9.5 8.93 8.41 7.89 7.46 7.04 6.71 6.38 6.12 5.87 5.67 5.49 5.33 5.19 5.06 4.95 4.85 4.78 4.71 -3.4e+38 -3.4e+38 -3.4e+38 -3.4e+38 -3.4e+38 -3.4e+38 -3.4e+38 -3.4e+38 -3.4e+38 -3.4e+38 -3.4e+38 -3.4e+38 -3.4e+38 -3.4e+38 -3.4e+38 -3.4e+38 -3.4e+38 -3.4e+38 -3.4e+38 -3.4e+38 -3.4e+38 -3.4e+38 -3.4e+38 -3.4e+38
21.3 21.2 21 20.7 20.5 20.2 19.8 19.5 19.2 18.8 18.5 18.2 17.8 17.5 17.2 16.8 16.5 16.1 15.6 15.2 14.7 14.2 13.6 13.1 12.5 11.8 11.2 10.6 9.98 9.4 8.83 8.32 7.82 7.41 7 6.67 6.35 6.1 5.86 5.66 5.48 5.33 5.19 5.05 4.94 4.84 4.77 -3.4e+38 -3.4e+38 -3.4e+38 -3.4e+38 -3.4e+38 -3.4e+38 -3.4e+38 -3.4e+38 -3.4e+38 -3.4e+38 -3.4e+38 -3.4e+38 -3.4e+38 -3.4e+38 -3.4e+38 -3.4e+38 -3.4e+38 -3.4e+38 -3.4e+38 -3.4e+38 -3.4e+38 -3.4e+38 -3.4e+38 -3.4e+38 -3.4e+38
22.2 21.8 21.5 21.1 20.8 20.5 20.1 19.7 19.4 19 18.7 18.3 18 17.6 17.3 16.9 16.5 16.1 15.6 15.1 14.6 14.1 13.5 12.9 12.3 11.7 11.1 10.4 9.85 9.27 8.71 8.23 7.75 7.35 6.95 6.64 6.33 6.08 5.85 5.65 5.48 5.32 5.18 5.05 4.94 4.83 4.77 4.7 -3.4e+38 -3.4e+38 -3.4e+38 -3.4e+38 -3.4e+38 -3.4e+38 -3.4e+38 -3.4e+38 -3.4e+38 -3.4e+38 -3.4e+38 -3.4e+38 -3.4e+38 -3.4e+38 -3.4e+38 -3.4e+38 -3.4e+38 -3.4e+38 -3.4e+38 -3.4e+38 -3.4e+38 -3.4e+38 -3.4e+38 -3.4e+38
22.8 22.3 21.8 21.4 21.1 20.7 20.3 19.9 19.5 19.2 18.8 18.4 18.1 17.7 17.3 16.9 16.4 16 15.5 15 14.5 14 13.4 12.8 12.1 11.5 10.9 10.3 9.68 9.13 8.59 8.12 7.67 7.29 6.9 6.6 6.3 6.06 5.83 5.64 5.46 5.31 5.17 5.04 4.93 4.83 4.76 4.7 4.64 -3.4e+38 -3.4e+38 -3.4e+38 -3.4e+38 -3.4e+38 -3.4e+38 -3.4e+38 -3.4e+38 -3.4e+38 -3.4e+38 -3.4e+38 -3.4e+38 -3.4e+38 -3.4e+38 -3.4e+38 -3.4e+38 -3.4e+38 -3.4e+38 -3.4e+38 -3.4e+38 -3.4e+38 -3.4e+38 -3.4e+38
22.9 22.4 22 21.6 21.3 20.9 20.4 20.1 19.7 19.3 18.9 18.5 18.1 17.8 17.3 16.9 16.4 15.9 15.4 14.9 14.3 13.8 13.2 12.5 11.9 11.3 10.7 10.1 9.5 8.97 8.46 8.01 7.59 7.22 6.85 6.55 6.27 6.03 5.81 5.62 5.45 5.3 5.16 5.04 4.93 4.83 4.76 4.7 -3.4e+38 -3.4e+38 -3.4e+38 -3.4e+38 -3.4e+38 -3.4e+38 -3.4e+38 -3.4e+38 -3.4e+38 -3.4e+38 -3.4e+38 -3.4e+38 -3.4e+38 -3.4e+38 -3.4e+38 -3.4e+38 -3.4e+38 -3.4e+38 -3.4e+38 -3.4e+38 -3.4e+38 -3.4e+38 -3.4e+38 -3.4e+38
22.6 22.4 22.1 21.7 21.4 21 20.6 20.2 19.8 19.4 19 18.6 18.2 17.8 17.3 16.8 16.3 15.8 15.3 14.8 14.2 13.6 13 12.3 11.7 11 10.5 9.88 9.33 8.81 8.32 7.9 7.49 7.14 6.79 6.51 6.23 6 5.79 5.61 5.44 5.29 5.16 5.04 4.93 4.84 4.77 4.7 -3.4e+38 -3.4e+38 -3.4e+38 -3.4e+38 -3.4e+38 -3.4e+38 -3.4e+38 -3.4e+38 -3.4e+38 -3.4e+38 -3.4e+38 -3.4e+38 -3.4e+38 -3.4e+38 -3.4e+38 -3.4e+38 -3.4e+38 -3.4e+38 -3.4e+38 -3.4e+38 -3.4e+38 -3.4e+38 -3.4e+38 -3.4e+38
22.3 22.2 22 21.7 21.4 21 20.7 20.3 19.9 19.5 19.1 18.7 18.3 17.8 17.3 16.8 16.3 15.7 15.2 14.6 14 13.4 12.7 12 11.4 10.8 10.2 9.67 9.13 8.64 8.18 7.77 7.39 7.05 6.73 6.46 6.2 5.98 5.77 5.6 5.44 5.29 5.16 5.04 4.94 4.85 4.78 4.72 -3.4e+38 -3.4e+38 -3.4e+38 -3.4e+38 -3.4e+38 -3.4e+38 -3.4e+38 -3.4e+38 -3.4e+38 -3.4e+38 -3.4e+38 -3.4e+38 -3.4e+38 -3.4e+38 -3.4e+38 -3.4e+38 -3.4e+38 -3.4e+38 -3.4e+38 -3.4e+38 -3.4e+38 -3.4e+38 -3.4e+38 -3.4e+38
22 22 21.9 21.7 21.4 21.1 20.7 20.3 19.9 19.5 19.1 18.7 18.3 17.8 17.3 16.7 16.1 15.6 15 14.4 13.7 13.1 12.4 11.7 11.1 10.5 9.99 9.45 8.93 8.46 8.02 7.64 7.28 6.97 6.67 6.41 6.17 5.96 5.76 5.59 5.43 5.29 5.17 5.05 4.96 4.87 4.8 4.73 -3.4e+38 -3.4e+38 -3.4e+38 -3.4e+38 -3.4e+38 -3.4e+38 -3.4e+38 -3.4e+38 -3.4e+38 -3.4e+38 -3.4e+38 -3.4e+38 -3.4e+38 -3.4e+38 -3.4e+38 -3.4e+38 -3.4e+38 -3.4e+38 -3.4e+38 -3.4e+38 -3.4e+38 -3.4e+38 -3.4e+38 -3.4e+38
21.7 21.8 21.8 21.6 21.4 21 20.7 20.3 19.9 19.6 19.2 18.7 18.2 17.7 17.1 16.6 16 15.4 14.8 14.1 13.5 12.8 12.1 11.4 10.9 10.3 9.73 9.21 8.71 8.27 7.86 7.51 7.19 6.9 6.62 6.38 6.15 5.95 5.76 5.59 5.43 5.3 5.18 5.06 4.98 4.9 -3.4e+38 -3.4e+38 -3.4e+38 -3.4e+38 -3.4e+38 -3.4e+38 -3.4e+38 -3.4e+38 -3.4e+38 -3.4e+38 -3.4e+38 -3.4e+38 -3.4e+38 -3.4e+38 -3.4e+38 -3.4e+38 -3.4e+38 -3.4e+38 -3.4e+38 -3.4e+38 -3.4e+38 -3.4e+38 -3.4e+38 -3.4e+38 -3.4e+38 -3.4e+38
21.5 21.6 21.6 21.5 21.3 21 20.7 20.3 19.9 19.5 19.1 18.6 18.1 17.6 17 16.4 15.8 15.1 14.5 13.9 13.1 12.4 11.8 11.1 10.6 10 9.47 8.96 8.48 8.07 7.7 7.39 7.09 6.83 6.57 6.35 6.13 5.93 5.75 5.58 5.44 5.3 5.19 5.09 5.01 4.93 -3.4e+38 -3.4e+38 -3.4e+38 -3.4e+38 -3.4e+38 -3.4e+38 -3.4e+38 -3.4e+38 -3.4e+38 -3.4e+38 -3.4e+38 -3.4e+38 -3.4e+38 -3.4e+38 -3.4e+38 -3.4e+38 -3.4e+38 -3.4e+38 -3.4e+38 -3.4e+38 -3.4e+38 -3.4e+38 -3.4e+38 -3.4e+38 -3.4e+38 -3.4e+38
21.4 21.5 21.5 21.4 21.2 20.9 20.6 20.2 19.9 19.5 19 18.5 17.9 17.3 16.7 16.1 15.5 14.9 14.2 13.5 12.8 12 11.4 10.8 10.3 9.74 9.21 8.72 8.27 7.89 7.57 7.28 7.01 6.77 6.54 6.32 6.11 5.92 5.75 5.58 5.44 5.32 5.21 5.12 5.04 4.96 -3.4e+38 -3.4e+38 -3.4e+38 -3.4e+38 -3.4e+38 -3.4e+38 -3.4e+38 -3.4e+38 -3.4e+38 -3.4e+38 -3.4e+38 -3.4e+38 -3.4e+38 -3.4e+38 -3.4e+38 -3.4e+38 -3.4e+38 -3.4e+38 -3.4e+38 -3.4e+38 -3.4e+38 -3.4e+38 -3.4e+38 -3.4e+38 -3.4e+38 -3.4e+38
21.2 21.4 21.4 21.3 21.1 20.9 20.5 20.2 19.8 19.4 18.9 18.3 17.7 17.1 16.5 15.8 15.2 14.6 13.9 13.2 12.4 11.7 11.1 10.5 9.99 9.46 8.94 8.47 8.06 7.72 7.43 7.18 6.95 6.72 6.5 6.3 6.1 5.91 5.74 5.59 5.45 5.34 5.24 5.15 5.07 4.99 -3.4e+38 -3.4e+38 -3.4e+38 -3.4e+38 -3.4e+38 -3.4e+38 -3.4e+38 -3.4e+38 -3.4e+38 -3.4e+38 -3.4e+38 -3.4e+38 -3.4e+38 -3.4e+38 -3.4e+38 -3.4e+38 -3.4e+38 -3.4e+38 -3.4e+38 -3.4e+38 -3.4e+38 -3.4e+38 -3.4e+38 -3.4e+38 -3.4e+38 -3.4e+38
21.1 21.3 21.3 21.2 21 20.7 20.4 20 19.6 19.1 18.6 18 17.4 16.7 16.1 15.5 14.8 14.2 13.5 12.7 12 11.3 10.8 10.2 9.71 9.2 8.7 8.26 7.89 7.59 7.34 7.11 6.88 6.67 6.47 6.27 6.08 5.91 5.74 5.6 5.47 5.37 5.27 5.18 5.1 5.02 -3.4e+38 -3.4e+38 -3.4e+38 -3.4e+38 -3.4e+38 -3.4e+38 -3.4e+38 -3.4e+38 -3.4e+38 -3.4e+38 -3.4e+38 -3.4e+38 -3.4e+38 -3.4e+38 -3.4e+38 -3.4e+38 -3.4e+38 -3.4e+38 -3.4e+38 -3.4e+38 -3.4e+38 -3.4e+38 -3.4e+38 -3.4e+38 -3.4e+38 -3.4e+38
21 21.1 21.2 21.1 20.9 20.5 20.2 19.7 19.3 18.8 18.2 17.6 17 16.4 15.7 15.1 14.5 13.8 13.1 12.3 11.6 11 10.4 9.91 9.41 8.92 8.45 8.04 7.73 7.47 7.25 7.03 6.82 6.62 6.43 6.25 6.07 5.9 5.74 5.61 5.5 5.4 5.31 5.22 -3.4e+38 -3.4e+38 -3.4e+38 -3.4e+38 -3.4e+38 -3.4e+38 -3.4e+38 -3.4e+38 -3.4e+38 -3.4e+38 -3.4e+38 -3.4e+38 -3.4e+38 -3.4e+38 -3.4e+38 -3.4e+38 -3.4e+38 -3.4e+38 -3.4e+38 -3.4e+38 -3.4e+38 -3.4e+38 -3.4e+38 -3.4e+38 -3.4e+38 -3.4e+38 -3.4e+38 -3.4e+38
