maui/input/month_year_rainfall/maui_prcp_06_2001.asc
ncols        361
nrows        320
xllcorner    -156.738000000000
yllcorner    20.343000000000
cellsize     0.002250000000
NODATA_value -3.4028234663852885981e+38
[rows 128 to 159 of 320, columns 144 to 215 of 361]
0.0546 0.055 0.0554 0.0558 0.0562 0.0574 0.0586 0.0598 0.0613 0.0632 0.0656 0.0685 0.0725 0.0768 0.0828 0.0892 0.0981 0.108 0.119 0.131 0.144 0.156 0.167 0.177 0.186 0.194 0.203 0.21 0.218 0.228 0.242 0.263 0.289 0.318 0.352 0.39 0.434 0.483 0.539 0.601 0.666 0.736 0.803 0.87 0.933 0.993 1.05 1.1 1.14 1.18 1.22 1.26 1.29 1.33 1.36 1.39 1.43 1.47 1.52 1.57 1.62 1.68 1.74 1.8 1.85 1.91 1.96 2.02 2.08 2.16 2.25 2.34
0.055 0.0554 0.0558 0.0563 0.0568 0.0579 0.0589 0.06 0.0614 0.0632 0.0657 0.0685 0.0725 0.0769 0.0829 0.0894 0.0982 0.108 0.119 0.132 0.145 0.157 0.169 0.18 0.19 0.2 0.209 0.218 0.229 0.242 0.259 0.281 0.307 0.338 0.373 0.414 0.461 0.513 0.57 0.631 0.693 0.757 0.817 0.876 0.932 0.984 1.03 1.07 1.11 1.15 1.18 1.21 1.25 1.28 1.32 1.35 1.39 1.44 1.48 1.53 1.59 1.64 1.7 1.75 1.8 1.85 1.9 1.96 2.02 2.08 2.15 2.23
0.0558 0.0562 0.0566 0.0572 0.0577 0.0589 0.0599 0.061 0.0624 0.0642 0.0665 0.0693 0.0733 0.0777 0.084 0.0906 0.0994 0.109 0.121 0.133 0.146 0.159 0.172 0.183 0.195 0.205 0.216 0.228 0.241 0.257 0.276 0.3 0.327 0.358 0.395 0.438 0.488 0.542 0.6 0.66 0.719 0.778 0.832 0.884 0.932 0.976 1.01 1.05 1.08 1.11 1.14 1.17 1.2 1.24 1.28 1.31 1.36 1.4 1.45 1.5 1.55 1.61 1.66 1.7 1.75 1.79 1.84 1.88 1.94 1.99 2.05 2.11
0.0567 0.0572 0.0577 0.0583 0.0589 0.0601 0.0613 0.0625 0.0639 0.0657 0.068 0.0706 0.0746 0.0792 0.0856 0.0924 0.101 0.111 0.122 0.135 0.148 0.162 0.175 0.187 0.199 0.211 0.223 0.237 0.253 0.271 0.293 0.318 0.346 0.378 0.417 0.462 0.514 0.571 0.628 0.687 0.743 0.797 0.846 0.891 0.93 0.965 0.995 1.02 1.05 1.07 1.1 1.13 1.16 1.2 1.23 1.27 1.32 1.36 1.41 1.46 1.51 1.56 1.61 1.65 1.69 1.72 1.76 1.8 1.84 1.89 1.94 1.98
0.0581 0.0587 0.0593 0.06 0.0608 0.0621 0.0634 0.0647 0.0662 0.0681 0.0705 0.0733 0.0774 0.0821 0.0884 0.0953 0.104 0.114 0.125 0.138 0.152 0.165 0.179 0.192 0.205 0.218 0.231 0.248 0.266 0.287 0.31 0.336 0.366 0.4 0.44 0.488 0.541 0.599 0.657 0.716 0.77 0.821 0.863 0.9 0.93 0.957 0.978 0.999 1.02 1.04 1.07 1.09 1.13 1.16 1.2 1.24 1.28 1.33 1.38 1.43 1.48 1.52 1.56 1.6 1.63 1.66 1.69 1.72 1.76 1.79 1.83 1.86
0.0598 0.0604 0.0611 0.062 0.0629 0.0643 0.0657 0.0672 0.0689 0.0709 0.0735 0.0765 0.0807 0.0855 0.0919 0.0987 0.108 0.117 0.129 0.141 0.155 0.169 0.183 0.197 0.21 0.225 0.24 0.259 0.279 0.302 0.327 0.354 0.384 0.419 0.462 0.513 0.566 0.624 0.682 0.742 0.796 0.843 0.878 0.906 0.927 0.944 0.959 0.973 0.989 1.01 1.03 1.06 1.09 1.12 1.16 1.2 1.25 1.3 1.35 1.4 1.44 1.48 1.51 1.54 1.56 1.59 1.61 1.64 1.66 1.69 1.71 1.73
0.062 0.0628 0.0637 0.0648 0.0659 0.0674 0.069 0.0707 0.0726 0.0748 0.0776 0.0808 0.0852 0.0904 0.097 0.104 0.113 0.123 0.134 0.147 0.161 0.176 0.19 0.204 0.219 0.235 0.252 0.272 0.295 0.319 0.345 0.373 0.405 0.443 0.488 0.539 0.593 0.65 0.709 0.771 0.827 0.872 0.897 0.915 0.926 0.936 0.945 0.956 0.969 0.987 1.01 1.04 1.06 1.1 1.14 1.18 1.22 1.27 1.32 1.37 1.42 1.45 1.48 1.5 1.52 1.54 1.55 1.57 1.59 1.61 1.62 1.63
0.0644 0.0654 0.0665 0.0678 0.0691 0.0708 0.0725 0.0744 0.0766 0.0791 0.0821 0.0856 0.0904 0.0958 0.103 0.11 0.119 0.129 0.14 0.153 0.168 0.182 0.197 0.212 0.228 0.245 0.264 0.286 0.31 0.335 0.362 0.391 0.425 0.466 0.512 0.563 0.616 0.671 0.729 0.791 0.851 0.892 0.906 0.915 0.919 0.924 0.928 0.935 0.947 0.964 0.985 1.01 1.04 1.07 1.11 1.15 1.19 1.24 1.29 1.34 1.39 1.42 1.44 1.45 1.47 1.48 1.49 1.5 1.51 1.52 1.52 1.52
0.0673 0.0686 0.07 0.0715 0.073 0.0749 0.0769 0.0792 0.0817 0.0846 0.088 0.0919 0.097 0.103 0.11 0.118 0.128 0.138 0.15 0.163 0.177 0.192 0.208 0.224 0.241 0.259 0.279 0.302 0.328 0.354 0.382 0.413 0.449 0.492 0.538 0.588 0.638 0.691 0.746 0.803 0.855 0.892 0.908 0.917 0.918 0.92 0.923 0.929 0.939 0.955 0.976 1 1.03 1.06 1.1 1.14 1.18 1.22 1.27 1.32 1.36 1.38 1.4 1.41 1.42 1.42 1.43 1.43 1.43 1.43 1.43 1.42
0.0705 0.0721 0.0737 0.0755 0.0772 0.0794 0.0817 0.0843 0.0873 0.0906 0.0945 0.0989 0.105 0.111 0.119 0.127 0.137 0.148 0.161 0.174 0.188 0.203 0.22 0.237 0.255 0.275 0.296 0.32 0.346 0.373 0.402 0.436 0.473 0.517 0.563 0.61 0.658 0.708 0.757 0.808 0.851 0.884 0.902 0.912 0.914 0.916 0.918 0.923 0.931 0.946 0.968 0.996 1.03 1.06 1.09 1.13 1.16 1.2 1.24 1.28 1.32 1.34 1.35 1.36 1.36 1.37 1.37 1.36 1.36 1.35 1.34 1.32
0.0741 0.076 0.078 0.08 0.0821 0.0846 0.0873 0.0904 0.0938 0.0978 0.102 0.107 0.114 0.12 0.129 0.138 0.149 0.161 0.174 0.188 0.203 0.219 0.236 0.254 0.274 0.295 0.318 0.341 0.366 0.396 0.428 0.465 0.504 0.547 0.59 0.634 0.679 0.725 0.771 0.815 0.853 0.885 0.901 0.912 0.915 0.918 0.922 0.926 0.932 0.948 0.972 0.999 1.03 1.06 1.09 1.12 1.16 1.19 1.23 1.26 1.29 1.3 1.32 1.32 1.32 1.32 1.32 1.31 1.3 1.28 1.26 1.24
0.0783 0.0804 0.0827 0.085 0.0874 0.0904 0.0936 0.0972 0.101 0.106 0.111 0.117 0.124 0.132 0.141 0.151 0.163 0.176 0.19 0.205 0.221 0.238 0.256 0.275 0.296 0.319 0.344 0.367 0.392 0.424 0.458 0.496 0.536 0.576 0.617 0.658 0.7 0.743 0.785 0.825 0.859 0.889 0.904 0.915 0.92 0.925 0.93 0.936 0.945 0.961 0.983 1.01 1.03 1.06 1.09 1.12 1.15 1.18 1.21 1.24 1.26 1.28 1.28 1.29 1.29 1.28 1.27 1.26 1.24 1.22 1.2 1.17
0.0829 0.0855 0.088 0.0907 0.0935 0.097 0.101 0.105 0.11 0.115 0.121 0.128 0.136 0.145 0.155 0.166 0.179 0.193 0.209 0.225 0.243 0.261 0.281 0.302 0.325 0.35 0.376 0.401 0.428 0.46 0.495 0.532 0.57 0.608 0.646 0.685 0.724 0.764 0.803 0.841 0.872 0.899 0.913 0.924 0.932 0.938 0.945 0.954 0.966 0.983 1 1.03 1.05 1.07 1.1 1.13 1.16 1.18 1.21 1.23 1.25 1.26 1.26 1.26 1.26 1.25 1.24 1.22 1.2 1.18 1.15 1.12
0.0883 0.0911 0.094 0.0971 0.1 0.104 0.109 0.114 0.119 0.126 0.133 0.141 0.15 0.16 0.172 0.184 0.199 0.215 0.232 0.25 0.269 0.289 0.311 0.334 0.359 0.385 0.413 0.44 0.468 0.5 0.534 0.57 0.606 0.641 0.676 0.713 0.75 0.788 0.824 0.86 0.888 0.913 0.927 0.939 0.949 0.958 0.967 0.978 0.992 1.01 1.03 1.05 1.07 1.09 1.12 1.14 1.16 1.19 1.21 1.22 1.24 1.24 1.24 1.24 1.23 1.22 1.21 1.19 1.16 1.14 1.11 1.08
0.0942 0.0975 0.101 0.104 0.108 0.113 0.118 0.124 0.13 0.138 0.146 0.156 0.166 0.178 0.191 0.205 0.221 0.239 0.258 0.278 0.299 0.321 0.346 0.371 0.398 0.425 0.454 0.481 0.511 0.543 0.576 0.609 0.643 0.675 0.708 0.742 0.778 0.814 0.849 0.883 0.909 0.932 0.947 0.96 0.972 0.983 0.994 1.01 1.02 1.04 1.06 1.08 1.09 1.11 1.13 1.16 1.18 1.19 1.21 1.22 1.23 1.23 1.23 1.23 1.22 1.2 1.18 1.16 1.13 1.11 1.07 1.04
0.101 0.105 0.108 0.113 0.117 0.123 0.129 0.136 0.143 0.152 0.162 0.173 0.185 0.198 0.213 0.229 0.248 0.267 0.289 0.311 0.334 0.359 0.386 0.413 0.442 0.47 0.5 0.528 0.558 0.589 0.62 0.65 0.681 0.71 0.74 0.773 0.807 0.843 0.876 0.909 0.933 0.955 0.972 0.987 1 1.01 1.03 1.04 1.06 1.07 1.09 1.11 1.12 1.14 1.15 1.17 1.19 1.2 1.21 1.22 1.22 1.22 1.22 1.21 1.2 1.18 1.16 1.13 1.1 1.07 1.04 1.01
0.109 0.113 0.117 0.122 0.127 0.133 0.141 0.149 0.158 0.168 0.18 0.192 0.206 0.221 0.238 0.257 0.277 0.299 0.322 0.347 0.373 0.4 0.43 0.459 0.489 0.519 0.549 0.578 0.608 0.637 0.666 0.692 0.719 0.745 0.773 0.804 0.837 0.873 0.905 0.936 0.961 0.983 1 1.02 1.03 1.05 1.06 1.08 1.09 1.11 1.12 1.14 1.15 1.16 1.17 1.19 1.2 1.21 1.21 1.21 1.21 1.21 1.2 1.19 1.17 1.15 1.13 1.1 1.07 1.04 1.01 0.973
0.117 0.122 0.127 0.132 0.139 0.146 0.155 0.164 0.175 0.187 0.2 0.214 0.23 0.247 0.267 0.287 0.31 0.334 0.36 0.387 0.416 0.446 0.478 0.51 0.541 0.571 0.602 0.631 0.66 0.687 0.714 0.736 0.759 0.781 0.806 0.836 0.868 0.903 0.935 0.965 0.99 1.01 1.03 1.05 1.07 1.08 1.1 1.11 1.13 1.14 1.15 1.16 1.17 1.18 1.19 1.2 1.2 1.21 1.21 1.21 1.2 1.19 1.18 1.17 1.15 1.13 1.1 1.07 1.04 1.01 0.978 0.947
0.127 0.132 0.137 0.144 0.151 0.16 0.17 0.181 0.193 0.207 0.222 0.238 0.256 0.275 0.297 0.32 0.346 0.372 0.4 0.43 0.462 0.495 0.53 0.563 0.595 0.626 0.658 0.686 0.714 0.74 0.764 0.783 0.8 0.818 0.839 0.867 0.901 0.936 0.967 0.996 1.02 1.05 1.07 1.09 1.1 1.12 1.13 1.15 1.16 1.17 1.18 1.19 1.2 1.2 1.21 1.21 1.21 1.21 1.2 1.2 1.19 1.18 1.16 1.14 1.12 1.1 1.07 1.04 1.01 0.982 0.952 0.923
0.137 0.143 0.15 0.157 0.166 0.176 0.187 0.2 0.214 0.229 0.246 0.265 0.285 0.306 0.33 0.356 0.384 0.412 0.443 0.476 0.511 0.547 0.583 0.618 0.652 0.683 0.715 0.743 0.771 0.794 0.815 0.831 0.845 0.858 0.871 0.9 0.936 0.971 1 1.03 1.06 1.08 1.1 1.12 1.14 1.16 1.17 1.18 1.2 1.21 1.21 1.22 1.22 1.22 1.22 1.22 1.21 1.21 1.2 1.19 1.17 1.16 1.14 1.12 1.1 1.07 1.04 1.02 0.988 0.96 0.932 0.907
0.148 0.155 0.163 0.171 0.181 0.193 0.206 0.22 0.236 0.253 0.272 0.293 0.315 0.339 0.365 0.393 0.423 0.454 0.488 0.524 0.562 0.6 0.639 0.675 0.709 0.742 0.774 0.802 0.831 0.851 0.87 0.883 0.896 0.907 0.919 0.946 0.98 1.01 1.04 1.07 1.1 1.12 1.14 1.16 1.18 1.2 1.21 1.22 1.23 1.24 1.24 1.24 1.24 1.24 1.23 1.23 1.22 1.21 1.19 1.18 1.16 1.14 1.12 1.1 1.07 1.04 1.02 0.991 0.965 0.939 0.914 0.891
0.161 0.168 0.177 0.187 0.198 0.211 0.226 0.242 0.26 0.279 0.3 0.323 0.347 0.373 0.401 0.431 0.463 0.496 0.533 0.572 0.612 0.653 0.693 0.73 0.765 0.798 0.831 0.861 0.89 0.909 0.927 0.94 0.953 0.965 0.981 1 1.03 1.06 1.09 1.11 1.14 1.16 1.19 1.21 1.22 1.24 1.25 1.26 1.27 1.27 1.27 1.27 1.26 1.26 1.25 1.23 1.22 1.2 1.19 1.17 1.15 1.12 1.1 1.07 1.05 1.02 0.996 0.971 0.947 0.923 0.902 0.882
0.174 0.182 0.192 0.203 0.216 0.231 0.247 0.265 0.285 0.307 0.33 0.355 0.381 0.408 0.439 0.47 0.505 0.54 0.58 0.62 0.663 0.705 0.747 0.785 0.822 0.856 0.89 0.92 0.951 0.969 0.987 1 1.01 1.03 1.04 1.07 1.09 1.11 1.13 1.16 1.18 1.21 1.23 1.25 1.27 1.28 1.29 1.3 1.3 1.3 1.3 1.29 1.29 1.27 1.26 1.24 1.22 1.2 1.18 1.16 1.13 1.11 1.08 1.05 1.02 0.998 0.976 0.953 0.931 0.91 0.891 0.876
0.187 0.197 0.207 0.22 0.235 0.251 0.27 0.29 0.312 0.335 0.36 0.387 0.415 0.444 0.476 0.509 0.546 0.584 0.626 0.668 0.712 0.756 0.798 0.838 0.876 0.912 0.947 0.977 1.01 1.03 1.05 1.06 1.08 1.09 1.11 1.13 1.15 1.16 1.19 1.21 1.24 1.26 1.28 1.3 1.31 1.33 1.33 1.34 1.34 1.34 1.33 1.32 1.31 1.29 1.27 1.25 1.23 1.2 1.17 1.15 1.12 1.09 1.06 1.03 1.01 0.981 0.961 0.94 0.921 0.902 0.887 0.875
0.202 0.212 0.223 0.238 0.254 0.273 0.293 0.315 0.339 0.365 0.392 0.421 0.451 0.481 0.515 0.55 0.589 0.629 0.672 0.715 0.76 0.804 0.847 0.888 0.927 0.964 1 1.03 1.06 1.09 1.11 1.13 1.14 1.16 1.17 1.19 1.2 1.22 1.24 1.26 1.29 1.31 1.33 1.35 1.36 1.37 1.38 1.38 1.38 1.37 1.36 1.35 1.33 1.31 1.29 1.26 1.23 1.2 1.17 1.14 1.11 1.08 1.05 1.02 0.993 0.969 0.95 0.931 0.914 0.899 0.887 0.878
0.216 0.228 0.241 0.257 0.274 0.295 0.317 0.341 0.367 0.395 0.425 0.455 0.487 0.519 0.555 0.591 0.633 0.674 0.717 0.76 0.805 0.849 0.892 0.933 0.974 1.01 1.05 1.08 1.12 1.14 1.17 1.19 1.21 1.22 1.24 1.25 1.27 1.28 1.3 1.32 1.34 1.37 1.38 1.4 1.41 1.42 1.43 1.42 1.42 1.41 1.4 1.38 1.36 1.33 1.3 1.27 1.24 1.2 1.17 1.13 1.1 1.07 1.04 1.01 0.984 0.961 0.944 0.927 0.913 0.9 0.891 0.885
0.232 0.244 0.258 0.275 0.295 0.317 0.341 0.367 0.395 0.426 0.457 0.49 0.524 0.558 0.596 0.634 0.677 0.719 0.761 0.803 0.847 0.89 0.934 0.976 1.02 1.06 1.1 1.13 1.17 1.2 1.22 1.25 1.27 1.28 1.3 1.31 1.33 1.34 1.36 1.38 1.4 1.42 1.44 1.46 1.47 1.47 1.47 1.47 1.46 1.45 1.43 1.41 1.38 1.35 1.32 1.28 1.24 1.21 1.17 1.13 1.09 1.06 1.03 1 0.98 0.958 0.944 0.929 0.919 0.91 0.904 0.9
0.247 0.261 0.276 0.295 0.315 0.339 0.365 0.393 0.424 0.456 0.49 0.525 0.561 0.597 0.638 0.679 0.722 0.763 0.804 0.846 0.887 0.93 0.973 1.02 1.06 1.1 1.14 1.18 1.21 1.25 1.28 1.31 1.33 1.35 1.36 1.38 1.39 1.41 1.43 1.44 1.46 1.48 1.5 1.51 1.52 1.52 1.52 1.52 1.51 1.49 1.47 1.44 1.41 1.37 1.34 1.3 1.26 1.22 1.17 1.13 1.09 1.06 1.03 1 0.981 0.961 0.948 0.936 0.93 0.925 0.922 0.92
0.264 0.278 0.295 0.314 0.336 0.361 0.389 0.419 0.452 0.486 0.523 0.56 0.599 0.639 0.683 0.725 0.767 0.807 0.846 0.885 0.924 0.964 1.01 1.05 1.1 1.14 1.18 1.22 1.26 1.3 1.33 1.36 1.39 1.41 1.42 1.44 1.46 1.47 1.49 1.51 1.53 1.54 1.56 1.57 1.57 1.57 1.57 1.56 1.55 1.53 1.5 1.47 1.44 1.4 1.36 1.32 1.27 1.23 1.19 1.14 1.1 1.07 1.04 1.01 0.993 0.973 0.963 0.953 0.951 0.95 0.95 0.95
0.28 0.296 0.313 0.335 0.358 0.385 0.414 0.446 0.481 0.518 0.556 0.597 0.64 0.683 0.73 0.773 0.815 0.853 0.889 0.924 0.96 0.997 1.04 1.08 1.13 1.17 1.22 1.26 1.31 1.35 1.39 1.42 1.45 1.47 1.49 1.5 1.52 1.54 1.56 1.58 1.59 1.61 1.62 1.63 1.63 1.62 1.62 1.6 1.58 1.56 1.54 1.5 1.47 1.42 1.38 1.34 1.29 1.25 1.2 1.16 1.12 1.08 1.05 1.03 1.01 0.99 0.981 0.974 0.973 0.974 0.978 0.982
0.296 0.313 0.332 0.355 0.38 0.408 0.439 0.473 0.509 0.548 0.589 0.634 0.683 0.732 0.781 0.824 0.864 0.899 0.932 0.962 0.994 1.03 1.06 1.11 1.15 1.2 1.25 1.3 1.35 1.4 1.44 1.48 1.51 1.53 1.55 1.57 1.59 1.61 1.62 1.64 1.65 1.66 1.67 1.68 1.67 1.67 1.66 1.64 1.62 1.59 1.57 1.53 1.49 1.45 1.41 1.36 1.32 1.27 1.23 1.18 1.15 1.11 1.08 1.06 1.04 1.02 1.02 1.01 1.01 1.01 1.02 1.03
0.313 0.331 0.352 0.376 0.402 0.432 0.465 0.5 0.538 0.579 0.623 0.673 0.73 0.786 0.838 0.88 0.917 0.948 0.976 1 1.03 1.06 1.09 1.13 1.18 1.23 1.29 1.34 1.4 1.45 1.5 1.53 1.57 1.59 1.62 1.64 1.66 1.68 1.69 1.7 1.71 1.72 1.72 1.72 1.72 1.71 1.69 1.67 1.65 1.63 1.6 1.56 1.52 1.48 1.43 1.39 1.34 1.3 1.25 1.21 1.17 1.14 1.11 1.09 1.07 1.06 1.05 1.05 1.05 1.05 1.06 1.07
