maui/input/month_year_rainfall/maui_prcp_10_2001.asc
ncols        361
nrows        320
xllcorner    -156.738000000000
yllcorner    20.343000000000
cellsize     0.002250000000
NODATA_value -3.4028234663852885981e+38
[rows 32 to 63 of 320, columns 0 to 71 of 361]
-3.4e+38 -3.4e+38 -3.4e+38 -3.4e+38 -3.4e+38 -3.4e+38 -3.4e+38 -3.4e+38 -3.4e+38 -3.4e+38 -3.4e+38 -3.4e+38 -3.4e+38 -3.4e+38 -3.4e+38 -3.4e+38 -3.4e+38 -3.4e+38 -3.4e+38 -3.4e+38 -3.4e+38 -3.4e+38 -3.4e+38 -3.4e+38 -3.4e+38 -3.4e+38 -3.4e+38 -3.4e+38 -3.4e+38 2.42 2.54 2.66 2.8 2.95 3.13 3.31 3.52 3.72 3.95 4.21 4.5 4.79 5.08 5.36 5.61 5.83 6.03 6.19 6.33 6.44 6.54 6.61 6.68 6.73 6.77 6.8 6.82 6.83 6.83 6.82 6.81 6.81 6.79 6.77 6.73 6.68 6.62 6.54 6.44 6.32 6.19 6.03
-3.4e+38 -3.4e+38 -3.4e+38 -3.4e+38 -3.4e+38 -3.4e+38 -3.4e+38 -3.4e+38 -3.4e+38 -3.4e+38 -3.4e+38 -3.4e+38 -3.4e+38 -3.4e+38 -3.4e+38 -3.4e+38 -3.4e+38 -3.4e+38 -3.4e+38 -3.4e+38 -3.4e+38 -3.4e+38 -3.4e+38 -3.4e+38 -3.4e+38 -3.4e+38 -3.4e+38 -3.4e+38 2.29 2.41 2.53 2.66 2.81 2.98 3.17 3.37 3.59 3.83 4.08 4.36 4.65 4.95 5.25 5.53 5.79 6.02 6.24 6.41 6.57 6.69 6.79 6.87 6.94 7 7.05 7.08 7.11 7.13 7.13 7.13 7.13 7.13 7.12 7.1 7.07 7.02 6.96 6.87 6.76 6.64 6.5 6.34
-3.4e+38 -3.4e+38 -3.4e+38 -3.4e+38 -3.4e+38 -3.4e+38 -3.4e+38 -3.4e+38 -3.4e+38 -3.4e+38 -3.4e+38 -3.4e+38 -3.4e+38 -3.4e+38 -3.4e+38 -3.4e+38 -3.4e+38 -3.4e+38 -3.4e+38 -3.4e+38 -3.4e+38 -3.4e+38 -3.4e+38 -3.4e+38 -3.4e+38 -3.4e+38 -3.4e+38 2.16 2.27 2.39 2.51 2.65 2.82 2.99 3.2 3.42 3.66 3.91 4.19 4.48 4.78 5.09 5.39 5.68 5.95 6.19 6.42 6.6 6.78 6.91 7.03 7.12 7.19 7.26 7.31 7.35 7.38 7.4 7.42 7.43 7.44 7.45 7.44 7.43 7.41 7.36 7.3 7.21 7.1 6.97 6.83 6.66
-3.4e+38 -3.4e+38 -3.4e+38 -3.4e+38 -3.4e+38 -3.4e+38 -3.4e+38 -3.4e+38 -3.4e+38 -3.4e+38 -3.4e+38 -3.4e+38 -3.4e+38 -3.4e+38 -3.4e+38 -3.4e+38 -3.4e+38 -3.4e+38 -3.4e+38 -3.4e+38 -3.4e+38 -3.4e+38 -3.4e+38 -3.4e+38 -3.4e+38 -3.4e+38 -3.4e+38 2.13 2.25 2.36 2.5 2.64 2.82 3 3.23 3.46 3.72 3.99 4.29 4.59 4.91 5.22 5.53 5.82 6.1 6.35 6.59 6.79 6.97 7.12 7.25 7.35 7.43 7.5 7.56 7.6 7.64 7.68 7.7 7.73 7.75 7.77 7.78 7.77 7.75 7.72 7.66 7.57 7.46 7.32 7.17 6.99
-3.4e+38 -3.4e+38 -3.4e+38 -3.4e+38 -3.4e+38 -3.4e+38 -3.4e+38 -3.4e+38 -3.4e+38 -3.4e+38 -3.4e+38 -3.4e+38 -3.4e+38 -3.4e+38 -3.4e+38 -3.4e+38 -3.4e+38 -3.4e+38 -3.4e+38 -3.4e+38 -3.4e+38 -3.4e+38 -3.4e+38 -3.4e+38 -3.4e+38 -3.4e+38 -3.4e+38 2.09 2.21 2.33 2.47 2.62 2.8 3 3.23 3.48 3.75 4.04 4.35 4.67 5 5.33 5.65 5.94 6.22 6.48 6.73 6.94 7.14 7.3 7.44 7.54 7.64 7.71 7.78 7.83 7.89 7.94 7.98 8.02 8.06 8.09 8.11 8.12 8.11 8.08 8.02 7.94 7.83 7.69 7.53 7.34
-3.4e+38 -3.4e+38 -3.4e+38 -3.4e+38 -3.4e+38 -3.4e+38 -3.4e+38 -3.4e+38 -3.4e+38 -3.4e+38 -3.4e+38 -3.4e+38 -3.4e+38 -3.4e+38 -3.4e+38 -3.4e+38 -3.4e+38 -3.4e+38 -3.4e+38 -3.4e+38 -3.4e+38 -3.4e+38 -3.4e+38 -3.4e+38 -3.4e+38 -3.4e+38 1.94 2.06 2.17 2.29 2.44 2.59 2.78 2.99 3.23 3.49 3.78 4.08 4.41 4.74 5.09 5.42 5.74 6.04 6.33 6.6 6.86 7.08 7.29 7.46 7.61 7.72 7.82 7.91 7.98 8.05 8.12 8.18 8.25 8.31 8.37 8.42 8.46 8.48 8.48 8.46 8.41 8.33 8.22 8.07 7.91 7.7
-3.4e+38 -3.4e+38 -3.4e+38 -3.4e+38 -3.4e+38 -3.4e+38 -3.4e+38 -3.4e+38 -3.4e+38 -3.4e+38 -3.4e+38 -3.4e+38 -3.4e+38 -3.4e+38 -3.4e+38 -3.4e+38 -3.4e+38 -3.4e+38 -3.4e+38 -3.4e+38 -3.4e+38 -3.4e+38 -3.4e+38 -3.4e+38 -3.4e+38 1.79 1.9 2.01 2.13 2.25 2.39 2.56 2.75 2.96 3.21 3.48 3.77 4.08 4.43 4.78 5.14 5.48 5.81 6.12 6.41 6.68 6.95 7.18 7.4 7.57 7.73 7.86 7.97 8.07 8.15 8.24 8.33 8.42 8.5 8.59 8.67 8.75 8.81 8.86 8.87 8.86 8.82 8.73 8.62 8.47 8.3 8.1
-3.4e+38 -3.4e+38 -3.4e+38 -3.4e+38 -3.4e+38 -3.4e+38 -3.4e+38 -3.4e+38 -3.4e+38 -3.4e+38 -3.4e+38 -3.4e+38 -3.4e+38 -3.4e+38 -3.4e+38 -3.4e+38 -3.4e+38 -3.4e+38 -3.4e+38 -3.4e+38 -3.4e+38 -3.4e+38 -3.4e+38 -3.4e+38 -3.4e+38 1.74 1.85 1.97 2.08 2.2 2.35 2.51 2.71 2.92 3.18 3.45 3.75 4.07 4.43 4.8 5.18 5.52 5.85 6.16 6.46 6.74 7.02 7.25 7.48 7.66 7.83 7.96 8.09 8.2 8.3 8.41 8.52 8.63 8.75 8.86 8.98 9.09 9.17 9.24 9.28 9.28 9.25 9.16 9.04 8.88 8.71 8.5
-3.4e+38 -3.4e+38 -3.4e+38 -3.4e+38 -3.4e+38 -3.4e+38 -3.4e+38 -3.4e+38 -3.4e+38 -3.4e+38 -3.4e+38 -3.4e+38 -3.4e+38 -3.4e+38 -3.4e+38 -3.4e+38 -3.4e+38 -3.4e+38 -3.4e+38 -3.4e+38 -3.4e+38 -3.4e+38 -3.4e+38 -3.4e+38 -3.4e+38 1.69 1.79 1.91 2.02 2.14 2.29 2.45 2.65 2.86 3.12 3.4 3.7 4.03 4.39 4.78 5.17 5.52 5.86 6.18 6.49 6.77 7.05 7.29 7.53 7.72 7.89 8.04 8.17 8.3 8.42 8.55 8.69 8.84 8.98 9.13 9.27 9.41 9.53 9.63 9.7 9.73 9.7 9.61 9.48 9.31 9.12 8.9
-3.4e+38 -3.4e+38 -3.4e+38 -3.4e+38 -3.4e+38 -3.4e+38 -3.4e+38 -3.4e+38 -3.4e+38 -3.4e+38 -3.4e+38 -3.4e+38 -3.4e+38 -3.4e+38 -3.4e+38 -3.4e+38 -3.4e+38 -3.4e+38 -3.4e+38 -3.4e+38 -3.4e+38 -3.4e+38 -3.4e+38 -3.4e+38 1.55 1.63 1.73 1.84 1.95 2.08 2.22 2.39 2.59 2.8 3.06 3.33 3.64 3.97 4.32 4.7 5.09 5.47 5.82 6.16 6.48 6.77 7.06 7.3 7.54 7.74 7.93 8.09 8.24 8.38 8.53 8.69 8.85 9.02 9.2 9.38 9.55 9.73 9.88 10 10.1 10.2 10.2 10.1 9.93 9.75 9.55 9.32
-3.4e+38 -3.4e+38 -3.4e+38 -3.4e+38 -3.4e+38 -3.4e+38 -3.4e+38 -3.4e+38 -3.4e+38 -3.4e+38 -3.4e+38 -3.4e+38 -3.4e+38 -3.4e+38 -3.4e+38 -3.4e+38 -3.4e+38 -3.4e+38 -3.4e+38 -3.4e+38 -3.4e+38 -3.4e+38 -3.4e+38 1.42 1.49 1.57 1.66 1.77 1.88 2.01 2.15 2.32 2.51 2.72 2.98 3.26 3.57 3.89 4.23 4.61 5 5.39 5.76 6.11 6.44 6.74 7.03 7.29 7.54 7.75 7.95 8.12 8.29 8.45 8.62 8.8 8.99 9.19 9.4 9.61 9.82 10 10.2 10.4 10.6 10.7 10.7 10.6 10.4 10.2 9.97 9.73
-3.4e+38 -3.4e+38 -3.4e+38 -3.4e+38 -3.4e+38 -3.4e+38 -3.4e+38 -3.4e+38 -3.4e+38 -3.4e+38 -3.4e+38 -3.4e+38 -3.4e+38 -3.4e+38 -3.4e+38 -3.4e+38 -3.4e+38 -3.4e+38 -3.4e+38 -3.4e+38 -3.4e+38 -3.4e+38 -3.4e+38 1.36 1.43 1.51 1.6 1.7 1.81 1.94 2.08 2.25 2.44 2.65 2.91 3.18 3.49 3.81 4.16 4.52 4.91 5.3 5.68 6.03 6.37 6.68 6.98 7.24 7.5 7.72 7.94 8.14 8.33 8.51 8.7 8.91 9.12 9.35 9.58 9.82 10.1 10.3 10.5 10.8 11 11.2 11.2 11 10.8 10.6 10.4 10.2
-3.4e+38 -3.4e+38 -3.4e+38 -3.4e+38 -3.4e+38 -3.4e+38 -3.4e+38 -3.4e+38 -3.4e+38 -3.4e+38 -3.4e+38 -3.4e+38 -3.4e+38 -3.4e+38 -3.4e+38 -3.4e+38 -3.4e+38 -3.4e+38 -3.4e+38 -3.4e+38 -3.4e+38 -3.4e+38 -3.4e+38 1.31 1.37 1.45 1.53 1.63 1.74 1.86 2.01 2.17 2.36 2.57 2.83 3.1 3.41 3.73 4.08 4.44 4.82 5.21 5.59 5.94 6.29 6.6 6.91 7.18 7.44 7.68 7.92 8.13 8.34 8.55 8.77 8.99 9.23 9.48 9.75 10 10.3 10.6 10.8 11.1 11.3 11.5 11.5 11.4 11.2 11 10.8 10.6
-3.4e+38 -3.4e+38 -3.4e+38 -3.4e+38 -3.4e+38 -3.4e+38 -3.4e+38 -3.4e+38 -3.4e+38 -3.4e+38 -3.4e+38 -3.4e+38 -3.4e+38 -3.4e+38 -3.4e+38 -3.4e+38 -3.4e+38 -3.4e+38 -3.4e+38 -3.4e+38 -3.4e+38 -3.4e+38 -3.4e+38 1.25 1.31 1.39 1.47 1.56 1.67 1.79 1.93 2.09 2.29 2.49 2.75 3.02 3.33 3.65 4 4.36 4.73 5.11 5.49 5.84 6.19 6.51 6.82 7.1 7.37 7.63 7.88 8.11 8.35 8.58 8.82 9.07 9.33 9.61 9.9 10.2 10.5 10.8 11.1 11.3 11.5 11.7 11.8 11.7 11.6 11.4 11.2 11
-3.4e+38 -3.4e+38 -3.4e+38 -3.4e+38 -3.4e+38 -3.4e+38 -3.4e+38 -3.4e+38 -3.4e+38 -3.4e+38 -3.4e+38 -3.4e+38 -3.4e+38 -3.4e+38 -3.4e+38 -3.4e+38 -3.4e+38 -3.4e+38 -3.4e+38 -3.4e+38 -3.4e+38 -3.4e+38 1.14 1.2 1.25 1.32 1.4 1.49 1.6 1.72 1.86 2.02 2.21 2.41 2.67 2.94 3.26 3.57 3.91 4.26 4.62 5 5.37 5.73 6.09 6.41 6.72 7.01 7.29 7.56 7.83 8.08 8.34 8.59 8.85 9.13 9.42 9.72 10 10.4 10.7 11 11.3 11.6 11.8 11.9 12 12 11.9 11.8 11.6 11.4
-3.4e+38 -3.4e+38 -3.4e+38 -3.4e+38 -3.4e+38 -3.4e+38 -3.4e+38 -3.4e+38 -3.4e+38 -3.4e+38 -3.4e+38 -3.4e+38 -3.4e+38 -3.4e+38 -3.4e+38 -3.4e+38 -3.4e+38 -3.4e+38 -3.4e+38 -3.4e+38 -3.4e+38 -3.4e+38 1.09 1.14 1.2 1.26 1.34 1.43 1.53 1.65 1.79 1.94 2.13 2.34 2.59 2.86 3.18 3.48 3.81 4.15 4.51 4.88 5.26 5.62 5.97 6.3 6.62 6.91 7.2 7.48 7.76 8.03 8.31 8.59 8.88 9.19 9.51 9.84 10.2 10.6 10.9 11.3 11.6 11.9 12.1 12.2 12.3 12.3 12.3 12.2 12.1 11.9
-3.4e+38 -3.4e+38 -3.4e+38 -3.4e+38 -3.4e+38 -3.4e+38 -3.4e+38 -3.4e+38 -3.4e+38 -3.4e+38 -3.4e+38 -3.4e+38 -3.4e+38 -3.4e+38 -3.4e+38 -3.4e+38 -3.4e+38 -3.4e+38 -3.4e+38 -3.4e+38 -3.4e+38 0.991 1.03 1.08 1.14 1.2 1.28 1.36 1.46 1.58 1.72 1.87 2.05 2.25 2.5 2.76 3.07 3.36 3.69 4.03 4.39 4.76 5.13 5.49 5.85 6.18 6.51 6.8 7.1 7.38 7.68 7.97 8.26 8.58 8.9 9.23 9.58 9.95 10.3 10.7 11.1 11.5 11.8 12.1 12.4 12.5 12.6 12.7 12.7 12.6 12.5 12.3
-3.4e+38 -3.4e+38 -3.4e+38 -3.4e+38 -3.4e+38 -3.4e+38 -3.4e+38 -3.4e+38 -3.4e+38 -3.4e+38 -3.4e+38 -3.4e+38 -3.4e+38 -3.4e+38 -3.4e+38 -3.4e+38 -3.4e+38 -3.4e+38 -3.4e+38 -3.4e+38 0.908 0.943 0.979 1.03 1.08 1.14 1.22 1.3 1.4 1.51 1.64 1.79 1.97 2.17 2.4 2.65 2.94 3.24 3.57 3.91 4.26 4.63 5 5.36 5.71 6.05 6.39 6.68 6.99 7.28 7.58 7.89 8.21 8.55 8.9 9.27 9.65 10 10.5 10.9 11.3 11.7 12.1 12.4 12.7 12.9 13 13.1 13.1 13 12.9 12.8
-3.4e+38 -3.4e+38 -3.4e+38 -3.4e+38 -3.4e+38 -3.4e+38 -3.4e+38 -3.4e+38 -3.4e+38 -3.4e+38 -3.4e+38 -3.4e+38 -3.4e+38 -3.4e+38 -3.4e+38 -3.4e+38 -3.4e+38 -3.4e+38 -3.4e+38 -3.4e+38 0.865 0.896 0.927 0.971 1.02 1.08 1.16 1.24 1.33 1.44 1.57 1.72 1.89 2.08 2.3 2.54 2.82 3.11 3.44 3.78 4.13 4.49 4.86 5.22 5.58 5.92 6.26 6.56 6.88 7.17 7.48 7.8 8.15 8.52 8.91 9.3 9.72 10.1 10.6 11.1 11.5 12 12.4 12.7 13 13.2 13.4 13.5 13.5 13.5 13.4 13.2
-3.4e+38 -3.4e+38 -3.4e+38 -3.4e+38 -3.4e+38 -3.4e+38 -3.4e+38 -3.4e+38 -3.4e+38 -3.4e+38 -3.4e+38 -3.4e+38 -3.4e+38 -3.4e+38 -3.4e+38 -3.4e+38 -3.4e+38 -3.4e+38 -3.4e+38 0.802 0.826 0.851 0.878 0.916 0.965 1.03 1.1 1.18 1.27 1.38 1.5 1.64 1.81 1.99 2.2 2.43 2.7 2.99 3.31 3.65 4.01 4.37 4.74 5.1 5.46 5.79 6.13 6.44 6.76 7.06 7.38 7.72 8.09 8.49 8.92 9.36 9.81 10.3 10.8 11.3 11.8 12.2 12.6 13 13.3 13.6 13.8 13.9 14 14 13.9 13.8
-3.4e+38 -3.4e+38 -3.4e+38 -3.4e+38 -3.4e+38 -3.4e+38 -3.4e+38 -3.4e+38 -3.4e+38 -3.4e+38 -3.4e+38 -3.4e+38 -3.4e+38 -3.4e+38 -3.4e+38 -3.4e+38 -3.4e+38 -3.4e+38 -3.4e+38 0.768 0.789 0.811 0.833 0.866 0.915 0.975 1.04 1.12 1.21 1.31 1.43 1.57 1.73 1.9 2.11 2.33 2.59 2.87 3.19 3.52 3.89 4.25 4.61 4.97 5.33 5.67 6.01 6.32 6.65 6.95 7.28 7.64 8.04 8.47 8.93 9.4 9.89 10.4 10.9 11.5 12 12.5 12.9 13.4 13.7 14 14.2 14.4 14.4 14.5 14.4 14.3
-3.4e+38 -3.4e+38 -3.4e+38 -3.4e+38 -3.4e+38 -3.4e+38 -3.4e+38 -3.4e+38 -3.4e+38 -3.4e+38 -3.4e+38 -3.4e+38 -3.4e+38 -3.4e+38 -3.4e+38 -3.4e+38 -3.4e+38 -3.4e+38 -3.4e+38 0.737 0.756 0.776 0.797 0.83 0.871 0.926 0.988 1.06 1.15 1.25 1.36 1.49 1.65 1.81 2.02 2.23 2.49 2.76 3.08 3.41 3.77 4.13 4.5 4.85 5.21 5.55 5.89 6.2 6.53 6.84 7.19 7.57 7.99 8.45 8.94 9.45 9.99 10.5 11.1 11.7 12.2 12.8 13.3 13.7 14.1 14.4 14.7 14.8 15 15 15 14.9
-3.4e+38 -3.4e+38 -3.4e+38 -3.4e+38 -3.4e+38 -3.4e+38 -3.4e+38 -3.4e+38 -3.4e+38 -3.4e+38 -3.4e+38 -3.4e+38 -3.4e+38 -3.4e+38 -3.4e+38 -3.4e+38 -3.4e+38 -3.4e+38 -3.4e+38 0.708 0.725 0.745 0.764 0.795 0.831 0.88 0.937 1.01 1.09 1.19 1.3 1.42 1.57 1.73 1.93 2.14 2.39 2.66 2.97 3.3 3.65 4.01 4.38 4.73 5.09 5.42 5.77 6.08 6.41 6.74 7.1 7.51 7.96 8.44 8.96 9.51 10.1 10.7 11.3 11.9 12.5 13.1 13.6 14.1 14.5 14.8 15.1 15.3 15.5 15.5 15.5 15.5
-3.4e+38 -3.4e+38 -3.4e+38 -3.4e+38 -3.4e+38 -3.4e+38 -3.4e+38 -3.4e+38 -3.4e+38 -3.4e+38 -3.4e+38 -3.4e+38 -3.4e+38 -3.4e+38 -3.4e+38 -3.4e+38 -3.4e+38 -3.4e+38 -3.4e+38 0.68 0.697 0.714 0.732 0.759 0.79 0.833 0.885 0.951 1.03 1.12 1.23 1.35 1.49 1.65 1.84 2.05 2.3 2.57 2.87 3.19 3.53 3.89 4.26 4.61 4.96 5.29 5.64 5.95 6.28 6.63 7.02 7.46 7.93 8.45 9 9.57 10.2 10.8 11.5 12.2 12.8 13.4 14 14.5 14.9 15.3 15.6 15.9 16 16.1 16.1 16.1
-3.4e+38 -3.4e+38 -3.4e+38 -3.4e+38 -3.4e+38 -3.4e+38 -3.4e+38 -3.4e+38 -3.4e+38 -3.4e+38 -3.4e+38 -3.4e+38 -3.4e+38 -3.4e+38 -3.4e+38 -3.4e+38 -3.4e+38 -3.4e+38 -3.4e+38 0.655 0.669 0.685 0.7 0.723 0.749 0.786 0.832 0.893 0.967 1.06 1.16 1.27 1.41 1.56 1.76 1.96 2.21 2.47 2.76 3.08 3.41 3.76 4.13 4.48 4.83 5.16 5.5 5.81 6.15 6.52 6.92 7.39 7.89 8.45 9.05 9.65 10.3 11 11.7 12.4 13.1 13.7 14.3 14.9 15.4 15.8 16.2 16.4 16.6 16.7 16.8 16.7
-3.4e+38 -3.4e+38 -3.4e+38 -3.4e+38 -3.4e+38 -3.4e+38 -3.4e+38 -3.4e+38 -3.4e+38 -3.4e+38 -3.4e+38 -3.4e+38 -3.4e+38 -3.4e+38 -3.4e+38 -3.4e+38 -3.4e+38 -3.4e+38 -3.4e+38 0.63 0.643 0.656 0.668 0.686 0.707 0.738 0.777 0.832 0.902 0.984 1.08 1.19 1.33 1.48 1.67 1.87 2.11 2.37 2.66 2.96 3.29 3.64 3.99 4.33 4.68 5.01 5.35 5.67 6.01 6.4 6.82 7.29 7.83 8.43 9.08 9.71 10.4 11.1 11.9 12.6 13.4 14.1 14.7 15.3 15.8 16.3 16.7 17 17.2 17.4 17.4 17.4
-3.4e+38 -3.4e+38 -3.4e+38 -3.4e+38 -3.4e+38 -3.4e+38 -3.4e+38 -3.4e+38 -3.4e+38 -3.4e+38 -3.4e+38 -3.4e+38 -3.4e+38 -3.4e+38 -3.4e+38 -3.4e+38 -3.4e+38 -3.4e+38 -3.4e+38 0.606 0.617 0.628 0.636 0.65 0.666 0.69 0.722 0.771 0.836 0.915 1.01 1.12 1.25 1.4 1.58 1.78 2.01 2.26 2.54 2.84 3.16 3.5 3.84 4.18 4.52 4.85 5.18 5.51 5.86 6.26 6.69 7.17 7.74 8.38 9.07 9.78 10.5 11.3 12.1 12.9 13.7 14.4 15.1 15.7 16.3 16.8 17.2 17.6 17.9 18 18.1 18.1
-3.4e+38 -3.4e+38 -3.4e+38 -3.4e+38 -3.4e+38 -3.4e+38 -3.4e+38 -3.4e+38 -3.4e+38 -3.4e+38 -3.4e+38 -3.4e+38 -3.4e+38 -3.4e+38 -3.4e+38 -3.4e+38 -3.4e+38 -3.4e+38 0.568 0.584 0.592 0.598 0.604 0.615 0.627 0.645 0.668 0.711 0.774 0.849 0.941 1.05 1.17 1.31 1.49 1.68 1.91 2.15 2.42 2.72 3.03 3.35 3.69 4.02 4.36 4.68 5.01 5.34 5.7 6.11 6.56 7.05 7.65 8.32 9.04 9.81 10.6 11.5 12.3 13.2 14 14.8 15.5 16.1 16.7 17.3 17.8 18.1 18.5 18.7 18.8 18.8
-3.4e+38 -3.4e+38 -3.4e+38 -3.4e+38 -3.4e+38 -3.4e+38 -3.4e+38 -3.4e+38 -3.4e+38 -3.4e+38 -3.4e+38 -3.4e+38 -3.4e+38 -3.4e+38 -3.4e+38 -3.4e+38 -3.4e+38 0.526 0.543 0.56 0.564 0.567 0.571 0.581 0.59 0.606 0.625 0.663 0.719 0.787 0.873 0.972 1.09 1.23 1.4 1.58 1.79 2.03 2.29 2.58 2.88 3.2 3.53 3.85 4.18 4.5 4.83 5.16 5.53 5.96 6.43 6.97 7.58 8.27 9.02 9.82 10.7 11.6 12.5 13.4 14.2 15.1 15.8 16.5 17.2 17.8 18.3 18.7 19.1 19.3 19.5 19.5
-3.4e+38 -3.4e+38 -3.4e+38 -3.4e+38 -3.4e+38 -3.4e+38 -3.4e+38 -3.4e+38 -3.4e+38 -3.4e+38 -3.4e+38 -3.4e+38 -3.4e+38 -3.4e+38 -3.4e+38 -3.4e+38 -3.4e+38 -3.4e+38 0.513 0.525 0.529 0.533 0.536 0.546 0.556 0.57 0.588 0.621 0.668 0.729 0.808 0.899 1.02 1.14 1.3 1.47 1.68 1.9 2.15 2.43 2.73 3.04 3.36 3.67 3.99 4.31 4.64 4.98 5.36 5.8 6.3 6.87 7.5 8.21 8.99 9.82 10.7 11.7 12.6 13.6 14.5 15.3 16.1 16.9 17.6 18.2 18.8 19.3 19.7 19.9 20.1 20.2
-3.4e+38 -3.4e+38 -3.4e+38 -3.4e+38 -3.4e+38 -3.4e+38 -3.4e+38 -3.4e+38 -3.4e+38 -3.4e+38 -3.4e+38 -3.4e+38 -3.4e+38 -3.4e+38 -3.4e+38 -3.4e+38 -3.4e+38 -3.4e+38 0.48 0.488 0.492 0.496 0.499 0.509 0.521 0.534 0.549 0.577 0.618 0.671 0.743 0.826 0.933 1.05 1.2 1.36 1.56 1.77 2 2.27 2.57 2.87 3.18 3.49 3.8 4.11 4.43 4.77 5.15 5.63 6.16 6.75 7.41 8.14 8.95 9.83 10.8 11.8 12.7 13.7 14.7 15.6 16.4 17.2 17.9 18.6 19.2 19.8 20.2 20.6 20.8 20.8
-3.4e+38 -3.4e+38 -3.4e+38 -3.4e+38 -3.4e+38 -3.4e+38 -3.4e+38 -3.4e+38 -3.4e+38 -3.4e+38 -3.4e+38 -3.4e+38 -3.4e+38 -3.4e+38 -3.4e+38 -3.4e+38 -3.4e+38 0.439 0.447 0.452 0.455 0.457 0.459 0.468 0.478 0.491 0.505 0.531 0.567 0.614 0.679 0.755 0.853 0.96 1.1 1.25 1.44 1.64 1.87 2.12 2.41 2.7 3 3.3 3.61 3.91 4.23 4.57 4.96 5.45 6 6.62 7.3 8.05 8.9 9.82 10.8 11.8 12.8 13.9 14.8 15.8 16.6 17.5 18.2 19 19.6 20.2 20.8 21.1 21.3 21.4
