maui/input/month_year_rainfall/maui_prcp_09_2002.asc
ncols        361
nrows        320
xllcorner    -156.738000000000
yllcorner    20.343000000000
cellsize     0.002250000000
NODATA_value -3.4028234663852885981e+38
[rows 62 to 92 of 320, columns 140 to 209 of 361]
-3.4e+38 -3.4e+38 -3.4e+38 -3.4e+38 -3.4e+38 -3.4e+38 -3.4e+38 -3.4e+38 -3.4e+38 -3.4e+38 -3.4e+38 -3.4e+38 -3.4e+38 -3.4e+38 -3.4e+38 -3.4e+38 -3.4e+38 -3.4e+38 -3.4e+38 0.508 0.551 0.597 0.647 0.701 0.758 0.821 0.889 0.963 1.04 1.12 1.19 1.28 1.36 1.45 1.54 1.63 1.71 1.79 1.86 1.93 1.99 2.06 2.12 2.18 2.25 2.31 2.38 2.44 2.51 2.57 2.64 2.7 2.76 2.82 2.89 2.95 3.01 3.06 3.12 3.17 3.21 3.23 3.25 3.26 3.26 3.27 3.28 3.29 3.3 3.31
-3.4e+38 -3.4e+38 -3.4e+38 -3.4e+38 -3.4e+38 -3.4e+38 -3.4e+38 -3.4e+38 -3.4e+38 -3.4e+38 -3.4e+38 -3.4e+38 -3.4e+38 -3.4e+38 -3.4e+38 -3.4e+38 -3.4e+38 -3.4e+38 0.443 0.482 0.525 0.57 0.621 0.674 0.733 0.798 0.868 0.944 1.02 1.1 1.19 1.27 1.36 1.45 1.54 1.63 1.71 1.79 1.87 1.94 2.01 2.08 2.15 2.21 2.28 2.35 2.42 2.49 2.55 2.62 2.69 2.75 2.82 2.88 2.95 3.01 3.08 3.14 3.2 3.26 3.31 3.32 3.33 3.34 3.35 3.36 3.37 3.38 3.39 3.4
-3.4e+38 -3.4e+38 -3.4e+38 -3.4e+38 -3.4e+38 -3.4e+38 -3.4e+38 -3.4e+38 -3.4e+38 -3.4e+38 -3.4e+38 -3.4e+38 -3.4e+38 -3.4e+38 -3.4e+38 0.326 0.354 0.385 0.419 0.457 0.499 0.544 0.594 0.649 0.709 0.775 0.847 0.925 1.01 1.09 1.18 1.27 1.36 1.45 1.54 1.63 1.71 1.79 1.87 1.94 2.01 2.09 2.16 2.23 2.31 2.38 2.45 2.52 2.59 2.66 2.73 2.8 2.86 2.93 3 3.06 3.13 3.19 3.26 3.32 3.36 3.39 3.4 3.41 3.43 3.43 3.44 3.45 3.47 3.48
-3.4e+38 -3.4e+38 -3.4e+38 -3.4e+38 -3.4e+38 -3.4e+38 -3.4e+38 -3.4e+38 -3.4e+38 0.194 -3.4e+38 -3.4e+38 0.241 0.26 0.281 0.306 0.333 0.363 0.396 0.432 0.474 0.518 0.569 0.623 0.685 0.752 0.825 0.904 0.986 1.07 1.16 1.25 1.35 1.44 1.54 1.62 1.7 1.78 1.85 1.93 2.01 2.08 2.16 2.24 2.32 2.39 2.47 2.54 2.61 2.68 2.75 2.82 2.89 2.96 3.03 3.1 3.17 3.24 3.3 3.35 3.4 3.43 3.46 3.47 3.49 3.5 3.51 3.52 3.54 3.55
-3.4e+38 -3.4e+38 -3.4e+38 -3.4e+38 -3.4e+38 -3.4e+38 -3.4e+38 0.157 0.168 0.179 0.193 0.207 0.223 0.242 0.263 0.286 0.312 0.341 0.374 0.409 0.45 0.494 0.544 0.598 0.66 0.728 0.802 0.881 0.964 1.05 1.14 1.23 1.33 1.43 1.52 1.6 1.67 1.75 1.83 1.91 1.99 2.07 2.15 2.23 2.32 2.4 2.47 2.55 2.62 2.69 2.77 2.84 2.91 2.98 3.05 3.12 3.19 3.26 3.32 3.38 3.43 3.47 3.5 3.52 3.54 3.56 3.57 3.59 3.6 3.62
0.0954 0.101 -3.4e+38 -3.4e+38 -3.4e+38 0.127 0.135 0.144 0.154 0.166 0.178 0.191 0.207 0.224 0.244 0.267 0.292 0.32 0.352 0.387 0.427 0.47 0.52 0.574 0.636 0.704 0.777 0.856 0.938 1.02 1.11 1.2 1.3 1.39 1.48 1.56 1.63 1.71 1.79 1.87 1.95 2.03 2.12 2.21 2.3 2.39 2.47 2.54 2.62 2.69 2.76 2.84 2.91 2.99 3.06 3.13 3.2 3.27 3.34 3.4 3.45 3.49 3.53 3.56 3.58 3.6 3.62 3.64 3.66 3.68
0.0875 0.0923 0.0976 0.103 0.11 0.116 0.124 0.133 0.142 0.152 0.163 0.176 0.191 0.207 0.227 0.248 0.273 0.3 0.331 0.365 0.404 0.446 0.496 0.55 0.611 0.678 0.751 0.828 0.909 0.993 1.08 1.17 1.26 1.34 1.43 1.5 1.58 1.66 1.74 1.82 1.9 1.99 2.08 2.18 2.27 2.37 2.45 2.52 2.6 2.67 2.75 2.83 2.9 2.98 3.05 3.13 3.2 3.27 3.34 3.4 3.46 3.51 3.55 3.58 3.61 3.64 3.66 3.68 3.7 3.73
0.0799 0.0842 0.0889 0.094 0.0997 0.106 0.113 0.121 0.129 0.138 0.149 0.161 0.175 0.19 0.209 0.23 0.254 0.28 0.31 0.343 0.381 0.423 0.472 0.525 0.586 0.651 0.722 0.798 0.876 0.957 1.04 1.13 1.21 1.29 1.36 1.44 1.51 1.59 1.67 1.75 1.84 1.93 2.02 2.12 2.22 2.32 2.41 2.48 2.56 2.64 2.72 2.8 2.88 2.95 3.03 3.11 3.19 3.26 3.33 3.4 3.46 3.52 3.56 3.6 3.63 3.66 3.68 3.71 3.74 3.76
0.0726 0.0763 0.0805 0.0851 0.0902 0.0959 0.102 0.109 0.117 0.125 0.135 0.146 0.159 0.174 0.191 0.212 0.235 0.261 0.29 0.322 0.36 0.4 0.448 0.5 0.56 0.623 0.692 0.765 0.84 0.917 0.995 1.08 1.16 1.23 1.3 1.37 1.44 1.51 1.59 1.68 1.76 1.86 1.95 2.05 2.15 2.25 2.34 2.43 2.51 2.59 2.67 2.76 2.84 2.92 3 3.08 3.16 3.24 3.31 3.38 3.45 3.51 3.56 3.6 3.64 3.67 3.7 3.73 3.76 3.79
0.0656 0.0689 0.0724 0.0764 0.0809 0.0863 0.0921 0.0986 0.106 0.114 0.122 0.132 0.143 0.158 0.175 0.195 0.217 0.242 0.271 0.302 0.338 0.378 0.424 0.475 0.532 0.593 0.66 0.728 0.799 0.87 0.942 1.02 1.09 1.15 1.22 1.28 1.35 1.42 1.5 1.59 1.68 1.77 1.86 1.96 2.06 2.16 2.26 2.35 2.43 2.52 2.6 2.69 2.78 2.86 2.94 3.03 3.11 3.19 3.27 3.34 3.41 3.48 3.54 3.59 3.63 3.67 3.71 3.75 3.78 3.82
0.0591 0.0619 0.0648 0.068 0.0721 0.0773 0.0829 0.089 0.0955 0.103 0.11 0.119 0.129 0.143 0.16 0.179 0.201 0.224 0.252 0.282 0.317 0.356 0.401 0.45 0.504 0.563 0.626 0.691 0.757 0.823 0.889 0.956 1.02 1.08 1.14 1.2 1.26 1.33 1.41 1.5 1.59 1.68 1.77 1.87 1.97 2.07 2.17 2.26 2.35 2.44 2.53 2.62 2.71 2.79 2.88 2.97 3.05 3.13 3.22 3.29 3.37 3.44 3.51 3.56 3.62 3.67 3.71 3.76 3.8 3.84
0.053 0.0554 0.0578 0.0601 0.064 0.0692 0.0746 0.0803 0.0864 0.093 0.1 0.108 0.117 0.13 0.146 0.164 0.185 0.208 0.234 0.263 0.297 0.334 0.377 0.423 0.475 0.53 0.589 0.65 0.712 0.772 0.833 0.893 0.952 1.01 1.06 1.11 1.17 1.24 1.32 1.4 1.49 1.57 1.67 1.76 1.87 1.97 2.07 2.16 2.26 2.35 2.44 2.53 2.63 2.71 2.8 2.89 2.98 3.06 3.15 3.23 3.31 3.39 3.46 3.52 3.59 3.65 3.7 3.75 3.81 3.86
0.0475 0.0498 0.0521 0.0545 0.058 0.0625 0.0674 0.0727 0.0784 0.0846 0.0914 0.0992 0.109 0.12 0.135 0.152 0.171 0.192 0.217 0.244 0.277 0.312 0.353 0.397 0.446 0.498 0.553 0.609 0.666 0.723 0.778 0.832 0.885 0.936 0.985 1.03 1.09 1.15 1.23 1.31 1.39 1.48 1.57 1.66 1.77 1.87 1.97 2.07 2.17 2.26 2.36 2.45 2.54 2.63 2.72 2.81 2.9 2.99 3.08 3.17 3.25 3.33 3.41 3.49 3.56 3.62 3.69 3.75 3.81 3.87
0.0428 0.045 0.0472 0.0498 0.053 0.0569 0.0612 0.0661 0.0713 0.0772 0.0838 0.0915 0.101 0.112 0.125 0.14 0.158 0.178 0.201 0.227 0.258 0.291 0.33 0.371 0.416 0.464 0.515 0.567 0.62 0.672 0.723 0.773 0.821 0.869 0.916 0.964 1.02 1.08 1.15 1.22 1.3 1.38 1.47 1.57 1.67 1.77 1.87 1.97 2.07 2.17 2.26 2.36 2.45 2.54 2.64 2.73 2.82 2.91 3 3.1 3.19 3.28 3.36 3.44 3.52 3.6 3.67 3.74 3.81 3.88
0.0386 0.0407 0.043 0.0455 0.0485 0.0519 0.0558 0.0602 0.0651 0.0707 0.077 0.0843 0.093 0.103 0.115 0.129 0.146 0.164 0.186 0.21 0.239 0.27 0.307 0.346 0.387 0.431 0.478 0.527 0.576 0.623 0.67 0.716 0.762 0.806 0.852 0.899 0.95 1.01 1.07 1.14 1.21 1.29 1.38 1.47 1.57 1.67 1.77 1.88 1.98 2.07 2.17 2.27 2.36 2.46 2.55 2.64 2.74 2.83 2.93 3.02 3.12 3.22 3.31 3.4 3.48 3.57 3.65 3.73 3.81 3.88
0.0349 0.037 0.0392 0.0417 0.0444 0.0475 0.051 0.055 0.0595 0.0648 0.0707 0.0777 0.0858 0.0953 0.106 0.119 0.134 0.151 0.172 0.194 0.221 0.25 0.284 0.32 0.359 0.4 0.444 0.488 0.533 0.576 0.619 0.662 0.705 0.748 0.791 0.837 0.885 0.937 0.995 1.06 1.13 1.21 1.29 1.38 1.48 1.58 1.68 1.78 1.88 1.98 2.08 2.18 2.28 2.37 2.46 2.56 2.65 2.75 2.85 2.95 3.06 3.16 3.26 3.35 3.45 3.54 3.63 3.71 3.8 3.88
0.0318 0.0338 0.0359 0.0382 0.0407 0.0435 0.0467 0.0504 0.0545 0.0594 0.065 0.0715 0.079 0.0878 0.098 0.11 0.124 0.139 0.158 0.179 0.204 0.231 0.262 0.295 0.332 0.37 0.41 0.45 0.491 0.531 0.571 0.611 0.652 0.693 0.735 0.778 0.823 0.871 0.925 0.985 1.05 1.13 1.21 1.29 1.39 1.49 1.59 1.69 1.8 1.89 1.99 2.09 2.19 2.28 2.38 2.47 2.56 2.66 2.76 2.88 2.99 3.1 3.2 3.31 3.41 3.51 3.6 3.7 3.79 3.89
0.0291 0.031 0.033 0.0351 0.0374 0.04 0.0428 0.0462 0.05 0.0545 0.0597 0.0658 0.0727 0.0808 0.0901 0.101 0.113 0.128 0.145 0.164 0.187 0.212 0.241 0.272 0.305 0.34 0.377 0.414 0.452 0.489 0.526 0.563 0.602 0.641 0.682 0.723 0.765 0.809 0.858 0.914 0.978 1.05 1.13 1.21 1.3 1.4 1.51 1.61 1.71 1.81 1.91 2.01 2.1 2.2 2.29 2.39 2.48 2.58 2.69 2.8 2.92 3.03 3.15 3.26 3.37 3.47 3.58 3.69 3.79 3.89
0.027 0.0287 0.0306 0.0325 0.0345 0.0368 0.0393 0.0424 0.0458 0.05 0.0548 0.0605 0.0669 0.0742 0.0826 0.0922 0.104 0.117 0.133 0.15 0.171 0.194 0.22 0.249 0.279 0.312 0.346 0.38 0.415 0.449 0.483 0.518 0.556 0.594 0.632 0.671 0.71 0.75 0.796 0.848 0.909 0.973 1.05 1.13 1.22 1.32 1.42 1.53 1.63 1.73 1.83 1.92 2.02 2.11 2.21 2.3 2.4 2.5 2.61 2.73 2.85 2.97 3.09 3.2 3.32 3.44 3.56 3.67 3.78 3.9
0.0252 0.0268 0.0285 0.0303 0.0321 0.0341 0.0363 0.0389 0.0421 0.046 0.0505 0.0556 0.0615 0.068 0.0756 0.0842 0.0946 0.106 0.121 0.137 0.156 0.177 0.201 0.227 0.255 0.285 0.316 0.348 0.381 0.412 0.443 0.476 0.512 0.549 0.587 0.623 0.658 0.695 0.738 0.786 0.843 0.904 0.974 1.05 1.15 1.24 1.35 1.45 1.55 1.65 1.74 1.84 1.94 2.03 2.13 2.22 2.32 2.43 2.54 2.66 2.78 2.9 3.03 3.15 3.28 3.41 3.53 3.66 3.78 3.9
0.0238 0.0254 0.0269 0.0285 0.0301 0.0318 0.0336 0.0358 0.0387 0.0425 0.0466 0.0513 0.0565 0.0624 0.0692 0.0768 0.0861 0.0966 0.11 0.124 0.142 0.161 0.183 0.207 0.232 0.26 0.289 0.318 0.349 0.378 0.408 0.439 0.473 0.508 0.544 0.579 0.61 0.643 0.683 0.728 0.781 0.84 0.909 0.986 1.08 1.17 1.27 1.38 1.48 1.57 1.66 1.76 1.85 1.95 2.04 2.14 2.24 2.35 2.46 2.58 2.71 2.84 2.97 3.1 3.23 3.37 3.5 3.63 3.77 3.9
0.0228 0.0242 0.0257 0.0272 0.0287 0.0302 0.0316 0.0333 0.0361 0.0397 0.0434 0.0476 0.0522 0.0574 0.0633 0.07 0.0782 0.0876 0.0994 0.112 0.128 0.146 0.166 0.188 0.212 0.237 0.264 0.291 0.319 0.347 0.375 0.404 0.435 0.467 0.5 0.532 0.561 0.592 0.629 0.672 0.722 0.779 0.847 0.922 1.01 1.1 1.2 1.3 1.41 1.5 1.59 1.68 1.77 1.86 1.96 2.06 2.16 2.27 2.39 2.51 2.64 2.77 2.91 3.05 3.19 3.33 3.47 3.61 3.76 3.9
0.0221 0.0235 0.0249 0.0263 0.0277 0.0291 0.0306 0.0323 0.0347 0.0377 0.0409 0.0445 0.0485 0.053 0.0581 0.064 0.0712 0.0794 0.0898 0.101 0.116 0.132 0.15 0.17 0.192 0.216 0.241 0.266 0.292 0.318 0.344 0.371 0.4 0.428 0.457 0.485 0.514 0.544 0.578 0.619 0.667 0.721 0.787 0.86 0.943 1.03 1.13 1.23 1.33 1.42 1.5 1.59 1.68 1.78 1.87 1.98 2.08 2.19 2.31 2.44 2.57 2.7 2.84 2.99 3.14 3.28 3.44 3.59 3.74 3.9
0.0217 0.0231 0.0245 0.0259 0.0272 0.0286 0.0301 0.0318 0.0338 0.0363 0.039 0.0421 0.0454 0.0492 0.0536 0.0586 0.0648 0.0719 0.0813 0.0917 0.105 0.119 0.136 0.154 0.174 0.196 0.22 0.244 0.268 0.292 0.316 0.341 0.367 0.392 0.417 0.443 0.469 0.497 0.53 0.568 0.614 0.666 0.729 0.799 0.879 0.963 1.05 1.15 1.24 1.33 1.42 1.51 1.6 1.69 1.79 1.89 2 2.12 2.24 2.36 2.5 2.64 2.78 2.94 3.09 3.25 3.41 3.57 3.74 3.9
0.0217 0.0231 0.0245 0.0258 0.0272 0.0286 0.0301 0.0317 0.0335 0.0355 0.0377 0.0402 0.043 0.0461 0.0497 0.0539 0.0592 0.0653 0.0736 0.083 0.0948 0.108 0.123 0.14 0.158 0.179 0.201 0.223 0.246 0.268 0.29 0.313 0.337 0.36 0.382 0.405 0.428 0.454 0.485 0.521 0.564 0.614 0.675 0.741 0.817 0.896 0.982 1.07 1.16 1.24 1.33 1.42 1.51 1.6 1.7 1.81 1.92 2.03 2.16 2.29 2.43 2.57 2.72 2.88 3.04 3.21 3.38 3.56 3.73 3.91
0.0219 0.0233 0.0247 0.0261 0.0275 0.0289 0.0303 0.0319 0.0334 0.0351 0.0369 0.0389 0.0411 0.0435 0.0465 0.0498 0.0543 0.0596 0.0669 0.0752 0.0859 0.0977 0.112 0.127 0.144 0.163 0.184 0.206 0.227 0.247 0.268 0.289 0.31 0.331 0.351 0.371 0.392 0.416 0.445 0.479 0.518 0.566 0.624 0.686 0.758 0.833 0.913 0.995 1.08 1.16 1.25 1.33 1.42 1.52 1.62 1.72 1.83 1.95 2.08 2.22 2.36 2.51 2.67 2.83 3 3.18 3.36 3.54 3.73 3.92
0.0225 0.0239 0.0253 0.0267 0.0281 0.0295 0.0309 0.0324 0.0337 0.0352 0.0365 0.038 0.0397 0.0415 0.0438 0.0465 0.0502 0.0547 0.0609 0.0683 0.0779 0.0889 0.102 0.117 0.133 0.151 0.17 0.19 0.21 0.229 0.248 0.268 0.287 0.305 0.323 0.342 0.362 0.384 0.411 0.442 0.479 0.524 0.578 0.636 0.702 0.773 0.848 0.925 1 1.08 1.17 1.25 1.34 1.43 1.53 1.64 1.75 1.88 2.01 2.15 2.3 2.45 2.62 2.79 2.97 3.16 3.35 3.55 3.75 3.95
0.0232 0.0247 0.0261 0.0276 0.0289 0.0303 0.0317 0.0332 0.0344 0.0355 0.0365 0.0375 0.0387 0.04 0.0418 0.0439 0.0469 0.0505 0.0556 0.0621 0.0711 0.0814 0.0938 0.108 0.123 0.14 0.158 0.177 0.196 0.214 0.232 0.249 0.267 0.283 0.3 0.317 0.335 0.356 0.381 0.411 0.446 0.488 0.537 0.591 0.652 0.717 0.787 0.86 0.934 1.01 1.09 1.17 1.26 1.35 1.45 1.56 1.68 1.81 1.94 2.09 2.24 2.4 2.58 2.76 2.95 3.14 3.35 3.56 3.78 3.99
0.0243 0.0257 0.0272 0.0286 0.03 0.0314 0.0327 0.0342 0.0354 0.0361 0.0367 0.0374 0.0381 0.0391 0.0404 0.0421 0.0444 0.0471 0.0511 0.0568 0.0654 0.0752 0.0869 0.1 0.115 0.131 0.148 0.166 0.183 0.201 0.218 0.234 0.25 0.264 0.279 0.295 0.312 0.332 0.355 0.383 0.417 0.455 0.5 0.55 0.606 0.666 0.732 0.799 0.869 0.941 1.02 1.1 1.18 1.28 1.38 1.49 1.61 1.74 1.88 2.04 2.19 2.36 2.54 2.74 2.94 3.15 3.37 3.59 3.82 4.06
0.0255 0.027 0.0285 0.0299 0.0312 0.0325 0.0338 0.035 0.0361 0.0367 0.037 0.0375 0.038 0.0387 0.0396 0.0409 0.0428 0.045 0.0484 0.0535 0.0613 0.0704 0.0814 0.0938 0.108 0.123 0.14 0.156 0.173 0.19 0.206 0.221 0.236 0.248 0.261 0.275 0.29 0.309 0.332 0.358 0.39 0.426 0.467 0.513 0.565 0.62 0.681 0.744 0.81 0.879 0.952 1.03 1.11 1.21 1.31 1.42 1.55 1.69 1.84 1.99 2.16 2.34 2.53 2.73 2.94 3.17 3.4 3.64 3.89 4.13
0.0271 0.0286 0.03 0.0314 0.0326 0.0338 0.0349 0.0359 0.0366 0.0372 0.0375 0.0378 0.0382 0.0386 0.0393 0.0403 0.0419 0.0439 0.0472 0.0517 0.0586 0.0669 0.0771 0.0888 0.102 0.117 0.133 0.149 0.165 0.181 0.197 0.211 0.224 0.235 0.246 0.257 0.271 0.289 0.311 0.336 0.366 0.4 0.439 0.481 0.529 0.579 0.636 0.694 0.756 0.822 0.893 0.969 1.05 1.14 1.24 1.37 1.5 1.65 1.8 1.96 2.14 2.32 2.52 2.74 2.96 3.2 3.44 3.7 3.96 4.22
