maui/input/month_year_rainfall/maui_prcp_12_2001.asc
ncols        361
nrows        320
xllcorner    -156.738000000000
yllcorner    20.343000000000
cellsize     0.002250000000
NODATA_value -3.4028234663852885981e+38
[rows 64 to 95 of 320, columns 72 to 143 of 361]
21.3 20.9 20.1 19.2 18.2 17.2 16.2 15.2 14.1 13.2 12.2 11.3 10.4 9.56 8.78 8.04 7.36 6.72 6.14 5.61 5.13 4.71 4.32 4 3.71 3.45 3.23 3.03 2.87 2.75 2.66 2.6 2.56 2.52 2.48 2.45 2.44 2.42 2.41 -3.4e+38 -3.4e+38 -3.4e+38 -3.4e+38 -3.4e+38 -3.4e+38 -3.4e+38 -3.4e+38 -3.4e+38 -3.4e+38 -3.4e+38 -3.4e+38 -3.4e+38 -3.4e+38 -3.4e+38 -3.4e+38 -3.4e+38 -3.4e+38 -3.4e+38 -3.4e+38 -3.4e+38 -3.4e+38 -3.4e+38 -3.4e+38 -3.4e+38 -3.4e+38 -3.4e+38 -3.4e+38 -3.4e+38 -3.4e+38 -3.4e+38 -3.4e+38 -3.4e+38
21.5 21 20.3 19.4 18.4 17.4 16.4 15.3 14.3 13.3 12.3 11.4 10.5 9.68 8.88 8.14 7.45 6.8 6.21 5.68 5.19 4.76 4.37 4.04 3.75 3.5 3.27 3.08 2.92 2.8 2.71 2.66 2.62 2.58 2.55 2.51 2.5 2.48 -3.4e+38 -3.4e+38 -3.4e+38 -3.4e+38 -3.4e+38 -3.4e+38 -3.4e+38 -3.4e+38 -3.4e+38 -3.4e+38 -3.4e+38 -3.4e+38 -3.4e+38 -3.4e+38 -3.4e+38 -3.4e+38 -3.4e+38 -3.4e+38 -3.4e+38 -3.4e+38 -3.4e+38 -3.4e+38 -3.4e+38 -3.4e+38 -3.4e+38 -3.4e+38 -3.4e+38 -3.4e+38 -3.4e+38 -3.4e+38 -3.4e+38 -3.4e+38 -3.4e+38 -3.4e+38
21.6 21.1 20.4 19.5 18.6 17.5 16.5 15.5 14.4 13.4 12.5 11.5 10.6 9.76 8.96 8.21 7.51 6.86 6.27 5.73 5.24 4.8 4.4 4.07 3.78 3.53 3.31 3.13 2.97 2.86 2.77 2.72 2.69 2.65 2.62 2.58 2.56 2.55 2.55 -3.4e+38 -3.4e+38 -3.4e+38 -3.4e+38 -3.4e+38 -3.4e+38 -3.4e+38 -3.4e+38 -3.4e+38 -3.4e+38 -3.4e+38 -3.4e+38 -3.4e+38 -3.4e+38 -3.4e+38 -3.4e+38 -3.4e+38 -3.4e+38 -3.4e+38 -3.4e+38 -3.4e+38 -3.4e+38 -3.4e+38 -3.4e+38 -3.4e+38 -3.4e+38 -3.4e+38 -3.4e+38 -3.4e+38 -3.4e+38 -3.4e+38 -3.4e+38 -3.4e+38
21.8 21.2 20.5 19.6 18.6 17.6 16.6 15.5 14.5 13.5 12.5 11.6 10.7 9.81 9 8.24 7.55 6.89 6.3 5.76 5.27 4.83 4.43 4.1 3.8 3.56 3.34 3.17 3.03 2.92 2.84 2.79 2.76 2.73 2.7 2.66 2.64 2.62 2.62 2.61 2.6 2.6 -3.4e+38 -3.4e+38 -3.4e+38 -3.4e+38 -3.4e+38 -3.4e+38 -3.4e+38 -3.4e+38 -3.4e+38 -3.4e+38 -3.4e+38 -3.4e+38 -3.4e+38 -3.4e+38 -3.4e+38 -3.4e+38 -3.4e+38 -3.4e+38 -3.4e+38 -3.4e+38 -3.4e+38 -3.4e+38 -3.4e+38 -3.4e+38 3.3 3.35 3.39 3.44 -3.4e+38 -3.4e+38
21.9 21.3 20.5 19.6 18.7 17.6 16.6 15.6 14.5 13.5 12.5 11.6 10.7 9.82 9.01 8.25 7.55 6.9 6.31 5.77 5.28 4.84 4.45 4.11 3.81 3.58 3.37 3.21 3.07 2.98 2.91 2.87 2.84 2.81 2.79 2.75 2.73 2.71 2.69 2.68 2.67 2.66 -3.4e+38 -3.4e+38 -3.4e+38 -3.4e+38 -3.4e+38 -3.4e+38 -3.4e+38 -3.4e+38 -3.4e+38 -3.4e+38 -3.4e+38 -3.4e+38 -3.4e+38 -3.4e+38 -3.4e+38 -3.4e+38 -3.4e+38 -3.4e+38 -3.4e+38 -3.4e+38 -3.4e+38 -3.4e+38 3.26 3.3 3.34 3.38 3.43 3.47 3.53 3.58
22.1 21.4 20.5 19.6 18.6 17.6 16.6 15.5 14.5 13.5 12.5 11.5 10.6 9.78 8.98 8.23 7.53 6.88 6.3 5.76 5.27 4.84 4.45 4.11 3.82 3.59 3.39 3.24 3.12 3.04 2.99 2.95 2.92 2.9 2.88 2.85 2.82 2.8 2.78 2.76 2.75 2.73 2.73 -3.4e+38 -3.4e+38 -3.4e+38 -3.4e+38 -3.4e+38 -3.4e+38 -3.4e+38 -3.4e+38 -3.4e+38 -3.4e+38 -3.4e+38 -3.4e+38 -3.4e+38 -3.4e+38 -3.4e+38 -3.4e+38 -3.4e+38 -3.4e+38 -3.4e+38 -3.4e+38 3.25 3.28 3.33 3.37 3.42 3.46 3.51 3.56 3.62
22.2 21.4 20.5 19.6 18.6 17.5 16.5 15.4 14.4 13.4 12.4 11.4 10.5 9.69 8.91 8.16 7.48 6.84 6.26 5.74 5.25 4.82 4.43 4.1 3.81 3.59 3.4 3.27 3.17 3.1 3.05 3.03 3.01 2.99 2.97 2.95 2.92 2.89 2.87 2.84 2.82 2.81 2.8 -3.4e+38 -3.4e+38 -3.4e+38 -3.4e+38 -3.4e+38 -3.4e+38 -3.4e+38 -3.4e+38 -3.4e+38 -3.4e+38 -3.4e+38 -3.4e+38 -3.4e+38 -3.4e+38 -3.4e+38 -3.4e+38 -3.4e+38 -3.4e+38 3.2 3.23 3.27 3.31 3.35 3.4 3.45 3.5 3.55 3.6 3.66
22.4 21.5 20.5 19.5 18.4 17.4 16.3 15.2 14.2 13.2 12.2 11.3 10.4 9.56 8.79 8.07 7.39 6.77 6.2 5.69 5.21 4.79 4.4 4.07 3.79 3.57 3.4 3.29 3.2 3.14 3.11 3.1 3.09 3.09 3.08 3.06 3.03 2.99 2.96 2.92 2.9 2.88 2.87 -3.4e+38 -3.4e+38 2.88 2.89 -3.4e+38 -3.4e+38 -3.4e+38 -3.4e+38 -3.4e+38 -3.4e+38 -3.4e+38 -3.4e+38 -3.4e+38 -3.4e+38 -3.4e+38 -3.4e+38 3.16 3.19 3.21 3.25 3.28 3.33 3.37 3.43 3.48 3.53 3.58 3.64 3.69
22.4 21.4 20.4 19.3 18.2 17.1 16 15 13.9 13 12 11.1 10.2 9.39 8.64 7.94 7.28 6.67 6.12 5.62 5.16 4.74 4.36 4.03 3.75 3.55 3.39 3.29 3.22 3.18 3.16 3.16 3.18 3.19 3.19 3.18 3.14 3.09 3.05 3.01 2.97 2.95 2.94 2.93 2.93 2.94 2.95 2.96 2.97 2.99 -3.4e+38 -3.4e+38 -3.4e+38 -3.4e+38 -3.4e+38 -3.4e+38 3.13 3.15 3.16 3.18 3.2 3.22 3.26 3.29 3.34 3.39 3.45 3.51 3.56 3.62 3.67 3.73
22.4 21.3 20.2 19.1 17.9 16.8 15.7 14.7 13.6 12.7 11.7 10.8 9.96 9.18 8.46 7.78 7.14 6.56 6.02 5.53 5.08 4.67 4.3 3.98 3.7 3.5 3.36 3.27 3.21 3.19 3.19 3.22 3.26 3.29 3.31 3.3 3.26 3.2 3.14 3.09 3.05 3.01 3 2.99 2.99 -3.4e+38 -3.4e+38 3.01 3.03 3.04 3.06 3.08 3.1 3.12 3.13 3.15 3.16 3.17 3.18 3.19 3.21 3.23 3.26 3.3 3.35 3.41 3.47 3.53 3.59 3.65 3.71 3.77
22.3 21.1 19.9 18.7 17.6 16.5 15.4 14.3 13.3 12.3 11.4 10.5 9.68 8.93 8.24 7.59 6.99 6.43 5.91 5.44 5 4.6 4.23 3.91 3.64 3.44 3.3 3.22 3.18 3.19 3.22 3.28 3.34 3.4 3.44 3.43 3.37 3.3 3.23 3.16 3.11 3.08 3.06 3.04 3.04 -3.4e+38 -3.4e+38 3.06 3.07 3.09 3.11 3.12 3.14 3.15 3.16 3.17 3.18 3.19 3.19 3.2 3.21 3.23 3.26 3.31 3.36 3.42 3.49 3.55 3.61 3.67 3.73 3.8
22 20.7 19.5 18.3 17.1 16 14.9 13.9 12.9 11.9 11 10.1 9.36 8.65 7.99 7.38 6.81 6.28 5.79 5.34 4.91 4.52 4.16 3.84 3.56 3.37 3.22 3.15 3.13 3.16 3.23 3.32 3.42 3.49 3.56 3.56 3.47 3.39 3.31 3.23 3.18 3.13 3.1 3.09 3.08 3.08 3.09 3.1 3.12 3.14 3.15 3.16 3.17 3.18 3.19 3.19 3.2 3.2 3.2 3.21 3.22 3.23 3.26 3.31 3.37 3.43 3.5 3.56 3.62 3.69 3.76 3.83
21.5 20.1 18.9 17.7 16.6 15.5 14.4 13.4 12.4 11.5 10.6 9.75 9.01 8.34 7.72 7.16 6.63 6.14 5.67 5.24 4.83 4.45 4.09 3.77 3.49 3.28 3.12 3.05 3.05 3.13 3.24 3.37 3.48 3.56 3.62 3.61 3.54 3.45 3.37 3.3 3.23 3.18 3.15 3.13 3.12 3.12 3.12 3.13 3.15 3.17 3.19 3.2 3.2 3.21 3.21 3.21 3.21 3.21 3.21 3.21 3.22 3.23 3.25 3.3 3.37 3.44 3.51 3.57 3.64 3.71 3.78 3.87
20.7 19.4 18.2 17.1 16 14.9 13.9 12.8 11.9 11 10.1 9.33 8.62 8 7.43 6.92 6.44 5.99 5.56 5.15 4.76 4.38 4.03 3.71 3.42 3.19 3.01 2.92 2.95 3.08 3.26 3.42 3.54 3.62 3.65 3.64 3.58 3.5 3.42 3.35 3.28 3.22 3.19 3.16 3.15 3.14 3.14 3.15 3.17 3.19 3.2 3.22 3.23 3.23 3.23 3.23 3.23 3.22 3.22 3.22 3.22 3.23 3.25 3.3 3.37 3.44 3.51 3.58 3.65 3.73 3.81 3.9
19.8 18.6 17.5 16.3 15.3 14.2 13.3 12.3 11.3 10.5 9.64 8.88 8.22 7.64 7.13 6.68 6.25 5.85 5.45 5.07 4.69 4.33 3.99 3.67 3.38 3.13 2.91 2.78 2.81 3.04 3.3 3.5 3.62 3.68 3.7 3.67 3.62 3.54 3.46 3.38 3.32 3.26 3.22 3.19 3.17 3.16 3.16 3.17 3.18 3.2 3.21 3.23 3.25 3.25 3.25 3.24 3.24 3.23 3.23 3.23 3.23 3.24 3.26 3.31 3.37 3.44 3.51 3.58 3.66 3.75 3.84 3.94
18.7 17.6 16.6 15.5 14.5 13.6 12.6 11.7 10.8 9.96 9.16 8.43 7.79 7.27 6.83 6.44 6.07 5.71 5.35 4.99 4.64 4.31 3.98 3.67 3.39 3.13 2.88 2.67 2.66 3.05 3.41 3.63 3.74 3.77 3.76 3.72 3.65 3.57 3.49 3.41 3.34 3.28 3.24 3.21 3.18 3.18 3.17 3.18 3.19 3.2 3.22 3.24 3.25 3.26 3.25 3.25 3.24 3.24 3.23 3.23 3.23 3.25 3.27 3.32 3.37 3.44 3.51 3.59 3.68 3.77 3.87 3.98
17.6 16.6 15.7 14.7 13.8 12.9 12 11.1 10.3 9.47 8.71 8 7.36 6.9 6.55 6.22 5.9 5.57 5.25 4.92 4.61 4.29 3.99 3.71 3.45 3.21 2.99 2.82 2.86 3.24 3.6 3.82 3.89 3.88 3.83 3.76 3.68 3.59 3.51 3.43 3.35 3.29 3.25 3.22 3.19 3.18 3.18 3.18 3.19 3.2 3.21 3.23 3.24 3.25 3.25 3.24 3.24 3.23 3.23 3.23 3.24 3.25 3.28 3.31 3.37 3.43 3.51 3.59 3.69 3.79 3.9 4.02
16.4 15.6 14.7 13.8 13 12.1 11.3 10.5 9.76 9.03 8.32 7.65 7.02 6.61 6.32 6.04 5.75 5.45 5.16 4.87 4.58 4.3 4.03 3.79 3.56 3.38 3.23 3.18 3.29 3.57 3.88 4.07 4.07 3.99 3.9 3.8 3.71 3.61 3.52 3.43 3.36 3.29 3.25 3.22 3.2 3.18 3.17 3.17 3.18 3.19 3.2 3.22 3.23 3.24 3.24 3.24 3.23 3.23 3.23 3.23 3.23 3.24 3.27 3.3 3.35 3.42 3.5 3.59 3.7 3.81 3.93 4.05
15.3 14.5 13.8 13 12.2 11.4 10.7 9.99 9.31 8.64 8.01 7.41 6.88 6.48 6.17 5.9 5.63 5.35 5.09 4.83 4.57 4.33 4.09 3.88 3.7 3.57 3.49 3.5 3.63 3.86 4.15 4.33 4.21 4.07 3.94 3.82 3.71 3.61 3.51 3.43 3.35 3.29 3.24 3.21 3.19 3.17 3.16 3.16 3.16 3.17 3.19 3.2 3.21 3.22 3.22 3.22 3.22 3.22 3.22 3.22 3.22 3.23 3.25 3.28 3.33 3.4 3.49 3.59 3.7 3.83 3.95 4.09
14.2 13.5 12.8 12.1 11.4 10.8 10.1 9.5 8.89 8.31 7.74 7.22 6.76 6.38 6.07 5.79 5.53 5.27 5.03 4.8 4.57 4.36 4.15 3.98 3.85 3.75 3.71 3.75 3.85 4.03 4.23 4.33 4.23 4.07 3.94 3.81 3.7 3.59 3.5 3.41 3.33 3.27 3.23 3.2 3.17 3.15 3.14 3.14 3.14 3.15 3.16 3.18 3.19 3.2 3.2 3.2 3.2 3.2 3.2 3.21 3.21 3.21 3.23 3.25 3.3 3.38 3.47 3.59 3.71 3.84 3.98 4.13
13.2 12.6 11.9 11.3 10.7 10.1 9.59 9.04 8.51 8 7.51 7.05 6.64 6.29 5.98 5.71 5.45 5.21 4.99 4.78 4.58 4.39 4.22 4.07 3.96 3.9 3.87 3.9 3.97 4.08 4.18 4.21 4.15 4.02 3.9 3.77 3.67 3.56 3.47 3.39 3.31 3.24 3.2 3.17 3.14 3.12 3.11 3.11 3.11 3.12 3.13 3.15 3.16 3.17 3.18 3.18 3.18 3.18 3.18 3.19 3.19 3.19 3.19 3.22 3.26 3.34 3.45 3.58 3.71 3.85 4 4.16
12.2 11.7 11.1 10.5 10 9.55 9.09 8.63 8.17 7.72 7.29 6.89 6.52 6.19 5.9 5.63 5.39 5.16 4.95 4.76 4.58 4.41 4.27 4.15 4.06 4 3.97 3.99 4.03 4.08 4.11 4.1 4.04 3.94 3.83 3.72 3.62 3.52 3.43 3.35 3.28 3.21 3.17 3.13 3.11 3.09 3.07 3.07 3.07 3.08 3.09 3.11 3.12 3.13 3.14 3.15 3.15 3.16 3.16 3.16 3.16 3.16 3.16 3.17 3.21 3.3 3.43 3.57 3.71 3.87 4.03 4.19
11.4 10.8 10.3 9.76 9.4 9.03 8.65 8.25 7.86 7.47 7.09 6.73 6.4 6.1 5.82 5.57 5.33 5.11 4.92 4.74 4.57 4.42 4.29 4.19 4.11 4.06 4.03 4.03 4.03 4.04 4.03 4 3.94 3.85 3.75 3.65 3.55 3.46 3.38 3.3 3.23 3.17 3.13 3.09 3.06 3.04 3.03 3.02 3.03 3.04 3.05 3.06 3.08 3.09 3.1 3.11 3.12 3.13 3.13 3.14 3.14 3.14 3.14 3.15 3.17 3.28 3.42 3.56 3.72 3.88 4.05 4.22
10.6 10.1 9.65 9.22 8.9 8.59 8.26 7.93 7.58 7.24 6.9 6.59 6.28 6.01 5.75 5.51 5.28 5.07 4.88 4.71 4.56 4.42 4.3 4.21 4.14 4.09 4.05 4.03 4.01 3.99 3.96 3.91 3.84 3.76 3.67 3.57 3.48 3.39 3.32 3.24 3.18 3.12 3.08 3.04 3.01 2.99 2.98 2.97 2.98 2.99 3 3.01 3.03 3.04 3.05 3.07 3.08 3.09 3.1 3.11 3.12 3.12 3.13 3.15 3.2 3.29 3.42 3.57 3.72 3.89 4.06 4.25
9.97 9.57 9.18 8.81 8.51 8.22 7.93 7.64 7.34 7.04 6.74 6.45 6.18 5.92 5.67 5.44 5.23 5.03 4.84 4.68 4.53 4.4 4.29 4.2 4.14 4.08 4.04 4.01 3.97 3.93 3.87 3.82 3.75 3.66 3.58 3.49 3.41 3.32 3.25 3.18 3.12 3.06 3.02 2.98 2.96 2.93 2.92 2.92 2.92 2.93 2.94 2.96 2.97 2.98 3 3.02 3.03 3.05 3.07 3.08 3.09 3.11 3.13 3.17 3.22 3.31 3.43 3.57 3.72 3.89 4.07 4.26
9.39 9.07 8.75 8.45 8.17 7.91 7.64 7.38 7.12 6.85 6.59 6.33 6.07 5.84 5.6 5.38 5.17 4.98 4.8 4.64 4.49 4.36 4.25 4.17 4.11 4.05 4 3.96 3.91 3.86 3.79 3.73 3.65 3.57 3.49 3.41 3.33 3.25 3.18 3.11 3.05 3 2.96 2.92 2.89 2.87 2.86 2.86 2.86 2.88 2.89 2.9 2.91 2.93 2.94 2.96 2.99 3.01 3.03 3.05 3.07 3.09 3.13 3.18 3.24 3.33 3.44 3.57 3.72 3.88 4.06 4.25
8.88 8.62 8.35 8.09 7.85 7.61 7.38 7.15 6.92 6.68 6.44 6.2 5.97 5.75 5.53 5.33 5.13 4.94 4.76 4.6 4.45 4.31 4.2 4.12 4.05 4 3.94 3.9 3.84 3.78 3.71 3.64 3.56 3.48 3.41 3.33 3.26 3.18 3.11 3.04 2.98 2.93 2.89 2.85 2.83 2.81 2.79 2.8 2.8 2.82 2.83 2.84 2.85 2.87 2.89 2.91 2.93 2.96 2.98 3.01 3.04 3.07 3.12 3.17 3.24 3.33 3.43 3.56 3.7 3.86 4.03 4.22
8.4 8.18 7.96 7.74 7.53 7.33 7.13 6.93 6.72 6.51 6.29 6.08 5.86 5.66 5.46 5.27 5.08 4.9 4.72 4.55 4.39 4.25 4.13 4.04 3.97 3.92 3.87 3.82 3.77 3.71 3.63 3.56 3.48 3.4 3.33 3.25 3.18 3.1 3.03 2.97 2.91 2.86 2.82 2.78 2.76 2.74 2.73 2.73 2.74 2.75 2.77 2.78 2.79 2.8 2.82 2.85 2.88 2.91 2.94 2.97 3 3.04 3.09 3.15 3.22 3.31 3.41 3.52 3.66 3.81 3.98 4.16
7.95 7.76 7.57 7.38 7.21 7.04 6.89 6.73 6.53 6.33 6.14 5.95 5.76 5.58 5.39 5.21 5.04 4.87 4.69 4.51 4.34 4.18 4.03 3.93 3.88 3.83 3.78 3.74 3.69 3.63 3.56 3.48 3.4 3.32 3.25 3.17 3.1 3.03 2.96 2.89 2.84 2.78 2.75 2.71 2.69 2.67 2.66 2.67 2.68 2.69 2.7 2.71 2.72 2.73 2.76 2.79 2.82 2.85 2.89 2.92 2.96 3 3.05 3.11 3.18 3.27 3.36 3.47 3.6 3.74 3.9 4.07
7.5 7.34 7.18 7.03 6.88 6.74 6.62 6.49 6.32 6.14 5.97 5.81 5.64 5.49 5.32 5.16 5 4.83 4.65 4.47 4.3 4.11 3.94 3.82 3.78 3.75 3.7 3.66 3.61 3.55 3.48 3.4 3.32 3.24 3.17 3.09 3.02 2.95 2.88 2.82 2.76 2.71 2.67 2.64 2.61 2.59 2.59 2.6 2.61 2.63 2.64 2.65 2.66 2.67 2.7 2.73 2.76 2.79 2.83 2.87 2.91 2.95 3 3.06 3.13 3.21 3.3 3.4 3.51 3.64 3.79 3.95
7.06 6.93 6.8 6.67 6.55 6.43 6.32 6.21 6.08 5.94 5.8 5.67 5.53 5.4 5.25 5.12 4.97 4.81 4.62 4.44 4.26 4.08 3.9 3.78 3.72 3.68 3.62 3.58 3.52 3.47 3.41 3.33 3.25 3.16 3.09 3.02 2.95 2.87 2.81 2.74 2.69 2.64 2.6 2.56 2.53 2.52 2.52 2.53 2.55 2.56 2.57 2.59 2.6 2.62 2.64 2.67 2.7 2.74 2.77 2.81 2.85 2.89 2.94 2.99 3.06 3.13 3.21 3.31 3.41 3.53 3.66 3.8
6.63 6.51 6.41 6.3 6.21 6.11 6.02 5.93 5.83 5.73 5.63 5.53 5.42 5.32 5.19 5.08 4.94 4.78 4.6 4.42 4.25 4.07 3.91 3.78 3.68 3.61 3.53 3.48 3.42 3.38 3.33 3.26 3.17 3.08 3 2.93 2.87 2.79 2.73 2.67 2.61 2.56 2.52 2.48 2.45 2.44 2.45 2.47 2.48 2.5 2.51 2.53 2.54 2.56 2.59 2.61 2.64 2.67 2.71 2.74 2.78 2.82 2.86 2.91 2.97 3.04 3.11 3.19 3.28 3.39 3.5 3.62
