maui/input/month_year_rainfall/maui_prcp_09_2002.asc
ncols        361
nrows        320
xllcorner    -156.738000000000
yllcorner    20.343000000000
cellsize     0.002250000000
NODATA_value -3.4028234663852885981e+38
[rows 93 to 123 of 320, columns 70 to 139 of 361]
4.06 4.08 4.08 4.07 4.03 3.97 3.9 3.81 3.71 3.58 3.36 3.13 2.88 2.64 2.37 2.11 1.85 1.6 1.35 1.13 0.925 0.725 0.537 0.374 0.235 0.161 0.114 0.0896 0.0699 0.0557 0.0439 0.0344 0.0269 0.0211 0.0168 0.0134 0.0109 0.00908 0.00779 0.00681 0.00604 0.00536 0.00481 0.00439 0.00412 0.00398 0.00397 0.0041 0.00438 0.00481 0.0053 0.00587 0.00648 0.00716 0.00786 0.00868 0.0098 0.011 0.0123 0.0136 0.0149 0.0162 0.0174 0.0187 0.02 0.0214 0.0228 0.0243 0.0258 0.0274
3.68 3.74 3.77 3.8 3.8 3.77 3.73 3.68 3.59 3.47 3.3 3.11 2.89 2.66 2.4 2.15 1.88 1.63 1.38 1.16 0.943 0.737 0.542 0.375 0.234 0.16 0.111 0.0869 0.0671 0.053 0.0413 0.032 0.0248 0.0193 0.0151 0.012 0.00971 0.00803 0.00689 0.00606 0.00539 0.00483 0.00439 0.00407 0.00389 0.00382 0.0039 0.00412 0.0045 0.00503 0.00561 0.00628 0.00699 0.0078 0.00863 0.00961 0.0108 0.0121 0.0134 0.0148 0.0162 0.0176 0.0189 0.0203 0.0217 0.0232 0.0247 0.0263 0.0278 0.0294
3.32 3.4 3.46 3.52 3.55 3.55 3.54 3.51 3.45 3.35 3.21 3.06 2.86 2.65 2.41 2.17 1.9 1.65 1.4 1.17 0.953 0.744 0.546 0.378 0.237 0.162 0.111 0.0851 0.0647 0.0505 0.039 0.0298 0.0227 0.0175 0.0136 0.0107 0.00861 0.0071 0.00613 0.00543 0.00489 0.00444 0.00411 0.00388 0.00377 0.00377 0.00389 0.00422 0.0047 0.00532 0.006 0.00677 0.00759 0.00852 0.00949 0.0106 0.0119 0.0133 0.0147 0.0162 0.0177 0.0192 0.0207 0.0222 0.0237 0.0253 0.0268 0.0284 0.03 0.0317
2.97 3.07 3.14 3.23 3.29 3.32 3.34 3.33 3.29 3.22 3.12 2.99 2.82 2.63 2.4 2.17 1.91 1.66 1.41 1.18 0.96 0.747 0.549 0.379 0.237 0.163 0.11 0.0832 0.0623 0.048 0.0365 0.0276 0.0207 0.0158 0.0122 0.00953 0.00765 0.00634 0.00553 0.00496 0.00454 0.0042 0.00396 0.00381 0.00379 0.00386 0.00404 0.00445 0.005 0.00569 0.00646 0.00734 0.00826 0.0093 0.0104 0.0117 0.013 0.0146 0.0161 0.0177 0.0193 0.021 0.0226 0.0243 0.0259 0.0275 0.0291 0.0308 0.0325 0.0341
2.63 2.73 2.81 2.92 3 3.06 3.1 3.12 3.11 3.06 2.98 2.88 2.73 2.57 2.37 2.14 1.89 1.64 1.4 1.17 0.951 0.742 0.546 0.378 0.236 0.161 0.109 0.0812 0.0599 0.0455 0.0341 0.0254 0.0189 0.0142 0.0109 0.00854 0.00689 0.00577 0.0051 0.00465 0.00434 0.0041 0.00394 0.00387 0.00391 0.00406 0.00434 0.00478 0.00538 0.00613 0.00696 0.00793 0.00896 0.0101 0.0114 0.0128 0.0143 0.0159 0.0176 0.0193 0.0211 0.0229 0.0247 0.0264 0.0282 0.0299 0.0316 0.0333 0.0351 0.0369
2.29 2.39 2.48 2.6 2.71 2.79 2.86 2.9 2.92 2.89 2.83 2.75 2.62 2.49 2.3 2.09 1.84 1.61 1.38 1.15 0.937 0.732 0.54 0.374 0.232 0.159 0.106 0.0784 0.057 0.0427 0.0315 0.0232 0.0171 0.0128 0.00984 0.00776 0.00634 0.00538 0.00484 0.00449 0.00427 0.00411 0.00403 0.00402 0.00414 0.00436 0.0047 0.00519 0.00582 0.0066 0.00749 0.00855 0.00969 0.011 0.0124 0.0139 0.0156 0.0174 0.0193 0.0211 0.023 0.025 0.0269 0.0288 0.0306 0.0324 0.0341 0.036 0.0379 0.0398
1.99 2.08 2.16 2.28 2.39 2.5 2.58 2.65 2.68 2.68 2.64 2.58 2.47 2.35 2.18 1.99 1.77 1.56 1.33 1.11 0.909 0.713 0.529 0.367 0.228 0.155 0.102 0.0748 0.0535 0.0397 0.0291 0.0213 0.0155 0.0116 0.00899 0.0072 0.00598 0.00516 0.00474 0.00447 0.00432 0.00423 0.00422 0.00428 0.00447 0.00475 0.00514 0.00565 0.00629 0.00709 0.00804 0.00919 0.0104 0.0119 0.0134 0.0151 0.017 0.0189 0.021 0.023 0.0251 0.0272 0.0292 0.0312 0.0331 0.035 0.0368 0.0388 0.0409 0.043
1.71 1.78 1.85 1.97 2.08 2.2 2.3 2.39 2.44 2.46 2.44 2.39 2.3 2.19 2.04 1.88 1.68 1.49 1.27 1.07 0.875 0.688 0.513 0.356 0.221 0.149 0.0978 0.0708 0.0499 0.0366 0.0268 0.0196 0.0143 0.0107 0.00843 0.00685 0.00579 0.0051 0.00476 0.00456 0.00448 0.00446 0.00451 0.00463 0.00488 0.00521 0.00564 0.00618 0.0068 0.0076 0.00864 0.00989 0.0112 0.0128 0.0145 0.0164 0.0183 0.0205 0.0227 0.025 0.0273 0.0296 0.0318 0.0339 0.0359 0.0377 0.0396 0.0418 0.0441 0.0465
1.48 1.54 1.59 1.69 1.78 1.91 2.01 2.11 2.18 2.22 2.21 2.18 2.11 2.02 1.89 1.75 1.58 1.4 1.2 1.01 0.831 0.655 0.49 0.341 0.212 0.143 0.0929 0.0668 0.0466 0.034 0.0249 0.0185 0.0137 0.0104 0.00819 0.0067 0.00576 0.00516 0.0049 0.00476 0.00473 0.00477 0.00489 0.00507 0.00538 0.00576 0.00624 0.00682 0.00748 0.00829 0.0094 0.0107 0.0121 0.0138 0.0156 0.0175 0.0197 0.0221 0.0245 0.027 0.0296 0.0321 0.0346 0.0369 0.039 0.0408 0.0424 0.0449 0.0477 0.0502
1.27 1.31 1.36 1.43 1.51 1.62 1.73 1.84 1.92 1.97 1.98 1.97 1.91 1.84 1.73 1.61 1.46 1.3 1.12 0.95 0.78 0.616 0.462 0.322 0.2 0.135 0.0875 0.0629 0.044 0.0325 0.0239 0.0178 0.0134 0.0103 0.00816 0.00673 0.00586 0.00534 0.00514 0.00505 0.00508 0.00517 0.00534 0.00558 0.00594 0.00639 0.00693 0.00757 0.00832 0.00925 0.0103 0.0117 0.0131 0.0148 0.0166 0.0187 0.021 0.0236 0.0263 0.0291 0.032 0.0348 0.0376 0.0401 0.0425 0.0445 0.0463 0.049 0.0518 0.0544
1.07 1.12 1.16 1.21 1.26 1.37 1.47 1.58 1.66 1.72 1.75 1.75 1.71 1.65 1.56 1.46 1.33 1.19 1.03 0.879 0.722 0.571 0.429 0.299 0.187 0.126 0.0818 0.0592 0.0418 0.0313 0.0232 0.0175 0.0133 0.0103 0.00826 0.00689 0.00608 0.00563 0.00547 0.00542 0.00549 0.00563 0.00585 0.00615 0.00657 0.00709 0.0077 0.00841 0.00925 0.0103 0.0114 0.0127 0.0142 0.0159 0.0178 0.0199 0.0224 0.0251 0.0281 0.0312 0.0344 0.0376 0.0407 0.0436 0.0464 0.0488 0.0512 0.0537 0.0564 0.0588
0.891 0.941 0.986 1.02 1.06 1.14 1.23 1.33 1.41 1.48 1.52 1.53 1.5 1.47 1.39 1.31 1.19 1.07 0.938 0.801 0.66 0.523 0.394 0.275 0.173 0.118 0.078 0.0565 0.0398 0.0301 0.0226 0.0173 0.0133 0.0104 0.00846 0.00713 0.00638 0.00598 0.00586 0.00585 0.00596 0.00614 0.00642 0.00677 0.00725 0.00783 0.0085 0.00929 0.0102 0.0113 0.0124 0.0137 0.0152 0.0169 0.0188 0.0211 0.0237 0.0267 0.0299 0.0333 0.0368 0.0404 0.0439 0.0472 0.0503 0.0532 0.0559 0.0585 0.061 0.0633
0.727 0.776 0.821 0.857 0.893 0.949 1.01 1.1 1.18 1.25 1.29 1.31 1.3 1.28 1.22 1.15 1.05 0.954 0.838 0.719 0.595 0.473 0.356 0.251 0.159 0.111 0.0758 0.0545 0.038 0.0291 0.0221 0.0172 0.0134 0.0106 0.00871 0.00742 0.00672 0.00637 0.00628 0.00631 0.00646 0.00668 0.00701 0.00742 0.00796 0.00859 0.00932 0.0102 0.0111 0.0123 0.0134 0.0148 0.0162 0.0179 0.0198 0.0222 0.025 0.0282 0.0317 0.0354 0.0392 0.0431 0.047 0.0506 0.0542 0.0575 0.0604 0.0631 0.0656 0.0677
0.59 0.629 0.666 0.704 0.742 0.792 0.844 0.904 0.971 1.04 1.09 1.12 1.12 1.1 1.05 1 0.922 0.838 0.739 0.637 0.53 0.423 0.321 0.23 0.15 0.107 0.0743 0.0531 0.0366 0.0283 0.0217 0.0171 0.0135 0.0108 0.00899 0.00776 0.00712 0.00681 0.00674 0.0068 0.007 0.00727 0.00765 0.00811 0.00869 0.00936 0.0101 0.0111 0.0121 0.0132 0.0144 0.0158 0.0172 0.0189 0.0207 0.0231 0.0262 0.0297 0.0334 0.0374 0.0415 0.0457 0.05 0.0541 0.058 0.0615 0.0648 0.0675 0.0699 0.0718
0.47 0.497 0.523 0.564 0.605 0.655 0.696 0.726 0.78 0.855 0.904 0.936 0.94 0.933 0.898 0.856 0.792 0.724 0.641 0.555 0.464 0.374 0.287 0.211 0.145 0.104 0.0732 0.0519 0.0354 0.0276 0.0213 0.0169 0.0135 0.011 0.00926 0.00811 0.00753 0.00726 0.00723 0.00732 0.00757 0.0079 0.00833 0.00883 0.00944 0.0101 0.011 0.0119 0.0129 0.0141 0.0153 0.0167 0.0182 0.02 0.0219 0.0243 0.0276 0.0312 0.0351 0.0392 0.0437 0.0482 0.0529 0.0574 0.0616 0.0654 0.0688 0.0716 0.0738 0.0755
0.373 0.397 0.422 0.462 0.501 0.545 0.584 0.619 0.667 0.725 0.765 0.794 0.8 0.797 0.769 0.735 0.682 0.625 0.556 0.484 0.408 0.332 0.258 0.194 0.138 0.101 0.0711 0.0504 0.0343 0.0273 0.0213 0.0169 0.0136 0.0112 0.00957 0.0085 0.00798 0.00774 0.00773 0.00785 0.00815 0.00853 0.009 0.00954 0.0102 0.0109 0.0118 0.0127 0.0138 0.015 0.0163 0.0177 0.0193 0.0211 0.0232 0.0258 0.029 0.0326 0.0365 0.0408 0.0455 0.0503 0.0554 0.0603 0.065 0.069 0.0725 0.0752 0.0773 0.0787
0.288 0.312 0.336 0.374 0.411 0.448 0.486 0.531 0.572 0.61 0.639 0.663 0.669 0.669 0.647 0.62 0.577 0.531 0.474 0.416 0.354 0.291 0.231 0.178 0.131 0.097 0.0688 0.0487 0.0329 0.0266 0.021 0.0167 0.0135 0.0113 0.00989 0.00893 0.00845 0.00822 0.00823 0.0084 0.00875 0.00918 0.00968 0.0102 0.0109 0.0117 0.0126 0.0135 0.0146 0.0158 0.0172 0.0187 0.0203 0.0222 0.0245 0.0272 0.0303 0.0338 0.0377 0.0421 0.0469 0.0521 0.0575 0.0628 0.068 0.0723 0.0758 0.0783 0.0802 0.0814
0.231 0.251 0.272 0.306 0.339 0.378 0.415 0.453 0.487 0.516 0.539 0.558 0.565 0.566 0.548 0.527 0.491 0.453 0.406 0.357 0.306 0.255 0.205 0.16 0.12 0.0896 0.0641 0.0468 0.033 0.0262 0.0206 0.0166 0.0135 0.0116 0.0104 0.00948 0.00901 0.00876 0.00881 0.00903 0.00942 0.00986 0.0104 0.011 0.0117 0.0124 0.0133 0.0143 0.0154 0.0166 0.0179 0.0194 0.0211 0.0231 0.0254 0.0281 0.0311 0.0346 0.0385 0.0429 0.0478 0.0531 0.0589 0.0647 0.0705 0.0751 0.0784 0.0805 0.082 0.0831
0.183 0.2 0.218 0.247 0.277 0.316 0.352 0.384 0.41 0.43 0.448 0.463 0.468 0.47 0.457 0.441 0.412 0.38 0.342 0.303 0.261 0.22 0.18 0.143 0.109 0.0824 0.0595 0.0449 0.0329 0.0261 0.0205 0.0168 0.014 0.0122 0.011 0.0102 0.00968 0.00936 0.00946 0.00974 0.0101 0.0106 0.0111 0.0117 0.0124 0.0131 0.0139 0.0149 0.016 0.0172 0.0185 0.02 0.0217 0.0237 0.0259 0.0286 0.0316 0.035 0.0389 0.0431 0.048 0.0534 0.0594 0.0657 0.0724 0.0774 0.08 0.0815 0.0829 0.0839
0.149 0.165 0.181 0.205 0.231 0.264 0.296 0.324 0.347 0.366 0.38 0.39 0.395 0.396 0.386 0.373 0.349 0.323 0.291 0.258 0.225 0.191 0.158 0.127 0.0987 0.0753 0.0552 0.0424 0.0318 0.0258 0.0208 0.0174 0.0148 0.013 0.0118 0.011 0.0105 0.0103 0.0103 0.0106 0.0109 0.0113 0.0118 0.0124 0.013 0.0137 0.0145 0.0154 0.0164 0.0175 0.0188 0.0202 0.0219 0.0238 0.026 0.0286 0.0315 0.0348 0.0386 0.0428 0.0475 0.0527 0.0587 0.0652 0.0724 0.0777 0.0796 0.081 0.0824 0.0836
0.121 0.136 0.15 0.17 0.191 0.22 0.247 0.272 0.293 0.31 0.32 0.328 0.331 0.332 0.324 0.314 0.294 0.273 0.246 0.219 0.192 0.165 0.138 0.112 0.0888 0.0689 0.0516 0.0405 0.0312 0.0258 0.0213 0.018 0.0155 0.0138 0.0126 0.0119 0.0115 0.0112 0.0113 0.0114 0.0117 0.0121 0.0125 0.013 0.0136 0.0143 0.015 0.0158 0.0168 0.0177 0.0188 0.0202 0.0219 0.0237 0.0258 0.0284 0.0311 0.0343 0.0378 0.0418 0.0463 0.0513 0.0569 0.0629 0.0691 0.0738 0.0769 0.0789 0.0808 0.0824
0.1 0.113 0.126 0.143 0.161 0.185 0.209 0.233 0.251 0.266 0.275 0.281 0.283 0.283 0.277 0.268 0.251 0.233 0.212 0.19 0.167 0.145 0.122 0.1 0.0798 0.0634 0.0492 0.0396 0.0314 0.0261 0.0218 0.0187 0.0163 0.0146 0.0136 0.0128 0.0124 0.0122 0.0122 0.0123 0.0125 0.0128 0.0132 0.0137 0.0142 0.0148 0.0154 0.0162 0.0169 0.0177 0.0187 0.02 0.0216 0.0234 0.0255 0.0278 0.0305 0.0334 0.0367 0.0404 0.0446 0.0491 0.0544 0.0598 0.0651 0.0695 0.0732 0.0759 0.0784 0.0805
0.0843 0.0954 0.107 0.121 0.136 0.156 0.176 0.198 0.215 0.228 0.236 0.24 0.242 0.241 0.235 0.228 0.214 0.2 0.182 0.164 0.145 0.127 0.108 0.0899 0.0725 0.0587 0.0468 0.0384 0.0312 0.0263 0.0222 0.0193 0.017 0.0155 0.0144 0.0137 0.0133 0.013 0.013 0.013 0.0132 0.0135 0.0139 0.0143 0.0148 0.0153 0.0159 0.0165 0.0171 0.0177 0.0185 0.0199 0.0214 0.0231 0.025 0.0272 0.0297 0.0324 0.0354 0.0388 0.0426 0.0467 0.0515 0.0565 0.0613 0.0655 0.0694 0.0727 0.0757 0.0782
0.072 0.0816 0.0915 0.103 0.116 0.132 0.149 0.168 0.184 0.196 0.203 0.207 0.208 0.207 0.201 0.195 0.184 0.172 0.157 0.142 0.127 0.111 0.0967 0.0815 0.0669 0.0549 0.0443 0.037 0.0306 0.0263 0.0226 0.0199 0.0177 0.0163 0.0152 0.0145 0.0141 0.0138 0.0137 0.0138 0.0139 0.0141 0.0145 0.0148 0.0153 0.0158 0.0163 0.0168 0.0174 0.0179 0.0186 0.0199 0.0214 0.0229 0.0246 0.0266 0.0288 0.0312 0.0339 0.037 0.0405 0.0442 0.0486 0.0532 0.0578 0.0619 0.066 0.0696 0.073 0.0759
0.0631 0.0713 0.0798 0.0897 0.1 0.113 0.126 0.143 0.157 0.168 0.174 0.178 0.179 0.177 0.173 0.168 0.159 0.149 0.136 0.124 0.111 0.0981 0.0861 0.0736 0.0615 0.0514 0.0423 0.0358 0.0301 0.0263 0.023 0.0204 0.0184 0.017 0.016 0.0153 0.0149 0.0146 0.0145 0.0145 0.0146 0.0148 0.0151 0.0155 0.0159 0.0164 0.0169 0.0174 0.0179 0.0184 0.0192 0.0202 0.0215 0.0229 0.0243 0.0261 0.0281 0.0303 0.0328 0.0356 0.0388 0.0422 0.0463 0.0505 0.0549 0.0589 0.0631 0.0669 0.0705 0.0737
0.0564 0.0632 0.0704 0.0785 0.087 0.0969 0.108 0.12 0.132 0.143 0.149 0.153 0.153 0.152 0.149 0.145 0.138 0.129 0.119 0.108 0.0966 0.086 0.0762 0.0661 0.0562 0.048 0.0406 0.0349 0.0298 0.0263 0.0233 0.0209 0.019 0.0177 0.0167 0.016 0.0156 0.0153 0.0152 0.0151 0.0152 0.0154 0.0157 0.0161 0.0165 0.0169 0.0174 0.018 0.0185 0.0191 0.0197 0.0207 0.0217 0.0229 0.0242 0.0258 0.0275 0.0295 0.0318 0.0344 0.0374 0.0407 0.0444 0.0482 0.0524 0.0564 0.0606 0.0645 0.0682 0.0716
0.0511 0.0568 0.0629 0.0698 0.0768 0.0846 0.0932 0.103 0.113 0.123 0.129 0.133 0.133 0.133 0.13 0.127 0.121 0.114 0.105 0.0963 0.0865 0.0774 0.0689 0.0604 0.0523 0.0452 0.0388 0.034 0.0296 0.0265 0.0237 0.0214 0.0196 0.0183 0.0174 0.0167 -3.4e+38 -3.4e+38 0.0159 0.0158 0.0159 0.016 0.0164 0.0167 0.0171 0.0176 0.0181 0.0187 0.0192 0.0198 0.0205 0.0213 0.0222 0.0232 0.0244 0.0258 0.0273 0.0292 0.0313 0.0338 0.0367 0.0399 0.0434 0.0471 0.051 0.0549 0.0589 0.0627 0.0666 0.0701
0.0465 0.0513 0.0564 0.0621 0.0678 0.0738 0.0806 0.089 0.0975 0.106 0.111 0.115 0.116 0.116 0.114 0.111 0.106 0.101 0.0935 0.086 0.0778 0.07 0.0624 0.0553 0.0486 0.0426 0.037 0.033 0.0293 0.0265 0.024 0.0219 0.0201 -3.4e+38 -3.4e+38 -3.4e+38 -3.4e+38 -3.4e+38 -3.4e+38 -3.4e+38 -3.4e+38 -3.4e+38 -3.4e+38 0.0173 0.0178 0.0183 0.0188 0.0194 0.0199 0.0205 0.0212 0.022 0.0228 0.0237 0.0247 0.0259 0.0273 0.029 0.031 0.0334 0.0363 0.0393 0.0428 0.0463 0.0501 0.0538 0.0575 0.0612 0.0652 0.0688
-3.4e+38 -3.4e+38 -3.4e+38 -3.4e+38 -3.4e+38 -3.4e+38 0.0708 0.0775 0.0851 0.0932 0.0987 0.102 0.103 0.104 0.102 0.0994 0.0953 0.0908 0.0848 0.0785 0.0715 0.0647 0.058 0.0517 0.0458 0.0408 0.036 0.0325 0.0292 0.0266 0.0242 0.0223 -3.4e+38 -3.4e+38 -3.4e+38 -3.4e+38 -3.4e+38 -3.4e+38 -3.4e+38 -3.4e+38 -3.4e+38 -3.4e+38 -3.4e+38 -3.4e+38 -3.4e+38 0.0192 0.0197 0.0203 0.0209 0.0216 0.0222 0.023 0.0238 0.0247 0.0256 0.0267 0.0279 0.0294 0.0313 0.0337 0.0366 0.0397 0.0431 0.0465 0.0502 0.0538 0.0576 0.0612 0.0652 0.0687
-3.4e+38 -3.4e+38 -3.4e+38 -3.4e+38 -3.4e+38 -3.4e+38 -3.4e+38 -3.4e+38 0.0741 0.082 0.0875 0.0914 0.0923 0.0924 0.0906 0.0885 0.0853 0.0817 0.0768 0.0715 0.0656 0.0597 0.0537 0.0482 0.0431 0.039 0.0351 0.0319 0.0289 0.0265 -3.4e+38 -3.4e+38 -3.4e+38 -3.4e+38 -3.4e+38 -3.4e+38 -3.4e+38 -3.4e+38 -3.4e+38 -3.4e+38 -3.4e+38 -3.4e+38 -3.4e+38 -3.4e+38 -3.4e+38 -3.4e+38 -3.4e+38 0.0213 0.0219 0.0226 0.0233 0.0241 0.0249 0.0258 0.0267 0.0276 0.0286 0.0298 0.0318 0.0343 0.0372 0.0403 0.0436 0.047 0.0506 0.0542 0.0579 0.0615 0.0654 0.0689
-3.4e+38 -3.4e+38 -3.4e+38 -3.4e+38 -3.4e+38 -3.4e+38 -3.4e+38 -3.4e+38 -3.4e+38 -3.4e+38 0.0809 0.0842 0.0849 0.0851 0.0831 0.0811 0.078 0.0747 0.0704 0.0659 0.0609 0.0557 0.0505 0.0458 0.0414 0.0378 0.0343 0.0313 0.0285 0.0263 -3.4e+38 -3.4e+38 -3.4e+38 -3.4e+38 -3.4e+38 -3.4e+38 -3.4e+38 -3.4e+38 -3.4e+38 -3.4e+38 -3.4e+38 -3.4e+38 -3.4e+38 -3.4e+38 -3.4e+38 -3.4e+38 -3.4e+38 -3.4e+38 0.0233 0.0241 0.0248 0.0257 0.0266 0.0275 0.0284 0.0293 0.0302 0.0311 0.0332 0.0358 0.0388 0.042 0.0453 0.0487 0.0522 0.0557 0.0597 0.0635 0.0672 0.0706
