maui/input/month_year_rainfall/maui_prcp_07_2001.asc
ncols        361
nrows        320
xllcorner    -156.738000000000
yllcorner    20.343000000000
cellsize     0.002250000000
NODATA_value -3.4028234663852885981e+38
[rows 186 to 216 of 320, columns 142 to 212 of 361]
0.705 0.769 0.835 0.905 0.976 1.05 1.12 1.18 1.25 1.3 1.36 1.4 1.44 1.45 1.45 1.45 1.42 1.38 1.33 1.28 1.22 1.16 1.12 1.07 1.03 0.993 0.961 0.937 0.916 0.902 0.889 0.878 0.868 0.86 0.856 0.856 0.857 0.858 0.859 0.859 0.859 0.858 0.858 0.857 0.854 0.85 0.845 0.844 0.851 0.857 0.862 0.866 0.869 0.871 0.872 0.871 0.865 0.849 0.824 0.795 0.767 0.739 0.711 0.684 0.658 0.634 0.611 0.589 0.569 0.55 0.532
0.718 0.782 0.848 0.917 0.988 1.06 1.13 1.2 1.26 1.32 1.37 1.41 1.43 1.45 1.45 1.43 1.4 1.37 1.32 1.26 1.21 1.16 1.11 1.06 1.02 0.989 0.959 0.935 0.913 0.899 0.886 0.875 0.864 0.857 0.852 0.849 0.848 0.848 0.848 0.847 0.846 0.844 0.843 0.841 0.838 0.834 0.829 0.827 0.833 0.838 0.842 0.846 0.85 0.852 0.854 0.856 0.856 0.839 0.809 0.78 0.751 0.724 0.696 0.669 0.644 0.62 0.598 0.576 0.556 0.537 0.519
0.726 0.789 0.854 0.922 0.993 1.06 1.13 1.2 1.26 1.32 1.36 1.39 1.42 1.43 1.42 1.41 1.38 1.35 1.3 1.25 1.19 1.14 1.1 1.05 1.02 0.983 0.954 0.93 0.909 0.894 0.88 0.87 0.859 0.852 0.846 0.842 0.839 0.837 0.836 0.834 0.832 0.828 0.826 0.824 0.819 0.815 0.811 0.811 0.813 0.817 0.819 0.823 0.826 0.828 0.829 0.83 0.827 0.812 0.787 0.759 0.731 0.705 0.679 0.653 0.629 0.605 0.583 0.562 0.542 0.524 0.506
0.731 0.792 0.856 0.922 0.992 1.06 1.13 1.19 1.25 1.3 1.34 1.37 1.39 1.39 1.39 1.37 1.34 1.31 1.27 1.22 1.17 1.12 1.08 1.04 1 0.973 0.945 0.922 0.901 0.886 0.872 0.861 0.851 0.843 0.836 0.831 0.827 0.824 0.821 0.818 0.815 0.811 0.808 0.804 0.799 0.795 0.792 0.79 0.792 0.793 0.794 0.796 0.799 0.8 0.8 0.797 0.791 0.778 0.758 0.733 0.709 0.685 0.66 0.635 0.612 0.59 0.568 0.547 0.528 0.51 0.492
0.731 0.789 0.851 0.915 0.983 1.05 1.11 1.17 1.23 1.28 1.31 1.34 1.35 1.35 1.34 1.32 1.3 1.27 1.23 1.18 1.14 1.1 1.06 1.02 0.987 0.958 0.931 0.909 0.889 0.874 0.86 0.848 0.837 0.829 0.821 0.815 0.81 0.806 0.802 0.799 0.795 0.79 0.786 0.782 0.777 0.772 0.769 0.766 0.766 0.766 0.767 0.768 0.769 0.768 0.766 0.762 0.755 0.743 0.727 0.706 0.684 0.662 0.639 0.617 0.595 0.574 0.553 0.533 0.514 0.496 0.478
0.727 0.782 0.84 0.901 0.966 1.03 1.09 1.15 1.2 1.24 1.27 1.29 1.3 1.3 1.29 1.27 1.25 1.22 1.18 1.14 1.1 1.07 1.03 0.996 0.965 0.938 0.913 0.892 0.873 0.858 0.843 0.831 0.82 0.811 0.803 0.796 0.79 0.785 0.781 0.777 0.772 0.767 0.763 0.758 0.752 0.747 0.743 0.74 0.739 0.738 0.738 0.737 0.737 0.735 0.732 0.727 0.72 0.71 0.696 0.678 0.659 0.639 0.618 0.597 0.577 0.557 0.537 0.518 0.5 0.483 0.465
0.719 0.77 0.823 0.881 0.944 1 1.06 1.11 1.16 1.2 1.22 1.24 1.25 1.24 1.23 1.21 1.19 1.16 1.13 1.1 1.06 1.03 0.997 0.967 0.94 0.915 0.892 0.872 0.854 0.838 0.823 0.811 0.799 0.79 0.782 0.774 0.768 0.762 0.758 0.753 0.748 0.742 0.737 0.731 0.726 0.72 0.716 0.713 0.71 0.709 0.707 0.706 0.705 0.702 0.698 0.693 0.686 0.677 0.665 0.65 0.633 0.615 0.596 0.577 0.558 0.539 0.521 0.504 0.486 0.47 0.453
0.709 0.755 0.802 0.858 0.92 0.977 1.03 1.08 1.12 1.15 1.18 1.19 1.19 1.19 1.17 1.16 1.14 1.11 1.08 1.05 1.02 0.992 0.963 0.936 0.91 0.887 0.866 0.848 0.83 0.815 0.8 0.787 0.775 0.766 0.757 0.749 0.741 0.735 0.729 0.723 0.718 0.711 0.705 0.699 0.693 0.688 0.684 0.681 0.679 0.677 0.675 0.674 0.673 0.67 0.666 0.662 0.656 0.648 0.637 0.624 0.609 0.593 0.576 0.558 0.54 0.522 0.505 0.489 0.473 0.457 0.442
0.698 0.741 0.786 0.838 0.897 0.949 1 1.04 1.08 1.1 1.12 1.13 1.14 1.13 1.12 1.1 1.08 1.06 1.03 1.01 0.979 0.952 0.926 0.901 0.878 0.857 0.837 0.82 0.803 0.788 0.773 0.761 0.748 0.738 0.728 0.72 0.712 0.704 0.697 0.69 0.684 0.676 0.669 0.663 0.657 0.652 0.649 0.646 0.645 0.643 0.642 0.641 0.64 0.639 0.636 0.633 0.627 0.621 0.612 0.601 0.587 0.573 0.557 0.54 0.523 0.506 0.489 0.474 0.46 0.446 0.431
0.687 0.729 0.774 0.822 0.875 0.923 0.97 1.01 1.04 1.06 1.08 1.08 1.08 1.07 1.06 1.05 1.03 1.01 0.985 0.962 0.938 0.914 0.891 0.868 0.846 0.827 0.808 0.791 0.775 0.76 0.745 0.733 0.721 0.71 0.7 0.691 0.682 0.675 0.669 0.662 0.655 0.646 0.638 0.631 0.625 0.62 0.617 0.615 0.613 0.613 0.612 0.612 0.611 0.611 0.609 0.606 0.602 0.596 0.589 0.579 0.567 0.554 0.539 0.524 0.507 0.49 0.474 0.46 0.448 0.435 0.422
0.674 0.714 0.757 0.802 0.849 0.893 0.936 0.97 0.997 1.01 1.02 1.02 1.02 1.01 1 0.987 0.971 0.954 0.936 0.917 0.896 0.875 0.854 0.833 0.813 0.795 0.777 0.76 0.744 0.73 0.716 0.703 0.691 0.68 0.67 0.66 0.651 0.643 0.638 0.633 0.625 0.615 0.606 0.598 0.593 0.589 0.585 0.583 0.582 0.582 0.582 0.583 0.583 0.583 0.582 0.58 0.577 0.572 0.566 0.558 0.548 0.536 0.523 0.509 0.492 0.476 0.459 0.448 0.437 0.426 0.414
0.662 0.7 0.741 0.782 0.825 0.865 0.905 0.936 0.96 0.972 0.976 0.976 0.971 0.963 0.952 0.939 0.925 0.91 0.894 0.878 0.859 0.84 0.82 0.801 0.783 0.765 0.747 0.73 0.714 0.699 0.685 0.672 0.659 0.648 0.638 0.628 0.619 0.612 0.606 0.601 0.594 0.585 0.578 0.571 0.566 0.561 0.559 0.557 0.556 0.556 0.556 0.558 0.558 0.559 0.559 0.558 0.556 0.552 0.547 0.54 0.531 0.521 0.51 0.497 0.482 0.467 0.452 0.442 0.431 0.421 0.41
0.647 0.683 0.72 0.757 0.796 0.832 0.869 0.899 0.921 0.926 0.927 0.924 0.919 0.911 0.902 0.891 0.878 0.866 0.852 0.838 0.821 0.804 0.786 0.768 0.751 0.733 0.715 0.699 0.683 0.668 0.653 0.64 0.627 0.616 0.605 0.595 0.586 0.579 0.573 0.567 0.561 0.553 0.548 0.542 0.537 0.534 0.532 0.531 0.53 0.53 0.531 0.533 0.534 0.536 0.537 0.536 0.535 0.532 0.528 0.522 0.516 0.507 0.497 0.486 0.474 0.461 0.449 0.438 0.427 0.417 0.406
0.633 0.666 0.7 0.734 0.77 0.804 0.838 0.867 0.888 0.891 0.891 0.888 0.884 0.877 0.868 0.858 0.846 0.834 0.82 0.806 0.79 0.774 0.757 0.739 0.722 0.705 0.688 0.671 0.655 0.64 0.625 0.612 0.599 0.588 0.577 0.567 0.558 0.551 0.545 0.539 0.533 0.526 0.521 0.517 0.513 0.509 0.508 0.508 0.507 0.508 0.509 0.511 0.513 0.515 0.517 0.517 0.517 0.515 0.513 0.509 0.503 0.496 0.488 0.479 0.468 0.457 0.445 0.435 0.424 0.414 0.403
0.618 0.648 0.679 0.71 0.742 0.772 0.801 0.825 0.843 0.85 0.853 0.851 0.848 0.843 0.834 0.825 0.814 0.802 0.789 0.776 0.761 0.745 0.728 0.711 0.694 0.677 0.659 0.643 0.627 0.612 0.597 0.584 0.572 0.56 0.549 0.54 0.532 0.525 0.518 0.512 0.506 0.499 0.496 0.491 0.488 0.486 0.485 0.485 0.486 0.487 0.488 0.491 0.493 0.496 0.499 0.5 0.501 0.501 0.499 0.497 0.493 0.487 0.48 0.472 0.462 0.452 0.442 0.431 0.421 0.411 0.399
0.604 0.631 0.66 0.688 0.717 0.744 0.77 0.79 0.806 0.815 0.82 0.821 0.819 0.814 0.807 0.798 0.788 0.777 0.764 0.751 0.736 0.72 0.703 0.686 0.668 0.651 0.633 0.617 0.601 0.587 0.574 0.561 0.549 0.538 0.527 0.518 0.51 0.502 0.495 0.488 0.483 0.476 0.473 0.469 0.467 0.465 0.466 0.467 0.468 0.47 0.473 0.476 0.48 0.484 0.487 0.489 0.491 0.491 0.49 0.488 0.485 0.48 0.473 0.466 0.457 0.448 0.438 0.428 0.417 0.407 0.396
0.59 0.615 0.641 0.666 0.692 0.716 0.739 0.757 0.772 0.782 0.788 0.79 0.79 0.786 0.78 0.773 0.763 0.753 0.741 0.728 0.712 0.697 0.68 0.663 0.645 0.627 0.61 0.594 0.578 0.565 0.553 0.541 0.529 0.519 0.508 0.5 0.492 0.484 0.477 0.47 0.464 0.459 0.456 0.452 0.451 0.45 0.45 0.452 0.454 0.457 0.46 0.464 0.468 0.472 0.476 0.479 0.481 0.482 0.482 0.48 0.477 0.473 0.467 0.46 0.451 0.443 0.433 0.424 0.414 0.404 0.393
0.578 0.601 0.624 0.646 0.669 0.691 0.711 0.728 0.742 0.752 0.759 0.762 0.762 0.76 0.755 0.749 0.74 0.732 0.719 0.706 0.691 0.676 0.66 0.642 0.625 0.607 0.59 0.575 0.56 0.548 0.536 0.525 0.514 0.504 0.495 0.487 0.479 0.473 0.466 0.459 0.454 0.449 0.446 0.442 0.441 0.44 0.441 0.443 0.445 0.447 0.451 0.455 0.459 0.463 0.466 0.469 0.471 0.473 0.473 0.472 0.469 0.465 0.46 0.453 0.446 0.438 0.429 0.42 0.41 0.4 0.39
0.568 0.588 0.609 0.629 0.649 0.667 0.685 0.701 0.714 0.724 0.731 0.735 0.736 0.735 0.732 0.727 0.719 0.712 0.699 0.687 0.672 0.657 0.641 0.624 0.606 0.589 0.572 0.557 0.543 0.531 0.519 0.509 0.499 0.49 0.482 0.474 0.468 0.461 0.455 0.448 0.444 0.44 0.438 0.435 0.434 0.433 0.434 0.435 0.437 0.44 0.443 0.446 0.45 0.454 0.457 0.46 0.463 0.464 0.465 0.464 0.462 0.458 0.453 0.448 0.44 0.433 0.424 0.416 0.407 0.397 0.388
0.559 0.577 0.595 0.613 0.63 0.646 0.661 0.674 0.687 0.697 0.704 0.708 0.711 0.711 0.71 0.706 0.7 0.692 0.68 0.668 0.654 0.639 0.623 0.606 0.588 0.571 0.555 0.541 0.527 0.515 0.503 0.494 0.484 0.476 0.469 0.463 0.457 0.451 0.445 0.439 0.436 0.433 0.431 0.428 0.427 0.427 0.427 0.428 0.43 0.433 0.436 0.439 0.441 0.445 0.449 0.452 0.454 0.456 0.457 0.456 0.454 0.451 0.447 0.442 0.435 0.428 0.42 0.412 0.404 0.395 0.387
0.552 0.569 0.585 0.601 0.616 0.63 0.644 0.656 0.668 0.678 0.685 0.69 0.693 0.694 0.693 0.691 0.685 0.678 0.666 0.654 0.64 0.626 0.609 0.593 0.575 0.558 0.543 0.529 0.515 0.504 0.493 0.484 0.475 0.468 0.461 0.456 0.45 0.444 0.438 0.433 0.43 0.428 0.426 0.424 0.422 0.421 0.422 0.422 0.424 0.426 0.429 0.431 0.434 0.437 0.441 0.444 0.447 0.448 0.449 0.448 0.447 0.444 0.441 0.436 0.43 0.424 0.417 0.41 0.402 0.394 0.386
0.546 0.561 0.576 0.59 0.604 0.617 0.629 0.641 0.652 0.661 0.669 0.674 0.677 0.679 0.679 0.677 0.671 0.665 0.654 0.642 0.629 0.614 0.598 0.581 0.563 0.547 0.532 0.519 0.505 0.495 0.485 0.476 0.468 0.461 0.455 0.45 0.445 0.438 0.433 0.428 0.426 0.424 0.422 0.419 0.418 0.417 0.416 0.416 0.418 0.419 0.422 0.424 0.426 0.429 0.432 0.436 0.439 0.44 0.441 0.441 0.44 0.438 0.435 0.431 0.426 0.42 0.414 0.407 -3.4e+38 0.393 -3.4e+38
-3.4e+38 0.556 0.57 0.583 0.595 0.607 0.619 0.631 0.641 0.65 0.657 0.662 0.665 0.667 0.667 0.665 0.66 0.654 0.643 0.632 0.619 0.604 0.589 0.572 0.555 0.54 0.526 0.512 0.5 0.489 0.478 0.471 0.463 0.456 0.451 0.447 0.442 0.435 0.43 0.425 0.423 0.421 0.419 0.416 0.414 0.413 0.412 0.412 0.413 0.414 0.415 0.417 0.419 0.422 0.424 0.428 0.431 0.433 0.434 0.435 0.434 0.432 0.43 0.426 0.422 0.417 -3.4e+38 -3.4e+38 -3.4e+38 -3.4e+38 -3.4e+38
-3.4e+38 0.551 0.564 0.575 0.586 0.599 0.61 0.62 0.63 0.638 0.645 0.65 0.654 0.656 0.656 0.654 0.649 0.643 0.632 0.621 0.608 0.595 0.579 0.563 0.547 0.533 0.519 0.507 0.495 0.483 0.472 0.465 0.459 0.452 0.447 0.444 0.439 0.432 0.427 0.422 0.42 0.418 0.415 0.413 0.411 0.409 0.408 0.408 0.408 0.408 0.408 0.409 0.411 0.414 0.416 0.42 0.423 0.426 0.428 0.428 0.428 0.427 0.425 0.422 -3.4e+38 -3.4e+38 -3.4e+38 -3.4e+38 -3.4e+38 -3.4e+38 -3.4e+38
-3.4e+38 0.547 0.559 0.569 0.58 0.591 0.602 0.611 0.62 0.628 0.634 0.639 0.643 0.645 0.644 0.643 0.638 0.633 0.623 0.613 0.601 0.588 0.573 0.558 0.543 0.529 0.516 0.504 0.492 0.481 0.47 0.462 0.454 0.449 0.444 0.44 0.436 0.43 0.425 0.421 0.418 0.416 0.413 0.41 0.408 0.406 0.404 0.403 0.403 0.403 0.402 0.403 0.404 0.407 0.41 0.413 0.416 0.419 0.421 0.422 0.423 -3.4e+38 -3.4e+38 -3.4e+38 -3.4e+38 -3.4e+38 -3.4e+38 -3.4e+38 -3.4e+38 -3.4e+38 -3.4e+38
-3.4e+38 0.543 0.553 0.563 0.573 0.584 0.593 0.602 0.61 0.617 0.623 0.628 0.631 0.633 0.633 0.632 0.628 0.623 0.614 0.604 0.593 0.581 0.567 0.553 0.539 0.526 0.513 0.501 0.489 0.478 0.467 0.458 0.45 0.445 0.441 0.436 0.432 0.427 0.423 0.42 0.417 0.413 0.41 0.407 0.405 0.402 0.4 0.399 0.398 0.397 0.396 0.396 0.397 0.4 0.403 0.406 0.409 0.412 0.415 0.416 -3.4e+38 -3.4e+38 -3.4e+38 -3.4e+38 -3.4e+38 -3.4e+38 -3.4e+38 -3.4e+38 -3.4e+38 -3.4e+38 -3.4e+38
-3.4e+38 0.539 0.549 0.558 0.568 0.577 0.586 0.593 0.6 0.607 0.612 0.617 0.62 0.622 0.622 0.621 0.617 0.613 0.605 0.596 0.586 0.574 0.561 0.548 0.535 0.522 0.51 0.498 0.486 0.475 0.464 0.456 0.448 0.442 0.437 0.433 0.429 0.426 0.422 0.419 0.415 0.411 0.408 0.404 0.401 0.399 0.397 0.395 0.394 0.392 0.391 0.391 0.392 0.394 0.397 0.401 0.404 0.406 0.409 -3.4e+38 -3.4e+38 -3.4e+38 -3.4e+38 -3.4e+38 -3.4e+38 -3.4e+38 -3.4e+38 -3.4e+38 -3.4e+38 -3.4e+38 -3.4e+38
-3.4e+38 -3.4e+38 0.544 0.553 0.562 0.57 0.578 0.584 0.59 0.597 0.602 0.606 0.609 0.611 0.611 0.61 0.607 0.603 0.596 0.588 0.578 0.568 0.556 0.543 0.531 0.519 0.507 0.495 0.483 0.472 0.462 0.454 0.446 0.44 0.434 0.43 0.426 0.424 0.421 0.418 0.414 0.409 0.405 0.401 0.398 0.396 0.394 0.392 0.39 0.388 0.386 0.386 0.386 0.389 0.392 0.395 -3.4e+38 -3.4e+38 -3.4e+38 -3.4e+38 -3.4e+38 -3.4e+38 -3.4e+38 -3.4e+38 -3.4e+38 -3.4e+38 -3.4e+38 -3.4e+38 -3.4e+38 -3.4e+38 -3.4e+38
-3.4e+38 -3.4e+38 -3.4e+38 0.547 0.555 -3.4e+38 0.57 0.576 0.582 0.588 0.593 0.598 0.601 0.602 0.602 0.601 0.598 0.594 0.587 0.579 0.571 0.561 0.55 0.539 0.527 0.516 0.505 0.493 0.481 0.47 0.46 0.452 -3.4e+38 -3.4e+38 0.432 0.427 0.424 0.422 -3.4e+38 -3.4e+38 -3.4e+38 -3.4e+38 -3.4e+38 -3.4e+38 -3.4e+38 -3.4e+38 -3.4e+38 -3.4e+38 -3.4e+38 -3.4e+38 -3.4e+38 -3.4e+38 -3.4e+38 -3.4e+38 -3.4e+38 -3.4e+38 -3.4e+38 -3.4e+38 -3.4e+38 -3.4e+38 -3.4e+38 -3.4e+38 -3.4e+38 -3.4e+38 -3.4e+38 -3.4e+38 -3.4e+38 -3.4e+38 -3.4e+38 -3.4e+38 -3.4e+38
-3.4e+38 -3.4e+38 -3.4e+38 -3.4e+38 -3.4e+38 -3.4e+38 0.562 0.568 0.574 0.58 0.585 0.589 0.592 0.594 0.594 0.593 0.589 0.585 0.578 0.571 0.563 0.555 0.545 0.534 0.524 0.513 0.502 0.49 0.478 0.468 -3.4e+38 -3.4e+38 -3.4e+38 -3.4e+38 -3.4e+38 0.425 -3.4e+38 -3.4e+38 -3.4e+38 -3.4e+38 -3.4e+38 -3.4e+38 -3.4e+38 -3.4e+38 -3.4e+38 -3.4e+38 -3.4e+38 -3.4e+38 -3.4e+38 -3.4e+38 -3.4e+38 -3.4e+38 -3.4e+38 -3.4e+38 -3.4e+38 -3.4e+38 -3.4e+38 -3.4e+38 -3.4e+38 -3.4e+38 -3.4e+38 -3.4e+38 -3.4e+38 -3.4e+38 -3.4e+38 -3.4e+38 -3.4e+38 -3.4e+38 -3.4e+38 -3.4e+38 -3.4e+38
-3.4e+38 -3.4e+38 -3.4e+38 -3.4e+38 -3.4e+38 -3.4e+38 -3.4e+38 -3.4e+38 -3.4e+38 -3.4e+38 -3.4e+38 -3.4e+38 -3.4e+38 -3.4e+38 -3.4e+38 -3.4e+38 0.58 0.576 0.57 0.563 0.556 0.548 0.539 0.529 0.52 0.51 0.5 -3.4e+38 -3.4e+38 -3.4e+38 -3.4e+38 -3.4e+38 -3.4e+38 -3.4e+38 -3.4e+38 -3.4e+38 -3.4e+38 -3.4e+38 -3.4e+38 -3.4e+38 -3.4e+38 -3.4e+38 -3.4e+38 -3.4e+38 -3.4e+38 -3.4e+38 -3.4e+38 -3.4e+38 -3.4e+38 -3.4e+38 -3.4e+38 -3.4e+38 -3.4e+38 -3.4e+38 -3.4e+38 -3.4e+38 -3.4e+38 -3.4e+38 -3.4e+38 -3.4e+38 -3.4e+38 -3.4e+38 -3.4e+38 -3.4e+38 -3.4e+38 -3.4e+38 -3.4e+38 -3.4e+38 -3.4e+38 -3.4e+38 -3.4e+38
