maui/input/month_year_rainfall/maui_prcp_05_2002.asc
ncols        361
nrows        320
xllcorner    -156.738000000000
yllcorner    20.343000000000
cellsize     0.002250000000
NODATA_value -3.4028234663852885981e+38
[rows 64 to 95 of 320, columns 144 to 215 of 361]
-3.4e+38 -3.4e+38 -3.4e+38 -3.4e+38 -3.4e+38 -3.4e+38 -3.4e+38 -3.4e+38 -3.4e+38 -3.4e+38 -3.4e+38 2.54 2.56 2.59 2.62 2.64 2.67 2.7 2.73 2.77 2.81 2.86 2.92 2.97 3.02 3.07 3.12 3.17 3.22 3.27 3.33 3.4 3.48 3.58 3.69 3.8 3.91 4.02 4.12 4.21 4.29 4.36 4.43 4.48 4.53 4.57 4.61 4.66 4.72 4.79 4.86 4.94 5.02 5.11 5.2 5.3 5.41 5.51 5.63 5.76 5.89 6.04 6.2 6.38 6.56 6.76 6.98 7.2 7.44 7.69 7.95 8.21
-3.4e+38 -3.4e+38 -3.4e+38 -3.4e+38 -3.4e+38 2.44 -3.4e+38 -3.4e+38 2.48 2.49 2.51 2.54 2.56 2.59 2.62 2.65 2.69 2.72 2.76 2.8 2.85 2.91 2.97 3.03 3.08 3.13 3.18 3.23 3.28 3.33 3.39 3.46 3.55 3.64 3.75 3.86 3.97 4.07 4.17 4.27 4.35 4.43 4.5 4.56 4.6 4.64 4.68 4.73 4.78 4.84 4.91 4.98 5.06 5.15 5.24 5.34 5.45 5.56 5.69 5.82 5.96 6.12 6.29 6.47 6.66 6.86 7.09 7.32 7.57 7.82 8.09 8.36
-3.4e+38 -3.4e+38 -3.4e+38 2.4 2.42 2.43 2.44 2.45 2.47 2.49 2.51 2.54 2.57 2.6 2.63 2.67 2.71 2.74 2.79 2.84 2.9 2.96 3.03 3.08 3.14 3.19 3.23 3.28 3.33 3.38 3.44 3.52 3.6 3.7 3.8 3.91 4.01 4.12 4.22 4.32 4.42 4.5 4.57 4.62 4.66 4.7 4.74 4.78 4.83 4.89 4.96 5.02 5.1 5.19 5.28 5.38 5.49 5.61 5.74 5.89 6.04 6.2 6.38 6.57 6.77 6.98 7.21 7.45 7.7 7.97 8.24 8.53
-3.4e+38 2.37 2.38 2.4 2.41 2.42 2.43 2.45 2.46 2.48 2.51 2.54 2.57 2.61 2.65 2.68 2.73 2.77 2.83 2.89 2.95 3.02 3.08 3.14 3.19 3.24 3.28 3.32 3.37 3.42 3.49 3.56 3.64 3.73 3.83 3.94 4.04 4.15 4.25 4.36 4.46 4.55 4.62 4.67 4.7 4.73 4.77 4.81 4.86 4.92 4.98 5.05 5.13 5.21 5.31 5.42 5.53 5.66 5.79 5.94 6.11 6.28 6.47 6.66 6.87 7.09 7.33 7.58 7.85 8.12 8.41 8.7
2.35 2.36 2.37 2.39 2.4 2.41 2.42 2.44 2.46 2.48 2.51 2.54 2.58 2.62 2.67 2.71 2.76 2.81 2.87 2.93 3 3.07 3.14 3.2 3.25 3.29 3.33 3.36 3.41 3.46 3.53 3.6 3.68 3.76 3.86 3.96 4.06 4.17 4.27 4.38 4.5 4.6 4.66 4.7 4.73 4.75 4.79 4.83 4.88 4.93 5 5.07 5.14 5.23 5.33 5.44 5.56 5.69 5.84 6 6.17 6.35 6.55 6.75 6.98 7.21 7.46 7.72 8 8.29 8.58 8.88
2.33 2.35 2.36 2.37 2.38 2.4 2.41 2.43 2.45 2.48 2.51 2.54 2.59 2.63 2.69 2.73 2.79 2.84 2.91 2.97 3.05 3.12 3.19 3.24 3.29 3.33 3.36 3.39 3.43 3.49 3.56 3.62 3.7 3.78 3.86 3.96 4.05 4.15 4.26 4.37 4.49 4.61 4.66 4.68 4.71 4.74 4.77 4.81 4.86 4.92 4.98 5.05 5.14 5.23 5.33 5.45 5.58 5.71 5.87 6.04 6.22 6.42 6.63 6.85 7.08 7.33 7.6 7.87 8.16 8.46 8.77 9.08
2.32 2.33 2.34 2.36 2.37 2.38 2.4 2.42 2.44 2.47 2.51 2.54 2.59 2.64 2.71 2.76 2.82 2.87 2.95 3.02 3.1 3.17 3.24 3.29 3.34 3.38 3.4 3.43 3.46 3.52 3.58 3.64 3.71 3.79 3.86 3.95 4.04 4.13 4.23 4.34 4.45 4.55 4.61 4.64 4.68 4.71 4.74 4.78 4.83 4.89 4.96 5.03 5.12 5.22 5.33 5.45 5.59 5.73 5.9 6.08 6.28 6.48 6.71 6.94 7.19 7.45 7.74 8.03 8.33 8.64 8.96 9.28
2.31 2.32 2.33 2.34 2.35 2.36 2.38 2.4 2.43 2.46 2.5 2.54 2.59 2.64 2.71 2.77 2.83 2.9 2.97 3.05 3.13 3.2 3.27 3.33 3.37 3.41 3.43 3.46 3.49 3.54 3.59 3.65 3.71 3.77 3.84 3.91 3.99 4.08 4.17 4.26 4.36 4.44 4.51 4.56 4.6 4.64 4.68 4.72 4.77 4.83 4.9 4.98 5.07 5.17 5.29 5.42 5.57 5.73 5.91 6.1 6.31 6.54 6.78 7.03 7.29 7.57 7.87 8.17 8.49 8.81 9.14 9.47
2.29 2.3 2.31 2.32 2.33 2.35 2.36 2.39 2.42 2.45 2.49 2.53 2.58 2.64 2.71 2.77 2.84 2.91 3 3.08 3.16 3.24 3.31 3.36 3.41 3.44 3.47 3.49 3.52 3.56 3.6 3.66 3.71 3.76 3.82 3.88 3.95 4.02 4.1 4.18 4.27 4.35 4.42 4.47 4.52 4.56 4.61 4.65 4.71 4.77 4.84 4.92 5.01 5.12 5.24 5.38 5.54 5.72 5.91 6.12 6.35 6.59 6.84 7.11 7.39 7.69 8 8.31 8.64 8.98 9.32 9.67
2.27 2.28 2.28 2.3 2.31 2.33 2.35 2.37 2.4 2.43 2.47 2.51 2.57 2.62 2.7 2.76 2.84 2.92 3.01 3.1 3.18 3.26 3.33 3.38 3.43 3.45 3.48 3.5 3.52 3.55 3.59 3.64 3.69 3.73 3.77 3.81 3.87 3.93 4.01 4.08 4.16 4.24 4.31 4.37 4.42 4.47 4.52 4.57 4.63 4.69 4.76 4.84 4.93 5.04 5.17 5.32 5.49 5.68 5.89 6.12 6.36 6.62 6.89 7.17 7.47 7.78 8.1 8.43 8.78 9.13 9.49 9.86
2.24 2.25 2.26 2.27 2.29 2.31 2.32 2.35 2.38 2.41 2.45 2.5 2.55 2.61 2.68 2.75 2.84 2.92 3.02 3.11 3.2 3.27 3.34 3.4 3.44 3.47 3.49 3.5 3.52 3.54 3.58 3.61 3.65 3.68 3.71 3.74 3.79 3.85 3.92 3.99 4.06 4.13 4.2 4.27 4.33 4.38 4.44 4.49 4.55 4.61 4.68 4.75 4.85 4.96 5.1 5.26 5.44 5.65 5.87 6.11 6.37 6.64 6.92 7.22 7.53 7.86 8.2 8.54 8.91 9.28 9.65 10
2.22 2.23 2.24 2.25 2.26 2.28 2.3 2.33 2.36 2.39 2.43 2.48 2.54 2.59 2.67 2.74 2.83 2.92 3.01 3.11 3.2 3.28 3.35 3.4 3.44 3.46 3.48 3.49 3.5 3.52 3.54 3.56 3.59 3.61 3.63 3.66 3.7 3.76 3.82 3.89 3.96 4.03 4.11 4.17 4.24 4.3 4.35 4.41 4.46 4.52 4.59 4.66 4.75 4.86 5 5.18 5.38 5.6 5.84 6.09 6.36 6.65 6.95 7.26 7.58 7.92 8.27 8.63 9 9.39 9.79 10.2
2.19 2.2 2.21 2.23 2.24 2.26 2.28 2.31 2.34 2.37 2.41 2.46 2.52 2.57 2.65 2.72 2.81 2.9 3 3.1 3.19 3.28 3.35 3.4 3.44 3.46 3.47 3.47 3.48 3.48 3.5 3.51 3.53 3.54 3.56 3.58 3.62 3.67 3.73 3.8 3.87 3.94 4.02 4.09 4.16 4.22 4.28 4.33 4.39 4.44 4.5 4.57 4.65 4.76 4.91 5.1 5.31 5.55 5.8 6.07 6.35 6.65 6.96 7.28 7.61 7.96 8.32 8.69 9.08 9.48 9.89 10.3
2.17 2.18 2.19 2.2 2.21 2.23 2.26 2.28 2.31 2.35 2.39 2.44 2.49 2.55 2.63 2.7 2.79 2.88 2.99 3.08 3.18 3.26 3.33 3.39 3.42 3.44 3.45 3.44 3.44 3.44 3.45 3.46 3.47 3.47 3.49 3.51 3.55 3.59 3.66 3.72 3.79 3.86 3.94 4.01 4.08 4.15 4.21 4.27 4.32 4.37 4.42 4.48 4.54 4.65 4.81 5.02 5.25 5.5 5.77 6.04 6.33 6.64 6.95 7.28 7.62 7.98 8.35 8.73 9.12 9.54 9.97 10.4
2.14 2.15 2.16 2.18 2.19 2.21 2.23 2.26 2.29 2.32 2.37 2.41 2.47 2.53 2.61 2.67 2.77 2.86 2.96 3.06 3.16 3.25 3.32 3.37 3.41 3.42 3.42 3.41 3.41 3.4 3.4 3.41 3.41 3.41 3.42 3.44 3.48 3.53 3.59 3.65 3.72 3.79 3.87 3.94 4.02 4.09 4.15 4.21 4.26 4.32 4.36 4.41 4.45 4.53 4.73 4.96 5.21 5.46 5.73 6.01 6.31 6.61 6.93 7.26 7.61 7.98 8.35 8.73 9.14 9.55 9.99 10.4
2.12 2.13 2.14 2.16 2.17 2.19 2.21 2.23 2.26 2.3 2.34 2.39 2.45 2.51 2.58 2.65 2.74 2.83 2.93 3.04 3.14 3.23 3.31 3.36 3.39 3.4 3.4 3.38 3.37 3.36 3.36 3.36 3.36 3.36 3.37 3.39 3.42 3.47 3.53 3.59 3.66 3.73 3.81 3.89 3.96 4.04 4.1 4.17 4.23 4.28 4.33 4.38 4.42 4.5 4.7 4.93 5.18 5.44 5.7 5.99 6.28 6.59 6.91 7.24 7.59 7.95 8.32 8.71 9.11 9.53 9.97 10.4
2.1 2.11 2.12 2.13 2.15 2.17 2.18 2.21 2.24 2.28 2.32 2.37 2.43 2.49 2.56 2.63 2.72 2.8 2.9 3.02 3.13 3.22 3.3 3.35 3.38 3.38 3.37 3.35 3.34 3.33 3.32 3.32 3.32 3.32 3.33 3.35 3.38 3.43 3.48 3.54 3.62 3.69 3.77 3.84 3.92 3.99 4.07 4.14 4.2 4.27 4.33 4.39 4.46 4.56 4.73 4.94 5.17 5.42 5.68 5.96 6.25 6.55 6.87 7.2 7.54 7.9 8.27 8.66 9.05 9.47 9.9 10.3
2.07 2.09 2.1 2.11 2.13 2.14 2.16 2.19 2.22 2.25 2.3 2.34 2.41 2.47 2.55 2.61 2.7 2.78 2.89 3.02 3.13 3.22 3.3 3.35 3.38 3.38 3.37 3.34 3.33 3.32 3.3 3.29 3.29 3.29 3.3 3.32 3.36 3.4 3.45 3.51 3.58 3.65 3.73 3.81 3.89 3.97 4.05 4.12 4.2 4.28 4.35 4.42 4.51 4.63 4.78 4.97 5.18 5.42 5.67 5.93 6.22 6.51 6.82 7.15 7.48 7.84 8.2 8.58 8.97 9.37 9.79 10.2
2.06 2.07 2.08 2.1 2.11 2.13 2.14 2.17 2.19 2.23 2.28 2.33 2.39 2.46 2.54 2.61 2.71 2.8 2.91 3.03 3.14 3.23 3.31 3.36 3.39 3.39 3.38 3.36 3.34 3.32 3.29 3.27 3.28 3.28 3.29 3.31 3.34 3.38 3.43 3.49 3.56 3.63 3.71 3.79 3.87 3.95 4.04 4.12 4.21 4.29 4.37 4.46 4.56 4.68 4.82 5 5.2 5.41 5.65 5.9 6.17 6.46 6.76 7.07 7.4 7.75 8.1 8.47 8.85 9.24 9.64 10
2.04 2.05 2.06 2.08 2.09 2.1 2.12 2.15 2.17 2.21 2.26 2.31 2.38 2.45 2.53 2.61 2.72 2.82 2.94 3.05 3.17 3.26 3.33 3.38 3.41 3.41 3.41 3.39 3.38 3.34 3.31 3.29 3.29 3.28 3.29 3.31 3.34 3.38 3.43 3.48 3.56 3.63 3.71 3.78 3.86 3.95 4.04 4.14 4.23 4.32 4.41 4.5 4.6 4.72 4.86 5.03 5.21 5.41 5.63 5.87 6.13 6.4 6.69 7 7.32 7.65 7.99 8.35 8.72 9.1 9.48 9.86
2.02 2.03 2.04 2.06 2.07 2.08 2.1 2.13 2.16 2.19 2.24 2.3 2.37 2.44 2.53 2.61 2.73 2.84 2.97 3.08 3.2 3.28 3.35 3.4 3.43 3.45 3.45 3.44 3.43 3.39 3.36 3.34 3.32 3.31 3.31 3.32 3.35 3.39 3.44 3.5 3.57 3.65 3.73 3.8 3.87 3.97 4.07 4.17 4.27 4.36 4.46 4.55 4.66 4.77 4.91 5.06 5.23 5.42 5.62 5.85 6.09 6.35 6.63 6.92 7.23 7.55 7.88 8.22 8.58 8.94 9.31 9.67
2.01 2.01 2.02 2.03 2.04 2.06 2.08 2.11 2.14 2.18 2.23 2.28 2.36 2.44 2.53 2.62 2.74 2.86 3 3.12 3.24 3.32 3.38 3.42 3.47 3.5 3.51 3.5 3.49 3.45 3.42 3.39 3.36 3.34 3.34 3.35 3.38 3.41 3.47 3.52 3.6 3.68 3.76 3.84 3.93 4.02 4.12 4.22 4.32 4.42 4.51 4.61 4.71 4.83 4.95 5.1 5.25 5.42 5.61 5.83 6.05 6.3 6.56 6.85 7.14 7.45 7.77 8.1 8.44 8.79 9.14 9.48
1.99 2 2 2.01 2.02 2.04 2.06 2.09 2.13 2.17 2.22 2.28 2.36 2.44 2.54 2.63 2.76 2.89 3.03 3.16 3.29 3.38 3.42 3.47 3.53 3.56 3.58 3.57 3.56 3.52 3.48 3.44 3.41 3.39 3.38 3.39 3.42 3.45 3.51 3.57 3.66 3.74 3.82 3.9 4 4.09 4.19 4.29 4.39 4.49 4.58 4.68 4.79 4.9 5.02 5.15 5.3 5.45 5.63 5.83 6.04 6.27 6.52 6.79 7.07 7.36 7.67 7.99 8.31 8.64 8.98 9.31
1.98 1.98 1.98 1.99 2 2.02 2.05 2.08 2.11 2.16 2.21 2.27 2.36 2.44 2.54 2.64 2.77 2.91 3.05 3.2 3.34 3.43 3.49 3.55 3.6 3.64 3.66 3.65 3.63 3.59 3.55 3.51 3.47 3.44 3.43 3.44 3.46 3.5 3.56 3.63 3.72 3.8 3.89 3.97 4.07 4.17 4.27 4.37 4.47 4.57 4.66 4.76 4.87 4.97 5.09 5.21 5.34 5.49 5.65 5.83 6.03 6.24 6.48 6.73 7 7.28 7.58 7.88 8.19 8.51 8.83 9.15
1.97 1.97 1.97 1.98 1.99 2.01 2.04 2.07 2.11 2.15 2.21 2.28 2.36 2.45 2.55 2.65 2.79 2.93 3.08 3.23 3.37 3.48 3.56 3.63 3.69 3.72 3.75 3.74 3.72 3.68 3.63 3.58 3.54 3.5 3.49 3.49 3.52 3.56 3.62 3.69 3.78 3.87 3.97 4.06 4.16 4.26 4.36 4.47 4.56 4.66 4.76 4.86 4.96 5.06 5.17 5.28 5.4 5.53 5.68 5.85 6.03 6.23 6.45 6.69 6.95 7.22 7.5 7.8 8.1 8.41 8.72 9.03
1.96 1.96 1.95 1.96 1.97 2 2.03 2.06 2.1 2.15 2.21 2.28 2.36 2.45 2.56 2.67 2.81 2.95 3.11 3.26 3.4 3.52 3.62 3.7 3.77 3.82 3.84 3.84 3.81 3.76 3.71 3.66 3.61 3.56 3.54 3.55 3.57 3.62 3.69 3.76 3.85 3.95 4.05 4.15 4.25 4.35 4.46 4.56 4.66 4.77 4.86 4.96 5.06 5.16 5.26 5.36 5.47 5.59 5.72 5.88 6.05 6.23 6.44 6.67 6.91 7.17 7.45 7.73 8.03 8.33 8.63 8.93
1.95 1.95 1.95 1.95 1.96 1.99 2.02 2.06 2.11 2.16 2.22 2.29 2.37 2.46 2.57 2.68 2.83 2.98 3.14 3.29 3.44 3.57 3.68 3.77 3.86 3.91 3.95 3.94 3.91 3.86 3.79 3.73 3.67 3.62 3.6 3.6 3.63 3.68 3.75 3.83 3.93 4.02 4.13 4.23 4.34 4.45 4.56 4.67 4.77 4.88 4.98 5.08 5.17 5.26 5.35 5.45 5.54 5.65 5.78 5.92 6.08 6.25 6.45 6.66 6.9 7.15 7.42 7.71 7.99 8.29 8.58 8.87
1.95 1.94 1.94 1.95 1.96 1.99 2.03 2.07 2.11 2.17 2.23 2.3 2.39 2.48 2.59 2.7 2.85 3 3.17 3.32 3.47 3.61 3.73 3.84 3.94 4 4.05 4.04 4.02 3.95 3.87 3.79 3.72 3.66 3.64 3.65 3.69 3.74 3.82 3.9 4 4.1 4.21 4.32 4.44 4.55 4.66 4.78 4.89 5 5.11 5.21 5.29 5.37 5.46 5.54 5.63 5.73 5.84 5.98 6.12 6.29 6.47 6.68 6.91 7.15 7.41 7.69 7.97 8.25 8.54 8.82
1.94 1.94 1.94 1.95 1.97 2 2.03 2.07 2.12 2.18 2.24 2.31 2.41 2.5 2.62 2.73 2.88 3.03 3.2 3.35 3.51 3.65 3.78 3.9 4.01 4.09 4.15 4.16 4.13 4.05 3.95 3.84 3.75 3.69 3.68 3.7 3.75 3.81 3.89 3.98 4.08 4.18 4.3 4.41 4.53 4.65 4.77 4.88 5 5.13 5.24 5.33 5.41 5.48 5.56 5.63 5.71 5.81 5.92 6.04 6.18 6.34 6.51 6.7 6.92 7.15 7.41 7.67 7.95 8.22 8.5 8.78
1.94 1.93 1.94 1.95 1.97 2 2.04 2.08 2.13 2.19 2.26 2.33 2.42 2.53 2.64 2.76 2.91 3.06 3.22 3.38 3.53 3.68 3.82 3.95 4.08 4.18 4.26 4.28 4.25 4.16 4.03 3.89 3.77 3.71 3.72 3.75 3.81 3.88 3.96 4.06 4.16 4.25 4.37 4.49 4.62 4.74 4.86 4.98 5.1 5.23 5.35 5.43 5.51 5.59 5.66 5.74 5.82 5.92 6.02 6.14 6.27 6.41 6.56 6.74 6.94 7.16 7.41 7.67 7.94 8.21 8.49 8.76
1.93 1.93 1.93 1.95 1.98 2.01 2.05 2.1 2.15 2.2 2.27 2.35 2.44 2.54 2.67 2.79 2.94 3.09 3.24 3.4 3.55 3.7 3.85 3.99 4.13 4.24 4.35 4.4 4.38 4.27 4.11 3.93 3.77 3.73 3.76 3.81 3.87 3.95 4.04 4.13 4.23 4.32 4.44 4.56 4.69 4.81 4.94 5.06 5.17 5.29 5.4 5.5 5.59 5.67 5.76 5.84 5.93 6.03 6.13 6.24 6.35 6.47 6.61 6.77 6.95 7.16 7.41 7.67 7.93 8.21 8.48 8.76
1.92 1.92 1.93 1.95 1.98 2.03 2.07 2.11 2.16 2.22 2.28 2.36 2.45 2.56 2.68 2.81 2.97 3.11 3.26 3.41 3.56 3.71 3.86 4 4.15 4.28 4.41 4.51 4.52 4.37 4.19 4 3.85 3.8 3.82 3.87 3.94 4.02 4.11 4.2 4.3 4.38 4.5 4.61 4.74 4.88 5.01 5.12 5.22 5.33 5.43 5.54 5.64 5.76 5.86 5.96 6.05 6.15 6.25 6.34 6.44 6.55 6.66 6.8 6.97 7.17 7.41 7.67 7.94 8.22 8.49 8.77
