maui/input/month_year_rainfall/maui_prcp_11_2002.asc
ncols        361
nrows        320
xllcorner    -156.738000000000
yllcorner    20.343000000000
cellsize     0.002250000000
NODATA_value -3.4028234663852885981e+38
[rows 186 to 216 of 320, columns 142 to 212 of 361]
0.395 0.407 0.42 0.434 0.449 0.464 0.48 0.494 0.509 0.522 0.535 0.546 0.557 0.568 0.578 0.587 0.596 0.604 0.612 0.619 0.627 0.634 0.641 0.649 0.657 0.665 0.673 0.682 0.69 0.699 0.707 0.715 0.723 0.731 0.74 0.749 0.758 0.768 0.778 0.788 0.798 0.809 0.82 0.831 0.842 0.853 0.865 0.87 0.861 0.851 0.84 0.83 0.819 0.809 0.799 0.789 0.78 0.773 0.767 0.761 0.756 0.751 0.747 0.744 0.742 0.741 0.741 0.742 0.744 0.747 0.752
0.395 0.407 0.42 0.434 0.449 0.464 0.479 0.494 0.509 0.523 0.536 0.548 0.559 0.57 0.58 0.589 0.599 0.608 0.616 0.624 0.631 0.639 0.647 0.655 0.663 0.671 0.679 0.688 0.696 0.705 0.713 0.721 0.729 0.737 0.745 0.754 0.763 0.772 0.782 0.792 0.803 0.814 0.824 0.836 0.847 0.858 0.869 0.873 0.867 0.857 0.846 0.836 0.825 0.815 0.804 0.794 0.785 0.777 0.771 0.765 0.759 0.753 0.749 0.746 0.744 0.743 0.743 0.744 0.746 0.749 0.755
0.395 0.407 0.42 0.433 0.447 0.462 0.478 0.493 0.508 0.522 0.536 0.548 0.559 0.571 0.581 0.591 0.601 0.611 0.619 0.627 0.635 0.643 0.652 0.66 0.668 0.676 0.685 0.693 0.702 0.71 0.718 0.726 0.734 0.741 0.749 0.758 0.767 0.776 0.785 0.795 0.805 0.816 0.827 0.837 0.848 0.857 0.865 0.868 0.864 0.857 0.847 0.837 0.827 0.817 0.807 0.797 0.788 0.78 0.773 0.766 0.76 0.754 0.75 0.746 0.745 0.744 0.744 0.745 0.747 0.75 0.756
0.394 0.406 0.418 0.432 0.446 0.461 0.476 0.491 0.507 0.521 0.535 0.548 0.56 0.571 0.582 0.593 0.603 0.613 0.621 0.63 0.638 0.647 0.656 0.664 0.673 0.681 0.689 0.698 0.706 0.714 0.722 0.73 0.738 0.745 0.753 0.761 0.769 0.778 0.787 0.796 0.806 0.816 0.826 0.836 0.845 0.853 0.859 0.861 0.859 0.853 0.845 0.836 0.827 0.817 0.807 0.797 0.788 0.78 0.773 0.766 0.76 0.754 0.749 0.745 0.743 0.742 0.742 0.743 0.746 0.749 0.754
0.393 0.405 0.417 0.43 0.444 0.458 0.474 0.489 0.504 0.519 0.534 0.547 0.559 0.571 0.582 0.594 0.604 0.615 0.624 0.633 0.641 0.65 0.659 0.667 0.676 0.684 0.692 0.701 0.709 0.717 0.725 0.732 0.74 0.747 0.754 0.762 0.77 0.778 0.786 0.795 0.804 0.813 0.823 0.832 0.84 0.846 0.85 0.852 0.85 0.846 0.839 0.831 0.823 0.813 0.804 0.795 0.786 0.778 0.771 0.764 0.757 0.751 0.746 0.741 0.739 0.738 0.738 0.738 0.74 0.742 0.747
0.392 0.403 0.415 0.427 0.441 0.456 0.471 0.486 0.502 0.517 0.532 0.545 0.558 0.57 0.582 0.593 0.604 0.615 0.625 0.634 0.643 0.652 0.661 0.67 0.678 0.686 0.694 0.702 0.71 0.718 0.726 0.733 0.74 0.747 0.753 0.76 0.768 0.775 0.783 0.791 0.799 0.808 0.816 0.824 0.831 0.837 0.84 0.841 0.84 0.836 0.831 0.824 0.816 0.807 0.799 0.79 0.781 0.773 0.766 0.759 0.752 0.745 0.739 0.735 0.732 0.73 0.729 0.729 0.731 0.733 0.736
0.391 0.401 0.412 0.425 0.438 0.453 0.468 0.483 0.498 0.514 0.529 0.542 0.555 0.568 0.58 0.592 0.603 0.614 0.624 0.634 0.643 0.653 0.662 0.671 0.68 0.688 0.695 0.702 0.71 0.718 0.725 0.732 0.738 0.744 0.751 0.757 0.763 0.77 0.777 0.784 0.792 0.799 0.807 0.814 0.821 0.825 0.829 0.83 0.829 0.826 0.821 0.814 0.807 0.799 0.791 0.783 0.774 0.766 0.758 0.751 0.744 0.737 0.73 0.725 0.721 0.719 0.718 0.718 0.719 0.72 0.723
0.389 0.399 0.409 0.421 0.435 0.449 0.464 0.479 0.494 0.509 0.524 0.539 0.552 0.565 0.577 0.589 0.6 0.612 0.622 0.632 0.642 0.651 0.66 0.669 0.678 0.686 0.693 0.7 0.708 0.715 0.721 0.728 0.734 0.739 0.745 0.751 0.756 0.762 0.768 0.774 0.781 0.788 0.795 0.802 0.808 0.812 0.815 0.816 0.815 0.812 0.807 0.802 0.795 0.788 0.78 0.772 0.764 0.756 0.748 0.74 0.732 0.725 0.718 0.712 0.707 0.704 0.702 0.701 0.702 0.703 0.706
0.387 0.397 0.407 0.419 0.432 0.446 0.46 0.475 0.489 0.504 0.519 0.534 0.548 0.561 0.573 0.585 0.597 0.608 0.619 0.629 0.638 0.648 0.657 0.666 0.674 0.682 0.69 0.697 0.704 0.71 0.717 0.723 0.728 0.733 0.738 0.743 0.748 0.752 0.757 0.763 0.769 0.776 0.782 0.789 0.794 0.798 0.8 0.801 0.8 0.797 0.793 0.788 0.782 0.775 0.767 0.76 0.752 0.743 0.735 0.727 0.719 0.712 0.704 0.697 0.692 0.687 0.684 0.683 0.683 0.684 0.686
0.386 0.395 0.405 0.417 0.429 0.442 0.456 0.47 0.484 0.498 0.513 0.527 0.541 0.555 0.567 0.579 0.591 0.602 0.613 0.623 0.633 0.642 0.651 0.659 0.667 0.675 0.682 0.689 0.696 0.702 0.708 0.713 0.718 0.723 0.727 0.732 0.736 0.739 0.743 0.748 0.753 0.76 0.767 0.773 0.777 0.781 0.783 0.783 0.782 0.78 0.776 0.771 0.765 0.758 0.752 0.744 0.736 0.728 0.719 0.711 0.703 0.695 0.687 0.679 0.673 0.667 0.663 0.661 0.661 0.661 0.662
0.384 0.394 0.403 0.414 0.426 0.439 0.452 0.465 0.479 0.492 0.506 0.52 0.534 0.548 0.561 0.573 0.584 0.596 0.606 0.617 0.626 0.635 0.644 0.652 0.66 0.667 0.674 0.681 0.687 0.693 0.699 0.703 0.708 0.712 0.716 0.72 0.723 0.726 0.729 0.732 0.738 0.745 0.751 0.756 0.761 0.764 0.766 0.766 0.765 0.762 0.758 0.754 0.748 0.742 0.735 0.728 0.72 0.712 0.703 0.694 0.686 0.677 0.669 0.661 0.654 0.647 0.642 0.639 0.638 0.637 0.636
0.382 0.391 0.401 0.411 0.422 0.434 0.447 0.46 0.473 0.486 0.499 0.512 0.525 0.538 0.551 0.563 0.575 0.586 0.596 0.607 0.616 0.625 0.633 0.641 0.648 0.655 0.662 0.669 0.675 0.68 0.685 0.69 0.694 0.698 0.702 0.705 0.708 0.711 0.714 0.716 0.721 0.727 0.733 0.737 0.741 0.744 0.745 0.746 0.744 0.742 0.738 0.734 0.728 0.722 0.715 0.708 0.7 0.692 0.683 0.674 0.666 0.657 0.649 0.64 0.632 0.625 0.619 0.615 0.613 0.611 0.609
0.38 0.389 0.398 0.408 0.419 0.43 0.442 0.454 0.466 0.479 0.491 0.504 0.516 0.529 0.541 0.553 0.564 0.576 0.586 0.596 0.605 0.614 0.622 0.63 0.637 0.644 0.65 0.656 0.662 0.667 0.672 0.676 0.68 0.684 0.687 0.691 0.694 0.696 0.699 0.702 0.706 0.71 0.715 0.719 0.722 0.724 0.725 0.725 0.724 0.721 0.718 0.713 0.708 0.702 0.695 0.687 0.68 0.671 0.663 0.654 0.645 0.637 0.628 0.619 0.611 0.604 0.597 0.592 0.588 0.585 0.582
0.378 0.386 0.395 0.404 0.414 0.425 0.436 0.448 0.46 0.471 0.483 0.495 0.506 0.518 0.53 0.541 0.552 0.563 0.573 0.583 0.592 0.6 0.608 0.616 0.623 0.629 0.635 0.641 0.646 0.651 0.655 0.659 0.663 0.667 0.67 0.673 0.676 0.679 0.681 0.684 0.688 0.691 0.695 0.698 0.701 0.702 0.703 0.703 0.701 0.699 0.695 0.691 0.686 0.679 0.673 0.665 0.657 0.649 0.64 0.632 0.623 0.614 0.606 0.598 0.59 0.583 0.576 0.57 0.566 0.562 0.558
0.376 0.383 0.392 0.401 0.41 0.42 0.431 0.441 0.452 0.463 0.474 0.485 0.496 0.507 0.518 0.529 0.539 0.549 0.559 0.569 0.578 0.586 0.594 0.601 0.608 0.614 0.62 0.625 0.629 0.634 0.638 0.642 0.646 0.649 0.652 0.655 0.658 0.661 0.663 0.666 0.669 0.672 0.675 0.677 0.679 0.681 0.681 0.68 0.679 0.676 0.673 0.668 0.663 0.657 0.65 0.643 0.635 0.626 0.618 0.61 0.601 0.593 0.585 0.577 0.569 0.562 0.555 0.549 0.544 0.539 0.534
0.373 0.38 0.388 0.396 0.405 0.415 0.424 0.435 0.445 0.455 0.466 0.476 0.486 0.497 0.507 0.517 0.526 0.536 0.545 0.554 0.562 0.57 0.577 0.584 0.59 0.596 0.602 0.607 0.611 0.615 0.619 0.623 0.627 0.63 0.633 0.636 0.638 0.641 0.643 0.646 0.648 0.651 0.653 0.655 0.657 0.657 0.657 0.656 0.654 0.652 0.648 0.644 0.639 0.633 0.626 0.619 0.612 0.604 0.596 0.588 0.58 0.572 0.564 0.556 0.549 0.542 0.536 0.53 0.524 0.519 0.513
0.371 0.377 0.384 0.392 0.401 0.409 0.418 0.428 0.437 0.447 0.457 0.466 0.476 0.486 0.495 0.505 0.513 0.522 0.53 0.539 0.546 0.553 0.56 0.567 0.573 0.578 0.583 0.588 0.593 0.596 0.6 0.604 0.607 0.61 0.613 0.615 0.618 0.62 0.623 0.625 0.627 0.63 0.631 0.633 0.634 0.634 0.634 0.633 0.631 0.628 0.624 0.62 0.615 0.609 0.603 0.597 0.59 0.582 0.574 0.567 0.559 0.551 0.544 0.537 0.53 0.523 0.517 0.511 0.506 0.5 0.495
0.368 0.374 0.381 0.388 0.396 0.404 0.412 0.421 0.43 0.439 0.448 0.457 0.466 0.475 0.484 0.492 0.501 0.509 0.516 0.524 0.531 0.537 0.544 0.55 0.555 0.56 0.565 0.569 0.573 0.577 0.58 0.583 0.586 0.589 0.592 0.594 0.597 0.599 0.601 0.603 0.605 0.607 0.609 0.61 0.611 0.611 0.611 0.609 0.607 0.605 0.601 0.597 0.593 0.587 0.581 0.575 0.568 0.561 0.554 0.547 0.539 0.532 0.525 0.519 0.512 0.506 0.5 0.494 0.489 0.484 0.479
0.366 0.371 0.377 0.384 0.391 0.399 0.406 0.414 0.423 0.431 0.439 0.448 0.456 0.464 0.472 0.48 0.488 0.495 0.502 0.509 0.516 0.522 0.528 0.533 0.538 0.542 0.547 0.55 0.554 0.557 0.56 0.563 0.566 0.569 0.571 0.574 0.576 0.578 0.58 0.582 0.584 0.586 0.587 0.589 0.589 0.589 0.589 0.587 0.585 0.583 0.579 0.575 0.571 0.566 0.56 0.554 0.548 0.541 0.535 0.528 0.521 0.515 0.508 0.502 0.496 0.49 0.485 0.48 0.476 0.471 0.467
0.363 0.368 0.374 0.38 0.387 0.393 0.401 0.408 0.415 0.423 0.431 0.439 0.446 0.454 0.461 0.469 0.476 0.483 0.489 0.495 0.501 0.507 0.512 0.517 0.521 0.525 0.529 0.532 0.536 0.538 0.541 0.544 0.547 0.549 0.551 0.554 0.556 0.558 0.56 0.562 0.564 0.565 0.566 0.567 0.568 0.568 0.567 0.566 0.564 0.561 0.558 0.555 0.551 0.546 0.541 0.535 0.529 0.523 0.517 0.51 0.504 0.498 0.492 0.487 0.481 0.476 0.472 0.468 0.464 0.461 0.457
0.362 0.366 0.371 0.377 0.382 0.389 0.395 0.402 0.409 0.416 0.423 0.43 0.437 0.444 0.451 0.457 0.464 0.47 0.476 0.482 0.487 0.492 0.497 0.501 0.505 0.509 0.512 0.515 0.518 0.521 0.523 0.526 0.528 0.53 0.533 0.535 0.537 0.539 0.541 0.542 0.544 0.545 0.547 0.547 0.548 0.548 0.547 0.546 0.544 0.542 0.539 0.535 0.532 0.527 0.522 0.517 0.512 0.506 0.501 0.495 0.49 0.485 0.48 0.475 0.471 0.466 0.463 0.46 0.456 0.453 0.45
0.36 0.364 0.368 0.373 0.378 0.384 0.39 0.396 0.402 0.408 0.415 0.421 0.427 0.434 0.44 0.446 0.452 0.458 0.463 0.468 0.473 0.478 0.482 0.486 0.489 0.493 0.496 0.498 0.501 0.503 0.505 0.508 0.51 0.512 0.514 0.516 0.518 0.52 0.522 0.523 0.525 0.526 0.527 0.528 0.528 0.528 0.528 0.527 0.525 0.523 0.52 0.517 0.513 0.509 0.505 0.5 0.496 0.491 0.486 0.481 0.477 0.472 0.468 0.464 0.461 0.458 0.455 0.453 -3.4e+38 0.446 -3.4e+38
-3.4e+38 0.363 0.366 0.37 0.375 0.38 0.385 0.39 0.396 0.402 0.407 0.413 0.419 0.425 0.43 0.436 0.441 0.447 0.451 0.456 0.461 0.465 0.468 0.472 0.475 0.478 0.481 0.483 0.485 0.487 0.489 0.491 0.493 0.495 0.497 0.499 0.501 0.503 0.504 0.506 0.507 0.509 0.51 0.51 0.511 0.511 0.51 0.509 0.507 0.505 0.503 0.5 0.497 0.494 0.49 0.486 0.482 0.478 0.474 0.471 0.467 0.464 0.46 0.457 0.455 0.452 -3.4e+38 -3.4e+38 -3.4e+38 -3.4e+38 -3.4e+38
-3.4e+38 0.361 0.364 0.368 0.371 0.376 0.38 0.385 0.39 0.395 0.4 0.405 0.411 0.416 0.421 0.426 0.431 0.435 0.44 0.444 0.448 0.452 0.455 0.458 0.461 0.463 0.466 0.468 0.47 0.472 0.473 0.475 0.477 0.479 0.481 0.482 0.484 0.486 0.487 0.489 0.49 0.491 0.492 0.493 0.493 0.493 0.493 0.492 0.491 0.489 0.487 0.484 0.482 0.479 0.476 0.472 0.469 0.466 0.464 0.461 0.458 0.455 0.453 0.45 -3.4e+38 -3.4e+38 -3.4e+38 -3.4e+38 -3.4e+38 -3.4e+38 -3.4e+38
-3.4e+38 0.361 0.363 0.366 0.369 0.373 0.376 0.381 0.385 0.389 0.394 0.399 0.403 0.408 0.413 0.417 0.421 0.426 0.43 0.433 0.437 0.44 0.443 0.446 0.449 0.451 0.453 0.455 0.457 0.458 0.46 0.461 0.463 0.465 0.466 0.468 0.469 0.471 0.472 0.474 0.475 0.476 0.477 0.478 0.478 0.478 0.478 0.477 0.476 0.475 0.473 0.471 0.469 0.467 0.465 0.463 0.46 0.458 0.456 0.454 0.452 -3.4e+38 -3.4e+38 -3.4e+38 -3.4e+38 -3.4e+38 -3.4e+38 -3.4e+38 -3.4e+38 -3.4e+38 -3.4e+38
-3.4e+38 0.36 0.362 0.365 0.367 0.37 0.373 0.376 0.38 0.384 0.388 0.392 0.396 0.4 0.404 0.409 0.412 0.416 0.42 0.423 0.426 0.429 0.432 0.434 0.436 0.438 0.44 0.442 0.444 0.445 0.446 0.448 0.449 0.451 0.453 0.454 0.456 0.457 0.458 0.46 0.461 0.462 0.463 0.463 0.464 0.464 0.464 0.463 0.463 0.461 0.46 0.459 0.457 0.456 0.455 0.453 0.452 0.45 0.449 0.447 -3.4e+38 -3.4e+38 -3.4e+38 -3.4e+38 -3.4e+38 -3.4e+38 -3.4e+38 -3.4e+38 -3.4e+38 -3.4e+38 -3.4e+38
-3.4e+38 0.36 0.362 0.364 0.366 0.368 0.371 0.374 0.377 0.38 0.383 0.387 0.39 0.394 0.398 0.401 0.405 0.408 0.411 0.414 0.417 0.419 0.422 0.424 0.426 0.428 0.43 0.431 0.433 0.434 0.436 0.437 0.439 0.44 0.442 0.443 0.445 0.446 0.447 0.449 0.45 0.451 0.452 0.453 0.453 0.454 0.454 0.453 0.453 0.452 0.451 0.45 0.449 0.448 0.447 0.446 0.445 0.444 0.443 -3.4e+38 -3.4e+38 -3.4e+38 -3.4e+38 -3.4e+38 -3.4e+38 -3.4e+38 -3.4e+38 -3.4e+38 -3.4e+38 -3.4e+38 -3.4e+38
-3.4e+38 -3.4e+38 0.361 0.363 0.365 0.367 0.369 0.371 0.373 0.376 0.379 0.382 0.385 0.388 0.391 0.395 0.397 0.4 0.403 0.406 0.408 0.411 0.413 0.415 0.417 0.418 0.42 0.422 0.423 0.425 0.426 0.427 0.429 0.43 0.432 0.434 0.435 0.436 0.437 0.439 0.44 0.441 0.442 0.443 0.444 0.444 0.444 0.444 0.443 0.443 0.442 0.442 0.442 0.441 0.44 0.44 -3.4e+38 -3.4e+38 -3.4e+38 -3.4e+38 -3.4e+38 -3.4e+38 -3.4e+38 -3.4e+38 -3.4e+38 -3.4e+38 -3.4e+38 -3.4e+38 -3.4e+38 -3.4e+38 -3.4e+38
-3.4e+38 -3.4e+38 -3.4e+38 0.362 0.364 -3.4e+38 0.367 0.369 0.371 0.374 0.376 0.379 0.382 0.384 0.387 0.39 0.392 0.394 0.397 0.399 0.401 0.403 0.405 0.407 0.409 0.411 0.413 0.414 0.416 0.417 0.418 0.42 -3.4e+38 -3.4e+38 0.424 0.425 0.427 0.428 -3.4e+38 -3.4e+38 -3.4e+38 -3.4e+38 -3.4e+38 -3.4e+38 -3.4e+38 -3.4e+38 -3.4e+38 -3.4e+38 -3.4e+38 -3.4e+38 -3.4e+38 -3.4e+38 -3.4e+38 -3.4e+38 -3.4e+38 -3.4e+38 -3.4e+38 -3.4e+38 -3.4e+38 -3.4e+38 -3.4e+38 -3.4e+38 -3.4e+38 -3.4e+38 -3.4e+38 -3.4e+38 -3.4e+38 -3.4e+38 -3.4e+38 -3.4e+38 -3.4e+38
-3.4e+38 -3.4e+38 -3.4e+38 -3.4e+38 -3.4e+38 -3.4e+38 0.366 0.368 0.37 0.372 0.374 0.376 0.378 0.381 0.383 0.385 0.387 0.389 0.391 0.393 0.395 0.397 0.399 0.401 0.402 0.404 0.406 0.408 0.409 0.41 -3.4e+38 -3.4e+38 -3.4e+38 -3.4e+38 -3.4e+38 0.418 -3.4e+38 -3.4e+38 -3.4e+38 -3.4e+38 -3.4e+38 -3.4e+38 -3.4e+38 -3.4e+38 -3.4e+38 -3.4e+38 -3.4e+38 -3.4e+38 -3.4e+38 -3.4e+38 -3.4e+38 -3.4e+38 -3.4e+38 -3.4e+38 -3.4e+38 -3.4e+38 -3.4e+38 -3.4e+38 -3.4e+38 -3.4e+38 -3.4e+38 -3.4e+38 -3.4e+38 -3.4e+38 -3.4e+38 -3.4e+38 -3.4e+38 -3.4e+38 -3.4e+38 -3.4e+38 -3.4e+38
-3.4e+38 -3.4e+38 -3.4e+38 -3.4e+38 -3.4e+38 -3.4e+38 -3.4e+38 -3.4e+38 -3.4e+38 -3.4e+38 -3.4e+38 -3.4e+38 -3.4e+38 -3.4e+38 -3.4e+38 -3.4e+38 0.383 0.385 0.387 0.389 0.391 0.393 0.394 0.396 0.397 0.399 0.4 -3.4e+38 -3.4e+38 -3.4e+38 -3.4e+38 -3.4e+38 -3.4e+38 -3.4e+38 -3.4e+38 -3.4e+38 -3.4e+38 -3.4e+38 -3.4e+38 -3.4e+38 -3.4e+38 -3.4e+38 -3.4e+38 -3.4e+38 -3.4e+38 -3.4e+38 -3.4e+38 -3.4e+38 -3.4e+38 -3.4e+38 -3.4e+38 -3.4e+38 -3.4e+38 -3.4e+38 -3.4e+38 -3.4e+38 -3.4e+38 -3.4e+38 -3.4e+38 -3.4e+38 -3.4e+38 -3.4e+38 -3.4e+38 -3.4e+38 -3.4e+38 -3.4e+38 -3.4e+38 -3.4e+38 -3.4e+38 -3.4e+38 -3.4e+38
