maui/input/month_year_rainfall/maui_prcp_04_2001.asc
ncols        361
nrows        320
xllcorner    -156.738000000000
yllcorner    20.343000000000
cellsize     0.002250000000
NODATA_value -3.4028234663852885981e+38
[rows 128 to 159 of 320, columns 144 to 215 of 361]
0.017 0.017 0.017 0.0171 0.0172 0.0175 0.0178 0.0182 0.0187 0.0193 0.0201 0.021 0.0221 0.0234 0.025 0.0269 0.0293 0.0321 0.0356 0.0396 0.0441 0.0493 0.0551 0.0616 0.0688 0.0766 0.085 0.0939 0.103 0.114 0.124 0.135 0.146 0.159 0.172 0.187 0.203 0.222 0.243 0.266 0.293 0.322 0.354 0.39 0.428 0.469 0.513 0.558 0.604 0.65 0.695 0.74 0.787 0.837 0.891 0.95 1.01 1.08 1.15 1.23 1.31 1.39 1.48 1.58 1.68 1.79 1.91 2.03 2.16 2.3 2.45 2.61
0.0178 0.0177 0.0178 0.0179 0.0181 0.0184 0.0188 0.0193 0.0199 0.0207 0.0215 0.0225 0.0237 0.0252 0.027 0.029 0.0316 0.0346 0.0381 0.0423 0.0469 0.0523 0.0583 0.065 0.0724 0.0803 0.0888 0.0978 0.107 0.118 0.128 0.139 0.15 0.162 0.175 0.19 0.206 0.224 0.243 0.265 0.29 0.317 0.346 0.379 0.414 0.451 0.491 0.531 0.573 0.614 0.655 0.696 0.74 0.787 0.838 0.893 0.953 1.02 1.08 1.15 1.23 1.31 1.39 1.48 1.57 1.67 1.78 1.89 2 2.13 2.26 2.4
0.0187 0.0187 0.0188 0.019 0.0193 0.0197 0.0201 0.0207 0.0214 0.0223 0.0232 0.0243 0.0257 0.0273 0.0292 0.0314 0.0342 0.0373 0.041 0.0453 0.0501 0.0555 0.0617 0.0686 0.0762 0.0843 0.0929 0.102 0.112 0.122 0.132 0.143 0.154 0.166 0.179 0.193 0.209 0.226 0.244 0.265 0.287 0.312 0.339 0.369 0.401 0.435 0.471 0.507 0.545 0.582 0.619 0.658 0.698 0.743 0.79 0.842 0.898 0.956 1.02 1.08 1.15 1.22 1.3 1.38 1.47 1.56 1.65 1.75 1.86 1.97 2.09 2.21
0.0198 0.0199 0.0201 0.0203 0.0207 0.0211 0.0217 0.0223 0.0231 0.0241 0.0252 0.0264 0.0279 0.0296 0.0317 0.0341 0.037 0.0403 0.0442 0.0485 0.0534 0.059 0.0654 0.0724 0.0802 0.0885 0.0973 0.106 0.116 0.126 0.137 0.148 0.159 0.171 0.183 0.197 0.212 0.228 0.245 0.264 0.284 0.307 0.332 0.359 0.389 0.42 0.452 0.485 0.518 0.552 0.586 0.622 0.66 0.702 0.746 0.794 0.846 0.9 0.956 1.02 1.08 1.14 1.21 1.29 1.37 1.45 1.54 1.63 1.72 1.82 1.92 2.03
0.0213 0.0214 0.0216 0.0219 0.0223 0.0229 0.0235 0.0243 0.0252 0.0262 0.0274 0.0288 0.0304 0.0323 0.0345 0.0371 0.0402 0.0436 0.0477 0.0522 0.0572 0.0629 0.0694 0.0766 0.0846 0.093 0.102 0.111 0.121 0.131 0.142 0.153 0.164 0.176 0.188 0.201 0.216 0.231 0.247 0.264 0.283 0.304 0.327 0.352 0.379 0.408 0.437 0.466 0.497 0.528 0.559 0.593 0.629 0.668 0.71 0.754 0.802 0.851 0.903 0.956 1.01 1.07 1.14 1.21 1.28 1.36 1.44 1.52 1.61 1.7 1.79 1.88
0.0229 0.0231 0.0234 0.0238 0.0242 0.0249 0.0256 0.0264 0.0274 0.0286 0.0299 0.0314 0.0332 0.0352 0.0376 0.0403 0.0436 0.0473 0.0515 0.0561 0.0613 0.0671 0.0737 0.0811 0.0891 0.0977 0.107 0.116 0.126 0.137 0.147 0.158 0.17 0.181 0.193 0.206 0.22 0.234 0.249 0.265 0.282 0.3 0.322 0.345 0.37 0.396 0.422 0.449 0.477 0.505 0.535 0.566 0.6 0.637 0.676 0.718 0.761 0.806 0.853 0.901 0.952 1.01 1.07 1.13 1.2 1.27 1.35 1.42 1.5 1.58 1.66 1.75
0.0248 0.0251 0.0255 0.026 0.0265 0.0272 0.028 0.029 0.0301 0.0314 0.0329 0.0345 0.0364 0.0386 0.0412 0.0441 0.0476 0.0514 0.0558 0.0606 0.0659 0.0719 0.0787 0.0862 0.0944 0.103 0.112 0.122 0.132 0.143 0.154 0.165 0.176 0.188 0.2 0.213 0.226 0.24 0.253 0.268 0.283 0.3 0.32 0.342 0.365 0.389 0.413 0.438 0.464 0.49 0.518 0.548 0.581 0.616 0.653 0.693 0.734 0.777 0.82 0.864 0.911 0.964 1.02 1.08 1.15 1.21 1.28 1.35 1.42 1.49 1.56 1.63
0.027 0.0274 0.0279 0.0284 0.0291 0.0298 0.0307 0.0318 0.0331 0.0345 0.0361 0.0379 0.04 0.0423 0.0451 0.0482 0.0518 0.0558 0.0604 0.0654 0.0708 0.077 0.0839 0.0916 0.1 0.109 0.119 0.129 0.139 0.15 0.161 0.172 0.184 0.195 0.207 0.22 0.233 0.246 0.258 0.272 0.286 0.301 0.32 0.34 0.361 0.383 0.405 0.428 0.452 0.477 0.503 0.533 0.564 0.598 0.634 0.672 0.711 0.751 0.791 0.832 0.874 0.925 0.98 1.04 1.1 1.16 1.22 1.28 1.34 1.4 1.46 1.53
0.0294 0.0299 0.0305 0.0311 0.0319 0.0328 0.0339 0.0351 0.0365 0.0381 0.0398 0.0418 0.044 0.0466 0.0495 0.0528 0.0567 0.0609 0.0657 0.0708 0.0765 0.0829 0.09 0.098 0.107 0.116 0.126 0.136 0.147 0.158 0.17 0.181 0.193 0.204 0.216 0.229 0.241 0.254 0.266 0.279 0.293 0.308 0.325 0.344 0.364 0.385 0.405 0.426 0.448 0.472 0.498 0.526 0.557 0.589 0.624 0.66 0.697 0.734 0.773 0.812 0.852 0.898 0.949 1 1.05 1.11 1.16 1.22 1.27 1.32 1.38 1.44
0.0321 0.0327 0.0334 0.0342 0.0351 0.0361 0.0373 0.0387 0.0403 0.042 0.0439 0.0461 0.0485 0.0513 0.0544 0.0578 0.062 0.0665 0.0714 0.0768 0.0826 0.0892 0.0966 0.105 0.114 0.124 0.134 0.145 0.156 0.168 0.179 0.191 0.203 0.215 0.226 0.239 0.251 0.264 0.276 0.289 0.302 0.316 0.333 0.351 0.37 0.389 0.408 0.428 0.447 0.47 0.496 0.524 0.553 0.585 0.618 0.652 0.688 0.723 0.76 0.798 0.837 0.879 0.925 0.972 1.02 1.07 1.12 1.17 1.21 1.26 1.31 1.36
0.0351 0.0358 0.0366 0.0376 0.0386 0.0398 0.0412 0.0428 0.0446 0.0465 0.0487 0.051 0.0537 0.0567 0.0601 0.0638 0.0682 0.0729 0.0781 0.0838 0.0899 0.0967 0.104 0.113 0.122 0.133 0.144 0.155 0.167 0.179 0.191 0.203 0.215 0.227 0.239 0.251 0.264 0.277 0.289 0.302 0.315 0.329 0.345 0.362 0.381 0.399 0.418 0.436 0.454 0.476 0.503 0.53 0.559 0.59 0.622 0.655 0.689 0.724 0.76 0.796 0.834 0.873 0.915 0.959 1 1.05 1.09 1.13 1.17 1.21 1.25 1.3
0.0385 0.0393 0.0403 0.0413 0.0426 0.044 0.0456 0.0474 0.0494 0.0515 0.0539 0.0566 0.0595 0.0628 0.0664 0.0704 0.0751 0.0802 0.0857 0.0917 0.0981 0.105 0.113 0.122 0.132 0.143 0.155 0.167 0.179 0.191 0.204 0.217 0.229 0.242 0.254 0.266 0.279 0.292 0.304 0.317 0.331 0.344 0.36 0.376 0.394 0.413 0.431 0.45 0.469 0.491 0.516 0.542 0.57 0.6 0.632 0.664 0.697 0.731 0.765 0.801 0.837 0.874 0.913 0.953 0.993 1.03 1.07 1.11 1.14 1.18 1.21 1.25
0.0422 0.0432 0.0443 0.0456 0.047 0.0487 0.0505 0.0526 0.0549 0.0573 0.06 0.063 0.0662 0.0698 0.0738 0.0781 0.0832 0.0886 0.0946 0.101 0.108 0.115 0.124 0.133 0.144 0.156 0.168 0.18 0.193 0.206 0.22 0.233 0.246 0.258 0.271 0.284 0.296 0.309 0.322 0.336 0.349 0.362 0.378 0.394 0.412 0.431 0.45 0.47 0.49 0.511 0.535 0.562 0.589 0.618 0.649 0.68 0.713 0.746 0.78 0.814 0.849 0.885 0.921 0.959 0.995 1.03 1.06 1.1 1.12 1.15 1.18 1.21
0.0463 0.0475 0.0488 0.0503 0.052 0.054 0.0561 0.0584 0.061 0.0638 0.0669 0.0702 0.0738 0.0778 0.0822 0.0869 0.0924 0.0982 0.105 0.112 0.119 0.127 0.136 0.146 0.158 0.17 0.183 0.196 0.209 0.223 0.237 0.251 0.265 0.278 0.291 0.304 0.317 0.33 0.343 0.357 0.37 0.384 0.399 0.416 0.435 0.454 0.474 0.494 0.514 0.536 0.56 0.586 0.613 0.642 0.672 0.703 0.735 0.768 0.801 0.835 0.869 0.903 0.937 0.972 1 1.04 1.06 1.09 1.11 1.14 1.16 1.19
0.0509 0.0523 0.0539 0.0557 0.0577 0.0599 0.0623 0.065 0.0679 0.0711 0.0746 0.0784 0.0824 0.0868 0.0916 0.0969 0.103 0.109 0.116 0.124 0.132 0.14 0.15 0.161 0.174 0.186 0.2 0.214 0.228 0.242 0.257 0.271 0.286 0.299 0.313 0.326 0.34 0.354 0.367 0.38 0.394 0.408 0.424 0.441 0.46 0.48 0.501 0.521 0.543 0.566 0.59 0.616 0.643 0.671 0.701 0.732 0.763 0.796 0.829 0.862 0.895 0.928 0.959 0.991 1.02 1.05 1.07 1.09 1.11 1.13 1.14 1.16
0.0561 0.0578 0.0596 0.0617 0.0639 0.0665 0.0692 0.0723 0.0757 0.0793 0.0832 0.0875 0.0921 0.097 0.102 0.108 0.115 0.122 0.129 0.137 0.146 0.156 0.167 0.179 0.192 0.205 0.22 0.234 0.249 0.264 0.28 0.295 0.31 0.324 0.338 0.352 0.366 0.38 0.394 0.407 0.421 0.436 0.453 0.471 0.49 0.511 0.532 0.553 0.575 0.599 0.624 0.649 0.676 0.705 0.734 0.765 0.796 0.828 0.86 0.892 0.924 0.955 0.984 1.01 1.04 1.06 1.08 1.09 1.1 1.11 1.13 1.14
0.0617 0.0637 0.0658 0.0682 0.0708 0.0737 0.0769 0.0804 0.0842 0.0883 0.0927 0.0975 0.103 0.108 0.114 0.121 0.128 0.135 0.144 0.153 0.162 0.173 0.185 0.198 0.212 0.226 0.241 0.257 0.273 0.289 0.305 0.321 0.336 0.351 0.366 0.381 0.395 0.41 0.423 0.437 0.452 0.467 0.485 0.503 0.523 0.544 0.566 0.588 0.611 0.635 0.66 0.686 0.713 0.741 0.77 0.8 0.831 0.862 0.893 0.925 0.955 0.986 1.01 1.04 1.06 1.07 1.08 1.09 1.1 1.1 1.11 1.12
0.0681 0.0704 0.0729 0.0756 0.0786 0.0819 0.0855 0.0894 0.0937 0.0984 0.103 0.109 0.115 0.121 0.128 0.135 0.143 0.151 0.161 0.17 0.181 0.193 0.205 0.219 0.234 0.25 0.266 0.282 0.299 0.316 0.333 0.349 0.365 0.381 0.397 0.412 0.427 0.442 0.456 0.47 0.485 0.5 0.519 0.538 0.558 0.58 0.602 0.625 0.649 0.673 0.699 0.725 0.753 0.78 0.809 0.839 0.869 0.9 0.931 0.961 0.99 1.02 1.04 1.06 1.07 1.09 1.09 1.09 1.09 1.09 1.09 1.1
0.0751 0.0777 0.0805 0.0837 0.0871 0.0908 0.0949 0.0993 0.104 0.109 0.115 0.121 0.128 0.135 0.142 0.151 0.159 0.169 0.179 0.19 0.201 0.214 0.228 0.243 0.259 0.275 0.292 0.309 0.327 0.345 0.363 0.379 0.396 0.414 0.43 0.446 0.462 0.477 0.491 0.506 0.521 0.536 0.554 0.574 0.595 0.617 0.64 0.664 0.688 0.713 0.739 0.766 0.794 0.822 0.85 0.88 0.91 0.94 0.971 1 1.03 1.05 1.07 1.08 1.09 1.1 1.1 1.1 1.09 1.09 1.08 1.08
0.0827 0.0857 0.089 0.0926 0.0965 0.101 0.105 0.11 0.116 0.122 0.128 0.135 0.142 0.15 0.159 0.168 0.178 0.188 0.199 0.211 0.224 0.238 0.253 0.269 0.286 0.303 0.32 0.338 0.357 0.375 0.394 0.412 0.43 0.448 0.466 0.483 0.498 0.514 0.528 0.542 0.557 0.573 0.592 0.612 0.634 0.656 0.68 0.704 0.729 0.754 0.781 0.808 0.836 0.864 0.893 0.922 0.952 0.982 1.01 1.04 1.06 1.08 1.1 1.11 1.11 1.11 1.1 1.1 1.09 1.07 1.06 1.05
0.0909 0.0944 0.0982 0.102 0.107 0.111 0.117 0.122 0.128 0.135 0.142 0.15 0.158 0.167 0.176 0.187 0.198 0.209 0.222 0.235 0.249 0.264 0.28 0.297 0.314 0.332 0.351 0.37 0.389 0.408 0.428 0.446 0.465 0.484 0.503 0.52 0.536 0.552 0.566 0.58 0.596 0.612 0.632 0.652 0.674 0.697 0.722 0.746 0.771 0.797 0.824 0.852 0.88 0.908 0.937 0.966 0.996 1.03 1.05 1.08 1.1 1.12 1.12 1.13 1.13 1.12 1.11 1.1 1.08 1.06 1.05 1.03
0.0997 0.104 0.108 0.113 0.118 0.123 0.129 0.135 0.142 0.149 0.157 0.166 0.175 0.185 0.196 0.207 0.219 0.232 0.245 0.26 0.275 0.291 0.309 0.327 0.345 0.364 0.383 0.403 0.423 0.443 0.463 0.483 0.502 0.521 0.541 0.559 0.575 0.591 0.606 0.62 0.637 0.654 0.674 0.695 0.717 0.741 0.765 0.79 0.815 0.842 0.869 0.896 0.925 0.953 0.982 1.01 1.04 1.07 1.09 1.12 1.13 1.14 1.15 1.15 1.14 1.13 1.11 1.1 1.07 1.05 1.03 1.01
0.109 0.114 0.119 0.124 0.129 0.135 0.142 0.149 0.156 0.165 0.173 0.183 0.193 0.205 0.216 0.229 0.242 0.256 0.271 0.286 0.303 0.32 0.339 0.358 0.377 0.397 0.417 0.438 0.459 0.479 0.5 0.52 0.541 0.561 0.58 0.599 0.616 0.632 0.647 0.662 0.679 0.697 0.718 0.74 0.763 0.786 0.811 0.836 0.862 0.888 0.915 0.943 0.971 0.999 1.03 1.06 1.08 1.11 1.13 1.15 1.16 1.17 1.17 1.16 1.15 1.14 1.11 1.09 1.06 1.03 1.01 0.985
0.12 0.125 0.13 0.136 0.142 0.149 0.156 0.164 0.172 0.181 0.191 0.201 0.213 0.225 0.239 0.252 0.267 0.282 0.298 0.315 0.333 0.351 0.37 0.39 0.411 0.431 0.453 0.474 0.496 0.517 0.539 0.56 0.581 0.602 0.622 0.641 0.658 0.674 0.69 0.706 0.725 0.743 0.765 0.787 0.81 0.834 0.859 0.884 0.91 0.936 0.963 0.991 1.02 1.05 1.07 1.1 1.13 1.15 1.17 1.18 1.18 1.19 1.18 1.17 1.16 1.14 1.11 1.08 1.05 1.01 0.982 0.956
0.131 0.136 0.142 0.149 0.156 0.163 0.171 0.18 0.189 0.199 0.21 0.221 0.234 0.248 0.262 0.277 0.294 0.311 0.328 0.346 0.364 0.384 0.404 0.425 0.446 0.468 0.49 0.512 0.535 0.557 0.579 0.602 0.624 0.645 0.666 0.685 0.702 0.719 0.736 0.753 0.772 0.792 0.814 0.836 0.86 0.884 0.909 0.934 0.96 0.987 1.01 1.04 1.07 1.09 1.12 1.14 1.16 1.18 1.2 1.2 1.21 1.2 1.2 1.18 1.16 1.14 1.1 1.07 1.03 0.994 0.957 0.928
0.142 0.149 0.156 0.163 0.17 0.178 0.187 0.196 0.206 0.217 0.229 0.242 0.256 0.271 0.287 0.304 0.322 0.34 0.359 0.378 0.398 0.418 0.439 0.46 0.483 0.505 0.528 0.551 0.575 0.598 0.621 0.645 0.668 0.69 0.711 0.73 0.748 0.766 0.784 0.802 0.823 0.843 0.865 0.888 0.912 0.937 0.962 0.987 1.01 1.04 1.07 1.09 1.12 1.14 1.16 1.18 1.2 1.21 1.22 1.23 1.23 1.22 1.21 1.19 1.16 1.13 1.09 1.05 1.01 0.971 0.932 0.901
0.155 0.162 0.17 0.178 0.186 0.195 0.204 0.214 0.225 0.237 0.25 0.264 0.28 0.297 0.314 0.333 0.352 0.372 0.392 0.412 0.433 0.454 0.475 0.498 0.521 0.544 0.569 0.592 0.617 0.641 0.665 0.69 0.714 0.737 0.758 0.778 0.797 0.816 0.835 0.855 0.876 0.897 0.92 0.943 0.967 0.992 1.02 1.04 1.07 1.09 1.12 1.14 1.16 1.18 1.2 1.22 1.23 1.24 1.25 1.25 1.24 1.23 1.21 1.19 1.16 1.13 1.08 1.04 0.994 0.949 0.91 0.879
0.169 0.177 0.185 0.193 0.202 0.212 0.222 0.233 0.245 0.258 0.272 0.288 0.305 0.323 0.343 0.363 0.384 0.405 0.426 0.448 0.469 0.491 0.513 0.537 0.561 0.585 0.611 0.635 0.661 0.686 0.711 0.737 0.762 0.785 0.807 0.828 0.849 0.869 0.889 0.91 0.932 0.953 0.978 1 1.03 1.05 1.07 1.1 1.12 1.14 1.17 1.19 1.21 1.22 1.24 1.25 1.26 1.27 1.27 1.26 1.25 1.24 1.22 1.19 1.15 1.12 1.07 1.02 0.974 0.929 0.89 0.86
0.183 0.192 0.201 0.21 0.22 0.23 0.242 0.253 0.266 0.28 0.295 0.312 0.331 0.352 0.373 0.395 0.417 0.44 0.462 0.485 0.507 0.53 0.553 0.577 0.602 0.627 0.654 0.679 0.706 0.732 0.758 0.785 0.811 0.836 0.859 0.881 0.903 0.925 0.947 0.969 0.991 1.01 1.04 1.06 1.09 1.11 1.13 1.15 1.17 1.19 1.21 1.23 1.25 1.26 1.27 1.28 1.29 1.29 1.29 1.28 1.26 1.24 1.21 1.18 1.14 1.11 1.06 1.01 0.963 0.919 0.883 0.855
0.199 0.208 0.218 0.228 0.239 0.25 0.262 0.275 0.288 0.303 0.32 0.338 0.359 0.382 0.405 0.429 0.452 0.477 0.5 0.524 0.547 0.57 0.594 0.619 0.645 0.671 0.698 0.725 0.753 0.781 0.808 0.836 0.863 0.89 0.914 0.938 0.961 0.985 1.01 1.03 1.05 1.08 1.1 1.13 1.15 1.17 1.19 1.21 1.23 1.24 1.26 1.27 1.28 1.29 1.3 1.31 1.31 1.31 1.3 1.29 1.27 1.24 1.21 1.18 1.14 1.09 1.05 1 0.954 0.913 0.88 0.854
0.216 0.226 0.236 0.247 0.259 0.271 0.284 0.298 0.312 0.328 0.345 0.365 0.388 0.413 0.438 0.465 0.49 0.516 0.541 0.566 0.59 0.614 0.638 0.663 0.69 0.716 0.744 0.772 0.802 0.831 0.861 0.89 0.919 0.947 0.974 0.999 1.02 1.05 1.07 1.1 1.12 1.14 1.16 1.19 1.21 1.23 1.24 1.26 1.28 1.29 1.3 1.31 1.32 1.33 1.33 1.33 1.33 1.33 1.31 1.3 1.27 1.24 1.21 1.17 1.13 1.09 1.05 1 0.96 0.922 0.894 0.872
0.233 0.244 0.255 0.268 0.28 0.294 0.308 0.322 0.338 0.354 0.373 0.394 0.419 0.447 0.475 0.504 0.531 0.559 0.586 0.612 0.636 0.66 0.685 0.71 0.737 0.764 0.792 0.822 0.854 0.885 0.917 0.948 0.979 1.01 1.04 1.06 1.09 1.12 1.14 1.17 1.19 1.21 1.23 1.25 1.27 1.28 1.3 1.31 1.33 1.33 1.34 1.35 1.36 1.36 1.36 1.36 1.35 1.34 1.33 1.3 1.28 1.25 1.21 1.17 1.13 1.09 1.05 1.01 0.968 0.935 0.911 0.893
