maui/input/month_year_rainfall/maui_prcp_02_2001.asc
ncols        361
nrows        320
xllcorner    -156.738000000000
yllcorner    20.343000000000
cellsize     0.002250000000
NODATA_value -3.4028234663852885981e+38
[rows 192 to 223 of 320, columns 144 to 215 of 361]
0.965 0.973 0.964 0.948 0.93 0.913 0.898 0.887 0.878 0.872 0.87 0.871 0.876 0.885 0.899 0.919 0.944 0.976 1.01 1.06 1.11 1.16 1.22 1.28 1.34 1.4 1.47 1.55 1.62 1.7 1.79 1.87 1.96 2.05 2.15 2.25 2.34 2.44 2.53 2.61 2.69 2.76 2.82 2.87 2.89 2.91 2.9 2.88 2.85 2.8 2.76 2.7 2.65 2.6 2.55 2.52 2.48 2.46 2.44 2.42 2.4 2.38 2.36 2.34 2.31 2.28 2.24 2.2 2.17 2.14 2.11 2.09
0.983 0.986 0.966 0.945 0.924 0.905 0.89 0.879 0.872 0.869 0.869 0.872 0.88 0.892 0.908 0.929 0.954 0.986 1.02 1.07 1.11 1.16 1.22 1.28 1.34 1.4 1.47 1.54 1.61 1.69 1.77 1.85 1.93 2.02 2.11 2.2 2.29 2.37 2.46 2.53 2.6 2.66 2.71 2.75 2.78 2.79 2.78 2.77 2.74 2.71 2.67 2.62 2.57 2.53 2.49 2.45 2.42 2.39 2.37 2.35 2.32 2.3 2.28 2.25 2.21 2.17 2.13 2.08 2.03 1.98 1.94 1.92
0.966 0.97 0.951 0.93 0.909 0.889 0.874 0.865 0.861 0.861 0.864 0.871 0.881 0.896 0.914 0.937 0.963 0.994 1.03 1.07 1.12 1.17 1.22 1.27 1.33 1.39 1.46 1.53 1.6 1.67 1.74 1.82 1.9 1.98 2.07 2.15 2.23 2.31 2.38 2.45 2.51 2.56 2.61 2.64 2.66 2.67 2.67 2.66 2.64 2.61 2.58 2.54 2.5 2.46 2.42 2.38 2.35 2.32 2.29 2.27 2.24 2.22 2.19 2.16 2.12 2.07 2.01 1.95 1.89 1.83 1.78 1.74
0.926 0.931 0.92 0.902 0.883 0.865 0.851 0.844 0.843 0.847 0.854 0.865 0.878 0.895 0.915 0.94 0.966 0.998 1.03 1.07 1.12 1.16 1.21 1.27 1.32 1.38 1.44 1.51 1.57 1.64 1.71 1.78 1.86 1.94 2.01 2.09 2.16 2.24 2.3 2.36 2.41 2.46 2.5 2.53 2.55 2.56 2.56 2.55 2.53 2.51 2.48 2.44 2.41 2.37 2.33 2.3 2.27 2.23 2.2 2.18 2.15 2.13 2.1 2.07 2.03 1.97 1.9 1.82 1.75 1.68 1.61 1.55
0.887 0.891 0.883 0.869 0.851 0.834 0.822 0.818 0.821 0.83 0.842 0.858 0.874 0.894 0.916 0.941 0.969 1 1.03 1.07 1.11 1.16 1.21 1.26 1.31 1.37 1.42 1.48 1.55 1.61 1.68 1.74 1.81 1.88 1.96 2.03 2.1 2.16 2.22 2.27 2.32 2.36 2.39 2.42 2.44 2.44 2.45 2.44 2.42 2.4 2.38 2.34 2.31 2.28 2.25 2.21 2.18 2.14 2.11 2.08 2.05 2.03 2 1.98 1.94 1.86 1.78 1.7 1.61 1.53 1.45 1.37
0.85 0.853 0.846 0.833 0.816 0.799 0.789 0.789 0.798 0.812 0.827 0.846 0.865 0.887 0.91 0.936 0.964 0.995 1.03 1.07 1.1 1.15 1.19 1.24 1.29 1.34 1.4 1.45 1.51 1.57 1.63 1.69 1.76 1.82 1.89 1.95 2.02 2.08 2.13 2.17 2.21 2.25 2.28 2.3 2.32 2.33 2.33 2.32 2.31 2.29 2.27 2.24 2.21 2.18 2.14 2.11 2.08 2.04 2.01 1.98 1.95 1.92 1.89 1.85 1.81 1.74 1.65 1.57 1.49 1.4 1.32 1.24
0.818 0.819 0.813 0.8 0.782 0.762 0.752 0.762 0.778 0.796 0.815 0.835 0.856 0.88 0.904 0.931 0.958 0.989 1.02 1.06 1.09 1.13 1.17 1.22 1.27 1.32 1.37 1.42 1.47 1.53 1.58 1.64 1.7 1.76 1.82 1.88 1.93 1.99 2.03 2.07 2.11 2.14 2.17 2.19 2.2 2.21 2.21 2.21 2.2 2.18 2.16 2.13 2.1 2.07 2.04 2.01 1.97 1.94 1.9 1.87 1.84 1.8 1.76 1.72 1.67 1.6 1.53 1.45 1.37 1.3 1.22 1.16
0.789 0.79 0.784 0.774 0.757 0.737 0.727 0.744 0.763 0.783 0.804 0.825 0.846 0.87 0.894 0.92 0.947 0.977 1.01 1.04 1.08 1.11 1.15 1.19 1.24 1.28 1.33 1.38 1.43 1.48 1.53 1.58 1.63 1.69 1.74 1.79 1.84 1.89 1.93 1.97 2 2.03 2.05 2.07 2.08 2.09 2.09 2.09 2.08 2.06 2.04 2.02 1.99 1.96 1.93 1.89 1.86 1.83 1.79 1.76 1.72 1.68 1.64 1.6 1.54 1.48 1.42 1.35 1.28 1.21 1.15 1.1
0.765 0.766 0.762 0.754 0.743 0.731 0.729 0.74 0.757 0.776 0.796 0.816 0.838 0.86 0.883 0.909 0.935 0.963 0.992 1.02 1.06 1.09 1.13 1.17 1.21 1.25 1.29 1.33 1.38 1.42 1.47 1.52 1.57 1.61 1.66 1.71 1.75 1.79 1.83 1.86 1.89 1.92 1.94 1.96 1.97 1.97 1.97 1.97 1.96 1.94 1.93 1.9 1.88 1.85 1.82 1.78 1.75 1.71 1.68 1.64 1.61 1.57 1.52 1.48 1.43 1.37 1.31 1.25 1.19 1.13 1.08 1.03
0.745 0.746 0.744 0.74 0.735 0.731 0.732 0.741 0.755 0.772 0.79 0.81 0.83 0.851 0.873 0.897 0.921 0.947 0.974 1 1.03 1.07 1.1 1.13 1.17 1.21 1.25 1.29 1.33 1.37 1.41 1.45 1.5 1.54 1.58 1.62 1.66 1.7 1.73 1.76 1.79 1.81 1.83 1.84 1.85 1.86 1.85 1.85 1.84 1.83 1.81 1.79 1.76 1.73 1.71 1.67 1.64 1.61 1.57 1.54 1.5 1.46 1.42 1.37 1.32 1.27 1.22 1.16 1.11 1.06 1.01 0.977
0.728 0.73 0.731 0.73 0.729 0.729 0.733 0.742 0.755 0.77 0.786 0.804 0.823 0.843 0.863 0.885 0.907 0.931 0.956 0.982 1.01 1.04 1.07 1.1 1.13 1.17 1.2 1.24 1.27 1.31 1.35 1.39 1.42 1.46 1.5 1.53 1.57 1.6 1.63 1.66 1.68 1.7 1.72 1.73 1.74 1.74 1.74 1.74 1.73 1.71 1.7 1.68 1.65 1.63 1.6 1.57 1.54 1.5 1.47 1.43 1.4 1.36 1.32 1.27 1.23 1.18 1.13 1.08 1.04 0.995 0.957 0.925
0.714 0.718 0.72 0.721 0.723 0.727 0.733 0.742 0.754 0.768 0.783 0.799 0.816 0.835 0.853 0.873 0.894 0.916 0.938 0.962 0.986 1.01 1.04 1.07 1.1 1.13 1.16 1.19 1.22 1.25 1.29 1.32 1.35 1.39 1.42 1.45 1.48 1.51 1.54 1.56 1.58 1.6 1.61 1.62 1.63 1.63 1.63 1.63 1.62 1.61 1.59 1.57 1.55 1.52 1.5 1.47 1.44 1.4 1.37 1.34 1.3 1.26 1.22 1.18 1.14 1.1 1.06 1.02 0.977 0.94 0.909 0.882
0.702 0.707 0.71 0.714 0.718 0.724 0.731 0.741 0.752 0.766 0.779 0.794 0.81 0.827 0.844 0.862 0.881 0.9 0.92 0.941 0.963 0.987 1.01 1.04 1.06 1.09 1.11 1.14 1.17 1.2 1.23 1.26 1.28 1.31 1.34 1.37 1.4 1.42 1.44 1.47 1.48 1.5 1.51 1.52 1.53 1.53 1.53 1.52 1.52 1.5 1.49 1.47 1.45 1.43 1.4 1.37 1.34 1.31 1.28 1.25 1.21 1.18 1.14 1.11 1.07 1.03 0.995 0.959 0.925 0.894 0.867 0.844
0.692 0.698 0.702 0.707 0.713 0.72 0.728 0.738 0.75 0.762 0.776 0.789 0.804 0.819 0.834 0.851 0.867 0.885 0.903 0.922 0.941 0.961 0.982 1 1.03 1.05 1.07 1.1 1.12 1.14 1.17 1.19 1.22 1.24 1.27 1.29 1.32 1.34 1.36 1.38 1.39 1.41 1.42 1.43 1.43 1.43 1.43 1.43 1.42 1.41 1.39 1.38 1.36 1.34 1.31 1.29 1.26 1.23 1.2 1.17 1.14 1.1 1.07 1.04 1 0.972 0.94 0.909 0.879 0.853 0.829 -3.4e+38
0.685 0.69 0.695 0.702 0.708 0.716 0.725 0.735 0.746 0.758 0.771 0.784 0.797 0.811 0.825 0.84 0.855 0.871 0.887 0.903 0.92 0.938 0.956 0.974 0.993 1.01 1.03 1.05 1.07 1.1 1.12 1.14 1.16 1.18 1.2 1.22 1.24 1.26 1.28 1.3 1.31 1.32 1.33 1.34 1.35 1.35 1.34 1.34 1.33 1.32 1.31 1.29 1.27 1.25 1.23 1.21 1.18 1.15 1.13 1.1 1.07 1.04 1.01 0.981 0.952 0.924 0.895 0.867 0.841 0.818 -3.4e+38 -3.4e+38
0.678 0.683 0.689 0.696 0.703 0.711 0.72 0.73 0.741 0.753 0.765 0.778 0.79 0.803 0.816 0.829 0.843 0.857 0.871 0.885 0.9 0.914 0.93 0.945 0.962 0.978 0.995 1.01 1.03 1.05 1.07 1.09 1.1 1.12 1.14 1.16 1.18 1.19 1.21 1.22 1.23 1.25 1.25 1.26 1.26 1.26 1.26 1.26 1.25 1.24 1.23 1.21 1.19 1.17 1.15 1.13 1.11 1.08 1.06 1.03 1.01 0.982 0.957 0.932 0.906 0.881 -3.4e+38 0.83 -3.4e+38 -3.4e+38 -3.4e+38 -3.4e+38
0.673 0.679 0.684 0.692 0.699 0.707 0.716 0.726 0.737 0.748 0.76 0.773 0.784 0.796 0.808 0.82 0.832 0.845 0.857 0.869 0.882 0.894 0.907 0.92 0.934 0.948 0.962 0.976 0.991 1.01 1.02 1.04 1.05 1.07 1.08 1.1 1.11 1.13 1.14 1.15 1.16 1.17 1.18 1.19 1.19 1.19 1.19 1.18 1.17 1.16 1.15 1.14 1.12 1.11 1.09 1.07 1.05 1.03 1 0.981 0.959 0.936 0.913 0.89 -3.4e+38 -3.4e+38 -3.4e+38 -3.4e+38 -3.4e+38 -3.4e+38 -3.4e+38 -3.4e+38
0.669 0.675 0.68 0.687 0.695 0.702 0.711 0.721 0.732 0.743 0.754 0.766 0.777 0.788 0.799 0.81 0.821 0.832 0.842 0.853 0.864 0.874 0.885 0.896 0.907 0.918 0.929 0.941 0.953 0.966 0.979 0.992 1.01 1.02 1.03 1.04 1.06 1.07 1.08 1.09 1.1 1.11 1.11 1.12 1.12 1.12 1.11 1.11 1.1 1.09 1.08 1.07 1.06 1.04 1.02 1.01 0.99 0.972 0.953 0.933 0.913 0.893 -3.4e+38 -3.4e+38 -3.4e+38 -3.4e+38 -3.4e+38 -3.4e+38 -3.4e+38 -3.4e+38 -3.4e+38 -3.4e+38
0.668 0.673 0.678 0.685 0.692 0.699 0.708 0.718 0.728 0.739 0.75 0.761 0.772 0.783 0.793 0.803 0.812 0.822 0.831 0.84 0.849 0.858 0.867 0.875 0.884 0.893 0.903 0.912 0.922 0.932 0.943 0.954 0.965 0.975 0.986 0.997 1.01 1.02 1.03 1.03 1.04 1.05 1.05 1.06 1.06 1.06 1.05 1.05 1.04 1.03 1.03 1.01 1 0.99 0.976 0.961 0.945 0.929 0.911 -3.4e+38 -3.4e+38 -3.4e+38 -3.4e+38 -3.4e+38 -3.4e+38 -3.4e+38 -3.4e+38 -3.4e+38 -3.4e+38 -3.4e+38 -3.4e+38 -3.4e+38
0.667 0.672 0.677 0.682 0.689 0.696 0.705 0.714 0.724 0.734 0.745 0.755 0.766 0.776 0.786 0.795 0.803 0.812 0.82 0.828 0.835 0.842 0.849 0.856 0.863 0.87 0.877 0.885 0.893 0.901 0.909 0.918 0.927 0.936 0.945 0.953 0.961 0.969 0.977 0.984 0.989 0.994 0.998 1 1 1 0.997 0.993 0.987 0.98 0.972 0.963 0.953 0.942 0.931 0.918 0.904 0.889 -3.4e+38 -3.4e+38 -3.4e+38 -3.4e+38 -3.4e+38 -3.4e+38 -3.4e+38 -3.4e+38 -3.4e+38 -3.4e+38 -3.4e+38 -3.4e+38 -3.4e+38 -3.4e+38
0.667 0.672 0.677 0.683 0.688 0.696 0.703 0.712 0.721 0.731 0.741 0.751 0.761 0.771 0.78 0.789 0.797 0.804 0.811 0.818 0.824 0.83 0.836 0.841 0.847 0.852 0.858 0.864 0.871 0.877 0.884 0.891 0.899 0.906 0.914 0.92 0.927 0.933 0.939 0.945 0.95 0.954 0.956 0.958 0.958 0.957 0.954 0.95 0.945 0.939 0.932 0.923 0.914 0.904 0.893 0.881 0.868 -3.4e+38 -3.4e+38 -3.4e+38 -3.4e+38 -3.4e+38 -3.4e+38 -3.4e+38 -3.4e+38 -3.4e+38 -3.4e+38 -3.4e+38 -3.4e+38 -3.4e+38 -3.4e+38 -3.4e+38
0.668 0.673 0.678 0.683 0.688 0.695 0.703 0.711 0.719 0.729 0.738 0.748 0.757 0.767 0.776 0.784 0.791 0.798 0.804 0.81 0.815 0.82 0.824 0.828 0.833 0.837 0.842 0.847 0.852 0.857 0.862 0.868 0.874 0.88 0.886 0.891 0.896 0.901 0.906 0.911 0.915 0.918 0.919 0.92 0.92 0.918 0.915 0.912 0.907 0.901 0.895 0.887 0.879 0.869 -3.4e+38 -3.4e+38 -3.4e+38 -3.4e+38 -3.4e+38 -3.4e+38 -3.4e+38 -3.4e+38 -3.4e+38 -3.4e+38 -3.4e+38 -3.4e+38 -3.4e+38 -3.4e+38 -3.4e+38 -3.4e+38 -3.4e+38 -3.4e+38
-3.4e+38 0.673 0.679 -3.4e+38 0.689 0.696 0.704 0.712 0.72 0.729 0.738 0.747 0.756 0.765 0.773 0.782 0.788 0.795 0.8 0.804 0.809 0.813 0.817 0.821 0.825 0.829 0.833 0.836 0.839 0.843 -3.4e+38 -3.4e+38 0.855 0.86 0.865 0.869 -3.4e+38 -3.4e+38 -3.4e+38 -3.4e+38 -3.4e+38 -3.4e+38 -3.4e+38 -3.4e+38 -3.4e+38 -3.4e+38 -3.4e+38 -3.4e+38 -3.4e+38 -3.4e+38 -3.4e+38 -3.4e+38 -3.4e+38 -3.4e+38 -3.4e+38 -3.4e+38 -3.4e+38 -3.4e+38 -3.4e+38 -3.4e+38 -3.4e+38 -3.4e+38 -3.4e+38 -3.4e+38 -3.4e+38 -3.4e+38 -3.4e+38 -3.4e+38 -3.4e+38 -3.4e+38 -3.4e+38 -3.4e+38
-3.4e+38 -3.4e+38 -3.4e+38 -3.4e+38 0.69 0.698 0.705 0.713 0.721 0.73 0.738 0.747 0.756 0.764 0.772 0.78 0.787 0.793 0.797 0.801 0.805 0.809 0.813 0.816 0.82 0.822 0.825 0.827 -3.4e+38 -3.4e+38 -3.4e+38 -3.4e+38 -3.4e+38 0.844 -3.4e+38 -3.4e+38 -3.4e+38 -3.4e+38 -3.4e+38 -3.4e+38 -3.4e+38 -3.4e+38 -3.4e+38 -3.4e+38 -3.4e+38 -3.4e+38 -3.4e+38 -3.4e+38 -3.4e+38 -3.4e+38 -3.4e+38 -3.4e+38 -3.4e+38 -3.4e+38 -3.4e+38 -3.4e+38 -3.4e+38 -3.4e+38 -3.4e+38 -3.4e+38 -3.4e+38 -3.4e+38 -3.4e+38 -3.4e+38 -3.4e+38 -3.4e+38 -3.4e+38 -3.4e+38 -3.4e+38 -3.4e+38 -3.4e+38 -3.4e+38
-3.4e+38 -3.4e+38 -3.4e+38 -3.4e+38 -3.4e+38 -3.4e+38 -3.4e+38 -3.4e+38 -3.4e+38 -3.4e+38 -3.4e+38 -3.4e+38 -3.4e+38 -3.4e+38 0.772 0.78 0.787 0.793 0.798 0.801 0.805 0.808 0.811 0.814 0.816 -3.4e+38 -3.4e+38 -3.4e+38 -3.4e+38 -3.4e+38 -3.4e+38 -3.4e+38 -3.4e+38 -3.4e+38 -3.4e+38 -3.4e+38 -3.4e+38 -3.4e+38 -3.4e+38 -3.4e+38 -3.4e+38 -3.4e+38 -3.4e+38 -3.4e+38 -3.4e+38 -3.4e+38 -3.4e+38 -3.4e+38 -3.4e+38 -3.4e+38 -3.4e+38 -3.4e+38 -3.4e+38 -3.4e+38 -3.4e+38 -3.4e+38 -3.4e+38 -3.4e+38 -3.4e+38 -3.4e+38 -3.4e+38 -3.4e+38 -3.4e+38 -3.4e+38 -3.4e+38 -3.4e+38 -3.4e+38 -3.4e+38 -3.4e+38 -3.4e+38 -3.4e+38 -3.4e+38
-3.4e+38 -3.4e+38 -3.4e+38 -3.4e+38 -3.4e+38 -3.4e+38 -3.4e+38 -3.4e+38 -3.4e+38 -3.4e+38 -3.4e+38 -3.4e+38 -3.4e+38 -3.4e+38 -3.4e+38 -3.4e+38 0.787 0.794 0.799 0.803 0.806 -3.4e+38 -3.4e+38 -3.4e+38 -3.4e+38 -3.4e+38 -3.4e+38 -3.4e+38 -3.4e+38 -3.4e+38 -3.4e+38 -3.4e+38 -3.4e+38 -3.4e+38 -3.4e+38 -3.4e+38 -3.4e+38 -3.4e+38 -3.4e+38 -3.4e+38 -3.4e+38 -3.4e+38 -3.4e+38 -3.4e+38 -3.4e+38 -3.4e+38 -3.4e+38 -3.4e+38 -3.4e+38 -3.4e+38 -3.4e+38 -3.4e+38 -3.4e+38 -3.4e+38 -3.4e+38 -3.4e+38 -3.4e+38 -3.4e+38 -3.4e+38 -3.4e+38 -3.4e+38 -3.4e+38 -3.4e+38 -3.4e+38 -3.4e+38 -3.4e+38 -3.4e+38 -3.4e+38 -3.4e+38 -3.4e+38 -3.4e+38 -3.4e+38
-3.4e+38 -3.4e+38 -3.4e+38 -3.4e+38 -3.4e+38 -3.4e+38 -3.4e+38 -3.4e+38 -3.4e+38 -3.4e+38 -3.4e+38 -3.4e+38 -3.4e+38 -3.4e+38 -3.4e+38 -3.4e+38 -3.4e+38 -3.4e+38 -3.4e+38 -3.4e+38 -3.4e+38 -3.4e+38 -3.4e+38 -3.4e+38 -3.4e+38 -3.4e+38 -3.4e+38 -3.4e+38 -3.4e+38 -3.4e+38 -3.4e+38 -3.4e+38 -3.4e+38 -3.4e+38 -3.4e+38 -3.4e+38 -3.4e+38 -3.4e+38 -3.4e+38 -3.4e+38 -3.4e+38 -3.4e+38 -3.4e+38 -3.4e+38 -3.4e+38 -3.4e+38 -3.4e+38 -3.4e+38 -3.4e+38 -3.4e+38 -3.4e+38 -3.4e+38 -3.4e+38 -3.4e+38 -3.4e+38 -3.4e+38 -3.4e+38 -3.4e+38 -3.4e+38 -3.4e+38 -3.4e+38 -3.4e+38 -3.4e+38 -3.4e+38 -3.4e+38 -3.4e+38 -3.4e+38 -3.4e+38 -3.4e+38 -3.4e+38 -3.4e+38 -3.4e+38
-3.4e+38 -3.4e+38 -3.4e+38 -3.4e+38 -3.4e+38 -3.4e+38 -3.4e+38 -3.4e+38 -3.4e+38 -3.4e+38 -3.4e+38 -3.4e+38 -3.4e+38 -3.4e+38 -3.4e+38 -3.4e+38 -3.4e+38 -3.4e+38 -3.4e+38 -3.4e+38 -3.4e+38 -3.4e+38 -3.4e+38 -3.4e+38 -3.4e+38 -3.4e+38 -3.4e+38 -3.4e+38 -3.4e+38 -3.4e+38 -3.4e+38 -3.4e+38 -3.4e+38 -3.4e+38 -3.4e+38 -3.4e+38 -3.4e+38 -3.4e+38 -3.4e+38 -3.4e+38 -3.4e+38 -3.4e+38 -3.4e+38 -3.4e+38 -3.4e+38 -3.4e+38 -3.4e+38 -3.4e+38 -3.4e+38 -3.4e+38 -3.4e+38 -3.4e+38 -3.4e+38 -3.4e+38 -3.4e+38 -3.4e+38 -3.4e+38 -3.4e+38 -3.4e+38 -3.4e+38 -3.4e+38 -3.4e+38 -3.4e+38 -3.4e+38 -3.4e+38 -3.4e+38 -3.4e+38 -3.4e+38 -3.4e+38 -3.4e+38 -3.4e+38 -3.4e+38
-3.4e+38 -3.4e+38 -3.4e+38 -3.4e+38 -3.4e+38 -3.4e+38 -3.4e+38 -3.4e+38 -3.4e+38 -3.4e+38 -3.4e+38 -3.4e+38 -3.4e+38 -3.4e+38 -3.4e+38 -3.4e+38 -3.4e+38 -3.4e+38 -3.4e+38 -3.4e+38 -3.4e+38 -3.4e+38 -3.4e+38 -3.4e+38 -3.4e+38 -3.4e+38 -3.4e+38 -3.4e+38 -3.4e+38 -3.4e+38 -3.4e+38 -3.4e+38 -3.4e+38 -3.4e+38 -3.4e+38 -3.4e+38 -3.4e+38 -3.4e+38 -3.4e+38 -3.4e+38 -3.4e+38 -3.4e+38 -3.4e+38 -3.4e+38 -3.4e+38 -3.4e+38 -3.4e+38 -3.4e+38 -3.4e+38 -3.4e+38 -3.4e+38 -3.4e+38 -3.4e+38 -3.4e+38 -3.4e+38 -3.4e+38 -3.4e+38 -3.4e+38 -3.4e+38 -3.4e+38 -3.4e+38 -3.4e+38 -3.4e+38 -3.4e+38 -3.4e+38 -3.4e+38 -3.4e+38 -3.4e+38 -3.4e+38 -3.4e+38 -3.4e+38 -3.4e+38
-3.4e+38 -3.4e+38 -3.4e+38 -3.4e+38 -3.4e+38 -3.4e+38 -3.4e+38 -3.4e+38 -3.4e+38 -3.4e+38 -3.4e+38 -3.4e+38 -3.4e+38 -3.4e+38 -3.4e+38 -3.4e+38 -3.4e+38 -3.4e+38 -3.4e+38 -3.4e+38 -3.4e+38 -3.4e+38 -3.4e+38 -3.4e+38 -3.4e+38 -3.4e+38 -3.4e+38 -3.4e+38 -3.4e+38 -3.4e+38 -3.4e+38 -3.4e+38 -3.4e+38 -3.4e+38 -3.4e+38 -3.4e+38 -3.4e+38 -3.4e+38 -3.4e+38 -3.4e+38 -3.4e+38 -3.4e+38 -3.4e+38 -3.4e+38 -3.4e+38 -3.4e+38 -3.4e+38 -3.4e+38 -3.4e+38 -3.4e+38 -3.4e+38 -3.4e+38 -3.4e+38 -3.4e+38 -3.4e+38 -3.4e+38 -3.4e+38 -3.4e+38 -3.4e+38 -3.4e+38 -3.4e+38 -3.4e+38 -3.4e+38 -3.4e+38 -3.4e+38 -3.4e+38 -3.4e+38 -3.4e+38 -3.4e+38 -3.4e+38 -3.4e+38 -3.4e+38
-3.4e+38 -3.4e+38 -3.4e+38 -3.4e+38 -3.4e+38 -3.4e+38 -3.4e+38 -3.4e+38 -3.4e+38 -3.4e+38 -3.4e+38 -3.4e+38 -3.4e+38 -3.4e+38 -3.4e+38 -3.4e+38 -3.4e+38 -3.4e+38 -3.4e+38 -3.4e+38 -3.4e+38 -3.4e+38 -3.4e+38 -3.4e+38 -3.4e+38 -3.4e+38 -3.4e+38 -3.4e+38 -3.4e+38 -3.4e+38 -3.4e+38 -3.4e+38 -3.4e+38 -3.4e+38 -3.4e+38 -3.4e+38 -3.4e+38 -3.4e+38 -3.4e+38 -3.4e+38 -3.4e+38 -3.4e+38 -3.4e+38 -3.4e+38 -3.4e+38 -3.4e+38 -3.4e+38 -3.4e+38 -3.4e+38 -3.4e+38 -3.4e+38 -3.4e+38 -3.4e+38 -3.4e+38 -3.4e+38 -3.4e+38 -3.4e+38 -3.4e+38 -3.4e+38 -3.4e+38 -3.4e+38 -3.4e+38 -3.4e+38 -3.4e+38 -3.4e+38 -3.4e+38 -3.4e+38 -3.4e+38 -3.4e+38 -3.4e+38 -3.4e+38 -3.4e+38
-3.4e+38 -3.4e+38 -3.4e+38 -3.4e+38 -3.4e+38 -3.4e+38 -3.4e+38 -3.4e+38 -3.4e+38 -3.4e+38 -3.4e+38 -3.4e+38 -3.4e+38 -3.4e+38 -3.4e+38 -3.4e+38 -3.4e+38 -3.4e+38 -3.4e+38 -3.4e+38 -3.4e+38 -3.4e+38 -3.4e+38 -3.4e+38 -3.4e+38 -3.4e+38 -3.4e+38 -3.4e+38 -3.4e+38 -3.4e+38 -3.4e+38 -3.4e+38 -3.4e+38 -3.4e+38 -3.4e+38 -3.4e+38 -3.4e+38 -3.4e+38 -3.4e+38 -3.4e+38 -3.4e+38 -3.4e+38 -3.4e+38 -3.4e+38 -3.4e+38 -3.4e+38 -3.4e+38 -3.4e+38 -3.4e+38 -3.4e+38 -3.4e+38 -3.4e+38 -3.4e+38 -3.4e+38 -3.4e+38 -3.4e+38 -3.4e+38 -3.4e+38 -3.4e+38 -3.4e+38 -3.4e+38 -3.4e+38 -3.4e+38 -3.4e+38 -3.4e+38 -3.4e+38 -3.4e+38 -3.4e+38 -3.4e+38 -3.4e+38 -3.4e+38 -3.4e+38
