maui/input/month_year_rainfall/maui_prcp_12_2001.asc
ncols        361
nrows        320
xllcorner    -156.738000000000
yllcorner    20.343000000000
cellsize     0.002250000000
NODATA_value -3.4028234663852885981e+38
[rows 96 to 127 of 320, columns 72 to 143 of 361]
6.2 6.1 6.02 5.94 5.86 5.79 5.73 5.66 5.59 5.53 5.46 5.4 5.32 5.25 5.14 5.04 4.91 4.76 4.58 4.4 4.24 4.06 3.9 3.76 3.64 3.54 3.44 3.38 3.31 3.27 3.22 3.15 3.07 2.99 2.92 2.84 2.78 2.71 2.65 2.59 2.54 2.5 2.46 2.42 2.39 2.38 2.4 2.41 2.43 2.45 2.46 2.47 2.49 2.51 2.53 2.56 2.58 2.61 2.64 2.67 2.7 2.74 2.78 2.82 2.87 2.93 3 3.07 3.14 3.23 3.33 3.43
5.77 5.7 5.63 5.57 5.52 5.48 5.43 5.39 5.35 5.33 5.29 5.27 5.22 5.16 5.08 5 4.87 4.73 4.56 4.39 4.22 4.05 3.88 3.72 3.57 3.45 3.33 3.26 3.19 3.14 3.09 3.03 2.96 2.89 2.82 2.75 2.69 2.63 2.58 2.52 2.48 2.43 2.4 2.37 2.35 2.34 2.35 2.37 2.38 2.39 2.41 2.42 2.44 2.46 2.48 2.5 2.52 2.54 2.57 2.59 2.62 2.65 2.69 2.72 2.76 2.81 2.86 2.92 2.99 3.06 3.14 3.23
5.35 5.3 5.25 5.22 5.19 5.16 5.14 5.13 5.12 5.12 5.12 5.12 5.1 5.08 5.02 4.95 4.84 4.7 4.54 4.37 4.21 4.03 3.85 3.67 3.49 3.34 3.21 3.12 3.04 3 2.96 2.91 2.85 2.78 2.72 2.66 2.61 2.55 2.5 2.45 2.41 2.38 2.35 2.32 2.31 2.3 2.31 2.33 2.34 2.35 2.36 2.37 2.39 2.41 2.43 2.44 2.46 2.48 2.5 2.52 2.54 2.56 2.59 2.61 2.65 2.68 2.73 2.77 2.83 2.89 2.95 3.01
4.94 4.91 4.88 4.86 4.85 4.85 4.85 4.86 4.88 4.9 4.92 4.96 4.97 4.98 4.95 4.9 4.8 4.67 4.51 4.35 4.18 3.99 3.79 3.59 3.39 3.22 3.07 2.96 2.89 2.86 2.83 2.8 2.74 2.68 2.62 2.56 2.52 2.47 2.43 2.39 2.35 2.32 2.3 2.28 2.27 2.27 2.28 2.29 2.3 2.31 2.32 2.33 2.34 2.36 2.37 2.39 2.4 2.41 2.43 2.44 2.45 2.47 2.48 2.5 2.52 2.55 2.58 2.62 2.66 2.71 2.75 2.8
4.53 4.52 4.51 4.51 4.52 4.53 4.56 4.6 4.64 4.69 4.74 4.8 4.84 4.89 4.88 4.84 4.75 4.64 4.49 4.33 4.15 3.95 3.73 3.51 3.29 3.1 2.92 2.79 2.72 2.7 2.7 2.68 2.62 2.57 2.52 2.47 2.43 2.39 2.36 2.32 2.3 2.27 2.25 2.24 2.23 2.24 2.25 2.27 2.27 2.28 2.28 2.29 2.3 2.32 2.33 2.34 2.34 2.35 2.36 2.36 2.37 2.37 2.38 2.38 2.39 2.41 2.43 2.46 2.49 2.53 2.56 2.6
4.12 4.13 4.14 4.16 4.19 4.22 4.27 4.33 4.4 4.48 4.56 4.65 4.71 4.79 4.79 4.77 4.7 4.6 4.45 4.29 4.11 3.9 3.67 3.43 3.19 2.98 2.78 2.62 2.55 2.55 2.54 2.53 2.49 2.45 2.41 2.37 2.34 2.31 2.29 2.27 2.24 2.22 2.21 2.2 2.2 2.2 2.22 2.24 2.24 2.24 2.25 2.26 2.27 2.28 2.28 2.29 2.29 2.29 2.29 2.29 2.28 2.28 2.27 2.27 2.26 2.27 2.29 2.31 2.33 2.35 2.38 2.41
3.73 3.76 3.79 3.83 3.87 3.92 3.99 4.08 4.17 4.28 4.38 4.5 4.59 4.68 4.7 4.69 4.63 4.54 4.4 4.24 4.06 3.84 3.6 3.35 3.09 2.88 2.67 2.52 2.44 2.42 2.4 2.39 2.36 2.34 2.31 2.28 2.27 2.24 2.23 2.22 2.2 2.18 2.17 2.16 2.16 2.17 2.18 2.19 2.2 2.21 2.21 2.22 2.23 2.24 2.24 2.24 2.23 2.23 2.22 2.21 2.2 2.19 2.18 2.16 2.14 2.14 2.15 2.16 2.17 2.19 2.21 2.23
3.37 3.41 3.45 3.5 3.56 3.64 3.73 3.83 3.95 4.08 4.2 4.34 4.45 4.56 4.59 4.6 4.56 4.48 4.34 4.18 4 3.77 3.53 3.26 3 2.77 2.57 2.43 2.34 2.3 2.27 2.26 2.25 2.23 2.22 2.21 2.2 2.19 2.18 2.17 2.16 2.14 2.13 2.13 2.12 2.13 2.14 2.15 2.16 2.17 2.18 2.19 2.2 2.2 2.2 2.19 2.18 2.17 2.15 2.14 2.12 2.1 2.08 2.06 2.04 2.02 2.02 2.02 2.02 2.03 2.04 2.05
3.02 3.08 3.14 3.2 3.28 3.37 3.48 3.6 3.73 3.88 4.03 4.18 4.31 4.43 4.48 4.51 4.47 4.4 4.27 4.11 3.93 3.7 3.44 3.17 2.9 2.67 2.46 2.33 2.23 2.19 2.16 2.15 2.15 2.14 2.14 2.14 2.14 2.14 2.14 2.13 2.12 2.11 2.1 2.09 2.09 2.09 2.1 2.11 2.12 2.14 2.15 2.16 2.17 2.17 2.16 2.15 2.13 2.11 2.09 2.06 2.04 2.02 1.99 1.96 1.94 1.91 1.9 1.89 1.88 1.88 1.88 1.88
2.71 2.77 2.84 2.92 3.02 3.12 3.24 3.38 3.53 3.7 3.86 4.02 4.16 4.3 4.37 4.41 4.38 4.32 4.2 4.04 3.85 3.61 3.35 3.07 2.8 2.56 2.35 2.21 2.11 2.08 2.06 2.06 2.06 2.07 2.08 2.08 2.09 2.09 2.1 2.09 2.09 2.08 2.07 2.06 2.06 2.06 2.07 2.08 2.09 2.11 2.12 2.13 2.14 2.14 2.13 2.1 2.08 2.05 2.02 1.99 1.97 1.94 1.91 1.87 1.84 1.81 1.78 1.76 1.75 1.73 1.73 1.72
2.42 2.49 2.58 2.67 2.77 2.89 3.02 3.17 3.34 3.52 3.69 3.87 4.02 4.16 4.24 4.3 4.28 4.22 4.1 3.94 3.75 3.52 3.25 2.97 2.69 2.45 2.23 2.09 2 1.98 1.97 1.98 1.99 2.01 2.03 2.04 2.06 2.06 2.07 2.06 2.06 2.05 2.04 2.04 2.03 2.03 2.04 2.04 2.06 2.07 2.09 2.1 2.11 2.11 2.09 2.06 2.02 1.99 1.96 1.92 1.89 1.86 1.82 1.78 1.75 1.71 1.68 1.65 1.62 1.6 1.58 1.56
2.15 2.24 2.33 2.44 2.55 2.68 2.82 2.98 3.16 3.35 3.53 3.72 3.87 4.02 4.11 4.17 4.17 4.12 4 3.85 3.66 3.42 3.16 2.88 2.6 2.34 2.12 1.97 1.9 1.88 1.89 1.91 1.93 1.96 1.99 2.01 2.03 2.04 2.05 2.04 2.03 2.03 2.02 2.01 2.01 2 2.01 2.01 2.02 2.04 2.05 2.06 2.07 2.07 2.04 2.01 1.97 1.93 1.89 1.85 1.82 1.78 1.74 1.7 1.66 1.61 1.58 1.54 1.51 1.48 1.45 1.42
1.92 2.01 2.11 2.22 2.34 2.48 2.63 2.8 2.99 3.19 3.38 3.57 3.72 3.86 3.96 4.03 4.03 3.99 3.88 3.72 3.54 3.31 3.06 2.79 2.51 2.26 2.03 1.86 1.81 1.81 1.82 1.85 1.89 1.93 1.97 2 2.02 2.03 2.03 2.02 2.02 2.01 2 1.99 1.98 1.98 1.98 1.98 1.99 2 2.01 2.02 2.02 2.01 1.98 1.95 1.91 1.87 1.83 1.79 1.74 1.7 1.66 1.61 1.57 1.53 1.49 1.45 1.41 1.37 1.33 1.29
1.71 1.81 1.91 2.03 2.16 2.3 2.46 2.64 2.83 3.04 3.23 3.41 3.56 3.71 3.8 3.88 3.89 3.86 3.75 3.6 3.42 3.21 2.97 2.72 2.45 2.21 1.99 1.84 1.77 1.76 1.77 1.8 1.86 1.91 1.97 2 2.03 2.03 2.02 2.01 2 1.98 1.97 1.96 1.96 1.95 1.95 1.95 1.96 1.96 1.97 1.97 1.96 1.95 1.93 1.89 1.85 1.81 1.77 1.72 1.68 1.63 1.58 1.54 1.49 1.45 1.4 1.36 1.32 1.27 1.23 1.18
1.52 1.62 1.73 1.86 1.99 2.14 2.3 2.48 2.67 2.87 3.06 3.24 3.39 3.53 3.62 3.7 3.71 3.68 3.59 3.45 3.29 3.09 2.87 2.63 2.4 2.18 1.99 1.86 1.77 1.74 1.73 1.77 1.84 1.9 1.97 2.02 2.04 2.03 2.01 1.99 1.98 1.96 1.95 1.94 1.93 1.93 1.93 1.93 1.93 1.93 1.93 1.92 1.91 1.9 1.87 1.84 1.8 1.75 1.71 1.66 1.61 1.56 1.51 1.46 1.42 1.38 1.33 1.29 1.24 1.19 1.15 1.1
1.36 1.46 1.58 1.7 1.84 1.99 2.15 2.32 2.51 2.71 2.89 3.06 3.21 3.35 3.44 3.51 3.53 3.51 3.43 3.31 3.16 2.97 2.77 2.56 2.35 2.16 1.99 1.87 1.78 1.74 1.72 1.76 1.82 1.89 1.97 2.04 2.05 2.01 1.99 1.97 1.95 1.94 1.93 1.92 1.91 1.91 1.9 1.9 1.9 1.9 1.89 1.88 1.86 1.85 1.82 1.78 1.74 1.7 1.65 1.6 1.55 1.5 1.45 1.4 1.36 1.31 1.27 1.22 1.18 1.13 1.08 1.03
1.22 1.33 1.44 1.57 1.7 1.85 2.01 2.17 2.35 2.53 2.7 2.88 3.02 3.15 3.24 3.31 3.33 3.31 3.25 3.15 3.01 2.85 2.67 2.48 2.29 2.13 1.98 1.88 1.8 1.76 1.74 1.77 1.82 1.88 1.94 2 2.01 1.98 1.96 1.94 1.93 1.91 1.9 1.89 1.89 1.88 1.88 1.88 1.87 1.87 1.85 1.84 1.82 1.8 1.77 1.73 1.69 1.65 1.6 1.55 1.5 1.44 1.39 1.34 1.3 1.26 1.22 1.17 1.12 1.08 1.03 0.977
1.11 1.22 1.33 1.45 1.58 1.72 1.87 2.03 2.19 2.36 2.53 2.69 2.83 2.95 3.04 3.11 3.13 3.12 3.07 2.98 2.87 2.73 2.57 2.4 2.24 2.1 1.97 1.88 1.81 1.77 1.75 1.77 1.8 1.85 1.9 1.93 1.94 1.93 1.92 1.91 1.9 1.88 1.87 1.87 1.86 1.86 1.86 1.85 1.85 1.84 1.82 1.8 1.78 1.75 1.72 1.69 1.64 1.6 1.55 1.5 1.45 1.4 1.35 1.3 1.26 1.21 1.17 1.13 1.08 1.03 0.986 0.939
1.02 1.12 1.23 1.35 1.47 1.61 1.74 1.89 2.04 2.19 2.35 2.5 2.63 2.75 2.83 2.89 2.91 2.91 2.88 2.81 2.72 2.6 2.46 2.33 2.19 2.07 1.96 1.87 1.81 1.77 1.75 1.76 1.78 1.81 1.85 1.87 1.88 1.88 1.88 1.87 1.86 1.85 1.84 1.84 1.84 1.83 1.83 1.83 1.82 1.81 1.79 1.76 1.74 1.71 1.68 1.64 1.6 1.56 1.51 1.46 1.41 1.36 1.31 1.27 1.22 1.18 1.13 1.09 1.05 1 0.956 0.912
0.952 1.05 1.15 1.26 1.37 1.5 1.63 1.76 1.9 2.04 2.17 2.32 2.43 2.55 2.62 2.68 2.71 2.71 2.69 2.64 2.56 2.47 2.36 2.25 2.13 2.03 1.94 1.86 1.8 1.76 1.74 1.75 1.76 1.78 1.8 1.82 1.83 1.83 1.83 1.83 1.82 1.82 1.81 1.81 1.81 1.81 1.8 1.8 1.8 1.78 1.75 1.73 1.7 1.67 1.64 1.6 1.56 1.52 1.47 1.42 1.38 1.33 1.28 1.23 1.19 1.15 1.1 1.06 1.02 0.976 0.934 0.894
0.896 0.984 1.08 1.18 1.29 1.4 1.52 1.64 1.76 1.89 2.01 2.14 2.25 2.35 2.42 2.48 2.5 2.52 2.5 2.47 2.41 2.34 2.25 2.16 2.07 1.99 1.91 1.84 1.78 1.75 1.73 1.73 1.73 1.75 1.76 1.77 1.79 1.79 1.79 1.79 1.78 1.78 1.78 1.78 1.77 1.77 1.77 1.77 1.76 1.74 1.72 1.69 1.66 1.63 1.6 1.56 1.52 1.48 1.44 1.39 1.34 1.3 1.25 1.21 1.16 1.12 1.08 1.04 0.996 0.957 0.918 0.883
0.858 0.938 1.02 1.11 1.21 1.31 1.42 1.53 1.64 1.75 1.86 1.97 2.07 2.17 2.23 2.29 2.32 2.33 2.33 2.3 2.27 2.21 2.15 2.08 2.01 1.94 1.87 1.81 1.76 1.73 1.71 1.71 1.71 1.72 1.73 1.74 1.75 1.75 1.75 1.75 1.75 1.75 1.74 1.74 1.74 1.74 1.74 1.73 1.72 1.7 1.68 1.65 1.62 1.59 1.56 1.52 1.49 1.44 1.4 1.36 1.32 1.27 1.23 1.18 1.14 1.1 1.06 1.02 0.978 0.941 0.908 0.879
0.832 0.903 0.978 1.06 1.14 1.23 1.33 1.42 1.52 1.62 1.72 1.82 1.91 2 2.06 2.11 2.14 2.16 2.16 2.15 2.12 2.09 2.05 2 1.94 1.88 1.83 1.78 1.74 1.71 1.7 1.69 1.69 1.69 1.7 1.71 1.71 1.71 1.71 1.71 1.71 1.71 1.71 1.71 1.71 1.71 1.7 1.69 1.68 1.66 1.64 1.61 1.58 1.55 1.52 1.49 1.45 1.41 1.37 1.33 1.29 1.25 1.2 1.16 1.12 1.08 1.04 1 0.964 0.931 0.903 0.881
0.818 0.881 0.947 1.02 1.09 1.17 1.25 1.34 1.42 1.51 1.6 1.69 1.77 1.85 1.91 1.96 1.99 2.01 2.02 2.02 2 1.98 1.96 1.92 1.87 1.83 1.79 1.75 1.72 1.7 1.68 1.67 1.67 1.67 -3.4e+38 -3.4e+38 1.68 1.68 1.68 1.68 1.68 1.68 1.68 1.68 1.68 1.67 1.67 1.66 1.64 1.63 1.6 1.58 1.55 1.52 1.49 1.45 1.42 1.38 1.34 1.3 1.26 1.22 1.18 1.14 1.1 1.06 1.02 0.987 0.955 0.927 0.905 0.888
0.807 0.863 0.921 0.982 1.05 1.12 1.19 1.26 1.33 1.41 1.49 1.57 1.64 1.71 1.77 1.82 1.86 1.88 1.89 1.89 1.89 1.88 1.86 1.83 1.8 1.77 1.74 1.72 1.7 1.68 1.67 -3.4e+38 -3.4e+38 -3.4e+38 -3.4e+38 -3.4e+38 -3.4e+38 -3.4e+38 -3.4e+38 -3.4e+38 -3.4e+38 1.65 1.65 1.65 1.65 1.64 1.63 1.62 1.61 1.59 1.57 1.54 1.51 1.48 1.45 1.42 1.39 1.35 1.32 1.28 1.24 1.2 1.16 1.12 1.08 1.04 1.01 0.978 0.951 0.929 0.911 0.899
-3.4e+38 -3.4e+38 -3.4e+38 -3.4e+38 1.02 1.08 1.14 1.21 1.27 1.34 1.41 1.48 1.55 1.61 1.66 1.71 1.74 1.77 1.78 1.79 1.79 1.79 1.78 1.77 1.75 1.73 1.71 1.69 1.68 1.67 -3.4e+38 -3.4e+38 -3.4e+38 -3.4e+38 -3.4e+38 -3.4e+38 -3.4e+38 -3.4e+38 -3.4e+38 -3.4e+38 -3.4e+38 -3.4e+38 -3.4e+38 1.62 1.62 1.61 1.6 1.59 1.58 1.56 1.53 1.51 1.48 1.45 1.42 1.39 1.36 1.33 1.29 1.25 1.21 1.17 1.14 1.1 1.06 1.03 0.999 0.973 0.951 0.934 0.921 0.913
-3.4e+38 -3.4e+38 -3.4e+38 -3.4e+38 -3.4e+38 -3.4e+38 1.1 1.16 1.22 1.28 1.34 1.4 1.45 1.51 1.56 1.6 1.64 1.66 1.68 1.69 1.7 1.7 1.7 1.7 1.7 1.69 1.67 1.67 -3.4e+38 -3.4e+38 -3.4e+38 -3.4e+38 -3.4e+38 -3.4e+38 -3.4e+38 -3.4e+38 -3.4e+38 -3.4e+38 -3.4e+38 -3.4e+38 -3.4e+38 -3.4e+38 -3.4e+38 -3.4e+38 -3.4e+38 1.58 1.57 1.56 1.54 1.53 1.5 1.48 1.45 1.42 1.39 1.37 1.33 1.3 1.26 1.22 1.18 1.15 1.11 1.08 1.05 1.02 0.992 0.971 0.954 0.942 0.933 0.929
-3.4e+38 -3.4e+38 -3.4e+38 -3.4e+38 -3.4e+38 -3.4e+38 -3.4e+38 -3.4e+38 1.18 1.24 1.29 1.35 1.39 1.44 1.48 1.52 1.55 1.58 1.6 1.61 1.62 1.63 1.64 1.65 1.65 1.65 1.65 1.65 -3.4e+38 -3.4e+38 -3.4e+38 -3.4e+38 -3.4e+38 -3.4e+38 -3.4e+38 -3.4e+38 -3.4e+38 -3.4e+38 -3.4e+38 -3.4e+38 -3.4e+38 -3.4e+38 -3.4e+38 -3.4e+38 -3.4e+38 -3.4e+38 1.54 1.53 1.51 1.5 1.47 1.45 1.42 1.39 1.37 1.34 1.3 1.27 1.23 1.19 1.16 1.12 1.09 1.06 1.03 1.01 0.988 0.973 0.961 0.953 0.948 0.945
-3.4e+38 -3.4e+38 -3.4e+38 -3.4e+38 -3.4e+38 -3.4e+38 -3.4e+38 -3.4e+38 -3.4e+38 1.21 1.25 1.3 1.34 1.38 1.41 1.45 1.48 1.5 1.52 1.54 1.55 1.57 1.58 1.6 1.61 1.61 1.62 -3.4e+38 -3.4e+38 -3.4e+38 -3.4e+38 -3.4e+38 -3.4e+38 -3.4e+38 -3.4e+38 -3.4e+38 -3.4e+38 -3.4e+38 -3.4e+38 -3.4e+38 -3.4e+38 -3.4e+38 -3.4e+38 -3.4e+38 -3.4e+38 -3.4e+38 -3.4e+38 1.5 1.49 1.47 1.44 1.42 1.39 1.36 1.33 1.31 1.27 1.24 1.2 1.16 1.13 1.1 1.07 1.04 1.02 1 0.986 0.976 0.969 0.964 0.962 0.962
-3.4e+38 -3.4e+38 -3.4e+38 -3.4e+38 -3.4e+38 -3.4e+38 -3.4e+38 -3.4e+38 -3.4e+38 -3.4e+38 -3.4e+38 1.27 1.3 1.34 1.37 1.4 1.42 1.45 1.47 1.48 1.5 1.52 1.54 1.56 1.57 1.58 -3.4e+38 -3.4e+38 -3.4e+38 -3.4e+38 -3.4e+38 -3.4e+38 -3.4e+38 -3.4e+38 -3.4e+38 -3.4e+38 -3.4e+38 -3.4e+38 -3.4e+38 -3.4e+38 -3.4e+38 -3.4e+38 -3.4e+38 -3.4e+38 -3.4e+38 -3.4e+38 -3.4e+38 -3.4e+38 -3.4e+38 1.44 1.42 1.39 1.36 1.33 1.3 1.27 1.24 1.2 1.17 1.14 1.1 1.08 1.05 1.03 1.01 0.995 0.985 0.98 0.976 0.975 0.975 0.978
-3.4e+38 -3.4e+38 -3.4e+38 -3.4e+38 -3.4e+38 -3.4e+38 -3.4e+38 -3.4e+38 -3.4e+38 -3.4e+38 -3.4e+38 -3.4e+38 -3.4e+38 1.31 1.33 1.36 1.38 1.4 1.42 1.44 1.46 1.48 1.5 1.52 1.54 -3.4e+38 -3.4e+38 -3.4e+38 -3.4e+38 -3.4e+38 -3.4e+38 -3.4e+38 -3.4e+38 -3.4e+38 -3.4e+38 -3.4e+38 -3.4e+38 -3.4e+38 -3.4e+38 -3.4e+38 -3.4e+38 -3.4e+38 -3.4e+38 -3.4e+38 -3.4e+38 -3.4e+38 -3.4e+38 -3.4e+38 -3.4e+38 -3.4e+38 1.39 1.36 1.34 1.31 1.28 1.25 1.21 1.17 1.14 1.11 1.08 1.06 1.03 1.02 1 0.992 0.987 0.984 0.983 0.984 0.987 0.993
-3.4e+38 -3.4e+38 -3.4e+38 -3.4e+38 -3.4e+38 -3.4e+38 -3.4e+38 -3.4e+38 -3.4e+38 -3.4e+38 -3.4e+38 -3.4e+38 -3.4e+38 -3.4e+38 -3.4e+38 1.33 1.36 1.38 1.4 1.42 1.44 1.46 1.48 1.5 1.51 -3.4e+38 -3.4e+38 -3.4e+38 -3.4e+38 -3.4e+38 -3.4e+38 -3.4e+38 -3.4e+38 -3.4e+38 -3.4e+38 -3.4e+38 -3.4e+38 -3.4e+38 -3.4e+38 -3.4e+38 -3.4e+38 -3.4e+38 -3.4e+38 -3.4e+38 -3.4e+38 -3.4e+38 -3.4e+38 -3.4e+38 -3.4e+38 -3.4e+38 1.37 1.34 1.31 1.28 1.25 1.22 1.18 1.15 1.11 1.09 1.06 1.04 1.02 1.01 0.999 0.993 0.989 0.988 0.989 0.993 0.999 1.01
