maui/input/month_year_rainfall/maui_prcp_11_2002.asc
ncols        361
nrows        320
xllcorner    -156.738000000000
yllcorner    20.343000000000
cellsize     0.002250000000
NODATA_value -3.4028234663852885981e+38
[rows 62 to 92 of 320, columns 142 to 212 of 361]
-3.4e+38 -3.4e+38 -3.4e+38 -3.4e+38 -3.4e+38 -3.4e+38 -3.4e+38 -3.4e+38 -3.4e+38 -3.4e+38 -3.4e+38 -3.4e+38 -3.4e+38 -3.4e+38 -3.4e+38 -3.4e+38 -3.4e+38 0.648 0.667 0.686 0.708 0.73 0.753 0.779 0.807 0.837 0.868 0.899 0.93 0.961 0.992 1.02 1.05 1.08 1.12 1.15 1.18 1.21 1.24 1.27 1.3 1.33 1.36 1.39 1.42 1.45 1.48 1.5 1.53 1.56 1.59 1.61 1.64 1.67 1.7 1.73 1.76 1.78 1.81 1.83 1.85 1.87 1.89 1.91 1.93 1.95 1.98 2.01 2.03 2.06 2.1
-3.4e+38 -3.4e+38 -3.4e+38 -3.4e+38 -3.4e+38 -3.4e+38 -3.4e+38 -3.4e+38 -3.4e+38 -3.4e+38 -3.4e+38 -3.4e+38 -3.4e+38 -3.4e+38 -3.4e+38 -3.4e+38 0.626 0.643 0.663 0.683 0.706 0.729 0.754 0.782 0.813 0.845 0.878 0.911 0.943 0.975 1.01 1.04 1.07 1.1 1.14 1.17 1.2 1.23 1.26 1.29 1.33 1.36 1.39 1.42 1.45 1.48 1.5 1.53 1.56 1.58 1.62 1.65 1.68 1.71 1.74 1.77 1.79 1.82 1.85 1.87 1.9 1.92 1.94 1.96 1.98 2.01 2.03 2.06 2.09 2.12 2.15
-3.4e+38 -3.4e+38 -3.4e+38 -3.4e+38 -3.4e+38 -3.4e+38 -3.4e+38 -3.4e+38 -3.4e+38 -3.4e+38 -3.4e+38 -3.4e+38 -3.4e+38 0.574 0.588 0.604 0.621 0.639 0.659 0.681 0.704 0.729 0.758 0.788 0.821 0.854 0.888 0.922 0.955 0.988 1.02 1.05 1.09 1.12 1.15 1.18 1.22 1.25 1.28 1.31 1.34 1.37 1.41 1.44 1.47 1.5 1.53 1.56 1.58 1.61 1.64 1.68 1.71 1.74 1.77 1.8 1.83 1.85 1.88 1.91 1.93 1.96 1.98 2 2.03 2.06 2.08 2.11 2.15 2.18 2.21
-3.4e+38 -3.4e+38 -3.4e+38 -3.4e+38 -3.4e+38 -3.4e+38 -3.4e+38 0.505 -3.4e+38 -3.4e+38 0.533 0.544 0.556 0.568 0.583 0.599 0.617 0.635 0.657 0.679 0.704 0.731 0.762 0.794 0.828 0.862 0.897 0.931 0.966 0.999 1.03 1.07 1.1 1.13 1.16 1.2 1.23 1.26 1.29 1.32 1.36 1.39 1.42 1.45 1.49 1.52 1.55 1.58 1.61 1.64 1.67 1.7 1.73 1.76 1.8 1.83 1.86 1.89 1.92 1.94 1.97 2 2.02 2.05 2.08 2.11 2.14 2.17 2.2 2.24 2.27
-3.4e+38 -3.4e+38 -3.4e+38 -3.4e+38 -3.4e+38 0.484 0.491 0.499 0.508 0.518 0.527 0.538 0.55 0.563 0.578 0.594 0.613 0.632 0.655 0.678 0.706 0.735 0.767 0.8 0.835 0.869 0.905 0.939 0.974 1.01 1.04 1.07 1.11 1.14 1.17 1.2 1.24 1.27 1.3 1.33 1.37 1.4 1.43 1.47 1.5 1.53 1.57 1.6 1.63 1.66 1.69 1.73 1.76 1.79 1.82 1.86 1.89 1.92 1.95 1.98 2.01 2.04 2.07 2.1 2.13 2.16 2.19 2.23 2.26 2.3 2.33
-3.4e+38 -3.4e+38 -3.4e+38 0.466 0.471 0.478 0.485 0.494 0.502 0.512 0.522 0.532 0.545 0.558 0.574 0.591 0.61 0.63 0.654 0.679 0.708 0.738 0.77 0.804 0.839 0.874 0.909 0.943 0.978 1.01 1.05 1.08 1.11 1.14 1.17 1.2 1.24 1.27 1.3 1.33 1.37 1.4 1.44 1.47 1.51 1.54 1.58 1.61 1.64 1.68 1.71 1.74 1.78 1.81 1.85 1.88 1.92 1.95 1.98 2.02 2.05 2.08 2.11 2.14 2.18 2.21 2.25 2.28 2.32 2.36 2.4
0.447 0.451 0.454 0.46 0.466 0.473 0.48 0.488 0.496 0.506 0.516 0.527 0.539 0.553 0.57 0.587 0.608 0.629 0.653 0.679 0.709 0.74 0.773 0.806 0.841 0.876 0.911 0.945 0.979 1.01 1.05 1.08 1.11 1.14 1.17 1.2 1.23 1.26 1.3 1.33 1.37 1.4 1.44 1.48 1.52 1.55 1.59 1.62 1.66 1.69 1.72 1.76 1.8 1.83 1.87 1.91 1.94 1.98 2.02 2.05 2.09 2.12 2.15 2.19 2.23 2.26 2.3 2.34 2.38 2.42 2.46
0.441 0.445 0.449 0.454 0.46 0.467 0.474 0.482 0.491 0.5 0.51 0.521 0.534 0.549 0.566 0.584 0.605 0.626 0.652 0.678 0.708 0.739 0.772 0.806 0.84 0.875 0.909 0.942 0.976 1.01 1.04 1.07 1.1 1.13 1.16 1.19 1.22 1.25 1.29 1.32 1.36 1.4 1.44 1.48 1.51 1.55 1.59 1.63 1.66 1.7 1.73 1.77 1.81 1.85 1.88 1.92 1.96 2 2.04 2.08 2.12 2.16 2.2 2.24 2.27 2.31 2.36 2.4 2.44 2.48 2.53
0.435 0.439 0.443 0.449 0.455 0.461 0.468 0.477 0.485 0.495 0.505 0.516 0.529 0.544 0.562 0.58 0.602 0.623 0.649 0.676 0.706 0.737 0.77 0.803 0.838 0.871 0.905 0.937 0.97 1 1.03 1.06 1.09 1.12 1.15 1.18 1.21 1.24 1.27 1.31 1.35 1.39 1.43 1.47 1.51 1.55 1.59 1.62 1.66 1.7 1.74 1.78 1.82 1.86 1.9 1.94 1.98 2.02 2.07 2.11 2.15 2.2 2.24 2.28 2.32 2.37 2.41 2.45 2.5 2.55 2.6
0.43 0.434 0.438 0.443 0.449 0.456 0.463 0.471 0.48 0.489 0.499 0.511 0.524 0.539 0.556 0.575 0.597 0.619 0.645 0.672 0.702 0.732 0.765 0.798 0.831 0.864 0.897 0.928 0.96 0.99 1.02 1.05 1.07 1.1 1.13 1.16 1.19 1.22 1.26 1.29 1.33 1.37 1.41 1.45 1.5 1.54 1.58 1.62 1.66 1.7 1.73 1.77 1.82 1.86 1.9 1.94 1.99 2.03 2.08 2.13 2.17 2.22 2.27 2.32 2.36 2.41 2.46 2.51 2.56 2.61 2.67
0.425 0.429 0.433 0.438 0.443 0.45 0.457 0.465 0.474 0.483 0.493 0.505 0.518 0.533 0.551 0.57 0.592 0.614 0.64 0.667 0.697 0.727 0.759 0.791 0.824 0.856 0.888 0.918 0.949 0.977 1 1.03 1.06 1.08 1.11 1.14 1.17 1.2 1.24 1.27 1.31 1.35 1.4 1.44 1.48 1.52 1.57 1.61 1.65 1.69 1.73 1.77 1.81 1.86 1.9 1.95 1.99 2.04 2.09 2.14 2.19 2.24 2.29 2.35 2.4 2.46 2.51 2.57 2.62 2.68 2.73
0.421 0.424 0.427 0.432 0.438 0.444 0.451 0.459 0.467 0.476 0.486 0.498 0.512 0.527 0.544 0.563 0.585 0.607 0.633 0.66 0.689 0.719 0.75 0.782 0.813 0.844 0.875 0.904 0.933 0.959 0.984 1.01 1.03 1.06 1.08 1.11 1.14 1.18 1.21 1.25 1.29 1.33 1.37 1.42 1.46 1.51 1.55 1.59 1.63 1.68 1.72 1.76 1.81 1.85 1.9 1.94 1.99 2.04 2.09 2.14 2.2 2.25 2.31 2.37 2.43 2.49 2.55 2.61 2.67 2.74 2.8
0.416 0.419 0.422 0.427 0.432 0.438 0.445 0.452 0.46 0.469 0.479 0.491 0.505 0.52 0.538 0.556 0.578 0.599 0.626 0.653 0.682 0.711 0.741 0.771 0.802 0.832 0.862 0.889 0.916 0.94 0.965 0.988 1.01 1.04 1.06 1.09 1.12 1.15 1.19 1.22 1.26 1.31 1.35 1.4 1.44 1.49 1.53 1.58 1.62 1.66 1.71 1.75 1.79 1.84 1.89 1.94 1.99 2.04 2.09 2.15 2.2 2.26 2.33 2.39 2.46 2.52 2.59 2.66 2.72 2.79 2.86
0.411 0.413 0.417 0.421 0.426 0.432 0.438 0.445 0.453 0.461 0.471 0.483 0.497 0.512 0.53 0.548 0.569 0.591 0.618 0.645 0.673 0.701 0.73 0.759 0.788 0.818 0.847 0.872 0.897 0.92 0.943 0.966 0.988 1.01 1.04 1.06 1.09 1.12 1.16 1.2 1.24 1.28 1.33 1.37 1.42 1.47 1.51 1.56 1.6 1.64 1.69 1.73 1.78 1.83 1.88 1.92 1.98 2.03 2.09 2.14 2.21 2.27 2.34 2.41 2.48 2.55 2.62 2.69 2.76 2.84 2.91
0.405 0.408 0.411 0.415 0.42 0.425 0.431 0.438 0.445 0.453 0.463 0.475 0.489 0.504 0.521 0.539 0.561 0.582 0.609 0.636 0.663 0.691 0.719 0.747 0.775 0.804 0.831 0.855 0.879 0.9 0.922 0.943 0.965 0.988 1.01 1.04 1.07 1.1 1.13 1.17 1.21 1.25 1.3 1.35 1.4 1.44 1.49 1.54 1.58 1.63 1.67 1.72 1.76 1.81 1.86 1.91 1.96 2.02 2.08 2.14 2.2 2.27 2.34 2.42 2.49 2.57 2.64 2.72 2.8 2.88 2.95
0.4 0.403 0.405 0.409 0.414 0.418 0.423 0.43 0.437 0.445 0.455 0.467 0.48 0.495 0.512 0.53 0.551 0.573 0.599 0.626 0.653 0.68 0.707 0.735 0.762 0.789 0.815 0.838 0.86 0.88 0.9 0.921 0.942 0.964 0.987 1.01 1.04 1.07 1.1 1.14 1.18 1.23 1.28 1.33 1.37 1.42 1.47 1.51 1.56 1.61 1.65 1.7 1.74 1.79 1.84 1.89 1.95 2 2.07 2.13 2.2 2.27 2.34 2.42 2.5 2.58 2.66 2.74 2.82 2.91 2.99
0.395 0.397 0.4 0.403 0.407 0.411 0.416 0.422 0.428 0.436 0.446 0.458 0.471 0.486 0.503 0.52 0.542 0.563 0.589 0.615 0.642 0.668 0.695 0.722 0.749 0.774 0.799 0.82 0.84 0.859 0.878 0.898 0.919 0.939 0.962 0.985 1.01 1.04 1.08 1.11 1.16 1.2 1.25 1.3 1.35 1.4 1.45 1.49 1.54 1.58 1.63 1.67 1.72 1.77 1.81 1.87 1.93 1.99 2.05 2.12 2.19 2.26 2.34 2.42 2.5 2.59 2.67 2.76 2.84 2.93 3.02
0.39 0.391 0.394 0.397 0.4 0.404 0.408 0.414 0.42 0.428 0.437 0.448 0.462 0.477 0.493 0.511 0.532 0.553 0.579 0.604 0.63 0.656 0.683 0.709 0.735 0.759 0.782 0.801 0.82 0.837 0.856 0.875 0.895 0.915 0.937 0.96 0.986 1.02 1.05 1.09 1.13 1.18 1.22 1.27 1.32 1.37 1.42 1.47 1.51 1.56 1.6 1.65 1.7 1.74 1.79 1.85 1.91 1.97 2.03 2.1 2.18 2.25 2.33 2.42 2.5 2.59 2.68 2.77 2.86 2.95 3.04
0.384 0.386 0.388 0.39 0.393 0.397 0.401 0.406 0.412 0.419 0.428 0.439 0.452 0.467 0.483 0.501 0.522 0.543 0.567 0.592 0.618 0.644 0.669 0.695 0.719 0.742 0.764 0.782 0.8 0.816 0.834 0.852 0.872 0.891 0.913 0.936 0.962 0.991 1.02 1.06 1.1 1.15 1.2 1.25 1.3 1.35 1.4 1.44 1.49 1.53 1.58 1.62 1.67 1.72 1.77 1.83 1.88 1.95 2.01 2.08 2.16 2.24 2.32 2.41 2.5 2.58 2.68 2.77 2.86 2.96 3.05
0.379 0.38 0.382 0.384 0.387 0.39 0.393 0.398 0.404 0.411 0.42 0.43 0.443 0.457 0.474 0.491 0.512 0.532 0.556 0.58 0.605 0.631 0.656 0.68 0.704 0.725 0.746 0.763 0.78 0.795 0.812 0.83 0.849 0.868 0.889 0.912 0.937 0.966 1 1.04 1.08 1.12 1.17 1.22 1.27 1.32 1.37 1.42 1.46 1.5 1.55 1.6 1.64 1.69 1.75 1.8 1.86 1.92 1.99 2.06 2.14 2.22 2.31 2.4 2.49 2.58 2.67 2.76 2.86 2.96 3.06
0.373 0.374 0.376 0.378 0.38 0.383 0.386 0.391 0.396 0.404 0.412 0.422 0.434 0.448 0.464 0.481 0.502 0.522 0.545 0.568 0.593 0.617 0.642 0.665 0.687 0.708 0.727 0.744 0.761 0.776 0.793 0.811 0.829 0.847 0.868 0.89 0.915 0.943 0.975 1.01 1.05 1.1 1.14 1.19 1.24 1.29 1.34 1.39 1.43 1.48 1.52 1.57 1.61 1.66 1.72 1.77 1.83 1.9 1.97 2.04 2.12 2.2 2.29 2.38 2.47 2.56 2.66 2.75 2.85 2.95 3.06
0.367 0.368 0.37 0.372 0.374 0.376 0.379 0.384 0.389 0.396 0.404 0.414 0.426 0.439 0.455 0.472 0.492 0.512 0.534 0.556 0.58 0.604 0.628 0.65 0.671 0.691 0.71 0.726 0.743 0.758 0.775 0.792 0.809 0.827 0.847 0.868 0.893 0.919 0.951 0.986 1.03 1.07 1.11 1.16 1.21 1.27 1.32 1.36 1.4 1.44 1.49 1.53 1.58 1.63 1.69 1.75 1.81 1.87 1.94 2.02 2.09 2.18 2.27 2.36 2.45 2.55 2.65 2.74 2.84 2.95 3.05
0.362 0.363 0.364 0.366 0.368 0.37 0.373 0.378 0.383 0.389 0.397 0.406 0.418 0.431 0.446 0.463 0.482 0.502 0.523 0.545 0.568 0.591 0.614 0.636 0.656 0.674 0.693 0.709 0.726 0.741 0.758 0.774 0.791 0.808 0.827 0.848 0.871 0.897 0.927 0.961 0.999 1.04 1.08 1.13 1.18 1.23 1.28 1.33 1.37 1.41 1.45 1.5 1.55 1.6 1.66 1.72 1.78 1.84 1.91 1.99 2.07 2.15 2.24 2.34 2.44 2.54 2.63 2.73 2.84 2.94 3.05
0.356 0.357 0.358 0.36 0.362 0.364 0.367 0.372 0.377 0.383 0.39 0.399 0.41 0.423 0.438 0.455 0.473 0.492 0.513 0.534 0.557 0.579 0.601 0.621 0.64 0.658 0.676 0.693 0.709 0.725 0.741 0.756 0.773 0.789 0.807 0.828 0.85 0.875 0.904 0.936 0.972 1.01 1.05 1.1 1.15 1.2 1.24 1.29 1.33 1.37 1.42 1.47 1.52 1.57 1.63 1.68 1.75 1.81 1.88 1.96 2.04 2.13 2.22 2.32 2.42 2.52 2.62 2.72 2.83 2.93 3.04
0.35 0.351 0.352 0.354 0.356 0.359 0.362 0.366 0.371 0.377 0.384 0.393 0.404 0.416 0.431 0.447 0.465 0.483 0.504 0.524 0.546 0.568 0.589 0.608 0.626 0.643 0.661 0.677 0.693 0.708 0.724 0.739 0.754 0.77 0.787 0.807 0.829 0.853 0.881 0.911 0.945 0.981 1.02 1.07 1.11 1.16 1.2 1.25 1.29 1.34 1.38 1.43 1.48 1.54 1.6 1.66 1.72 1.79 1.86 1.94 2.02 2.11 2.21 2.3 2.41 2.51 2.61 2.72 2.82 2.93 3.04
0.344 0.345 0.347 0.349 0.351 0.354 0.357 0.361 0.365 0.371 0.379 0.387 0.398 0.41 0.424 0.44 0.457 0.475 0.494 0.514 0.535 0.556 0.576 0.595 0.612 0.629 0.646 0.661 0.677 0.692 0.707 0.722 0.736 0.751 0.768 0.787 0.808 0.831 0.857 0.885 0.918 0.952 0.991 1.03 1.07 1.12 1.16 1.21 1.25 1.3 1.35 1.4 1.45 1.51 1.57 1.63 1.7 1.76 1.84 1.92 2 2.1 2.19 2.29 2.39 2.5 2.6 2.71 2.82 2.93 3.04
0.338 0.339 0.341 0.343 0.345 0.348 0.351 0.356 0.36 0.366 0.373 0.382 0.392 0.404 0.418 0.432 0.449 0.466 0.485 0.504 0.524 0.544 0.563 0.581 0.599 0.615 0.631 0.647 0.662 0.676 0.69 0.704 0.719 0.733 0.749 0.767 0.787 0.808 0.833 0.86 0.89 0.922 0.959 0.997 1.04 1.08 1.12 1.17 1.21 1.26 1.31 1.36 1.42 1.48 1.54 1.61 1.67 1.75 1.82 1.9 1.99 2.08 2.18 2.28 2.39 2.49 2.6 2.71 2.82 2.93 3.04
0.332 0.333 0.335 0.337 0.339 0.343 0.347 0.351 0.355 0.361 0.368 0.376 0.386 0.398 0.411 0.425 0.441 0.457 0.476 0.494 0.513 0.533 0.551 0.568 0.585 0.601 0.617 0.632 0.647 0.66 0.673 0.687 0.7 0.714 0.729 0.746 0.765 0.785 0.808 0.833 0.862 0.892 0.927 0.963 1 1.04 1.09 1.13 1.18 1.23 1.28 1.33 1.39 1.45 1.52 1.59 1.66 1.73 1.81 1.89 1.98 2.07 2.17 2.27 2.38 2.49 2.6 2.7 2.82 2.93 3.04
0.325 0.327 0.328 0.331 0.334 0.338 0.342 0.346 0.351 0.357 0.363 0.371 0.381 0.392 0.405 0.419 0.434 0.449 0.466 0.484 0.502 0.521 0.538 0.555 0.572 0.587 0.602 0.616 0.631 0.643 0.656 0.668 0.681 0.695 0.71 0.726 0.744 0.762 0.783 0.806 0.833 0.861 0.894 0.929 0.966 1.01 1.05 1.09 1.14 1.19 1.24 1.3 1.36 1.43 1.49 1.57 1.64 1.72 1.8 1.88 1.97 2.07 2.16 2.27 2.37 2.48 2.6 2.71 2.82 2.94 3.05
0.319 0.32 0.322 0.325 0.328 0.332 0.336 0.341 0.346 0.352 0.358 0.366 0.376 0.387 0.399 0.412 0.426 0.44 0.457 0.474 0.492 0.509 0.526 0.542 0.558 0.573 0.587 0.601 0.615 0.626 0.639 0.65 0.663 0.676 0.69 0.705 0.722 0.739 0.758 0.779 0.804 0.83 0.861 0.894 0.931 0.969 1.01 1.06 1.11 1.16 1.21 1.27 1.34 1.4 1.47 1.55 1.62 1.7 1.78 1.87 1.96 2.06 2.16 2.26 2.37 2.49 2.6 2.71 2.83 2.94 3.05
0.312 0.314 0.316 0.318 0.321 0.326 0.33 0.336 0.341 0.347 0.353 0.361 0.371 0.381 0.393 0.405 0.419 0.432 0.448 0.464 0.481 0.497 0.513 0.529 0.544 0.558 0.572 0.585 0.598 0.61 0.622 0.632 0.644 0.657 0.67 0.685 0.7 0.716 0.733 0.751 0.774 0.799 0.829 0.86 0.895 0.933 0.976 1.02 1.07 1.13 1.18 1.25 1.31 1.38 1.45 1.53 1.61 1.69 1.77 1.86 1.96 2.05 2.16 2.26 2.37 2.49 2.6 2.71 2.83 2.94 3.05
