maui/input/month_year_rainfall/maui_prcp_04_2002.asc
ncols        361
nrows        320
xllcorner    -156.738000000000
yllcorner    20.343000000000
cellsize     0.002250000000
NODATA_value -3.4028234663852885981e+38
[rows 64 to 95 of 320, columns 72 to 143 of 361]
7.91 7.56 7.2 6.84 6.49 6.14 5.81 5.48 5.18 4.89 4.62 4.37 4.13 3.91 3.7 3.5 3.31 3.13 2.96 2.79 2.63 2.47 2.31 2.19 2.06 1.97 1.88 1.79 1.72 1.66 1.63 1.63 1.63 1.63 1.63 1.63 1.64 1.64 1.65 -3.4e+38 -3.4e+38 -3.4e+38 -3.4e+38 -3.4e+38 -3.4e+38 -3.4e+38 -3.4e+38 -3.4e+38 -3.4e+38 -3.4e+38 -3.4e+38 -3.4e+38 -3.4e+38 -3.4e+38 -3.4e+38 -3.4e+38 -3.4e+38 -3.4e+38 -3.4e+38 -3.4e+38 -3.4e+38 -3.4e+38 -3.4e+38 -3.4e+38 -3.4e+38 -3.4e+38 -3.4e+38 -3.4e+38 -3.4e+38 -3.4e+38 -3.4e+38 -3.4e+38
8.26 7.87 7.49 7.1 6.72 6.35 6 5.66 5.34 5.04 4.76 4.49 4.25 4.02 3.8 3.6 3.41 3.22 3.05 2.87 2.7 2.54 2.37 2.24 2.11 2.02 1.92 1.83 1.75 1.68 1.65 1.65 1.66 1.66 1.66 1.66 1.67 1.67 -3.4e+38 -3.4e+38 -3.4e+38 -3.4e+38 -3.4e+38 -3.4e+38 -3.4e+38 -3.4e+38 -3.4e+38 -3.4e+38 -3.4e+38 -3.4e+38 -3.4e+38 -3.4e+38 -3.4e+38 -3.4e+38 -3.4e+38 -3.4e+38 -3.4e+38 -3.4e+38 -3.4e+38 -3.4e+38 -3.4e+38 -3.4e+38 -3.4e+38 -3.4e+38 -3.4e+38 -3.4e+38 -3.4e+38 -3.4e+38 -3.4e+38 -3.4e+38 -3.4e+38 -3.4e+38
8.62 8.2 7.78 7.36 6.96 6.56 6.19 5.83 5.49 5.18 4.89 4.61 4.36 4.12 3.9 3.69 3.49 3.3 3.12 2.95 2.77 2.6 2.42 2.29 2.15 2.06 1.96 1.87 1.79 1.72 1.69 1.68 1.68 1.69 1.69 1.69 1.7 1.7 1.71 -3.4e+38 -3.4e+38 -3.4e+38 -3.4e+38 -3.4e+38 -3.4e+38 -3.4e+38 -3.4e+38 -3.4e+38 -3.4e+38 -3.4e+38 -3.4e+38 -3.4e+38 -3.4e+38 -3.4e+38 -3.4e+38 -3.4e+38 -3.4e+38 -3.4e+38 -3.4e+38 -3.4e+38 -3.4e+38 -3.4e+38 -3.4e+38 -3.4e+38 -3.4e+38 -3.4e+38 -3.4e+38 -3.4e+38 -3.4e+38 -3.4e+38 -3.4e+38 -3.4e+38
8.97 8.52 8.07 7.62 7.19 6.77 6.37 5.99 5.64 5.31 5 4.72 4.46 4.21 3.99 3.77 3.57 3.38 3.2 3.01 2.83 2.65 2.47 2.33 2.2 2.1 2 1.91 1.83 1.76 1.72 1.71 1.71 1.72 1.72 1.72 1.73 1.73 1.74 1.74 1.74 1.73 -3.4e+38 -3.4e+38 -3.4e+38 -3.4e+38 -3.4e+38 -3.4e+38 -3.4e+38 -3.4e+38 -3.4e+38 -3.4e+38 -3.4e+38 -3.4e+38 -3.4e+38 -3.4e+38 -3.4e+38 -3.4e+38 -3.4e+38 -3.4e+38 -3.4e+38 -3.4e+38 -3.4e+38 -3.4e+38 -3.4e+38 -3.4e+38 1.09 1.08 1.07 1.06 -3.4e+38 -3.4e+38
9.32 8.84 8.36 7.88 7.42 6.97 6.55 6.15 5.78 5.43 5.12 4.82 4.55 4.3 4.06 3.84 3.64 3.44 3.26 3.07 2.88 2.71 2.52 2.38 2.24 2.13 2.03 1.94 1.86 1.8 1.76 1.74 1.74 1.74 1.75 1.75 1.76 1.76 1.77 1.77 1.77 1.76 -3.4e+38 -3.4e+38 -3.4e+38 -3.4e+38 -3.4e+38 -3.4e+38 -3.4e+38 -3.4e+38 -3.4e+38 -3.4e+38 -3.4e+38 -3.4e+38 -3.4e+38 -3.4e+38 -3.4e+38 -3.4e+38 -3.4e+38 -3.4e+38 -3.4e+38 -3.4e+38 -3.4e+38 -3.4e+38 1.13 1.1 1.08 1.06 1.05 1.04 1.03 1.02
9.67 9.15 8.63 8.13 7.64 7.16 6.72 6.3 5.91 5.55 5.21 4.91 4.62 4.36 4.13 3.9 3.69 3.49 3.31 3.12 2.93 2.75 2.57 2.42 2.26 2.16 2.06 1.97 1.89 1.83 1.78 1.76 1.76 1.76 1.77 1.77 1.78 1.78 1.79 1.8 1.8 1.8 1.8 -3.4e+38 -3.4e+38 -3.4e+38 -3.4e+38 -3.4e+38 -3.4e+38 -3.4e+38 -3.4e+38 -3.4e+38 -3.4e+38 -3.4e+38 -3.4e+38 -3.4e+38 -3.4e+38 -3.4e+38 -3.4e+38 -3.4e+38 -3.4e+38 -3.4e+38 -3.4e+38 1.15 1.12 1.09 1.07 1.05 1.04 1.02 1.02 1.01
10 9.46 8.91 8.37 7.85 7.35 6.88 6.44 6.03 5.65 5.3 4.98 4.69 4.42 4.18 3.95 3.74 3.54 3.35 3.16 2.97 2.79 2.6 2.44 2.28 2.18 2.08 2 1.92 1.85 1.8 1.77 1.77 1.77 1.78 1.79 1.8 1.8 1.82 1.82 1.83 1.83 1.83 -3.4e+38 -3.4e+38 -3.4e+38 -3.4e+38 -3.4e+38 -3.4e+38 -3.4e+38 -3.4e+38 -3.4e+38 -3.4e+38 -3.4e+38 -3.4e+38 -3.4e+38 -3.4e+38 -3.4e+38 -3.4e+38 -3.4e+38 -3.4e+38 1.2 1.17 1.14 1.11 1.08 1.06 1.04 1.02 1.01 1 0.993
10.4 9.76 9.17 8.59 8.04 7.52 7.02 6.56 6.13 5.74 5.37 5.04 4.74 4.46 4.21 3.98 3.76 3.56 3.37 3.18 3 2.82 2.63 2.48 2.31 2.21 2.1 2.02 1.94 1.87 1.82 1.79 1.77 1.78 1.79 1.8 1.81 1.82 1.83 1.84 1.85 1.86 1.87 -3.4e+38 -3.4e+38 1.92 1.93 -3.4e+38 -3.4e+38 -3.4e+38 -3.4e+38 -3.4e+38 -3.4e+38 -3.4e+38 -3.4e+38 -3.4e+38 -3.4e+38 -3.4e+38 -3.4e+38 1.29 1.24 1.2 1.16 1.12 1.09 1.07 1.04 1.02 1.01 0.995 0.985 0.977
10.7 10.1 9.43 8.82 8.24 7.68 7.16 6.68 6.23 5.82 5.44 5.09 4.78 4.5 4.24 4 3.78 3.58 3.38 3.2 3.02 2.84 2.66 2.5 2.33 2.22 2.11 2.03 1.96 1.88 1.83 1.79 1.78 1.78 1.79 1.8 1.82 1.83 1.85 1.86 1.87 1.89 1.91 1.93 1.95 1.98 2 2.01 2.01 2 -3.4e+38 -3.4e+38 -3.4e+38 -3.4e+38 -3.4e+38 -3.4e+38 1.48 1.41 1.34 1.29 1.24 1.19 1.15 1.11 1.08 1.05 1.03 1.01 0.994 0.982 0.971 0.962
11.1 10.4 9.68 9.04 8.42 7.84 7.29 6.79 6.32 5.88 5.49 5.12 4.8 4.51 4.25 4.01 3.79 3.58 3.39 3.2 3.02 2.85 2.67 2.51 2.34 2.23 2.12 2.03 1.95 1.88 1.82 1.78 1.77 1.77 1.78 1.8 1.82 1.84 1.86 1.87 1.89 1.91 1.93 1.96 1.99 -3.4e+38 -3.4e+38 2.1 2.11 2.1 2.05 1.97 1.86 1.76 1.66 1.57 1.48 1.41 1.34 1.28 1.23 1.18 1.13 1.09 1.06 1.04 1.02 0.997 0.982 0.969 0.958 0.948
11.4 10.7 9.93 9.25 8.61 7.99 7.42 6.89 6.4 5.95 5.53 5.15 4.82 4.52 4.25 4.01 3.79 3.58 3.39 3.2 3.02 2.85 2.67 2.51 2.34 2.23 2.11 2.02 1.93 1.86 1.81 1.77 1.76 1.76 1.77 1.79 1.81 1.84 1.86 1.88 1.9 1.92 1.95 1.99 2.03 -3.4e+38 -3.4e+38 2.17 2.21 2.22 2.15 2.04 1.91 1.79 1.67 1.57 1.49 1.41 1.34 1.27 1.21 1.16 1.12 1.08 1.05 1.02 1 0.985 0.972 0.96 0.949 0.94
11.7 10.9 10.2 9.45 8.78 8.13 7.53 6.98 6.46 5.99 5.56 5.17 4.82 4.52 4.25 4 3.78 3.57 3.38 3.2 3.02 2.84 2.66 2.51 2.34 2.22 2.1 2.01 1.92 1.85 1.79 1.76 1.75 1.74 1.75 1.77 1.81 1.83 1.86 1.88 1.9 1.93 1.96 2 2.04 2.09 2.15 2.22 2.28 2.34 2.25 2.09 1.93 1.79 1.67 1.57 1.48 1.4 1.32 1.26 1.2 1.14 1.1 1.06 1.03 1.01 0.991 0.977 0.964 0.953 0.944 0.936
12 11.2 10.4 9.64 8.94 8.26 7.64 7.06 6.53 6.04 5.58 5.18 4.82 4.51 4.24 3.99 3.77 3.56 3.37 3.19 3.01 2.84 2.66 2.5 2.34 2.21 2.08 1.99 1.9 1.83 1.78 1.75 1.74 1.74 1.74 1.77 1.8 1.83 1.85 1.87 1.9 1.92 1.96 2 2.04 2.09 2.15 2.22 2.29 2.35 2.25 2.08 1.91 1.77 1.65 1.55 1.46 1.38 1.31 1.24 1.18 1.13 1.08 1.04 1.02 0.998 0.983 0.97 0.959 0.949 0.94 0.934
12.3 11.4 10.6 9.81 9.07 8.38 7.73 7.14 6.58 6.07 5.6 5.18 4.82 4.51 4.23 3.99 3.76 3.55 3.36 3.18 3.01 2.84 2.66 2.5 2.33 2.2 2.06 1.97 1.88 1.81 1.76 1.74 1.73 1.73 1.74 1.77 1.79 1.82 1.84 1.86 1.89 1.91 1.95 1.98 2.02 2.07 2.12 2.17 2.21 2.22 2.14 2 1.84 1.71 1.6 1.51 1.43 1.36 1.29 1.23 1.17 1.11 1.06 1.03 1.01 0.992 0.979 0.967 0.956 0.947 0.939 0.933
12.5 11.6 10.7 9.94 9.19 8.48 7.82 7.21 6.64 6.11 5.63 5.19 4.82 4.5 4.23 3.99 3.76 3.55 3.36 3.19 3.02 2.84 2.66 2.5 2.32 2.19 2.05 1.94 1.85 1.79 1.75 1.74 1.73 1.73 1.74 1.76 1.79 1.81 1.83 1.84 1.87 1.89 1.92 1.95 1.98 2.02 2.06 2.09 2.1 2.08 2 1.88 1.74 1.63 1.55 1.47 1.4 1.33 1.27 1.21 1.16 1.11 1.06 1.03 1.01 0.993 0.98 0.968 0.957 0.948 0.94 0.935
12.6 11.7 10.8 10 9.29 8.57 7.9 7.28 6.7 6.16 5.66 5.21 4.82 4.51 4.24 4 3.78 3.56 3.37 3.21 3.04 2.86 2.67 2.5 2.33 2.19 2.04 1.92 1.82 1.78 1.75 1.73 1.72 1.73 1.74 1.76 1.78 1.79 1.81 1.82 1.84 1.86 1.89 1.92 1.94 1.96 1.99 2 1.99 1.96 1.88 1.78 1.65 1.56 1.49 1.43 1.36 1.3 1.25 1.2 1.15 1.11 1.07 1.04 1.02 0.998 0.985 0.973 0.962 0.952 0.944 0.938
12.6 11.8 10.9 10.1 9.35 8.64 7.98 7.36 6.78 6.23 5.72 5.24 4.83 4.53 4.28 4.05 3.83 3.61 3.42 3.25 3.08 2.9 2.7 2.53 2.34 2.2 2.05 1.93 1.82 1.78 1.74 1.73 1.72 1.72 1.73 1.75 1.76 1.77 1.79 1.8 1.81 1.83 1.85 1.87 1.89 1.9 1.91 1.91 1.89 1.85 1.78 1.69 1.6 1.51 1.44 1.38 1.33 1.28 1.23 1.19 1.15 1.11 1.07 1.05 1.03 1.01 0.993 0.98 0.969 0.959 0.951 0.944
12.7 11.8 11 10.1 9.4 8.7 8.05 7.45 6.87 6.32 5.81 5.33 4.9 4.6 4.36 4.14 3.91 3.7 3.5 3.32 3.13 2.94 2.74 2.56 2.38 2.23 2.08 1.96 1.86 1.79 1.75 1.73 1.72 1.71 1.72 1.73 1.74 1.75 1.76 1.77 1.78 1.79 1.81 1.82 1.83 1.84 1.84 1.83 1.8 1.76 1.69 1.62 1.54 1.47 1.4 1.34 1.29 1.25 1.21 1.17 1.14 1.11 1.08 1.06 1.04 1.02 1 0.99 0.978 0.968 0.96 0.953
12.6 11.8 10.9 10.2 9.44 8.76 8.13 7.55 6.99 6.45 5.95 5.49 5.09 4.77 4.5 4.26 4.03 3.81 3.6 3.4 3.2 3 2.79 2.61 2.42 2.27 2.13 2.01 1.9 1.82 1.76 1.72 1.72 1.71 1.71 1.72 1.73 1.73 1.74 1.74 1.75 1.76 1.77 1.78 1.78 1.78 1.77 1.75 1.72 1.67 1.62 1.55 1.48 1.41 1.35 1.3 1.26 1.22 1.19 1.16 1.13 1.11 1.08 1.06 1.04 1.03 1.01 1 0.989 0.979 0.97 0.963
12.5 11.7 10.9 10.1 9.45 8.8 8.2 7.65 7.11 6.6 6.12 5.69 5.3 4.97 4.67 4.41 4.16 3.93 3.7 3.49 3.28 3.07 2.85 2.66 2.47 2.32 2.17 2.06 1.94 1.86 1.79 1.74 1.73 1.71 1.71 1.71 1.71 1.71 1.71 1.71 1.72 1.72 1.73 1.73 1.73 1.72 1.7 1.68 1.64 1.6 1.55 1.49 1.42 1.36 1.3 1.26 1.23 1.2 1.17 1.15 1.13 1.11 1.09 1.07 1.06 1.04 1.02 1.01 1 0.991 0.983 0.975
12.3 11.5 10.8 10.1 9.42 8.83 8.28 7.76 7.26 6.77 6.32 5.9 5.51 5.17 4.86 4.57 4.31 4.06 3.82 3.59 3.36 3.14 2.91 2.72 2.52 2.37 2.21 2.09 1.98 1.89 1.82 1.77 1.74 1.72 1.71 1.69 1.69 1.68 1.69 1.68 1.68 1.68 1.68 1.68 1.68 1.67 1.64 1.62 1.58 1.54 1.49 1.43 1.37 1.3 1.25 1.22 1.2 1.18 1.16 1.14 1.12 1.11 1.09 1.08 1.06 1.05 1.04 1.02 1.01 1 0.995 0.988
12.1 11.3 10.6 9.92 9.36 8.85 8.36 7.88 7.41 6.95 6.52 6.11 5.73 5.38 5.05 4.75 4.47 4.2 3.94 3.69 3.45 3.21 2.97 2.77 2.57 2.41 2.25 2.13 2.01 1.92 1.85 1.8 1.76 1.73 1.71 1.68 1.68 1.66 1.66 1.65 1.65 1.64 1.64 1.64 1.63 1.62 1.59 1.56 1.52 1.48 1.44 1.38 1.33 1.27 1.22 1.19 1.18 1.16 1.14 1.13 1.12 1.11 1.1 1.09 1.08 1.06 1.05 1.04 1.02 1.02 1.01 1
11.9 11.1 10.4 9.74 9.31 8.88 8.46 8.03 7.59 7.15 6.73 6.34 5.96 5.6 5.26 4.94 4.64 4.35 4.07 3.81 3.55 3.29 3.03 2.81 2.61 2.45 2.29 2.16 2.04 1.95 1.87 1.82 1.77 1.73 1.7 1.67 1.66 1.64 1.64 1.63 1.62 1.61 1.6 1.6 1.59 1.57 1.54 1.51 1.47 1.44 1.39 1.34 1.29 1.25 1.2 1.18 1.16 1.14 1.13 1.12 1.11 1.1 1.1 1.09 1.08 1.07 1.06 1.04 1.04 1.03 1.02 1.02
11.7 11 10.3 9.73 9.33 8.97 8.59 8.19 7.78 7.36 6.96 6.57 6.19 5.83 5.47 5.13 4.81 4.51 4.21 3.92 3.64 3.36 3.08 2.85 2.64 2.48 2.31 2.19 2.07 1.97 1.89 1.83 1.78 1.73 1.7 1.66 1.64 1.62 1.61 1.6 1.59 1.57 1.57 1.56 1.55 1.52 1.5 1.47 1.43 1.4 1.35 1.31 1.27 1.23 1.19 1.17 1.15 1.13 1.12 1.11 1.11 1.1 1.1 1.09 1.08 1.07 1.06 1.05 1.05 1.04 1.04 1.03
11.5 10.9 10.3 9.84 9.46 9.11 8.75 8.38 7.99 7.59 7.2 6.82 6.43 6.07 5.69 5.34 4.99 4.67 4.34 4.03 3.72 3.42 3.12 2.88 2.66 2.49 2.33 2.2 2.08 1.98 1.89 1.83 1.78 1.73 1.69 1.65 1.62 1.6 1.59 1.57 1.56 1.54 1.53 1.52 1.51 1.48 1.46 1.43 1.39 1.36 1.32 1.29 1.25 1.21 1.18 1.16 1.14 1.12 1.11 1.11 1.1 1.09 1.09 1.09 1.08 1.08 1.07 1.06 1.06 1.05 1.05 1.05
11.3 10.8 10.4 9.95 9.6 9.27 8.94 8.59 8.22 7.84 7.45 7.08 6.69 6.31 5.92 5.55 5.19 4.83 4.49 4.14 3.8 3.47 3.15 2.9 2.66 2.5 2.33 2.21 2.08 1.98 1.89 1.83 1.77 1.72 1.67 1.63 1.6 1.57 1.56 1.54 1.53 1.51 1.5 1.49 1.47 1.45 1.42 1.39 1.36 1.33 1.29 1.26 1.23 1.2 1.17 1.15 1.13 1.12 1.11 1.1 1.1 1.09 1.09 1.09 1.08 1.08 1.07 1.07 1.06 1.06 1.06 1.06
11.2 10.8 10.4 10 9.73 9.44 9.14 8.82 8.47 8.11 7.73 7.36 6.96 6.58 6.17 5.78 5.39 5.01 4.63 4.25 3.88 3.51 3.16 2.89 2.65 2.49 2.33 2.21 2.08 1.98 1.89 1.82 1.76 1.71 1.66 1.61 1.58 1.55 1.53 1.51 1.5 1.48 1.47 1.45 1.44 1.42 1.39 1.36 1.33 1.3 1.27 1.24 1.21 1.18 1.15 1.13 1.12 1.11 1.1 1.1 1.09 1.09 1.08 1.08 1.08 1.08 1.07 1.07 1.07 1.07 1.07 1.07
11 10.7 10.4 10.1 9.84 9.6 9.35 9.07 8.74 8.38 8.01 7.64 7.24 6.85 6.42 6.02 5.6 5.19 4.78 4.36 3.95 3.55 3.16 2.88 2.63 2.48 2.32 2.2 2.07 1.97 1.88 1.81 1.75 1.69 1.64 1.59 1.56 1.53 1.51 1.49 1.47 1.45 1.44 1.43 1.41 1.39 1.36 1.34 1.31 1.28 1.25 1.22 1.19 1.16 1.14 1.12 1.11 1.1 1.1 1.09 1.09 1.08 1.08 1.08 1.08 1.08 1.08 1.08 1.08 1.08 1.08 1.08
10.7 10.5 10.3 10.1 9.91 9.73 9.55 9.33 9 8.65 8.28 7.92 7.52 7.13 6.69 6.26 5.82 5.38 4.93 4.48 4.03 3.58 3.15 2.85 2.62 2.46 2.31 2.18 2.06 1.96 1.87 1.8 1.73 1.67 1.62 1.57 1.54 1.51 1.49 1.46 1.45 1.43 1.42 1.4 1.38 1.36 1.34 1.32 1.29 1.26 1.23 1.21 1.18 1.15 1.13 1.11 1.1 1.1 1.09 1.09 1.08 1.08 1.08 1.08 1.08 1.08 1.08 1.08 1.08 1.08 1.09 1.09
10.5 10.3 10.2 10.1 9.94 9.8 9.67 9.51 9.2 8.87 8.52 8.18 7.79 7.41 6.96 6.51 6.04 5.57 5.1 4.62 4.12 3.63 3.15 2.83 2.6 2.45 2.29 2.17 2.04 1.95 1.86 1.78 1.72 1.65 1.6 1.55 1.52 1.48 1.46 1.44 1.42 1.41 1.39 1.38 1.36 1.34 1.32 1.3 1.27 1.25 1.22 1.19 1.17 1.14 1.12 1.11 1.1 1.09 1.09 1.08 1.08 1.08 1.08 1.08 1.08 1.08 1.08 1.08 1.09 1.09 1.09 1.09
10.2 10.1 10.1 9.98 9.9 9.82 9.71 9.55 9.32 9.06 8.74 8.43 8.06 7.69 7.23 6.77 6.27 5.79 5.29 4.77 4.24 3.72 3.22 2.88 2.62 2.45 2.28 2.14 2.01 1.93 1.84 1.77 1.69 1.63 1.58 1.53 1.49 1.46 1.44 1.42 1.4 1.39 1.37 1.36 1.34 1.32 1.3 1.28 1.26 1.24 1.21 1.19 1.16 1.14 1.12 1.1 1.09 1.09 1.08 1.08 1.08 1.07 1.08 1.08 1.08 1.08 1.08 1.09 1.09 1.09 1.1 1.1
9.81 9.84 9.85 9.84 9.81 9.77 9.69 9.58 9.4 9.2 8.93 8.65 8.3 7.95 7.49 7.02 6.51 6 5.47 4.92 4.36 3.83 3.32 2.96 2.65 2.45 2.26 2.12 1.98 1.89 1.82 1.75 1.67 1.6 1.54 1.5 1.47 1.44 1.42 1.4 1.38 1.37 1.35 1.34 1.32 1.31 1.29 1.27 1.25 1.23 1.2 1.18 1.16 1.13 1.12 1.1 1.09 1.08 1.08 1.08 1.08 1.07 1.07 1.07 1.08 1.08 1.08 1.09 1.09 1.1 1.1 1.1
