maui/input/month_year_rainfall/maui_prcp_03_2002.asc
ncols        361
nrows        320
xllcorner    -156.738000000000
yllcorner    20.343000000000
cellsize     0.002250000000
NODATA_value -3.4028234663852885981e+38
[rows 128 to 159 of 320, columns 288 to 359 of 361]
37.6 37.1 36.5 35.9 35.3 34.6 33.9 33.2 32.5 31.9 31.2 30.5 29.8 29 28.3 27.5 26.7 25.8 25 24.1 23.2 22.3 21.4 20.4 19.5 18.5 17.6 16.6 15.6 14.7 13.8 13 12.2 11.5 10.9 10.4 9.86 9.49 9.17 8.92 8.69 8.49 8.31 8.15 8.02 7.89 7.76 7.63 -3.4e+38 -3.4e+38 -3.4e+38 -3.4e+38 -3.4e+38 -3.4e+38 -3.4e+38 -3.4e+38 -3.4e+38 -3.4e+38 -3.4e+38 -3.4e+38 -3.4e+38 -3.4e+38 -3.4e+38 -3.4e+38 -3.4e+38 -3.4e+38 -3.4e+38 -3.4e+38 -3.4e+38 -3.4e+38 -3.4e+38 -3.4e+38
38.6 38.2 37.6 37 36.4 35.7 34.9 34.2 33.4 32.7 32 31.3 30.5 29.8 29.1 28.3 27.5 26.6 25.7 24.8 23.9 22.9 21.9 20.9 20 19 18 17 16 15 14.1 13.2 12.4 11.7 11.1 10.5 9.94 9.54 9.19 8.94 8.71 8.49 8.32 8.16 8.02 7.89 7.77 7.64 -3.4e+38 -3.4e+38 -3.4e+38 -3.4e+38 -3.4e+38 -3.4e+38 -3.4e+38 -3.4e+38 -3.4e+38 -3.4e+38 -3.4e+38 -3.4e+38 -3.4e+38 -3.4e+38 -3.4e+38 -3.4e+38 -3.4e+38 -3.4e+38 -3.4e+38 -3.4e+38 -3.4e+38 -3.4e+38 -3.4e+38 -3.4e+38
39.8 39.3 38.8 38.2 37.5 36.8 36.1 35.3 34.5 33.7 33 32.2 31.4 30.6 29.8 29 28.2 27.3 26.4 25.5 24.5 23.6 22.5 21.4 20.4 19.4 18.4 17.4 16.4 15.4 14.4 13.5 12.6 11.9 11.2 10.6 10 9.59 9.23 8.96 8.72 8.51 8.33 8.17 8.03 7.9 7.78 7.65 -3.4e+38 -3.4e+38 -3.4e+38 -3.4e+38 -3.4e+38 -3.4e+38 -3.4e+38 -3.4e+38 -3.4e+38 -3.4e+38 -3.4e+38 -3.4e+38 -3.4e+38 -3.4e+38 -3.4e+38 -3.4e+38 -3.4e+38 -3.4e+38 -3.4e+38 -3.4e+38 -3.4e+38 -3.4e+38 -3.4e+38 -3.4e+38
40.9 40.5 39.9 39.4 38.7 38 37.2 36.5 35.7 34.9 34 33.1 32.2 31.4 30.5 29.7 28.9 28 27.1 26.2 25.2 24.2 23.1 22 20.9 19.8 18.8 17.7 16.7 15.6 14.6 13.7 12.8 12.1 11.3 10.7 10.1 9.65 9.26 8.99 8.74 8.53 8.35 8.18 8.04 7.91 7.79 7.67 7.54 7.41 -3.4e+38 -3.4e+38 -3.4e+38 -3.4e+38 -3.4e+38 -3.4e+38 -3.4e+38 -3.4e+38 -3.4e+38 -3.4e+38 -3.4e+38 -3.4e+38 -3.4e+38 -3.4e+38 -3.4e+38 -3.4e+38 -3.4e+38 -3.4e+38 -3.4e+38 -3.4e+38 -3.4e+38 -3.4e+38
42.1 41.7 41.2 40.6 40 39.2 38.5 37.7 36.9 36 35.1 34.1 33.2 32.3 31.3 30.4 29.6 28.7 27.8 26.8 25.8 24.8 23.6 22.5 21.3 20.2 19.1 18 16.9 15.9 14.8 13.8 12.9 12.2 11.4 10.8 10.2 9.69 9.29 9.01 8.76 8.55 8.37 8.2 8.06 7.92 7.81 7.69 7.57 7.44 -3.4e+38 -3.4e+38 -3.4e+38 -3.4e+38 -3.4e+38 -3.4e+38 -3.4e+38 -3.4e+38 -3.4e+38 -3.4e+38 -3.4e+38 -3.4e+38 -3.4e+38 -3.4e+38 -3.4e+38 -3.4e+38 -3.4e+38 -3.4e+38 -3.4e+38 -3.4e+38 -3.4e+38 -3.4e+38
43.3 42.9 42.4 41.9 41.2 40.5 39.7 38.9 38.1 37.2 36.2 35.2 34.2 33.2 32.2 31.2 30.2 29.3 28.4 27.5 26.5 25.4 24.2 23 21.8 20.6 19.4 18.3 17.1 16 14.9 14 13 12.3 11.5 10.8 10.2 9.73 9.31 9.02 8.78 8.58 8.4 8.22 8.08 7.94 7.82 7.71 7.59 7.47 -3.4e+38 -3.4e+38 -3.4e+38 -3.4e+38 -3.4e+38 -3.4e+38 -3.4e+38 -3.4e+38 -3.4e+38 -3.4e+38 -3.4e+38 -3.4e+38 -3.4e+38 -3.4e+38 -3.4e+38 -3.4e+38 -3.4e+38 -3.4e+38 -3.4e+38 -3.4e+38 -3.4e+38 -3.4e+38
44.6 44.2 43.7 43.2 42.5 41.8 41 40.2 39.3 38.3 37.3 36.3 35.3 34.2 33.2 32.1 31.1 30.1 29.1 28.1 27.1 26 24.8 23.5 22.3 21 19.8 18.5 17.3 16.2 15.1 14.1 13.1 12.3 11.5 10.9 10.2 9.76 9.35 9.05 8.8 8.6 8.42 8.25 8.1 7.95 7.84 -3.4e+38 -3.4e+38 -3.4e+38 -3.4e+38 -3.4e+38 -3.4e+38 -3.4e+38 -3.4e+38 -3.4e+38 -3.4e+38 -3.4e+38 -3.4e+38 -3.4e+38 -3.4e+38 -3.4e+38 -3.4e+38 -3.4e+38 -3.4e+38 -3.4e+38 -3.4e+38 -3.4e+38 -3.4e+38 -3.4e+38 -3.4e+38 -3.4e+38
45.9 45.5 45.1 44.5 43.8 43.1 42.3 41.4 40.5 39.5 38.5 37.4 36.3 35.2 34.2 33.1 32 30.9 29.8 28.8 27.7 26.6 25.3 24 22.7 21.4 20.1 18.8 17.5 16.3 15.2 14.2 13.2 12.3 11.6 10.9 10.3 9.79 9.38 9.07 8.82 8.62 8.44 8.27 8.12 7.97 7.86 7.75 7.64 7.53 -3.4e+38 -3.4e+38 -3.4e+38 -3.4e+38 -3.4e+38 -3.4e+38 -3.4e+38 -3.4e+38 -3.4e+38 -3.4e+38 -3.4e+38 -3.4e+38 -3.4e+38 -3.4e+38 -3.4e+38 -3.4e+38 -3.4e+38 -3.4e+38 -3.4e+38 -3.4e+38 -3.4e+38 -3.4e+38
47.1 46.8 46.4 45.8 45.2 44.4 43.6 42.7 41.7 40.7 39.6 38.5 37.4 36.3 35.2 34.1 32.9 31.8 30.6 29.5 28.3 27.1 25.8 24.5 23.1 21.7 20.4 19 17.7 16.5 15.3 14.2 13.2 12.4 11.6 10.9 10.3 9.81 9.39 9.08 8.83 8.63 8.46 8.29 8.14 7.99 7.88 7.77 7.66 7.55 -3.4e+38 -3.4e+38 -3.4e+38 -3.4e+38 -3.4e+38 -3.4e+38 -3.4e+38 -3.4e+38 -3.4e+38 -3.4e+38 -3.4e+38 -3.4e+38 -3.4e+38 -3.4e+38 -3.4e+38 -3.4e+38 -3.4e+38 -3.4e+38 -3.4e+38 -3.4e+38 -3.4e+38 -3.4e+38
48.3 48.1 47.7 47.1 46.5 45.7 44.9 44 43 41.9 40.7 39.6 38.5 37.3 36.2 35 33.8 32.6 31.5 30.3 29 27.7 26.3 25 23.5 22.1 20.6 19.2 17.9 16.6 15.3 14.2 13.2 12.4 11.6 10.9 10.3 9.83 9.41 9.1 8.85 8.65 8.47 8.3 8.15 8.01 7.9 7.79 7.68 7.57 -3.4e+38 -3.4e+38 -3.4e+38 -3.4e+38 -3.4e+38 -3.4e+38 -3.4e+38 -3.4e+38 -3.4e+38 -3.4e+38 -3.4e+38 -3.4e+38 -3.4e+38 -3.4e+38 -3.4e+38 -3.4e+38 -3.4e+38 -3.4e+38 -3.4e+38 -3.4e+38 -3.4e+38 -3.4e+38
49.3 49.1 48.7 48.2 47.6 46.9 46.1 45.1 44.1 43 41.8 40.7 39.5 38.3 37.1 35.9 34.7 33.5 32.2 31 29.6 28.2 26.8 25.4 23.8 22.3 20.9 19.4 18 16.6 15.3 14.2 13.2 12.4 11.6 10.9 10.3 9.85 9.44 9.12 8.86 8.66 8.49 8.32 8.17 8.03 7.92 7.81 7.71 7.6 -3.4e+38 -3.4e+38 -3.4e+38 -3.4e+38 -3.4e+38 -3.4e+38 -3.4e+38 -3.4e+38 -3.4e+38 -3.4e+38 -3.4e+38 -3.4e+38 -3.4e+38 -3.4e+38 -3.4e+38 -3.4e+38 -3.4e+38 -3.4e+38 -3.4e+38 -3.4e+38 -3.4e+38 -3.4e+38
50.3 50.1 49.8 49.3 48.7 47.9 47.1 46.2 45.1 44 42.9 41.7 40.5 39.3 38 36.8 35.5 34.3 33 31.7 30.2 28.8 27.3 25.8 24.2 22.6 21.1 19.5 18 16.7 15.4 14.2 13.2 12.3 11.5 10.9 10.3 9.86 9.45 9.14 8.88 8.68 8.51 8.34 8.2 8.05 7.94 7.84 7.74 -3.4e+38 -3.4e+38 -3.4e+38 -3.4e+38 -3.4e+38 -3.4e+38 -3.4e+38 -3.4e+38 -3.4e+38 -3.4e+38 -3.4e+38 -3.4e+38 -3.4e+38 -3.4e+38 -3.4e+38 -3.4e+38 -3.4e+38 -3.4e+38 -3.4e+38 -3.4e+38 -3.4e+38 -3.4e+38 -3.4e+38
51.2 51.1 50.7 50.2 49.6 48.8 47.9 47 46 44.9 43.7 42.5 41.3 40.1 38.9 37.6 36.3 35 33.6 32.3 30.8 29.3 27.7 26.1 24.5 22.8 21.2 19.6 18.1 16.7 15.3 14.2 13.1 12.3 11.5 10.9 10.3 9.87 9.47 9.16 8.9 8.7 8.53 8.37 8.23 8.1 7.99 7.88 7.77 -3.4e+38 -3.4e+38 -3.4e+38 -3.4e+38 -3.4e+38 -3.4e+38 -3.4e+38 -3.4e+38 -3.4e+38 -3.4e+38 -3.4e+38 -3.4e+38 -3.4e+38 -3.4e+38 -3.4e+38 -3.4e+38 -3.4e+38 -3.4e+38 -3.4e+38 -3.4e+38 -3.4e+38 -3.4e+38 -3.4e+38
52 51.9 51.6 51.1 50.4 49.6 48.7 47.7 46.6 45.5 44.4 43.2 42 40.8 39.6 38.3 37 35.6 34.2 32.8 31.2 29.7 28.1 26.4 24.7 23 21.3 19.7 18.1 16.6 15.3 14.1 13 12.2 11.5 10.9 10.3 9.86 9.48 9.18 8.93 8.73 8.56 8.41 8.27 8.14 8.03 7.92 -3.4e+38 -3.4e+38 -3.4e+38 -3.4e+38 -3.4e+38 -3.4e+38 -3.4e+38 -3.4e+38 -3.4e+38 -3.4e+38 -3.4e+38 -3.4e+38 -3.4e+38 -3.4e+38 -3.4e+38 -3.4e+38 -3.4e+38 -3.4e+38 -3.4e+38 -3.4e+38 -3.4e+38 -3.4e+38 -3.4e+38 -3.4e+38
52.9 52.8 52.4 51.9 51.2 50.3 49.4 48.3 47.2 46.1 45 43.8 42.6 41.4 40.2 38.9 37.6 36.1 34.7 33.2 31.6 30 28.3 26.6 24.9 23.1 21.3 19.7 18 16.6 15.2 14 12.9 12.2 11.4 10.8 10.3 9.86 9.49 9.2 8.95 8.75 8.59 8.44 8.31 8.19 8.07 7.96 7.83 -3.4e+38 -3.4e+38 -3.4e+38 -3.4e+38 -3.4e+38 -3.4e+38 -3.4e+38 -3.4e+38 -3.4e+38 -3.4e+38 -3.4e+38 -3.4e+38 -3.4e+38 -3.4e+38 -3.4e+38 -3.4e+38 -3.4e+38 -3.4e+38 -3.4e+38 -3.4e+38 -3.4e+38 -3.4e+38 -3.4e+38
53.6 53.5 53.1 52.6 51.8 50.9 49.9 48.8 47.7 46.5 45.4 44.2 43 41.8 40.6 39.3 38 36.5 35 33.4 31.8 30.2 28.5 26.7 24.9 23.1 21.3 19.5 17.9 16.5 15.1 13.9 12.8 12.1 11.3 10.8 10.2 9.83 9.48 9.2 8.97 8.78 8.61 8.46 8.34 8.22 8.11 7.99 7.86 -3.4e+38 -3.4e+38 -3.4e+38 -3.4e+38 -3.4e+38 -3.4e+38 -3.4e+38 -3.4e+38 -3.4e+38 -3.4e+38 -3.4e+38 -3.4e+38 -3.4e+38 -3.4e+38 -3.4e+38 -3.4e+38 -3.4e+38 -3.4e+38 -3.4e+38 -3.4e+38 -3.4e+38 -3.4e+38 -3.4e+38
54.3 54.2 53.8 53.2 52.4 51.4 50.3 49.2 48 46.8 45.7 44.4 43.3 42.1 40.9 39.7 38.3 36.8 35.2 33.6 32 30.3 28.5 26.8 24.9 23 21.1 19.4 17.8 16.3 15 13.8 12.7 11.9 11.2 10.7 10.2 9.8 9.47 9.21 8.98 8.79 8.63 8.49 8.37 8.25 8.14 8.02 7.89 -3.4e+38 -3.4e+38 -3.4e+38 -3.4e+38 -3.4e+38 -3.4e+38 -3.4e+38 -3.4e+38 -3.4e+38 -3.4e+38 -3.4e+38 -3.4e+38 -3.4e+38 -3.4e+38 -3.4e+38 -3.4e+38 -3.4e+38 -3.4e+38 -3.4e+38 -3.4e+38 -3.4e+38 -3.4e+38 -3.4e+38
54.9 54.7 54.3 53.6 52.8 51.7 50.6 49.4 48.2 47 45.8 44.5 43.3 42.2 41 39.9 38.4 36.9 35.2 33.6 31.9 30.2 28.4 26.6 24.7 22.7 20.9 19.1 17.5 16.1 14.8 13.6 12.5 11.8 11.1 10.6 10.1 9.75 9.44 9.19 8.98 8.8 8.64 8.5 8.38 8.26 8.15 8.04 -3.4e+38 -3.4e+38 -3.4e+38 -3.4e+38 -3.4e+38 -3.4e+38 -3.4e+38 -3.4e+38 -3.4e+38 -3.4e+38 -3.4e+38 -3.4e+38 -3.4e+38 -3.4e+38 -3.4e+38 -3.4e+38 -3.4e+38 -3.4e+38 -3.4e+38 -3.4e+38 -3.4e+38 -3.4e+38 -3.4e+38 -3.4e+38
55.6 55.3 54.7 54 53.1 52 50.7 49.5 48.3 47.1 45.8 44.6 43.4 42.2 41.1 39.9 38.5 36.8 35.2 33.4 31.7 30 28.2 26.4 24.4 22.4 20.6 18.9 17.3 15.9 14.6 13.4 12.4 11.7 11 10.5 10.1 9.71 9.41 9.17 8.97 8.8 8.65 8.51 8.39 8.27 8.17 8.06 -3.4e+38 -3.4e+38 -3.4e+38 -3.4e+38 -3.4e+38 -3.4e+38 -3.4e+38 -3.4e+38 -3.4e+38 -3.4e+38 -3.4e+38 -3.4e+38 -3.4e+38 -3.4e+38 -3.4e+38 -3.4e+38 -3.4e+38 -3.4e+38 -3.4e+38 -3.4e+38 -3.4e+38 -3.4e+38 -3.4e+38 -3.4e+38
56.3 55.7 55 54.1 53.1 52 50.7 49.5 48.2 47 45.7 44.4 43.2 42 40.8 39.6 38.2 36.5 34.8 33.1 31.3 29.6 27.8 25.9 23.9 22 20.1 18.4 16.9 15.5 14.3 13.2 12.2 11.5 10.9 10.4 9.98 9.65 9.37 9.15 8.96 8.79 8.64 8.51 8.39 8.27 8.17 -3.4e+38 -3.4e+38 -3.4e+38 -3.4e+38 -3.4e+38 -3.4e+38 -3.4e+38 -3.4e+38 -3.4e+38 -3.4e+38 -3.4e+38 -3.4e+38 -3.4e+38 -3.4e+38 -3.4e+38 -3.4e+38 -3.4e+38 -3.4e+38 -3.4e+38 -3.4e+38 -3.4e+38 -3.4e+38 -3.4e+38 -3.4e+38 -3.4e+38
57 56.1 55.1 54.1 53.1 51.9 50.6 49.3 48 46.8 45.5 44.2 43 41.8 40.6 39.3 37.8 36.1 34.4 32.7 30.9 29.1 27.3 25.4 23.4 21.4 19.6 18 16.5 15.2 14 12.9 12 11.3 10.7 10.3 9.91 9.6 9.33 9.12 8.94 8.78 8.64 8.51 8.39 8.27 8.18 8.07 -3.4e+38 -3.4e+38 -3.4e+38 -3.4e+38 -3.4e+38 -3.4e+38 -3.4e+38 -3.4e+38 -3.4e+38 -3.4e+38 -3.4e+38 -3.4e+38 -3.4e+38 -3.4e+38 -3.4e+38 -3.4e+38 -3.4e+38 -3.4e+38 -3.4e+38 -3.4e+38 -3.4e+38 -3.4e+38 -3.4e+38 -3.4e+38
57.3 56 54.9 53.9 52.8 51.5 50.2 49 47.7 46.4 45.2 43.9 42.7 41.4 40.1 38.7 37.2 35.5 33.8 32.1 30.3 28.5 26.6 24.7 22.7 20.8 19 17.5 16.1 14.8 13.6 12.7 11.8 11.2 10.6 10.2 9.84 9.55 9.3 9.09 8.92 8.76 8.63 8.5 8.39 8.28 8.18 8.07 7.95 -3.4e+38 -3.4e+38 -3.4e+38 -3.4e+38 -3.4e+38 -3.4e+38 -3.4e+38 -3.4e+38 -3.4e+38 -3.4e+38 -3.4e+38 -3.4e+38 -3.4e+38 -3.4e+38 -3.4e+38 -3.4e+38 -3.4e+38 -3.4e+38 -3.4e+38 -3.4e+38 -3.4e+38 -3.4e+38 -3.4e+38
56.5 55.4 54.4 53.4 52.3 51.1 49.8 48.5 47.3 46 44.8 43.5 42.3 41 39.6 38.1 36.5 34.9 33.2 31.4 29.6 27.8 25.9 23.9 22 20.1 18.4 16.9 15.6 14.4 13.3 12.4 11.6 11 10.5 10.1 9.77 9.5 9.25 9.06 8.89 8.75 8.62 8.5 8.39 8.28 8.18 8.07 -3.4e+38 -3.4e+38 -3.4e+38 -3.4e+38 -3.4e+38 -3.4e+38 -3.4e+38 -3.4e+38 -3.4e+38 -3.4e+38 -3.4e+38 -3.4e+38 -3.4e+38 -3.4e+38 -3.4e+38 -3.4e+38 -3.4e+38 -3.4e+38 -3.4e+38 -3.4e+38 -3.4e+38 -3.4e+38 -3.4e+38 -3.4e+38
55.2 54.5 53.6 52.7 51.7 50.5 49.3 48 46.8 45.5 44.3 43.1 41.8 40.4 39 37.5 35.8 34.2 32.4 30.7 28.9 27 25 23 21.1 19.4 17.8 16.4 15.1 14 12.9 12.1 11.3 10.8 10.4 10 9.7 9.44 9.21 9.02 8.86 8.72 8.6 8.49 8.38 8.27 8.18 8.07 -3.4e+38 -3.4e+38 -3.4e+38 -3.4e+38 -3.4e+38 -3.4e+38 -3.4e+38 -3.4e+38 -3.4e+38 -3.4e+38 -3.4e+38 -3.4e+38 -3.4e+38 -3.4e+38 -3.4e+38 -3.4e+38 -3.4e+38 -3.4e+38 -3.4e+38 -3.4e+38 -3.4e+38 -3.4e+38 -3.4e+38 -3.4e+38
53.6 53.3 52.7 51.9 50.9 49.8 48.6 47.4 46.2 45 43.8 42.5 41.2 39.8 38.3 36.7 35.1 33.4 31.7 29.9 28 26.1 24.1 22.1 20.3 18.6 17.2 15.9 14.7 13.6 12.6 11.8 11.1 10.7 10.2 9.92 9.62 9.38 9.16 8.99 8.83 8.7 8.58 8.47 8.37 8.27 8.18 8.07 -3.4e+38 -3.4e+38 -3.4e+38 -3.4e+38 -3.4e+38 -3.4e+38 -3.4e+38 -3.4e+38 -3.4e+38 -3.4e+38 -3.4e+38 -3.4e+38 -3.4e+38 -3.4e+38 -3.4e+38 -3.4e+38 -3.4e+38 -3.4e+38 -3.4e+38 -3.4e+38 -3.4e+38 -3.4e+38 -3.4e+38 -3.4e+38
52.2 52 51.6 50.9 50.1 49.1 47.9 46.8 45.6 44.4 43.2 41.9 40.6 39.1 37.6 35.9 34.3 32.6 30.8 29 27.1 25.1 23 21.1 19.5 18 16.6 15.3 14.2 13.2 12.2 11.6 11 10.5 10.1 9.83 9.55 9.32 9.12 8.95 8.8 8.68 8.57 8.46 8.37 8.27 8.18 8.07 -3.4e+38 -3.4e+38 -3.4e+38 -3.4e+38 -3.4e+38 -3.4e+38 -3.4e+38 -3.4e+38 -3.4e+38 -3.4e+38 -3.4e+38 -3.4e+38 -3.4e+38 -3.4e+38 -3.4e+38 -3.4e+38 -3.4e+38 -3.4e+38 -3.4e+38 -3.4e+38 -3.4e+38 -3.4e+38 -3.4e+38 -3.4e+38
50.9 50.8 50.5 50 49.2 48.3 47.2 46.1 44.9 43.8 42.6 41.3 39.9 38.4 36.8 35.1 33.4 31.7 29.9 28.1 26.1 24 22.1 20.2 18.7 17.3 16 14.8 13.7 12.8 11.9 11.3 10.8 10.4 10 9.74 9.48 9.27 9.08 8.91 8.78 8.65 8.55 8.45 8.36 8.27 -3.4e+38 -3.4e+38 -3.4e+38 -3.4e+38 -3.4e+38 -3.4e+38 -3.4e+38 -3.4e+38 -3.4e+38 -3.4e+38 -3.4e+38 -3.4e+38 -3.4e+38 -3.4e+38 -3.4e+38 -3.4e+38 -3.4e+38 -3.4e+38 -3.4e+38 -3.4e+38 -3.4e+38 -3.4e+38 -3.4e+38 -3.4e+38 -3.4e+38 -3.4e+38
49.6 49.7 49.4 49 48.3 47.4 46.4 45.3 44.3 43.1 42 40.6 39.2 37.6 35.9 34.2 32.5 30.8 28.9 27.1 25 22.8 21.1 19.4 18 16.7 15.4 14.3 13.2 12.4 11.6 11.1 10.6 10.3 9.92 9.66 9.42 9.21 9.03 8.88 8.74 8.63 8.53 8.44 8.36 8.27 -3.4e+38 -3.4e+38 -3.4e+38 -3.4e+38 -3.4e+38 -3.4e+38 -3.4e+38 -3.4e+38 -3.4e+38 -3.4e+38 -3.4e+38 -3.4e+38 -3.4e+38 -3.4e+38 -3.4e+38 -3.4e+38 -3.4e+38 -3.4e+38 -3.4e+38 -3.4e+38 -3.4e+38 -3.4e+38 -3.4e+38 -3.4e+38 -3.4e+38 -3.4e+38
48.4 48.5 48.4 48 47.4 46.6 45.6 44.6 43.5 42.4 41.2 39.8 38.3 36.6 34.9 33.2 31.5 29.8 27.9 26.1 24 21.9 20.3 18.7 17.4 16.1 14.9 13.8 12.8 12 11.4 10.9 10.5 10.1 9.83 9.58 9.35 9.16 8.98 8.84 8.72 8.61 8.52 8.43 8.35 8.26 -3.4e+38 -3.4e+38 -3.4e+38 -3.4e+38 -3.4e+38 -3.4e+38 -3.4e+38 -3.4e+38 -3.4e+38 -3.4e+38 -3.4e+38 -3.4e+38 -3.4e+38 -3.4e+38 -3.4e+38 -3.4e+38 -3.4e+38 -3.4e+38 -3.4e+38 -3.4e+38 -3.4e+38 -3.4e+38 -3.4e+38 -3.4e+38 -3.4e+38 -3.4e+38
47.3 47.4 47.4 47 46.5 45.7 44.8 43.8 42.8 41.6 40.3 38.8 37.2 35.6 33.9 32.2 30.5 28.7 26.9 25 23 21 19.5 18 16.7 15.5 14.3 13.3 12.4 11.7 11.2 10.7 10.4 10 9.74 9.5 9.28 9.1 8.94 8.81 8.69 8.6 8.51 8.43 8.34 8.25 -3.4e+38 -3.4e+38 -3.4e+38 -3.4e+38 -3.4e+38 -3.4e+38 -3.4e+38 -3.4e+38 -3.4e+38 -3.4e+38 -3.4e+38 -3.4e+38 -3.4e+38 -3.4e+38 -3.4e+38 -3.4e+38 -3.4e+38 -3.4e+38 -3.4e+38 -3.4e+38 -3.4e+38 -3.4e+38 -3.4e+38 -3.4e+38 -3.4e+38 -3.4e+38
46.2 46.4 46.3 46 45.5 44.7 43.8 42.7 41.6 40.4 39.1 37.6 36 34.4 32.7 31.1 29.4 27.7 25.8 23.9 22 20.2 18.8 17.4 16.1 14.9 13.8 12.8 12.1 11.5 11 10.6 10.2 9.93 9.65 9.42 9.21 9.04 8.89 8.77 8.67 8.58 8.5 8.41 8.33 8.24 -3.4e+38 -3.4e+38 -3.4e+38 -3.4e+38 -3.4e+38 -3.4e+38 -3.4e+38 -3.4e+38 -3.4e+38 -3.4e+38 -3.4e+38 -3.4e+38 -3.4e+38 -3.4e+38 -3.4e+38 -3.4e+38 -3.4e+38 -3.4e+38 -3.4e+38 -3.4e+38 -3.4e+38 -3.4e+38 -3.4e+38 -3.4e+38 -3.4e+38 -3.4e+38
45.1 45.4 45.3 45 44.5 43.6 42.7 41.6 40.4 39.1 37.7 36.2 34.7 33.1 31.5 29.9 28.3 26.6 24.7 22.7 21 19.4 18 16.7 15.5 14.3 13.3 12.4 11.7 11.2 10.8 10.4 10.1 9.83 9.56 9.35 9.15 8.99 8.85 8.74 8.65 8.56 8.48 8.4 -3.4e+38 -3.4e+38 -3.4e+38 -3.4e+38 -3.4e+38 -3.4e+38 -3.4e+38 -3.4e+38 -3.4e+38 -3.4e+38 -3.4e+38 -3.4e+38 -3.4e+38 -3.4e+38 -3.4e+38 -3.4e+38 -3.4e+38 -3.4e+38 -3.4e+38 -3.4e+38 -3.4e+38 -3.4e+38 -3.4e+38 -3.4e+38 -3.4e+38 -3.4e+38 -3.4e+38 -3.4e+38
