maui/input/month_year_rainfall/maui_prcp_09_2001.asc
ncols        361
nrows        320
xllcorner    -156.738000000000
yllcorner    20.343000000000
cellsize     0.002250000000
NODATA_value -3.4028234663852885981e+38
[rows 124 to 154 of 320, columns 142 to 212 of 361]
0.011 0.0117 0.0123 0.0128 0.0133 0.0138 0.0143 0.0148 0.0153 0.0156 0.016 0.0163 0.0168 0.0172 0.0179 0.0185 0.0193 0.0201 0.0215 0.0231 0.0251 0.0274 0.03 0.0331 0.0367 0.0408 0.0456 0.0511 0.0574 0.0648 0.0733 0.0829 0.0937 0.106 0.12 0.136 0.153 0.173 0.193 0.215 0.238 0.262 0.29 0.318 0.343 0.366 0.388 0.409 0.429 0.448 0.465 0.48 0.493 0.506 0.519 0.534 0.551 0.572 0.596 0.624 0.657 0.695 0.739 0.791 0.851 0.921 0.999 1.09 1.19 1.29 1.41
0.0117 0.0123 0.0129 0.0135 0.014 0.0145 0.0149 0.0153 0.0157 0.016 0.0163 0.0166 0.0171 0.0177 0.0183 0.019 0.0197 0.0204 0.0219 0.0235 0.0257 0.0282 0.031 0.0343 0.0381 0.0425 0.0476 0.0535 0.0603 0.0682 0.0771 0.0871 0.0982 0.111 0.125 0.141 0.159 0.178 0.199 0.219 0.241 0.263 0.291 0.318 0.342 0.365 0.386 0.407 0.427 0.446 0.463 0.477 0.491 0.503 0.517 0.532 0.55 0.57 0.593 0.62 0.651 0.685 0.725 0.771 0.826 0.889 0.959 1.04 1.13 1.22 1.33
0.0124 0.013 0.0136 0.0142 0.0148 0.0152 0.0156 0.016 0.0163 0.0165 0.0167 0.017 0.0175 0.0181 0.0187 0.0193 0.02 0.0207 0.0222 0.0239 0.0262 0.0288 0.0318 0.0353 0.0393 0.0439 0.0494 0.0557 0.0629 0.0711 0.0804 0.0909 0.103 0.116 0.13 0.146 0.164 0.183 0.204 0.225 0.247 0.269 0.294 0.319 0.342 0.364 0.385 0.405 0.425 0.443 0.46 0.473 0.487 0.5 0.514 0.529 0.547 0.566 0.588 0.614 0.643 0.675 0.711 0.753 0.802 0.859 0.922 0.993 1.07 1.16 1.25
0.0132 0.0138 0.0145 0.0151 0.0157 0.0162 0.0166 0.017 0.0172 0.0173 0.0175 0.0177 0.018 0.0184 0.019 0.0197 0.0203 0.0211 0.0225 0.0243 0.0267 0.0294 0.0326 0.0362 0.0403 0.0452 0.051 0.0576 0.065 0.0735 0.0831 0.0942 0.106 0.12 0.135 0.151 0.17 0.189 0.21 0.231 0.254 0.277 0.3 0.323 0.344 0.365 0.386 0.405 0.424 0.442 0.457 0.471 0.484 0.497 0.511 0.526 0.543 0.562 0.583 0.608 0.635 0.665 0.699 0.738 0.782 0.833 0.89 0.954 1.02 1.1 1.19
0.0141 0.0148 0.0154 0.0161 0.0167 0.0173 0.0178 0.0181 0.0183 0.0183 0.0184 0.0186 0.0188 0.0191 0.0196 0.0202 0.0209 0.0215 0.023 0.0248 0.0272 0.0301 0.0333 0.0371 0.0414 0.0466 0.0525 0.0593 0.067 0.0757 0.0855 0.0969 0.109 0.124 0.139 0.157 0.175 0.195 0.216 0.238 0.261 0.285 0.306 0.327 0.348 0.368 0.387 0.406 0.424 0.44 0.455 0.468 0.481 0.494 0.508 0.523 0.539 0.557 0.578 0.601 0.626 0.655 0.686 0.722 0.763 0.809 0.86 0.917 0.98 1.05 1.12
0.0152 0.0159 0.0165 0.0172 0.0179 0.0185 0.019 0.0193 0.0195 0.0195 0.0196 0.0197 0.0198 0.02 0.0204 0.0209 0.0215 0.0221 0.0235 0.0252 0.0278 0.0307 0.0342 0.0381 0.0426 0.0479 0.0541 0.0611 0.0689 0.078 0.0881 0.1 0.113 0.128 0.145 0.162 0.181 0.202 0.224 0.246 0.269 0.292 0.313 0.333 0.353 0.371 0.389 0.407 0.424 0.439 0.453 0.465 0.478 0.491 0.504 0.519 0.535 0.552 0.572 0.593 0.617 0.644 0.673 0.706 0.743 0.785 0.83 0.881 0.936 0.996 1.06
0.0163 0.017 0.0177 0.0184 0.0191 0.0197 0.0202 0.0207 0.0208 0.0208 0.0209 0.0209 0.021 0.021 0.0214 0.0218 0.0223 0.0229 0.0243 0.026 0.0286 0.0317 0.0354 0.0396 0.0443 0.0499 0.0563 0.0636 0.0717 0.0812 0.0918 0.104 0.118 0.134 0.151 0.17 0.189 0.211 0.233 0.256 0.279 0.302 0.322 0.342 0.36 0.377 0.394 0.41 0.425 0.439 0.451 0.463 0.475 0.488 0.501 0.515 0.53 0.547 0.565 0.586 0.608 0.632 0.66 0.69 0.724 0.761 0.801 0.845 0.893 0.944 0.998
0.0174 0.0182 0.019 0.0196 0.0203 0.021 0.0216 0.022 0.0223 0.0223 0.0222 0.0222 0.0222 0.0222 0.0225 0.0229 0.0234 0.0241 0.0254 0.0272 0.0298 0.033 0.037 0.0415 0.0465 0.0524 0.059 0.0667 0.0751 0.0853 0.0965 0.11 0.124 0.141 0.159 0.178 0.198 0.22 0.243 0.268 0.291 0.313 0.333 0.352 0.368 0.384 0.399 0.414 0.427 0.439 0.45 0.461 0.472 0.484 0.497 0.51 0.524 0.54 0.558 0.577 0.597 0.62 0.645 0.673 0.703 0.736 0.771 0.809 0.849 0.892 0.938
0.0186 0.0194 0.0202 0.021 0.0217 0.0224 0.023 0.0236 0.0239 0.0239 0.0239 0.0238 0.0237 0.0236 0.0239 0.0243 0.0248 0.0256 0.0271 0.029 0.0317 0.0351 0.0395 0.0443 0.0497 0.0559 0.0629 0.0711 0.0801 0.0909 0.103 0.117 0.132 0.149 0.168 0.188 0.209 0.232 0.256 0.281 0.304 0.326 0.346 0.364 0.38 0.395 0.408 0.42 0.431 0.441 0.451 0.461 0.471 0.482 0.494 0.506 0.519 0.534 0.551 0.569 0.588 0.608 0.631 0.657 0.684 0.712 0.742 0.775 0.808 0.844 0.881
0.0198 0.0206 0.0215 0.0223 0.0231 0.0238 0.0245 0.0251 0.0255 0.0256 0.0256 0.0255 0.0255 0.0254 0.0256 0.0259 0.0265 0.0273 0.0289 0.0311 0.034 0.0376 0.0424 0.0477 0.0534 0.0601 0.0674 0.0761 0.0857 0.0973 0.11 0.125 0.141 0.159 0.178 0.199 0.222 0.246 0.27 0.295 0.318 0.341 0.361 0.378 0.393 0.406 0.417 0.427 0.436 0.444 0.453 0.462 0.471 0.48 0.491 0.502 0.514 0.527 0.542 0.559 0.576 0.596 0.617 0.639 0.663 0.687 0.713 0.74 0.767 0.796 0.826
0.021 0.0219 0.0228 0.0236 0.0245 0.0253 0.026 0.0268 0.0273 0.0276 0.0278 0.0279 0.0279 0.0278 0.028 0.0282 0.0288 0.0296 0.0314 0.034 0.0375 0.0416 0.0468 0.0524 0.0586 0.0656 0.0735 0.083 0.0934 0.106 0.119 0.135 0.152 0.171 0.192 0.214 0.238 0.263 0.288 0.312 0.336 0.359 0.38 0.397 0.409 0.419 0.428 0.436 0.444 0.451 0.458 0.466 0.474 0.482 0.49 0.5 0.51 0.522 0.535 0.549 0.565 0.582 0.602 0.622 0.642 0.663 0.684 0.707 0.729 0.752 0.776
0.0221 0.0231 0.0241 0.025 0.0259 0.0267 0.0276 0.0284 0.0292 0.0298 0.0302 0.0305 0.0306 0.0307 0.0309 0.0311 0.0316 0.0323 0.0342 0.0373 0.0416 0.0464 0.0519 0.0579 0.0645 0.072 0.0804 0.0907 0.102 0.116 0.13 0.146 0.164 0.185 0.207 0.231 0.256 0.282 0.306 0.33 0.353 0.377 0.398 0.414 0.424 0.432 0.439 0.445 0.451 0.457 0.463 0.47 0.476 0.483 0.49 0.498 0.506 0.516 0.527 0.539 0.552 0.567 0.586 0.602 0.619 0.637 0.654 0.673 0.691 0.709 0.727
0.0233 0.0243 0.0254 0.0264 0.0274 0.0283 0.0293 0.0304 0.0314 0.0323 0.033 0.0336 0.0341 0.0344 0.0348 0.0351 0.0357 0.0362 0.038 0.0422 0.0474 0.053 0.0592 0.0659 0.0732 0.0815 0.0907 0.102 0.114 0.128 0.143 0.161 0.18 0.203 0.228 0.253 0.278 0.303 0.327 0.351 0.373 0.395 0.414 0.429 0.438 0.446 0.451 0.456 0.461 0.466 0.471 0.476 0.481 0.487 0.492 0.498 0.505 0.512 0.521 0.53 0.54 0.552 0.567 0.582 0.596 0.611 0.626 0.641 0.655 0.669 0.683
0.0244 0.0256 0.0267 0.0278 0.029 0.0301 0.0313 0.0326 0.0339 0.0351 0.0362 0.0372 0.0381 0.0388 0.0396 0.0403 0.0412 0.0422 0.0446 0.0492 0.0549 0.0611 0.0679 0.0753 0.0834 0.0926 0.103 0.115 0.128 0.142 0.158 0.177 0.199 0.225 0.251 0.277 0.302 0.327 0.35 0.372 0.393 0.413 0.429 0.443 0.452 0.459 0.463 0.467 0.471 0.475 0.479 0.483 0.487 0.491 0.495 0.5 0.504 0.51 0.516 0.522 0.53 0.54 0.55 0.562 0.574 0.587 0.599 0.611 0.621 0.632 0.643
0.0256 0.0268 0.0281 0.0294 0.0308 0.0322 0.0336 0.0352 0.0368 0.0384 0.0399 0.0414 0.0429 0.0442 0.0456 0.0469 0.0487 0.0507 0.0541 0.0588 0.0648 0.0716 0.0792 0.0875 0.0965 0.107 0.118 0.132 0.147 0.163 0.181 0.201 0.224 0.252 0.279 0.305 0.33 0.353 0.376 0.397 0.416 0.434 0.448 0.46 0.469 0.475 0.478 0.481 0.484 0.488 0.491 0.494 0.497 0.499 0.502 0.504 0.507 0.511 0.515 0.52 0.525 0.532 0.54 0.549 0.558 0.568 0.577 0.586 0.594 0.602 0.61
0.0268 0.0282 0.0297 0.0312 0.0329 0.0345 0.0363 0.0382 0.0402 0.0422 0.0442 0.0463 0.0484 0.0504 0.0526 0.0548 0.0575 0.0606 0.065 0.0703 0.0767 0.0841 0.0926 0.102 0.112 0.124 0.137 0.153 0.169 0.188 0.207 0.229 0.253 0.282 0.311 0.336 0.36 0.383 0.404 0.423 0.441 0.458 0.47 0.48 0.487 0.492 0.494 0.497 0.499 0.501 0.504 0.506 0.507 0.508 0.509 0.511 0.512 0.514 0.517 0.52 0.523 0.527 0.532 0.539 0.545 0.552 0.559 0.565 0.571 0.577 0.582
0.0282 0.0297 0.0315 0.0333 0.0353 0.0374 0.0395 0.0418 0.0442 0.0467 0.0493 0.0521 0.0549 0.0577 0.0608 0.064 0.0678 0.0721 0.0776 0.0838 0.0911 0.0994 0.109 0.12 0.132 0.145 0.16 0.178 0.196 0.217 0.238 0.262 0.288 0.317 0.345 0.37 0.394 0.415 0.435 0.453 0.469 0.484 0.494 0.502 0.507 0.51 0.512 0.514 0.516 0.517 0.518 0.519 0.519 0.519 0.519 0.519 0.519 0.52 0.521 0.523 0.524 0.526 0.529 0.533 0.537 0.542 0.546 0.55 0.553 0.557 0.56
0.0297 0.0315 0.0336 0.0358 0.0382 0.0406 0.0432 0.046 0.0489 0.052 0.0553 0.0588 0.0624 0.0661 0.0701 0.0745 0.0796 0.0852 0.0921 0.0996 0.108 0.118 0.129 0.141 0.155 0.171 0.188 0.207 0.228 0.25 0.274 0.3 0.327 0.356 0.384 0.408 0.43 0.451 0.469 0.486 0.5 0.512 0.519 0.525 0.527 0.529 0.531 0.532 0.533 0.533 0.533 0.533 0.532 0.531 0.53 0.529 0.529 0.528 0.528 0.527 0.527 0.527 0.528 0.53 0.532 0.534 0.535 0.537 0.539 0.54 0.541
0.0314 0.0336 0.036 0.0386 0.0414 0.0443 0.0474 0.0508 0.0543 0.058 0.062 0.0664 0.0708 0.0755 0.0807 0.0863 0.0929 0.0999 0.108 0.118 0.128 0.139 0.151 0.166 0.182 0.2 0.219 0.241 0.264 0.289 0.314 0.342 0.37 0.399 0.425 0.449 0.47 0.489 0.506 0.521 0.532 0.542 0.546 0.548 0.549 0.549 0.549 0.549 0.55 0.549 0.549 0.548 0.546 0.545 0.543 0.541 0.539 0.537 0.536 0.534 0.532 0.531 0.53 0.529 0.529 0.529 0.528 0.528 0.527 0.526 0.524
0.0333 0.0359 0.0387 0.0418 0.0451 0.0485 0.0522 0.0562 0.0605 0.0649 0.0698 0.075 0.0806 0.0864 0.0929 0.1 0.108 0.117 0.127 0.138 0.15 0.163 0.178 0.195 0.213 0.233 0.255 0.279 0.304 0.331 0.359 0.387 0.416 0.444 0.47 0.493 0.514 0.531 0.545 0.558 0.566 0.572 0.573 0.572 0.571 0.57 0.569 0.568 0.567 0.566 0.565 0.563 0.56 0.558 0.555 0.552 0.55 0.547 0.544 0.541 0.538 0.535 0.532 0.53 0.528 0.526 0.523 0.52 0.517 0.515 0.511
0.0355 0.0385 0.0417 0.0453 0.0491 0.0531 0.0575 0.0623 0.0673 0.0725 0.0782 0.0845 0.0912 0.0982 0.106 0.115 0.125 0.135 0.147 0.16 0.174 0.19 0.207 0.226 0.247 0.27 0.294 0.32 0.347 0.376 0.405 0.435 0.464 0.492 0.518 0.541 0.56 0.576 0.588 0.596 0.601 0.603 0.601 0.597 0.594 0.591 0.588 0.586 0.585 0.583 0.581 0.578 0.574 0.571 0.567 0.564 0.561 0.558 0.554 0.55 0.545 0.541 0.536 0.533 0.528 0.524 0.519 0.515 0.51 0.506 0.5
0.038 0.0414 0.0452 0.0493 0.0538 0.0586 0.0637 0.0693 0.0752 0.0814 0.0881 0.0955 0.104 0.112 0.122 0.132 0.144 0.156 0.17 0.185 0.201 0.219 0.239 0.26 0.284 0.309 0.335 0.363 0.392 0.422 0.453 0.483 0.513 0.541 0.567 0.591 0.61 0.624 0.632 0.636 0.636 0.634 0.629 0.623 0.619 0.614 0.61 0.607 0.604 0.601 0.598 0.594 0.59 0.586 0.582 0.578 0.573 0.569 0.565 0.559 0.554 0.548 0.543 0.538 0.531 0.525 0.518 0.512 0.506 0.5 0.493
0.0407 0.0446 0.0489 0.0537 0.0589 0.0644 0.0703 0.0768 0.0836 0.0907 0.0986 0.107 0.117 0.126 0.138 0.15 0.163 0.177 0.193 0.21 0.229 0.249 0.271 0.295 0.322 0.349 0.377 0.406 0.437 0.468 0.501 0.532 0.563 0.591 0.618 0.643 0.663 0.675 0.677 0.676 0.671 0.665 0.657 0.65 0.644 0.638 0.633 0.628 0.623 0.619 0.615 0.611 0.606 0.602 0.597 0.592 0.586 0.581 0.576 0.57 0.564 0.557 0.55 0.543 0.536 0.528 0.519 0.511 0.503 0.495 0.487
0.044 0.0484 0.0534 0.0588 0.0648 0.0713 0.0781 0.0857 0.0935 0.102 0.111 0.121 0.131 0.143 0.156 0.17 0.185 0.201 0.219 0.238 0.258 0.28 0.305 0.331 0.359 0.388 0.418 0.448 0.48 0.513 0.546 0.577 0.608 0.637 0.665 0.692 0.716 0.724 0.72 0.714 0.705 0.696 0.687 0.677 0.67 0.663 0.657 0.651 0.645 0.64 0.635 0.63 0.624 0.619 0.613 0.607 0.601 0.595 0.589 0.582 0.575 0.567 0.559 0.55 0.541 0.531 0.521 0.511 0.502 0.493 0.484
0.0475 0.0526 0.0581 0.0644 0.0711 0.0785 0.0864 0.095 0.104 0.113 0.123 0.135 0.147 0.16 0.174 0.189 0.206 0.224 0.244 0.265 0.287 0.311 0.338 0.365 0.395 0.425 0.456 0.488 0.521 0.554 0.588 0.619 0.651 0.68 0.708 0.734 0.757 0.764 0.757 0.749 0.738 0.726 0.716 0.706 0.698 0.689 0.682 0.674 0.668 0.662 0.656 0.65 0.643 0.637 0.63 0.623 0.616 0.61 0.603 0.595 0.587 0.578 0.568 0.558 0.547 0.536 0.524 0.513 0.502 0.492 0.482
0.0515 0.0573 0.0636 0.0707 0.0783 0.0866 0.0955 0.105 0.115 0.126 0.137 0.15 0.163 0.177 0.193 0.21 0.229 0.248 0.269 0.291 0.315 0.34 0.367 0.396 0.426 0.456 0.489 0.521 0.555 0.589 0.624 0.656 0.687 0.716 0.743 0.766 0.784 0.791 0.788 0.779 0.769 0.757 0.746 0.736 0.726 0.717 0.709 0.701 0.693 0.686 0.678 0.671 0.664 0.657 0.649 0.641 0.633 0.626 0.618 0.609 0.599 0.589 0.578 0.566 0.553 0.541 0.527 0.515 0.502 0.491 0.48
0.0559 0.0624 0.0695 0.0774 0.0859 0.0952 0.105 0.116 0.127 0.139 0.152 0.165 0.18 0.195 0.213 0.231 0.25 0.271 0.293 0.316 0.34 0.366 0.394 0.423 0.453 0.484 0.517 0.55 0.584 0.62 0.656 0.687 0.718 0.746 0.772 0.793 0.808 0.816 0.814 0.807 0.798 0.788 0.777 0.766 0.756 0.746 0.737 0.728 0.719 0.711 0.702 0.694 0.686 0.678 0.669 0.66 0.651 0.643 0.634 0.624 0.613 0.601 0.588 0.574 0.56 0.546 0.531 0.517 0.502 0.489 0.477
0.0607 0.068 0.0759 0.0847 0.0941 0.104 0.115 0.127 0.14 0.153 0.167 0.182 0.198 0.214 0.232 0.251 0.271 0.292 0.314 0.338 0.363 0.389 0.417 0.446 0.475 0.506 0.54 0.573 0.608 0.643 0.679 0.711 0.742 0.771 0.796 0.816 0.83 0.837 0.837 0.832 0.825 0.817 0.808 0.797 0.787 0.777 0.767 0.757 0.747 0.738 0.728 0.719 0.71 0.701 0.691 0.681 0.671 0.661 0.65 0.639 0.626 0.613 0.598 0.582 0.566 0.549 0.533 0.517 0.501 0.486 0.472
0.0657 0.0738 0.0826 0.0923 0.103 0.114 0.126 0.139 0.153 0.168 0.183 0.199 0.215 0.233 0.251 0.27 0.29 0.311 0.333 0.357 0.382 0.408 0.435 0.464 0.493 0.524 0.557 0.591 0.626 0.661 0.697 0.73 0.762 0.791 0.816 0.835 0.849 0.857 0.859 0.855 0.851 0.845 0.837 0.828 0.818 0.808 0.797 0.786 0.776 0.765 0.755 0.745 0.735 0.724 0.713 0.702 0.69 0.678 0.666 0.653 0.639 0.623 0.607 0.589 0.57 0.552 0.534 0.516 0.498 0.482 0.467
0.0709 0.0798 0.0895 0.1 0.111 0.124 0.137 0.152 0.167 0.183 0.199 0.216 0.233 0.251 0.269 0.288 0.307 0.327 0.35 0.373 0.397 0.422 0.448 0.476 0.505 0.536 0.569 0.602 0.638 0.673 0.71 0.743 0.776 0.806 0.833 0.852 0.867 0.875 0.879 0.878 0.876 0.871 0.866 0.858 0.849 0.838 0.828 0.817 0.806 0.794 0.783 0.772 0.761 0.748 0.736 0.722 0.709 0.695 0.681 0.666 0.65 0.633 0.614 0.594 0.574 0.554 0.534 0.514 0.494 0.476 0.46
0.0762 0.0859 0.0965 0.108 0.12 0.134 0.149 0.164 0.181 0.198 0.215 0.233 0.251 0.269 0.287 0.305 0.323 0.342 0.363 0.385 0.407 0.431 0.457 0.484 0.512 0.542 0.575 0.608 0.645 0.68 0.718 0.752 0.787 0.819 0.846 0.867 0.882 0.893 0.898 0.9 0.9 0.897 0.893 0.886 0.878 0.868 0.858 0.847 0.836 0.824 0.811 0.799 0.786 0.772 0.757 0.742 0.726 0.71 0.694 0.677 0.659 0.64 0.62 0.598 0.577 0.555 0.533 0.512 0.49 0.471 0.453
