maui/input/month_year_rainfall/maui_prcp_10_2002.asc
ncols        361
nrows        320
xllcorner    -156.738000000000
yllcorner    20.343000000000
cellsize     0.002250000000
NODATA_value -3.4028234663852885981e+38
[rows 128 to 159 of 320, columns 288 to 359 of 361]
16.9 16.9 16.8 16.8 16.7 16.7 16.6 16.5 16.3 16.1 15.9 15.7 15.5 15.2 14.9 14.6 14.3 14 13.7 13.4 13.1 12.7 12.4 12 11.7 11.3 10.9 10.5 10.1 9.75 9.37 9.05 8.74 8.45 8.16 7.92 7.69 7.53 7.4 7.3 7.22 7.14 7.07 7 6.94 6.87 6.77 6.66 -3.4e+38 -3.4e+38 -3.4e+38 -3.4e+38 -3.4e+38 -3.4e+38 -3.4e+38 -3.4e+38 -3.4e+38 -3.4e+38 -3.4e+38 -3.4e+38 -3.4e+38 -3.4e+38 -3.4e+38 -3.4e+38 -3.4e+38 -3.4e+38 -3.4e+38 -3.4e+38 -3.4e+38 -3.4e+38 -3.4e+38 -3.4e+38
17.2 17.1 17.1 17 17 16.9 16.8 16.7 16.5 16.4 16.2 15.9 15.7 15.4 15.1 14.9 14.6 14.3 14 13.7 13.3 13 12.6 12.2 11.9 11.5 11.2 10.8 10.4 10 9.61 9.27 8.94 8.63 8.32 8.06 7.81 7.63 7.47 7.37 7.28 7.19 7.11 7.05 6.98 6.9 6.82 6.71 -3.4e+38 -3.4e+38 -3.4e+38 -3.4e+38 -3.4e+38 -3.4e+38 -3.4e+38 -3.4e+38 -3.4e+38 -3.4e+38 -3.4e+38 -3.4e+38 -3.4e+38 -3.4e+38 -3.4e+38 -3.4e+38 -3.4e+38 -3.4e+38 -3.4e+38 -3.4e+38 -3.4e+38 -3.4e+38 -3.4e+38 -3.4e+38
17.4 17.4 17.3 17.3 17.3 17.2 17.1 17 16.8 16.6 16.4 16.2 15.9 15.6 15.4 15.1 14.8 14.5 14.2 13.9 13.6 13.3 12.9 12.5 12.1 11.8 11.4 11 10.6 10.2 9.82 9.46 9.11 8.79 8.47 8.19 7.92 7.72 7.55 7.44 7.34 7.25 7.17 7.09 7.03 6.95 6.86 6.76 -3.4e+38 -3.4e+38 -3.4e+38 -3.4e+38 -3.4e+38 -3.4e+38 -3.4e+38 -3.4e+38 -3.4e+38 -3.4e+38 -3.4e+38 -3.4e+38 -3.4e+38 -3.4e+38 -3.4e+38 -3.4e+38 -3.4e+38 -3.4e+38 -3.4e+38 -3.4e+38 -3.4e+38 -3.4e+38 -3.4e+38 -3.4e+38
17.7 17.6 17.6 17.6 17.5 17.4 17.4 17.2 17.1 16.9 16.7 16.4 16.2 15.9 15.6 15.3 15 14.8 14.5 14.2 13.9 13.5 13.2 12.7 12.4 12 11.6 11.2 10.8 10.4 10 9.63 9.28 8.95 8.62 8.32 8.03 7.82 7.64 7.52 7.41 7.31 7.23 7.14 7.08 7 6.92 6.82 6.69 6.56 -3.4e+38 -3.4e+38 -3.4e+38 -3.4e+38 -3.4e+38 -3.4e+38 -3.4e+38 -3.4e+38 -3.4e+38 -3.4e+38 -3.4e+38 -3.4e+38 -3.4e+38 -3.4e+38 -3.4e+38 -3.4e+38 -3.4e+38 -3.4e+38 -3.4e+38 -3.4e+38 -3.4e+38 -3.4e+38
17.9 17.9 17.9 17.8 17.8 17.7 17.6 17.5 17.4 17.2 17 16.7 16.5 16.2 15.8 15.5 15.2 15 14.7 14.4 14.1 13.8 13.4 13 12.6 12.2 11.8 11.4 11 10.6 10.2 9.79 9.41 9.08 8.75 8.44 8.14 7.91 7.72 7.59 7.48 7.38 7.3 7.2 7.13 7.05 6.97 6.87 6.75 6.61 -3.4e+38 -3.4e+38 -3.4e+38 -3.4e+38 -3.4e+38 -3.4e+38 -3.4e+38 -3.4e+38 -3.4e+38 -3.4e+38 -3.4e+38 -3.4e+38 -3.4e+38 -3.4e+38 -3.4e+38 -3.4e+38 -3.4e+38 -3.4e+38 -3.4e+38 -3.4e+38 -3.4e+38 -3.4e+38
18.2 18.2 18.2 18.1 18.1 18 17.9 17.8 17.7 17.5 17.3 17.1 16.8 16.5 16.1 15.8 15.5 15.2 15 14.7 14.4 14.1 13.7 13.3 12.9 12.4 12 11.5 11.1 10.7 10.3 9.93 9.54 9.21 8.87 8.55 8.24 8.01 7.81 7.67 7.55 7.46 7.36 7.27 7.19 7.1 7.02 6.92 6.8 6.67 -3.4e+38 -3.4e+38 -3.4e+38 -3.4e+38 -3.4e+38 -3.4e+38 -3.4e+38 -3.4e+38 -3.4e+38 -3.4e+38 -3.4e+38 -3.4e+38 -3.4e+38 -3.4e+38 -3.4e+38 -3.4e+38 -3.4e+38 -3.4e+38 -3.4e+38 -3.4e+38 -3.4e+38 -3.4e+38
18.5 18.5 18.5 18.4 18.4 18.3 18.2 18.1 18 17.8 17.6 17.4 17.1 16.8 16.5 16.1 15.8 15.5 15.3 15 14.7 14.3 13.9 13.5 13.1 12.6 12.2 11.7 11.3 10.8 10.4 10 9.65 9.31 8.96 8.65 8.34 8.1 7.89 7.74 7.62 7.52 7.43 7.34 7.26 7.16 7.08 -3.4e+38 -3.4e+38 -3.4e+38 -3.4e+38 -3.4e+38 -3.4e+38 -3.4e+38 -3.4e+38 -3.4e+38 -3.4e+38 -3.4e+38 -3.4e+38 -3.4e+38 -3.4e+38 -3.4e+38 -3.4e+38 -3.4e+38 -3.4e+38 -3.4e+38 -3.4e+38 -3.4e+38 -3.4e+38 -3.4e+38 -3.4e+38 -3.4e+38
18.8 18.8 18.8 18.8 18.7 18.6 18.5 18.4 18.3 18.1 17.9 17.7 17.4 17.1 16.8 16.5 16.2 15.9 15.6 15.2 14.9 14.6 14.2 13.8 13.3 12.8 12.4 11.9 11.4 10.9 10.5 10.1 9.76 9.41 9.05 8.74 8.43 8.19 7.98 7.82 7.69 7.59 7.5 7.41 7.33 7.23 7.14 7.04 6.92 6.78 -3.4e+38 -3.4e+38 -3.4e+38 -3.4e+38 -3.4e+38 -3.4e+38 -3.4e+38 -3.4e+38 -3.4e+38 -3.4e+38 -3.4e+38 -3.4e+38 -3.4e+38 -3.4e+38 -3.4e+38 -3.4e+38 -3.4e+38 -3.4e+38 -3.4e+38 -3.4e+38 -3.4e+38 -3.4e+38
19.1 19.2 19.1 19.1 19 18.9 18.8 18.7 18.6 18.4 18.2 18 17.7 17.5 17.2 16.9 16.6 16.2 15.9 15.6 15.2 14.8 14.4 14 13.5 13 12.5 12 11.5 11 10.6 10.2 9.83 9.49 9.14 8.83 8.51 8.27 8.05 7.89 7.76 7.65 7.56 7.47 7.39 7.29 7.2 7.09 6.97 6.83 -3.4e+38 -3.4e+38 -3.4e+38 -3.4e+38 -3.4e+38 -3.4e+38 -3.4e+38 -3.4e+38 -3.4e+38 -3.4e+38 -3.4e+38 -3.4e+38 -3.4e+38 -3.4e+38 -3.4e+38 -3.4e+38 -3.4e+38 -3.4e+38 -3.4e+38 -3.4e+38 -3.4e+38 -3.4e+38
19.5 19.5 19.5 19.4 19.4 19.3 19.2 19 18.9 18.7 18.5 18.3 18.1 17.8 17.5 17.2 16.9 16.6 16.2 15.9 15.5 15.1 14.7 14.2 13.7 13.2 12.7 12.1 11.6 11.1 10.7 10.3 9.89 9.56 9.22 8.9 8.59 8.35 8.12 7.95 7.82 7.71 7.62 7.53 7.45 7.35 7.26 7.14 7.02 6.88 -3.4e+38 -3.4e+38 -3.4e+38 -3.4e+38 -3.4e+38 -3.4e+38 -3.4e+38 -3.4e+38 -3.4e+38 -3.4e+38 -3.4e+38 -3.4e+38 -3.4e+38 -3.4e+38 -3.4e+38 -3.4e+38 -3.4e+38 -3.4e+38 -3.4e+38 -3.4e+38 -3.4e+38 -3.4e+38
19.7 19.8 19.8 19.7 19.7 19.6 19.5 19.3 19.2 19 18.8 18.6 18.4 18.1 17.9 17.6 17.2 16.9 16.6 16.2 15.8 15.3 14.9 14.4 13.9 13.4 12.8 12.3 11.7 11.2 10.7 10.3 9.95 9.62 9.27 8.97 8.66 8.41 8.19 8.01 7.87 7.76 7.67 7.58 7.5 7.41 7.31 7.18 7.05 6.91 -3.4e+38 -3.4e+38 -3.4e+38 -3.4e+38 -3.4e+38 -3.4e+38 -3.4e+38 -3.4e+38 -3.4e+38 -3.4e+38 -3.4e+38 -3.4e+38 -3.4e+38 -3.4e+38 -3.4e+38 -3.4e+38 -3.4e+38 -3.4e+38 -3.4e+38 -3.4e+38 -3.4e+38 -3.4e+38
20 20.1 20.1 20 20 19.9 19.8 19.6 19.5 19.3 19.2 18.9 18.7 18.4 18.2 17.9 17.6 17.2 16.9 16.5 16.1 15.6 15.1 14.6 14.1 13.5 13 12.4 11.8 11.3 10.8 10.4 10 9.66 9.32 9.02 8.72 8.47 8.24 8.06 7.91 7.8 7.7 7.62 7.54 7.45 7.34 7.21 7.08 -3.4e+38 -3.4e+38 -3.4e+38 -3.4e+38 -3.4e+38 -3.4e+38 -3.4e+38 -3.4e+38 -3.4e+38 -3.4e+38 -3.4e+38 -3.4e+38 -3.4e+38 -3.4e+38 -3.4e+38 -3.4e+38 -3.4e+38 -3.4e+38 -3.4e+38 -3.4e+38 -3.4e+38 -3.4e+38 -3.4e+38
20.3 20.4 20.4 20.3 20.2 20.1 20 19.9 19.7 19.6 19.4 19.2 19 18.7 18.5 18.2 17.9 17.5 17.2 16.8 16.3 15.9 15.4 14.8 14.2 13.7 13.1 12.5 11.9 11.4 10.9 10.5 10 9.69 9.36 9.06 8.77 8.52 8.28 8.09 7.94 7.82 7.73 7.63 7.55 7.44 7.34 7.22 7.09 -3.4e+38 -3.4e+38 -3.4e+38 -3.4e+38 -3.4e+38 -3.4e+38 -3.4e+38 -3.4e+38 -3.4e+38 -3.4e+38 -3.4e+38 -3.4e+38 -3.4e+38 -3.4e+38 -3.4e+38 -3.4e+38 -3.4e+38 -3.4e+38 -3.4e+38 -3.4e+38 -3.4e+38 -3.4e+38 -3.4e+38
20.6 20.7 20.7 20.6 20.5 20.4 20.3 20.1 20 19.8 19.7 19.5 19.2 19 18.7 18.4 18.1 17.8 17.4 17 16.6 16.1 15.6 15 14.4 13.8 13.2 12.6 12 11.5 10.9 10.5 10 9.71 9.38 9.09 8.8 8.54 8.3 8.12 7.96 7.84 7.74 7.64 7.54 7.43 7.33 7.21 -3.4e+38 -3.4e+38 -3.4e+38 -3.4e+38 -3.4e+38 -3.4e+38 -3.4e+38 -3.4e+38 -3.4e+38 -3.4e+38 -3.4e+38 -3.4e+38 -3.4e+38 -3.4e+38 -3.4e+38 -3.4e+38 -3.4e+38 -3.4e+38 -3.4e+38 -3.4e+38 -3.4e+38 -3.4e+38 -3.4e+38 -3.4e+38
21 21 21 20.9 20.8 20.7 20.5 20.4 20.2 20 19.8 19.7 19.5 19.2 19 18.7 18.4 18 17.7 17.2 16.8 16.3 15.7 15.2 14.5 13.9 13.3 12.7 12.1 11.5 11 10.5 10 9.71 9.38 9.09 8.8 8.55 8.32 8.13 7.98 7.85 7.74 7.63 7.53 7.42 7.32 7.21 7.07 -3.4e+38 -3.4e+38 -3.4e+38 -3.4e+38 -3.4e+38 -3.4e+38 -3.4e+38 -3.4e+38 -3.4e+38 -3.4e+38 -3.4e+38 -3.4e+38 -3.4e+38 -3.4e+38 -3.4e+38 -3.4e+38 -3.4e+38 -3.4e+38 -3.4e+38 -3.4e+38 -3.4e+38 -3.4e+38 -3.4e+38
21.4 21.4 21.4 21.3 21.2 21 20.8 20.6 20.4 20.2 20 19.8 19.6 19.4 19.2 18.9 18.6 18.2 17.8 17.4 16.9 16.4 15.9 15.3 14.6 14 13.3 12.7 12.1 11.6 11 10.5 10 9.68 9.35 9.07 8.78 8.54 8.31 8.13 7.98 7.84 7.72 7.61 7.51 7.39 7.3 7.19 7.06 -3.4e+38 -3.4e+38 -3.4e+38 -3.4e+38 -3.4e+38 -3.4e+38 -3.4e+38 -3.4e+38 -3.4e+38 -3.4e+38 -3.4e+38 -3.4e+38 -3.4e+38 -3.4e+38 -3.4e+38 -3.4e+38 -3.4e+38 -3.4e+38 -3.4e+38 -3.4e+38 -3.4e+38 -3.4e+38 -3.4e+38
21.8 21.8 21.7 21.6 21.5 21.3 21.1 20.8 20.6 20.4 20.2 20 19.8 19.6 19.3 19.1 18.8 18.4 18 17.5 17.1 16.5 16 15.4 14.7 14 13.4 12.7 12.1 11.5 11 10.5 9.97 9.64 9.31 9.02 8.74 8.51 8.29 8.12 7.97 7.83 7.71 7.59 7.48 7.36 7.27 7.16 7.04 -3.4e+38 -3.4e+38 -3.4e+38 -3.4e+38 -3.4e+38 -3.4e+38 -3.4e+38 -3.4e+38 -3.4e+38 -3.4e+38 -3.4e+38 -3.4e+38 -3.4e+38 -3.4e+38 -3.4e+38 -3.4e+38 -3.4e+38 -3.4e+38 -3.4e+38 -3.4e+38 -3.4e+38 -3.4e+38 -3.4e+38
22.2 22.2 22.1 21.9 21.7 21.5 21.3 21 20.8 20.5 20.3 20.1 19.9 19.7 19.5 19.2 18.9 18.5 18.1 17.6 17.1 16.6 16 15.4 14.7 14 13.3 12.7 12 11.5 10.9 10.4 9.9 9.56 9.24 8.96 8.69 8.46 8.26 8.09 7.94 7.8 7.68 7.55 7.44 7.33 7.24 7.13 -3.4e+38 -3.4e+38 -3.4e+38 -3.4e+38 -3.4e+38 -3.4e+38 -3.4e+38 -3.4e+38 -3.4e+38 -3.4e+38 -3.4e+38 -3.4e+38 -3.4e+38 -3.4e+38 -3.4e+38 -3.4e+38 -3.4e+38 -3.4e+38 -3.4e+38 -3.4e+38 -3.4e+38 -3.4e+38 -3.4e+38 -3.4e+38
22.8 22.7 22.5 22.3 22 21.7 21.5 21.2 20.9 20.7 20.4 20.2 20 19.8 19.5 19.3 19 18.6 18.1 17.6 17.1 16.6 16 15.3 14.6 13.9 13.2 12.6 12 11.4 10.8 10.3 9.81 9.48 9.15 8.89 8.62 8.41 8.22 8.06 7.91 7.77 7.65 7.52 7.41 7.29 7.2 7.1 -3.4e+38 -3.4e+38 -3.4e+38 -3.4e+38 -3.4e+38 -3.4e+38 -3.4e+38 -3.4e+38 -3.4e+38 -3.4e+38 -3.4e+38 -3.4e+38 -3.4e+38 -3.4e+38 -3.4e+38 -3.4e+38 -3.4e+38 -3.4e+38 -3.4e+38 -3.4e+38 -3.4e+38 -3.4e+38 -3.4e+38 -3.4e+38
23.4 23.1 22.8 22.5 22.2 21.9 21.6 21.3 21 20.7 20.5 20.3 20 19.8 19.6 19.3 19 18.5 18.1 17.6 17 16.5 15.9 15.2 14.5 13.8 13.1 12.4 11.8 11.2 10.7 10.2 9.7 9.37 9.05 8.8 8.55 8.35 8.16 8.01 7.86 7.73 7.6 7.48 7.37 7.25 7.16 -3.4e+38 -3.4e+38 -3.4e+38 -3.4e+38 -3.4e+38 -3.4e+38 -3.4e+38 -3.4e+38 -3.4e+38 -3.4e+38 -3.4e+38 -3.4e+38 -3.4e+38 -3.4e+38 -3.4e+38 -3.4e+38 -3.4e+38 -3.4e+38 -3.4e+38 -3.4e+38 -3.4e+38 -3.4e+38 -3.4e+38 -3.4e+38 -3.4e+38
24 23.5 23.1 22.7 22.4 22.1 21.7 21.4 21.1 20.8 20.6 20.3 20.1 19.9 19.6 19.3 18.9 18.5 18 17.5 16.9 16.3 15.7 15.1 14.3 13.6 12.9 12.3 11.6 11.1 10.5 10 9.58 9.26 8.95 8.71 8.47 8.28 8.1 7.95 7.81 7.68 7.56 7.43 7.32 7.2 7.12 7.03 -3.4e+38 -3.4e+38 -3.4e+38 -3.4e+38 -3.4e+38 -3.4e+38 -3.4e+38 -3.4e+38 -3.4e+38 -3.4e+38 -3.4e+38 -3.4e+38 -3.4e+38 -3.4e+38 -3.4e+38 -3.4e+38 -3.4e+38 -3.4e+38 -3.4e+38 -3.4e+38 -3.4e+38 -3.4e+38 -3.4e+38 -3.4e+38
24.4 23.8 23.3 22.9 22.5 22.1 21.8 21.4 21.1 20.8 20.6 20.3 20.1 19.8 19.5 19.2 18.8 18.3 17.8 17.3 16.7 16.1 15.5 14.8 14.1 13.4 12.7 12 11.4 10.9 10.3 9.87 9.44 9.13 8.83 8.6 8.38 8.2 8.03 7.89 7.76 7.63 7.51 7.39 7.28 7.16 7.08 6.98 6.88 -3.4e+38 -3.4e+38 -3.4e+38 -3.4e+38 -3.4e+38 -3.4e+38 -3.4e+38 -3.4e+38 -3.4e+38 -3.4e+38 -3.4e+38 -3.4e+38 -3.4e+38 -3.4e+38 -3.4e+38 -3.4e+38 -3.4e+38 -3.4e+38 -3.4e+38 -3.4e+38 -3.4e+38 -3.4e+38 -3.4e+38
24.3 23.8 23.3 22.9 22.5 22.1 21.8 21.4 21.1 20.8 20.6 20.3 20.1 19.8 19.5 19.1 18.7 18.2 17.7 17.1 16.5 15.9 15.2 14.5 13.8 13.1 12.4 11.8 11.2 10.6 10.1 9.68 9.29 9 8.71 8.49 8.28 8.11 7.96 7.82 7.7 7.58 7.46 7.34 7.24 7.12 7.04 6.94 -3.4e+38 -3.4e+38 -3.4e+38 -3.4e+38 -3.4e+38 -3.4e+38 -3.4e+38 -3.4e+38 -3.4e+38 -3.4e+38 -3.4e+38 -3.4e+38 -3.4e+38 -3.4e+38 -3.4e+38 -3.4e+38 -3.4e+38 -3.4e+38 -3.4e+38 -3.4e+38 -3.4e+38 -3.4e+38 -3.4e+38 -3.4e+38
23.9 23.5 23.2 22.8 22.4 22.1 21.7 21.4 21.1 20.8 20.5 20.3 20 19.7 19.4 18.9 18.5 18 17.4 16.9 16.3 15.6 14.9 14.2 13.4 12.7 12.1 11.5 10.9 10.4 9.88 9.49 9.12 8.85 8.59 8.38 8.18 8.02 7.88 7.76 7.64 7.52 7.41 7.29 7.19 7.09 7.01 6.91 -3.4e+38 -3.4e+38 -3.4e+38 -3.4e+38 -3.4e+38 -3.4e+38 -3.4e+38 -3.4e+38 -3.4e+38 -3.4e+38 -3.4e+38 -3.4e+38 -3.4e+38 -3.4e+38 -3.4e+38 -3.4e+38 -3.4e+38 -3.4e+38 -3.4e+38 -3.4e+38 -3.4e+38 -3.4e+38 -3.4e+38 -3.4e+38
23.4 23.2 22.9 22.7 22.3 22 21.6 21.3 21 20.7 20.5 20.2 19.9 19.6 19.2 18.8 18.3 17.7 17.2 16.6 16 15.3 14.5 13.8 13.1 12.4 11.8 11.2 10.6 10.1 9.65 9.28 8.96 8.7 8.46 8.26 8.08 7.94 7.81 7.69 7.58 7.47 7.36 7.25 7.16 7.06 6.98 6.89 -3.4e+38 -3.4e+38 -3.4e+38 -3.4e+38 -3.4e+38 -3.4e+38 -3.4e+38 -3.4e+38 -3.4e+38 -3.4e+38 -3.4e+38 -3.4e+38 -3.4e+38 -3.4e+38 -3.4e+38 -3.4e+38 -3.4e+38 -3.4e+38 -3.4e+38 -3.4e+38 -3.4e+38 -3.4e+38 -3.4e+38 -3.4e+38
22.9 22.8 22.7 22.4 22.2 21.9 21.5 21.2 20.9 20.6 20.4 20.1 19.8 19.5 19 18.5 18 17.5 16.9 16.3 15.6 14.9 14.1 13.3 12.7 12 11.5 10.9 10.3 9.84 9.4 9.08 8.79 8.55 8.33 8.15 7.99 7.86 7.74 7.63 7.52 7.41 7.31 7.2 7.13 7.05 6.97 6.88 -3.4e+38 -3.4e+38 -3.4e+38 -3.4e+38 -3.4e+38 -3.4e+38 -3.4e+38 -3.4e+38 -3.4e+38 -3.4e+38 -3.4e+38 -3.4e+38 -3.4e+38 -3.4e+38 -3.4e+38 -3.4e+38 -3.4e+38 -3.4e+38 -3.4e+38 -3.4e+38 -3.4e+38 -3.4e+38 -3.4e+38 -3.4e+38
22.5 22.5 22.4 22.2 22 21.7 21.4 21.1 20.8 20.5 20.3 20 19.7 19.3 18.8 18.3 17.7 17.2 16.6 15.9 15.2 14.5 13.7 12.9 12.3 11.7 11.1 10.6 10 9.57 9.16 8.87 8.62 8.41 8.21 8.05 7.9 7.78 7.67 7.57 7.47 7.36 7.27 7.18 7.11 7.04 -3.4e+38 -3.4e+38 -3.4e+38 -3.4e+38 -3.4e+38 -3.4e+38 -3.4e+38 -3.4e+38 -3.4e+38 -3.4e+38 -3.4e+38 -3.4e+38 -3.4e+38 -3.4e+38 -3.4e+38 -3.4e+38 -3.4e+38 -3.4e+38 -3.4e+38 -3.4e+38 -3.4e+38 -3.4e+38 -3.4e+38 -3.4e+38 -3.4e+38 -3.4e+38
22.1 22.2 22.1 22 21.7 21.5 21.2 20.9 20.6 20.4 20.1 19.8 19.5 19 18.5 18 17.4 16.8 16.2 15.6 14.8 14 13.2 12.5 11.9 11.3 10.8 10.2 9.7 9.28 8.93 8.67 8.45 8.27 8.1 7.95 7.82 7.7 7.6 7.5 7.41 7.31 7.24 7.16 7.1 7.04 -3.4e+38 -3.4e+38 -3.4e+38 -3.4e+38 -3.4e+38 -3.4e+38 -3.4e+38 -3.4e+38 -3.4e+38 -3.4e+38 -3.4e+38 -3.4e+38 -3.4e+38 -3.4e+38 -3.4e+38 -3.4e+38 -3.4e+38 -3.4e+38 -3.4e+38 -3.4e+38 -3.4e+38 -3.4e+38 -3.4e+38 -3.4e+38 -3.4e+38 -3.4e+38
21.8 21.9 21.8 21.7 21.5 21.3 21 20.8 20.5 20.2 20 19.6 19.2 18.7 18.2 17.7 17.1 16.5 15.8 15.1 14.3 13.5 12.8 12.1 11.5 11 10.4 9.89 9.41 9.03 8.72 8.5 8.31 8.14 7.99 7.86 7.73 7.63 7.53 7.45 7.37 7.28 7.22 7.15 7.1 7.03 -3.4e+38 -3.4e+38 -3.4e+38 -3.4e+38 -3.4e+38 -3.4e+38 -3.4e+38 -3.4e+38 -3.4e+38 -3.4e+38 -3.4e+38 -3.4e+38 -3.4e+38 -3.4e+38 -3.4e+38 -3.4e+38 -3.4e+38 -3.4e+38 -3.4e+38 -3.4e+38 -3.4e+38 -3.4e+38 -3.4e+38 -3.4e+38 -3.4e+38 -3.4e+38
21.6 21.6 21.6 21.5 21.3 21.1 20.9 20.6 20.4 20.1 19.8 19.3 18.9 18.4 17.9 17.3 16.7 16.1 15.4 14.6 13.8 13 12.4 11.7 11.2 10.6 10.1 9.56 9.12 8.79 8.53 8.33 8.17 8.02 7.88 7.76 7.65 7.55 7.47 7.39 7.32 7.26 7.21 7.15 7.09 7.03 -3.4e+38 -3.4e+38 -3.4e+38 -3.4e+38 -3.4e+38 -3.4e+38 -3.4e+38 -3.4e+38 -3.4e+38 -3.4e+38 -3.4e+38 -3.4e+38 -3.4e+38 -3.4e+38 -3.4e+38 -3.4e+38 -3.4e+38 -3.4e+38 -3.4e+38 -3.4e+38 -3.4e+38 -3.4e+38 -3.4e+38 -3.4e+38 -3.4e+38 -3.4e+38
21.3 21.4 21.4 21.3 21.1 20.9 20.6 20.4 20.1 19.7 19.4 19 18.5 18 17.5 16.9 16.3 15.6 14.9 14.1 13.4 12.6 12 11.3 10.8 10.2 9.72 9.25 8.86 8.58 8.36 8.18 8.03 7.9 7.78 7.67 7.57 7.49 7.41 7.35 7.3 7.25 7.2 7.14 7.09 7.02 -3.4e+38 -3.4e+38 -3.4e+38 -3.4e+38 -3.4e+38 -3.4e+38 -3.4e+38 -3.4e+38 -3.4e+38 -3.4e+38 -3.4e+38 -3.4e+38 -3.4e+38 -3.4e+38 -3.4e+38 -3.4e+38 -3.4e+38 -3.4e+38 -3.4e+38 -3.4e+38 -3.4e+38 -3.4e+38 -3.4e+38 -3.4e+38 -3.4e+38 -3.4e+38
21.1 21.2 21.2 21.1 20.9 20.7 20.4 20.1 19.8 19.4 19 18.6 18.1 17.6 17 16.4 15.8 15.2 14.4 13.6 12.9 12.1 11.5 11 10.4 9.88 9.38 8.95 8.61 8.37 8.19 8.04 7.9 7.78 7.67 7.58 7.5 7.42 7.36 7.32 7.28 7.24 7.19 7.14 -3.4e+38 -3.4e+38 -3.4e+38 -3.4e+38 -3.4e+38 -3.4e+38 -3.4e+38 -3.4e+38 -3.4e+38 -3.4e+38 -3.4e+38 -3.4e+38 -3.4e+38 -3.4e+38 -3.4e+38 -3.4e+38 -3.4e+38 -3.4e+38 -3.4e+38 -3.4e+38 -3.4e+38 -3.4e+38 -3.4e+38 -3.4e+38 -3.4e+38 -3.4e+38 -3.4e+38 -3.4e+38
