maui/input/month_year_rainfall/maui_prcp_05_2002.asc
ncols        361
nrows        320
xllcorner    -156.738000000000
yllcorner    20.343000000000
cellsize     0.002250000000
NODATA_value -3.4028234663852885981e+38
[rows 128 to 159 of 320, columns 288 to 359 of 361]
26.8 26.7 26.5 26.2 26 25.7 25.4 25.1 24.9 24.5 24.2 23.9 23.5 23.1 22.6 22 21.4 20.7 20 19.2 18.5 17.7 16.8 16 15.2 14.3 13.5 12.7 11.8 11.1 10.3 9.64 9.02 8.47 7.95 7.5 7.09 6.77 6.48 6.24 6.03 5.85 5.7 5.57 5.48 5.41 5.35 5.3 -3.4e+38 -3.4e+38 -3.4e+38 -3.4e+38 -3.4e+38 -3.4e+38 -3.4e+38 -3.4e+38 -3.4e+38 -3.4e+38 -3.4e+38 -3.4e+38 -3.4e+38 -3.4e+38 -3.4e+38 -3.4e+38 -3.4e+38 -3.4e+38 -3.4e+38 -3.4e+38 -3.4e+38 -3.4e+38 -3.4e+38 -3.4e+38
27.5 27.4 27.2 27 26.8 26.5 26.2 25.9 25.5 25.2 24.9 24.6 24.2 23.9 23.4 22.9 22.3 21.6 20.8 20.1 19.2 18.4 17.5 16.6 15.8 14.9 14.1 13.3 12.4 11.6 10.8 10.1 9.39 8.81 8.26 7.78 7.33 6.97 6.65 6.4 6.17 5.97 5.81 5.67 5.57 5.48 5.42 5.36 -3.4e+38 -3.4e+38 -3.4e+38 -3.4e+38 -3.4e+38 -3.4e+38 -3.4e+38 -3.4e+38 -3.4e+38 -3.4e+38 -3.4e+38 -3.4e+38 -3.4e+38 -3.4e+38 -3.4e+38 -3.4e+38 -3.4e+38 -3.4e+38 -3.4e+38 -3.4e+38 -3.4e+38 -3.4e+38 -3.4e+38 -3.4e+38
28.3 28.2 28 27.8 27.6 27.3 27 26.7 26.3 26 25.7 25.3 25 24.6 24.2 23.7 23.1 22.4 21.6 20.8 20 19.1 18.2 17.2 16.3 15.5 14.6 13.8 12.9 12 11.2 10.4 9.74 9.13 8.55 8.04 7.56 7.17 6.83 6.55 6.31 6.1 5.92 5.77 5.66 5.56 5.49 5.43 -3.4e+38 -3.4e+38 -3.4e+38 -3.4e+38 -3.4e+38 -3.4e+38 -3.4e+38 -3.4e+38 -3.4e+38 -3.4e+38 -3.4e+38 -3.4e+38 -3.4e+38 -3.4e+38 -3.4e+38 -3.4e+38 -3.4e+38 -3.4e+38 -3.4e+38 -3.4e+38 -3.4e+38 -3.4e+38 -3.4e+38 -3.4e+38
29.1 29 28.8 28.6 28.4 28.1 27.9 27.6 27.2 26.9 26.5 26.1 25.7 25.4 25 24.5 23.9 23.2 22.4 21.6 20.7 19.8 18.8 17.8 16.9 16 15.1 14.2 13.3 12.5 11.6 10.8 10.1 9.43 8.82 8.28 7.77 7.36 6.99 6.7 6.45 6.22 6.03 5.87 5.75 5.65 5.57 5.5 5.45 5.4 -3.4e+38 -3.4e+38 -3.4e+38 -3.4e+38 -3.4e+38 -3.4e+38 -3.4e+38 -3.4e+38 -3.4e+38 -3.4e+38 -3.4e+38 -3.4e+38 -3.4e+38 -3.4e+38 -3.4e+38 -3.4e+38 -3.4e+38 -3.4e+38 -3.4e+38 -3.4e+38 -3.4e+38 -3.4e+38
29.9 29.8 29.7 29.5 29.3 29 28.7 28.4 28.1 27.8 27.4 27 26.6 26.2 25.8 25.3 24.7 24 23.1 22.3 21.3 20.4 19.4 18.4 17.4 16.5 15.5 14.6 13.7 12.8 11.9 11.1 10.3 9.69 9.07 8.5 7.96 7.53 7.15 6.84 6.57 6.34 6.15 5.97 5.84 5.73 5.65 5.58 5.52 5.47 -3.4e+38 -3.4e+38 -3.4e+38 -3.4e+38 -3.4e+38 -3.4e+38 -3.4e+38 -3.4e+38 -3.4e+38 -3.4e+38 -3.4e+38 -3.4e+38 -3.4e+38 -3.4e+38 -3.4e+38 -3.4e+38 -3.4e+38 -3.4e+38 -3.4e+38 -3.4e+38 -3.4e+38 -3.4e+38
30.7 30.7 30.5 30.4 30.1 29.9 29.6 29.3 29 28.6 28.2 27.8 27.4 27 26.6 26.1 25.5 24.6 23.8 22.9 22 21 20 19 17.9 16.9 15.9 15 14.1 13.1 12.2 11.4 10.6 9.92 9.29 8.7 8.14 7.69 7.29 6.97 6.69 6.46 6.26 6.08 5.94 5.81 5.73 5.65 5.6 5.55 -3.4e+38 -3.4e+38 -3.4e+38 -3.4e+38 -3.4e+38 -3.4e+38 -3.4e+38 -3.4e+38 -3.4e+38 -3.4e+38 -3.4e+38 -3.4e+38 -3.4e+38 -3.4e+38 -3.4e+38 -3.4e+38 -3.4e+38 -3.4e+38 -3.4e+38 -3.4e+38 -3.4e+38 -3.4e+38
31.6 31.5 31.4 31.3 31 30.8 30.5 30.2 29.9 29.5 29.1 28.6 28.2 27.8 27.3 26.8 26.1 25.2 24.3 23.4 22.5 21.5 20.5 19.4 18.4 17.3 16.3 15.3 14.4 13.4 12.5 11.6 10.8 10.1 9.46 8.86 8.3 7.84 7.42 7.09 6.8 6.57 6.36 6.18 6.03 5.9 5.81 -3.4e+38 -3.4e+38 -3.4e+38 -3.4e+38 -3.4e+38 -3.4e+38 -3.4e+38 -3.4e+38 -3.4e+38 -3.4e+38 -3.4e+38 -3.4e+38 -3.4e+38 -3.4e+38 -3.4e+38 -3.4e+38 -3.4e+38 -3.4e+38 -3.4e+38 -3.4e+38 -3.4e+38 -3.4e+38 -3.4e+38 -3.4e+38 -3.4e+38
32.4 32.4 32.3 32.2 31.9 31.7 31.4 31.1 30.7 30.3 29.8 29.4 28.9 28.4 27.9 27.4 26.6 25.7 24.8 23.9 22.9 22 21 19.9 18.8 17.7 16.7 15.7 14.6 13.7 12.7 11.8 11 10.3 9.6 9 8.43 7.96 7.54 7.2 6.91 6.67 6.46 6.28 6.13 5.99 5.89 5.8 5.74 5.68 -3.4e+38 -3.4e+38 -3.4e+38 -3.4e+38 -3.4e+38 -3.4e+38 -3.4e+38 -3.4e+38 -3.4e+38 -3.4e+38 -3.4e+38 -3.4e+38 -3.4e+38 -3.4e+38 -3.4e+38 -3.4e+38 -3.4e+38 -3.4e+38 -3.4e+38 -3.4e+38 -3.4e+38 -3.4e+38
33.2 33.2 33.2 33.1 32.9 32.6 32.3 31.9 31.5 31 30.6 30.1 29.6 29 28.5 27.8 27 26.2 25.3 24.3 23.4 22.4 21.3 20.2 19.1 18 17 15.9 14.9 13.9 12.9 12 11.1 10.4 9.71 9.11 8.54 8.07 7.64 7.29 7 6.76 6.55 6.37 6.21 6.07 5.97 5.87 5.8 5.74 -3.4e+38 -3.4e+38 -3.4e+38 -3.4e+38 -3.4e+38 -3.4e+38 -3.4e+38 -3.4e+38 -3.4e+38 -3.4e+38 -3.4e+38 -3.4e+38 -3.4e+38 -3.4e+38 -3.4e+38 -3.4e+38 -3.4e+38 -3.4e+38 -3.4e+38 -3.4e+38 -3.4e+38 -3.4e+38
33.9 34 34 33.9 33.7 33.5 33.1 32.7 32.3 31.8 31.3 30.8 30.2 29.6 29 28.2 27.4 26.6 25.7 24.7 23.7 22.7 21.6 20.5 19.4 18.3 17.2 16.1 15.1 14 13 12.1 11.2 10.5 9.8 9.2 8.63 8.16 7.73 7.37 7.08 6.84 6.63 6.45 6.3 6.15 6.04 5.94 5.86 5.79 -3.4e+38 -3.4e+38 -3.4e+38 -3.4e+38 -3.4e+38 -3.4e+38 -3.4e+38 -3.4e+38 -3.4e+38 -3.4e+38 -3.4e+38 -3.4e+38 -3.4e+38 -3.4e+38 -3.4e+38 -3.4e+38 -3.4e+38 -3.4e+38 -3.4e+38 -3.4e+38 -3.4e+38 -3.4e+38
34.4 34.6 34.6 34.6 34.4 34.2 33.8 33.4 32.9 32.4 31.9 31.3 30.7 30.1 29.4 28.6 27.8 26.9 26 25.1 24 23 21.9 20.8 19.6 18.5 17.4 16.3 15.2 14.2 13.1 12.2 11.3 10.5 9.86 9.27 8.7 8.23 7.8 7.44 7.14 6.9 6.7 6.52 6.37 6.23 6.11 5.99 5.91 5.83 -3.4e+38 -3.4e+38 -3.4e+38 -3.4e+38 -3.4e+38 -3.4e+38 -3.4e+38 -3.4e+38 -3.4e+38 -3.4e+38 -3.4e+38 -3.4e+38 -3.4e+38 -3.4e+38 -3.4e+38 -3.4e+38 -3.4e+38 -3.4e+38 -3.4e+38 -3.4e+38 -3.4e+38 -3.4e+38
34.9 35.1 35.2 35.2 35 34.8 34.4 34 33.5 33 32.5 31.8 31.2 30.5 29.8 29 28.1 27.3 26.3 25.4 24.3 23.2 22.1 21 19.8 18.6 17.5 16.4 15.2 14.2 13.1 12.2 11.3 10.6 9.89 9.31 8.75 8.28 7.85 7.49 7.19 6.95 6.75 6.57 6.42 6.28 6.16 6.04 5.95 -3.4e+38 -3.4e+38 -3.4e+38 -3.4e+38 -3.4e+38 -3.4e+38 -3.4e+38 -3.4e+38 -3.4e+38 -3.4e+38 -3.4e+38 -3.4e+38 -3.4e+38 -3.4e+38 -3.4e+38 -3.4e+38 -3.4e+38 -3.4e+38 -3.4e+38 -3.4e+38 -3.4e+38 -3.4e+38 -3.4e+38
35.4 35.6 35.7 35.7 35.5 35.2 34.9 34.4 34 33.4 32.9 32.2 31.6 30.8 30.1 29.3 28.4 27.5 26.6 25.6 24.5 23.5 22.3 21.2 19.9 18.7 17.5 16.4 15.2 14.1 13.1 12.2 11.3 10.6 9.9 9.33 8.78 8.31 7.89 7.53 7.23 6.98 6.78 6.6 6.44 6.3 6.18 6.06 5.97 -3.4e+38 -3.4e+38 -3.4e+38 -3.4e+38 -3.4e+38 -3.4e+38 -3.4e+38 -3.4e+38 -3.4e+38 -3.4e+38 -3.4e+38 -3.4e+38 -3.4e+38 -3.4e+38 -3.4e+38 -3.4e+38 -3.4e+38 -3.4e+38 -3.4e+38 -3.4e+38 -3.4e+38 -3.4e+38 -3.4e+38
35.8 36 36.1 36.1 35.9 35.6 35.2 34.8 34.3 33.7 33.1 32.5 31.8 31.1 30.3 29.5 28.6 27.7 26.8 25.8 24.7 23.6 22.4 21.3 20 18.8 17.5 16.3 15.2 14.1 13 12.1 11.2 10.5 9.88 9.32 8.78 8.32 7.9 7.55 7.25 7.01 6.8 6.61 6.45 6.3 6.19 6.07 -3.4e+38 -3.4e+38 -3.4e+38 -3.4e+38 -3.4e+38 -3.4e+38 -3.4e+38 -3.4e+38 -3.4e+38 -3.4e+38 -3.4e+38 -3.4e+38 -3.4e+38 -3.4e+38 -3.4e+38 -3.4e+38 -3.4e+38 -3.4e+38 -3.4e+38 -3.4e+38 -3.4e+38 -3.4e+38 -3.4e+38 -3.4e+38
36.1 36.4 36.5 36.5 36.3 35.9 35.5 35 34.5 33.9 33.3 32.6 31.9 31.2 30.5 29.7 28.8 27.9 26.9 25.8 24.7 23.7 22.5 21.3 20 18.7 17.5 16.3 15.1 14 13 12 11.2 10.5 9.83 9.28 8.76 8.32 7.91 7.56 7.27 7.02 6.81 6.61 6.45 6.3 6.19 6.07 5.98 -3.4e+38 -3.4e+38 -3.4e+38 -3.4e+38 -3.4e+38 -3.4e+38 -3.4e+38 -3.4e+38 -3.4e+38 -3.4e+38 -3.4e+38 -3.4e+38 -3.4e+38 -3.4e+38 -3.4e+38 -3.4e+38 -3.4e+38 -3.4e+38 -3.4e+38 -3.4e+38 -3.4e+38 -3.4e+38 -3.4e+38
36.4 36.7 36.8 36.7 36.5 36.1 35.7 35.1 34.6 33.9 33.3 32.6 31.9 31.2 30.5 29.7 28.9 27.9 26.9 25.8 24.7 23.6 22.4 21.2 19.9 18.6 17.4 16.1 15 13.9 12.9 11.9 11.1 10.4 9.76 9.22 8.71 8.28 7.89 7.56 7.27 7.02 6.8 6.61 6.44 6.29 6.17 6.06 5.97 -3.4e+38 -3.4e+38 -3.4e+38 -3.4e+38 -3.4e+38 -3.4e+38 -3.4e+38 -3.4e+38 -3.4e+38 -3.4e+38 -3.4e+38 -3.4e+38 -3.4e+38 -3.4e+38 -3.4e+38 -3.4e+38 -3.4e+38 -3.4e+38 -3.4e+38 -3.4e+38 -3.4e+38 -3.4e+38 -3.4e+38
36.6 36.9 37 36.9 36.7 36.3 35.8 35.2 34.6 33.9 33.2 32.6 31.9 31.2 30.5 29.7 28.9 27.9 26.8 25.8 24.6 23.5 22.3 21.1 19.8 18.5 17.2 16 14.8 13.7 12.7 11.8 10.9 10.3 9.66 9.14 8.65 8.24 7.86 7.54 7.26 7.01 6.79 6.59 6.43 6.27 6.15 6.04 5.96 -3.4e+38 -3.4e+38 -3.4e+38 -3.4e+38 -3.4e+38 -3.4e+38 -3.4e+38 -3.4e+38 -3.4e+38 -3.4e+38 -3.4e+38 -3.4e+38 -3.4e+38 -3.4e+38 -3.4e+38 -3.4e+38 -3.4e+38 -3.4e+38 -3.4e+38 -3.4e+38 -3.4e+38 -3.4e+38 -3.4e+38
36.7 37 37.1 37 36.7 36.3 35.8 35.1 34.5 33.8 33.1 32.4 31.7 31 30.3 29.6 28.7 27.7 26.6 25.5 24.4 23.3 22.1 20.9 19.5 18.2 16.9 15.7 14.6 13.5 12.5 11.6 10.8 10.1 9.54 9.04 8.57 8.17 7.81 7.5 7.23 6.98 6.77 6.57 6.4 6.24 6.13 6.02 -3.4e+38 -3.4e+38 -3.4e+38 -3.4e+38 -3.4e+38 -3.4e+38 -3.4e+38 -3.4e+38 -3.4e+38 -3.4e+38 -3.4e+38 -3.4e+38 -3.4e+38 -3.4e+38 -3.4e+38 -3.4e+38 -3.4e+38 -3.4e+38 -3.4e+38 -3.4e+38 -3.4e+38 -3.4e+38 -3.4e+38 -3.4e+38
36.8 37 37 36.9 36.6 36.2 35.7 35 34.3 33.6 32.9 32.2 31.5 30.8 30.1 29.4 28.5 27.5 26.4 25.3 24.1 23 21.8 20.6 19.2 17.9 16.7 15.5 14.3 13.3 12.3 11.5 10.6 9.99 9.41 8.93 8.48 8.1 7.75 7.46 7.19 6.95 6.73 6.53 6.37 6.21 6.1 6 -3.4e+38 -3.4e+38 -3.4e+38 -3.4e+38 -3.4e+38 -3.4e+38 -3.4e+38 -3.4e+38 -3.4e+38 -3.4e+38 -3.4e+38 -3.4e+38 -3.4e+38 -3.4e+38 -3.4e+38 -3.4e+38 -3.4e+38 -3.4e+38 -3.4e+38 -3.4e+38 -3.4e+38 -3.4e+38 -3.4e+38 -3.4e+38
36.7 36.9 36.9 36.7 36.4 35.9 35.4 34.7 34 33.3 32.5 31.8 31.1 30.4 29.7 28.9 28 27 25.9 24.8 23.7 22.6 21.4 20.1 18.8 17.5 16.3 15.1 14 13 12 11.2 10.4 9.83 9.27 8.81 8.38 8.02 7.68 7.4 7.14 6.9 6.69 6.49 6.33 6.17 6.07 -3.4e+38 -3.4e+38 -3.4e+38 -3.4e+38 -3.4e+38 -3.4e+38 -3.4e+38 -3.4e+38 -3.4e+38 -3.4e+38 -3.4e+38 -3.4e+38 -3.4e+38 -3.4e+38 -3.4e+38 -3.4e+38 -3.4e+38 -3.4e+38 -3.4e+38 -3.4e+38 -3.4e+38 -3.4e+38 -3.4e+38 -3.4e+38 -3.4e+38
36.6 36.7 36.6 36.4 36.1 35.6 35 34.3 33.6 32.9 32.1 31.4 30.7 30 29.3 28.5 27.5 26.5 25.5 24.4 23.2 22.1 20.9 19.7 18.3 17.1 15.8 14.7 13.6 12.7 11.7 11 10.2 9.66 9.12 8.69 8.28 7.93 7.6 7.33 7.08 6.85 6.65 6.45 6.29 6.14 6.03 5.94 -3.4e+38 -3.4e+38 -3.4e+38 -3.4e+38 -3.4e+38 -3.4e+38 -3.4e+38 -3.4e+38 -3.4e+38 -3.4e+38 -3.4e+38 -3.4e+38 -3.4e+38 -3.4e+38 -3.4e+38 -3.4e+38 -3.4e+38 -3.4e+38 -3.4e+38 -3.4e+38 -3.4e+38 -3.4e+38 -3.4e+38 -3.4e+38
36.3 36.3 36.2 36 35.6 35.1 34.5 33.8 33.1 32.4 31.6 30.9 30.2 29.5 28.7 27.8 26.9 25.9 24.8 23.8 22.6 21.5 20.3 19.1 17.8 16.5 15.3 14.2 13.2 12.3 11.4 10.7 10 9.48 8.97 8.56 8.16 7.83 7.52 7.26 7.02 6.8 6.59 6.41 6.25 6.1 6 5.91 5.84 -3.4e+38 -3.4e+38 -3.4e+38 -3.4e+38 -3.4e+38 -3.4e+38 -3.4e+38 -3.4e+38 -3.4e+38 -3.4e+38 -3.4e+38 -3.4e+38 -3.4e+38 -3.4e+38 -3.4e+38 -3.4e+38 -3.4e+38 -3.4e+38 -3.4e+38 -3.4e+38 -3.4e+38 -3.4e+38 -3.4e+38
35.6 35.7 35.6 35.4 35 34.5 33.9 33.2 32.5 31.8 31.1 30.3 29.6 28.9 28.1 27.2 26.2 25.2 24.2 23.1 22 20.9 19.6 18.4 17.2 15.9 14.8 13.7 12.8 11.9 11.1 10.4 9.79 9.29 8.81 8.42 8.05 7.73 7.44 7.18 6.95 6.74 6.54 6.36 6.21 6.07 5.97 5.88 -3.4e+38 -3.4e+38 -3.4e+38 -3.4e+38 -3.4e+38 -3.4e+38 -3.4e+38 -3.4e+38 -3.4e+38 -3.4e+38 -3.4e+38 -3.4e+38 -3.4e+38 -3.4e+38 -3.4e+38 -3.4e+38 -3.4e+38 -3.4e+38 -3.4e+38 -3.4e+38 -3.4e+38 -3.4e+38 -3.4e+38 -3.4e+38
34.7 34.9 34.9 34.7 34.3 33.8 33.3 32.6 31.9 31.2 30.4 29.7 29 28.2 27.4 26.4 25.5 24.5 23.4 22.4 21.3 20.1 18.9 17.7 16.5 15.3 14.2 13.3 12.4 11.5 10.8 10.1 9.56 9.1 8.65 8.28 7.93 7.63 7.35 7.11 6.88 6.68 6.49 6.31 6.17 6.03 5.94 5.86 -3.4e+38 -3.4e+38 -3.4e+38 -3.4e+38 -3.4e+38 -3.4e+38 -3.4e+38 -3.4e+38 -3.4e+38 -3.4e+38 -3.4e+38 -3.4e+38 -3.4e+38 -3.4e+38 -3.4e+38 -3.4e+38 -3.4e+38 -3.4e+38 -3.4e+38 -3.4e+38 -3.4e+38 -3.4e+38 -3.4e+38 -3.4e+38
33.8 34.1 34 33.9 33.6 33.1 32.5 31.9 31.2 30.5 29.8 29 28.3 27.5 26.6 25.7 24.7 23.7 22.7 21.6 20.5 19.4 18.1 16.9 15.8 14.7 13.7 12.8 11.9 11.2 10.4 9.87 9.34 8.91 8.49 8.14 7.81 7.53 7.27 7.03 6.82 6.62 6.44 6.27 6.13 6.01 5.92 5.84 -3.4e+38 -3.4e+38 -3.4e+38 -3.4e+38 -3.4e+38 -3.4e+38 -3.4e+38 -3.4e+38 -3.4e+38 -3.4e+38 -3.4e+38 -3.4e+38 -3.4e+38 -3.4e+38 -3.4e+38 -3.4e+38 -3.4e+38 -3.4e+38 -3.4e+38 -3.4e+38 -3.4e+38 -3.4e+38 -3.4e+38 -3.4e+38
32.8 33.2 33.2 33 32.8 32.3 31.7 31.1 30.4 29.7 29.1 28.3 27.6 26.7 25.8 24.8 23.9 22.9 21.9 20.8 19.7 18.5 17.3 16.1 15.1 14.1 13.2 12.3 11.5 10.8 10.1 9.59 9.12 8.72 8.33 8.01 7.7 7.44 7.19 6.96 6.75 6.56 6.39 6.23 6.1 5.99 5.9 5.82 -3.4e+38 -3.4e+38 -3.4e+38 -3.4e+38 -3.4e+38 -3.4e+38 -3.4e+38 -3.4e+38 -3.4e+38 -3.4e+38 -3.4e+38 -3.4e+38 -3.4e+38 -3.4e+38 -3.4e+38 -3.4e+38 -3.4e+38 -3.4e+38 -3.4e+38 -3.4e+38 -3.4e+38 -3.4e+38 -3.4e+38 -3.4e+38
31.9 32.2 32.3 32.2 31.9 31.5 30.9 30.3 29.7 29 28.3 27.6 26.8 25.9 24.9 24 23 22 21 20 18.8 17.6 16.5 15.3 14.4 13.5 12.6 11.8 11 10.4 9.79 9.32 8.9 8.53 8.18 7.88 7.59 7.34 7.1 6.89 6.69 6.51 6.34 6.19 6.08 5.98 -3.4e+38 -3.4e+38 -3.4e+38 -3.4e+38 -3.4e+38 -3.4e+38 -3.4e+38 -3.4e+38 -3.4e+38 -3.4e+38 -3.4e+38 -3.4e+38 -3.4e+38 -3.4e+38 -3.4e+38 -3.4e+38 -3.4e+38 -3.4e+38 -3.4e+38 -3.4e+38 -3.4e+38 -3.4e+38 -3.4e+38 -3.4e+38 -3.4e+38 -3.4e+38
31 31.3 31.4 31.3 31.1 30.6 30.1 29.5 28.9 28.3 27.6 26.8 25.9 25 24.1 23.1 22.1 21.2 20.1 19.1 17.9 16.7 15.6 14.6 13.7 12.9 12.1 11.3 10.6 10 9.48 9.07 8.68 8.36 8.04 7.76 7.49 7.25 7.02 6.81 6.62 6.45 6.3 6.17 6.06 5.96 -3.4e+38 -3.4e+38 -3.4e+38 -3.4e+38 -3.4e+38 -3.4e+38 -3.4e+38 -3.4e+38 -3.4e+38 -3.4e+38 -3.4e+38 -3.4e+38 -3.4e+38 -3.4e+38 -3.4e+38 -3.4e+38 -3.4e+38 -3.4e+38 -3.4e+38 -3.4e+38 -3.4e+38 -3.4e+38 -3.4e+38 -3.4e+38 -3.4e+38 -3.4e+38
30.1 30.4 30.5 30.4 30.2 29.8 29.3 28.7 28.1 27.4 26.7 25.9 25 24.1 23.1 22.2 21.2 20.2 19.2 18.2 17 15.8 14.9 13.9 13.1 12.3 11.5 10.8 10.2 9.66 9.21 8.84 8.49 8.19 7.9 7.64 7.38 7.15 6.93 6.74 6.56 6.4 6.26 6.14 6.04 5.95 -3.4e+38 -3.4e+38 -3.4e+38 -3.4e+38 -3.4e+38 -3.4e+38 -3.4e+38 -3.4e+38 -3.4e+38 -3.4e+38 -3.4e+38 -3.4e+38 -3.4e+38 -3.4e+38 -3.4e+38 -3.4e+38 -3.4e+38 -3.4e+38 -3.4e+38 -3.4e+38 -3.4e+38 -3.4e+38 -3.4e+38 -3.4e+38 -3.4e+38 -3.4e+38
29.3 29.6 29.7 29.6 29.4 29 28.5 27.9 27.3 26.6 25.9 24.9 24 23.1 22.1 21.2 20.3 19.3 18.3 17.2 16.1 15 14.1 13.2 12.5 11.7 11 10.3 9.78 9.33 8.94 8.62 8.32 8.04 7.76 7.52 7.27 7.06 6.85 6.66 6.49 6.35 6.23 6.11 6.02 5.94 -3.4e+38 -3.4e+38 -3.4e+38 -3.4e+38 -3.4e+38 -3.4e+38 -3.4e+38 -3.4e+38 -3.4e+38 -3.4e+38 -3.4e+38 -3.4e+38 -3.4e+38 -3.4e+38 -3.4e+38 -3.4e+38 -3.4e+38 -3.4e+38 -3.4e+38 -3.4e+38 -3.4e+38 -3.4e+38 -3.4e+38 -3.4e+38 -3.4e+38 -3.4e+38
28.5 28.8 28.9 28.8 28.5 28.1 27.6 27 26.3 25.5 24.7 23.8 22.9 22 21.1 20.2 19.3 18.3 17.3 16.2 15.2 14.2 13.4 12.6 11.8 11.1 10.5 9.91 9.42 9.03 8.71 8.42 8.14 7.88 7.63 7.39 7.16 6.96 6.76 6.59 6.44 6.31 6.19 6.08 5.99 5.91 -3.4e+38 -3.4e+38 -3.4e+38 -3.4e+38 -3.4e+38 -3.4e+38 -3.4e+38 -3.4e+38 -3.4e+38 -3.4e+38 -3.4e+38 -3.4e+38 -3.4e+38 -3.4e+38 -3.4e+38 -3.4e+38 -3.4e+38 -3.4e+38 -3.4e+38 -3.4e+38 -3.4e+38 -3.4e+38 -3.4e+38 -3.4e+38 -3.4e+38 -3.4e+38
27.8 28 28.1 28 27.7 27.2 26.6 26 25.3 24.4 23.6 22.7 21.8 20.9 20 19.1 18.2 17.3 16.3 15.3 14.3 13.4 12.6 11.9 11.2 10.6 9.98 9.47 9.07 8.75 8.48 8.22 7.96 7.73 7.49 7.27 7.06 6.86 6.68 6.52 6.38 6.26 6.15 6.05 -3.4e+38 -3.4e+38 -3.4e+38 -3.4e+38 -3.4e+38 -3.4e+38 -3.4e+38 -3.4e+38 -3.4e+38 -3.4e+38 -3.4e+38 -3.4e+38 -3.4e+38 -3.4e+38 -3.4e+38 -3.4e+38 -3.4e+38 -3.4e+38 -3.4e+38 -3.4e+38 -3.4e+38 -3.4e+38 -3.4e+38 -3.4e+38 -3.4e+38 -3.4e+38 -3.4e+38 -3.4e+38
