maui/input/month_year_rainfall/maui_prcp_03_2001.asc
ncols        361
nrows        320
xllcorner    -156.738000000000
yllcorner    20.343000000000
cellsize     0.002250000000
NODATA_value -3.4028234663852885981e+38
[rows 64 to 95 of 320, columns 71 to 141 of 361]
14 13.7 13.2 12.6 12 11.4 10.8 10.2 9.65 9.06 8.48 7.91 7.36 6.83 6.31 5.82 5.35 4.9 4.48 4.09 3.72 3.38 3.07 2.77 2.53 2.3 2.11 1.93 1.78 1.64 1.52 1.42 1.34 1.26 1.19 1.13 1.07 1.03 0.98 0.94 -3.4e+38 -3.4e+38 -3.4e+38 -3.4e+38 -3.4e+38 -3.4e+38 -3.4e+38 -3.4e+38 -3.4e+38 -3.4e+38 -3.4e+38 -3.4e+38 -3.4e+38 -3.4e+38 -3.4e+38 -3.4e+38 -3.4e+38 -3.4e+38 -3.4e+38 -3.4e+38 -3.4e+38 -3.4e+38 -3.4e+38 -3.4e+38 -3.4e+38 -3.4e+38 -3.4e+38 -3.4e+38 -3.4e+38 -3.4e+38 -3.4e+38
14.2 13.8 13.3 12.8 12.2 11.6 11 10.4 9.74 9.14 8.56 7.98 7.43 6.89 6.37 5.87 5.4 4.95 4.52 4.13 3.76 3.41 3.09 2.79 2.54 2.31 2.12 1.94 1.79 1.64 1.52 1.42 1.35 1.27 1.2 1.14 1.08 1.03 0.986 -3.4e+38 -3.4e+38 -3.4e+38 -3.4e+38 -3.4e+38 -3.4e+38 -3.4e+38 -3.4e+38 -3.4e+38 -3.4e+38 -3.4e+38 -3.4e+38 -3.4e+38 -3.4e+38 -3.4e+38 -3.4e+38 -3.4e+38 -3.4e+38 -3.4e+38 -3.4e+38 -3.4e+38 -3.4e+38 -3.4e+38 -3.4e+38 -3.4e+38 -3.4e+38 -3.4e+38 -3.4e+38 -3.4e+38 -3.4e+38 -3.4e+38 -3.4e+38
14.4 14 13.5 12.9 12.3 11.7 11.1 10.4 9.8 9.19 8.6 8.02 7.46 6.92 6.4 5.9 5.42 4.98 4.55 4.15 3.78 3.42 3.1 2.8 2.55 2.32 2.13 1.95 1.8 1.66 1.54 1.44 1.36 1.28 1.22 1.15 1.09 1.04 0.991 0.949 -3.4e+38 -3.4e+38 -3.4e+38 -3.4e+38 -3.4e+38 -3.4e+38 -3.4e+38 -3.4e+38 -3.4e+38 -3.4e+38 -3.4e+38 -3.4e+38 -3.4e+38 -3.4e+38 -3.4e+38 -3.4e+38 -3.4e+38 -3.4e+38 -3.4e+38 -3.4e+38 -3.4e+38 -3.4e+38 -3.4e+38 -3.4e+38 -3.4e+38 -3.4e+38 -3.4e+38 -3.4e+38 -3.4e+38 -3.4e+38 -3.4e+38
14.5 14.1 13.6 13 12.4 11.7 11.1 10.4 9.81 9.2 8.6 8.01 7.45 6.91 6.4 5.9 5.43 4.99 4.56 4.16 3.79 3.43 3.11 2.8 2.56 2.32 2.13 1.96 1.81 1.67 1.55 1.45 1.37 1.29 1.23 1.16 1.1 1.05 0.997 0.953 0.909 0.869 0.832 -3.4e+38 -3.4e+38 -3.4e+38 -3.4e+38 -3.4e+38 -3.4e+38 -3.4e+38 -3.4e+38 -3.4e+38 -3.4e+38 -3.4e+38 -3.4e+38 -3.4e+38 -3.4e+38 -3.4e+38 -3.4e+38 -3.4e+38 -3.4e+38 -3.4e+38 -3.4e+38 -3.4e+38 -3.4e+38 -3.4e+38 -3.4e+38 0.678 0.692 0.704 0.717
14.6 14.1 13.6 13 12.4 11.7 11.1 10.4 9.79 9.16 8.56 7.98 7.42 6.88 6.37 5.88 5.42 4.98 4.55 4.16 3.78 3.43 3.11 2.81 2.56 2.32 2.13 1.96 1.81 1.67 1.56 1.46 1.38 1.3 1.24 1.17 1.11 1.06 1 0.957 0.912 0.87 0.831 -3.4e+38 -3.4e+38 -3.4e+38 -3.4e+38 -3.4e+38 -3.4e+38 -3.4e+38 -3.4e+38 -3.4e+38 -3.4e+38 -3.4e+38 -3.4e+38 -3.4e+38 -3.4e+38 -3.4e+38 -3.4e+38 -3.4e+38 -3.4e+38 -3.4e+38 -3.4e+38 -3.4e+38 -3.4e+38 0.644 0.657 0.671 0.685 0.698 0.711
14.6 14.1 13.6 12.9 12.3 11.7 11 10.3 9.7 9.08 8.48 7.9 7.34 6.81 6.31 5.83 5.37 4.94 4.53 4.14 3.77 3.42 3.1 2.8 2.55 2.32 2.13 1.96 1.81 1.68 1.57 1.47 1.39 1.31 1.24 1.18 1.12 1.06 1.01 0.96 0.913 0.87 0.83 0.794 -3.4e+38 -3.4e+38 -3.4e+38 -3.4e+38 -3.4e+38 -3.4e+38 -3.4e+38 -3.4e+38 -3.4e+38 -3.4e+38 -3.4e+38 -3.4e+38 -3.4e+38 -3.4e+38 -3.4e+38 -3.4e+38 -3.4e+38 -3.4e+38 -3.4e+38 -3.4e+38 0.623 0.637 0.65 0.664 0.678 0.691 0.704
14.6 14.1 13.5 12.9 12.2 11.5 10.9 10.2 9.58 8.96 8.36 7.78 7.23 6.71 6.22 5.75 5.3 4.88 4.48 4.1 3.74 3.4 3.08 2.79 2.54 2.31 2.13 1.96 1.82 1.69 1.58 1.48 1.39 1.32 1.25 1.19 1.13 1.07 1.01 0.963 0.914 0.87 0.829 0.792 -3.4e+38 -3.4e+38 -3.4e+38 -3.4e+38 -3.4e+38 -3.4e+38 -3.4e+38 -3.4e+38 -3.4e+38 -3.4e+38 -3.4e+38 -3.4e+38 -3.4e+38 -3.4e+38 -3.4e+38 -3.4e+38 -3.4e+38 -3.4e+38 0.594 0.604 0.616 0.629 0.643 0.657 0.671 0.684 0.698
14.5 13.9 13.3 12.7 12 11.3 10.7 10 9.39 8.77 8.18 7.61 7.07 6.56 6.09 5.63 5.2 4.79 4.4 4.04 3.69 3.36 3.06 2.77 2.53 2.3 2.12 1.95 1.82 1.69 1.58 1.48 1.39 1.32 1.25 1.19 1.13 1.07 1.02 0.963 0.913 0.868 0.826 0.788 -3.4e+38 -3.4e+38 0.703 0.68 -3.4e+38 -3.4e+38 -3.4e+38 -3.4e+38 -3.4e+38 -3.4e+38 -3.4e+38 -3.4e+38 -3.4e+38 -3.4e+38 -3.4e+38 -3.4e+38 0.575 0.579 0.586 0.596 0.608 0.622 0.635 0.65 0.664 0.677 0.691
14.3 13.7 13.1 12.5 11.8 11.1 10.4 9.79 9.16 8.55 7.97 7.41 6.88 6.39 5.93 5.49 5.08 4.68 4.31 3.96 3.63 3.31 3.02 2.75 2.51 2.29 2.11 1.94 1.81 1.68 1.57 1.48 1.39 1.32 1.26 1.2 1.14 1.08 1.02 0.962 0.91 0.864 0.821 0.784 0.752 0.724 0.699 0.677 0.658 0.642 0.628 -3.4e+38 -3.4e+38 -3.4e+38 -3.4e+38 -3.4e+38 -3.4e+38 0.569 0.566 0.566 0.568 0.572 0.578 0.587 0.599 0.613 0.628 0.642 0.656 0.671 0.684
14.1 13.5 12.8 12.2 11.5 10.8 10.1 9.5 8.88 8.28 7.71 7.16 6.66 6.18 5.74 5.32 4.92 4.55 4.2 3.86 3.55 3.25 2.97 2.71 2.48 2.27 2.09 1.93 1.8 1.67 1.56 1.47 1.39 1.32 1.25 1.19 1.14 1.07 1.01 0.958 0.904 0.857 0.814 0.778 0.746 0.718 -3.4e+38 -3.4e+38 0.654 0.637 0.624 0.611 0.6 0.589 0.58 0.573 0.567 0.563 0.56 0.559 0.56 0.564 0.569 0.578 0.59 0.604 0.619 0.635 0.65 0.663 0.677
13.8 13.1 12.5 11.8 11.1 10.5 9.8 9.17 8.56 7.97 7.41 6.89 6.4 5.94 5.52 5.12 4.75 4.4 4.07 3.75 3.46 3.17 2.91 2.66 2.45 2.24 2.07 1.91 1.78 1.66 1.55 1.45 1.37 1.31 1.25 1.19 1.13 1.07 1.01 0.951 0.895 0.848 0.805 0.77 0.738 0.712 -3.4e+38 -3.4e+38 0.648 0.633 0.62 0.607 0.595 0.584 0.574 0.567 0.561 0.556 0.553 0.551 0.552 0.555 0.56 0.569 0.58 0.595 0.611 0.626 0.641 0.655 0.669
13.4 12.7 12 11.4 10.7 10 9.41 8.79 8.19 7.62 7.08 6.58 6.11 5.68 5.28 4.91 4.56 4.24 3.93 3.64 3.36 3.09 2.85 2.61 2.41 2.21 2.04 1.89 1.76 1.63 1.53 1.44 1.36 1.29 1.23 1.18 1.13 1.06 0.997 0.94 0.885 0.838 0.795 0.76 0.729 0.703 0.68 0.659 0.642 0.627 0.615 0.602 0.589 0.577 0.568 0.56 0.553 0.549 0.545 0.544 0.544 0.546 0.551 0.559 0.57 0.585 0.601 0.616 0.631 0.645 0.659
12.8 12.2 11.5 10.9 10.2 9.59 8.98 8.38 7.8 7.25 6.73 6.24 5.8 5.39 5.02 4.67 4.36 4.06 3.78 3.51 3.26 3.01 2.78 2.56 2.36 2.17 2.01 1.86 1.73 1.61 1.51 1.42 1.34 1.27 1.21 1.16 1.1 1.04 0.98 0.925 0.871 0.825 0.783 0.748 0.718 0.693 0.671 0.65 0.634 0.619 0.607 0.594 0.581 0.569 0.56 0.552 0.545 0.541 0.537 0.535 0.535 0.537 0.541 0.549 0.56 0.575 0.591 0.606 0.621 0.635 0.648
12.1 11.5 10.9 10.3 9.68 9.09 8.5 7.94 7.39 6.86 6.36 5.9 5.47 5.08 4.74 4.43 4.15 3.88 3.63 3.38 3.15 2.93 2.71 2.5 2.31 2.13 1.97 1.82 1.69 1.58 1.48 1.39 1.31 1.25 1.18 1.13 1.07 1.02 0.958 0.905 0.854 0.809 0.768 0.736 0.707 0.682 0.659 0.64 0.623 0.608 0.596 0.583 0.571 0.56 0.551 0.543 0.537 0.532 0.529 0.527 0.526 0.528 0.532 0.539 0.55 0.565 0.581 0.596 0.61 0.624 0.637
11.3 10.8 10.2 9.66 9.1 8.55 8.01 7.48 6.97 6.47 5.99 5.54 5.13 4.77 4.45 4.18 3.93 3.7 3.47 3.25 3.05 2.84 2.64 2.45 2.27 2.09 1.94 1.78 1.66 1.54 1.44 1.36 1.28 1.21 1.15 1.09 1.04 0.985 0.931 0.882 0.833 0.791 0.752 0.721 0.693 0.668 0.647 0.627 0.611 0.596 0.583 0.571 0.56 0.55 0.541 0.533 0.527 0.523 0.519 0.518 0.517 0.519 0.523 0.531 0.542 0.556 0.571 0.585 0.599 0.613 0.626
10.4 9.97 9.48 8.99 8.5 8 7.51 7.02 6.54 6.08 5.63 5.2 4.8 4.45 4.17 3.94 3.73 3.52 3.32 3.13 2.95 2.76 2.58 2.39 2.22 2.05 1.9 1.74 1.62 1.5 1.41 1.33 1.25 1.18 1.12 1.06 1 0.954 0.903 0.856 0.811 0.77 0.734 0.704 0.678 0.654 0.633 0.614 0.598 0.583 0.57 0.558 0.547 0.537 0.529 0.522 0.516 0.512 0.509 0.508 0.508 0.511 0.515 0.523 0.534 0.547 0.561 0.575 0.588 0.601 0.614
9.51 9.15 8.75 8.33 7.89 7.45 7 6.57 6.13 5.7 5.28 4.88 4.49 4.14 3.89 3.72 3.55 3.38 3.2 3.03 2.86 2.69 2.52 2.34 2.18 2.01 1.86 1.71 1.58 1.47 1.38 1.29 1.22 1.15 1.08 1.02 0.97 0.921 0.873 0.829 0.786 0.748 0.713 0.686 0.661 0.637 0.617 0.599 0.583 0.567 0.555 0.543 0.533 0.524 0.516 0.509 0.504 0.501 0.498 0.498 0.498 0.501 0.506 0.515 0.525 0.538 0.551 0.564 0.577 0.589 0.601
8.63 8.34 8.02 7.67 7.29 6.9 6.51 6.13 5.74 5.35 4.97 4.6 4.24 3.88 3.69 3.55 3.41 3.26 3.11 2.95 2.79 2.62 2.46 2.29 2.14 1.98 1.83 1.68 1.56 1.44 1.35 1.26 1.19 1.11 1.05 0.989 0.936 0.889 0.842 0.8 0.76 0.724 0.692 0.666 0.642 0.62 0.6 0.582 0.566 0.552 0.539 0.528 0.518 0.509 0.502 0.496 0.491 0.488 0.487 0.487 0.488 0.492 0.497 0.505 0.516 0.528 0.54 0.552 0.564 0.577 0.588
7.81 7.59 7.33 7.03 6.71 6.38 6.05 5.71 5.38 5.04 4.71 4.38 4.07 3.79 3.6 3.44 3.31 3.17 3.03 2.88 2.73 2.57 2.41 2.25 2.1 1.94 1.8 1.65 1.53 1.41 1.32 1.23 1.15 1.08 1.01 0.954 0.901 0.856 0.811 0.772 0.733 0.7 0.669 0.645 0.622 0.601 0.582 0.564 0.549 0.534 0.522 0.511 0.502 0.493 0.486 0.481 0.477 0.475 0.474 0.475 0.477 0.481 0.487 0.495 0.505 0.517 0.529 0.54 0.552 0.563 0.574
7.04 6.88 6.66 6.42 6.15 5.88 5.6 5.33 5.04 4.76 4.48 4.2 3.94 3.71 3.53 3.37 3.24 3.1 2.96 2.82 2.67 2.52 2.37 2.21 2.06 1.9 1.76 1.62 1.49 1.38 1.28 1.19 1.11 1.04 0.974 0.918 0.866 0.823 0.781 0.743 0.707 0.675 0.646 0.623 0.601 0.581 0.563 0.546 0.531 0.517 0.505 0.494 0.485 0.477 0.47 0.465 0.463 0.461 0.462 0.463 0.466 0.471 0.477 0.485 0.495 0.506 0.517 0.528 0.539 0.549 0.56
6.33 6.21 6.04 5.84 5.62 5.4 5.19 4.97 4.74 4.51 4.28 4.05 3.83 3.64 3.47 3.32 3.18 3.05 2.91 2.77 2.63 2.48 2.32 2.17 2.02 1.86 1.72 1.58 1.46 1.34 1.24 1.15 1.07 1 0.938 0.883 0.832 0.789 0.749 0.713 0.679 0.649 0.621 0.6 0.579 0.56 0.542 0.526 0.512 0.498 0.486 0.476 0.467 0.459 0.453 0.449 0.447 0.447 0.448 0.45 0.454 0.459 0.466 0.474 0.484 0.494 0.505 0.515 0.526 0.536 0.546
5.68 5.59 5.45 5.29 5.11 4.95 4.8 4.64 4.46 4.28 4.09 3.91 3.73 3.56 3.41 3.27 3.13 3 2.86 2.72 2.58 2.43 2.28 2.13 1.98 1.82 1.68 1.54 1.42 1.3 1.2 1.11 1.04 0.965 0.902 0.848 0.798 0.756 0.717 0.684 0.651 0.623 0.597 0.577 0.557 0.539 0.522 0.506 0.492 0.479 0.468 0.458 0.45 0.443 0.437 0.433 0.432 0.433 0.435 0.438 0.441 0.447 0.454 0.463 0.472 0.483 0.493 0.503 0.512 0.522 0.532
5.09 5.03 4.91 4.77 4.64 4.55 4.45 4.34 4.22 4.08 3.93 3.78 3.64 3.49 3.36 3.22 3.09 2.95 2.82 2.68 2.54 2.39 2.24 2.08 1.93 1.78 1.64 1.5 1.38 1.26 1.16 1.07 0.995 0.927 0.864 0.812 0.763 0.723 0.685 0.654 0.623 0.596 0.572 0.552 0.534 0.516 0.5 0.485 0.472 0.459 0.449 0.439 0.432 0.426 0.421 0.418 0.418 0.419 0.421 0.424 0.428 0.434 0.442 0.45 0.46 0.47 0.48 0.49 0.499 0.508 0.517
4.55 4.52 4.44 4.34 4.26 4.21 4.15 4.08 4 3.89 3.78 3.66 3.54 3.42 3.3 3.17 3.04 2.91 2.78 2.64 2.49 2.34 2.19 2.04 1.89 1.74 1.6 1.46 1.33 1.22 1.12 1.03 0.955 0.888 0.827 0.776 0.729 0.691 0.654 0.624 0.595 0.569 0.546 0.528 0.51 0.494 0.478 0.464 0.451 0.439 0.43 0.421 0.414 0.409 0.406 0.404 0.403 0.405 0.407 0.411 0.415 0.422 0.43 0.438 0.448 0.458 0.467 0.477 0.485 0.494 0.503
4.07 4.07 4.03 3.99 3.95 3.92 3.9 3.85 3.8 3.73 3.65 3.55 3.45 3.35 3.24 3.12 3 2.87 2.74 2.6 2.45 2.3 2.15 1.99 1.84 1.69 1.55 1.41 1.29 1.17 1.08 0.988 0.914 0.849 0.79 0.741 0.695 0.658 0.623 0.594 0.567 0.543 0.52 0.503 0.486 0.47 0.456 0.442 0.43 0.419 0.41 0.402 0.396 0.392 0.389 0.388 0.388 0.39 0.393 0.397 0.402 0.409 0.417 0.426 0.435 0.445 0.454 0.463 0.472 0.48 0.488
3.64 3.66 3.66 3.66 3.66 3.66 3.66 3.65 3.62 3.57 3.52 3.44 3.36 3.27 3.18 3.06 2.95 2.82 2.69 2.55 2.41 2.25 2.1 1.94 1.79 1.64 1.5 1.36 1.24 1.13 1.03 0.945 0.873 0.81 0.753 0.706 0.662 0.626 0.593 0.565 0.539 0.516 0.495 0.478 0.462 0.447 0.433 0.42 0.409 0.399 0.391 0.383 0.378 0.375 0.373 0.373 0.373 0.376 0.379 0.383 0.389 0.396 0.404 0.413 0.423 0.432 0.441 0.449 0.458 0.466 0.474
3.25 3.29 3.33 3.36 3.39 3.42 3.44 3.45 3.45 3.43 3.39 3.33 3.27 3.19 3.11 3.01 2.9 2.78 2.65 2.51 2.36 2.21 2.05 1.89 1.74 1.59 1.45 1.31 1.19 1.08 0.986 0.902 0.831 0.77 0.715 0.67 0.629 0.595 0.562 0.536 0.511 0.489 0.469 0.453 0.437 0.423 0.41 0.399 0.388 0.378 0.371 0.365 0.36 0.357 0.356 0.357 0.358 0.361 0.365 0.37 0.376 0.383 0.391 0.4 0.41 0.419 0.427 0.436 0.444 0.452 0.46
2.89 2.96 3.02 3.08 3.13 3.18 3.23 3.27 3.29 3.28 3.26 3.22 3.17 3.11 3.04 2.94 2.84 2.72 2.6 2.46 2.31 2.16 2 1.84 1.69 1.53 1.39 1.26 1.14 1.03 0.941 0.859 0.79 0.731 0.678 0.635 0.596 0.563 0.533 0.508 0.484 0.463 0.444 0.428 0.414 0.4 0.388 0.377 0.367 0.358 0.352 0.346 0.343 0.34 0.34 0.341 0.343 0.347 0.351 0.357 0.363 0.37 0.378 0.387 0.397 0.405 0.414 0.422 0.431 0.438 0.446
2.57 2.65 2.73 2.81 2.88 2.95 3.02 3.08 3.13 3.14 3.13 3.1 3.07 3.01 2.96 2.87 2.78 2.66 2.54 2.4 2.25 2.1 1.95 1.79 1.63 1.47 1.34 1.2 1.09 0.983 0.896 0.817 0.75 0.693 0.642 0.601 0.563 0.533 0.504 0.48 0.457 0.437 0.419 0.404 0.39 0.377 0.366 0.355 0.347 0.339 0.333 0.328 0.325 0.324 0.324 0.325 0.328 0.332 0.337 0.343 0.35 0.357 0.366 0.375 0.384 0.392 0.401 0.409 0.417 0.425 0.432
2.28 2.37 2.46 2.55 2.64 2.72 2.8 2.88 2.95 2.97 2.97 2.97 2.95 2.91 2.87 2.79 2.71 2.6 2.48 2.34 2.2 2.04 1.89 1.73 1.57 1.42 1.28 1.14 1.04 0.933 0.849 0.774 0.71 0.655 0.606 0.567 0.532 0.503 0.475 0.453 0.431 0.412 0.395 0.381 0.367 0.355 0.344 0.335 0.327 0.32 0.315 0.311 0.309 0.308 0.308 0.311 0.314 0.319 0.324 0.33 0.337 0.345 0.353 0.362 0.371 0.379 0.388 0.396 0.403 0.411 0.419
2.01 2.11 2.21 2.3 2.4 2.49 2.58 2.67 2.74 2.78 2.81 2.82 2.82 2.8 2.77 2.7 2.63 2.52 2.41 2.27 2.13 1.98 1.82 1.66 1.51 1.36 1.22 1.09 0.981 0.883 0.803 0.731 0.671 0.618 0.571 0.534 0.501 0.473 0.447 0.426 0.406 0.389 0.372 0.358 0.345 0.333 0.323 0.315 0.308 0.302 0.298 0.294 0.293 0.293 0.294 0.297 0.301 0.306 0.311 0.318 0.325 0.333 0.341 0.349 0.358 0.366 0.374 0.382 0.39 0.397 0.405
1.77 1.87 1.97 2.07 2.17 2.27 2.37 2.46 2.54 2.6 2.65 2.68 2.7 2.68 2.66 2.61 2.54 2.44 2.33 2.2 2.06 1.91 1.76 1.6 1.44 1.29 1.16 1.03 0.925 0.83 0.754 0.687 0.631 0.579 0.535 0.5 0.469 0.444 0.42 0.401 0.382 0.366 0.35 0.337 0.324 0.312 0.303 0.296 0.29 0.285 0.282 0.279 0.279 0.279 0.281 0.284 0.288 0.293 0.299 0.306 0.313 0.32 0.329 0.337 0.345 0.353 0.361 0.369 0.376 0.384 0.392
