maui/input/month_year_rainfall/maui_prcp_01_2002.asc
ncols        361
nrows        320
xllcorner    -156.738000000000
yllcorner    20.343000000000
cellsize     0.002250000000
NODATA_value -3.4028234663852885981e+38
[rows 192 to 223 of 320, columns 144 to 215 of 361]
4.32 4.41 4.49 4.58 4.67 4.75 4.84 4.92 4.99 5.04 5.09 5.13 5.16 5.19 5.21 5.23 5.24 5.25 5.26 5.26 5.27 5.28 5.28 5.29 5.29 5.29 5.3 5.31 5.31 5.31 5.31 5.31 5.31 5.31 5.31 5.32 5.32 5.33 5.34 5.36 5.39 5.42 5.46 5.5 5.53 5.57 5.61 5.65 5.69 5.73 5.78 5.82 5.86 5.9 5.95 5.99 6.03 6.07 6.11 6.15 6.19 6.22 6.27 6.31 6.37 6.42 6.48 6.54 6.59 6.65 6.7 6.75
4.29 4.37 4.45 4.53 4.61 4.69 4.77 4.85 4.92 4.98 5.03 5.07 5.11 5.14 5.16 5.19 5.2 5.21 5.22 5.23 5.23 5.24 5.24 5.25 5.25 5.25 5.25 5.26 5.26 5.26 5.25 5.25 5.24 5.24 5.24 5.24 5.24 5.24 5.26 5.28 5.31 5.35 5.38 5.42 5.46 5.5 5.54 5.58 5.62 5.66 5.7 5.74 5.78 5.82 5.86 5.9 5.94 5.97 6.01 6.04 6.07 6.11 6.14 6.18 6.22 6.27 6.32 6.37 6.42 6.47 6.51 6.56
4.24 4.32 4.4 4.47 4.55 4.63 4.7 4.78 4.85 4.92 4.97 5.02 5.05 5.09 5.12 5.14 5.15 5.17 5.18 5.18 5.19 5.2 5.2 5.2 5.21 5.21 5.21 5.21 5.21 5.2 5.2 5.19 5.18 5.17 5.17 5.16 5.15 5.16 5.17 5.2 5.23 5.27 5.31 5.35 5.39 5.43 5.46 5.5 5.54 5.58 5.63 5.66 5.7 5.74 5.78 5.81 5.84 5.87 5.9 5.93 5.96 5.99 6.02 6.04 6.08 6.11 6.15 6.18 6.23 6.27 6.31 6.35
4.19 4.26 4.34 4.41 4.48 4.55 4.63 4.7 4.77 4.84 4.89 4.95 4.99 5.02 5.05 5.08 5.1 5.11 5.12 5.13 5.14 5.14 5.15 5.15 5.15 5.15 5.15 5.15 5.15 5.14 5.13 5.12 5.11 5.1 5.09 5.08 5.07 5.07 5.08 5.12 5.15 5.19 5.23 5.27 5.31 5.35 5.39 5.43 5.47 5.5 5.54 5.57 5.61 5.64 5.67 5.7 5.72 5.75 5.77 5.8 5.82 5.84 5.87 5.89 5.91 5.93 5.96 5.99 6.02 6.05 6.07 6.09
4.14 4.21 4.27 4.34 4.41 4.48 4.55 4.62 4.68 4.75 4.81 4.87 4.91 4.95 4.99 5.02 5.04 5.06 5.07 5.08 5.08 5.09 5.09 5.1 5.1 5.1 5.1 5.09 5.09 5.08 5.07 5.06 5.05 5.04 5.02 5.01 4.99 4.98 5 5.04 5.08 5.12 5.16 5.2 5.24 5.28 5.31 5.35 5.39 5.42 5.45 5.48 5.51 5.54 5.57 5.59 5.61 5.62 5.64 5.66 5.68 5.69 5.71 5.73 5.75 5.76 5.77 5.79 5.8 5.81 5.82 5.83
4.08 4.15 4.21 4.27 4.34 4.4 4.47 4.53 4.59 4.66 4.71 4.77 4.82 4.86 4.9 4.93 4.95 4.98 4.99 5 5.01 5.01 5.02 5.02 5.03 5.03 5.03 5.02 5.02 5.01 5 4.99 4.97 4.96 4.95 4.94 4.92 4.92 4.93 4.96 5 5.04 5.08 5.12 5.15 5.19 5.23 5.26 5.29 5.32 5.35 5.38 5.4 5.42 5.44 5.46 5.47 5.48 5.5 5.51 5.52 5.53 5.54 5.55 5.56 5.56 5.56 5.57 5.57 5.58 5.58 5.58
4.02 4.09 4.14 4.2 4.26 4.32 4.38 4.45 4.51 4.56 4.62 4.67 4.72 4.77 4.8 4.84 4.86 4.89 4.91 4.92 4.93 4.94 4.94 4.95 4.95 4.95 4.95 4.95 4.94 4.93 4.92 4.91 4.9 4.89 4.88 4.87 4.86 4.86 4.87 4.9 4.93 4.97 5 5.04 5.07 5.1 5.14 5.17 5.2 5.22 5.25 5.27 5.28 5.3 5.31 5.32 5.33 5.34 5.35 5.35 5.36 5.36 5.36 5.36 5.36 5.36 5.36 5.35 5.35 5.35 5.34 5.34
3.97 4.03 4.08 4.14 4.19 4.25 4.3 4.36 4.42 4.47 4.53 4.58 4.62 4.66 4.7 4.73 4.76 4.79 4.81 4.83 4.84 4.85 4.85 4.86 4.86 4.86 4.86 4.85 4.85 4.84 4.83 4.82 4.82 4.81 4.8 4.79 4.79 4.79 4.8 4.82 4.85 4.88 4.91 4.94 4.97 5 5.03 5.06 5.08 5.11 5.13 5.14 5.16 5.16 5.17 5.18 5.18 5.19 5.19 5.19 5.19 5.19 5.18 5.18 5.18 5.17 5.16 5.16 5.15 5.14 5.14 5.13
3.92 3.97 4.02 4.07 4.12 4.18 4.23 4.28 4.33 4.39 4.43 4.48 4.52 4.56 4.6 4.63 4.66 4.69 4.71 4.73 4.74 4.75 4.76 4.76 4.77 4.76 4.76 4.76 4.75 4.75 4.74 4.73 4.73 4.72 4.71 4.71 4.71 4.71 4.72 4.74 4.76 4.79 4.81 4.84 4.87 4.9 4.92 4.95 4.97 4.99 5 5.01 5.02 5.03 5.03 5.03 5.03 5.03 5.03 5.03 5.02 5.02 5.01 5 5 4.99 4.98 4.97 4.96 4.95 4.94 4.93
3.87 3.91 3.96 4.01 4.06 4.1 4.15 4.2 4.25 4.3 4.34 4.39 4.42 4.46 4.49 4.53 4.55 4.58 4.6 4.61 4.63 4.64 4.65 4.65 4.66 4.66 4.66 4.65 4.65 4.64 4.64 4.63 4.63 4.62 4.62 4.62 4.62 4.62 4.63 4.65 4.67 4.69 4.71 4.74 4.76 4.78 4.8 4.82 4.84 4.85 4.87 4.88 4.88 4.89 4.89 4.89 4.88 4.88 4.87 4.87 4.86 4.86 4.85 4.84 4.83 4.82 4.81 4.8 4.79 4.78 4.77 4.76
3.82 3.86 3.9 3.95 3.99 4.04 4.08 4.13 4.17 4.21 4.25 4.29 4.33 4.36 4.39 4.42 4.45 4.47 4.49 4.5 4.52 4.53 4.54 4.54 4.55 4.55 4.55 4.54 4.54 4.54 4.53 4.53 4.52 4.52 4.52 4.52 4.52 4.53 4.54 4.55 4.57 4.59 4.61 4.63 4.65 4.67 4.68 4.7 4.71 4.73 4.74 4.74 4.75 4.75 4.75 4.74 4.74 4.73 4.73 4.72 4.71 4.7 4.69 4.69 4.67 4.66 4.65 4.64 4.63 4.62 4.61 4.61
3.77 3.81 3.85 3.89 3.93 3.97 4.01 4.05 4.09 4.13 4.17 4.2 4.24 4.27 4.3 4.32 4.35 4.37 4.38 4.4 4.41 4.42 4.43 4.43 4.43 4.43 4.43 4.43 4.43 4.42 4.42 4.42 4.41 4.41 4.41 4.42 4.42 4.43 4.44 4.45 4.46 4.48 4.5 4.52 4.53 4.55 4.57 4.58 4.59 4.6 4.61 4.61 4.62 4.62 4.61 4.61 4.6 4.6 4.59 4.58 4.57 4.56 4.55 4.54 4.53 4.52 4.51 4.5 4.49 4.48 4.48 4.49
3.73 3.76 3.79 3.83 3.87 3.9 3.94 3.98 4.02 4.05 4.09 4.12 4.15 4.18 4.2 4.23 4.25 4.27 4.28 4.29 4.3 4.31 4.32 4.32 4.32 4.32 4.32 4.32 4.32 4.32 4.31 4.31 4.31 4.31 4.31 4.31 4.32 4.33 4.34 4.35 4.36 4.38 4.39 4.41 4.43 4.44 4.45 4.47 4.48 4.48 4.49 4.49 4.5 4.49 4.49 4.48 4.48 4.47 4.46 4.45 4.44 4.43 4.42 4.41 4.4 4.39 4.39 4.38 4.37 4.37 4.37 4.38
3.69 3.72 3.75 3.78 3.81 3.84 3.88 3.91 3.94 3.97 4.01 4.04 4.06 4.09 4.11 4.13 4.15 4.17 4.18 4.19 4.2 4.21 4.21 4.22 4.22 4.22 4.22 4.21 4.21 4.21 4.21 4.21 4.21 4.21 4.21 4.22 4.22 4.23 4.24 4.25 4.26 4.28 4.29 4.31 4.32 4.34 4.35 4.36 4.37 4.37 4.38 4.38 4.38 4.38 4.37 4.36 4.36 4.35 4.34 4.33 4.32 4.31 4.3 4.3 4.29 4.28 4.28 4.27 4.27 4.27 4.28 -3.4e+38
3.65 3.68 3.7 3.73 3.76 3.79 3.82 3.85 3.88 3.9 3.93 3.96 3.98 4.01 4.03 4.05 4.06 4.08 4.09 4.1 4.11 4.11 4.12 4.12 4.12 4.12 4.12 4.12 4.11 4.11 4.11 4.11 4.11 4.11 4.12 4.12 4.13 4.14 4.15 4.16 4.17 4.18 4.2 4.21 4.22 4.24 4.25 4.25 4.26 4.27 4.27 4.27 4.27 4.27 4.26 4.26 4.25 4.24 4.24 4.23 4.22 4.22 4.21 4.21 4.2 4.2 4.19 4.19 4.19 4.19 -3.4e+38 -3.4e+38
3.61 3.64 3.66 3.68 3.71 3.73 3.76 3.78 3.81 3.84 3.86 3.88 3.91 3.93 3.95 3.96 3.98 3.99 4 4.01 4.02 4.02 4.02 4.02 4.02 4.02 4.02 4.02 4.02 4.02 4.02 4.02 4.02 4.02 4.02 4.03 4.04 4.04 4.05 4.07 4.08 4.09 4.1 4.12 4.13 4.14 4.15 4.16 4.16 4.17 4.17 4.17 4.17 4.17 4.16 4.16 4.15 4.15 4.14 4.14 4.13 4.13 4.13 4.13 4.13 4.12 -3.4e+38 4.11 -3.4e+38 -3.4e+38 -3.4e+38 -3.4e+38
3.59 3.6 3.62 3.64 3.66 3.68 3.71 3.73 3.75 3.77 3.8 3.82 3.84 3.86 3.87 3.89 3.9 3.91 3.92 3.93 3.93 3.94 3.94 3.94 3.94 3.94 3.93 3.93 3.93 3.93 3.93 3.93 3.93 3.94 3.94 3.95 3.95 3.96 3.97 3.98 3.99 4.01 4.02 4.03 4.04 4.05 4.06 4.07 4.07 4.08 4.08 4.08 4.08 4.08 4.08 4.08 4.07 4.07 4.07 4.07 4.07 4.07 4.07 4.07 -3.4e+38 -3.4e+38 -3.4e+38 -3.4e+38 -3.4e+38 -3.4e+38 -3.4e+38 -3.4e+38
3.56 3.57 3.58 3.6 3.62 3.64 3.66 3.68 3.7 3.71 3.73 3.75 3.77 3.78 3.8 3.81 3.82 3.83 3.84 3.84 3.85 3.85 3.85 3.85 3.85 3.85 3.85 3.85 3.84 3.84 3.85 3.85 3.85 3.85 3.86 3.86 3.87 3.88 3.89 3.9 3.91 3.92 3.93 3.95 3.96 3.97 3.97 3.98 3.99 3.99 4 4 4 4 4 4 4 4 4 4 4.01 4.01 -3.4e+38 -3.4e+38 -3.4e+38 -3.4e+38 -3.4e+38 -3.4e+38 -3.4e+38 -3.4e+38 -3.4e+38 -3.4e+38
3.54 3.55 3.56 3.57 3.58 3.6 3.62 3.63 3.65 3.66 3.68 3.69 3.71 3.72 3.73 3.75 3.75 3.76 3.77 3.77 3.78 3.78 3.78 3.78 3.78 3.78 3.78 3.77 3.77 3.77 3.77 3.78 3.78 3.78 3.79 3.79 3.8 3.81 3.82 3.83 3.84 3.85 3.86 3.87 3.88 3.89 3.9 3.91 3.92 3.92 3.93 3.93 3.94 3.94 3.94 3.94 3.95 3.95 3.95 -3.4e+38 -3.4e+38 -3.4e+38 -3.4e+38 -3.4e+38 -3.4e+38 -3.4e+38 -3.4e+38 -3.4e+38 -3.4e+38 -3.4e+38 -3.4e+38 -3.4e+38
3.52 3.53 3.54 3.54 3.55 3.56 3.57 3.59 3.6 3.61 3.63 3.64 3.65 3.66 3.67 3.68 3.69 3.7 3.7 3.71 3.71 3.71 3.71 3.71 3.71 3.71 3.71 3.7 3.7 3.7 3.7 3.71 3.71 3.71 3.72 3.73 3.73 3.74 3.75 3.76 3.77 3.78 3.8 3.81 3.82 3.83 3.83 3.84 3.85 3.86 3.87 3.87 3.88 3.89 3.89 3.89 3.9 3.9 -3.4e+38 -3.4e+38 -3.4e+38 -3.4e+38 -3.4e+38 -3.4e+38 -3.4e+38 -3.4e+38 -3.4e+38 -3.4e+38 -3.4e+38 -3.4e+38 -3.4e+38 -3.4e+38
3.51 3.51 3.52 3.52 3.53 3.54 3.54 3.55 3.56 3.57 3.58 3.59 3.6 3.61 3.62 3.63 3.63 3.64 3.64 3.65 3.65 3.65 3.65 3.65 3.65 3.65 3.65 3.65 3.65 3.65 3.65 3.66 3.66 3.67 3.67 3.68 3.69 3.7 3.71 3.72 3.73 3.74 3.75 3.76 3.77 3.78 3.79 3.8 3.81 3.82 3.83 3.83 3.84 3.85 3.85 3.85 3.86 -3.4e+38 -3.4e+38 -3.4e+38 -3.4e+38 -3.4e+38 -3.4e+38 -3.4e+38 -3.4e+38 -3.4e+38 -3.4e+38 -3.4e+38 -3.4e+38 -3.4e+38 -3.4e+38 -3.4e+38
3.49 3.5 3.5 3.5 3.51 3.51 3.52 3.52 3.53 3.54 3.54 3.55 3.56 3.57 3.57 3.58 3.58 3.59 3.59 3.59 3.59 3.6 3.6 3.6 3.6 3.6 3.6 3.6 3.6 3.6 3.6 3.61 3.62 3.62 3.63 3.64 3.65 3.65 3.67 3.68 3.69 3.7 3.71 3.72 3.73 3.74 3.75 3.76 3.77 3.78 3.79 3.8 3.8 3.81 -3.4e+38 -3.4e+38 -3.4e+38 -3.4e+38 -3.4e+38 -3.4e+38 -3.4e+38 -3.4e+38 -3.4e+38 -3.4e+38 -3.4e+38 -3.4e+38 -3.4e+38 -3.4e+38 -3.4e+38 -3.4e+38 -3.4e+38 -3.4e+38
-3.4e+38 3.49 3.49 -3.4e+38 3.49 3.49 3.5 3.5 3.51 3.51 3.52 3.52 3.53 3.53 3.54 3.54 3.54 3.55 3.55 3.55 3.55 3.55 3.55 3.56 3.56 3.56 3.56 3.56 3.56 3.57 -3.4e+38 -3.4e+38 3.58 3.59 3.6 3.6 -3.4e+38 -3.4e+38 -3.4e+38 -3.4e+38 -3.4e+38 -3.4e+38 -3.4e+38 -3.4e+38 -3.4e+38 -3.4e+38 -3.4e+38 -3.4e+38 -3.4e+38 -3.4e+38 -3.4e+38 -3.4e+38 -3.4e+38 -3.4e+38 -3.4e+38 -3.4e+38 -3.4e+38 -3.4e+38 -3.4e+38 -3.4e+38 -3.4e+38 -3.4e+38 -3.4e+38 -3.4e+38 -3.4e+38 -3.4e+38 -3.4e+38 -3.4e+38 -3.4e+38 -3.4e+38 -3.4e+38 -3.4e+38
-3.4e+38 -3.4e+38 -3.4e+38 -3.4e+38 3.48 3.48 3.48 3.48 3.49 3.49 3.49 3.5 3.5 3.5 3.51 3.51 3.51 3.51 3.51 3.52 3.52 3.52 3.52 3.52 3.53 3.53 3.53 3.53 -3.4e+38 -3.4e+38 -3.4e+38 -3.4e+38 -3.4e+38 3.56 -3.4e+38 -3.4e+38 -3.4e+38 -3.4e+38 -3.4e+38 -3.4e+38 -3.4e+38 -3.4e+38 -3.4e+38 -3.4e+38 -3.4e+38 -3.4e+38 -3.4e+38 -3.4e+38 -3.4e+38 -3.4e+38 -3.4e+38 -3.4e+38 -3.4e+38 -3.4e+38 -3.4e+38 -3.4e+38 -3.4e+38 -3.4e+38 -3.4e+38 -3.4e+38 -3.4e+38 -3.4e+38 -3.4e+38 -3.4e+38 -3.4e+38 -3.4e+38 -3.4e+38 -3.4e+38 -3.4e+38 -3.4e+38 -3.4e+38 -3.4e+38
-3.4e+38 -3.4e+38 -3.4e+38 -3.4e+38 -3.4e+38 -3.4e+38 -3.4e+38 -3.4e+38 -3.4e+38 -3.4e+38 -3.4e+38 -3.4e+38 -3.4e+38 -3.4e+38 3.48 3.48 3.48 3.49 3.49 3.49 3.49 3.49 3.49 3.5 3.5 -3.4e+38 -3.4e+38 -3.4e+38 -3.4e+38 -3.4e+38 -3.4e+38 -3.4e+38 -3.4e+38 -3.4e+38 -3.4e+38 -3.4e+38 -3.4e+38 -3.4e+38 -3.4e+38 -3.4e+38 -3.4e+38 -3.4e+38 -3.4e+38 -3.4e+38 -3.4e+38 -3.4e+38 -3.4e+38 -3.4e+38 -3.4e+38 -3.4e+38 -3.4e+38 -3.4e+38 -3.4e+38 -3.4e+38 -3.4e+38 -3.4e+38 -3.4e+38 -3.4e+38 -3.4e+38 -3.4e+38 -3.4e+38 -3.4e+38 -3.4e+38 -3.4e+38 -3.4e+38 -3.4e+38 -3.4e+38 -3.4e+38 -3.4e+38 -3.4e+38 -3.4e+38 -3.4e+38
-3.4e+38 -3.4e+38 -3.4e+38 -3.4e+38 -3.4e+38 -3.4e+38 -3.4e+38 -3.4e+38 -3.4e+38 -3.4e+38 -3.4e+38 -3.4e+38 -3.4e+38 -3.4e+38 -3.4e+38 -3.4e+38 3.46 3.47 3.47 3.47 3.47 -3.4e+38 -3.4e+38 -3.4e+38 -3.4e+38 -3.4e+38 -3.4e+38 -3.4e+38 -3.4e+38 -3.4e+38 -3.4e+38 -3.4e+38 -3.4e+38 -3.4e+38 -3.4e+38 -3.4e+38 -3.4e+38 -3.4e+38 -3.4e+38 -3.4e+38 -3.4e+38 -3.4e+38 -3.4e+38 -3.4e+38 -3.4e+38 -3.4e+38 -3.4e+38 -3.4e+38 -3.4e+38 -3.4e+38 -3.4e+38 -3.4e+38 -3.4e+38 -3.4e+38 -3.4e+38 -3.4e+38 -3.4e+38 -3.4e+38 -3.4e+38 -3.4e+38 -3.4e+38 -3.4e+38 -3.4e+38 -3.4e+38 -3.4e+38 -3.4e+38 -3.4e+38 -3.4e+38 -3.4e+38 -3.4e+38 -3.4e+38 -3.4e+38
-3.4e+38 -3.4e+38 -3.4e+38 -3.4e+38 -3.4e+38 -3.4e+38 -3.4e+38 -3.4e+38 -3.4e+38 -3.4e+38 -3.4e+38 -3.4e+38 -3.4e+38 -3.4e+38 -3.4e+38 -3.4e+38 -3.4e+38 -3.4e+38 -3.4e+38 -3.4e+38 -3.4e+38 -3.4e+38 -3.4e+38 -3.4e+38 -3.4e+38 -3.4e+38 -3.4e+38 -3.4e+38 -3.4e+38 -3.4e+38 -3.4e+38 -3.4e+38 -3.4e+38 -3.4e+38 -3.4e+38 -3.4e+38 -3.4e+38 -3.4e+38 -3.4e+38 -3.4e+38 -3.4e+38 -3.4e+38 -3.4e+38 -3.4e+38 -3.4e+38 -3.4e+38 -3.4e+38 -3.4e+38 -3.4e+38 -3.4e+38 -3.4e+38 -3.4e+38 -3.4e+38 -3.4e+38 -3.4e+38 -3.4e+38 -3.4e+38 -3.4e+38 -3.4e+38 -3.4e+38 -3.4e+38 -3.4e+38 -3.4e+38 -3.4e+38 -3.4e+38 -3.4e+38 -3.4e+38 -3.4e+38 -3.4e+38 -3.4e+38 -3.4e+38 -3.4e+38
-3.4e+38 -3.4e+38 -3.4e+38 -3.4e+38 -3.4e+38 -3.4e+38 -3.4e+38 -3.4e+38 -3.4e+38 -3.4e+38 -3.4e+38 -3.4e+38 -3.4e+38 -3.4e+38 -3.4e+38 -3.4e+38 -3.4e+38 -3.4e+38 -3.4e+38 -3.4e+38 -3.4e+38 -3.4e+38 -3.4e+38 -3.4e+38 -3.4e+38 -3.4e+38 -3.4e+38 -3.4e+38 -3.4e+38 -3.4e+38 -3.4e+38 -3.4e+38 -3.4e+38 -3.4e+38 -3.4e+38 -3.4e+38 -3.4e+38 -3.4e+38 -3.4e+38 -3.4e+38 -3.4e+38 -3.4e+38 -3.4e+38 -3.4e+38 -3.4e+38 -3.4e+38 -3.4e+38 -3.4e+38 -3.4e+38 -3.4e+38 -3.4e+38 -3.4e+38 -3.4e+38 -3.4e+38 -3.4e+38 -3.4e+38 -3.4e+38 -3.4e+38 -3.4e+38 -3.4e+38 -3.4e+38 -3.4e+38 -3.4e+38 -3.4e+38 -3.4e+38 -3.4e+38 -3.4e+38 -3.4e+38 -3.4e+38 -3.4e+38 -3.4e+38 -3.4e+38
-3.4e+38 -3.4e+38 -3.4e+38 -3.4e+38 -3.4e+38 -3.4e+38 -3.4e+38 -3.4e+38 -3.4e+38 -3.4e+38 -3.4e+38 -3.4e+38 -3.4e+38 -3.4e+38 -3.4e+38 -3.4e+38 -3.4e+38 -3.4e+38 -3.4e+38 -3.4e+38 -3.4e+38 -3.4e+38 -3.4e+38 -3.4e+38 -3.4e+38 -3.4e+38 -3.4e+38 -3.4e+38 -3.4e+38 -3.4e+38 -3.4e+38 -3.4e+38 -3.4e+38 -3.4e+38 -3.4e+38 -3.4e+38 -3.4e+38 -3.4e+38 -3.4e+38 -3.4e+38 -3.4e+38 -3.4e+38 -3.4e+38 -3.4e+38 -3.4e+38 -3.4e+38 -3.4e+38 -3.4e+38 -3.4e+38 -3.4e+38 -3.4e+38 -3.4e+38 -3.4e+38 -3.4e+38 -3.4e+38 -3.4e+38 -3.4e+38 -3.4e+38 -3.4e+38 -3.4e+38 -3.4e+38 -3.4e+38 -3.4e+38 -3.4e+38 -3.4e+38 -3.4e+38 -3.4e+38 -3.4e+38 -3.4e+38 -3.4e+38 -3.4e+38 -3.4e+38
-3.4e+38 -3.4e+38 -3.4e+38 -3.4e+38 -3.4e+38 -3.4e+38 -3.4e+38 -3.4e+38 -3.4e+38 -3.4e+38 -3.4e+38 -3.4e+38 -3.4e+38 -3.4e+38 -3.4e+38 -3.4e+38 -3.4e+38 -3.4e+38 -3.4e+38 -3.4e+38 -3.4e+38 -3.4e+38 -3.4e+38 -3.4e+38 -3.4e+38 -3.4e+38 -3.4e+38 -3.4e+38 -3.4e+38 -3.4e+38 -3.4e+38 -3.4e+38 -3.4e+38 -3.4e+38 -3.4e+38 -3.4e+38 -3.4e+38 -3.4e+38 -3.4e+38 -3.4e+38 -3.4e+38 -3.4e+38 -3.4e+38 -3.4e+38 -3.4e+38 -3.4e+38 -3.4e+38 -3.4e+38 -3.4e+38 -3.4e+38 -3.4e+38 -3.4e+38 -3.4e+38 -3.4e+38 -3.4e+38 -3.4e+38 -3.4e+38 -3.4e+38 -3.4e+38 -3.4e+38 -3.4e+38 -3.4e+38 -3.4e+38 -3.4e+38 -3.4e+38 -3.4e+38 -3.4e+38 -3.4e+38 -3.4e+38 -3.4e+38 -3.4e+38 -3.4e+38
-3.4e+38 -3.4e+38 -3.4e+38 -3.4e+38 -3.4e+38 -3.4e+38 -3.4e+38 -3.4e+38 -3.4e+38 -3.4e+38 -3.4e+38 -3.4e+38 -3.4e+38 -3.4e+38 -3.4e+38 -3.4e+38 -3.4e+38 -3.4e+38 -3.4e+38 -3.4e+38 -3.4e+38 -3.4e+38 -3.4e+38 -3.4e+38 -3.4e+38 -3.4e+38 -3.4e+38 -3.4e+38 -3.4e+38 -3.4e+38 -3.4e+38 -3.4e+38 -3.4e+38 -3.4e+38 -3.4e+38 -3.4e+38 -3.4e+38 -3.4e+38 -3.4e+38 -3.4e+38 -3.4e+38 -3.4e+38 -3.4e+38 -3.4e+38 -3.4e+38 -3.4e+38 -3.4e+38 -3.4e+38 -3.4e+38 -3.4e+38 -3.4e+38 -3.4e+38 -3.4e+38 -3.4e+38 -3.4e+38 -3.4e+38 -3.4e+38 -3.4e+38 -3.4e+38 -3.4e+38 -3.4e+38 -3.4e+38 -3.4e+38 -3.4e+38 -3.4e+38 -3.4e+38 -3.4e+38 -3.4e+38 -3.4e+38 -3.4e+38 -3.4e+38 -3.4e+38
-3.4e+38 -3.4e+38 -3.4e+38 -3.4e+38 -3.4e+38 -3.4e+38 -3.4e+38 -3.4e+38 -3.4e+38 -3.4e+38 -3.4e+38 -3.4e+38 -3.4e+38 -3.4e+38 -3.4e+38 -3.4e+38 -3.4e+38 -3.4e+38 -3.4e+38 -3.4e+38 -3.4e+38 -3.4e+38 -3.4e+38 -3.4e+38 -3.4e+38 -3.4e+38 -3.4e+38 -3.4e+38 -3.4e+38 -3.4e+38 -3.4e+38 -3.4e+38 -3.4e+38 -3.4e+38 -3.4e+38 -3.4e+38 -3.4e+38 -3.4e+38 -3.4e+38 -3.4e+38 -3.4e+38 -3.4e+38 -3.4e+38 -3.4e+38 -3.4e+38 -3.4e+38 -3.4e+38 -3.4e+38 -3.4e+38 -3.4e+38 -3.4e+38 -3.4e+38 -3.4e+38 -3.4e+38 -3.4e+38 -3.4e+38 -3.4e+38 -3.4e+38 -3.4e+38 -3.4e+38 -3.4e+38 -3.4e+38 -3.4e+38 -3.4e+38 -3.4e+38 -3.4e+38 -3.4e+38 -3.4e+38 -3.4e+38 -3.4e+38 -3.4e+38 -3.4e+38
