maui/input/month_year_rainfall/maui_prcp_10_2001.asc
ncols        361
nrows        320
xllcorner    -156.738000000000
yllcorner    20.343000000000
cellsize     0.002250000000
NODATA_value -3.4028234663852885981e+38
[rows 160 to 191 of 320, columns 216 to 287 of 361]
1.66 1.7 1.74 1.78 1.82 1.86 1.9 1.95 1.99 2.04 2.09 2.13 2.18 2.23 2.28 2.34 2.39 2.44 2.49 2.54 2.59 2.64 2.69 2.75 2.81 2.86 2.92 2.97 3.04 3.11 3.19 3.29 3.39 3.51 3.64 3.81 4 4.24 4.5 4.81 5.17 5.58 6.05 6.59 7.19 7.87 8.62 9.43 10.3 11.1 12 12.9 13.8 14.7 15.6 16.5 17.4 18.4 19.4 20.5 21.6 22.7 23.9 25.1 26.3 27.5 28.7 29.8 30.8 31.8 32.5 33.2
1.69 1.72 1.76 1.8 1.84 1.89 1.93 1.97 2.02 2.06 2.11 2.16 2.21 2.26 2.32 2.37 2.42 2.47 2.52 2.57 2.62 2.67 2.73 2.78 2.84 2.9 2.95 3 3.07 3.14 3.22 3.3 3.4 3.52 3.66 3.83 4.03 4.27 4.55 4.87 5.24 5.65 6.13 6.66 7.24 7.89 8.6 9.35 10.1 10.9 11.8 12.6 13.5 14.3 15.2 16.1 17 17.9 18.9 19.9 21 22.1 23.2 24.4 25.6 26.7 27.9 29 30 31 31.7 32.3
1.72 1.75 1.79 1.83 1.87 1.91 1.95 2 2.04 2.09 2.14 2.19 2.25 2.3 2.35 2.41 2.46 2.51 2.56 2.61 2.66 2.72 2.78 2.83 2.89 2.94 3 3.05 3.11 3.18 3.26 3.35 3.44 3.56 3.7 3.88 4.08 4.33 4.61 4.94 5.31 5.72 6.19 6.71 7.27 7.89 8.55 9.25 9.99 10.8 11.5 12.3 13.2 14 14.8 15.7 16.5 17.4 18.4 19.4 20.4 21.5 22.6 23.7 24.9 26.1 27.2 28.3 29.3 30.2 30.9 31.5
1.74 1.78 1.82 1.86 1.89 1.94 1.98 2.02 2.07 2.12 2.17 2.22 2.28 2.34 2.39 2.45 2.5 2.55 2.61 2.66 2.71 2.77 2.83 2.89 2.95 3 3.05 3.11 3.17 3.24 3.32 3.4 3.5 3.62 3.76 3.94 4.15 4.39 4.67 5 5.37 5.77 6.24 6.74 7.28 7.87 8.49 9.15 9.83 10.6 11.3 12.1 12.8 13.6 14.4 15.2 16.1 17 17.9 18.8 19.8 20.8 21.9 23.1 24.2 25.4 26.5 27.6 28.5 29.4 30.1 30.6
1.77 1.8 1.84 1.88 1.92 1.96 2 2.05 2.1 2.15 2.2 2.26 2.31 2.37 2.43 2.49 2.54 2.6 2.65 2.71 2.77 2.83 2.89 2.95 3.01 3.06 3.11 3.17 3.24 3.31 3.39 3.49 3.59 3.7 3.84 4.02 4.22 4.46 4.74 5.06 5.42 5.83 6.28 6.76 7.29 7.84 8.42 9.03 9.68 10.4 11.1 11.8 12.5 13.3 14 14.8 15.6 16.5 17.4 18.3 19.2 20.3 21.3 22.5 23.6 24.7 25.8 26.9 27.8 28.6 29.2 29.6
1.79 1.83 1.86 1.9 1.94 1.98 2.02 2.07 2.12 2.18 2.23 2.29 2.34 2.4 2.46 2.52 2.58 2.64 2.7 2.76 2.83 2.89 2.96 3.02 3.07 3.13 3.18 3.25 3.32 3.39 3.48 3.57 3.68 3.8 3.94 4.11 4.3 4.54 4.81 5.12 5.48 5.88 6.32 6.79 7.29 7.81 8.35 8.92 9.52 10.2 10.8 11.5 12.2 12.9 13.7 14.4 15.2 16 16.9 17.8 18.7 19.7 20.8 21.9 23 24.1 25.2 26.2 27 27.7 28.2 28.6
1.81 1.84 1.88 1.91 1.95 2 2.04 2.09 2.15 2.2 2.26 2.31 2.37 2.44 2.5 2.56 2.62 2.68 2.75 2.81 2.88 2.95 3.02 3.08 3.14 3.2 3.26 3.33 3.41 3.49 3.57 3.67 3.78 3.9 4.05 4.21 4.4 4.63 4.89 5.19 5.54 5.93 6.36 6.81 7.29 7.78 8.28 8.81 9.36 9.95 10.6 11.2 11.9 12.6 13.3 14.1 14.8 15.6 16.4 17.3 18.2 19.2 20.3 21.3 22.4 23.5 24.4 25.4 26.1 26.8 27.2 27.5
1.82 1.86 1.89 1.93 1.96 2.01 2.05 2.11 2.16 2.22 2.28 2.34 2.4 2.46 2.53 2.59 2.65 2.71 2.78 2.85 2.93 3 3.08 3.15 3.22 3.28 3.35 3.43 3.51 3.59 3.68 3.77 3.88 4.01 4.16 4.32 4.51 4.73 4.98 5.27 5.61 5.98 6.4 6.84 7.3 7.74 8.2 8.69 9.2 9.75 10.3 10.9 11.6 12.2 12.9 13.6 14.4 15.2 16 16.8 17.7 18.7 19.7 20.7 21.7 22.7 23.6 24.5 25.2 25.8 26.2 26.5
1.83 1.86 1.9 1.93 1.97 2.01 2.06 2.12 2.17 2.23 2.29 2.36 2.42 2.49 2.56 2.62 2.68 2.74 2.81 2.89 2.97 3.05 3.13 3.22 3.3 3.37 3.45 3.53 3.62 3.71 3.8 3.89 4 4.12 4.27 4.43 4.62 4.83 5.08 5.36 5.68 6.04 6.43 6.85 7.29 7.7 8.12 8.56 9.04 9.54 10.1 10.6 11.2 11.9 12.5 13.2 13.9 14.7 15.5 16.3 17.2 18.1 19 20 21 21.9 22.7 23.5 24.2 24.8 25.1 25.3
1.83 1.86 1.9 1.93 1.97 2.01 2.06 2.12 2.18 2.24 2.3 2.37 2.44 2.51 2.58 2.64 2.71 2.77 2.85 2.92 3.01 3.09 3.19 3.28 3.36 3.44 3.52 3.61 3.7 3.79 3.89 3.99 4.09 4.22 4.36 4.52 4.7 4.91 5.15 5.41 5.71 6.05 6.41 6.79 7.19 7.57 7.97 8.38 8.81 9.27 9.76 10.3 10.9 11.5 12.1 12.8 13.5 14.2 14.9 15.7 16.6 17.4 18.3 19.3 20.1 21 21.8 22.6 23.1 23.7 23.9 24.1
1.83 1.86 1.89 1.92 1.96 2.01 2.06 2.12 2.18 2.24 2.31 2.38 2.45 2.52 2.6 2.67 2.73 2.8 2.88 2.96 3.05 3.14 3.25 3.34 3.42 3.51 3.59 3.67 3.76 3.86 3.97 4.08 4.19 4.31 4.44 4.6 4.78 4.99 5.21 5.46 5.74 6.04 6.37 6.72 7.07 7.43 7.8 8.18 8.57 8.98 9.42 9.9 10.4 11.1 11.7 12.3 13 13.7 14.4 15.2 15.9 16.8 17.6 18.5 19.3 20.1 20.8 21.5 22.1 22.6 22.8 22.9
1.81 1.84 1.87 1.91 1.95 2 2.05 2.11 2.17 2.24 2.31 2.38 2.46 2.53 2.61 2.68 2.75 2.82 2.9 2.98 3.07 3.16 3.26 3.36 3.44 3.53 3.62 3.7 3.79 3.9 4.02 4.13 4.25 4.37 4.51 4.66 4.83 5.03 5.24 5.48 5.73 6.01 6.31 6.62 6.94 7.27 7.6 7.94 8.29 8.66 9.05 9.47 10 10.6 11.2 11.9 12.5 13.2 13.8 14.5 15.3 16.1 16.8 17.6 18.4 19.1 19.8 20.4 20.9 21.3 21.5 21.5
1.8 1.82 1.85 1.89 1.93 1.98 2.03 2.1 2.16 2.23 2.31 2.38 2.46 2.54 2.62 2.7 2.77 2.84 2.91 3 3.08 3.17 3.27 3.36 3.45 3.54 3.64 3.73 3.82 3.94 4.06 4.19 4.31 4.44 4.57 4.72 4.88 5.07 5.27 5.49 5.73 5.98 6.25 6.52 6.81 7.11 7.41 7.72 8.03 8.36 8.7 9.06 9.59 10.2 10.8 11.4 12 12.6 13.3 13.9 14.6 15.3 16 16.8 17.5 18.1 18.7 19.3 19.7 20.1 20.1 20.1
1.77 1.8 1.83 1.87 1.91 1.96 2.01 2.08 2.15 2.22 2.3 2.38 2.46 2.55 2.63 2.7 2.77 2.83 2.9 2.98 3.05 3.14 3.23 3.32 3.41 3.51 3.61 3.71 3.81 3.92 4.05 4.19 4.32 4.45 4.58 4.72 4.89 5.07 5.26 5.47 5.69 5.92 6.16 6.41 6.67 6.94 7.21 7.48 7.77 8.07 8.4 8.78 9.25 9.8 10.4 10.9 11.5 12.1 12.7 13.3 13.9 14.6 15.2 15.9 16.5 17.1 17.6 18.1 18.3 18.6 18.5 18.4
1.75 1.78 1.81 1.84 1.88 1.94 1.99 2.06 2.13 2.2 2.28 2.37 2.46 2.55 2.63 2.7 2.76 2.82 2.88 2.95 3.02 3.09 3.18 3.27 3.36 3.46 3.57 3.68 3.78 3.9 4.03 4.17 4.32 4.45 4.58 4.72 4.88 5.06 5.25 5.44 5.65 5.86 6.08 6.31 6.54 6.77 7.01 7.26 7.51 7.79 8.1 8.48 8.92 9.42 9.94 10.5 11 11.5 12.1 12.6 13.2 13.8 14.3 14.9 15.4 15.9 16.4 16.7 16.9 17 16.9 16.8
1.72 1.75 1.78 1.82 1.86 1.91 1.97 2.04 2.11 2.18 2.26 2.35 2.44 2.53 2.61 2.67 2.72 2.78 2.83 2.89 2.96 3.03 3.11 3.19 3.28 3.38 3.5 3.61 3.72 3.84 3.96 4.11 4.25 4.4 4.54 4.68 4.84 5.02 5.2 5.38 5.58 5.77 5.97 6.18 6.38 6.59 6.8 7.01 7.24 7.49 7.78 8.14 8.56 9.02 9.5 9.98 10.5 10.9 11.4 11.9 12.4 12.8 13.3 13.7 14.2 14.6 14.9 15.2 15.4 15.5 15.4 15.4
1.69 1.72 1.75 1.79 1.83 1.89 1.95 2.02 2.09 2.16 2.24 2.32 2.41 2.5 2.58 2.63 2.68 2.73 2.78 2.84 2.9 2.96 3.03 3.11 3.19 3.29 3.41 3.52 3.64 3.76 3.88 4.02 4.17 4.32 4.48 4.62 4.78 4.95 5.13 5.31 5.49 5.67 5.85 6.03 6.22 6.4 6.58 6.76 6.95 7.16 7.43 7.78 8.18 8.6 9.04 9.47 9.9 10.3 10.7 11.2 11.6 11.9 12.3 12.7 13 13.3 13.6 13.8 14 14.1 14.1 14
1.66 1.69 1.73 1.77 1.82 1.87 1.93 2 2.07 2.14 2.22 2.29 2.37 2.45 2.52 2.57 2.62 2.66 2.71 2.76 2.83 2.89 2.95 3.01 3.09 3.18 3.28 3.39 3.51 3.63 3.76 3.91 4.05 4.21 4.36 4.52 4.68 4.84 5.01 5.18 5.35 5.52 5.69 5.85 6.01 6.17 6.33 6.48 6.63 6.79 7.02 7.37 7.75 8.15 8.55 8.95 9.33 9.7 10.1 10.4 10.8 11.1 11.4 11.7 12 12.3 12.5 12.7 12.8 12.9 12.9 12.9
1.65 1.68 1.71 1.76 1.8 1.86 1.92 1.98 2.05 2.12 2.19 2.25 2.32 2.39 2.45 2.5 2.55 2.59 2.64 2.69 2.74 2.8 2.85 2.9 2.97 3.05 3.15 3.25 3.37 3.49 3.63 3.77 3.92 4.07 4.23 4.38 4.54 4.7 4.86 5.03 5.19 5.35 5.5 5.66 5.8 5.95 6.09 6.22 6.35 6.47 6.65 7.01 7.37 7.74 8.1 8.45 8.79 9.12 9.44 9.75 10.1 10.3 10.6 10.9 11.1 11.3 11.5 11.7 11.8 11.8 11.8 11.8
1.64 1.67 1.71 1.75 1.8 1.85 1.91 1.97 2.03 2.09 2.15 2.21 2.27 2.33 2.39 2.43 2.48 2.52 2.56 2.6 2.65 2.69 2.74 2.79 2.85 2.92 3 3.1 3.22 3.34 3.48 3.62 3.76 3.91 4.06 4.21 4.37 4.53 4.68 4.84 5 5.16 5.3 5.45 5.59 5.72 5.85 5.98 6.11 6.25 6.45 6.73 7.04 7.36 7.67 7.98 8.28 8.57 8.84 9.11 9.37 9.61 9.84 10.1 10.3 10.4 10.6 10.7 10.8 10.8 10.8 10.8
1.63 1.67 1.7 1.75 1.79 1.84 1.9 1.95 2.01 2.06 2.12 2.17 2.22 2.28 2.32 2.36 2.4 2.44 2.47 2.5 2.54 2.58 2.62 2.67 2.72 2.78 2.85 2.95 3.06 3.19 3.32 3.45 3.59 3.74 3.88 4.03 4.18 4.34 4.49 4.65 4.8 4.95 5.1 5.24 5.37 5.5 5.63 5.76 5.9 6.06 6.25 6.49 6.75 7.02 7.29 7.56 7.81 8.07 8.3 8.53 8.75 8.96 9.16 9.34 9.5 9.65 9.77 9.87 9.93 9.97 9.97 9.96
1.63 1.66 1.7 1.74 1.79 1.84 1.89 1.93 1.98 2.03 2.08 2.12 2.17 2.22 2.26 2.29 2.31 2.34 2.37 2.4 2.43 2.47 2.5 2.55 2.6 2.65 2.71 2.8 2.91 3.03 3.16 3.29 3.41 3.55 3.69 3.84 3.98 4.14 4.29 4.44 4.59 4.73 4.87 5.02 5.15 5.28 5.41 5.55 5.69 5.86 6.04 6.25 6.47 6.7 6.92 7.15 7.37 7.58 7.79 7.98 8.16 8.34 8.51 8.67 8.8 8.91 9 9.06 9.11 9.15 9.16 9.16
1.62 1.66 1.69 1.74 1.78 1.82 1.87 1.91 1.95 2 2.04 2.07 2.11 2.15 2.18 2.2 2.22 2.24 2.26 2.28 2.31 2.35 2.38 2.43 2.47 2.53 2.59 2.68 2.78 2.89 3 3.12 3.25 3.38 3.51 3.66 3.8 3.95 4.1 4.24 4.38 4.53 4.66 4.8 4.93 5.06 5.19 5.34 5.49 5.66 5.84 6.03 6.21 6.4 6.58 6.77 6.95 7.13 7.3 7.46 7.62 7.77 7.91 8.04 8.16 8.25 8.33 8.39 8.44 8.48 8.51 8.53
1.61 1.65 1.69 1.73 1.77 1.81 1.85 1.89 1.92 1.96 2 2.03 2.05 2.07 2.09 2.11 2.12 2.14 2.15 2.17 2.2 2.23 2.26 2.3 2.35 2.41 2.48 2.56 2.64 2.75 2.85 2.96 3.07 3.2 3.33 3.47 3.61 3.76 3.9 4.04 4.17 4.3 4.43 4.56 4.69 4.82 4.95 5.1 5.25 5.42 5.6 5.78 5.93 6.08 6.21 6.36 6.51 6.66 6.8 6.94 7.08 7.2 7.32 7.42 7.52 7.6 7.67 7.74 7.8 7.86 7.9 7.94
1.61 1.64 1.68 1.72 1.75 1.79 1.83 1.86 1.89 1.92 1.94 1.96 1.98 1.99 2 2.01 2.02 2.03 2.04 2.06 2.08 2.11 2.14 2.18 2.23 2.29 2.35 2.43 2.51 2.61 2.71 2.82 2.93 3.05 3.18 3.32 3.46 3.6 3.73 3.86 3.99 4.11 4.23 4.36 4.48 4.6 4.73 4.87 5.02 5.19 5.37 5.55 5.68 5.8 5.91 6.04 6.17 6.31 6.44 6.57 6.69 6.81 6.91 7.01 7.1 7.17 7.24 7.3 7.35 7.4 7.46 7.51
1.6 1.63 1.67 1.71 1.74 1.78 1.81 1.83 1.86 1.88 1.89 1.9 1.9 1.91 1.91 1.91 1.91 1.92 1.93 1.94 1.96 1.98 2.02 2.06 2.1 2.16 2.22 2.29 2.38 2.47 2.57 2.68 2.79 2.91 3.04 3.17 3.3 3.43 3.56 3.68 3.79 3.91 4.02 4.14 4.25 4.37 4.49 4.62 4.76 4.92 5.08 5.25 5.38 5.48 5.59 5.71 5.83 5.96 6.08 6.2 6.32 6.42 6.52 6.61 6.69 6.76 6.82 6.87 6.92 6.97 7.03 7.09
1.59 1.62 1.66 1.69 1.72 1.75 1.77 1.79 1.81 1.82 1.83 1.83 1.82 1.82 1.81 1.81 1.8 1.8 1.8 1.81 1.83 1.86 1.89 1.94 1.99 2.05 2.12 2.2 2.28 2.38 2.48 2.59 2.7 2.82 2.95 3.08 3.2 3.33 3.45 3.56 3.67 3.78 3.89 4 4.11 4.22 4.33 4.45 4.58 4.71 4.85 4.99 5.1 5.21 5.31 5.42 5.53 5.65 5.76 5.87 5.97 6.07 6.16 6.25 6.33 6.4 6.46 6.53 6.59 6.65 6.71 6.77
1.58 1.61 1.65 1.68 1.7 1.72 1.74 1.75 1.76 1.77 1.76 1.76 1.75 1.73 1.72 1.7 1.69 1.68 1.68 1.69 1.71 1.74 1.77 1.82 1.88 1.94 2.02 2.1 2.19 2.28 2.38 2.5 2.61 2.73 2.86 2.98 3.11 3.22 3.33 3.44 3.55 3.65 3.75 3.85 3.95 4.05 4.16 4.26 4.38 4.49 4.61 4.72 4.82 4.92 5.02 5.13 5.23 5.33 5.44 5.53 5.63 5.72 5.81 5.9 5.98 6.05 6.13 6.2 6.27 6.35 6.41 6.47
1.57 1.6 1.62 1.65 1.67 1.69 1.7 1.71 1.71 1.71 1.7 1.69 1.67 1.65 1.62 1.6 1.58 1.57 1.56 1.57 1.59 1.62 1.67 1.72 1.78 1.85 1.93 2.02 2.11 2.21 2.31 2.43 2.54 2.67 2.79 2.91 3.03 3.14 3.24 3.34 3.44 3.53 3.63 3.72 3.81 3.9 3.99 4.08 4.18 4.28 4.37 4.47 4.56 4.65 4.75 4.84 4.94 5.04 5.13 5.23 5.32 5.41 5.5 5.59 5.67 5.75 5.84 -3.4e+38 -3.4e+38 -3.4e+38 6.14 -3.4e+38
1.55 1.57 1.6 1.62 1.64 1.65 1.66 1.66 1.66 1.65 1.63 1.62 1.59 1.56 1.53 1.5 1.47 1.45 1.45 1.46 1.48 1.52 1.57 1.63 1.69 1.77 1.85 1.94 2.03 2.13 2.24 2.36 2.48 2.6 2.72 2.84 2.95 3.05 3.15 3.24 3.33 3.42 3.5 3.58 3.66 3.74 3.81 3.9 3.98 4.06 4.14 4.22 4.3 4.39 4.48 4.57 4.66 4.76 4.85 4.94 5.03 5.12 5.21 5.3 -3.4e+38 -3.4e+38 -3.4e+38 -3.4e+38 -3.4e+38 -3.4e+38 -3.4e+38 -3.4e+38
1.52 1.54 1.56 1.58 1.6 1.6 1.61 1.61 1.6 1.59 1.57 1.54 1.52 1.48 1.45 1.41 1.38 1.35 1.35 1.36 1.39 1.42 1.48 1.54 1.61 1.69 1.78 1.87 1.96 2.07 2.18 2.3 2.42 2.55 2.67 2.79 2.89 2.98 3.07 3.16 3.23 3.31 3.38 3.45 3.51 3.58 3.65 3.72 3.79 3.86 3.92 3.99 4.06 4.14 4.21 4.3 4.39 4.49 4.58 4.67 4.76 4.85 4.94 -3.4e+38 -3.4e+38 -3.4e+38 -3.4e+38 -3.4e+38 -3.4e+38 -3.4e+38 -3.4e+38 -3.4e+38
1.49 1.51 1.53 1.54 1.55 1.56 1.56 1.55 1.54 1.52 1.5 1.47 1.44 1.41 1.37 1.34 1.3 1.27 1.27 1.29 1.31 1.35 1.41 1.48 1.55 1.63 1.72 1.81 1.91 2.01 2.13 2.25 2.38 2.51 2.64 2.75 2.84 2.92 3 3.07 3.14 3.21 3.26 3.32 3.38 3.44 3.49 3.55 3.61 3.66 3.72 3.78 3.84 3.91 3.97 4.06 4.14 4.23 4.32 4.41 4.5 4.59 -3.4e+38 -3.4e+38 -3.4e+38 -3.4e+38 -3.4e+38 -3.4e+38 -3.4e+38 -3.4e+38 -3.4e+38 -3.4e+38
