maui/input/month_year_rainfall/maui_prcp_10_2002.asc
ncols        361
nrows        320
xllcorner    -156.738000000000
yllcorner    20.343000000000
cellsize     0.002250000000
NODATA_value -3.4028234663852885981e+38
[rows 64 to 95 of 320, columns 0 to 71 of 361]
-3.4e+38 -3.4e+38 -3.4e+38 -3.4e+38 -3.4e+38 -3.4e+38 -3.4e+38 -3.4e+38 -3.4e+38 -3.4e+38 -3.4e+38 -3.4e+38 -3.4e+38 -3.4e+38 -3.4e+38 -3.4e+38 -3.4e+38 2.58 2.65 2.72 2.78 2.84 2.88 2.88 2.85 2.83 2.83 2.88 2.96 3.08 3.26 3.47 3.74 4.02 4.39 4.73 5.14 5.52 5.93 6.3 6.65 6.95 7.22 7.43 7.62 7.75 7.89 8.08 8.34 8.79 9.35 9.99 10.7 11.4 12.3 13.2 14.1 15 15.9 16.8 17.6 18.3 18.9 19.4 19.8 20 20.1 20.1 20 19.8 19.5 19.2
-3.4e+38 -3.4e+38 -3.4e+38 -3.4e+38 -3.4e+38 -3.4e+38 -3.4e+38 -3.4e+38 -3.4e+38 -3.4e+38 -3.4e+38 -3.4e+38 -3.4e+38 -3.4e+38 -3.4e+38 -3.4e+38 -3.4e+38 2.54 2.61 2.68 2.73 2.8 2.84 2.82 2.77 2.75 2.74 2.78 2.86 2.97 3.15 3.35 3.62 3.89 4.25 4.6 5 5.38 5.79 6.17 6.52 6.83 7.11 7.34 7.55 7.72 7.9 8.15 8.46 8.93 9.48 10.1 10.9 11.6 12.5 13.5 14.4 15.4 16.3 17.2 17.9 18.7 19.3 19.7 20.1 20.3 20.4 20.3 20.2 20 19.7 19.3
-3.4e+38 -3.4e+38 -3.4e+38 -3.4e+38 -3.4e+38 -3.4e+38 -3.4e+38 -3.4e+38 -3.4e+38 -3.4e+38 -3.4e+38 -3.4e+38 -3.4e+38 -3.4e+38 -3.4e+38 -3.4e+38 -3.4e+38 -3.4e+38 2.56 2.62 2.66 2.71 2.72 2.71 2.66 2.64 2.63 2.67 2.75 2.86 3.03 3.22 3.48 3.75 4.11 4.45 4.84 5.21 5.61 5.99 6.35 6.68 6.97 7.21 7.45 7.65 7.87 8.17 8.53 9.02 9.59 10.3 11 11.8 12.7 13.7 14.7 15.6 16.6 17.4 18.2 18.9 19.5 20 20.3 20.5 20.6 20.5 20.4 20.1 19.8 19.3
-3.4e+38 -3.4e+38 -3.4e+38 -3.4e+38 -3.4e+38 -3.4e+38 -3.4e+38 -3.4e+38 -3.4e+38 -3.4e+38 -3.4e+38 -3.4e+38 -3.4e+38 -3.4e+38 -3.4e+38 -3.4e+38 -3.4e+38 -3.4e+38 -3.4e+38 2.55 2.58 2.61 2.6 2.59 2.55 2.52 2.51 2.55 2.63 2.74 2.91 3.1 3.35 3.6 3.96 4.29 4.65 5 5.4 5.77 6.14 6.47 6.77 7.03 7.29 7.52 7.78 8.12 8.53 9.05 9.65 10.3 11.1 11.9 12.8 13.8 14.8 15.8 16.7 17.6 18.4 19.1 19.7 20.2 20.5 20.7 20.7 20.6 20.5 20.1 19.8 19.3
-3.4e+38 -3.4e+38 -3.4e+38 -3.4e+38 -3.4e+38 -3.4e+38 -3.4e+38 -3.4e+38 -3.4e+38 -3.4e+38 -3.4e+38 -3.4e+38 -3.4e+38 -3.4e+38 -3.4e+38 -3.4e+38 -3.4e+38 -3.4e+38 -3.4e+38 -3.4e+38 2.5 2.51 2.5 2.48 2.43 2.4 2.39 2.44 2.52 2.63 2.79 2.97 3.21 3.45 3.79 4.1 4.45 4.78 5.16 5.53 5.9 6.23 6.54 6.81 7.09 7.35 7.63 8.02 8.46 9.03 9.66 10.4 11.1 11.9 12.9 13.9 14.9 15.9 16.8 17.7 18.5 19.2 19.8 20.3 20.6 20.8 20.8 20.7 20.5 20.1 19.7 19.2
-3.4e+38 -3.4e+38 -3.4e+38 -3.4e+38 -3.4e+38 -3.4e+38 -3.4e+38 -3.4e+38 -3.4e+38 -3.4e+38 -3.4e+38 -3.4e+38 -3.4e+38 -3.4e+38 -3.4e+38 -3.4e+38 -3.4e+38 -3.4e+38 -3.4e+38 -3.4e+38 -3.4e+38 2.42 2.4 2.38 2.34 2.3 2.29 2.35 2.43 2.53 2.68 2.85 3.08 3.3 3.61 3.9 4.24 4.55 4.9 5.27 5.62 5.94 6.25 6.52 6.8 7.08 7.39 7.81 8.29 8.9 9.56 10.3 11.1 11.9 12.8 13.8 14.8 15.8 16.8 17.7 18.5 19.2 19.8 20.3 20.6 20.8 20.8 20.7 20.4 20.1 19.6 19
-3.4e+38 -3.4e+38 -3.4e+38 -3.4e+38 -3.4e+38 -3.4e+38 -3.4e+38 -3.4e+38 -3.4e+38 -3.4e+38 -3.4e+38 -3.4e+38 -3.4e+38 -3.4e+38 -3.4e+38 -3.4e+38 -3.4e+38 -3.4e+38 -3.4e+38 -3.4e+38 -3.4e+38 -3.4e+38 2.32 2.31 2.27 2.25 2.24 2.28 2.36 2.45 2.59 2.74 2.94 3.15 3.44 3.71 4.03 4.34 4.68 5.02 5.35 5.65 5.93 6.2 6.47 6.77 7.1 7.53 8.04 8.69 9.4 10.2 10.9 11.8 12.7 13.7 14.7 15.7 16.7 17.6 18.4 19.1 19.7 20.2 20.6 20.8 20.8 20.6 20.4 19.9 19.4 18.7
-3.4e+38 -3.4e+38 -3.4e+38 -3.4e+38 -3.4e+38 -3.4e+38 -3.4e+38 -3.4e+38 -3.4e+38 -3.4e+38 -3.4e+38 -3.4e+38 -3.4e+38 -3.4e+38 -3.4e+38 -3.4e+38 -3.4e+38 -3.4e+38 -3.4e+38 -3.4e+38 -3.4e+38 -3.4e+38 2.27 2.25 2.23 2.21 2.21 2.24 2.3 2.38 2.5 2.64 2.82 3 3.27 3.53 3.84 4.13 4.45 4.76 5.05 5.33 5.6 5.85 6.12 6.4 6.72 7.17 7.68 8.35 9.11 9.87 10.6 11.5 12.4 13.4 14.4 15.4 16.4 17.3 18.1 18.8 19.5 20 20.4 20.7 20.7 20.5 20.2 19.7 19.1 18.4
-3.4e+38 -3.4e+38 -3.4e+38 -3.4e+38 -3.4e+38 -3.4e+38 -3.4e+38 -3.4e+38 -3.4e+38 -3.4e+38 -3.4e+38 -3.4e+38 -3.4e+38 -3.4e+38 -3.4e+38 -3.4e+38 -3.4e+38 -3.4e+38 -3.4e+38 -3.4e+38 -3.4e+38 -3.4e+38 -3.4e+38 2.21 2.19 2.18 2.19 2.21 2.26 2.33 2.43 2.55 2.71 2.87 3.12 3.36 3.65 3.93 4.22 4.5 4.76 5.01 5.25 5.49 5.74 6.01 6.31 6.75 7.26 7.91 8.65 9.41 10.2 11 12 13 14 15 15.9 16.8 17.7 18.4 19.1 19.7 20.2 20.5 20.6 20.5 20.1 19.5 18.8 18
-3.4e+38 -3.4e+38 -3.4e+38 -3.4e+38 -3.4e+38 -3.4e+38 -3.4e+38 -3.4e+38 -3.4e+38 -3.4e+38 -3.4e+38 -3.4e+38 -3.4e+38 -3.4e+38 -3.4e+38 -3.4e+38 -3.4e+38 -3.4e+38 -3.4e+38 -3.4e+38 -3.4e+38 -3.4e+38 2.18 2.18 2.16 2.16 2.16 2.19 2.23 2.29 2.38 2.48 2.62 2.76 2.99 3.22 3.48 3.73 3.99 4.23 4.46 4.68 4.9 5.11 5.33 5.58 5.87 6.28 6.75 7.35 8.03 8.78 9.59 10.5 11.4 12.4 13.4 14.4 15.4 16.3 17.1 17.9 18.7 19.4 19.9 20.3 20.5 20.4 19.9 19.2 18.4 17.5
-3.4e+38 -3.4e+38 -3.4e+38 -3.4e+38 -3.4e+38 -3.4e+38 -3.4e+38 -3.4e+38 -3.4e+38 -3.4e+38 -3.4e+38 -3.4e+38 -3.4e+38 -3.4e+38 -3.4e+38 -3.4e+38 -3.4e+38 -3.4e+38 -3.4e+38 -3.4e+38 -3.4e+38 -3.4e+38 2.15 2.15 2.14 2.14 2.15 2.17 2.21 2.27 2.35 2.44 2.57 2.7 2.9 3.1 3.33 3.54 3.77 3.97 4.16 4.34 4.53 4.71 4.91 5.14 5.41 5.78 6.21 6.77 7.39 8.11 8.92 9.8 10.8 11.8 12.8 13.8 14.7 15.6 16.5 17.3 18.1 18.9 19.6 20.1 20.5 20.4 19.8 18.9 17.9 16.9
-3.4e+38 -3.4e+38 -3.4e+38 -3.4e+38 -3.4e+38 -3.4e+38 -3.4e+38 -3.4e+38 -3.4e+38 -3.4e+38 -3.4e+38 -3.4e+38 -3.4e+38 -3.4e+38 -3.4e+38 -3.4e+38 -3.4e+38 -3.4e+38 -3.4e+38 -3.4e+38 -3.4e+38 -3.4e+38 2.13 2.14 2.14 2.14 2.14 2.17 2.2 2.25 2.33 2.42 2.55 2.68 2.87 3.04 3.23 3.39 3.56 3.71 3.86 4.01 4.16 4.32 4.49 4.69 4.93 5.26 5.65 6.15 6.72 7.4 8.18 9.05 10 11 12 13 13.9 14.9 15.7 16.6 17.4 18.2 19 19.8 20.5 20.7 19.7 18.4 17.3 16.2
-3.4e+38 -3.4e+38 -3.4e+38 -3.4e+38 -3.4e+38 -3.4e+38 -3.4e+38 -3.4e+38 -3.4e+38 -3.4e+38 -3.4e+38 -3.4e+38 -3.4e+38 -3.4e+38 -3.4e+38 -3.4e+38 -3.4e+38 -3.4e+38 -3.4e+38 -3.4e+38 -3.4e+38 -3.4e+38 2.12 2.13 2.13 2.14 2.14 2.16 2.19 2.23 2.31 2.39 2.52 2.65 2.84 2.98 3.12 3.22 3.34 3.45 3.56 3.67 3.79 3.92 4.07 4.25 4.46 4.75 5.09 5.54 6.06 6.68 7.42 8.26 9.2 10.2 11.2 12.2 13.1 14 14.9 15.7 16.5 17.4 18.2 19.1 20.1 21 19.2 17.7 16.4 15.3
-3.4e+38 -3.4e+38 -3.4e+38 -3.4e+38 -3.4e+38 -3.4e+38 -3.4e+38 -3.4e+38 -3.4e+38 -3.4e+38 -3.4e+38 -3.4e+38 -3.4e+38 -3.4e+38 -3.4e+38 -3.4e+38 -3.4e+38 -3.4e+38 -3.4e+38 -3.4e+38 -3.4e+38 2.09 2.11 2.12 2.12 2.13 2.13 2.15 2.18 2.22 2.28 2.36 2.47 2.6 2.77 2.9 2.98 3.05 3.13 3.2 3.27 3.35 3.44 3.54 3.66 3.81 3.99 4.24 4.54 4.93 5.39 5.95 6.64 7.43 8.35 9.32 10.3 11.3 12.2 13.1 13.9 14.8 15.5 16.3 17 17.8 18.6 18.7 17.8 16.5 15.4 14.4
-3.4e+38 -3.4e+38 -3.4e+38 -3.4e+38 -3.4e+38 -3.4e+38 -3.4e+38 -3.4e+38 -3.4e+38 -3.4e+38 -3.4e+38 -3.4e+38 -3.4e+38 -3.4e+38 -3.4e+38 -3.4e+38 -3.4e+38 -3.4e+38 -3.4e+38 -3.4e+38 -3.4e+38 2.07 2.09 2.11 2.11 2.12 2.12 2.14 2.17 2.2 2.25 2.32 2.41 2.51 2.64 2.73 2.81 2.86 2.91 2.95 2.99 3.04 3.11 3.19 3.29 3.41 3.56 3.77 4.02 4.35 4.75 5.25 5.88 6.64 7.52 8.46 9.43 10.4 11.3 12.2 13 13.7 14.4 15.1 15.7 16.3 16.6 16.6 16 15.1 14.2 13.3
-3.4e+38 -3.4e+38 -3.4e+38 -3.4e+38 -3.4e+38 -3.4e+38 -3.4e+38 -3.4e+38 -3.4e+38 -3.4e+38 -3.4e+38 -3.4e+38 -3.4e+38 -3.4e+38 -3.4e+38 -3.4e+38 -3.4e+38 -3.4e+38 -3.4e+38 -3.4e+38 -3.4e+38 2.05 2.07 2.09 2.1 2.12 2.12 2.14 2.16 2.18 2.22 2.27 2.34 2.4 2.5 2.56 2.63 2.66 2.7 2.71 2.73 2.76 2.8 2.86 2.94 3.04 3.17 3.34 3.54 3.81 4.14 4.58 5.16 5.88 6.72 7.61 8.57 9.51 10.4 11.2 12 12.7 13.3 13.9 14.3 14.7 14.9 14.8 14.4 13.7 12.9 12.2
-3.4e+38 -3.4e+38 -3.4e+38 -3.4e+38 -3.4e+38 -3.4e+38 -3.4e+38 -3.4e+38 -3.4e+38 -3.4e+38 -3.4e+38 -3.4e+38 -3.4e+38 -3.4e+38 -3.4e+38 -3.4e+38 -3.4e+38 -3.4e+38 -3.4e+38 -3.4e+38 -3.4e+38 2.02 2.05 2.08 2.09 2.11 2.13 2.15 2.16 2.17 2.19 2.21 2.25 2.3 2.36 2.41 2.45 2.47 2.49 2.49 2.48 2.49 2.53 2.59 2.65 2.74 2.84 2.98 3.13 3.34 3.61 4 4.53 5.21 6.01 6.84 7.75 8.65 9.52 10.3 11 11.7 12.2 12.7 13 13.3 13.4 13.2 12.9 12.4 11.7 11.1
-3.4e+38 -3.4e+38 -3.4e+38 -3.4e+38 -3.4e+38 -3.4e+38 -3.4e+38 -3.4e+38 -3.4e+38 -3.4e+38 -3.4e+38 -3.4e+38 -3.4e+38 -3.4e+38 -3.4e+38 -3.4e+38 -3.4e+38 -3.4e+38 -3.4e+38 -3.4e+38 -3.4e+38 -3.4e+38 2.02 2.05 2.08 2.1 2.13 2.16 2.17 2.16 2.15 2.14 2.16 2.19 2.23 2.26 2.29 2.3 2.3 2.28 2.25 2.24 2.29 2.35 2.41 2.49 2.57 2.68 2.8 2.95 3.15 3.46 3.98 4.64 5.38 6.17 7.01 7.86 8.69 9.46 10.1 10.7 11.2 11.6 11.8 12 12 11.9 11.6 11.2 10.6 10.1
-3.4e+38 -3.4e+38 -3.4e+38 -3.4e+38 -3.4e+38 -3.4e+38 -3.4e+38 -3.4e+38 -3.4e+38 -3.4e+38 -3.4e+38 -3.4e+38 -3.4e+38 -3.4e+38 -3.4e+38 -3.4e+38 -3.4e+38 -3.4e+38 -3.4e+38 -3.4e+38 -3.4e+38 -3.4e+38 -3.4e+38 2.02 2.05 2.08 2.11 2.15 2.18 2.13 2.08 2.06 2.07 2.08 2.11 2.13 2.15 2.15 2.14 2.12 2.08 2.07 2.11 2.17 2.22 2.29 2.36 2.45 2.55 2.66 2.78 2.98 3.54 4.21 4.92 5.66 6.45 7.22 8 8.72 9.32 9.84 10.3 10.6 10.8 10.9 10.9 10.7 10.5 10.1 9.66 9.19
-3.4e+38 -3.4e+38 -3.4e+38 -3.4e+38 -3.4e+38 -3.4e+38 -3.4e+38 -3.4e+38 -3.4e+38 -3.4e+38 -3.4e+38 -3.4e+38 -3.4e+38 -3.4e+38 -3.4e+38 -3.4e+38 -3.4e+38 -3.4e+38 -3.4e+38 -3.4e+38 -3.4e+38 -3.4e+38 -3.4e+38 -3.4e+38 2.01 2.04 2.06 2.09 2.09 2.04 1.99 1.96 1.96 1.97 2 2.01 2.02 2.02 2.01 1.99 1.97 1.96 1.98 2.02 2.07 2.14 2.2 2.29 2.38 2.48 2.61 2.84 3.32 3.92 4.58 5.27 5.99 6.69 7.4 8.05 8.6 9.08 9.43 9.71 9.88 9.95 9.9 9.75 9.51 9.18 8.79 8.39
-3.4e+38 -3.4e+38 -3.4e+38 -3.4e+38 -3.4e+38 -3.4e+38 -3.4e+38 -3.4e+38 -3.4e+38 -3.4e+38 -3.4e+38 -3.4e+38 -3.4e+38 -3.4e+38 -3.4e+38 -3.4e+38 -3.4e+38 -3.4e+38 -3.4e+38 -3.4e+38 -3.4e+38 -3.4e+38 -3.4e+38 -3.4e+38 -3.4e+38 1.98 1.99 1.99 1.97 1.92 1.87 1.83 1.83 1.85 1.88 1.9 1.91 1.9 1.9 1.88 1.87 1.87 1.89 1.92 1.97 2.04 2.1 2.19 2.28 2.4 2.57 2.83 3.23 3.75 4.33 4.95 5.61 6.25 6.9 7.49 7.99 8.42 8.73 8.96 9.09 9.13 9.08 8.92 8.69 8.4 8.05 7.69
-3.4e+38 -3.4e+38 -3.4e+38 -3.4e+38 -3.4e+38 -3.4e+38 -3.4e+38 -3.4e+38 -3.4e+38 -3.4e+38 -3.4e+38 -3.4e+38 -3.4e+38 -3.4e+38 -3.4e+38 -3.4e+38 -3.4e+38 -3.4e+38 -3.4e+38 -3.4e+38 -3.4e+38 -3.4e+38 -3.4e+38 -3.4e+38 -3.4e+38 1.91 1.91 1.89 1.86 1.82 1.76 1.7 1.71 1.73 1.76 1.78 1.78 1.78 1.79 1.78 1.78 1.78 1.8 1.84 1.89 1.96 2.03 2.13 2.23 2.37 2.55 2.83 3.19 3.64 4.16 4.71 5.29 5.88 6.46 7 7.46 7.84 8.12 8.31 8.41 8.43 8.37 8.21 7.99 7.72 7.42 7.11
-3.4e+38 -3.4e+38 -3.4e+38 -3.4e+38 -3.4e+38 -3.4e+38 -3.4e+38 -3.4e+38 -3.4e+38 -3.4e+38 -3.4e+38 -3.4e+38 -3.4e+38 -3.4e+38 -3.4e+38 -3.4e+38 -3.4e+38 -3.4e+38 -3.4e+38 -3.4e+38 -3.4e+38 -3.4e+38 -3.4e+38 -3.4e+38 -3.4e+38 -3.4e+38 1.83 1.8 1.77 1.72 1.68 1.63 1.62 1.62 1.64 1.65 1.66 1.66 1.67 1.68 1.69 1.71 1.74 1.79 1.85 1.92 2 2.11 2.22 2.38 2.57 2.83 3.16 3.57 4.03 4.52 5.04 5.58 6.1 6.59 7.01 7.36 7.6 7.76 7.83 7.83 7.75 7.6 7.39 7.15 6.9 6.64
-3.4e+38 -3.4e+38 -3.4e+38 -3.4e+38 -3.4e+38 -3.4e+38 -3.4e+38 -3.4e+38 -3.4e+38 -3.4e+38 -3.4e+38 -3.4e+38 -3.4e+38 -3.4e+38 -3.4e+38 -3.4e+38 -3.4e+38 -3.4e+38 -3.4e+38 -3.4e+38 -3.4e+38 -3.4e+38 -3.4e+38 -3.4e+38 -3.4e+38 -3.4e+38 -3.4e+38 1.73 1.69 1.65 1.61 1.58 1.55 1.54 1.54 1.53 1.54 1.54 1.56 1.58 1.61 1.64 1.68 1.74 1.81 1.9 1.99 2.11 2.24 2.4 2.59 2.85 3.15 3.52 3.93 4.37 4.83 5.31 5.79 6.25 6.64 6.95 7.16 7.29 7.34 7.32 7.23 7.08 6.89 6.69 6.48 6.27
-3.4e+38 -3.4e+38 -3.4e+38 -3.4e+38 -3.4e+38 -3.4e+38 -3.4e+38 -3.4e+38 -3.4e+38 -3.4e+38 -3.4e+38 -3.4e+38 -3.4e+38 -3.4e+38 -3.4e+38 -3.4e+38 -3.4e+38 -3.4e+38 -3.4e+38 -3.4e+38 -3.4e+38 -3.4e+38 -3.4e+38 -3.4e+38 -3.4e+38 -3.4e+38 -3.4e+38 -3.4e+38 1.63 1.6 1.57 1.53 1.51 1.48 1.46 1.44 1.43 1.44 1.46 1.49 1.53 1.57 1.63 1.71 1.79 1.89 2 2.13 2.27 2.44 2.64 2.87 3.16 3.49 3.86 4.27 4.7 5.13 5.58 5.98 6.34 6.62 6.8 6.91 6.93 6.9 6.8 6.66 6.49 6.32 6.15 5.99
-3.4e+38 -3.4e+38 -3.4e+38 -3.4e+38 -3.4e+38 -3.4e+38 -3.4e+38 -3.4e+38 -3.4e+38 -3.4e+38 -3.4e+38 -3.4e+38 -3.4e+38 -3.4e+38 -3.4e+38 -3.4e+38 -3.4e+38 -3.4e+38 -3.4e+38 -3.4e+38 -3.4e+38 -3.4e+38 -3.4e+38 -3.4e+38 -3.4e+38 -3.4e+38 -3.4e+38 -3.4e+38 1.59 1.56 1.53 1.49 1.47 1.44 1.41 1.37 1.35 1.36 1.39 1.42 1.46 1.52 1.59 1.68 1.78 1.89 2.02 2.16 2.31 2.49 2.68 2.91 3.17 3.47 3.82 4.2 4.6 5.01 5.42 5.79 6.1 6.34 6.51 6.59 6.59 6.54 6.43 6.3 6.17 6.04 5.9 5.78
-3.4e+38 -3.4e+38 -3.4e+38 -3.4e+38 -3.4e+38 -3.4e+38 -3.4e+38 -3.4e+38 -3.4e+38 -3.4e+38 -3.4e+38 -3.4e+38 -3.4e+38 -3.4e+38 -3.4e+38 -3.4e+38 -3.4e+38 -3.4e+38 -3.4e+38 -3.4e+38 -3.4e+38 -3.4e+38 -3.4e+38 -3.4e+38 -3.4e+38 -3.4e+38 -3.4e+38 -3.4e+38 -3.4e+38 1.53 1.5 1.47 1.44 1.41 1.38 1.34 1.32 1.32 1.34 1.37 1.41 1.47 1.55 1.65 1.77 1.91 2.05 2.2 2.37 2.55 2.74 2.96 3.2 3.47 3.8 4.16 4.55 4.94 5.32 5.66 5.94 6.14 6.26 6.31 6.3 6.23 6.13 6.02 5.91 5.81 5.71 5.63
-3.4e+38 -3.4e+38 -3.4e+38 -3.4e+38 -3.4e+38 -3.4e+38 -3.4e+38 -3.4e+38 -3.4e+38 -3.4e+38 -3.4e+38 -3.4e+38 -3.4e+38 -3.4e+38 -3.4e+38 -3.4e+38 -3.4e+38 -3.4e+38 -3.4e+38 -3.4e+38 -3.4e+38 -3.4e+38 -3.4e+38 -3.4e+38 -3.4e+38 -3.4e+38 -3.4e+38 -3.4e+38 -3.4e+38 -3.4e+38 1.49 1.45 1.42 1.39 1.36 1.33 1.31 1.3 1.31 1.33 1.38 1.44 1.53 1.64 1.78 1.93 2.08 2.25 2.43 2.62 2.81 3.02 3.23 3.48 3.78 4.15 4.53 4.91 5.26 5.57 5.82 5.98 6.05 6.06 6.02 5.95 5.87 5.78 5.69 5.62 5.56 5.52
-3.4e+38 -3.4e+38 -3.4e+38 -3.4e+38 -3.4e+38 -3.4e+38 -3.4e+38 -3.4e+38 -3.4e+38 -3.4e+38 -3.4e+38 -3.4e+38 -3.4e+38 -3.4e+38 -3.4e+38 -3.4e+38 -3.4e+38 -3.4e+38 -3.4e+38 -3.4e+38 -3.4e+38 -3.4e+38 -3.4e+38 -3.4e+38 -3.4e+38 -3.4e+38 -3.4e+38 -3.4e+38 -3.4e+38 -3.4e+38 -3.4e+38 1.44 1.42 1.38 1.35 1.32 1.31 1.29 1.3 1.31 1.35 1.42 1.51 1.65 1.79 1.96 2.13 2.31 2.5 2.7 2.89 3.09 3.29 3.49 3.8 4.17 4.55 4.9 5.23 5.52 5.73 5.85 5.87 5.83 5.77 5.69 5.62 5.55 5.5 5.46 5.43 5.44
-3.4e+38 -3.4e+38 -3.4e+38 -3.4e+38 -3.4e+38 -3.4e+38 -3.4e+38 -3.4e+38 -3.4e+38 -3.4e+38 -3.4e+38 -3.4e+38 -3.4e+38 -3.4e+38 -3.4e+38 -3.4e+38 -3.4e+38 -3.4e+38 -3.4e+38 -3.4e+38 -3.4e+38 -3.4e+38 -3.4e+38 -3.4e+38 -3.4e+38 -3.4e+38 -3.4e+38 -3.4e+38 -3.4e+38 -3.4e+38 -3.4e+38 -3.4e+38 1.42 1.39 1.36 1.33 1.31 1.3 1.3 1.31 1.33 1.4 1.52 1.66 1.82 2 2.18 2.38 2.57 2.78 2.99 3.19 3.39 3.6 3.9 4.24 4.59 4.92 5.22 5.48 5.69 5.76 5.71 5.63 5.55 5.47 5.41 5.37 5.33 5.32 5.33 5.37
-3.4e+38 -3.4e+38 -3.4e+38 -3.4e+38 -3.4e+38 -3.4e+38 -3.4e+38 -3.4e+38 -3.4e+38 -3.4e+38 -3.4e+38 -3.4e+38 -3.4e+38 -3.4e+38 -3.4e+38 -3.4e+38 -3.4e+38 -3.4e+38 -3.4e+38 -3.4e+38 -3.4e+38 -3.4e+38 -3.4e+38 -3.4e+38 -3.4e+38 -3.4e+38 -3.4e+38 -3.4e+38 -3.4e+38 -3.4e+38 -3.4e+38 -3.4e+38 -3.4e+38 1.4 1.38 1.35 1.33 1.31 1.31 1.32 1.35 1.43 1.55 1.7 1.86 2.05 2.24 2.44 2.65 2.87 3.09 3.31 3.53 3.76 4.04 4.34 4.65 4.94 5.19 5.41 5.58 5.61 5.51 5.41 5.32 5.26 5.21 5.19 5.18 5.2 5.24 5.31
-3.4e+38 -3.4e+38 -3.4e+38 -3.4e+38 -3.4e+38 -3.4e+38 -3.4e+38 -3.4e+38 -3.4e+38 -3.4e+38 -3.4e+38 -3.4e+38 -3.4e+38 -3.4e+38 -3.4e+38 -3.4e+38 -3.4e+38 -3.4e+38 -3.4e+38 -3.4e+38 -3.4e+38 -3.4e+38 -3.4e+38 -3.4e+38 -3.4e+38 -3.4e+38 -3.4e+38 -3.4e+38 -3.4e+38 -3.4e+38 -3.4e+38 -3.4e+38 -3.4e+38 -3.4e+38 -3.4e+38 1.38 1.36 1.34 1.33 1.34 1.39 1.48 1.6 1.75 1.91 2.1 2.29 2.51 2.72 2.95 3.18 3.42 3.65 3.9 4.16 4.43 4.69 4.94 5.14 5.31 5.39 5.38 5.29 5.18 5.1 5.05 5.03 5.04 5.06 5.11 5.17 5.27
