maui/input/month_year_rainfall/maui_prcp_02_2002.asc
ncols        361
nrows        320
xllcorner    -156.738000000000
yllcorner    20.343000000000
cellsize     0.002250000000
NODATA_value -3.4028234663852885981e+38
[rows 128 to 159 of 320, columns 288 to 359 of 361]
31.3 31.2 31.1 30.9 30.8 30.6 30.4 30.2 30.1 29.9 29.7 29.5 29.2 29 28.6 28.2 27.8 27.2 26.6 25.9 25.1 24.3 23.5 22.6 21.8 20.9 20 19.1 18.2 17.4 16.6 15.9 15.2 14.6 14 13.4 12.9 12.6 12.2 12 11.7 11.5 11.4 11.2 11 10.9 10.7 10.6 -3.4e+38 -3.4e+38 -3.4e+38 -3.4e+38 -3.4e+38 -3.4e+38 -3.4e+38 -3.4e+38 -3.4e+38 -3.4e+38 -3.4e+38 -3.4e+38 -3.4e+38 -3.4e+38 -3.4e+38 -3.4e+38 -3.4e+38 -3.4e+38 -3.4e+38 -3.4e+38 -3.4e+38 -3.4e+38 -3.4e+38 -3.4e+38
32 31.9 31.8 31.7 31.6 31.4 31.3 31.1 30.9 30.7 30.5 30.3 30 29.8 29.5 29.1 28.7 28.1 27.4 26.7 25.9 25.1 24.2 23.2 22.3 21.4 20.5 19.7 18.7 17.9 17 16.3 15.5 14.9 14.2 13.6 13 12.6 12.2 12 11.7 11.5 11.3 11.1 11 10.9 10.7 10.6 -3.4e+38 -3.4e+38 -3.4e+38 -3.4e+38 -3.4e+38 -3.4e+38 -3.4e+38 -3.4e+38 -3.4e+38 -3.4e+38 -3.4e+38 -3.4e+38 -3.4e+38 -3.4e+38 -3.4e+38 -3.4e+38 -3.4e+38 -3.4e+38 -3.4e+38 -3.4e+38 -3.4e+38 -3.4e+38 -3.4e+38 -3.4e+38
32.5 32.5 32.4 32.4 32.3 32.2 32 31.9 31.7 31.5 31.3 31.1 30.9 30.7 30.4 30 29.5 29 28.3 27.5 26.7 25.8 24.8 23.9 22.9 21.9 21 20.1 19.2 18.3 17.4 16.6 15.8 15.1 14.4 13.8 13.2 12.7 12.3 12 11.7 11.5 11.3 11.1 11 10.8 10.7 10.6 -3.4e+38 -3.4e+38 -3.4e+38 -3.4e+38 -3.4e+38 -3.4e+38 -3.4e+38 -3.4e+38 -3.4e+38 -3.4e+38 -3.4e+38 -3.4e+38 -3.4e+38 -3.4e+38 -3.4e+38 -3.4e+38 -3.4e+38 -3.4e+38 -3.4e+38 -3.4e+38 -3.4e+38 -3.4e+38 -3.4e+38 -3.4e+38
33 33 33 33 32.9 32.8 32.7 32.6 32.5 32.3 32.1 31.9 31.7 31.5 31.2 30.9 30.4 29.8 29.1 28.2 27.4 26.5 25.5 24.5 23.5 22.4 21.5 20.5 19.6 18.7 17.7 16.9 16.1 15.4 14.7 14 13.3 12.8 12.3 12 11.7 11.5 11.2 11.1 10.9 10.8 10.7 10.6 10.5 10.3 -3.4e+38 -3.4e+38 -3.4e+38 -3.4e+38 -3.4e+38 -3.4e+38 -3.4e+38 -3.4e+38 -3.4e+38 -3.4e+38 -3.4e+38 -3.4e+38 -3.4e+38 -3.4e+38 -3.4e+38 -3.4e+38 -3.4e+38 -3.4e+38 -3.4e+38 -3.4e+38 -3.4e+38 -3.4e+38
33.5 33.5 33.5 33.5 33.4 33.4 33.3 33.2 33.1 33 32.8 32.7 32.5 32.3 32 31.7 31.2 30.6 29.8 28.9 28 27.1 26 25 24 22.9 21.9 20.9 19.9 19 18.1 17.2 16.4 15.6 14.9 14.2 13.5 12.9 12.4 12.1 11.7 11.5 11.3 11.1 10.9 10.8 10.7 10.6 10.5 10.3 -3.4e+38 -3.4e+38 -3.4e+38 -3.4e+38 -3.4e+38 -3.4e+38 -3.4e+38 -3.4e+38 -3.4e+38 -3.4e+38 -3.4e+38 -3.4e+38 -3.4e+38 -3.4e+38 -3.4e+38 -3.4e+38 -3.4e+38 -3.4e+38 -3.4e+38 -3.4e+38 -3.4e+38 -3.4e+38
33.8 33.9 33.9 33.9 33.9 33.8 33.8 33.7 33.7 33.6 33.5 33.3 33.2 33 32.8 32.6 32.1 31.2 30.3 29.5 28.5 27.6 26.6 25.5 24.4 23.4 22.3 21.2 20.2 19.3 18.3 17.4 16.6 15.8 15.1 14.4 13.7 13.1 12.6 12.1 11.8 11.5 11.3 11.1 10.9 10.8 10.7 10.6 10.5 10.4 -3.4e+38 -3.4e+38 -3.4e+38 -3.4e+38 -3.4e+38 -3.4e+38 -3.4e+38 -3.4e+38 -3.4e+38 -3.4e+38 -3.4e+38 -3.4e+38 -3.4e+38 -3.4e+38 -3.4e+38 -3.4e+38 -3.4e+38 -3.4e+38 -3.4e+38 -3.4e+38 -3.4e+38 -3.4e+38
34.2 34.2 34.2 34.3 34.3 34.3 34.2 34.2 34.1 34 33.9 33.8 33.6 33.5 33.3 33.1 32.6 31.7 30.8 29.9 29 28 27 25.9 24.9 23.7 22.6 21.6 20.5 19.5 18.5 17.7 16.8 16 15.2 14.5 13.8 13.2 12.7 12.2 11.9 11.6 11.3 11.1 10.9 10.8 10.7 -3.4e+38 -3.4e+38 -3.4e+38 -3.4e+38 -3.4e+38 -3.4e+38 -3.4e+38 -3.4e+38 -3.4e+38 -3.4e+38 -3.4e+38 -3.4e+38 -3.4e+38 -3.4e+38 -3.4e+38 -3.4e+38 -3.4e+38 -3.4e+38 -3.4e+38 -3.4e+38 -3.4e+38 -3.4e+38 -3.4e+38 -3.4e+38 -3.4e+38
34.4 34.5 34.5 34.6 34.6 34.6 34.6 34.6 34.5 34.4 34.3 34.2 34 33.8 33.6 33.3 32.8 32 31.2 30.3 29.3 28.4 27.4 26.3 25.2 24.1 23 21.8 20.7 19.7 18.7 17.8 17 16.2 15.4 14.7 14 13.4 12.8 12.3 11.9 11.6 11.3 11.1 10.9 10.8 10.7 10.6 10.5 10.4 -3.4e+38 -3.4e+38 -3.4e+38 -3.4e+38 -3.4e+38 -3.4e+38 -3.4e+38 -3.4e+38 -3.4e+38 -3.4e+38 -3.4e+38 -3.4e+38 -3.4e+38 -3.4e+38 -3.4e+38 -3.4e+38 -3.4e+38 -3.4e+38 -3.4e+38 -3.4e+38 -3.4e+38 -3.4e+38
34.6 34.7 34.8 34.8 34.9 34.9 34.9 34.9 34.8 34.7 34.6 34.4 34.3 34 33.8 33.4 32.9 32.2 31.4 30.6 29.7 28.7 27.7 26.6 25.5 24.3 23.2 22.1 20.9 19.9 18.9 18 17.1 16.3 15.5 14.8 14.1 13.5 12.9 12.4 12 11.7 11.4 11.1 11 10.8 10.7 10.6 10.5 10.4 -3.4e+38 -3.4e+38 -3.4e+38 -3.4e+38 -3.4e+38 -3.4e+38 -3.4e+38 -3.4e+38 -3.4e+38 -3.4e+38 -3.4e+38 -3.4e+38 -3.4e+38 -3.4e+38 -3.4e+38 -3.4e+38 -3.4e+38 -3.4e+38 -3.4e+38 -3.4e+38 -3.4e+38 -3.4e+38
34.7 34.8 34.9 35 35.1 35.1 35.1 35.1 35.1 35 34.8 34.6 34.4 34.2 33.9 33.5 33 32.4 31.6 30.8 29.9 28.9 27.9 26.8 25.7 24.5 23.4 22.2 21.1 20 19 18.1 17.2 16.5 15.7 15 14.2 13.6 13 12.5 12.1 11.7 11.4 11.2 11 10.8 10.7 10.6 10.5 10.4 -3.4e+38 -3.4e+38 -3.4e+38 -3.4e+38 -3.4e+38 -3.4e+38 -3.4e+38 -3.4e+38 -3.4e+38 -3.4e+38 -3.4e+38 -3.4e+38 -3.4e+38 -3.4e+38 -3.4e+38 -3.4e+38 -3.4e+38 -3.4e+38 -3.4e+38 -3.4e+38 -3.4e+38 -3.4e+38
34.8 34.9 35 35.1 35.2 35.2 35.2 35.2 35.2 35.1 35 34.8 34.5 34.3 33.9 33.5 33 32.4 31.7 31 30.1 29.2 28.1 27 25.9 24.7 23.6 22.4 21.2 20.1 19.1 18.2 17.3 16.6 15.8 15.1 14.4 13.7 13.1 12.6 12.1 11.8 11.5 11.2 11 10.8 10.7 10.6 10.5 10.4 -3.4e+38 -3.4e+38 -3.4e+38 -3.4e+38 -3.4e+38 -3.4e+38 -3.4e+38 -3.4e+38 -3.4e+38 -3.4e+38 -3.4e+38 -3.4e+38 -3.4e+38 -3.4e+38 -3.4e+38 -3.4e+38 -3.4e+38 -3.4e+38 -3.4e+38 -3.4e+38 -3.4e+38 -3.4e+38
34.8 34.9 35 35.1 35.2 35.3 35.3 35.3 35.3 35.2 35 34.8 34.6 34.3 33.9 33.5 33 32.5 31.8 31.1 30.2 29.3 28.3 27.2 26.1 24.9 23.8 22.6 21.4 20.3 19.3 18.3 17.4 16.6 15.9 15.2 14.5 13.8 13.2 12.7 12.2 11.8 11.5 11.2 11 10.8 10.7 10.5 10.4 -3.4e+38 -3.4e+38 -3.4e+38 -3.4e+38 -3.4e+38 -3.4e+38 -3.4e+38 -3.4e+38 -3.4e+38 -3.4e+38 -3.4e+38 -3.4e+38 -3.4e+38 -3.4e+38 -3.4e+38 -3.4e+38 -3.4e+38 -3.4e+38 -3.4e+38 -3.4e+38 -3.4e+38 -3.4e+38 -3.4e+38
34.8 34.9 35 35.1 35.2 35.3 35.3 35.3 35.2 35.1 35 34.8 34.5 34.2 33.9 33.5 33 32.5 31.8 31.1 30.3 29.5 28.5 27.4 26.3 25.1 23.9 22.7 21.6 20.5 19.4 18.4 17.5 16.7 15.9 15.2 14.5 13.9 13.3 12.7 12.3 11.8 11.5 11.2 11 10.8 10.6 10.5 10.4 -3.4e+38 -3.4e+38 -3.4e+38 -3.4e+38 -3.4e+38 -3.4e+38 -3.4e+38 -3.4e+38 -3.4e+38 -3.4e+38 -3.4e+38 -3.4e+38 -3.4e+38 -3.4e+38 -3.4e+38 -3.4e+38 -3.4e+38 -3.4e+38 -3.4e+38 -3.4e+38 -3.4e+38 -3.4e+38 -3.4e+38
34.8 34.9 35 35.1 35.2 35.2 35.2 35.2 35.1 35 34.9 34.7 34.4 34.1 33.8 33.4 33 32.4 31.8 31.1 30.3 29.5 28.5 27.5 26.4 25.2 24 22.8 21.7 20.6 19.5 18.5 17.6 16.8 16 15.3 14.6 14 13.3 12.8 12.3 11.9 11.5 11.2 10.9 10.7 10.6 10.4 -3.4e+38 -3.4e+38 -3.4e+38 -3.4e+38 -3.4e+38 -3.4e+38 -3.4e+38 -3.4e+38 -3.4e+38 -3.4e+38 -3.4e+38 -3.4e+38 -3.4e+38 -3.4e+38 -3.4e+38 -3.4e+38 -3.4e+38 -3.4e+38 -3.4e+38 -3.4e+38 -3.4e+38 -3.4e+38 -3.4e+38 -3.4e+38
34.7 34.8 34.9 35 35.1 35.2 35.1 35.1 35 34.9 34.7 34.5 34.3 34 33.7 33.3 32.9 32.3 31.7 31 30.3 29.5 28.5 27.6 26.4 25.2 24.1 22.9 21.7 20.6 19.6 18.6 17.6 16.8 16 15.3 14.6 14 13.4 12.8 12.3 11.9 11.5 11.2 10.9 10.7 10.5 10.3 10.2 -3.4e+38 -3.4e+38 -3.4e+38 -3.4e+38 -3.4e+38 -3.4e+38 -3.4e+38 -3.4e+38 -3.4e+38 -3.4e+38 -3.4e+38 -3.4e+38 -3.4e+38 -3.4e+38 -3.4e+38 -3.4e+38 -3.4e+38 -3.4e+38 -3.4e+38 -3.4e+38 -3.4e+38 -3.4e+38 -3.4e+38
34.6 34.7 34.8 34.9 35 35.1 35 35 34.9 34.7 34.5 34.3 34.1 33.8 33.5 33.2 32.7 32.2 31.6 30.9 30.2 29.4 28.5 27.5 26.4 25.2 24 22.8 21.7 20.6 19.6 18.6 17.6 16.8 16 15.3 14.6 14 13.4 12.8 12.3 11.9 11.5 11.1 10.8 10.6 10.4 10.3 10.1 -3.4e+38 -3.4e+38 -3.4e+38 -3.4e+38 -3.4e+38 -3.4e+38 -3.4e+38 -3.4e+38 -3.4e+38 -3.4e+38 -3.4e+38 -3.4e+38 -3.4e+38 -3.4e+38 -3.4e+38 -3.4e+38 -3.4e+38 -3.4e+38 -3.4e+38 -3.4e+38 -3.4e+38 -3.4e+38 -3.4e+38
34.4 34.6 34.7 34.8 34.9 34.9 34.9 34.8 34.7 34.5 34.3 34.1 33.8 33.6 33.3 33 32.6 32 31.4 30.7 30 29.2 28.3 27.4 26.3 25.1 23.9 22.8 21.6 20.6 19.5 18.5 17.5 16.7 15.9 15.2 14.6 14 13.4 12.8 12.3 11.9 11.4 11.1 10.8 10.5 10.3 10.2 10.1 -3.4e+38 -3.4e+38 -3.4e+38 -3.4e+38 -3.4e+38 -3.4e+38 -3.4e+38 -3.4e+38 -3.4e+38 -3.4e+38 -3.4e+38 -3.4e+38 -3.4e+38 -3.4e+38 -3.4e+38 -3.4e+38 -3.4e+38 -3.4e+38 -3.4e+38 -3.4e+38 -3.4e+38 -3.4e+38 -3.4e+38
34.2 34.4 34.5 34.7 34.8 34.8 34.7 34.6 34.5 34.3 34.1 33.8 33.6 33.3 33.1 32.7 32.3 31.8 31.1 30.5 29.7 28.9 28.1 27.1 26 24.9 23.7 22.6 21.5 20.4 19.4 18.4 17.4 16.6 15.8 15.2 14.5 13.9 13.3 12.8 12.3 11.8 11.4 11 10.7 10.4 10.2 10.1 -3.4e+38 -3.4e+38 -3.4e+38 -3.4e+38 -3.4e+38 -3.4e+38 -3.4e+38 -3.4e+38 -3.4e+38 -3.4e+38 -3.4e+38 -3.4e+38 -3.4e+38 -3.4e+38 -3.4e+38 -3.4e+38 -3.4e+38 -3.4e+38 -3.4e+38 -3.4e+38 -3.4e+38 -3.4e+38 -3.4e+38 -3.4e+38
33.9 34.2 34.4 34.5 34.6 34.6 34.6 34.5 34.3 34.1 33.9 33.6 33.3 33.1 32.8 32.5 32.1 31.5 30.9 30.2 29.4 28.7 27.8 26.9 25.8 24.6 23.5 22.3 21.3 20.2 19.2 18.2 17.3 16.5 15.7 15.1 14.4 13.8 13.3 12.7 12.2 11.8 11.3 10.9 10.6 10.3 10.2 10 -3.4e+38 -3.4e+38 -3.4e+38 -3.4e+38 -3.4e+38 -3.4e+38 -3.4e+38 -3.4e+38 -3.4e+38 -3.4e+38 -3.4e+38 -3.4e+38 -3.4e+38 -3.4e+38 -3.4e+38 -3.4e+38 -3.4e+38 -3.4e+38 -3.4e+38 -3.4e+38 -3.4e+38 -3.4e+38 -3.4e+38 -3.4e+38
33.7 33.9 34.2 34.4 34.5 34.5 34.4 34.3 34.1 33.8 33.6 33.3 33 32.8 32.5 32.1 31.7 31.1 30.5 29.8 29 28.3 27.4 26.5 25.4 24.2 23.1 22 20.9 19.9 18.9 18 17.1 16.3 15.6 14.9 14.3 13.7 13.2 12.6 12.1 11.7 11.3 10.9 10.5 10.3 10.1 -3.4e+38 -3.4e+38 -3.4e+38 -3.4e+38 -3.4e+38 -3.4e+38 -3.4e+38 -3.4e+38 -3.4e+38 -3.4e+38 -3.4e+38 -3.4e+38 -3.4e+38 -3.4e+38 -3.4e+38 -3.4e+38 -3.4e+38 -3.4e+38 -3.4e+38 -3.4e+38 -3.4e+38 -3.4e+38 -3.4e+38 -3.4e+38 -3.4e+38
33.4 33.8 34.1 34.3 34.3 34.3 34.2 34.1 33.8 33.6 33.3 33 32.7 32.4 32.1 31.7 31.3 30.7 30.1 29.4 28.6 27.8 27 26 24.9 23.8 22.7 21.6 20.6 19.6 18.7 17.8 16.9 16.1 15.4 14.8 14.2 13.6 13.1 12.5 12.1 11.6 11.2 10.8 10.5 10.2 9.98 9.83 -3.4e+38 -3.4e+38 -3.4e+38 -3.4e+38 -3.4e+38 -3.4e+38 -3.4e+38 -3.4e+38 -3.4e+38 -3.4e+38 -3.4e+38 -3.4e+38 -3.4e+38 -3.4e+38 -3.4e+38 -3.4e+38 -3.4e+38 -3.4e+38 -3.4e+38 -3.4e+38 -3.4e+38 -3.4e+38 -3.4e+38 -3.4e+38
33.3 33.7 34 34.2 34.2 34.2 34 33.8 33.6 33.3 33 32.7 32.4 32.1 31.7 31.3 30.8 30.2 29.6 28.9 28.1 27.3 26.4 25.5 24.4 23.2 22.2 21.1 20.2 19.2 18.3 17.5 16.6 15.9 15.2 14.6 14 13.5 12.9 12.4 11.9 11.5 11.1 10.7 10.4 10.1 9.9 9.74 9.64 -3.4e+38 -3.4e+38 -3.4e+38 -3.4e+38 -3.4e+38 -3.4e+38 -3.4e+38 -3.4e+38 -3.4e+38 -3.4e+38 -3.4e+38 -3.4e+38 -3.4e+38 -3.4e+38 -3.4e+38 -3.4e+38 -3.4e+38 -3.4e+38 -3.4e+38 -3.4e+38 -3.4e+38 -3.4e+38 -3.4e+38
33.5 33.8 34 34.1 34.1 34 33.9 33.6 33.4 33.1 32.8 32.4 32.1 31.7 31.3 30.9 30.3 29.7 29.1 28.4 27.6 26.8 25.8 24.8 23.7 22.7 21.6 20.7 19.7 18.8 18 17.2 16.4 15.7 15 14.4 13.9 13.3 12.8 12.3 11.8 11.4 11 10.6 10.3 10 9.82 9.66 -3.4e+38 -3.4e+38 -3.4e+38 -3.4e+38 -3.4e+38 -3.4e+38 -3.4e+38 -3.4e+38 -3.4e+38 -3.4e+38 -3.4e+38 -3.4e+38 -3.4e+38 -3.4e+38 -3.4e+38 -3.4e+38 -3.4e+38 -3.4e+38 -3.4e+38 -3.4e+38 -3.4e+38 -3.4e+38 -3.4e+38 -3.4e+38
33.7 33.9 34 34.1 34 33.9 33.7 33.4 33.1 32.8 32.5 32.1 31.8 31.3 30.9 30.4 29.8 29.2 28.5 27.8 27 26.1 25.1 24.1 23 22 21.1 20.2 19.3 18.4 17.6 16.8 16.1 15.4 14.8 14.2 13.7 13.2 12.6 12.2 11.7 11.3 10.9 10.5 10.2 9.92 9.75 9.6 -3.4e+38 -3.4e+38 -3.4e+38 -3.4e+38 -3.4e+38 -3.4e+38 -3.4e+38 -3.4e+38 -3.4e+38 -3.4e+38 -3.4e+38 -3.4e+38 -3.4e+38 -3.4e+38 -3.4e+38 -3.4e+38 -3.4e+38 -3.4e+38 -3.4e+38 -3.4e+38 -3.4e+38 -3.4e+38 -3.4e+38 -3.4e+38
34 34.1 34.1 34.1 33.9 33.8 33.5 33.2 32.9 32.5 32.2 31.8 31.4 30.9 30.4 29.9 29.3 28.6 27.9 27.2 26.3 25.5 24.4 23.3 22.3 21.4 20.5 19.7 18.8 18 17.2 16.5 15.8 15.2 14.6 14 13.5 13 12.5 12 11.6 11.1 10.8 10.4 10.1 9.85 9.68 9.54 -3.4e+38 -3.4e+38 -3.4e+38 -3.4e+38 -3.4e+38 -3.4e+38 -3.4e+38 -3.4e+38 -3.4e+38 -3.4e+38 -3.4e+38 -3.4e+38 -3.4e+38 -3.4e+38 -3.4e+38 -3.4e+38 -3.4e+38 -3.4e+38 -3.4e+38 -3.4e+38 -3.4e+38 -3.4e+38 -3.4e+38 -3.4e+38
34.2 34.2 34.2 34.1 33.9 33.6 33.3 33 32.6 32.2 31.8 31.4 31 30.5 30 29.3 28.7 28 27.3 26.5 25.6 24.7 23.6 22.5 21.6 20.7 19.9 19.1 18.3 17.5 16.7 16.1 15.5 14.9 14.3 13.8 13.3 12.8 12.3 11.9 11.4 11 10.6 10.3 10 9.79 9.63 9.49 -3.4e+38 -3.4e+38 -3.4e+38 -3.4e+38 -3.4e+38 -3.4e+38 -3.4e+38 -3.4e+38 -3.4e+38 -3.4e+38 -3.4e+38 -3.4e+38 -3.4e+38 -3.4e+38 -3.4e+38 -3.4e+38 -3.4e+38 -3.4e+38 -3.4e+38 -3.4e+38 -3.4e+38 -3.4e+38 -3.4e+38 -3.4e+38
34.4 34.4 34.2 34.1 33.8 33.5 33.1 32.7 32.4 32 31.5 31.1 30.6 30 29.5 28.8 28.1 27.4 26.7 25.9 24.9 23.9 22.8 21.7 20.9 20.1 19.4 18.6 17.8 17 16.3 15.7 15.2 14.6 14.1 13.6 13.1 12.6 12.1 11.7 11.3 10.9 10.5 10.2 9.96 9.74 -3.4e+38 -3.4e+38 -3.4e+38 -3.4e+38 -3.4e+38 -3.4e+38 -3.4e+38 -3.4e+38 -3.4e+38 -3.4e+38 -3.4e+38 -3.4e+38 -3.4e+38 -3.4e+38 -3.4e+38 -3.4e+38 -3.4e+38 -3.4e+38 -3.4e+38 -3.4e+38 -3.4e+38 -3.4e+38 -3.4e+38 -3.4e+38 -3.4e+38 -3.4e+38
34.5 34.4 34.3 34 33.7 33.4 33 32.5 32.1 31.7 31.3 30.7 30.2 29.6 28.9 28.3 27.5 26.8 26 25.2 24.1 23.1 22.1 21.1 20.3 19.5 18.8 18 17.3 16.6 15.9 15.4 14.8 14.3 13.8 13.3 12.9 12.4 12 11.5 11.1 10.8 10.4 10.1 9.89 9.69 -3.4e+38 -3.4e+38 -3.4e+38 -3.4e+38 -3.4e+38 -3.4e+38 -3.4e+38 -3.4e+38 -3.4e+38 -3.4e+38 -3.4e+38 -3.4e+38 -3.4e+38 -3.4e+38 -3.4e+38 -3.4e+38 -3.4e+38 -3.4e+38 -3.4e+38 -3.4e+38 -3.4e+38 -3.4e+38 -3.4e+38 -3.4e+38 -3.4e+38 -3.4e+38
34.6 34.5 34.3 34 33.7 33.3 32.8 32.3 31.9 31.4 30.9 30.3 29.8 29.1 28.4 27.7 26.9 26.2 25.3 24.4 23.4 22.2 21.3 20.4 19.7 18.9 18.2 17.5 16.8 16.1 15.6 15 14.5 14.1 13.6 13.1 12.7 12.2 11.8 11.4 11 10.6 10.3 10.1 9.83 9.65 -3.4e+38 -3.4e+38 -3.4e+38 -3.4e+38 -3.4e+38 -3.4e+38 -3.4e+38 -3.4e+38 -3.4e+38 -3.4e+38 -3.4e+38 -3.4e+38 -3.4e+38 -3.4e+38 -3.4e+38 -3.4e+38 -3.4e+38 -3.4e+38 -3.4e+38 -3.4e+38 -3.4e+38 -3.4e+38 -3.4e+38 -3.4e+38 -3.4e+38 -3.4e+38
34.6 34.5 34.3 34 33.6 33.1 32.6 32.2 31.7 31.1 30.6 29.9 29.3 28.5 27.8 27.1 26.3 25.5 24.6 23.7 22.5 21.3 20.6 19.8 19.1 18.4 17.6 17 16.3 15.7 15.2 14.7 14.3 13.8 13.3 12.9 12.4 12 11.6 11.2 10.8 10.5 10.2 9.98 9.78 9.6 -3.4e+38 -3.4e+38 -3.4e+38 -3.4e+38 -3.4e+38 -3.4e+38 -3.4e+38 -3.4e+38 -3.4e+38 -3.4e+38 -3.4e+38 -3.4e+38 -3.4e+38 -3.4e+38 -3.4e+38 -3.4e+38 -3.4e+38 -3.4e+38 -3.4e+38 -3.4e+38 -3.4e+38 -3.4e+38 -3.4e+38 -3.4e+38 -3.4e+38 -3.4e+38
34.7 34.5 34.3 33.9 33.5 33 32.4 31.9 31.3 30.7 30.1 29.4 28.7 27.9 27.2 26.4 25.6 24.8 23.8 22.9 21.8 20.6 19.9 19.2 18.5 17.8 17.1 16.4 15.8 15.3 14.9 14.4 14 13.5 13.1 12.7 12.2 11.8 11.4 11.1 10.7 10.4 10.1 9.91 9.72 9.55 -3.4e+38 -3.4e+38 -3.4e+38 -3.4e+38 -3.4e+38 -3.4e+38 -3.4e+38 -3.4e+38 -3.4e+38 -3.4e+38 -3.4e+38 -3.4e+38 -3.4e+38 -3.4e+38 -3.4e+38 -3.4e+38 -3.4e+38 -3.4e+38 -3.4e+38 -3.4e+38 -3.4e+38 -3.4e+38 -3.4e+38 -3.4e+38 -3.4e+38 -3.4e+38
34.7 34.5 34.2 33.8 33.3 32.8 32.2 31.6 30.9 30.2 29.5 28.8 28.1 27.3 26.5 25.7 24.9 24 23.1 22 21 20 19.3 18.5 17.9 17.2 16.5 15.9 15.4 14.9 14.5 14.1 13.7 13.3 12.9 12.4 12 11.6 11.2 10.9 10.6 10.3 10.1 9.84 -3.4e+38 -3.4e+38 -3.4e+38 -3.4e+38 -3.4e+38 -3.4e+38 -3.4e+38 -3.4e+38 -3.4e+38 -3.4e+38 -3.4e+38 -3.4e+38 -3.4e+38 -3.4e+38 -3.4e+38 -3.4e+38 -3.4e+38 -3.4e+38 -3.4e+38 -3.4e+38 -3.4e+38 -3.4e+38 -3.4e+38 -3.4e+38 -3.4e+38 -3.4e+38 -3.4e+38 -3.4e+38
