maui/input/month_year_rainfall/maui_prcp_01_2002.asc
ncols        361
nrows        320
xllcorner    -156.738000000000
yllcorner    20.343000000000
cellsize     0.002250000000
NODATA_value -3.4028234663852885981e+38
[rows 160 to 191 of 320, columns 216 to 287 of 361]
13.2 13.4 13.5 13.6 13.7 13.8 13.8 13.9 13.8 13.8 13.8 13.7 13.6 13.6 13.5 13.5 13.5 13.5 13.6 13.6 13.7 13.8 14 14.1 14.2 14.3 14.4 14.6 14.7 14.9 15 15.2 15.5 15.7 16 16.3 16.7 17.2 17.7 18.2 18.9 19.7 20.7 21.8 23.1 24.5 26 27.6 29.2 30.8 32.2 33.4 34.5 35.5 36.4 37.2 37.9 38.6 39.2 39.8 40.5 41.1 41.7 42.3 42.9 43.5 44 44.5 44.8 45.1 45.2 45.2
13.1 13.3 13.4 13.5 13.6 13.7 13.8 13.8 13.8 13.8 13.8 13.8 13.7 13.7 13.7 13.7 13.7 13.8 13.8 13.9 14 14.1 14.3 14.4 14.5 14.6 14.7 14.8 15 15.2 15.3 15.5 15.8 16.1 16.4 16.7 17.2 17.6 18.2 18.8 19.5 20.4 21.3 22.4 23.6 24.9 26.3 27.8 29.2 30.5 31.8 33 34 34.9 35.7 36.5 37.1 37.8 38.4 39 39.5 40.1 40.7 41.3 41.8 42.4 42.9 43.3 43.7 43.9 44.1 44.1
12.9 13.1 13.2 13.4 13.5 13.6 13.7 13.7 13.8 13.8 13.8 13.8 13.8 13.8 13.8 13.8 13.9 13.9 14 14.2 14.3 14.4 14.5 14.7 14.8 14.9 15 15.1 15.3 15.4 15.6 15.8 16.1 16.4 16.7 17.1 17.6 18.1 18.6 19.3 20 20.9 21.9 22.9 24.1 25.3 26.6 27.8 29.1 30.3 31.5 32.5 33.5 34.3 35.1 35.7 36.4 36.9 37.5 38 38.6 39.1 39.7 40.2 40.8 41.3 41.8 42.2 42.5 42.8 42.9 42.8
12.7 12.9 13 13.2 13.3 13.4 13.5 13.6 13.7 13.7 13.7 13.8 13.8 13.9 13.9 13.9 14 14.1 14.2 14.4 14.5 14.7 14.8 14.9 15 15.1 15.3 15.4 15.6 15.7 15.9 16.1 16.4 16.7 17 17.4 17.9 18.5 19.1 19.7 20.5 21.4 22.3 23.4 24.5 25.6 26.7 27.9 29 30.1 31.1 32.1 32.9 33.7 34.4 35 35.6 36.1 36.6 37.1 37.6 38.1 38.6 39.2 39.7 40.2 40.6 41.1 41.3 41.6 41.6 41.5
12.5 12.6 12.8 13 13.1 13.2 13.3 13.4 13.5 13.6 13.7 13.7 13.8 13.9 13.9 14 14.1 14.2 14.4 14.6 14.7 14.9 15 15.2 15.3 15.4 15.5 15.7 15.8 16 16.1 16.4 16.6 16.9 17.3 17.7 18.2 18.8 19.4 20.1 20.9 21.8 22.7 23.7 24.7 25.8 26.9 27.9 28.9 29.9 30.8 31.7 32.4 33.1 33.7 34.3 34.8 35.3 35.7 36.2 36.6 37.1 37.6 38.1 38.6 39.1 39.5 39.9 40.2 40.3 40.3 40.2
12.2 12.4 12.5 12.7 12.9 13 13.1 13.2 13.3 13.4 13.6 13.7 13.8 13.9 14 14.1 14.2 14.4 14.5 14.7 14.9 15.1 15.2 15.4 15.5 15.6 15.8 15.9 16.1 16.2 16.4 16.6 16.9 17.2 17.5 18 18.5 19 19.7 20.4 21.2 22.1 23 24 25 26 26.9 27.9 28.8 29.6 30.5 31.2 31.9 32.5 33.1 33.6 34 34.4 34.8 35.2 35.6 36.1 36.6 37 37.5 37.9 38.3 38.7 38.9 39 38.9 38.8
11.9 12.1 12.2 12.4 12.6 12.7 12.9 13 13.1 13.3 13.4 13.5 13.7 13.8 13.9 14.1 14.3 14.4 14.6 14.8 15 15.2 15.4 15.6 15.7 15.8 16 16.1 16.3 16.4 16.5 16.8 17 17.3 17.7 18.2 18.7 19.2 19.9 20.6 21.4 22.3 23.2 24.2 25.1 26 26.9 27.8 28.6 29.4 30.1 30.8 31.4 32 32.4 32.8 33.2 33.6 33.9 34.3 34.7 35.1 35.5 36 36.4 36.8 37.1 37.4 37.5 37.6 37.5 37.3
11.6 11.8 11.9 12.1 12.3 12.4 12.6 12.7 12.9 13 13.2 13.4 13.5 13.7 13.9 14.1 14.3 14.5 14.7 14.9 15.1 15.3 15.5 15.7 15.8 16 16.1 16.3 16.4 16.5 16.7 16.9 17.1 17.5 17.8 18.3 18.8 19.4 20 20.7 21.5 22.4 23.3 24.3 25.3 26.1 26.8 27.6 28.3 29 29.7 30.3 30.9 31.3 31.7 32.1 32.3 32.6 32.9 33.3 33.6 34 34.4 34.8 35.2 35.5 35.8 36 36.1 36.2 36 35.8
11.3 11.5 11.6 11.8 12 12.1 12.3 12.5 12.6 12.8 13 13.2 13.4 13.6 13.8 14 14.3 14.6 14.8 15 15.2 15.4 15.6 15.8 15.9 16.1 16.3 16.4 16.5 16.6 16.8 17 17.2 17.5 17.9 18.3 18.8 19.4 20 20.7 21.5 22.4 23.3 24.2 25.2 25.9 26.6 27.3 28 28.7 29.3 29.8 30.3 30.7 31 31.2 31.5 31.7 31.9 32.2 32.5 32.9 33.2 33.5 33.9 34.2 34.4 34.6 34.7 34.7 34.5 34.3
11 11.2 11.3 11.5 11.7 11.8 12 12.2 12.3 12.5 12.7 12.9 13.2 13.4 13.7 13.9 14.2 14.5 14.8 15 15.2 15.4 15.5 15.7 15.9 16 16.2 16.3 16.4 16.5 16.7 16.9 17.1 17.4 17.8 18.2 18.7 19.2 19.9 20.5 21.3 22.1 23 23.8 24.7 25.4 26.1 26.8 27.4 28.1 28.7 29.2 29.7 30 30.2 30.3 30.5 30.7 30.8 31.1 31.3 31.6 31.9 32.2 32.5 32.8 33 33.1 33.2 33.2 33 32.7
10.7 10.9 11 11.2 11.4 11.5 11.7 11.9 12 12.2 12.5 12.7 13 13.2 13.5 13.8 14.1 14.5 14.7 15 15.2 15.3 15.4 15.6 15.7 15.9 16 16.1 16.2 16.3 16.5 16.7 17 17.3 17.6 18 18.5 19 19.6 20.3 21 21.7 22.5 23.3 24 24.8 25.4 26.1 26.8 27.4 28.1 28.6 29 29.2 29.3 29.4 29.5 29.6 29.7 29.9 30.1 30.4 30.6 30.9 31.1 31.3 31.5 31.7 31.7 31.7 31.4 31.1
10.5 10.6 10.7 10.9 11.1 11.2 11.4 11.6 11.8 12 12.2 12.5 12.7 13 13.4 13.7 14 14.3 14.6 14.8 15 15.1 15.2 15.4 15.5 15.6 15.7 15.8 15.9 16.1 16.2 16.4 16.7 17 17.3 17.7 18.2 18.7 19.2 19.8 20.5 21.2 21.9 22.6 23.3 24 24.6 25.3 25.9 26.6 27.3 27.9 28.2 28.3 28.3 28.3 28.4 28.4 28.5 28.7 28.9 29.1 29.3 29.5 29.7 29.9 30 30.1 30.1 30.1 29.8 29.5
10.2 10.3 10.4 10.6 10.8 10.9 11.1 11.3 11.5 11.7 11.9 12.2 12.5 12.8 13.2 13.5 13.8 14.1 14.4 14.6 14.7 14.9 15 15.1 15.2 15.3 15.4 15.5 15.6 15.7 15.9 16.1 16.3 16.6 17 17.4 17.8 18.3 18.8 19.3 19.9 20.6 21.2 21.9 22.5 23.1 23.7 24.3 24.9 25.6 26.3 27 27.2 27.2 27.2 27.2 27.2 27.2 27.3 27.4 27.6 27.7 27.9 28.1 28.3 28.4 28.5 28.6 28.5 28.4 28.2 27.8
9.9 10 10.2 10.3 10.5 10.6 10.8 11 11.2 11.5 11.7 12 12.3 12.6 12.9 13.2 13.5 13.8 14 14.2 14.4 14.5 14.6 14.7 14.8 14.9 15 15.1 15.2 15.3 15.4 15.6 15.9 16.2 16.5 16.9 17.3 17.7 18.2 18.7 19.3 19.9 20.4 21 21.6 22.1 22.7 23.2 23.8 24.4 25 25.5 25.8 25.8 25.9 25.9 25.9 26 26 26.1 26.2 26.4 26.5 26.7 26.8 26.9 26.9 27 26.9 26.7 26.4 26.1
9.64 9.75 9.88 10 10.2 10.4 10.5 10.8 11 11.2 11.5 11.8 12 12.4 12.7 13 13.2 13.4 13.7 13.9 14 14.2 14.2 14.3 14.4 14.5 14.5 14.6 14.7 14.8 14.9 15.1 15.4 15.6 16 16.3 16.7 17.1 17.6 18.1 18.6 19.1 19.6 20.2 20.6 21.1 21.6 22 22.5 23 23.5 23.9 24.2 24.4 24.5 24.5 24.6 24.7 24.7 24.8 24.9 25 25.1 25.2 25.3 25.3 25.4 25.4 25.2 25 24.7 24.4
9.38 9.49 9.61 9.76 9.92 10.1 10.3 10.5 10.7 11 11.2 11.5 11.8 12.1 12.4 12.6 12.9 13.1 13.3 13.4 13.6 13.7 13.8 13.8 13.9 13.9 14 14 14.1 14.2 14.3 14.5 14.8 15.1 15.4 15.7 16.1 16.5 16.9 17.4 17.8 18.3 18.8 19.2 19.7 20.1 20.5 20.8 21.2 21.5 21.9 22.3 22.6 22.8 23 23.1 23.2 23.3 23.3 23.4 23.5 23.5 23.6 23.7 23.7 23.8 23.7 23.7 23.6 23.4 23.1 22.8
9.12 9.24 9.36 9.51 9.67 9.86 10 10.3 10.5 10.7 11 11.2 11.5 11.8 12.1 12.3 12.5 12.7 12.8 13 13.1 13.2 13.2 13.3 13.3 13.3 13.4 13.4 13.5 13.6 13.7 13.9 14.1 14.4 14.7 15 15.4 15.8 16.2 16.6 17 17.5 17.9 18.3 18.6 19 19.3 19.5 19.8 20 20.3 20.7 21 21.3 21.5 21.7 21.8 21.9 22 22 22 22.1 22.1 22.2 22.2 22.2 22.2 22.1 22 21.8 21.6 21.4
8.88 9 9.13 9.29 9.45 9.64 9.84 10.1 10.3 10.5 10.8 11 11.2 11.5 11.7 11.9 12.1 12.2 12.4 12.5 12.6 12.6 12.6 12.6 12.6 12.6 12.6 12.7 12.8 12.9 13 13.2 13.4 13.7 14 14.3 14.7 15 15.4 15.8 16.2 16.6 16.9 17.3 17.6 17.8 18.1 18.3 18.4 18.5 18.7 19.1 19.5 19.8 20.1 20.3 20.4 20.5 20.6 20.6 20.7 20.7 20.7 20.7 20.8 20.8 20.7 20.7 20.5 20.4 20.2 20
8.68 8.8 8.94 9.1 9.26 9.45 9.65 9.86 10.1 10.3 10.5 10.7 10.9 11.2 11.4 11.6 11.7 11.8 11.9 12 12 12 12 12 11.9 11.9 11.9 12 12 12.1 12.3 12.5 12.7 13 13.3 13.6 13.9 14.3 14.6 15 15.3 15.7 16 16.3 16.5 16.8 16.9 17.1 17.1 17.1 17.2 17.7 18.1 18.5 18.7 18.9 19 19.1 19.2 19.3 19.3 19.3 19.3 19.3 19.4 19.4 19.3 19.3 19.2 19 18.9 18.6
8.52 8.64 8.79 8.94 9.1 9.29 9.47 9.68 9.88 10.1 10.3 10.5 10.7 10.9 11 11.2 11.3 11.4 11.4 11.5 11.4 11.4 11.4 11.3 11.2 11.2 11.2 11.2 11.3 11.4 11.6 11.8 12 12.3 12.6 12.9 13.2 13.6 13.9 14.2 14.5 14.8 15.1 15.3 15.6 15.8 15.9 16 16.1 16.1 16.3 16.6 16.9 17.2 17.4 17.6 17.7 17.8 17.9 17.9 17.9 18 18 18 18 18 18 17.9 17.8 17.7 17.6 17.4
8.38 8.51 8.66 8.81 8.97 9.14 9.32 9.51 9.7 9.88 10.1 10.2 10.4 10.5 10.7 10.8 10.9 10.9 10.9 10.9 10.8 10.8 10.7 10.7 10.5 10.5 10.4 10.5 10.6 10.8 10.9 11.2 11.4 11.7 11.9 12.2 12.5 12.9 13.1 13.4 13.7 14 14.2 14.4 14.6 14.8 15 15.1 15.2 15.3 15.4 15.7 15.9 16.1 16.3 16.4 16.5 16.6 16.6 16.6 16.7 16.7 16.7 16.8 16.8 16.8 16.7 16.7 16.6 16.5 16.4 16.2
8.26 8.39 8.54 8.69 8.84 9.01 9.18 9.35 9.51 9.67 9.82 9.96 10.1 10.2 10.3 10.4 10.4 10.4 10.4 10.3 10.3 10.2 10.1 10 9.91 9.83 9.78 9.86 9.98 10.1 10.3 10.5 10.8 11 11.3 11.6 11.9 12.2 12.4 12.7 12.9 13.2 13.4 13.6 13.8 13.9 14.1 14.2 14.3 14.4 14.6 14.8 14.9 15.1 15.2 15.2 15.3 15.3 15.4 15.4 15.4 15.5 15.5 15.5 15.6 15.6 15.5 15.5 15.4 15.4 15.3 15.2
8.15 8.27 8.42 8.57 8.72 8.87 9.03 9.18 9.33 9.46 9.58 9.68 9.78 9.88 9.94 9.97 9.96 9.95 9.88 9.8 9.71 9.62 9.53 9.43 9.34 9.27 9.26 9.31 9.42 9.56 9.74 9.96 10.2 10.5 10.7 11 11.3 11.5 11.8 12 12.2 12.4 12.6 12.8 13 13.1 13.3 13.4 13.5 13.7 13.8 14 14.1 14.1 14.2 14.2 14.2 14.2 14.2 14.2 14.3 14.3 14.4 14.4 14.4 14.5 14.4 14.4 14.4 14.4 14.3 14.2
8.03 8.16 8.31 8.45 8.59 8.73 8.88 9.02 9.14 9.25 9.34 9.41 9.47 9.52 9.56 9.57 9.54 9.5 9.39 9.28 9.17 9.07 8.97 8.87 8.79 8.74 8.73 8.78 8.87 9.02 9.19 9.41 9.64 9.9 10.2 10.4 10.7 10.9 11.1 11.3 11.5 11.7 11.9 12 12.2 12.3 12.5 12.6 12.8 12.9 13.1 13.2 13.2 13.2 13.2 13.1 13.1 13.1 13.1 13.1 13.2 13.2 13.3 13.3 13.4 13.4 13.4 13.4 13.4 13.4 13.4 13.4
7.93 8.05 8.19 8.33 8.46 8.59 8.72 8.83 8.94 9.02 9.09 9.14 9.18 9.19 9.19 9.18 9.13 9.06 8.94 8.81 8.69 8.57 8.45 8.36 8.29 8.25 8.25 8.3 8.4 8.55 8.73 8.94 9.17 9.41 9.67 9.93 10.2 10.4 10.5 10.7 10.9 11 11.2 11.3 11.4 11.6 11.7 11.8 12 12.1 12.3 12.5 12.5 12.4 12.3 12.2 12.1 12.1 12.1 12.2 12.2 12.3 12.3 12.4 12.5 12.5 12.6 12.6 12.6 12.6 12.6 12.6
7.83 7.95 8.08 8.2 8.33 8.44 8.55 8.64 8.73 8.79 8.84 8.87 8.88 8.87 8.83 8.79 8.71 8.63 8.5 8.35 8.21 8.07 7.95 7.86 7.79 7.77 7.77 7.84 7.94 8.09 8.27 8.48 8.7 8.93 9.17 9.41 9.63 9.79 9.94 10.1 10.2 10.3 10.5 10.6 10.7 10.8 10.9 11.1 11.2 11.3 11.5 11.6 11.6 11.4 11.3 11.2 11.2 11.2 11.2 11.2 11.3 11.4 11.5 11.5 11.6 11.7 11.7 11.8 11.8 11.9 11.9 11.9
7.73 7.84 7.95 8.06 8.17 8.26 8.36 8.44 8.5 8.54 8.58 8.59 8.58 8.54 8.49 8.42 8.32 8.21 8.07 7.93 7.78 7.65 7.54 7.46 7.43 7.42 7.45 7.52 7.63 7.78 7.95 8.14 8.34 8.56 8.77 8.97 9.16 9.31 9.45 9.57 9.69 9.8 9.9 10 10.1 10.2 10.3 10.4 10.5 10.6 10.7 10.7 10.7 10.6 10.5 10.4 10.3 10.3 10.3 10.4 10.5 10.6 10.7 10.8 10.9 11 11 11.1 11.2 11.2 11.3 11.3
7.62 7.72 7.82 7.91 8 8.08 8.16 8.22 8.27 8.3 8.31 8.3 8.27 8.22 8.15 8.06 7.93 7.8 7.65 7.51 7.36 7.24 7.15 7.09 7.07 7.08 7.13 7.22 7.33 7.47 7.63 7.8 7.99 8.18 8.37 8.55 8.71 8.85 8.97 9.07 9.17 9.26 9.35 9.43 9.51 9.59 9.66 9.74 9.8 9.87 9.91 9.91 9.86 9.76 9.65 9.54 9.44 9.4 9.44 9.54 9.67 9.8 9.93 10.1 10.2 10.3 10.4 10.5 10.6 10.6 10.7 10.8
7.49 7.58 7.67 7.75 7.82 7.89 7.95 7.99 8.03 8.03 8.03 8 7.96 7.9 7.81 7.7 7.57 7.43 7.28 7.14 7 6.89 6.81 6.77 6.76 6.79 6.85 6.93 7.05 7.18 7.34 7.5 7.67 7.84 8.01 8.16 8.3 8.42 8.52 8.61 8.69 8.76 8.83 8.9 8.96 9.02 9.07 9.12 9.16 9.19 9.2 9.17 9.11 9.03 8.92 8.8 8.68 8.61 8.67 8.82 8.99 9.15 9.3 9.43 9.56 9.68 9.8 -3.4e+38 -3.4e+38 -3.4e+38 10.2 -3.4e+38
7.35 7.43 7.5 7.57 7.63 7.68 7.73 7.75 7.77 7.76 7.74 7.7 7.64 7.57 7.47 7.35 7.22 7.07 6.92 6.78 6.65 6.55 6.49 6.46 6.46 6.5 6.57 6.66 6.78 6.91 7.06 7.21 7.37 7.52 7.67 7.79 7.91 8.01 8.09 8.16 8.22 8.28 8.33 8.38 8.43 8.47 8.51 8.54 8.56 8.56 8.54 8.51 8.45 8.36 8.26 8.15 8.03 7.9 8.01 8.21 8.4 8.57 8.72 8.87 -3.4e+38 -3.4e+38 -3.4e+38 -3.4e+38 -3.4e+38 -3.4e+38 -3.4e+38 -3.4e+38
7.18 7.25 7.32 7.37 7.42 7.46 7.49 7.5 7.5 7.48 7.44 7.39 7.32 7.24 7.13 7.01 6.88 6.74 6.59 6.45 6.33 6.23 6.18 6.17 6.19 6.24 6.32 6.41 6.53 6.65 6.79 6.94 7.09 7.23 7.36 7.46 7.55 7.63 7.69 7.75 7.79 7.83 7.87 7.9 7.94 7.96 7.99 8 8 7.99 7.96 7.91 7.85 7.78 7.7 7.61 7.53 7.49 7.57 7.74 7.91 8.07 8.23 -3.4e+38 -3.4e+38 -3.4e+38 -3.4e+38 -3.4e+38 -3.4e+38 -3.4e+38 -3.4e+38 -3.4e+38
7 7.06 7.12 7.16 7.2 7.23 7.24 7.24 7.23 7.19 7.15 7.08 7 6.91 6.81 6.69 6.56 6.42 6.29 6.16 6.04 5.95 5.92 5.93 5.96 6.02 6.1 6.19 6.3 6.42 6.55 6.69 6.82 6.95 7.06 7.15 7.22 7.28 7.33 7.36 7.39 7.41 7.44 7.45 7.47 7.49 7.5 7.5 7.49 7.47 7.43 7.39 7.33 7.28 7.22 7.17 7.13 7.15 7.22 7.35 7.49 7.64 -3.4e+38 -3.4e+38 -3.4e+38 -3.4e+38 -3.4e+38 -3.4e+38 -3.4e+38 -3.4e+38 -3.4e+38 -3.4e+38
