maui/input/month_year_rainfall/maui_prcp_03_2001.asc
ncols        361
nrows        320
xllcorner    -156.738000000000
yllcorner    20.343000000000
cellsize     0.002250000000
NODATA_value -3.4028234663852885981e+38
[rows 160 to 191 of 320, columns 142 to 212 of 361]
0.286 0.297 0.307 0.317 0.328 0.339 0.349 0.36 0.371 0.381 0.391 0.401 0.412 0.426 0.443 0.463 0.482 0.503 0.523 0.543 0.562 0.58 0.597 0.613 0.629 0.648 0.667 0.686 0.705 0.723 0.741 0.76 0.779 0.798 0.818 0.839 0.859 0.88 0.901 0.921 0.942 0.961 0.98 0.998 1.02 1.03 1.05 1.07 1.09 1.11 1.13 1.15 1.17 1.19 1.21 1.23 1.25 1.27 1.29 1.3 1.32 1.33 1.35 1.37 1.38 1.4 1.42 1.44 1.46 1.48 1.51
0.297 0.308 0.319 0.33 0.341 0.353 0.364 0.376 0.387 0.398 0.409 0.419 0.429 0.442 0.46 0.48 0.502 0.524 0.545 0.566 0.585 0.604 0.621 0.637 0.654 0.673 0.693 0.712 0.732 0.751 0.769 0.788 0.808 0.828 0.848 0.868 0.89 0.911 0.931 0.952 0.971 0.989 1.01 1.02 1.04 1.06 1.07 1.09 1.11 1.13 1.14 1.16 1.18 1.2 1.22 1.24 1.26 1.28 1.3 1.32 1.33 1.35 1.37 1.38 1.4 1.42 1.44 1.46 1.48 1.51 1.53
0.308 0.32 0.332 0.344 0.356 0.368 0.38 0.393 0.405 0.417 0.429 0.44 0.452 0.466 0.482 0.501 0.524 0.548 0.57 0.591 0.611 0.63 0.648 0.666 0.684 0.703 0.722 0.742 0.762 0.781 0.8 0.819 0.839 0.859 0.88 0.901 0.922 0.943 0.964 0.983 1 1.02 1.03 1.05 1.06 1.08 1.09 1.11 1.12 1.14 1.16 1.18 1.19 1.21 1.23 1.25 1.27 1.29 1.31 1.33 1.34 1.36 1.38 1.4 1.42 1.44 1.46 1.48 1.5 1.53 1.56
0.321 0.334 0.346 0.359 0.372 0.385 0.398 0.412 0.425 0.438 0.451 0.465 0.479 0.494 0.51 0.529 0.552 0.576 0.598 0.619 0.639 0.659 0.677 0.696 0.715 0.734 0.754 0.774 0.793 0.813 0.832 0.851 0.871 0.892 0.913 0.935 0.956 0.978 0.998 1.02 1.03 1.05 1.06 1.08 1.09 1.1 1.11 1.13 1.14 1.16 1.17 1.19 1.2 1.22 1.24 1.26 1.28 1.3 1.32 1.34 1.35 1.37 1.39 1.41 1.43 1.45 1.47 1.5 1.52 1.54 1.57
0.334 0.348 0.362 0.376 0.39 0.404 0.418 0.433 0.447 0.462 0.477 0.492 0.508 0.525 0.542 0.562 0.584 0.607 0.628 0.65 0.67 0.689 0.708 0.727 0.747 0.766 0.787 0.806 0.826 0.846 0.866 0.885 0.905 0.927 0.949 0.971 0.992 1.01 1.03 1.05 1.07 1.08 1.09 1.1 1.11 1.12 1.13 1.14 1.15 1.17 1.18 1.2 1.21 1.23 1.25 1.27 1.29 1.31 1.33 1.35 1.36 1.38 1.4 1.42 1.44 1.46 1.48 1.51 1.53 1.56 1.59
0.349 0.363 0.378 0.393 0.409 0.424 0.44 0.456 0.472 0.488 0.505 0.522 0.539 0.557 0.576 0.597 0.617 0.639 0.66 0.681 0.7 0.72 0.739 0.758 0.778 0.798 0.818 0.838 0.858 0.878 0.898 0.918 0.939 0.961 0.984 1.01 1.03 1.05 1.07 1.08 1.1 1.11 1.12 1.13 1.13 1.14 1.15 1.16 1.17 1.18 1.19 1.21 1.22 1.24 1.25 1.27 1.29 1.31 1.33 1.35 1.37 1.39 1.41 1.43 1.45 1.47 1.5 1.52 1.54 1.57 1.6
0.364 0.38 0.396 0.412 0.429 0.446 0.464 0.481 0.499 0.517 0.536 0.554 0.573 0.592 0.611 0.631 0.651 0.672 0.692 0.712 0.73 0.75 0.768 0.788 0.808 0.827 0.848 0.868 0.888 0.908 0.929 0.95 0.972 0.995 1.02 1.04 1.06 1.08 1.1 1.12 1.13 1.14 1.15 1.15 1.16 1.16 1.17 1.17 1.18 1.19 1.2 1.22 1.23 1.24 1.26 1.28 1.3 1.32 1.34 1.36 1.38 1.4 1.42 1.44 1.46 1.48 1.51 1.53 1.55 1.58 1.61
0.38 0.397 0.414 0.433 0.451 0.47 0.489 0.508 0.528 0.548 0.568 0.587 0.606 0.626 0.645 0.664 0.684 0.704 0.723 0.742 0.76 0.778 0.797 0.816 0.836 0.856 0.875 0.896 0.917 0.937 0.959 0.981 1 1.03 1.05 1.08 1.1 1.12 1.14 1.15 1.16 1.17 1.17 1.18 1.18 1.18 1.19 1.19 1.2 1.2 1.21 1.22 1.24 1.25 1.27 1.28 1.3 1.32 1.34 1.36 1.38 1.4 1.42 1.45 1.47 1.49 1.52 1.54 1.57 1.59 1.62
0.397 0.415 0.434 0.454 0.474 0.495 0.516 0.537 0.559 0.58 0.601 0.621 0.641 0.66 0.679 0.698 0.716 0.735 0.753 0.771 0.788 0.806 0.825 0.844 0.863 0.883 0.902 0.922 0.944 0.966 0.988 1.01 1.04 1.06 1.09 1.11 1.13 1.16 1.18 1.19 1.2 1.2 1.2 1.2 1.2 1.2 1.2 1.21 1.21 1.22 1.22 1.23 1.24 1.26 1.27 1.29 1.31 1.33 1.35 1.37 1.39 1.41 1.43 1.46 1.48 1.5 1.53 1.55 1.58 1.6 1.63
0.415 0.435 0.455 0.476 0.498 0.522 0.545 0.568 0.591 0.614 0.636 0.656 0.676 0.695 0.713 0.731 0.748 0.766 0.782 0.798 0.814 0.831 0.849 0.868 0.887 0.906 0.925 0.946 0.968 0.991 1.01 1.04 1.06 1.09 1.11 1.14 1.16 1.19 1.21 1.22 1.23 1.23 1.23 1.22 1.22 1.22 1.22 1.22 1.22 1.22 1.23 1.24 1.25 1.26 1.27 1.29 1.31 1.33 1.35 1.38 1.4 1.42 1.44 1.46 1.49 1.51 1.53 1.56 1.58 1.61 1.64
0.434 0.456 0.477 0.5 0.524 0.55 0.575 0.601 0.625 0.649 0.672 0.692 0.711 0.73 0.747 0.765 0.781 0.797 0.81 0.825 0.84 0.856 0.872 0.889 0.908 0.928 0.947 0.968 0.99 1.01 1.04 1.06 1.09 1.11 1.14 1.16 1.19 1.21 1.24 1.25 1.26 1.25 1.24 1.24 1.23 1.23 1.23 1.23 1.23 1.23 1.24 1.24 1.25 1.26 1.28 1.29 1.31 1.33 1.36 1.38 1.4 1.42 1.44 1.47 1.49 1.52 1.54 1.57 1.59 1.62 1.64
0.454 0.478 0.502 0.527 0.553 0.58 0.607 0.634 0.66 0.685 0.707 0.728 0.747 0.765 0.781 0.797 0.811 0.825 0.837 0.849 0.862 0.876 0.891 0.908 0.926 0.945 0.965 0.987 1.01 1.03 1.06 1.08 1.11 1.13 1.16 1.18 1.21 1.23 1.25 1.27 1.27 1.26 1.26 1.25 1.24 1.24 1.23 1.23 1.23 1.23 1.24 1.24 1.25 1.26 1.28 1.29 1.31 1.34 1.36 1.38 1.4 1.43 1.45 1.47 1.5 1.52 1.55 1.57 1.6 1.62 1.65
0.476 0.501 0.527 0.555 0.583 0.612 0.641 0.669 0.696 0.722 0.745 0.765 0.783 0.8 0.815 0.829 0.842 0.854 0.863 0.873 0.884 0.896 0.909 0.925 0.942 0.961 0.981 1 1.03 1.05 1.08 1.1 1.13 1.15 1.17 1.2 1.22 1.24 1.26 1.27 1.27 1.27 1.26 1.25 1.25 1.24 1.23 1.23 1.23 1.23 1.24 1.24 1.25 1.26 1.27 1.29 1.31 1.33 1.36 1.38 1.4 1.43 1.45 1.48 1.5 1.52 1.55 1.57 1.6 1.62 1.65
0.497 0.525 0.553 0.583 0.613 0.645 0.676 0.705 0.734 0.759 0.782 0.801 0.819 0.835 0.848 0.86 0.87 0.88 0.887 0.894 0.902 0.911 0.923 0.937 0.954 0.974 0.994 1.02 1.04 1.06 1.09 1.11 1.14 1.16 1.18 1.2 1.22 1.24 1.25 1.26 1.27 1.26 1.26 1.25 1.24 1.24 1.23 1.23 1.23 1.23 1.23 1.24 1.25 1.26 1.27 1.29 1.31 1.33 1.36 1.38 1.41 1.43 1.45 1.48 1.5 1.53 1.55 1.58 1.6 1.63 1.65
0.519 0.549 0.58 0.612 0.645 0.679 0.712 0.743 0.772 0.797 0.82 0.839 0.855 0.869 0.88 0.89 0.898 0.906 0.91 0.915 0.919 0.925 0.934 0.948 0.965 0.985 1.01 1.03 1.05 1.08 1.1 1.12 1.15 1.17 1.19 1.21 1.22 1.24 1.25 1.26 1.26 1.26 1.25 1.25 1.24 1.23 1.23 1.23 1.23 1.23 1.23 1.24 1.25 1.26 1.27 1.29 1.31 1.33 1.36 1.38 1.4 1.43 1.45 1.48 1.5 1.53 1.55 1.58 1.6 1.63 1.65
0.541 0.574 0.607 0.642 0.677 0.714 0.749 0.78 0.81 0.835 0.857 0.876 0.891 0.902 0.911 0.919 0.924 0.929 0.931 0.933 0.935 0.937 0.942 0.955 0.973 0.993 1.01 1.04 1.06 1.08 1.11 1.13 1.15 1.17 1.19 1.2 1.22 1.23 1.24 1.25 1.25 1.25 1.25 1.24 1.23 1.23 1.23 1.22 1.22 1.23 1.23 1.24 1.25 1.26 1.27 1.29 1.31 1.33 1.36 1.38 1.41 1.43 1.45 1.48 1.5 1.53 1.55 1.58 1.6 1.62 1.65
0.564 0.599 0.634 0.672 0.71 0.749 0.786 0.819 0.849 0.874 0.895 0.913 0.926 0.936 0.942 0.947 0.95 0.952 0.952 0.952 0.951 0.95 0.951 0.962 0.981 1 1.02 1.04 1.07 1.09 1.11 1.13 1.15 1.17 1.19 1.2 1.22 1.23 1.24 1.24 1.24 1.24 1.24 1.23 1.23 1.22 1.22 1.22 1.22 1.22 1.23 1.24 1.25 1.26 1.27 1.29 1.31 1.34 1.36 1.38 1.41 1.43 1.45 1.48 1.5 1.53 1.55 1.57 1.6 1.62 1.64
0.586 0.624 0.662 0.702 0.743 0.784 0.824 0.857 0.887 0.912 0.933 0.949 0.961 0.969 0.973 0.975 0.975 0.975 0.973 0.971 0.967 0.964 0.965 0.973 0.989 1.01 1.03 1.05 1.07 1.09 1.11 1.13 1.15 1.17 1.19 1.2 1.21 1.22 1.23 1.23 1.24 1.24 1.23 1.23 1.22 1.22 1.22 1.22 1.22 1.22 1.23 1.24 1.25 1.26 1.28 1.3 1.32 1.34 1.36 1.39 1.41 1.43 1.46 1.48 1.5 1.53 1.55 1.57 1.6 1.62 1.64
0.609 0.649 0.689 0.732 0.776 0.82 0.861 0.896 0.926 0.95 0.97 0.986 0.996 1 1 1 1 0.998 0.993 0.989 0.984 0.98 0.979 0.986 1 1.02 1.04 1.06 1.08 1.1 1.12 1.14 1.16 1.17 1.19 1.2 1.21 1.22 1.22 1.23 1.23 1.23 1.23 1.22 1.22 1.22 1.21 1.21 1.22 1.22 1.23 1.24 1.25 1.26 1.28 1.3 1.32 1.35 1.37 1.39 1.41 1.44 1.46 1.48 1.51 1.53 1.55 1.58 1.6 1.63 1.65
0.631 0.673 0.716 0.762 0.808 0.855 0.899 0.934 0.965 0.989 1.01 1.02 1.03 1.03 1.03 1.03 1.03 1.02 1.01 1.01 1 0.995 0.993 0.999 1.01 1.03 1.05 1.07 1.09 1.1 1.12 1.14 1.16 1.17 1.19 1.2 1.21 1.21 1.22 1.22 1.22 1.22 1.22 1.22 1.22 1.21 1.21 1.21 1.22 1.22 1.23 1.24 1.25 1.27 1.29 1.31 1.33 1.35 1.37 1.4 1.42 1.44 1.47 1.49 1.51 1.54 1.56 1.59 1.62 1.64 1.67
0.653 0.697 0.742 0.791 0.839 0.889 0.936 0.972 1 1.03 1.05 1.06 1.06 1.07 1.06 1.06 1.05 1.04 1.04 1.03 1.02 1.01 1.01 1.01 1.03 1.04 1.06 1.08 1.1 1.11 1.13 1.15 1.17 1.18 1.19 1.2 1.21 1.21 1.22 1.22 1.22 1.22 1.22 1.22 1.21 1.21 1.21 1.21 1.22 1.23 1.24 1.25 1.26 1.28 1.3 1.32 1.34 1.36 1.38 1.41 1.43 1.45 1.48 1.5 1.53 1.55 1.58 1.61 1.64 1.67 1.71
0.674 0.72 0.768 0.818 0.869 0.921 0.971 1.01 1.04 1.07 1.08 1.09 1.1 1.1 1.09 1.09 1.08 1.07 1.06 1.05 1.04 1.03 1.03 1.03 1.04 1.06 1.07 1.09 1.11 1.13 1.14 1.16 1.17 1.19 1.2 1.2 1.21 1.22 1.22 1.22 1.22 1.22 1.22 1.22 1.21 1.21 1.21 1.22 1.22 1.23 1.24 1.26 1.27 1.29 1.31 1.33 1.35 1.37 1.4 1.42 1.44 1.47 1.49 1.52 1.54 1.57 1.6 1.64 1.67 1.71 1.75
0.694 0.742 0.791 0.843 0.896 0.95 1 1.04 1.08 1.1 1.12 1.13 1.13 1.13 1.12 1.11 1.1 1.09 1.08 1.07 1.06 1.06 1.05 1.05 1.06 1.08 1.09 1.11 1.13 1.14 1.16 1.17 1.19 1.2 1.21 1.22 1.22 1.22 1.23 1.23 1.23 1.22 1.22 1.22 1.22 1.22 1.22 1.22 1.23 1.24 1.25 1.27 1.29 1.3 1.32 1.35 1.37 1.39 1.42 1.44 1.46 1.49 1.51 1.54 1.57 1.6 1.63 1.66 1.7 1.74 1.78
0.714 0.763 0.813 0.867 0.921 0.977 1.03 1.08 1.12 1.14 1.15 1.16 1.16 1.15 1.15 1.14 1.13 1.12 1.1 1.1 1.09 1.08 1.08 1.08 1.09 1.1 1.11 1.13 1.15 1.16 1.18 1.19 1.2 1.21 1.22 1.23 1.23 1.23 1.23 1.23 1.23 1.23 1.23 1.22 1.22 1.22 1.22 1.23 1.24 1.25 1.26 1.28 1.3 1.32 1.34 1.36 1.39 1.41 1.44 1.46 1.49 1.51 1.54 1.57 1.59 1.62 1.66 1.69 1.73 1.77 1.82
0.731 0.781 0.833 0.887 0.941 0.997 1.05 1.1 1.14 1.17 1.18 1.18 1.18 1.18 1.17 1.16 1.15 1.14 1.13 1.12 1.12 1.11 1.11 1.11 1.12 1.13 1.14 1.15 1.17 1.18 1.2 1.21 1.22 1.23 1.24 1.24 1.25 1.25 1.24 1.24 1.24 1.24 1.23 1.23 1.23 1.23 1.23 1.24 1.25 1.26 1.28 1.3 1.32 1.34 1.36 1.39 1.41 1.44 1.46 1.49 1.51 1.53 1.56 1.59 1.62 1.65 1.68 1.72 1.76 1.8 1.85
0.748 0.799 0.85 0.905 0.959 1.01 1.07 1.12 1.16 1.18 1.19 1.2 1.2 1.2 1.19 1.19 1.17 1.16 1.15 1.15 1.14 1.14 1.14 1.14 1.14 1.15 1.16 1.18 1.19 1.2 1.21 1.23 1.24 1.25 1.26 1.26 1.26 1.26 1.26 1.25 1.25 1.25 1.24 1.24 1.24 1.24 1.24 1.25 1.26 1.28 1.3 1.32 1.34 1.37 1.39 1.42 1.44 1.47 1.49 1.51 1.53 1.55 1.58 1.61 1.64 1.67 1.7 1.74 1.78 1.83 1.88
0.762 0.813 0.865 0.918 0.971 1.03 1.08 1.12 1.16 1.19 1.2 1.21 1.21 1.21 1.21 1.2 1.19 1.19 1.18 1.17 1.17 1.17 1.17 1.17 1.17 1.18 1.19 1.2 1.22 1.23 1.24 1.25 1.26 1.27 1.28 1.28 1.28 1.27 1.27 1.27 1.27 1.26 1.26 1.26 1.25 1.25 1.25 1.26 1.28 1.3 1.32 1.34 1.37 1.39 1.42 1.44 1.47 1.49 1.51 1.53 1.55 1.57 1.6 1.62 1.65 1.68 1.72 1.76 1.8 1.85 1.9
0.775 0.826 0.877 0.93 0.982 1.03 1.08 1.13 1.16 1.19 1.21 1.22 1.22 1.23 1.22 1.22 1.21 1.2 1.2 1.19 1.19 1.19 1.19 1.2 1.2 1.21 1.22 1.23 1.24 1.25 1.26 1.27 1.28 1.29 1.29 1.29 1.29 1.29 1.29 1.28 1.28 1.28 1.28 1.27 1.27 1.27 1.27 1.28 1.3 1.32 1.34 1.36 1.39 1.41 1.44 1.47 1.49 1.51 1.53 1.55 1.57 1.59 1.61 1.63 1.66 1.7 1.73 1.77 1.82 1.87 1.93
0.785 0.836 0.887 0.939 0.988 1.04 1.08 1.12 1.16 1.19 1.21 1.22 1.23 1.23 1.23 1.23 1.22 1.22 1.21 1.21 1.21 1.21 1.22 1.22 1.23 1.24 1.24 1.25 1.26 1.27 1.28 1.29 1.3 1.3 1.31 1.31 1.31 1.3 1.3 1.3 1.3 1.29 1.29 1.29 1.29 1.29 1.3 1.31 1.32 1.34 1.36 1.38 1.41 1.43 1.46 1.48 1.5 1.52 1.54 1.56 1.58 1.59 1.62 1.64 1.67 1.71 1.74 1.78 1.83 1.88 1.94
0.794 0.845 0.895 0.945 0.992 1.04 1.08 1.12 1.16 1.18 1.2 1.22 1.23 1.23 1.24 1.24 1.23 1.23 1.23 1.23 1.23 1.23 1.24 1.24 1.25 1.26 1.27 1.27 1.28 1.29 1.3 1.31 1.31 1.32 1.32 1.32 1.32 1.32 1.31 1.31 1.31 1.31 1.31 1.31 1.31 1.31 1.32 1.33 1.34 1.36 1.38 1.4 1.42 1.44 1.47 1.49 1.51 1.53 1.55 1.56 1.58 1.6 1.62 1.64 1.68 1.71 1.75 1.79 1.83 1.88 1.94
0.8 0.851 0.9 0.949 0.993 1.04 1.08 1.11 1.15 1.17 1.2 1.21 1.22 1.23 1.24 1.24 1.24 1.24 1.24 1.24 1.25 1.25 1.26 1.26 1.27 1.28 1.28 1.29 1.3 1.31 1.31 1.32 1.32 1.33 1.33 1.33 1.33 1.33 1.32 1.32 1.32 1.32 1.32 1.32 1.32 1.33 1.34 1.35 1.36 1.38 1.39 1.41 1.43 1.45 1.47 1.49 1.51 1.53 1.55 1.56 1.58 1.6 1.62 1.64 1.67 1.7 1.74 1.78 1.82 1.87 1.92
0.803 0.854 0.904 0.95 0.991 1.03 1.07 1.1 1.13 1.16 1.18 1.2 1.21 1.23 1.23 1.24 1.25 1.25 1.25 1.26 1.26 1.26 1.27 1.28 1.29 1.29 1.3 1.3 1.31 1.32 1.32 1.33 1.33 1.33 1.33 1.33 1.33 1.33 1.33 1.33 1.32 1.32 1.33 1.33 1.33 1.34 1.35 1.36 1.37 1.38 1.4 1.42 1.44 1.45 1.47 1.49 1.51 1.52 1.54 1.56 1.57 1.59 1.61 1.63 1.66 1.69 1.72 1.75 1.79 1.84 1.89
