maui/input/month_year_rainfall/maui_prcp_08_2002.asc
ncols        361
nrows        320
xllcorner    -156.738000000000
yllcorner    20.343000000000
cellsize     0.002250000000
NODATA_value -3.4028234663852885981e+38
[rows 224 to 255 of 320, columns 0 to 71 of 361]
-3.4e+38 -3.4e+38 -3.4e+38 -3.4e+38 -3.4e+38 -3.4e+38 -3.4e+38 -3.4e+38 -3.4e+38 -3.4e+38 -3.4e+38 -3.4e+38 -3.4e+38 -3.4e+38 -3.4e+38 -3.4e+38 -3.4e+38 -3.4e+38 -3.4e+38 -3.4e+38 -3.4e+38 -3.4e+38 -3.4e+38 -3.4e+38 -3.4e+38 -3.4e+38 -3.4e+38 0.0601 0.0611 0.0623 0.0637 0.0651 0.0668 0.0685 0.0707 0.073 0.0757 0.0787 0.082 0.0855 0.0892 0.0933 0.0978 0.103 0.108 0.113 0.119 0.125 0.132 0.139 0.146 0.153 0.16 0.168 0.175 0.182 0.189 0.196 0.203 0.21 0.217 0.224 0.231 0.237 0.244 0.251 0.258 0.264 0.269 0.274 0.279 0.283
-3.4e+38 -3.4e+38 -3.4e+38 -3.4e+38 -3.4e+38 -3.4e+38 -3.4e+38 -3.4e+38 -3.4e+38 -3.4e+38 -3.4e+38 -3.4e+38 -3.4e+38 -3.4e+38 -3.4e+38 -3.4e+38 -3.4e+38 -3.4e+38 -3.4e+38 -3.4e+38 -3.4e+38 -3.4e+38 -3.4e+38 -3.4e+38 -3.4e+38 -3.4e+38 0.0596 0.0605 0.0616 0.0629 0.0644 0.066 0.0678 0.0697 0.0721 0.0748 0.0779 0.0813 0.0849 0.0887 0.0928 0.0972 0.102 0.107 0.112 0.118 0.124 0.13 0.137 0.144 0.151 0.158 0.165 0.172 0.179 0.186 0.193 0.2 0.207 0.213 0.22 0.226 0.233 0.239 0.245 0.251 0.257 0.262 0.267 0.271 0.275 0.278
-3.4e+38 -3.4e+38 -3.4e+38 -3.4e+38 -3.4e+38 -3.4e+38 -3.4e+38 -3.4e+38 -3.4e+38 -3.4e+38 -3.4e+38 -3.4e+38 -3.4e+38 -3.4e+38 -3.4e+38 -3.4e+38 -3.4e+38 -3.4e+38 -3.4e+38 -3.4e+38 -3.4e+38 -3.4e+38 -3.4e+38 -3.4e+38 -3.4e+38 -3.4e+38 0.0599 0.0609 0.0622 0.0636 0.0652 0.067 0.069 0.0712 0.0739 0.0769 0.0804 0.084 0.088 0.092 0.0963 0.101 0.106 0.111 0.116 0.122 0.128 0.135 0.142 0.149 0.156 0.163 0.17 0.177 0.183 0.19 0.196 0.203 0.209 0.216 0.222 0.228 0.234 0.239 0.245 0.25 0.255 0.259 0.263 0.267 0.271 0.273
-3.4e+38 -3.4e+38 -3.4e+38 -3.4e+38 -3.4e+38 -3.4e+38 -3.4e+38 -3.4e+38 -3.4e+38 -3.4e+38 -3.4e+38 -3.4e+38 -3.4e+38 -3.4e+38 -3.4e+38 -3.4e+38 -3.4e+38 -3.4e+38 -3.4e+38 -3.4e+38 -3.4e+38 -3.4e+38 -3.4e+38 -3.4e+38 -3.4e+38 0.0594 0.0604 0.0615 0.0629 0.0645 0.0663 0.0683 0.0707 0.0732 0.0763 0.0796 0.0834 0.0872 0.0913 0.0956 0.0999 0.105 0.11 0.115 0.121 0.127 0.133 0.14 0.146 0.153 0.16 0.167 0.173 0.18 0.187 0.193 0.199 0.205 0.211 0.217 0.223 0.229 0.234 0.239 0.243 0.248 0.252 0.256 0.259 0.262 0.265 0.267
-3.4e+38 -3.4e+38 -3.4e+38 -3.4e+38 -3.4e+38 -3.4e+38 -3.4e+38 -3.4e+38 -3.4e+38 -3.4e+38 -3.4e+38 -3.4e+38 -3.4e+38 -3.4e+38 -3.4e+38 -3.4e+38 -3.4e+38 -3.4e+38 -3.4e+38 -3.4e+38 -3.4e+38 -3.4e+38 -3.4e+38 0.0583 0.059 0.0599 0.0609 0.0622 0.0638 0.0655 0.0676 0.0698 0.0725 0.0754 0.0787 0.0823 0.0862 0.0902 0.0945 0.0988 0.103 0.108 0.113 0.119 0.124 0.131 0.137 0.143 0.15 0.157 0.163 0.17 0.176 0.183 0.189 0.195 0.201 0.207 0.213 0.218 0.223 0.228 0.233 0.237 0.241 0.245 0.248 0.251 0.254 0.257 0.259 0.26
-3.4e+38 -3.4e+38 -3.4e+38 -3.4e+38 -3.4e+38 -3.4e+38 -3.4e+38 -3.4e+38 -3.4e+38 -3.4e+38 -3.4e+38 -3.4e+38 -3.4e+38 -3.4e+38 -3.4e+38 -3.4e+38 -3.4e+38 -3.4e+38 -3.4e+38 -3.4e+38 -3.4e+38 -3.4e+38 0.0579 0.0586 0.0594 0.0604 0.0616 0.063 0.0647 0.0667 0.069 0.0716 0.0746 0.0777 0.0812 0.0849 0.0889 0.093 0.0974 0.102 0.107 0.112 0.117 0.122 0.128 0.134 0.14 0.147 0.153 0.16 0.166 0.172 0.179 0.185 0.191 0.197 0.203 0.208 0.213 0.218 0.223 0.227 0.231 0.235 0.238 0.241 0.244 0.246 0.249 0.25 0.252 0.253
-3.4e+38 -3.4e+38 -3.4e+38 -3.4e+38 -3.4e+38 -3.4e+38 -3.4e+38 -3.4e+38 -3.4e+38 -3.4e+38 -3.4e+38 -3.4e+38 -3.4e+38 -3.4e+38 -3.4e+38 -3.4e+38 -3.4e+38 -3.4e+38 -3.4e+38 -3.4e+38 -3.4e+38 -3.4e+38 0.0581 0.0589 0.0598 0.0609 0.0623 0.0639 0.0658 0.068 0.0705 0.0734 0.0765 0.0799 0.0835 0.0874 0.0915 0.0958 0.1 0.105 0.11 0.115 0.119 0.125 0.131 0.137 0.143 0.149 0.156 0.162 0.168 0.174 0.18 0.186 0.192 0.198 0.203 0.208 0.212 0.217 0.221 0.225 0.228 0.232 0.234 0.237 0.239 0.241 0.243 0.244 0.245 0.245
-3.4e+38 -3.4e+38 -3.4e+38 -3.4e+38 -3.4e+38 -3.4e+38 -3.4e+38 -3.4e+38 -3.4e+38 -3.4e+38 -3.4e+38 -3.4e+38 -3.4e+38 -3.4e+38 -3.4e+38 -3.4e+38 -3.4e+38 -3.4e+38 -3.4e+38 -3.4e+38 0.0574 0.0578 0.0583 0.0592 0.0602 0.0615 0.0629 0.0648 0.0669 0.0694 0.0721 0.0751 0.0784 0.082 0.0858 0.0898 0.094 0.0984 0.103 0.108 0.113 0.117 0.122 0.128 0.133 0.139 0.145 0.152 0.158 0.164 0.17 0.176 0.182 0.187 0.193 0.198 0.202 0.207 0.211 0.215 0.219 0.222 0.225 0.228 0.23 0.232 0.234 0.236 0.237 0.237 0.238 0.238
-3.4e+38 -3.4e+38 -3.4e+38 -3.4e+38 -3.4e+38 -3.4e+38 -3.4e+38 -3.4e+38 -3.4e+38 -3.4e+38 -3.4e+38 -3.4e+38 -3.4e+38 -3.4e+38 -3.4e+38 -3.4e+38 -3.4e+38 -3.4e+38 -3.4e+38 0.0572 0.0575 0.058 0.0586 0.0595 0.0607 0.0621 0.0637 0.0658 0.0681 0.0707 0.0736 0.0768 0.0802 0.0838 0.0878 0.092 0.0962 0.101 0.105 0.11 0.115 0.12 0.125 0.13 0.135 0.141 0.147 0.153 0.159 0.165 0.171 0.176 0.182 0.187 0.192 0.197 0.201 0.205 0.209 0.212 0.216 0.219 0.221 0.224 0.226 0.227 0.229 0.23 0.23 0.23 0.23 0.23
-3.4e+38 -3.4e+38 -3.4e+38 -3.4e+38 -3.4e+38 -3.4e+38 -3.4e+38 -3.4e+38 -3.4e+38 -3.4e+38 -3.4e+38 -3.4e+38 -3.4e+38 -3.4e+38 -3.4e+38 -3.4e+38 -3.4e+38 -3.4e+38 0.0569 0.0572 0.0576 0.0582 0.0589 0.0599 0.0611 0.0626 0.0645 0.0667 0.0693 0.072 0.0751 0.0783 0.0819 0.0856 0.0897 0.0939 0.0982 0.103 0.107 0.112 0.117 0.122 0.127 0.132 0.137 0.143 0.148 0.154 0.16 0.166 0.171 0.177 0.182 0.187 0.191 0.195 0.199 0.203 0.206 0.21 0.213 0.215 0.218 0.22 0.221 0.222 0.223 0.224 0.224 0.224 0.223 0.222
-3.4e+38 -3.4e+38 -3.4e+38 -3.4e+38 -3.4e+38 -3.4e+38 -3.4e+38 -3.4e+38 -3.4e+38 -3.4e+38 -3.4e+38 -3.4e+38 -3.4e+38 -3.4e+38 -3.4e+38 -3.4e+38 -3.4e+38 0.0571 0.057 0.0574 0.0579 0.0585 0.0593 0.0603 0.0616 0.0633 0.0654 0.0677 0.0703 0.0731 0.0762 0.0796 0.0831 0.0869 0.091 0.0953 0.0995 0.104 0.109 0.113 0.118 0.123 0.128 0.133 0.138 0.144 0.149 0.155 0.16 0.166 0.171 0.176 0.18 0.185 0.189 0.193 0.196 0.2 0.203 0.206 0.209 0.211 0.213 0.215 0.216 0.217 0.218 0.218 0.218 0.217 0.216 0.215
-3.4e+38 -3.4e+38 -3.4e+38 -3.4e+38 -3.4e+38 -3.4e+38 -3.4e+38 -3.4e+38 -3.4e+38 -3.4e+38 -3.4e+38 -3.4e+38 -3.4e+38 -3.4e+38 -3.4e+38 -3.4e+38 -3.4e+38 0.0572 0.0572 0.0575 0.0581 0.0588 0.0596 0.0607 0.062 0.064 0.0662 0.0686 0.0713 0.0741 0.0772 0.0806 0.0843 0.0881 0.0922 0.0965 0.101 0.105 0.11 0.114 0.119 0.124 0.129 0.134 0.139 0.144 0.15 0.155 0.16 0.165 0.17 0.174 0.178 0.183 0.186 0.19 0.194 0.197 0.2 0.202 0.205 0.207 0.209 0.21 0.212 0.212 0.212 0.212 0.212 0.21 0.209 0.208
-3.4e+38 -3.4e+38 -3.4e+38 -3.4e+38 -3.4e+38 -3.4e+38 -3.4e+38 -3.4e+38 -3.4e+38 -3.4e+38 -3.4e+38 -3.4e+38 -3.4e+38 -3.4e+38 -3.4e+38 -3.4e+38 0.0576 0.0575 0.0575 0.0578 0.0584 0.0591 0.06 0.0612 0.0627 0.0646 0.0668 0.0693 0.0719 0.0748 0.0779 0.0813 0.085 0.0888 0.0929 0.0971 0.101 0.106 0.11 0.115 0.12 0.124 0.129 0.134 0.139 0.144 0.149 0.154 0.159 0.163 0.168 0.172 0.176 0.18 0.183 0.187 0.19 0.193 0.196 0.198 0.201 0.203 0.204 0.206 0.207 0.207 0.207 0.206 0.206 0.204 0.203 0.2
-3.4e+38 -3.4e+38 -3.4e+38 -3.4e+38 -3.4e+38 -3.4e+38 -3.4e+38 -3.4e+38 -3.4e+38 -3.4e+38 -3.4e+38 -3.4e+38 -3.4e+38 -3.4e+38 -3.4e+38 -3.4e+38 0.0579 0.0578 0.0578 0.0581 0.0587 0.0594 0.0604 0.0617 0.0633 0.0652 0.0674 0.0698 0.0725 0.0754 0.0785 0.0819 0.0855 0.0893 0.0933 0.0975 0.102 0.106 0.11 0.115 0.12 0.124 0.129 0.134 0.138 0.143 0.148 0.152 0.157 0.161 0.165 0.169 0.173 0.177 0.18 0.183 0.187 0.189 0.192 0.194 0.197 0.198 0.2 0.201 0.202 0.202 0.202 0.201 0.2 0.198 0.196 0.194
-3.4e+38 -3.4e+38 -3.4e+38 -3.4e+38 -3.4e+38 -3.4e+38 -3.4e+38 -3.4e+38 -3.4e+38 -3.4e+38 -3.4e+38 -3.4e+38 -3.4e+38 -3.4e+38 -3.4e+38 -3.4e+38 0.0583 0.0582 0.0582 0.0585 0.059 0.0599 0.061 0.0622 0.0637 0.0656 0.0677 0.0701 0.0728 0.0756 0.0787 0.0821 0.0856 0.0894 0.0934 0.0975 0.102 0.106 0.11 0.115 0.119 0.123 0.128 0.132 0.137 0.141 0.146 0.15 0.154 0.158 0.162 0.166 0.17 0.173 0.177 0.18 0.183 0.186 0.188 0.19 0.192 0.194 0.195 0.196 0.197 0.197 0.197 0.196 0.195 0.193 0.191 0.188
-3.4e+38 -3.4e+38 -3.4e+38 -3.4e+38 -3.4e+38 -3.4e+38 -3.4e+38 -3.4e+38 -3.4e+38 -3.4e+38 -3.4e+38 -3.4e+38 -3.4e+38 -3.4e+38 -3.4e+38 -3.4e+38 0.0587 0.0586 0.0586 0.0589 0.0594 0.0603 0.0614 0.0626 0.0641 0.0658 0.0679 0.0702 0.0728 0.0756 0.0787 0.082 0.0855 0.0893 0.0931 0.0972 0.101 0.105 0.11 0.114 0.118 0.122 0.127 0.131 0.135 0.139 0.144 0.148 0.152 0.156 0.159 0.163 0.167 0.17 0.173 0.176 0.179 0.182 0.184 0.186 0.188 0.19 0.191 0.192 0.192 0.193 0.192 0.191 0.19 0.188 0.186 0.183
-3.4e+38 -3.4e+38 -3.4e+38 -3.4e+38 -3.4e+38 -3.4e+38 -3.4e+38 -3.4e+38 -3.4e+38 -3.4e+38 -3.4e+38 -3.4e+38 -3.4e+38 -3.4e+38 -3.4e+38 -3.4e+38 0.0592 0.0591 0.059 0.0594 0.06 0.0608 0.0618 0.0628 0.0642 0.0658 0.0678 0.07 0.0725 0.0753 0.0783 0.0816 0.085 0.0887 0.0924 0.0963 0.1 0.104 0.108 0.112 0.116 0.121 0.125 0.129 0.133 0.137 0.141 0.145 0.149 0.152 0.156 0.16 0.163 0.166 0.17 0.172 0.175 0.178 0.18 0.182 0.184 0.185 0.187 0.187 0.188 0.188 0.188 0.187 0.185 0.184 0.181 0.178
-3.4e+38 -3.4e+38 -3.4e+38 -3.4e+38 -3.4e+38 -3.4e+38 -3.4e+38 -3.4e+38 -3.4e+38 -3.4e+38 -3.4e+38 -3.4e+38 -3.4e+38 -3.4e+38 -3.4e+38 -3.4e+38 -3.4e+38 -3.4e+38 0.0596 0.06 0.0605 0.0612 0.0619 0.0628 0.064 0.0656 0.0674 0.0696 0.072 0.0748 0.0777 0.0809 0.0842 0.0878 0.0914 0.0952 0.099 0.103 0.107 0.111 0.115 0.118 0.122 0.126 0.13 0.134 0.138 0.142 0.146 0.149 0.153 0.156 0.16 0.163 0.166 0.169 0.172 0.174 0.176 0.178 0.18 0.181 0.183 0.183 0.184 0.184 0.184 0.183 0.181 0.18 0.177 0.175
-3.4e+38 -3.4e+38 -3.4e+38 -3.4e+38 -3.4e+38 -3.4e+38 -3.4e+38 -3.4e+38 -3.4e+38 -3.4e+38 -3.4e+38 -3.4e+38 -3.4e+38 -3.4e+38 -3.4e+38 -3.4e+38 -3.4e+38 -3.4e+38 -3.4e+38 0.0607 0.061 0.0615 0.062 0.0627 0.0637 0.0651 0.0669 0.0689 0.0714 0.074 0.0769 0.0801 0.0833 0.0867 0.0902 0.0938 0.0975 0.101 0.105 0.109 0.113 0.116 0.12 0.124 0.127 0.131 0.135 0.139 0.142 0.146 0.149 0.153 0.156 0.159 0.162 0.165 0.168 0.17 0.173 0.175 0.176 -3.4e+38 -3.4e+38 0.18 0.18 0.18 0.18 0.179 0.178 0.176 0.174 0.172
-3.4e+38 -3.4e+38 -3.4e+38 -3.4e+38 -3.4e+38 -3.4e+38 -3.4e+38 -3.4e+38 -3.4e+38 -3.4e+38 -3.4e+38 -3.4e+38 -3.4e+38 -3.4e+38 -3.4e+38 -3.4e+38 -3.4e+38 -3.4e+38 -3.4e+38 -3.4e+38 -3.4e+38 0.0617 0.062 0.0624 0.0632 0.0644 0.0661 0.0682 0.0706 0.0732 0.0761 0.0791 0.0823 0.0856 0.0889 0.0924 0.0959 0.0995 0.103 0.107 0.11 0.114 0.118 0.121 0.125 0.128 0.132 0.136 0.139 0.143 0.146 0.15 0.153 0.156 0.159 0.162 0.165 0.167 0.169 0.171 0.173 -3.4e+38 -3.4e+38 0.176 0.177 0.177 0.176 0.176 0.175 0.173 0.172 0.17
-3.4e+38 -3.4e+38 -3.4e+38 -3.4e+38 -3.4e+38 -3.4e+38 -3.4e+38 -3.4e+38 -3.4e+38 -3.4e+38 -3.4e+38 -3.4e+38 -3.4e+38 -3.4e+38 -3.4e+38 -3.4e+38 -3.4e+38 -3.4e+38 -3.4e+38 -3.4e+38 -3.4e+38 -3.4e+38 -3.4e+38 0.0621 0.0625 0.0635 0.0653 0.0675 0.0699 0.0725 0.0753 0.0782 0.0813 0.0845 0.0877 0.091 0.0944 0.0979 0.101 0.105 0.108 0.112 0.115 0.119 0.122 0.126 0.13 0.133 0.137 0.14 0.143 0.147 0.15 0.153 0.156 -3.4e+38 -3.4e+38 0.164 0.166 0.168 0.17 -3.4e+38 -3.4e+38 -3.4e+38 0.174 0.174 0.174 0.173 0.172 0.171 0.17 0.168
-3.4e+38 -3.4e+38 -3.4e+38 -3.4e+38 -3.4e+38 -3.4e+38 -3.4e+38 -3.4e+38 -3.4e+38 -3.4e+38 -3.4e+38 -3.4e+38 -3.4e+38 -3.4e+38 -3.4e+38 -3.4e+38 -3.4e+38 -3.4e+38 -3.4e+38 -3.4e+38 -3.4e+38 -3.4e+38 -3.4e+38 0.0619 0.0618 0.0626 0.0646 0.0669 0.0694 0.0719 0.0746 0.0774 0.0803 0.0834 0.0865 0.0897 0.093 0.0963 0.0996 0.103 0.106 0.11 0.113 0.117 0.12 0.124 0.127 0.131 0.134 0.138 0.141 0.144 -3.4e+38 -3.4e+38 -3.4e+38 -3.4e+38 -3.4e+38 -3.4e+38 -3.4e+38 -3.4e+38 -3.4e+38 -3.4e+38 -3.4e+38 -3.4e+38 0.171 0.171 0.171 0.171 0.17 0.17 0.169 0.167
-3.4e+38 -3.4e+38 -3.4e+38 -3.4e+38 -3.4e+38 -3.4e+38 -3.4e+38 -3.4e+38 -3.4e+38 -3.4e+38 -3.4e+38 -3.4e+38 -3.4e+38 -3.4e+38 -3.4e+38 -3.4e+38 -3.4e+38 -3.4e+38 -3.4e+38 -3.4e+38 -3.4e+38 -3.4e+38 -3.4e+38 0.0622 0.0618 0.0625 0.0646 0.0669 0.0692 0.0716 0.0741 0.0768 0.0796 0.0824 0.0855 0.0886 0.0917 0.0949 0.0981 -3.4e+38 0.105 0.108 0.111 0.115 0.118 0.121 0.125 0.128 0.132 -3.4e+38 -3.4e+38 -3.4e+38 -3.4e+38 -3.4e+38 -3.4e+38 -3.4e+38 -3.4e+38 -3.4e+38 -3.4e+38 -3.4e+38 -3.4e+38 -3.4e+38 -3.4e+38 -3.4e+38 -3.4e+38 0.169 0.17 0.17 0.169 0.169 -3.4e+38 -3.4e+38
-3.4e+38 -3.4e+38 -3.4e+38 -3.4e+38 -3.4e+38 -3.4e+38 -3.4e+38 -3.4e+38 -3.4e+38 -3.4e+38 -3.4e+38 -3.4e+38 -3.4e+38 -3.4e+38 -3.4e+38 -3.4e+38 -3.4e+38 -3.4e+38 -3.4e+38 -3.4e+38 -3.4e+38 -3.4e+38 -3.4e+38 -3.4e+38 0.0632 0.0638 0.0654 0.0673 0.0694 0.0716 0.074 0.0765 0.0791 0.0818 0.0846 0.0876 0.0906 0.0936 -3.4e+38 -3.4e+38 -3.4e+38 0.106 0.11 0.113 0.116 0.12 0.123 -3.4e+38 -3.4e+38 -3.4e+38 -3.4e+38 -3.4e+38 -3.4e+38 -3.4e+38 -3.4e+38 -3.4e+38 -3.4e+38 -3.4e+38 -3.4e+38 -3.4e+38 -3.4e+38 -3.4e+38 -3.4e+38 -3.4e+38 -3.4e+38 -3.4e+38 -3.4e+38 0.168 0.168 -3.4e+38 -3.4e+38 -3.4e+38
-3.4e+38 -3.4e+38 -3.4e+38 -3.4e+38 -3.4e+38 -3.4e+38 -3.4e+38 -3.4e+38 -3.4e+38 -3.4e+38 -3.4e+38 -3.4e+38 -3.4e+38 -3.4e+38 -3.4e+38 -3.4e+38 -3.4e+38 -3.4e+38 -3.4e+38 -3.4e+38 -3.4e+38 -3.4e+38 -3.4e+38 -3.4e+38 0.0649 0.0655 0.0666 0.0682 0.07 0.0719 0.0741 0.0763 0.0787 0.0813 0.084 0.0868 0.0896 -3.4e+38 -3.4e+38 -3.4e+38 -3.4e+38 -3.4e+38 0.108 0.111 0.115 -3.4e+38 -3.4e+38 -3.4e+38 -3.4e+38 -3.4e+38 -3.4e+38 -3.4e+38 -3.4e+38 -3.4e+38 -3.4e+38 -3.4e+38 -3.4e+38 -3.4e+38 -3.4e+38 -3.4e+38 -3.4e+38 -3.4e+38 -3.4e+38 -3.4e+38 -3.4e+38 -3.4e+38 -3.4e+38 -3.4e+38 -3.4e+38 -3.4e+38 -3.4e+38 -3.4e+38
-3.4e+38 -3.4e+38 -3.4e+38 -3.4e+38 -3.4e+38 -3.4e+38 -3.4e+38 -3.4e+38 -3.4e+38 -3.4e+38 -3.4e+38 -3.4e+38 -3.4e+38 -3.4e+38 -3.4e+38 -3.4e+38 -3.4e+38 -3.4e+38 -3.4e+38 -3.4e+38 -3.4e+38 -3.4e+38 -3.4e+38 -3.4e+38 -3.4e+38 -3.4e+38 0.0679 0.0691 0.0707 0.0724 0.0743 0.0764 0.0786 0.0809 0.0835 -3.4e+38 -3.4e+38 -3.4e+38 -3.4e+38 -3.4e+38 -3.4e+38 -3.4e+38 -3.4e+38 -3.4e+38 -3.4e+38 -3.4e+38 -3.4e+38 -3.4e+38 -3.4e+38 -3.4e+38 -3.4e+38 -3.4e+38 -3.4e+38 -3.4e+38 -3.4e+38 -3.4e+38 -3.4e+38 -3.4e+38 -3.4e+38 -3.4e+38 -3.4e+38 -3.4e+38 -3.4e+38 -3.4e+38 -3.4e+38 -3.4e+38 -3.4e+38 -3.4e+38 -3.4e+38 -3.4e+38 -3.4e+38 -3.4e+38
-3.4e+38 -3.4e+38 -3.4e+38 -3.4e+38 -3.4e+38 -3.4e+38 -3.4e+38 -3.4e+38 -3.4e+38 -3.4e+38 -3.4e+38 -3.4e+38 -3.4e+38 -3.4e+38 -3.4e+38 -3.4e+38 -3.4e+38 -3.4e+38 -3.4e+38 -3.4e+38 -3.4e+38 -3.4e+38 -3.4e+38 -3.4e+38 -3.4e+38 -3.4e+38 -3.4e+38 -3.4e+38 0.0715 0.073 -3.4e+38 0.0766 0.0786 0.0807 -3.4e+38 -3.4e+38 -3.4e+38 -3.4e+38 -3.4e+38 -3.4e+38 -3.4e+38 -3.4e+38 -3.4e+38 -3.4e+38 -3.4e+38 -3.4e+38 -3.4e+38 -3.4e+38 -3.4e+38 -3.4e+38 -3.4e+38 -3.4e+38 -3.4e+38 -3.4e+38 -3.4e+38 -3.4e+38 -3.4e+38 -3.4e+38 -3.4e+38 -3.4e+38 -3.4e+38 -3.4e+38 -3.4e+38 -3.4e+38 -3.4e+38 -3.4e+38 -3.4e+38 -3.4e+38 -3.4e+38 -3.4e+38 -3.4e+38 -3.4e+38
-3.4e+38 -3.4e+38 -3.4e+38 -3.4e+38 -3.4e+38 -3.4e+38 -3.4e+38 -3.4e+38 -3.4e+38 -3.4e+38 -3.4e+38 -3.4e+38 -3.4e+38 -3.4e+38 -3.4e+38 -3.4e+38 -3.4e+38 -3.4e+38 -3.4e+38 -3.4e+38 -3.4e+38 -3.4e+38 -3.4e+38 -3.4e+38 -3.4e+38 -3.4e+38 -3.4e+38 -3.4e+38 -3.4e+38 -3.4e+38 -3.4e+38 -3.4e+38 -3.4e+38 -3.4e+38 -3.4e+38 -3.4e+38 -3.4e+38 -3.4e+38 -3.4e+38 -3.4e+38 -3.4e+38 -3.4e+38 -3.4e+38 -3.4e+38 -3.4e+38 -3.4e+38 -3.4e+38 -3.4e+38 -3.4e+38 -3.4e+38 -3.4e+38 -3.4e+38 -3.4e+38 -3.4e+38 -3.4e+38 -3.4e+38 -3.4e+38 -3.4e+38 -3.4e+38 -3.4e+38 -3.4e+38 -3.4e+38 -3.4e+38 -3.4e+38 -3.4e+38 -3.4e+38 -3.4e+38 -3.4e+38 -3.4e+38 -3.4e+38 -3.4e+38 -3.4e+38
-3.4e+38 -3.4e+38 -3.4e+38 -3.4e+38 -3.4e+38 -3.4e+38 -3.4e+38 -3.4e+38 -3.4e+38 -3.4e+38 -3.4e+38 -3.4e+38 -3.4e+38 -3.4e+38 -3.4e+38 -3.4e+38 -3.4e+38 -3.4e+38 -3.4e+38 -3.4e+38 -3.4e+38 -3.4e+38 -3.4e+38 -3.4e+38 -3.4e+38 -3.4e+38 -3.4e+38 -3.4e+38 -3.4e+38 -3.4e+38 -3.4e+38 -3.4e+38 -3.4e+38 -3.4e+38 -3.4e+38 -3.4e+38 -3.4e+38 -3.4e+38 -3.4e+38 -3.4e+38 -3.4e+38 -3.4e+38 -3.4e+38 -3.4e+38 -3.4e+38 -3.4e+38 -3.4e+38 -3.4e+38 -3.4e+38 -3.4e+38 -3.4e+38 -3.4e+38 -3.4e+38 -3.4e+38 -3.4e+38 -3.4e+38 -3.4e+38 -3.4e+38 -3.4e+38 -3.4e+38 -3.4e+38 -3.4e+38 -3.4e+38 -3.4e+38 -3.4e+38 -3.4e+38 -3.4e+38 -3.4e+38 -3.4e+38 -3.4e+38 -3.4e+38 -3.4e+38
-3.4e+38 -3.4e+38 -3.4e+38 -3.4e+38 -3.4e+38 -3.4e+38 -3.4e+38 -3.4e+38 -3.4e+38 -3.4e+38 -3.4e+38 -3.4e+38 -3.4e+38 -3.4e+38 -3.4e+38 -3.4e+38 -3.4e+38 -3.4e+38 -3.4e+38 -3.4e+38 -3.4e+38 -3.4e+38 -3.4e+38 -3.4e+38 -3.4e+38 -3.4e+38 -3.4e+38 -3.4e+38 -3.4e+38 -3.4e+38 -3.4e+38 -3.4e+38 -3.4e+38 -3.4e+38 -3.4e+38 -3.4e+38 -3.4e+38 -3.4e+38 -3.4e+38 -3.4e+38 -3.4e+38 -3.4e+38 -3.4e+38 -3.4e+38 -3.4e+38 -3.4e+38 -3.4e+38 -3.4e+38 -3.4e+38 -3.4e+38 -3.4e+38 -3.4e+38 -3.4e+38 -3.4e+38 -3.4e+38 -3.4e+38 -3.4e+38 -3.4e+38 -3.4e+38 -3.4e+38 -3.4e+38 -3.4e+38 -3.4e+38 -3.4e+38 -3.4e+38 -3.4e+38 -3.4e+38 -3.4e+38 -3.4e+38 -3.4e+38 -3.4e+38 -3.4e+38
-3.4e+38 -3.4e+38 -3.4e+38 -3.4e+38 -3.4e+38 -3.4e+38 -3.4e+38 -3.4e+38 -3.4e+38 -3.4e+38 -3.4e+38 -3.4e+38 -3.4e+38 -3.4e+38 -3.4e+38 -3.4e+38 -3.4e+38 -3.4e+38 -3.4e+38 -3.4e+38 -3.4e+38 -3.4e+38 -3.4e+38 -3.4e+38 -3.4e+38 -3.4e+38 -3.4e+38 -3.4e+38 -3.4e+38 -3.4e+38 -3.4e+38 -3.4e+38 -3.4e+38 -3.4e+38 -3.4e+38 -3.4e+38 -3.4e+38 -3.4e+38 -3.4e+38 -3.4e+38 -3.4e+38 -3.4e+38 -3.4e+38 -3.4e+38 -3.4e+38 -3.4e+38 -3.4e+38 -3.4e+38 -3.4e+38 -3.4e+38 -3.4e+38 -3.4e+38 -3.4e+38 -3.4e+38 -3.4e+38 -3.4e+38 -3.4e+38 -3.4e+38 -3.4e+38 -3.4e+38 -3.4e+38 -3.4e+38 -3.4e+38 -3.4e+38 -3.4e+38 -3.4e+38 -3.4e+38 -3.4e+38 -3.4e+38 -3.4e+38 -3.4e+38 -3.4e+38
-3.4e+38 -3.4e+38 -3.4e+38 -3.4e+38 -3.4e+38 -3.4e+38 -3.4e+38 -3.4e+38 -3.4e+38 -3.4e+38 -3.4e+38 -3.4e+38 -3.4e+38 -3.4e+38 -3.4e+38 -3.4e+38 -3.4e+38 -3.4e+38 -3.4e+38 -3.4e+38 -3.4e+38 -3.4e+38 -3.4e+38 -3.4e+38 -3.4e+38 -3.4e+38 -3.4e+38 -3.4e+38 -3.4e+38 -3.4e+38 -3.4e+38 -3.4e+38 -3.4e+38 -3.4e+38 -3.4e+38 -3.4e+38 -3.4e+38 -3.4e+38 -3.4e+38 -3.4e+38 -3.4e+38 -3.4e+38 -3.4e+38 -3.4e+38 -3.4e+38 -3.4e+38 -3.4e+38 -3.4e+38 -3.4e+38 -3.4e+38 -3.4e+38 -3.4e+38 -3.4e+38 -3.4e+38 -3.4e+38 -3.4e+38 -3.4e+38 -3.4e+38 -3.4e+38 -3.4e+38 -3.4e+38 -3.4e+38 -3.4e+38 -3.4e+38 -3.4e+38 -3.4e+38 -3.4e+38 -3.4e+38 -3.4e+38 -3.4e+38 -3.4e+38 -3.4e+38
