maui/input/month_year_rainfall/maui_prcp_01_2002.asc
ncols        361
nrows        320
xllcorner    -156.738000000000
yllcorner    20.343000000000
cellsize     0.002250000000
NODATA_value -3.4028234663852885981e+38
[rows 32 to 63 of 320, columns 0 to 71 of 361]
-3.4e+38 -3.4e+38 -3.4e+38 -3.4e+38 -3.4e+38 -3.4e+38 -3.4e+38 -3.4e+38 -3.4e+38 -3.4e+38 -3.4e+38 -3.4e+38 -3.4e+38 -3.4e+38 -3.4e+38 -3.4e+38 -3.4e+38 -3.4e+38 -3.4e+38 -3.4e+38 -3.4e+38 -3.4e+38 -3.4e+38 -3.4e+38 -3.4e+38 -3.4e+38 -3.4e+38 -3.4e+38 -3.4e+38 6.86 6.96 7.06 7.2 7.35 7.56 7.77 8.03 8.29 8.59 8.9 9.23 9.57 9.9 10.2 10.5 10.7 10.9 11 11.2 11.3 11.3 11.4 11.5 11.5 11.6 11.7 11.7 11.8 11.8 11.9 12 12 12.1 12.1 12.1 12.1 12 12 11.9 11.8 11.7 11.5
-3.4e+38 -3.4e+38 -3.4e+38 -3.4e+38 -3.4e+38 -3.4e+38 -3.4e+38 -3.4e+38 -3.4e+38 -3.4e+38 -3.4e+38 -3.4e+38 -3.4e+38 -3.4e+38 -3.4e+38 -3.4e+38 -3.4e+38 -3.4e+38 -3.4e+38 -3.4e+38 -3.4e+38 -3.4e+38 -3.4e+38 -3.4e+38 -3.4e+38 -3.4e+38 -3.4e+38 -3.4e+38 6.8 6.88 6.98 7.1 7.25 7.42 7.64 7.87 8.14 8.42 8.73 9.05 9.39 9.72 10 10.3 10.6 10.8 11.1 11.2 11.3 11.4 11.5 11.5 11.6 11.7 11.8 11.8 11.9 12 12.1 12.2 12.2 12.3 12.4 12.4 12.4 12.4 12.4 12.4 12.3 12.2 12 11.8
-3.4e+38 -3.4e+38 -3.4e+38 -3.4e+38 -3.4e+38 -3.4e+38 -3.4e+38 -3.4e+38 -3.4e+38 -3.4e+38 -3.4e+38 -3.4e+38 -3.4e+38 -3.4e+38 -3.4e+38 -3.4e+38 -3.4e+38 -3.4e+38 -3.4e+38 -3.4e+38 -3.4e+38 -3.4e+38 -3.4e+38 -3.4e+38 -3.4e+38 -3.4e+38 -3.4e+38 6.74 6.82 6.9 7.01 7.13 7.3 7.48 7.71 7.95 8.23 8.53 8.85 9.17 9.51 9.84 10.2 10.5 10.7 11 11.2 11.3 11.4 11.5 11.6 11.7 11.7 11.8 11.9 12 12.1 12.2 12.3 12.4 12.5 12.6 12.7 12.7 12.8 12.8 12.8 12.7 12.6 12.5 12.4 12.2
-3.4e+38 -3.4e+38 -3.4e+38 -3.4e+38 -3.4e+38 -3.4e+38 -3.4e+38 -3.4e+38 -3.4e+38 -3.4e+38 -3.4e+38 -3.4e+38 -3.4e+38 -3.4e+38 -3.4e+38 -3.4e+38 -3.4e+38 -3.4e+38 -3.4e+38 -3.4e+38 -3.4e+38 -3.4e+38 -3.4e+38 -3.4e+38 -3.4e+38 -3.4e+38 -3.4e+38 6.75 6.84 6.92 7.04 7.17 7.35 7.54 7.78 8.03 8.33 8.63 8.96 9.29 9.63 9.96 10.3 10.6 10.8 11.1 11.3 11.4 11.6 11.6 11.7 11.8 11.9 11.9 12 12.2 12.3 12.4 12.5 12.6 12.8 12.9 13 13 13.1 13.1 13.1 13.1 13 12.9 12.8 12.6
-3.4e+38 -3.4e+38 -3.4e+38 -3.4e+38 -3.4e+38 -3.4e+38 -3.4e+38 -3.4e+38 -3.4e+38 -3.4e+38 -3.4e+38 -3.4e+38 -3.4e+38 -3.4e+38 -3.4e+38 -3.4e+38 -3.4e+38 -3.4e+38 -3.4e+38 -3.4e+38 -3.4e+38 -3.4e+38 -3.4e+38 -3.4e+38 -3.4e+38 -3.4e+38 -3.4e+38 6.76 6.85 6.94 7.06 7.2 7.39 7.59 7.84 8.1 8.4 8.7 9.03 9.37 9.71 10 10.4 10.6 10.9 11.1 11.3 11.5 11.6 11.7 11.8 11.9 11.9 12 12.2 12.3 12.4 12.6 12.7 12.9 13 13.2 13.3 13.4 13.5 13.5 13.5 13.5 13.5 13.4 13.2 13
-3.4e+38 -3.4e+38 -3.4e+38 -3.4e+38 -3.4e+38 -3.4e+38 -3.4e+38 -3.4e+38 -3.4e+38 -3.4e+38 -3.4e+38 -3.4e+38 -3.4e+38 -3.4e+38 -3.4e+38 -3.4e+38 -3.4e+38 -3.4e+38 -3.4e+38 -3.4e+38 -3.4e+38 -3.4e+38 -3.4e+38 -3.4e+38 -3.4e+38 -3.4e+38 6.68 6.77 6.86 6.96 7.09 7.23 7.43 7.64 7.9 8.16 8.46 8.77 9.11 9.44 9.79 10.1 10.4 10.7 11 11.2 11.4 11.6 11.7 11.8 11.9 11.9 12 12.1 12.3 12.4 12.6 12.8 13 13.1 13.3 13.5 13.6 13.8 13.9 13.9 14 14 13.9 13.8 13.7 13.5
-3.4e+38 -3.4e+38 -3.4e+38 -3.4e+38 -3.4e+38 -3.4e+38 -3.4e+38 -3.4e+38 -3.4e+38 -3.4e+38 -3.4e+38 -3.4e+38 -3.4e+38 -3.4e+38 -3.4e+38 -3.4e+38 -3.4e+38 -3.4e+38 -3.4e+38 -3.4e+38 -3.4e+38 -3.4e+38 -3.4e+38 -3.4e+38 -3.4e+38 6.57 6.67 6.77 6.87 6.97 7.1 7.26 7.46 7.67 7.94 8.21 8.51 8.82 9.16 9.5 9.84 10.2 10.5 10.8 11 11.3 11.5 11.7 11.8 11.9 12 12 12.1 12.2 12.4 12.6 12.8 13 13.2 13.4 13.6 13.8 14 14.2 14.3 14.4 14.4 14.4 14.4 14.3 14.1 14
-3.4e+38 -3.4e+38 -3.4e+38 -3.4e+38 -3.4e+38 -3.4e+38 -3.4e+38 -3.4e+38 -3.4e+38 -3.4e+38 -3.4e+38 -3.4e+38 -3.4e+38 -3.4e+38 -3.4e+38 -3.4e+38 -3.4e+38 -3.4e+38 -3.4e+38 -3.4e+38 -3.4e+38 -3.4e+38 -3.4e+38 -3.4e+38 -3.4e+38 6.55 6.65 6.77 6.87 6.97 7.12 7.28 7.48 7.7 7.97 8.24 8.55 8.86 9.2 9.54 9.89 10.2 10.5 10.8 11.1 11.3 11.6 11.8 11.9 12 12.1 12.1 12.2 12.3 12.5 12.8 13 13.2 13.5 13.7 14 14.2 14.4 14.6 14.8 14.9 15 15 14.9 14.8 14.6 14.4
-3.4e+38 -3.4e+38 -3.4e+38 -3.4e+38 -3.4e+38 -3.4e+38 -3.4e+38 -3.4e+38 -3.4e+38 -3.4e+38 -3.4e+38 -3.4e+38 -3.4e+38 -3.4e+38 -3.4e+38 -3.4e+38 -3.4e+38 -3.4e+38 -3.4e+38 -3.4e+38 -3.4e+38 -3.4e+38 -3.4e+38 -3.4e+38 -3.4e+38 6.52 6.63 6.75 6.86 6.98 7.12 7.29 7.49 7.71 7.98 8.26 8.57 8.89 9.23 9.57 9.92 10.3 10.6 10.9 11.2 11.4 11.6 11.8 12 12.1 12.2 12.3 12.4 12.5 12.7 13 13.2 13.5 13.7 14 14.3 14.6 14.9 15.1 15.3 15.5 15.5 15.5 15.5 15.3 15.2 14.9
-3.4e+38 -3.4e+38 -3.4e+38 -3.4e+38 -3.4e+38 -3.4e+38 -3.4e+38 -3.4e+38 -3.4e+38 -3.4e+38 -3.4e+38 -3.4e+38 -3.4e+38 -3.4e+38 -3.4e+38 -3.4e+38 -3.4e+38 -3.4e+38 -3.4e+38 -3.4e+38 -3.4e+38 -3.4e+38 -3.4e+38 -3.4e+38 6.39 6.49 6.6 6.72 6.84 6.97 7.12 7.29 7.5 7.71 7.98 8.27 8.58 8.9 9.24 9.58 9.93 10.3 10.6 10.9 11.2 11.5 11.7 11.9 12.1 12.3 12.4 12.5 12.6 12.8 13 13.2 13.5 13.8 14 14.4 14.7 15 15.3 15.6 15.9 16.1 16.2 16.2 16 15.9 15.7 15.5
-3.4e+38 -3.4e+38 -3.4e+38 -3.4e+38 -3.4e+38 -3.4e+38 -3.4e+38 -3.4e+38 -3.4e+38 -3.4e+38 -3.4e+38 -3.4e+38 -3.4e+38 -3.4e+38 -3.4e+38 -3.4e+38 -3.4e+38 -3.4e+38 -3.4e+38 -3.4e+38 -3.4e+38 -3.4e+38 -3.4e+38 6.24 6.34 6.45 6.56 6.69 6.82 6.96 7.12 7.29 7.49 7.7 7.98 8.26 8.58 8.9 9.24 9.59 9.94 10.3 10.6 11 11.3 11.5 11.8 12 12.2 12.4 12.6 12.7 12.9 13 13.2 13.5 13.8 14.1 14.4 14.7 15 15.4 15.8 16.1 16.4 16.7 16.9 16.8 16.6 16.5 16.2 16
-3.4e+38 -3.4e+38 -3.4e+38 -3.4e+38 -3.4e+38 -3.4e+38 -3.4e+38 -3.4e+38 -3.4e+38 -3.4e+38 -3.4e+38 -3.4e+38 -3.4e+38 -3.4e+38 -3.4e+38 -3.4e+38 -3.4e+38 -3.4e+38 -3.4e+38 -3.4e+38 -3.4e+38 -3.4e+38 -3.4e+38 6.19 6.3 6.41 6.52 6.65 6.79 6.94 7.1 7.28 7.48 7.69 7.97 8.25 8.57 8.9 9.24 9.59 9.95 10.3 10.7 11 11.3 11.6 11.9 12.1 12.3 12.5 12.7 12.9 13.1 13.3 13.5 13.8 14.1 14.4 14.7 15 15.4 15.8 16.2 16.6 17 17.4 17.6 17.4 17.2 17 16.8 16.5
-3.4e+38 -3.4e+38 -3.4e+38 -3.4e+38 -3.4e+38 -3.4e+38 -3.4e+38 -3.4e+38 -3.4e+38 -3.4e+38 -3.4e+38 -3.4e+38 -3.4e+38 -3.4e+38 -3.4e+38 -3.4e+38 -3.4e+38 -3.4e+38 -3.4e+38 -3.4e+38 -3.4e+38 -3.4e+38 -3.4e+38 6.13 6.24 6.36 6.48 6.62 6.76 6.92 7.09 7.27 7.47 7.68 7.96 8.24 8.56 8.89 9.24 9.59 9.95 10.3 10.7 11 11.3 11.6 11.9 12.2 12.4 12.7 12.9 13.1 13.3 13.6 13.8 14.1 14.4 14.7 15 15.4 15.8 16.2 16.6 17 17.4 17.8 17.9 17.9 17.7 17.5 17.3 17
-3.4e+38 -3.4e+38 -3.4e+38 -3.4e+38 -3.4e+38 -3.4e+38 -3.4e+38 -3.4e+38 -3.4e+38 -3.4e+38 -3.4e+38 -3.4e+38 -3.4e+38 -3.4e+38 -3.4e+38 -3.4e+38 -3.4e+38 -3.4e+38 -3.4e+38 -3.4e+38 -3.4e+38 -3.4e+38 -3.4e+38 6.07 6.19 6.31 6.44 6.59 6.74 6.9 7.07 7.26 7.46 7.68 7.95 8.22 8.55 8.88 9.23 9.58 9.94 10.3 10.7 11 11.4 11.7 12 12.3 12.6 12.8 13.1 13.3 13.6 13.8 14.1 14.4 14.7 15 15.4 15.7 16.2 16.6 17 17.4 17.8 18.1 18.3 18.3 18.2 18 17.8 17.5
-3.4e+38 -3.4e+38 -3.4e+38 -3.4e+38 -3.4e+38 -3.4e+38 -3.4e+38 -3.4e+38 -3.4e+38 -3.4e+38 -3.4e+38 -3.4e+38 -3.4e+38 -3.4e+38 -3.4e+38 -3.4e+38 -3.4e+38 -3.4e+38 -3.4e+38 -3.4e+38 -3.4e+38 -3.4e+38 5.89 6.01 6.13 6.26 6.4 6.55 6.71 6.88 7.06 7.24 7.45 7.67 7.94 8.21 8.54 8.87 9.22 9.57 9.94 10.3 10.7 11.1 11.4 11.8 12.1 12.4 12.7 13 13.3 13.6 13.8 14.1 14.4 14.7 15 15.3 15.7 16.1 16.5 17 17.4 17.8 18.1 18.4 18.6 18.6 18.6 18.4 18.2 18
-3.4e+38 -3.4e+38 -3.4e+38 -3.4e+38 -3.4e+38 -3.4e+38 -3.4e+38 -3.4e+38 -3.4e+38 -3.4e+38 -3.4e+38 -3.4e+38 -3.4e+38 -3.4e+38 -3.4e+38 -3.4e+38 -3.4e+38 -3.4e+38 -3.4e+38 -3.4e+38 -3.4e+38 -3.4e+38 5.83 5.95 6.07 6.21 6.36 6.52 6.68 6.86 7.04 7.24 7.45 7.67 7.93 8.21 8.53 8.85 9.21 9.56 9.94 10.3 10.7 11.1 11.5 11.8 12.2 12.5 12.9 13.2 13.5 13.8 14.1 14.3 14.6 15 15.3 15.6 16 16.5 16.9 17.4 17.8 18.2 18.5 18.7 18.9 19 19 18.9 18.7 18.5
-3.4e+38 -3.4e+38 -3.4e+38 -3.4e+38 -3.4e+38 -3.4e+38 -3.4e+38 -3.4e+38 -3.4e+38 -3.4e+38 -3.4e+38 -3.4e+38 -3.4e+38 -3.4e+38 -3.4e+38 -3.4e+38 -3.4e+38 -3.4e+38 -3.4e+38 -3.4e+38 -3.4e+38 5.65 5.76 5.89 6.02 6.17 6.32 6.49 6.66 6.84 7.03 7.23 7.44 7.66 7.93 8.2 8.52 8.84 9.19 9.56 9.93 10.3 10.7 11.1 11.5 11.9 12.3 12.6 13 13.3 13.6 14 14.3 14.6 14.9 15.2 15.6 16 16.4 16.8 17.3 17.7 18.1 18.5 18.8 19.1 19.3 19.4 19.4 19.3 19.2 19
-3.4e+38 -3.4e+38 -3.4e+38 -3.4e+38 -3.4e+38 -3.4e+38 -3.4e+38 -3.4e+38 -3.4e+38 -3.4e+38 -3.4e+38 -3.4e+38 -3.4e+38 -3.4e+38 -3.4e+38 -3.4e+38 -3.4e+38 -3.4e+38 -3.4e+38 -3.4e+38 5.47 5.58 5.7 5.83 5.96 6.12 6.28 6.45 6.63 6.82 7.02 7.22 7.44 7.67 7.93 8.2 8.52 8.83 9.19 9.55 9.93 10.3 10.7 11.1 11.6 12 12.4 12.7 13.1 13.4 13.8 14.1 14.5 14.8 15.1 15.5 15.9 16.3 16.7 17.2 17.6 18.1 18.5 18.9 19.2 19.5 19.7 19.8 19.8 19.7 19.6 19.5
-3.4e+38 -3.4e+38 -3.4e+38 -3.4e+38 -3.4e+38 -3.4e+38 -3.4e+38 -3.4e+38 -3.4e+38 -3.4e+38 -3.4e+38 -3.4e+38 -3.4e+38 -3.4e+38 -3.4e+38 -3.4e+38 -3.4e+38 -3.4e+38 -3.4e+38 -3.4e+38 5.4 5.51 5.63 5.77 5.91 6.06 6.23 6.41 6.59 6.79 7 7.21 7.44 7.67 7.94 8.21 8.52 8.83 9.19 9.55 9.93 10.3 10.8 11.2 11.6 12 12.5 12.8 13.2 13.6 13.9 14.3 14.6 15 15.4 15.8 16.2 16.6 17 17.5 18 18.5 18.9 19.3 19.6 19.9 20.1 20.2 20.2 20.2 20.1 19.9
-3.4e+38 -3.4e+38 -3.4e+38 -3.4e+38 -3.4e+38 -3.4e+38 -3.4e+38 -3.4e+38 -3.4e+38 -3.4e+38 -3.4e+38 -3.4e+38 -3.4e+38 -3.4e+38 -3.4e+38 -3.4e+38 -3.4e+38 -3.4e+38 -3.4e+38 5.22 5.32 5.43 5.56 5.7 5.85 6.01 6.18 6.37 6.56 6.76 6.98 7.2 7.44 7.67 7.94 8.21 8.52 8.83 9.18 9.55 9.94 10.3 10.8 11.2 11.7 12.1 12.5 12.9 13.3 13.7 14 14.4 14.8 15.2 15.6 16 16.4 16.9 17.3 17.9 18.4 18.8 19.3 19.7 20 20.3 20.5 20.6 20.7 20.7 20.6 20.4
-3.4e+38 -3.4e+38 -3.4e+38 -3.4e+38 -3.4e+38 -3.4e+38 -3.4e+38 -3.4e+38 -3.4e+38 -3.4e+38 -3.4e+38 -3.4e+38 -3.4e+38 -3.4e+38 -3.4e+38 -3.4e+38 -3.4e+38 -3.4e+38 -3.4e+38 5.14 5.24 5.36 5.48 5.63 5.78 5.95 6.14 6.33 6.53 6.74 6.96 7.19 7.43 7.67 7.94 8.21 8.51 8.83 9.18 9.55 9.94 10.4 10.8 11.2 11.7 12.1 12.6 13 13.4 13.8 14.1 14.5 14.9 15.3 15.8 16.2 16.7 17.2 17.7 18.2 18.7 19.2 19.7 20.1 20.4 20.7 20.9 21.1 21.2 21.1 21.1 20.9
-3.4e+38 -3.4e+38 -3.4e+38 -3.4e+38 -3.4e+38 -3.4e+38 -3.4e+38 -3.4e+38 -3.4e+38 -3.4e+38 -3.4e+38 -3.4e+38 -3.4e+38 -3.4e+38 -3.4e+38 -3.4e+38 -3.4e+38 -3.4e+38 -3.4e+38 5.08 5.17 5.29 5.41 5.56 5.72 5.89 6.08 6.28 6.5 6.72 6.94 7.17 7.42 7.67 7.93 8.2 8.51 8.82 9.17 9.55 9.95 10.4 10.8 11.3 11.7 12.2 12.6 13 13.5 13.8 14.2 14.6 15.1 15.5 16 16.5 17 17.5 18 18.6 19.1 19.6 20.1 20.5 20.9 21.2 21.4 21.6 21.7 21.6 21.6 21.4
-3.4e+38 -3.4e+38 -3.4e+38 -3.4e+38 -3.4e+38 -3.4e+38 -3.4e+38 -3.4e+38 -3.4e+38 -3.4e+38 -3.4e+38 -3.4e+38 -3.4e+38 -3.4e+38 -3.4e+38 -3.4e+38 -3.4e+38 -3.4e+38 -3.4e+38 5.02 5.11 5.22 5.33 5.49 5.65 5.83 6.02 6.24 6.46 6.68 6.92 7.15 7.4 7.66 7.92 8.19 8.5 8.81 9.16 9.54 9.95 10.4 10.8 11.3 11.7 12.2 12.7 13.1 13.5 13.9 14.3 14.8 15.2 15.7 16.1 16.7 17.2 17.8 18.4 18.9 19.5 20.1 20.6 21 21.4 21.7 21.9 22.1 22.2 22.2 22.1 21.9
-3.4e+38 -3.4e+38 -3.4e+38 -3.4e+38 -3.4e+38 -3.4e+38 -3.4e+38 -3.4e+38 -3.4e+38 -3.4e+38 -3.4e+38 -3.4e+38 -3.4e+38 -3.4e+38 -3.4e+38 -3.4e+38 -3.4e+38 -3.4e+38 -3.4e+38 4.96 5.05 5.15 5.26 5.41 5.58 5.76 5.96 6.18 6.41 6.65 6.89 7.13 7.38 7.64 7.91 8.19 8.49 8.8 9.15 9.53 9.94 10.4 10.8 11.3 11.8 12.2 12.7 13.1 13.6 14 14.5 14.9 15.3 15.8 16.3 16.9 17.5 18.1 18.7 19.3 19.9 20.5 21 21.5 21.9 22.2 22.4 22.6 22.7 22.7 22.6 22.5
-3.4e+38 -3.4e+38 -3.4e+38 -3.4e+38 -3.4e+38 -3.4e+38 -3.4e+38 -3.4e+38 -3.4e+38 -3.4e+38 -3.4e+38 -3.4e+38 -3.4e+38 -3.4e+38 -3.4e+38 -3.4e+38 -3.4e+38 -3.4e+38 -3.4e+38 4.91 4.99 5.09 5.2 5.34 5.5 5.69 5.89 6.11 6.35 6.6 6.85 7.1 7.36 7.62 7.89 8.17 8.47 8.79 9.13 9.51 9.93 10.4 10.8 11.3 11.8 12.3 12.7 13.2 13.7 14.1 14.6 15 15.5 16 16.5 17.1 17.8 18.5 19.1 19.8 20.4 21 21.6 22 22.4 22.8 23 23.2 23.3 23.3 23.2 23
-3.4e+38 -3.4e+38 -3.4e+38 -3.4e+38 -3.4e+38 -3.4e+38 -3.4e+38 -3.4e+38 -3.4e+38 -3.4e+38 -3.4e+38 -3.4e+38 -3.4e+38 -3.4e+38 -3.4e+38 -3.4e+38 -3.4e+38 -3.4e+38 -3.4e+38 4.85 4.93 5.03 5.14 5.28 5.43 5.61 5.81 6.04 6.29 6.54 6.8 7.06 7.33 7.6 7.88 8.16 8.46 8.78 9.12 9.49 9.91 10.4 10.8 11.3 11.8 12.3 12.8 13.2 13.7 14.2 14.7 15.2 15.7 16.2 16.8 17.4 18.1 18.8 19.5 20.2 20.9 21.5 22.1 22.6 23 23.3 23.6 23.8 23.9 23.9 23.8 23.6
-3.4e+38 -3.4e+38 -3.4e+38 -3.4e+38 -3.4e+38 -3.4e+38 -3.4e+38 -3.4e+38 -3.4e+38 -3.4e+38 -3.4e+38 -3.4e+38 -3.4e+38 -3.4e+38 -3.4e+38 -3.4e+38 -3.4e+38 -3.4e+38 -3.4e+38 4.81 4.88 4.98 5.08 5.22 5.36 5.53 5.72 5.95 6.21 6.48 6.75 7.02 7.29 7.57 7.85 8.14 8.44 8.76 9.1 9.47 9.88 10.3 10.8 11.3 11.8 12.3 12.8 13.3 13.8 14.3 14.8 15.3 15.9 16.5 17.1 17.7 18.6 19.4 20.1 20.7 21.4 22.1 22.7 23.2 23.6 24 24.2 24.4 24.5 24.5 24.4 24.2
-3.4e+38 -3.4e+38 -3.4e+38 -3.4e+38 -3.4e+38 -3.4e+38 -3.4e+38 -3.4e+38 -3.4e+38 -3.4e+38 -3.4e+38 -3.4e+38 -3.4e+38 -3.4e+38 -3.4e+38 -3.4e+38 -3.4e+38 -3.4e+38 4.69 4.76 4.83 4.93 5.03 5.16 5.3 5.46 5.64 5.87 6.15 6.42 6.7 6.98 7.26 7.54 7.83 8.12 8.42 8.73 9.07 9.44 9.85 10.3 10.8 11.3 11.8 12.3 12.8 13.3 13.9 14.4 14.9 15.5 16.1 16.8 17.4 18.1 19 20 20.7 21.2 22 22.7 23.3 23.8 24.3 24.6 24.9 25.1 25.2 25.1 25 24.8
-3.4e+38 -3.4e+38 -3.4e+38 -3.4e+38 -3.4e+38 -3.4e+38 -3.4e+38 -3.4e+38 -3.4e+38 -3.4e+38 -3.4e+38 -3.4e+38 -3.4e+38 -3.4e+38 -3.4e+38 -3.4e+38 -3.4e+38 4.61 4.66 4.73 4.79 4.88 4.98 5.11 5.25 5.41 5.59 5.82 6.08 6.36 6.64 6.93 7.22 7.5 7.8 8.08 8.38 8.69 9.02 9.39 9.81 10.3 10.7 11.2 11.8 12.3 12.8 13.4 13.9 14.5 15.1 15.7 16.4 17 17.8 18.7 19.6 20.5 21.2 21.8 22.6 23.3 23.9 24.5 24.9 25.3 25.6 25.8 25.9 25.8 25.7 25.5
-3.4e+38 -3.4e+38 -3.4e+38 -3.4e+38 -3.4e+38 -3.4e+38 -3.4e+38 -3.4e+38 -3.4e+38 -3.4e+38 -3.4e+38 -3.4e+38 -3.4e+38 -3.4e+38 -3.4e+38 -3.4e+38 -3.4e+38 -3.4e+38 4.63 4.69 4.74 4.84 4.94 5.07 5.2 5.37 5.56 5.78 6.04 6.3 6.58 6.87 7.17 7.46 7.76 8.04 8.34 8.64 8.96 9.33 9.76 10.2 10.7 11.2 11.7 12.3 12.9 13.4 14 14.6 15.3 15.9 16.6 17.3 18.2 19.2 20.1 21 21.7 22.4 23.2 23.9 24.6 25.2 25.7 26.1 26.4 26.6 26.6 26.6 26.4 26.2
-3.4e+38 -3.4e+38 -3.4e+38 -3.4e+38 -3.4e+38 -3.4e+38 -3.4e+38 -3.4e+38 -3.4e+38 -3.4e+38 -3.4e+38 -3.4e+38 -3.4e+38 -3.4e+38 -3.4e+38 -3.4e+38 -3.4e+38 -3.4e+38 4.59 4.65 4.71 4.8 4.9 5.03 5.16 5.32 5.51 5.72 5.97 6.23 6.51 6.79 7.09 7.39 7.69 7.98 8.27 8.56 8.87 9.24 9.69 10.2 10.7 11.2 11.7 12.3 12.9 13.5 14.1 14.8 15.4 16.1 16.8 17.6 18.5 19.5 20.4 21.4 22.2 23 23.8 24.6 25.3 25.9 26.4 26.9 27.2 27.4 27.4 27.4 27.2 26.9
-3.4e+38 -3.4e+38 -3.4e+38 -3.4e+38 -3.4e+38 -3.4e+38 -3.4e+38 -3.4e+38 -3.4e+38 -3.4e+38 -3.4e+38 -3.4e+38 -3.4e+38 -3.4e+38 -3.4e+38 -3.4e+38 -3.4e+38 4.51 4.56 4.61 4.67 4.76 4.86 4.98 5.11 5.27 5.44 5.66 5.89 6.14 6.42 6.71 7.01 7.32 7.62 7.91 8.2 8.5 8.81 9.19 9.63 10.1 10.6 11.1 11.7 12.2 12.9 13.5 14.2 14.8 15.5 16.3 17.1 17.9 18.8 19.7 20.8 21.9 22.8 23.6 24.5 25.3 26.1 26.7 27.2 27.7 28 28.2 28.3 28.2 28.1 27.7
