maui/input/month_year_rainfall/maui_prcp_01_2001.asc
ncols        361
nrows        320
xllcorner    -156.738000000000
yllcorner    20.343000000000
cellsize     0.002250000000
NODATA_value -3.4028234663852885981e+38
[rows 62 to 92 of 320, columns 0 to 70 of 361]
-3.4e+38 -3.4e+38 -3.4e+38 -3.4e+38 -3.4e+38 -3.4e+38 -3.4e+38 -3.4e+38 -3.4e+38 -3.4e+38 -3.4e+38 -3.4e+38 -3.4e+38 -3.4e+38 -3.4e+38 -3.4e+38 -3.4e+38 -3.4e+38 0.392 0.405 0.421 0.444 0.47 0.501 0.535 0.571 0.609 0.649 0.691 0.733 0.776 0.818 0.861 0.905 0.956 1.01 1.07 1.13 1.19 1.24 1.29 1.34 1.38 1.42 1.46 1.5 1.53 1.57 1.62 1.69 1.77 1.85 1.93 2.02 2.11 2.22 2.32 2.43 2.52 2.61 2.71 2.81 2.9 2.99 3.07 3.15 3.23 3.3 3.36 3.39 3.41
-3.4e+38 -3.4e+38 -3.4e+38 -3.4e+38 -3.4e+38 -3.4e+38 -3.4e+38 -3.4e+38 -3.4e+38 -3.4e+38 -3.4e+38 -3.4e+38 -3.4e+38 -3.4e+38 -3.4e+38 -3.4e+38 -3.4e+38 0.384 0.394 0.407 0.422 0.443 0.467 0.496 0.528 0.563 0.599 0.639 0.679 0.721 0.765 0.809 0.854 0.901 0.954 1.01 1.07 1.13 1.18 1.23 1.28 1.32 1.36 1.39 1.42 1.45 1.48 1.51 1.55 1.62 1.7 1.78 1.87 1.96 2.05 2.15 2.27 2.39 2.5 2.6 2.7 2.8 2.89 2.97 3.06 3.15 3.24 3.32 3.38 3.43 3.45
-3.4e+38 -3.4e+38 -3.4e+38 -3.4e+38 -3.4e+38 -3.4e+38 -3.4e+38 -3.4e+38 -3.4e+38 -3.4e+38 -3.4e+38 -3.4e+38 -3.4e+38 -3.4e+38 -3.4e+38 -3.4e+38 -3.4e+38 0.387 0.397 0.409 0.423 0.442 0.463 0.49 0.52 0.553 0.589 0.627 0.667 0.709 0.753 0.798 0.846 0.894 0.948 1 1.06 1.12 1.17 1.21 1.26 1.29 1.33 1.36 1.38 1.41 1.43 1.46 1.5 1.56 1.63 1.71 1.8 1.89 2 2.11 2.23 2.35 2.46 2.58 2.68 2.79 2.88 2.96 3.04 3.14 3.25 3.33 3.4 3.45 3.48
-3.4e+38 -3.4e+38 -3.4e+38 -3.4e+38 -3.4e+38 -3.4e+38 -3.4e+38 -3.4e+38 -3.4e+38 -3.4e+38 -3.4e+38 -3.4e+38 -3.4e+38 -3.4e+38 -3.4e+38 -3.4e+38 -3.4e+38 0.389 0.399 0.411 0.424 0.441 0.46 0.485 0.513 0.544 0.578 0.616 0.655 0.697 0.742 0.788 0.836 0.886 0.941 0.996 1.05 1.1 1.15 1.2 1.23 1.27 1.29 1.32 1.34 1.36 1.38 1.41 1.44 1.5 1.56 1.64 1.73 1.83 1.94 2.06 2.18 2.31 2.43 2.56 2.67 2.78 2.88 2.96 3.04 3.15 3.26 3.35 3.42 3.46 3.48
-3.4e+38 -3.4e+38 -3.4e+38 -3.4e+38 -3.4e+38 -3.4e+38 -3.4e+38 -3.4e+38 -3.4e+38 -3.4e+38 -3.4e+38 -3.4e+38 -3.4e+38 -3.4e+38 -3.4e+38 -3.4e+38 -3.4e+38 -3.4e+38 0.401 0.412 0.425 0.441 0.459 0.482 0.507 0.536 0.568 0.604 0.643 0.685 0.729 0.776 0.825 0.876 0.931 0.985 1.04 1.09 1.14 1.18 1.21 1.24 1.26 1.28 1.3 1.31 1.33 1.36 1.39 1.43 1.49 1.57 1.66 1.76 1.88 2.01 2.14 2.27 2.41 2.54 2.66 2.78 2.89 2.98 3.08 3.18 3.29 3.37 3.44 3.47 3.47
-3.4e+38 -3.4e+38 -3.4e+38 -3.4e+38 -3.4e+38 -3.4e+38 -3.4e+38 -3.4e+38 -3.4e+38 -3.4e+38 -3.4e+38 -3.4e+38 -3.4e+38 -3.4e+38 -3.4e+38 -3.4e+38 -3.4e+38 -3.4e+38 -3.4e+38 0.414 0.427 0.442 0.459 0.479 0.502 0.529 0.559 0.594 0.632 0.673 0.717 0.762 0.811 0.862 0.916 0.97 1.02 1.07 1.12 1.15 1.18 1.2 1.22 1.23 1.25 1.26 1.28 1.3 1.32 1.36 1.42 1.49 1.58 1.69 1.82 1.95 2.1 2.24 2.39 2.53 2.66 2.79 2.91 3.02 3.13 3.23 3.32 3.4 3.45 3.47 3.46
-3.4e+38 -3.4e+38 -3.4e+38 -3.4e+38 -3.4e+38 -3.4e+38 -3.4e+38 -3.4e+38 -3.4e+38 -3.4e+38 -3.4e+38 -3.4e+38 -3.4e+38 -3.4e+38 -3.4e+38 -3.4e+38 -3.4e+38 -3.4e+38 -3.4e+38 -3.4e+38 0.428 0.443 0.459 0.478 0.498 0.522 0.55 0.584 0.622 0.661 0.704 0.748 0.795 0.844 0.897 0.949 1 1.06 1.1 1.13 1.14 1.16 1.17 1.18 1.2 1.21 1.22 1.23 1.25 1.29 1.34 1.41 1.51 1.63 1.76 1.9 2.06 2.21 2.37 2.52 2.66 2.8 2.93 3.06 3.17 3.28 3.36 3.43 3.47 3.48 3.45
-3.4e+38 -3.4e+38 -3.4e+38 -3.4e+38 -3.4e+38 -3.4e+38 -3.4e+38 -3.4e+38 -3.4e+38 -3.4e+38 -3.4e+38 -3.4e+38 -3.4e+38 -3.4e+38 -3.4e+38 -3.4e+38 -3.4e+38 -3.4e+38 -3.4e+38 -3.4e+38 -3.4e+38 0.444 0.459 0.477 0.496 0.517 0.543 0.577 0.613 0.651 0.691 0.732 0.777 0.822 0.871 0.919 0.971 1.02 1.07 1.09 1.1 1.11 1.12 1.13 1.14 1.15 1.16 1.17 1.18 1.21 1.25 1.32 1.43 1.56 1.7 1.86 2.02 2.19 2.35 2.51 2.67 2.82 2.96 3.1 3.22 3.32 3.41 3.47 3.5 3.49 3.45
-3.4e+38 -3.4e+38 -3.4e+38 -3.4e+38 -3.4e+38 -3.4e+38 -3.4e+38 -3.4e+38 -3.4e+38 -3.4e+38 -3.4e+38 -3.4e+38 -3.4e+38 -3.4e+38 -3.4e+38 -3.4e+38 -3.4e+38 -3.4e+38 -3.4e+38 -3.4e+38 -3.4e+38 -3.4e+38 0.46 0.477 0.495 0.517 0.541 0.572 0.605 0.64 0.678 0.716 0.757 0.797 0.841 0.884 0.929 0.972 1.01 1.03 1.05 1.06 1.07 1.08 1.09 1.1 1.1 1.11 1.12 1.13 1.16 1.24 1.35 1.5 1.66 1.82 2 2.17 2.34 2.51 2.68 2.84 2.99 3.14 3.26 3.37 3.46 3.51 3.53 3.5 3.45
-3.4e+38 -3.4e+38 -3.4e+38 -3.4e+38 -3.4e+38 -3.4e+38 -3.4e+38 -3.4e+38 -3.4e+38 -3.4e+38 -3.4e+38 -3.4e+38 -3.4e+38 -3.4e+38 -3.4e+38 -3.4e+38 -3.4e+38 -3.4e+38 -3.4e+38 -3.4e+38 -3.4e+38 -3.4e+38 0.461 0.478 0.496 0.518 0.541 0.569 0.599 0.631 0.665 0.7 0.737 0.773 0.81 0.845 0.881 0.915 0.945 0.968 0.986 1 1.01 1.03 1.04 1.05 1.05 1.06 1.06 1.07 1.07 1.16 1.3 1.46 1.63 1.8 1.98 2.16 2.34 2.51 2.69 2.86 3.03 3.18 3.32 3.43 3.51 3.56 3.57 3.53 3.46
-3.4e+38 -3.4e+38 -3.4e+38 -3.4e+38 -3.4e+38 -3.4e+38 -3.4e+38 -3.4e+38 -3.4e+38 -3.4e+38 -3.4e+38 -3.4e+38 -3.4e+38 -3.4e+38 -3.4e+38 -3.4e+38 -3.4e+38 -3.4e+38 -3.4e+38 -3.4e+38 -3.4e+38 -3.4e+38 -3.4e+38 0.479 0.497 0.518 0.541 0.566 0.593 0.621 0.651 0.682 0.716 0.747 0.777 0.801 0.829 0.856 0.882 0.904 0.925 0.942 0.957 0.971 0.985 0.999 1.01 1.02 1.03 1.04 1.06 1.14 1.28 1.44 1.61 1.79 1.97 2.16 2.34 2.52 2.71 2.89 3.06 3.22 3.37 3.49 3.58 3.62 3.62 3.56 3.47
-3.4e+38 -3.4e+38 -3.4e+38 -3.4e+38 -3.4e+38 -3.4e+38 -3.4e+38 -3.4e+38 -3.4e+38 -3.4e+38 -3.4e+38 -3.4e+38 -3.4e+38 -3.4e+38 -3.4e+38 -3.4e+38 -3.4e+38 -3.4e+38 -3.4e+38 -3.4e+38 -3.4e+38 -3.4e+38 0.463 0.481 0.499 0.519 0.541 0.564 0.588 0.612 0.637 0.663 0.692 0.722 0.741 0.755 0.776 0.797 0.821 0.842 0.863 0.882 0.9 0.919 0.937 0.957 0.975 0.997 1.02 1.05 1.09 1.18 1.3 1.45 1.62 1.79 1.97 2.16 2.35 2.53 2.72 2.91 3.09 3.26 3.43 3.56 3.66 3.7 3.68 3.6 3.48
-3.4e+38 -3.4e+38 -3.4e+38 -3.4e+38 -3.4e+38 -3.4e+38 -3.4e+38 -3.4e+38 -3.4e+38 -3.4e+38 -3.4e+38 -3.4e+38 -3.4e+38 -3.4e+38 -3.4e+38 -3.4e+38 -3.4e+38 -3.4e+38 -3.4e+38 -3.4e+38 -3.4e+38 -3.4e+38 0.464 0.482 0.5 0.519 0.54 0.561 0.582 0.602 0.621 0.64 0.66 0.68 0.692 0.701 0.718 0.738 0.76 0.782 0.804 0.825 0.847 0.87 0.894 0.92 0.947 0.979 1.02 1.06 1.12 1.22 1.33 1.48 1.64 1.81 1.98 2.17 2.35 2.54 2.73 2.92 3.11 3.29 3.47 3.63 3.76 3.8 3.75 3.63 3.48
-3.4e+38 -3.4e+38 -3.4e+38 -3.4e+38 -3.4e+38 -3.4e+38 -3.4e+38 -3.4e+38 -3.4e+38 -3.4e+38 -3.4e+38 -3.4e+38 -3.4e+38 -3.4e+38 -3.4e+38 -3.4e+38 -3.4e+38 -3.4e+38 -3.4e+38 -3.4e+38 -3.4e+38 -3.4e+38 0.465 0.483 0.501 0.52 0.54 0.559 0.577 0.592 0.605 0.615 0.624 0.63 0.635 0.642 0.659 0.679 0.702 0.725 0.749 0.773 0.797 0.824 0.853 0.886 0.922 0.966 1.01 1.08 1.15 1.25 1.37 1.51 1.66 1.83 2 2.18 2.36 2.54 2.73 2.93 3.12 3.31 3.5 3.68 3.86 3.93 3.82 3.64 3.46
-3.4e+38 -3.4e+38 -3.4e+38 -3.4e+38 -3.4e+38 -3.4e+38 -3.4e+38 -3.4e+38 -3.4e+38 -3.4e+38 -3.4e+38 -3.4e+38 -3.4e+38 -3.4e+38 -3.4e+38 -3.4e+38 -3.4e+38 -3.4e+38 -3.4e+38 -3.4e+38 -3.4e+38 -3.4e+38 0.466 0.483 0.501 0.52 0.539 0.558 0.573 0.584 0.59 0.591 0.59 0.584 0.577 0.58 0.601 0.624 0.649 0.673 0.697 0.723 0.751 0.781 0.815 0.855 0.899 0.953 1.01 1.09 1.18 1.28 1.4 1.54 1.69 1.85 2.01 2.18 2.36 2.54 2.72 2.91 3.1 3.29 3.48 3.68 3.89 4.05 3.82 3.61 3.41
-3.4e+38 -3.4e+38 -3.4e+38 -3.4e+38 -3.4e+38 -3.4e+38 -3.4e+38 -3.4e+38 -3.4e+38 -3.4e+38 -3.4e+38 -3.4e+38 -3.4e+38 -3.4e+38 -3.4e+38 -3.4e+38 -3.4e+38 -3.4e+38 -3.4e+38 -3.4e+38 -3.4e+38 0.449 0.465 0.482 0.5 0.519 0.539 0.558 0.572 0.578 0.577 0.57 0.561 0.547 0.53 0.53 0.554 0.578 0.601 0.625 0.65 0.677 0.707 0.741 0.779 0.825 0.877 0.94 1.01 1.1 1.19 1.3 1.43 1.56 1.71 1.86 2.02 2.18 2.35 2.52 2.7 2.88 3.06 3.24 3.41 3.59 3.75 3.81 3.69 3.51 3.32
-3.4e+38 -3.4e+38 -3.4e+38 -3.4e+38 -3.4e+38 -3.4e+38 -3.4e+38 -3.4e+38 -3.4e+38 -3.4e+38 -3.4e+38 -3.4e+38 -3.4e+38 -3.4e+38 -3.4e+38 -3.4e+38 -3.4e+38 -3.4e+38 -3.4e+38 -3.4e+38 -3.4e+38 0.446 0.461 0.478 0.497 0.516 0.538 0.558 0.572 0.573 0.565 0.552 0.538 0.522 0.509 0.508 0.522 0.54 0.56 0.582 0.607 0.634 0.665 0.702 0.744 0.794 0.853 0.924 1 1.1 1.2 1.32 1.45 1.58 1.72 1.86 2.01 2.17 2.33 2.49 2.65 2.82 2.99 3.15 3.3 3.44 3.54 3.56 3.49 3.36 3.2
-3.4e+38 -3.4e+38 -3.4e+38 -3.4e+38 -3.4e+38 -3.4e+38 -3.4e+38 -3.4e+38 -3.4e+38 -3.4e+38 -3.4e+38 -3.4e+38 -3.4e+38 -3.4e+38 -3.4e+38 -3.4e+38 -3.4e+38 -3.4e+38 -3.4e+38 -3.4e+38 -3.4e+38 0.441 0.455 0.472 0.489 0.509 0.532 0.557 0.574 0.567 0.55 0.532 0.516 0.501 0.491 0.489 0.496 0.507 0.524 0.543 0.567 0.594 0.626 0.664 0.709 0.763 0.827 0.904 0.993 1.1 1.21 1.33 1.46 1.59 1.72 1.86 2 2.15 2.29 2.44 2.6 2.75 2.9 3.05 3.17 3.27 3.33 3.34 3.29 3.19 3.06
-3.4e+38 -3.4e+38 -3.4e+38 -3.4e+38 -3.4e+38 -3.4e+38 -3.4e+38 -3.4e+38 -3.4e+38 -3.4e+38 -3.4e+38 -3.4e+38 -3.4e+38 -3.4e+38 -3.4e+38 -3.4e+38 -3.4e+38 -3.4e+38 -3.4e+38 -3.4e+38 -3.4e+38 0.433 0.447 0.461 0.478 0.496 0.517 0.541 0.559 0.547 0.527 0.508 0.491 0.477 0.469 0.466 0.471 0.478 0.491 0.508 0.53 0.557 0.589 0.628 0.674 0.731 0.798 0.881 0.975 1.09 1.21 1.34 1.46 1.59 1.71 1.84 1.97 2.11 2.25 2.39 2.53 2.67 2.8 2.93 3.03 3.1 3.14 3.14 3.1 3.02 2.92
-3.4e+38 -3.4e+38 -3.4e+38 -3.4e+38 -3.4e+38 -3.4e+38 -3.4e+38 -3.4e+38 -3.4e+38 -3.4e+38 -3.4e+38 -3.4e+38 -3.4e+38 -3.4e+38 -3.4e+38 -3.4e+38 -3.4e+38 -3.4e+38 -3.4e+38 -3.4e+38 -3.4e+38 -3.4e+38 0.435 0.448 0.461 0.477 0.492 0.507 0.515 0.509 0.494 0.477 0.462 0.448 0.44 0.437 0.44 0.447 0.459 0.475 0.496 0.522 0.554 0.592 0.638 0.697 0.766 0.852 0.951 1.07 1.2 1.33 1.45 1.57 1.68 1.8 1.93 2.05 2.19 2.32 2.45 2.58 2.7 2.8 2.88 2.94 2.97 2.96 2.93 2.87 2.78
-3.4e+38 -3.4e+38 -3.4e+38 -3.4e+38 -3.4e+38 -3.4e+38 -3.4e+38 -3.4e+38 -3.4e+38 -3.4e+38 -3.4e+38 -3.4e+38 -3.4e+38 -3.4e+38 -3.4e+38 -3.4e+38 -3.4e+38 -3.4e+38 -3.4e+38 -3.4e+38 -3.4e+38 -3.4e+38 -3.4e+38 0.431 0.442 0.453 0.463 0.47 0.472 0.466 0.456 0.442 0.428 0.415 0.406 0.403 0.406 0.414 0.427 0.444 0.464 0.49 0.521 0.558 0.604 0.662 0.733 0.818 0.919 1.04 1.17 1.32 1.43 1.53 1.64 1.75 1.87 1.99 2.12 2.24 2.36 2.48 2.58 2.68 2.74 2.79 2.81 2.8 2.77 2.72 2.64
-3.4e+38 -3.4e+38 -3.4e+38 -3.4e+38 -3.4e+38 -3.4e+38 -3.4e+38 -3.4e+38 -3.4e+38 -3.4e+38 -3.4e+38 -3.4e+38 -3.4e+38 -3.4e+38 -3.4e+38 -3.4e+38 -3.4e+38 -3.4e+38 -3.4e+38 -3.4e+38 -3.4e+38 -3.4e+38 -3.4e+38 -3.4e+38 0.421 0.427 0.433 0.435 0.433 0.427 0.417 0.404 0.391 0.378 0.369 0.365 0.37 0.381 0.395 0.413 0.435 0.46 0.489 0.524 0.569 0.626 0.696 0.78 0.878 0.993 1.12 1.25 1.37 1.47 1.57 1.68 1.8 1.92 2.04 2.16 2.27 2.38 2.47 2.55 2.61 2.65 2.66 2.65 2.63 2.58 2.52
-3.4e+38 -3.4e+38 -3.4e+38 -3.4e+38 -3.4e+38 -3.4e+38 -3.4e+38 -3.4e+38 -3.4e+38 -3.4e+38 -3.4e+38 -3.4e+38 -3.4e+38 -3.4e+38 -3.4e+38 -3.4e+38 -3.4e+38 -3.4e+38 -3.4e+38 -3.4e+38 -3.4e+38 -3.4e+38 -3.4e+38 -3.4e+38 -3.4e+38 0.402 0.404 0.403 0.398 0.391 0.38 0.368 0.355 0.341 0.33 0.325 0.334 0.347 0.363 0.382 0.405 0.43 0.459 0.491 0.537 0.592 0.659 0.74 0.832 0.938 1.05 1.17 1.28 1.39 1.49 1.6 1.71 1.83 1.95 2.06 2.17 2.27 2.36 2.43 2.48 2.51 2.52 2.52 2.49 2.45 2.4
-3.4e+38 -3.4e+38 -3.4e+38 -3.4e+38 -3.4e+38 -3.4e+38 -3.4e+38 -3.4e+38 -3.4e+38 -3.4e+38 -3.4e+38 -3.4e+38 -3.4e+38 -3.4e+38 -3.4e+38 -3.4e+38 -3.4e+38 -3.4e+38 -3.4e+38 -3.4e+38 -3.4e+38 -3.4e+38 -3.4e+38 -3.4e+38 -3.4e+38 0.378 0.376 0.373 0.366 0.358 0.346 0.333 0.32 0.306 0.296 0.293 0.302 0.315 0.331 0.351 0.375 0.401 0.43 0.464 0.506 0.559 0.622 0.698 0.784 0.879 0.982 1.09 1.2 1.3 1.41 1.51 1.62 1.74 1.86 1.97 2.08 2.17 2.25 2.32 2.36 2.38 2.39 2.39 2.37 2.34 2.29
-3.4e+38 -3.4e+38 -3.4e+38 -3.4e+38 -3.4e+38 -3.4e+38 -3.4e+38 -3.4e+38 -3.4e+38 -3.4e+38 -3.4e+38 -3.4e+38 -3.4e+38 -3.4e+38 -3.4e+38 -3.4e+38 -3.4e+38 -3.4e+38 -3.4e+38 -3.4e+38 -3.4e+38 -3.4e+38 -3.4e+38 -3.4e+38 -3.4e+38 -3.4e+38 0.352 0.346 0.338 0.328 0.316 0.302 0.289 0.276 0.268 0.267 0.274 0.286 0.302 0.322 0.346 0.372 0.401 0.435 0.476 0.526 0.586 0.656 0.735 0.822 0.916 1.01 1.11 1.22 1.32 1.42 1.52 1.64 1.76 1.88 1.98 2.07 2.15 2.21 2.24 2.27 2.27 2.27 2.26 2.23 2.19
-3.4e+38 -3.4e+38 -3.4e+38 -3.4e+38 -3.4e+38 -3.4e+38 -3.4e+38 -3.4e+38 -3.4e+38 -3.4e+38 -3.4e+38 -3.4e+38 -3.4e+38 -3.4e+38 -3.4e+38 -3.4e+38 -3.4e+38 -3.4e+38 -3.4e+38 -3.4e+38 -3.4e+38 -3.4e+38 -3.4e+38 -3.4e+38 -3.4e+38 -3.4e+38 -3.4e+38 0.322 0.313 0.301 0.288 0.274 0.26 0.247 0.241 0.241 0.248 0.259 0.275 0.294 0.317 0.343 0.373 0.407 0.447 0.495 0.552 0.617 0.689 0.769 0.854 0.944 1.04 1.14 1.23 1.33 1.43 1.55 1.67 1.79 1.89 1.98 2.05 2.1 2.13 2.15 2.16 2.16 2.15 2.13 2.1
-3.4e+38 -3.4e+38 -3.4e+38 -3.4e+38 -3.4e+38 -3.4e+38 -3.4e+38 -3.4e+38 -3.4e+38 -3.4e+38 -3.4e+38 -3.4e+38 -3.4e+38 -3.4e+38 -3.4e+38 -3.4e+38 -3.4e+38 -3.4e+38 -3.4e+38 -3.4e+38 -3.4e+38 -3.4e+38 -3.4e+38 -3.4e+38 -3.4e+38 -3.4e+38 -3.4e+38 -3.4e+38 0.291 0.278 0.265 0.249 0.234 0.221 0.216 0.217 0.224 0.234 0.249 0.268 0.29 0.316 0.345 0.379 0.419 0.465 0.519 0.58 0.647 0.719 0.798 0.881 0.969 1.06 1.16 1.26 1.36 1.48 1.6 1.71 1.81 1.89 1.96 2 2.03 2.05 2.06 2.06 2.05 2.04 2.01
-3.4e+38 -3.4e+38 -3.4e+38 -3.4e+38 -3.4e+38 -3.4e+38 -3.4e+38 -3.4e+38 -3.4e+38 -3.4e+38 -3.4e+38 -3.4e+38 -3.4e+38 -3.4e+38 -3.4e+38 -3.4e+38 -3.4e+38 -3.4e+38 -3.4e+38 -3.4e+38 -3.4e+38 -3.4e+38 -3.4e+38 -3.4e+38 -3.4e+38 -3.4e+38 -3.4e+38 -3.4e+38 0.272 0.259 0.245 0.229 0.212 0.197 0.193 0.195 0.202 0.212 0.226 0.243 0.264 0.289 0.319 0.353 0.392 0.438 0.489 0.546 0.608 0.675 0.747 0.823 0.905 0.994 1.09 1.2 1.3 1.42 1.53 1.64 1.73 1.81 1.87 1.91 1.94 1.95 1.96 1.96 1.96 1.95 1.93
-3.4e+38 -3.4e+38 -3.4e+38 -3.4e+38 -3.4e+38 -3.4e+38 -3.4e+38 -3.4e+38 -3.4e+38 -3.4e+38 -3.4e+38 -3.4e+38 -3.4e+38 -3.4e+38 -3.4e+38 -3.4e+38 -3.4e+38 -3.4e+38 -3.4e+38 -3.4e+38 -3.4e+38 -3.4e+38 -3.4e+38 -3.4e+38 -3.4e+38 -3.4e+38 -3.4e+38 -3.4e+38 -3.4e+38 0.244 0.23 0.214 0.197 0.181 0.178 0.18 0.186 0.193 0.205 0.22 0.24 0.264 0.294 0.329 0.368 0.413 0.463 0.516 0.575 0.636 0.701 0.771 0.846 0.93 1.03 1.13 1.25 1.36 1.47 1.58 1.67 1.74 1.79 1.82 1.84 1.86 1.86 1.87 1.87 1.86 1.85
-3.4e+38 -3.4e+38 -3.4e+38 -3.4e+38 -3.4e+38 -3.4e+38 -3.4e+38 -3.4e+38 -3.4e+38 -3.4e+38 -3.4e+38 -3.4e+38 -3.4e+38 -3.4e+38 -3.4e+38 -3.4e+38 -3.4e+38 -3.4e+38 -3.4e+38 -3.4e+38 -3.4e+38 -3.4e+38 -3.4e+38 -3.4e+38 -3.4e+38 -3.4e+38 -3.4e+38 -3.4e+38 -3.4e+38 -3.4e+38 0.219 0.204 0.19 0.177 0.172 0.171 0.173 0.178 0.187 0.2 0.218 0.241 0.272 0.307 0.347 0.392 0.44 0.492 0.546 0.603 0.663 0.725 0.792 0.869 0.965 1.08 1.19 1.31 1.42 1.53 1.62 1.68 1.72 1.74 1.75 1.76 1.77 1.77 1.77 1.77 1.77
-3.4e+38 -3.4e+38 -3.4e+38 -3.4e+38 -3.4e+38 -3.4e+38 -3.4e+38 -3.4e+38 -3.4e+38 -3.4e+38 -3.4e+38 -3.4e+38 -3.4e+38 -3.4e+38 -3.4e+38 -3.4e+38 -3.4e+38 -3.4e+38 -3.4e+38 -3.4e+38 -3.4e+38 -3.4e+38 -3.4e+38 -3.4e+38 -3.4e+38 -3.4e+38 -3.4e+38 -3.4e+38 -3.4e+38 -3.4e+38 -3.4e+38 0.199 0.187 0.176 0.169 0.166 0.166 0.168 0.174 0.183 0.198 0.221 0.252 0.29 0.331 0.375 0.422 0.472 0.524 0.577 0.633 0.69 0.748 0.81 0.909 1.02 1.14 1.26 1.37 1.48 1.57 1.63 1.65 1.66 1.66 1.66 1.67 1.68 1.68 1.69 1.69
