maui/input/month_year_rainfall/maui_prcp_12_2001.asc
ncols        361
nrows        320
xllcorner    -156.738000000000
yllcorner    20.343000000000
cellsize     0.002250000000
NODATA_value -3.4028234663852885981e+38
[rows 64 to 95 of 320, columns 0 to 71 of 361]
-3.4e+38 -3.4e+38 -3.4e+38 -3.4e+38 -3.4e+38 -3.4e+38 -3.4e+38 -3.4e+38 -3.4e+38 -3.4e+38 -3.4e+38 -3.4e+38 -3.4e+38 -3.4e+38 -3.4e+38 -3.4e+38 -3.4e+38 1.24 1.22 1.21 1.19 1.18 1.19 1.25 1.33 1.4 1.46 1.54 1.64 1.76 1.92 2.1 2.32 2.57 2.92 3.32 3.78 4.26 4.8 5.37 5.98 6.61 7.26 7.9 8.57 9.25 9.98 10.7 11.3 11.6 11.8 12 12.2 12.6 13 13.6 14.1 14.7 15.3 15.8 16.3 16.7 17 17.3 17.6 18.3 19.1 19.8 20.5 20.9 21.2 21.4
-3.4e+38 -3.4e+38 -3.4e+38 -3.4e+38 -3.4e+38 -3.4e+38 -3.4e+38 -3.4e+38 -3.4e+38 -3.4e+38 -3.4e+38 -3.4e+38 -3.4e+38 -3.4e+38 -3.4e+38 -3.4e+38 -3.4e+38 1.19 1.17 1.15 1.13 1.11 1.1 1.16 1.24 1.31 1.39 1.47 1.57 1.69 1.85 2.03 2.25 2.51 2.84 3.23 3.69 4.18 4.72 5.27 5.86 6.45 7.07 7.68 8.31 8.94 9.6 10.2 10.7 11.1 11.4 11.7 12 12.4 12.9 13.5 14.1 14.7 15.3 15.8 16.4 16.8 17.2 17.4 17.7 18.5 19.4 20.2 20.8 21.3 21.6 21.6
-3.4e+38 -3.4e+38 -3.4e+38 -3.4e+38 -3.4e+38 -3.4e+38 -3.4e+38 -3.4e+38 -3.4e+38 -3.4e+38 -3.4e+38 -3.4e+38 -3.4e+38 -3.4e+38 -3.4e+38 -3.4e+38 -3.4e+38 -3.4e+38 1.13 1.1 1.08 1.07 1.07 1.11 1.17 1.24 1.32 1.4 1.5 1.63 1.78 1.96 2.18 2.43 2.76 3.14 3.6 4.09 4.62 5.16 5.71 6.26 6.83 7.39 7.97 8.54 9.12 9.66 10.1 10.5 10.9 11.3 11.7 12.1 12.7 13.3 13.9 14.6 15.3 15.9 16.5 17 17.5 17.9 18.4 19 19.9 20.6 21.2 21.6 21.9 21.9
-3.4e+38 -3.4e+38 -3.4e+38 -3.4e+38 -3.4e+38 -3.4e+38 -3.4e+38 -3.4e+38 -3.4e+38 -3.4e+38 -3.4e+38 -3.4e+38 -3.4e+38 -3.4e+38 -3.4e+38 -3.4e+38 -3.4e+38 -3.4e+38 -3.4e+38 1.07 1.05 1.04 1.05 1.08 1.12 1.18 1.25 1.34 1.44 1.56 1.71 1.88 2.1 2.35 2.67 3.04 3.5 4 4.52 5.01 5.51 6.01 6.52 7.03 7.55 8.06 8.57 9.05 9.5 9.91 10.3 10.7 11.2 11.8 12.4 13.1 13.8 14.5 15.2 15.9 16.6 17.3 17.9 18.4 19.1 19.8 20.5 21.1 21.7 22 22.2 22.1
-3.4e+38 -3.4e+38 -3.4e+38 -3.4e+38 -3.4e+38 -3.4e+38 -3.4e+38 -3.4e+38 -3.4e+38 -3.4e+38 -3.4e+38 -3.4e+38 -3.4e+38 -3.4e+38 -3.4e+38 -3.4e+38 -3.4e+38 -3.4e+38 -3.4e+38 -3.4e+38 1.02 1.02 1.02 1.05 1.08 1.14 1.2 1.28 1.38 1.5 1.64 1.81 2.02 2.26 2.57 2.94 3.39 3.89 4.4 4.84 5.27 5.71 6.16 6.62 7.08 7.54 8 8.44 8.84 9.24 9.65 10.1 10.7 11.3 12 12.8 13.6 14.4 15.2 16 16.8 17.6 18.3 19 19.8 20.5 21.2 21.8 22.2 22.5 22.5 22.3
-3.4e+38 -3.4e+38 -3.4e+38 -3.4e+38 -3.4e+38 -3.4e+38 -3.4e+38 -3.4e+38 -3.4e+38 -3.4e+38 -3.4e+38 -3.4e+38 -3.4e+38 -3.4e+38 -3.4e+38 -3.4e+38 -3.4e+38 -3.4e+38 -3.4e+38 -3.4e+38 -3.4e+38 0.996 1 1.02 1.05 1.1 1.15 1.23 1.32 1.43 1.57 1.73 1.93 2.16 2.46 2.82 3.25 3.73 4.21 4.59 4.96 5.36 5.76 6.17 6.6 7.01 7.42 7.81 8.18 8.54 8.95 9.46 10.1 10.8 11.6 12.4 13.3 14.2 15.1 16.1 17 17.9 18.7 19.6 20.4 21.2 21.9 22.4 22.8 23 22.9 22.6
-3.4e+38 -3.4e+38 -3.4e+38 -3.4e+38 -3.4e+38 -3.4e+38 -3.4e+38 -3.4e+38 -3.4e+38 -3.4e+38 -3.4e+38 -3.4e+38 -3.4e+38 -3.4e+38 -3.4e+38 -3.4e+38 -3.4e+38 -3.4e+38 -3.4e+38 -3.4e+38 -3.4e+38 -3.4e+38 0.982 0.998 1.03 1.07 1.12 1.19 1.27 1.37 1.5 1.65 1.83 2.05 2.33 2.66 3.05 3.48 3.9 4.26 4.61 4.97 5.35 5.73 6.11 6.49 6.86 7.21 7.54 7.86 8.23 8.77 9.48 10.3 11.2 12.1 13.1 14.1 15.1 16.1 17.1 18.2 19.2 20.2 21.1 22 22.7 23.2 23.5 23.5 23.3 22.9
-3.4e+38 -3.4e+38 -3.4e+38 -3.4e+38 -3.4e+38 -3.4e+38 -3.4e+38 -3.4e+38 -3.4e+38 -3.4e+38 -3.4e+38 -3.4e+38 -3.4e+38 -3.4e+38 -3.4e+38 -3.4e+38 -3.4e+38 -3.4e+38 -3.4e+38 -3.4e+38 -3.4e+38 -3.4e+38 0.965 0.979 1 1.04 1.09 1.15 1.23 1.32 1.43 1.56 1.72 1.92 2.18 2.48 2.83 3.2 3.57 3.91 4.25 4.59 4.93 5.28 5.63 5.99 6.33 6.65 6.95 7.23 7.51 8.1 8.92 9.82 10.8 11.8 12.8 13.9 15 16.1 17.2 18.4 19.6 20.7 21.8 22.7 23.5 24 24.2 24.1 23.7 23.1
-3.4e+38 -3.4e+38 -3.4e+38 -3.4e+38 -3.4e+38 -3.4e+38 -3.4e+38 -3.4e+38 -3.4e+38 -3.4e+38 -3.4e+38 -3.4e+38 -3.4e+38 -3.4e+38 -3.4e+38 -3.4e+38 -3.4e+38 -3.4e+38 -3.4e+38 -3.4e+38 -3.4e+38 -3.4e+38 -3.4e+38 0.962 0.983 1.01 1.06 1.12 1.19 1.27 1.37 1.48 1.62 1.78 2.02 2.3 2.62 2.94 3.27 3.58 3.89 4.2 4.52 4.84 5.18 5.51 5.84 6.16 6.45 6.75 7.07 7.67 8.5 9.42 10.4 11.4 12.5 13.7 14.8 16.1 17.3 18.6 19.9 21.2 22.4 23.5 24.4 24.9 25 24.7 24.1 23.3
-3.4e+38 -3.4e+38 -3.4e+38 -3.4e+38 -3.4e+38 -3.4e+38 -3.4e+38 -3.4e+38 -3.4e+38 -3.4e+38 -3.4e+38 -3.4e+38 -3.4e+38 -3.4e+38 -3.4e+38 -3.4e+38 -3.4e+38 -3.4e+38 -3.4e+38 -3.4e+38 -3.4e+38 -3.4e+38 0.937 0.947 0.966 0.995 1.03 1.09 1.15 1.23 1.32 1.42 1.53 1.65 1.88 2.16 2.44 2.71 2.99 3.26 3.54 3.82 4.12 4.42 4.74 5.07 5.39 5.72 6.04 6.39 6.82 7.42 8.19 9.08 10.1 11.1 12.2 13.4 14.7 15.9 17.3 18.7 20.1 21.6 23 24.3 25.3 25.9 25.8 25.3 24.5 23.5
-3.4e+38 -3.4e+38 -3.4e+38 -3.4e+38 -3.4e+38 -3.4e+38 -3.4e+38 -3.4e+38 -3.4e+38 -3.4e+38 -3.4e+38 -3.4e+38 -3.4e+38 -3.4e+38 -3.4e+38 -3.4e+38 -3.4e+38 -3.4e+38 -3.4e+38 -3.4e+38 -3.4e+38 -3.4e+38 0.926 0.934 0.951 0.977 1.01 1.06 1.12 1.19 1.28 1.37 1.48 1.61 1.81 2.05 2.28 2.5 2.73 2.96 3.2 3.46 3.73 4.02 4.32 4.65 4.97 5.32 5.67 6.08 6.56 7.17 7.91 8.78 9.74 10.8 11.9 13.1 14.4 15.8 17.2 18.6 20.2 21.8 23.5 25.1 26.4 27 26.7 25.9 24.7 23.5
-3.4e+38 -3.4e+38 -3.4e+38 -3.4e+38 -3.4e+38 -3.4e+38 -3.4e+38 -3.4e+38 -3.4e+38 -3.4e+38 -3.4e+38 -3.4e+38 -3.4e+38 -3.4e+38 -3.4e+38 -3.4e+38 -3.4e+38 -3.4e+38 -3.4e+38 -3.4e+38 -3.4e+38 -3.4e+38 0.917 0.924 0.938 0.961 0.995 1.04 1.1 1.17 1.25 1.35 1.46 1.61 1.79 1.98 2.15 2.32 2.5 2.69 2.89 3.12 3.37 3.64 3.93 4.25 4.58 4.94 5.31 5.75 6.27 6.88 7.61 8.46 9.41 10.4 11.6 12.8 14.1 15.5 16.9 18.4 20.1 21.8 23.7 25.6 27.5 28.4 27.6 26.2 24.7 23.3
-3.4e+38 -3.4e+38 -3.4e+38 -3.4e+38 -3.4e+38 -3.4e+38 -3.4e+38 -3.4e+38 -3.4e+38 -3.4e+38 -3.4e+38 -3.4e+38 -3.4e+38 -3.4e+38 -3.4e+38 -3.4e+38 -3.4e+38 -3.4e+38 -3.4e+38 -3.4e+38 -3.4e+38 -3.4e+38 0.91 0.915 0.927 0.948 0.978 1.02 1.07 1.14 1.22 1.32 1.44 1.59 1.78 1.93 2.03 2.13 2.26 2.42 2.59 2.79 3.02 3.28 3.56 3.87 4.21 4.57 4.96 5.42 5.95 6.57 7.29 8.12 9.05 10.1 11.2 12.4 13.7 15.1 16.5 18.1 19.7 21.5 23.4 25.5 27.8 29.7 27.7 25.9 24.3 22.8
-3.4e+38 -3.4e+38 -3.4e+38 -3.4e+38 -3.4e+38 -3.4e+38 -3.4e+38 -3.4e+38 -3.4e+38 -3.4e+38 -3.4e+38 -3.4e+38 -3.4e+38 -3.4e+38 -3.4e+38 -3.4e+38 -3.4e+38 -3.4e+38 -3.4e+38 -3.4e+38 -3.4e+38 0.907 0.904 0.907 0.918 0.936 0.963 1 1.05 1.11 1.19 1.28 1.4 1.54 1.71 1.83 1.86 1.93 2.03 2.16 2.31 2.49 2.7 2.94 3.21 3.51 3.84 4.2 4.6 5.07 5.6 6.22 6.93 7.74 8.66 9.66 10.8 11.9 13.2 14.6 16 17.5 19.1 20.8 22.6 24.5 26.4 27.3 26.4 24.9 23.4 22
-3.4e+38 -3.4e+38 -3.4e+38 -3.4e+38 -3.4e+38 -3.4e+38 -3.4e+38 -3.4e+38 -3.4e+38 -3.4e+38 -3.4e+38 -3.4e+38 -3.4e+38 -3.4e+38 -3.4e+38 -3.4e+38 -3.4e+38 -3.4e+38 -3.4e+38 -3.4e+38 -3.4e+38 0.903 0.899 0.901 0.91 0.925 0.948 0.982 1.03 1.08 1.15 1.23 1.33 1.43 1.54 1.6 1.64 1.7 1.79 1.9 2.04 2.2 2.39 2.62 2.88 3.17 3.49 3.85 4.24 4.71 5.23 5.85 6.55 7.34 8.23 9.21 10.3 11.4 12.7 14 15.3 16.8 18.3 19.9 21.4 22.9 24.2 24.7 24.3 23.4 22.2 21
-3.4e+38 -3.4e+38 -3.4e+38 -3.4e+38 -3.4e+38 -3.4e+38 -3.4e+38 -3.4e+38 -3.4e+38 -3.4e+38 -3.4e+38 -3.4e+38 -3.4e+38 -3.4e+38 -3.4e+38 -3.4e+38 -3.4e+38 -3.4e+38 -3.4e+38 -3.4e+38 -3.4e+38 0.898 0.895 0.896 0.903 0.916 0.936 0.963 1 1.05 1.11 1.18 1.24 1.31 1.35 1.37 1.4 1.47 1.55 1.66 1.78 1.93 2.1 2.31 2.56 2.84 3.15 3.5 3.89 4.34 4.86 5.45 6.14 6.91 7.78 8.72 9.76 10.9 12.1 13.3 14.6 15.9 17.3 18.7 20 21.2 22.1 22.4 22.3 21.7 20.8 19.8
-3.4e+38 -3.4e+38 -3.4e+38 -3.4e+38 -3.4e+38 -3.4e+38 -3.4e+38 -3.4e+38 -3.4e+38 -3.4e+38 -3.4e+38 -3.4e+38 -3.4e+38 -3.4e+38 -3.4e+38 -3.4e+38 -3.4e+38 -3.4e+38 -3.4e+38 -3.4e+38 -3.4e+38 0.894 0.891 0.892 0.897 0.908 0.925 0.948 0.979 1.03 1.08 1.13 1.17 1.2 1.21 1.19 1.19 1.27 1.35 1.44 1.54 1.67 1.84 2.03 2.27 2.53 2.82 3.16 3.53 3.97 4.47 5.04 5.71 6.46 7.29 8.2 9.19 10.3 11.4 12.6 13.8 15 16.2 17.5 18.6 19.5 20.2 20.5 20.4 20 19.3 18.5
-3.4e+38 -3.4e+38 -3.4e+38 -3.4e+38 -3.4e+38 -3.4e+38 -3.4e+38 -3.4e+38 -3.4e+38 -3.4e+38 -3.4e+38 -3.4e+38 -3.4e+38 -3.4e+38 -3.4e+38 -3.4e+38 -3.4e+38 -3.4e+38 -3.4e+38 -3.4e+38 -3.4e+38 -3.4e+38 0.886 0.887 0.891 0.9 0.915 0.937 0.967 1.01 1.05 1.08 1.11 1.12 1.11 1.09 1.09 1.13 1.18 1.25 1.33 1.44 1.59 1.77 1.99 2.24 2.51 2.83 3.18 3.59 4.06 4.62 5.26 5.98 6.78 7.65 8.6 9.61 10.7 11.8 12.9 14 15.2 16.2 17.2 18 18.5 18.8 18.7 18.4 17.9 17.2
-3.4e+38 -3.4e+38 -3.4e+38 -3.4e+38 -3.4e+38 -3.4e+38 -3.4e+38 -3.4e+38 -3.4e+38 -3.4e+38 -3.4e+38 -3.4e+38 -3.4e+38 -3.4e+38 -3.4e+38 -3.4e+38 -3.4e+38 -3.4e+38 -3.4e+38 -3.4e+38 -3.4e+38 -3.4e+38 -3.4e+38 0.879 0.883 0.891 0.905 0.926 0.954 0.989 1.02 1.05 1.07 1.07 1.05 1.03 1.02 1.02 1.05 1.09 1.15 1.25 1.38 1.54 1.74 1.97 2.22 2.51 2.84 3.23 3.67 4.17 4.8 5.49 6.25 7.08 7.99 8.95 9.96 11 12 13.1 14.1 15 15.9 16.5 17 17.2 17.2 16.9 16.5 16
-3.4e+38 -3.4e+38 -3.4e+38 -3.4e+38 -3.4e+38 -3.4e+38 -3.4e+38 -3.4e+38 -3.4e+38 -3.4e+38 -3.4e+38 -3.4e+38 -3.4e+38 -3.4e+38 -3.4e+38 -3.4e+38 -3.4e+38 -3.4e+38 -3.4e+38 -3.4e+38 -3.4e+38 -3.4e+38 -3.4e+38 -3.4e+38 0.871 0.879 0.892 0.912 0.939 0.971 1.01 1.03 1.04 1.02 1 0.973 0.946 0.929 0.931 0.954 1 1.08 1.2 1.34 1.51 1.72 1.95 2.22 2.52 2.88 3.29 3.77 4.34 4.99 5.71 6.5 7.36 8.28 9.23 10.2 11.2 12.2 13.1 13.9 14.6 15.2 15.6 15.8 15.8 15.6 15.3 14.8
-3.4e+38 -3.4e+38 -3.4e+38 -3.4e+38 -3.4e+38 -3.4e+38 -3.4e+38 -3.4e+38 -3.4e+38 -3.4e+38 -3.4e+38 -3.4e+38 -3.4e+38 -3.4e+38 -3.4e+38 -3.4e+38 -3.4e+38 -3.4e+38 -3.4e+38 -3.4e+38 -3.4e+38 -3.4e+38 -3.4e+38 -3.4e+38 -3.4e+38 0.863 0.875 0.893 0.919 0.951 0.988 1.02 1.01 0.986 0.957 0.922 0.879 0.843 0.822 0.83 0.871 0.937 1.03 1.15 1.31 1.49 1.7 1.95 2.22 2.55 2.93 3.37 3.89 4.49 5.17 5.91 6.73 7.61 8.52 9.45 10.4 11.3 12.1 12.9 13.5 14.1 14.4 14.6 14.6 14.4 14.1 13.7
-3.4e+38 -3.4e+38 -3.4e+38 -3.4e+38 -3.4e+38 -3.4e+38 -3.4e+38 -3.4e+38 -3.4e+38 -3.4e+38 -3.4e+38 -3.4e+38 -3.4e+38 -3.4e+38 -3.4e+38 -3.4e+38 -3.4e+38 -3.4e+38 -3.4e+38 -3.4e+38 -3.4e+38 -3.4e+38 -3.4e+38 -3.4e+38 -3.4e+38 0.841 0.851 0.866 0.888 0.918 0.957 0.996 0.976 0.931 0.895 0.857 0.81 0.762 0.72 0.716 0.748 0.801 0.879 0.985 1.12 1.29 1.48 1.69 1.94 2.23 2.57 2.98 3.45 4 4.63 5.33 6.11 6.95 7.82 8.7 9.58 10.4 11.2 11.9 12.5 13 13.3 13.5 13.5 13.4 13.1 12.7
-3.4e+38 -3.4e+38 -3.4e+38 -3.4e+38 -3.4e+38 -3.4e+38 -3.4e+38 -3.4e+38 -3.4e+38 -3.4e+38 -3.4e+38 -3.4e+38 -3.4e+38 -3.4e+38 -3.4e+38 -3.4e+38 -3.4e+38 -3.4e+38 -3.4e+38 -3.4e+38 -3.4e+38 -3.4e+38 -3.4e+38 -3.4e+38 -3.4e+38 -3.4e+38 0.821 0.831 0.845 0.866 0.892 0.91 0.889 0.848 0.814 0.78 0.742 0.696 0.652 0.632 0.642 0.676 0.739 0.832 0.953 1.1 1.27 1.46 1.68 1.93 2.23 2.59 3.02 3.51 4.1 4.76 5.5 6.31 7.13 7.99 8.84 9.66 10.4 11.1 11.6 12.1 12.3 12.5 12.5 12.4 12.2 11.8
-3.4e+38 -3.4e+38 -3.4e+38 -3.4e+38 -3.4e+38 -3.4e+38 -3.4e+38 -3.4e+38 -3.4e+38 -3.4e+38 -3.4e+38 -3.4e+38 -3.4e+38 -3.4e+38 -3.4e+38 -3.4e+38 -3.4e+38 -3.4e+38 -3.4e+38 -3.4e+38 -3.4e+38 -3.4e+38 -3.4e+38 -3.4e+38 -3.4e+38 -3.4e+38 -3.4e+38 0.787 0.792 0.798 0.803 0.797 0.774 0.744 0.721 0.705 0.682 0.643 0.597 0.562 0.548 0.559 0.607 0.692 0.802 0.935 1.08 1.25 1.43 1.65 1.91 2.22 2.59 3.04 3.57 4.2 4.91 5.68 6.48 7.32 8.16 8.95 9.68 10.3 10.8 11.2 11.5 11.6 11.7 11.6 11.3 11
-3.4e+38 -3.4e+38 -3.4e+38 -3.4e+38 -3.4e+38 -3.4e+38 -3.4e+38 -3.4e+38 -3.4e+38 -3.4e+38 -3.4e+38 -3.4e+38 -3.4e+38 -3.4e+38 -3.4e+38 -3.4e+38 -3.4e+38 -3.4e+38 -3.4e+38 -3.4e+38 -3.4e+38 -3.4e+38 -3.4e+38 -3.4e+38 -3.4e+38 -3.4e+38 -3.4e+38 -3.4e+38 0.733 0.725 0.712 0.69 0.659 0.63 0.622 0.63 0.634 0.597 0.542 0.495 0.464 0.45 0.489 0.57 0.67 0.787 0.917 1.06 1.21 1.39 1.6 1.86 2.18 2.57 3.06 3.65 4.34 5.09 5.89 6.71 7.54 8.32 9.03 9.64 10.1 10.5 10.7 10.9 10.9 10.8 10.6 10.3
-3.4e+38 -3.4e+38 -3.4e+38 -3.4e+38 -3.4e+38 -3.4e+38 -3.4e+38 -3.4e+38 -3.4e+38 -3.4e+38 -3.4e+38 -3.4e+38 -3.4e+38 -3.4e+38 -3.4e+38 -3.4e+38 -3.4e+38 -3.4e+38 -3.4e+38 -3.4e+38 -3.4e+38 -3.4e+38 -3.4e+38 -3.4e+38 -3.4e+38 -3.4e+38 -3.4e+38 -3.4e+38 0.674 0.655 0.629 0.594 0.55 0.509 0.516 0.549 0.58 0.54 0.479 0.429 0.394 0.38 0.408 0.473 0.557 0.659 0.77 0.889 1.01 1.16 1.33 1.53 1.79 2.13 2.58 3.14 3.8 4.55 5.35 6.18 7 7.77 8.45 9.04 9.5 9.85 10.1 10.2 10.2 10.1 9.94 9.69
-3.4e+38 -3.4e+38 -3.4e+38 -3.4e+38 -3.4e+38 -3.4e+38 -3.4e+38 -3.4e+38 -3.4e+38 -3.4e+38 -3.4e+38 -3.4e+38 -3.4e+38 -3.4e+38 -3.4e+38 -3.4e+38 -3.4e+38 -3.4e+38 -3.4e+38 -3.4e+38 -3.4e+38 -3.4e+38 -3.4e+38 -3.4e+38 -3.4e+38 -3.4e+38 -3.4e+38 -3.4e+38 -3.4e+38 0.592 0.559 0.518 0.468 0.419 0.429 0.46 0.475 0.45 0.404 0.361 0.332 0.324 0.345 0.394 0.464 0.55 0.646 0.744 0.845 0.957 1.09 1.24 1.44 1.71 2.12 2.66 3.33 4.08 4.89 5.73 6.55 7.3 7.97 8.52 8.95 9.27 9.47 9.57 9.57 9.5 9.34 9.13
-3.4e+38 -3.4e+38 -3.4e+38 -3.4e+38 -3.4e+38 -3.4e+38 -3.4e+38 -3.4e+38 -3.4e+38 -3.4e+38 -3.4e+38 -3.4e+38 -3.4e+38 -3.4e+38 -3.4e+38 -3.4e+38 -3.4e+38 -3.4e+38 -3.4e+38 -3.4e+38 -3.4e+38 -3.4e+38 -3.4e+38 -3.4e+38 -3.4e+38 -3.4e+38 -3.4e+38 -3.4e+38 -3.4e+38 -3.4e+38 0.503 0.462 0.42 0.386 0.377 0.384 0.382 0.361 0.327 0.293 0.27 0.265 0.285 0.327 0.386 0.46 0.543 0.626 0.707 0.793 0.888 0.994 1.12 1.33 1.71 2.25 2.92 3.68 4.5 5.35 6.18 6.93 7.56 8.07 8.46 8.75 8.93 9.01 9 8.93 8.79 8.61
-3.4e+38 -3.4e+38 -3.4e+38 -3.4e+38 -3.4e+38 -3.4e+38 -3.4e+38 -3.4e+38 -3.4e+38 -3.4e+38 -3.4e+38 -3.4e+38 -3.4e+38 -3.4e+38 -3.4e+38 -3.4e+38 -3.4e+38 -3.4e+38 -3.4e+38 -3.4e+38 -3.4e+38 -3.4e+38 -3.4e+38 -3.4e+38 -3.4e+38 -3.4e+38 -3.4e+38 -3.4e+38 -3.4e+38 -3.4e+38 -3.4e+38 0.421 0.384 0.354 0.336 0.325 0.31 0.288 0.258 0.229 0.208 0.207 0.229 0.269 0.322 0.388 0.46 0.532 0.6 0.669 0.742 0.816 0.892 0.999 1.38 1.94 2.61 3.36 4.18 5.05 5.89 6.63 7.21 7.67 8.02 8.26 8.42 8.48 8.47 8.39 8.27 8.12
-3.4e+38 -3.4e+38 -3.4e+38 -3.4e+38 -3.4e+38 -3.4e+38 -3.4e+38 -3.4e+38 -3.4e+38 -3.4e+38 -3.4e+38 -3.4e+38 -3.4e+38 -3.4e+38 -3.4e+38 -3.4e+38 -3.4e+38 -3.4e+38 -3.4e+38 -3.4e+38 -3.4e+38 -3.4e+38 -3.4e+38 -3.4e+38 -3.4e+38 -3.4e+38 -3.4e+38 -3.4e+38 -3.4e+38 -3.4e+38 -3.4e+38 -3.4e+38 0.354 0.324 0.3 0.278 0.256 0.23 0.201 0.174 0.153 0.153 0.181 0.222 0.273 0.332 0.398 0.463 0.524 0.586 0.65 0.718 0.793 0.916 1.25 1.77 2.39 3.11 3.91 4.78 5.68 6.4 6.89 7.29 7.6 7.81 7.94 7.99 7.97 7.9 7.78 7.65
-3.4e+38 -3.4e+38 -3.4e+38 -3.4e+38 -3.4e+38 -3.4e+38 -3.4e+38 -3.4e+38 -3.4e+38 -3.4e+38 -3.4e+38 -3.4e+38 -3.4e+38 -3.4e+38 -3.4e+38 -3.4e+38 -3.4e+38 -3.4e+38 -3.4e+38 -3.4e+38 -3.4e+38 -3.4e+38 -3.4e+38 -3.4e+38 -3.4e+38 -3.4e+38 -3.4e+38 -3.4e+38 -3.4e+38 -3.4e+38 -3.4e+38 -3.4e+38 -3.4e+38 0.297 0.268 0.241 0.214 0.185 0.156 0.131 0.117 0.122 0.151 0.19 0.238 0.293 0.354 0.416 0.476 0.536 0.604 0.683 0.789 0.961 1.26 1.7 2.26 2.92 3.67 4.5 5.36 6.06 6.52 6.9 7.19 7.38 7.48 7.52 7.49 7.41 7.31 7.19
-3.4e+38 -3.4e+38 -3.4e+38 -3.4e+38 -3.4e+38 -3.4e+38 -3.4e+38 -3.4e+38 -3.4e+38 -3.4e+38 -3.4e+38 -3.4e+38 -3.4e+38 -3.4e+38 -3.4e+38 -3.4e+38 -3.4e+38 -3.4e+38 -3.4e+38 -3.4e+38 -3.4e+38 -3.4e+38 -3.4e+38 -3.4e+38 -3.4e+38 -3.4e+38 -3.4e+38 -3.4e+38 -3.4e+38 -3.4e+38 -3.4e+38 -3.4e+38 -3.4e+38 -3.4e+38 -3.4e+38 0.212 0.182 0.152 0.123 0.101 0.0972 0.109 0.135 0.172 0.217 0.269 0.327 0.388 0.449 0.513 0.587 0.681 0.81 1 1.28 1.67 2.17 2.76 3.44 4.18 4.92 5.58 6.1 6.49 6.77 6.95 7.04 7.05 7.01 6.94 6.85 6.74
