maui/input/month_year_rainfall/maui_prcp_07_2001.asc
ncols        361
nrows        320
xllcorner    -156.738000000000
yllcorner    20.343000000000
cellsize     0.002250000000
NODATA_value -3.4028234663852885981e+38
[rows 62 to 92 of 320, columns 71 to 141 of 361]
14.3 14.2 13.8 13.4 12.9 12.3 11.7 11.1 10.5 9.9 9.27 8.63 8 7.37 6.76 6.16 5.56 4.96 4.36 3.76 3.23 2.75 2.35 1.99 1.71 1.45 1.25 1.06 0.909 0.783 0.693 0.625 0.576 0.539 0.51 0.487 0.465 0.449 0.434 -3.4e+38 -3.4e+38 -3.4e+38 -3.4e+38 -3.4e+38 -3.4e+38 -3.4e+38 -3.4e+38 -3.4e+38 -3.4e+38 -3.4e+38 -3.4e+38 -3.4e+38 -3.4e+38 -3.4e+38 -3.4e+38 -3.4e+38 -3.4e+38 -3.4e+38 -3.4e+38 -3.4e+38 -3.4e+38 -3.4e+38 -3.4e+38 -3.4e+38 -3.4e+38 -3.4e+38 -3.4e+38 -3.4e+38 -3.4e+38 -3.4e+38 -3.4e+38
14.8 14.7 14.3 13.8 13.2 12.7 12 11.4 10.8 10.1 9.47 8.82 8.17 7.54 6.92 6.31 5.71 5.1 4.49 3.87 3.33 2.84 2.43 2.06 1.77 1.5 1.29 1.09 0.934 0.8 0.704 0.632 0.58 0.541 0.511 0.487 0.465 0.449 0.435 -3.4e+38 -3.4e+38 -3.4e+38 -3.4e+38 -3.4e+38 -3.4e+38 -3.4e+38 -3.4e+38 -3.4e+38 -3.4e+38 -3.4e+38 -3.4e+38 -3.4e+38 -3.4e+38 -3.4e+38 -3.4e+38 -3.4e+38 -3.4e+38 -3.4e+38 -3.4e+38 -3.4e+38 -3.4e+38 -3.4e+38 -3.4e+38 -3.4e+38 -3.4e+38 -3.4e+38 -3.4e+38 -3.4e+38 -3.4e+38 -3.4e+38 -3.4e+38
15.2 15 14.6 14.1 13.6 12.9 12.3 11.6 11 10.3 9.64 8.98 8.32 7.68 7.05 6.44 5.83 5.22 4.6 3.96 3.39 2.9 2.48 2.1 1.81 1.54 1.32 1.12 0.959 0.817 0.713 0.638 0.586 0.546 0.513 0.488 0.465 0.449 0.435 0.419 -3.4e+38 -3.4e+38 -3.4e+38 -3.4e+38 -3.4e+38 -3.4e+38 -3.4e+38 -3.4e+38 -3.4e+38 -3.4e+38 -3.4e+38 -3.4e+38 -3.4e+38 -3.4e+38 -3.4e+38 -3.4e+38 -3.4e+38 -3.4e+38 -3.4e+38 -3.4e+38 -3.4e+38 -3.4e+38 -3.4e+38 -3.4e+38 -3.4e+38 -3.4e+38 -3.4e+38 -3.4e+38 -3.4e+38 -3.4e+38 -3.4e+38
15.5 15.2 14.9 14.4 13.8 13.2 12.5 11.8 11.1 10.4 9.76 9.09 8.43 7.79 7.15 6.53 5.91 5.3 4.68 4.04 3.46 2.94 2.52 2.13 1.84 1.57 1.35 1.15 0.984 0.837 0.726 0.648 0.594 0.552 0.517 0.49 0.466 0.449 0.434 -3.4e+38 -3.4e+38 -3.4e+38 -3.4e+38 -3.4e+38 -3.4e+38 -3.4e+38 -3.4e+38 -3.4e+38 -3.4e+38 -3.4e+38 -3.4e+38 -3.4e+38 -3.4e+38 -3.4e+38 -3.4e+38 -3.4e+38 -3.4e+38 -3.4e+38 -3.4e+38 -3.4e+38 -3.4e+38 -3.4e+38 -3.4e+38 -3.4e+38 -3.4e+38 -3.4e+38 -3.4e+38 -3.4e+38 -3.4e+38 -3.4e+38 -3.4e+38
15.8 15.5 15.1 14.6 14 13.3 12.6 11.9 11.2 10.5 9.84 9.16 8.5 7.85 7.21 6.59 5.97 5.36 4.74 4.11 3.53 2.98 2.54 2.15 1.86 1.59 1.38 1.18 1.01 0.861 0.75 0.666 0.606 0.56 0.524 0.494 0.467 0.449 0.433 0.418 -3.4e+38 -3.4e+38 -3.4e+38 -3.4e+38 -3.4e+38 -3.4e+38 -3.4e+38 -3.4e+38 -3.4e+38 -3.4e+38 -3.4e+38 -3.4e+38 -3.4e+38 -3.4e+38 -3.4e+38 -3.4e+38 -3.4e+38 -3.4e+38 -3.4e+38 -3.4e+38 -3.4e+38 -3.4e+38 -3.4e+38 -3.4e+38 -3.4e+38 -3.4e+38 -3.4e+38 -3.4e+38 -3.4e+38 -3.4e+38 -3.4e+38
16.1 15.8 15.3 14.7 14.1 13.4 12.7 12 11.3 10.6 9.87 9.18 8.51 7.86 7.22 6.6 5.99 5.38 4.77 4.15 3.56 3 2.55 2.16 1.87 1.6 1.4 1.2 1.03 0.887 0.775 0.686 0.62 0.57 0.531 0.499 0.47 0.45 0.432 0.416 0.4 0.385 0.369 -3.4e+38 -3.4e+38 -3.4e+38 -3.4e+38 -3.4e+38 -3.4e+38 -3.4e+38 -3.4e+38 -3.4e+38 -3.4e+38 -3.4e+38 -3.4e+38 -3.4e+38 -3.4e+38 -3.4e+38 -3.4e+38 -3.4e+38 -3.4e+38 -3.4e+38 -3.4e+38 -3.4e+38 -3.4e+38 -3.4e+38 -3.4e+38 0.382 0.385 0.388 0.392
16.4 16 15.5 14.9 14.2 13.5 12.8 12 11.3 10.6 9.85 9.16 8.48 7.83 7.19 6.57 5.97 5.37 4.78 4.17 3.58 2.99 2.54 2.15 1.87 1.6 1.4 1.22 1.06 0.911 0.798 0.705 0.634 0.58 0.539 0.505 0.475 0.452 0.431 0.414 0.398 0.383 0.368 -3.4e+38 -3.4e+38 -3.4e+38 -3.4e+38 -3.4e+38 -3.4e+38 -3.4e+38 -3.4e+38 -3.4e+38 -3.4e+38 -3.4e+38 -3.4e+38 -3.4e+38 -3.4e+38 -3.4e+38 -3.4e+38 -3.4e+38 -3.4e+38 -3.4e+38 -3.4e+38 -3.4e+38 -3.4e+38 0.37 0.371 0.373 0.374 0.376 0.378
16.7 16.2 15.6 15 14.3 13.5 12.8 12 11.2 10.5 9.76 9.06 8.39 7.73 7.1 6.49 5.9 5.32 4.74 4.16 3.58 3 2.54 2.13 1.85 1.58 1.4 1.23 1.07 0.93 0.817 0.722 0.648 0.592 0.548 0.512 0.48 0.455 0.431 0.412 0.395 0.379 0.365 0.351 -3.4e+38 -3.4e+38 -3.4e+38 -3.4e+38 -3.4e+38 -3.4e+38 -3.4e+38 -3.4e+38 -3.4e+38 -3.4e+38 -3.4e+38 -3.4e+38 -3.4e+38 -3.4e+38 -3.4e+38 -3.4e+38 -3.4e+38 -3.4e+38 -3.4e+38 -3.4e+38 0.363 0.363 0.364 0.364 0.364 0.364 0.364
16.9 16.4 15.8 15.1 14.3 13.5 12.7 11.9 11.1 10.3 9.62 8.92 8.25 7.6 6.97 6.37 5.79 5.23 4.67 4.11 3.55 2.99 2.52 2.1 1.81 1.56 1.39 1.23 1.08 0.943 0.831 0.735 0.661 0.603 0.557 0.52 0.486 0.458 0.433 0.412 0.392 0.376 0.362 0.349 -3.4e+38 -3.4e+38 -3.4e+38 -3.4e+38 -3.4e+38 -3.4e+38 -3.4e+38 -3.4e+38 -3.4e+38 -3.4e+38 -3.4e+38 -3.4e+38 -3.4e+38 -3.4e+38 -3.4e+38 -3.4e+38 -3.4e+38 -3.4e+38 0.354 0.355 0.356 0.357 0.357 0.356 0.354 0.352 0.351
17.1 16.5 15.8 15 14.2 13.4 12.6 11.7 10.9 10.2 9.41 8.71 8.04 7.4 6.78 6.2 5.63 5.09 4.56 4.02 3.49 2.95 2.49 2.06 1.77 1.51 1.36 1.22 1.08 0.948 0.838 0.744 0.671 0.613 0.566 0.527 0.492 0.462 0.434 0.411 0.39 0.373 0.358 0.346 -3.4e+38 -3.4e+38 0.311 0.298 -3.4e+38 -3.4e+38 -3.4e+38 -3.4e+38 -3.4e+38 -3.4e+38 -3.4e+38 -3.4e+38 -3.4e+38 -3.4e+38 -3.4e+38 -3.4e+38 0.348 0.349 0.349 0.349 0.349 0.349 0.348 0.347 0.345 0.342 0.339
17.2 16.6 15.8 15 14.1 13.3 12.4 11.5 10.7 9.91 9.15 8.45 7.79 7.16 6.55 5.98 5.44 4.92 4.41 3.9 3.4 2.88 2.43 2 1.72 1.46 1.33 1.2 1.07 0.945 0.84 0.749 0.678 0.621 0.574 0.535 0.498 0.466 0.436 0.411 0.388 0.37 0.354 0.342 0.332 0.322 0.314 0.305 0.301 0.297 0.298 -3.4e+38 -3.4e+38 -3.4e+38 -3.4e+38 -3.4e+38 -3.4e+38 0.342 0.343 0.344 0.344 0.344 0.344 0.343 0.343 0.342 0.341 0.339 0.336 0.332 0.328
17.2 16.5 15.7 14.8 13.9 13 12.1 11.2 10.4 9.58 8.82 8.13 7.47 6.85 6.27 5.71 5.19 4.69 4.21 3.73 3.26 2.78 2.34 1.91 1.65 1.42 1.29 1.17 1.05 0.935 0.835 0.748 0.681 0.625 0.579 0.54 0.503 0.469 0.437 0.41 0.386 0.367 0.35 0.338 0.328 0.319 -3.4e+38 -3.4e+38 0.304 0.302 0.303 0.305 0.311 0.317 0.324 0.33 0.335 0.338 0.34 0.34 0.34 0.339 0.339 0.338 0.337 0.335 0.333 0.33 0.327 0.323 0.318
17.2 16.3 15.4 14.5 13.6 12.7 11.8 10.9 10 9.22 8.46 7.76 7.11 6.51 5.95 5.41 4.91 4.44 3.99 3.54 3.1 2.65 2.23 1.82 1.57 1.36 1.24 1.13 1.02 0.917 0.824 0.743 0.679 0.626 0.581 0.543 0.506 0.471 0.437 0.409 0.383 0.363 0.346 0.333 0.323 0.315 -3.4e+38 -3.4e+38 0.304 0.304 0.306 0.308 0.313 0.318 0.324 0.329 0.333 0.335 0.337 0.337 0.336 0.335 0.334 0.332 0.33 0.328 0.326 0.323 0.319 0.315 0.309
16.9 16 15.1 14.2 13.2 12.3 11.4 10.5 9.62 8.81 8.04 7.35 6.71 6.12 5.58 5.07 4.6 4.16 3.74 3.33 2.92 2.5 2.1 1.7 1.49 1.31 1.2 1.08 0.987 0.893 0.807 0.732 0.672 0.622 0.579 0.543 0.506 0.469 0.435 0.407 0.381 0.36 0.342 0.329 0.318 0.31 0.306 0.303 0.302 0.302 0.306 0.308 0.312 0.317 0.322 0.327 0.33 0.332 0.333 0.333 0.332 0.33 0.328 0.326 0.324 0.322 0.319 0.316 0.312 0.308 0.302
16.5 15.6 14.7 13.7 12.8 11.8 10.9 10 9.19 8.38 7.61 6.91 6.29 5.71 5.19 4.71 4.27 3.87 3.49 3.11 2.74 2.34 1.97 1.59 1.41 1.26 1.15 1.04 0.949 0.863 0.785 0.715 0.66 0.612 0.57 0.535 0.499 0.465 0.431 0.403 0.377 0.356 0.338 0.324 0.313 0.305 0.301 0.298 0.299 0.299 0.303 0.305 0.31 0.315 0.32 0.324 0.327 0.329 0.329 0.329 0.327 0.325 0.323 0.32 0.317 0.316 0.313 0.31 0.306 0.302 0.296
15.9 15 14.1 13.2 12.2 11.3 10.4 9.57 8.72 7.92 7.16 6.47 5.84 5.27 4.78 4.33 3.94 3.59 3.25 2.91 2.57 2.2 1.86 1.51 1.34 1.21 1.1 0.987 0.907 0.828 0.757 0.693 0.642 0.597 0.557 0.522 0.489 0.456 0.425 0.398 0.372 0.352 0.333 0.319 0.308 0.3 0.296 0.294 0.294 0.295 0.298 0.301 0.305 0.31 0.315 0.319 0.322 0.324 0.324 0.324 0.323 0.321 0.318 0.314 0.312 0.31 0.308 0.305 0.301 0.296 0.291
15.1 14.3 13.4 12.5 11.6 10.8 9.92 9.08 8.25 7.46 6.72 6.02 5.39 4.83 4.36 3.96 3.62 3.32 3.02 2.72 2.42 2.08 1.77 1.45 1.29 1.15 1.04 0.934 0.859 0.788 0.724 0.667 0.62 0.577 0.54 0.507 0.476 0.446 0.417 0.391 0.367 0.347 0.328 0.315 0.303 0.295 0.291 0.288 0.289 0.29 0.293 0.296 0.301 0.305 0.31 0.314 0.317 0.319 0.32 0.32 0.318 0.317 0.314 0.311 0.308 0.306 0.304 0.301 0.297 0.292 0.287
14.2 13.4 12.6 11.8 11 10.2 9.39 8.58 7.79 7.02 6.29 5.59 4.95 4.37 3.94 3.62 3.34 3.08 2.81 2.55 2.3 2 1.71 1.4 1.24 1.08 0.984 0.88 0.81 0.744 0.689 0.639 0.594 0.554 0.52 0.49 0.461 0.434 0.407 0.384 0.361 0.341 0.323 0.31 0.298 0.29 0.286 0.283 0.284 0.284 0.288 0.291 0.296 0.3 0.305 0.309 0.312 0.314 0.315 0.315 0.314 0.313 0.311 0.308 0.306 0.303 0.3 0.297 0.292 0.288 0.282
13.2 12.6 11.8 11.1 10.4 9.6 8.85 8.1 7.35 6.62 5.91 5.22 4.56 3.93 3.55 3.34 3.14 2.93 2.7 2.47 2.23 1.95 1.66 1.36 1.19 1.02 0.929 0.83 0.767 0.706 0.653 0.605 0.564 0.528 0.497 0.471 0.445 0.422 0.397 0.376 0.354 0.336 0.319 0.305 0.294 0.286 0.281 0.279 0.279 0.28 0.283 0.286 0.291 0.295 0.3 0.304 0.308 0.31 0.311 0.311 0.31 0.309 0.307 0.305 0.303 0.3 0.297 0.293 0.288 0.283 0.278
12.2 11.7 11 10.4 9.69 9.01 8.33 7.64 6.94 6.26 5.61 4.95 4.31 3.64 3.33 3.18 3.02 2.85 2.66 2.45 2.21 1.93 1.64 1.32 1.14 0.97 0.878 0.785 0.728 0.672 0.618 0.57 0.531 0.5 0.473 0.45 0.429 0.408 0.386 0.367 0.348 0.33 0.313 0.3 0.289 0.281 0.277 0.275 0.275 0.275 0.278 0.282 0.286 0.291 0.296 0.3 0.303 0.305 0.306 0.307 0.306 0.305 0.303 0.302 0.299 0.296 0.293 0.289 0.284 0.279 0.273
11.2 10.8 10.2 9.64 9.04 8.44 7.83 7.22 6.6 5.99 5.4 4.81 4.25 3.73 3.4 3.19 3.02 2.84 2.66 2.45 2.21 1.93 1.62 1.28 1.1 0.921 0.832 0.742 0.689 0.636 0.583 0.535 0.498 0.472 0.449 0.43 0.412 0.394 0.375 0.358 0.34 0.324 0.308 0.295 0.285 0.277 0.273 0.271 0.271 0.271 0.274 0.277 0.282 0.287 0.292 0.296 0.299 0.301 0.302 0.302 0.302 0.301 0.299 0.298 0.295 0.292 0.289 0.284 0.279 0.274 0.268
10.3 9.9 9.43 8.93 8.41 7.89 7.37 6.84 6.3 5.77 5.26 4.75 4.27 3.85 3.52 3.28 3.08 2.89 2.69 2.48 2.23 1.94 1.62 1.26 1.06 0.878 0.789 0.702 0.652 0.602 0.551 0.505 0.471 0.446 0.426 0.411 0.395 0.38 0.363 0.348 0.332 0.316 0.301 0.29 0.281 0.273 0.269 0.266 0.267 0.267 0.27 0.273 0.278 0.283 0.288 0.292 0.294 0.296 0.296 0.297 0.296 0.295 0.294 0.293 0.291 0.288 0.284 0.279 0.274 0.268 0.262
9.41 9.09 8.7 8.27 7.83 7.4 6.97 6.52 6.07 5.61 5.17 4.74 4.34 3.97 3.67 3.4 3.18 2.97 2.76 2.53 2.27 1.95 1.61 1.22 1.02 0.838 0.749 0.663 0.616 0.569 0.52 0.477 0.445 0.422 0.405 0.392 0.379 0.366 0.352 0.338 0.323 0.309 0.295 0.285 0.276 0.269 0.265 0.263 0.263 0.263 0.266 0.269 0.274 0.278 0.284 0.288 0.289 0.29 0.291 0.291 0.29 0.29 0.288 0.287 0.285 0.282 0.279 0.274 0.268 0.262 0.256
8.57 8.32 8 7.65 7.29 6.94 6.6 6.24 5.87 5.49 5.12 4.75 4.41 4.08 3.8 3.53 3.29 3.06 2.84 2.59 2.3 1.97 1.6 1.19 0.979 0.801 0.711 0.626 0.581 0.537 0.49 0.45 0.421 0.4 0.384 0.373 0.363 0.353 0.34 0.328 0.314 0.301 0.289 0.279 0.271 0.265 0.261 0.258 0.258 0.258 0.261 0.264 0.268 0.272 0.277 0.281 0.282 0.283 0.283 0.284 0.283 0.283 0.282 0.28 0.279 0.276 0.272 0.267 0.262 0.256 0.25
7.81 7.62 7.37 7.08 6.8 6.55 6.29 6.01 5.71 5.39 5.08 4.77 4.48 4.19 3.92 3.65 3.4 3.16 2.92 2.65 2.34 1.98 1.59 1.16 0.944 0.764 0.674 0.59 0.547 0.505 0.46 0.423 0.397 0.378 0.365 0.356 0.347 0.338 0.328 0.317 0.305 0.293 0.282 0.273 0.266 0.26 0.256 0.254 0.254 0.254 0.256 0.258 0.262 0.266 0.27 0.273 0.274 0.275 0.276 0.276 0.275 0.275 0.274 0.273 0.271 0.269 0.265 0.26 0.254 0.248 0.242
7.1 6.98 6.8 6.6 6.39 6.21 6.02 5.81 5.57 5.32 5.06 4.8 4.55 4.28 4.03 3.76 3.51 3.26 2.99 2.71 2.38 1.98 1.57 1.12 0.897 0.719 0.632 0.554 0.513 0.474 0.432 0.398 0.374 0.358 0.346 0.338 0.331 0.324 0.315 0.306 0.295 0.285 0.275 0.267 0.26 0.255 0.252 0.249 0.249 0.248 0.25 0.252 0.255 0.258 0.262 0.264 0.266 0.267 0.267 0.267 0.266 0.266 0.265 0.264 0.262 0.259 0.255 0.251 0.245 0.239 0.234
6.47 6.41 6.3 6.18 6.05 5.93 5.8 5.64 5.46 5.27 5.06 4.83 4.62 4.36 4.12 3.86 3.61 3.34 3.06 2.76 2.4 1.97 1.52 1.03 0.81 0.647 0.576 0.516 0.478 0.444 0.405 0.373 0.352 0.338 0.327 0.321 0.316 0.31 0.303 0.295 0.285 0.276 0.267 0.26 0.254 0.249 0.246 0.244 0.243 0.243 0.244 0.245 0.248 0.251 0.254 0.256 0.257 0.258 0.258 0.257 0.257 0.256 0.255 0.253 0.251 0.249 0.245 0.24 0.235 0.23 0.224
5.89 5.88 5.84 5.79 5.73 5.66 5.59 5.49 5.37 5.22 5.06 4.86 4.68 4.44 4.21 3.95 3.69 3.4 3.11 2.8 2.42 1.96 1.47 0.957 0.737 0.584 0.525 0.478 0.445 0.414 0.379 0.35 0.332 0.319 0.31 0.305 0.3 0.296 0.29 0.283 0.275 0.267 0.259 0.253 0.247 0.243 0.24 0.238 0.237 0.237 0.238 0.239 0.241 0.243 0.246 0.247 0.248 0.248 0.248 0.247 0.246 0.245 0.244 0.242 0.24 0.237 0.234 0.23 0.225 0.22 0.215
5.35 5.39 5.41 5.42 5.42 5.41 5.4 5.36 5.29 5.18 5.05 4.89 4.73 4.51 4.29 4.02 3.75 3.46 3.15 2.82 2.42 1.93 1.43 0.911 0.69 0.541 0.484 0.441 0.413 0.387 0.354 0.329 0.312 0.3 0.293 0.289 0.285 0.282 0.277 0.272 0.265 0.258 0.251 0.245 0.24 0.236 0.234 0.232 0.231 0.23 0.231 0.231 0.234 0.235 0.237 0.238 0.239 0.238 0.237 0.236 0.235 0.234 0.232 0.231 0.229 0.226 0.222 0.218 0.214 0.209 0.204
4.85 4.94 5.01 5.07 5.12 5.17 5.21 5.22 5.2 5.13 5.03 4.9 4.76 4.55 4.35 4.07 3.8 3.5 3.18 2.83 2.4 1.89 1.38 0.858 0.637 0.493 0.443 0.406 0.383 0.361 0.332 0.309 0.294 0.283 0.276 0.273 0.27 0.268 0.264 0.26 0.254 0.248 0.242 0.236 0.232 0.229 0.226 0.224 0.224 0.223 0.223 0.223 0.225 0.227 0.229 0.229 0.229 0.227 0.226 0.225 0.223 0.222 0.22 0.219 0.216 0.214 0.21 0.207 0.202 0.198 0.193
4.38 4.51 4.62 4.73 4.82 4.91 5 5.08 5.12 5.07 4.99 4.87 4.75 4.56 4.37 4.1 3.82 3.52 3.19 2.83 2.38 1.85 1.33 0.799 0.58 0.446 0.405 0.374 0.357 0.339 0.312 0.291 0.276 0.267 0.26 0.258 0.255 0.253 0.25 0.247 0.242 0.238 0.232 0.227 0.223 0.221 0.218 0.216 0.215 0.214 0.214 0.214 0.216 0.218 0.22 0.219 0.217 0.215 0.214 0.212 0.21 0.209 0.208 0.206 0.204 0.201 0.198 0.194 0.19 0.186 0.182
