maui/input/month_year_rainfall/maui_prcp_05_2001.asc
ncols        361
nrows        320
xllcorner    -156.738000000000
yllcorner    20.343000000000
cellsize     0.002250000000
NODATA_value -3.4028234663852885981e+38
[rows 224 to 255 of 320, columns 0 to 70 of 361]
-3.4e+38 -3.4e+38 -3.4e+38 -3.4e+38 -3.4e+38 -3.4e+38 -3.4e+38 -3.4e+38 -3.4e+38 -3.4e+38 -3.4e+38 -3.4e+38 -3.4e+38 -3.4e+38 -3.4e+38 -3.4e+38 -3.4e+38 -3.4e+38 -3.4e+38 -3.4e+38 -3.4e+38 -3.4e+38 -3.4e+38 -3.4e+38 -3.4e+38 -3.4e+38 -3.4e+38 0.137 0.137 0.137 0.137 0.137 0.137 0.138 0.139 0.139 0.14 0.141 0.143 0.144 0.146 0.147 0.149 0.151 0.153 0.155 0.157 0.16 0.164 0.167 0.17 0.174 0.179 0.184 0.189 0.193 0.198 0.203 0.209 0.215 0.222 0.229 0.236 0.243 0.251 0.259 0.266 0.273 0.278 0.284 0.289
-3.4e+38 -3.4e+38 -3.4e+38 -3.4e+38 -3.4e+38 -3.4e+38 -3.4e+38 -3.4e+38 -3.4e+38 -3.4e+38 -3.4e+38 -3.4e+38 -3.4e+38 -3.4e+38 -3.4e+38 -3.4e+38 -3.4e+38 -3.4e+38 -3.4e+38 -3.4e+38 -3.4e+38 -3.4e+38 -3.4e+38 -3.4e+38 -3.4e+38 -3.4e+38 0.139 0.139 0.139 0.139 0.14 0.14 0.14 0.141 0.142 0.142 0.144 0.145 0.146 0.148 0.15 0.152 0.154 0.155 0.157 0.16 0.162 0.165 0.168 0.172 0.176 0.18 0.184 0.189 0.193 0.198 0.203 0.208 0.213 0.219 0.226 0.233 0.239 0.246 0.254 0.261 0.267 0.273 0.278 0.283 0.288
-3.4e+38 -3.4e+38 -3.4e+38 -3.4e+38 -3.4e+38 -3.4e+38 -3.4e+38 -3.4e+38 -3.4e+38 -3.4e+38 -3.4e+38 -3.4e+38 -3.4e+38 -3.4e+38 -3.4e+38 -3.4e+38 -3.4e+38 -3.4e+38 -3.4e+38 -3.4e+38 -3.4e+38 -3.4e+38 -3.4e+38 -3.4e+38 -3.4e+38 -3.4e+38 0.141 0.141 0.142 0.142 0.142 0.143 0.144 0.144 0.145 0.146 0.147 0.149 0.15 0.152 0.154 0.156 0.158 0.16 0.162 0.164 0.167 0.17 0.173 0.177 0.181 0.185 0.189 0.194 0.198 0.202 0.207 0.212 0.218 0.224 0.23 0.236 0.243 0.25 0.256 0.262 0.268 0.273 0.278 0.282 0.286
-3.4e+38 -3.4e+38 -3.4e+38 -3.4e+38 -3.4e+38 -3.4e+38 -3.4e+38 -3.4e+38 -3.4e+38 -3.4e+38 -3.4e+38 -3.4e+38 -3.4e+38 -3.4e+38 -3.4e+38 -3.4e+38 -3.4e+38 -3.4e+38 -3.4e+38 -3.4e+38 -3.4e+38 -3.4e+38 -3.4e+38 -3.4e+38 -3.4e+38 0.142 0.143 0.143 0.144 0.145 0.145 0.146 0.147 0.148 0.149 0.15 0.151 0.153 0.155 0.156 0.158 0.16 0.162 0.164 0.166 0.169 0.172 0.175 0.179 0.182 0.186 0.19 0.194 0.198 0.202 0.207 0.211 0.216 0.222 0.227 0.233 0.239 0.245 0.251 0.257 0.263 0.268 0.272 0.276 0.28 0.284
-3.4e+38 -3.4e+38 -3.4e+38 -3.4e+38 -3.4e+38 -3.4e+38 -3.4e+38 -3.4e+38 -3.4e+38 -3.4e+38 -3.4e+38 -3.4e+38 -3.4e+38 -3.4e+38 -3.4e+38 -3.4e+38 -3.4e+38 -3.4e+38 -3.4e+38 -3.4e+38 -3.4e+38 -3.4e+38 -3.4e+38 0.142 0.143 0.144 0.145 0.146 0.147 0.148 0.149 0.149 0.15 0.151 0.153 0.154 0.155 0.157 0.159 0.16 0.162 0.164 0.166 0.168 0.171 0.174 0.177 0.18 0.184 0.187 0.191 0.195 0.198 0.202 0.206 0.211 0.215 0.22 0.225 0.231 0.236 0.241 0.247 0.252 0.257 0.262 0.266 0.27 0.274 0.278 0.281
-3.4e+38 -3.4e+38 -3.4e+38 -3.4e+38 -3.4e+38 -3.4e+38 -3.4e+38 -3.4e+38 -3.4e+38 -3.4e+38 -3.4e+38 -3.4e+38 -3.4e+38 -3.4e+38 -3.4e+38 -3.4e+38 -3.4e+38 -3.4e+38 -3.4e+38 -3.4e+38 -3.4e+38 -3.4e+38 0.143 0.144 0.145 0.146 0.147 0.148 0.15 0.151 0.152 0.153 0.154 0.155 0.156 0.158 0.159 0.161 0.162 0.164 0.166 0.168 0.171 0.173 0.176 0.178 0.181 0.184 0.188 0.191 0.195 0.199 0.202 0.206 0.21 0.214 0.219 0.223 0.228 0.233 0.238 0.242 0.247 0.252 0.256 0.26 0.264 0.268 0.271 0.274 0.277
-3.4e+38 -3.4e+38 -3.4e+38 -3.4e+38 -3.4e+38 -3.4e+38 -3.4e+38 -3.4e+38 -3.4e+38 -3.4e+38 -3.4e+38 -3.4e+38 -3.4e+38 -3.4e+38 -3.4e+38 -3.4e+38 -3.4e+38 -3.4e+38 -3.4e+38 -3.4e+38 -3.4e+38 -3.4e+38 0.144 0.145 0.146 0.148 0.149 0.151 0.153 0.154 0.155 0.156 0.157 0.158 0.16 0.161 0.163 0.165 0.166 0.168 0.17 0.172 0.175 0.177 0.18 0.182 0.185 0.188 0.192 0.195 0.199 0.202 0.206 0.209 0.213 0.217 0.221 0.225 0.23 0.234 0.238 0.242 0.246 0.25 0.254 0.258 0.262 0.265 0.268 0.271 0.274
-3.4e+38 -3.4e+38 -3.4e+38 -3.4e+38 -3.4e+38 -3.4e+38 -3.4e+38 -3.4e+38 -3.4e+38 -3.4e+38 -3.4e+38 -3.4e+38 -3.4e+38 -3.4e+38 -3.4e+38 -3.4e+38 -3.4e+38 -3.4e+38 -3.4e+38 -3.4e+38 0.142 0.143 0.144 0.146 0.148 0.15 0.151 0.154 0.155 0.157 0.158 0.159 0.16 0.161 0.163 0.165 0.166 0.168 0.17 0.172 0.174 0.176 0.179 0.181 0.184 0.186 0.189 0.192 0.195 0.199 0.202 0.205 0.209 0.212 0.216 0.22 0.223 0.227 0.231 0.234 0.238 0.241 0.245 0.249 0.252 0.255 0.259 0.262 0.264 0.267 0.27
-3.4e+38 -3.4e+38 -3.4e+38 -3.4e+38 -3.4e+38 -3.4e+38 -3.4e+38 -3.4e+38 -3.4e+38 -3.4e+38 -3.4e+38 -3.4e+38 -3.4e+38 -3.4e+38 -3.4e+38 -3.4e+38 -3.4e+38 -3.4e+38 -3.4e+38 0.14 0.142 0.144 0.146 0.147 0.149 0.152 0.154 0.156 0.158 0.159 0.16 0.161 0.163 0.164 0.166 0.168 0.169 0.171 0.173 0.175 0.178 0.18 0.182 0.184 0.187 0.19 0.192 0.195 0.198 0.201 0.205 0.208 0.211 0.214 0.217 0.221 0.224 0.227 0.23 0.234 0.237 0.24 0.243 0.246 0.249 0.252 0.255 0.258 0.261 0.263 0.266
-3.4e+38 -3.4e+38 -3.4e+38 -3.4e+38 -3.4e+38 -3.4e+38 -3.4e+38 -3.4e+38 -3.4e+38 -3.4e+38 -3.4e+38 -3.4e+38 -3.4e+38 -3.4e+38 -3.4e+38 -3.4e+38 -3.4e+38 -3.4e+38 0.138 0.14 0.143 0.145 0.147 0.149 0.151 0.154 0.156 0.158 0.16 0.161 0.162 0.164 0.165 0.167 0.169 0.171 0.173 0.174 0.176 0.179 0.181 0.183 0.185 0.188 0.19 0.193 0.195 0.198 0.201 0.204 0.207 0.21 0.213 0.216 0.219 0.221 0.224 0.227 0.23 0.233 0.235 0.238 0.241 0.244 0.247 0.25 0.252 0.255 0.257 0.259 0.262
-3.4e+38 -3.4e+38 -3.4e+38 -3.4e+38 -3.4e+38 -3.4e+38 -3.4e+38 -3.4e+38 -3.4e+38 -3.4e+38 -3.4e+38 -3.4e+38 -3.4e+38 -3.4e+38 -3.4e+38 -3.4e+38 -3.4e+38 0.135 0.138 0.14 0.143 0.145 0.148 0.15 0.153 0.155 0.157 0.159 0.161 0.162 0.164 0.166 0.167 0.169 0.171 0.173 0.175 0.177 0.179 0.181 0.183 0.186 0.188 0.19 0.193 0.195 0.198 0.2 0.203 0.206 0.209 0.211 0.213 0.216 0.218 0.221 0.223 0.226 0.228 0.231 0.234 0.236 0.239 0.242 0.244 0.247 0.249 0.252 0.254 0.256 0.258
-3.4e+38 -3.4e+38 -3.4e+38 -3.4e+38 -3.4e+38 -3.4e+38 -3.4e+38 -3.4e+38 -3.4e+38 -3.4e+38 -3.4e+38 -3.4e+38 -3.4e+38 -3.4e+38 -3.4e+38 -3.4e+38 -3.4e+38 0.136 0.138 0.141 0.144 0.146 0.149 0.151 0.154 0.157 0.159 0.161 0.162 0.164 0.166 0.167 0.169 0.171 0.173 0.175 0.177 0.179 0.181 0.183 0.186 0.188 0.19 0.193 0.195 0.197 0.2 0.202 0.205 0.207 0.209 0.211 0.213 0.215 0.218 0.22 0.222 0.224 0.227 0.229 0.232 0.234 0.237 0.239 0.242 0.244 0.247 0.249 0.251 0.253 0.255
-3.4e+38 -3.4e+38 -3.4e+38 -3.4e+38 -3.4e+38 -3.4e+38 -3.4e+38 -3.4e+38 -3.4e+38 -3.4e+38 -3.4e+38 -3.4e+38 -3.4e+38 -3.4e+38 -3.4e+38 -3.4e+38 0.135 0.137 0.139 0.142 0.144 0.147 0.15 0.153 0.155 0.158 0.16 0.162 0.163 0.165 0.167 0.169 0.171 0.173 0.175 0.177 0.179 0.181 0.183 0.185 0.187 0.19 0.192 0.194 0.196 0.199 0.201 0.203 0.205 0.207 0.209 0.211 0.213 0.214 0.216 0.219 0.221 0.223 0.225 0.228 0.23 0.232 0.235 0.237 0.24 0.242 0.244 0.246 0.248 0.25 0.252
-3.4e+38 -3.4e+38 -3.4e+38 -3.4e+38 -3.4e+38 -3.4e+38 -3.4e+38 -3.4e+38 -3.4e+38 -3.4e+38 -3.4e+38 -3.4e+38 -3.4e+38 -3.4e+38 -3.4e+38 -3.4e+38 0.135 0.138 0.14 0.142 0.145 0.148 0.151 0.153 0.156 0.159 0.161 0.163 0.164 0.166 0.168 0.17 0.172 0.174 0.176 0.179 0.18 0.182 0.185 0.187 0.189 0.191 0.193 0.195 0.197 0.199 0.201 0.203 0.205 0.207 0.208 0.21 0.212 0.213 0.215 0.217 0.219 0.222 0.224 0.226 0.228 0.231 0.233 0.235 0.238 0.24 0.242 0.244 0.246 0.248 0.249
-3.4e+38 -3.4e+38 -3.4e+38 -3.4e+38 -3.4e+38 -3.4e+38 -3.4e+38 -3.4e+38 -3.4e+38 -3.4e+38 -3.4e+38 -3.4e+38 -3.4e+38 -3.4e+38 -3.4e+38 -3.4e+38 0.136 0.139 0.141 0.143 0.146 0.149 0.152 0.154 0.157 0.159 0.161 0.163 0.165 0.167 0.169 0.171 0.173 0.175 0.177 0.179 0.181 0.184 0.186 0.188 0.19 0.192 0.194 0.196 0.197 0.199 0.201 0.202 0.204 0.205 0.207 0.209 0.21 0.212 0.214 0.216 0.218 0.22 0.222 0.224 0.227 0.229 0.231 0.233 0.236 0.238 0.24 0.242 0.244 0.246 0.247
-3.4e+38 -3.4e+38 -3.4e+38 -3.4e+38 -3.4e+38 -3.4e+38 -3.4e+38 -3.4e+38 -3.4e+38 -3.4e+38 -3.4e+38 -3.4e+38 -3.4e+38 -3.4e+38 -3.4e+38 -3.4e+38 0.137 0.139 0.141 0.144 0.147 0.15 0.153 0.155 0.158 0.16 0.162 0.164 0.166 0.168 0.17 0.172 0.174 0.176 0.178 0.18 0.182 0.184 0.186 0.188 0.19 0.192 0.194 0.195 0.197 0.198 0.2 0.201 0.203 0.204 0.206 0.207 0.209 0.211 0.212 0.214 0.217 0.219 0.221 0.223 0.225 0.227 0.23 0.232 0.234 0.237 0.239 0.241 0.243 0.244 0.245
-3.4e+38 -3.4e+38 -3.4e+38 -3.4e+38 -3.4e+38 -3.4e+38 -3.4e+38 -3.4e+38 -3.4e+38 -3.4e+38 -3.4e+38 -3.4e+38 -3.4e+38 -3.4e+38 -3.4e+38 -3.4e+38 0.138 0.14 0.142 0.145 0.148 0.151 0.153 0.156 0.158 0.161 0.163 0.165 0.167 0.169 0.171 0.173 0.175 0.177 0.179 0.181 0.182 0.184 0.186 0.188 0.189 0.191 0.193 0.194 0.196 0.197 0.198 0.2 0.201 0.203 0.204 0.206 0.207 0.209 0.211 0.213 0.215 0.218 0.22 0.222 0.224 0.226 0.228 0.231 0.233 0.235 0.237 0.239 0.241 0.242 0.244
-3.4e+38 -3.4e+38 -3.4e+38 -3.4e+38 -3.4e+38 -3.4e+38 -3.4e+38 -3.4e+38 -3.4e+38 -3.4e+38 -3.4e+38 -3.4e+38 -3.4e+38 -3.4e+38 -3.4e+38 -3.4e+38 -3.4e+38 -3.4e+38 0.144 0.146 0.149 0.152 0.154 0.157 0.159 0.161 0.163 0.165 0.167 0.169 0.171 0.173 0.175 0.177 0.178 0.18 0.182 0.184 0.185 0.187 0.188 0.19 0.191 0.193 0.194 0.195 0.197 0.198 0.2 0.201 0.202 0.204 0.206 0.208 0.21 0.212 0.214 0.217 0.219 0.221 0.223 0.225 0.227 0.23 0.232 0.234 0.236 0.238 0.24 0.241 0.243
-3.4e+38 -3.4e+38 -3.4e+38 -3.4e+38 -3.4e+38 -3.4e+38 -3.4e+38 -3.4e+38 -3.4e+38 -3.4e+38 -3.4e+38 -3.4e+38 -3.4e+38 -3.4e+38 -3.4e+38 -3.4e+38 -3.4e+38 -3.4e+38 -3.4e+38 0.148 0.15 0.153 0.155 0.157 0.159 0.161 0.163 0.165 0.167 0.169 0.171 0.172 0.174 0.176 0.178 0.179 0.181 0.182 0.184 0.185 0.187 0.188 0.189 0.191 0.192 0.194 0.195 0.197 0.198 0.199 0.201 0.203 0.205 0.207 0.209 0.211 0.213 0.216 0.218 0.22 0.222 -3.4e+38 -3.4e+38 0.229 0.231 0.233 0.235 0.237 0.239 0.24 0.241
-3.4e+38 -3.4e+38 -3.4e+38 -3.4e+38 -3.4e+38 -3.4e+38 -3.4e+38 -3.4e+38 -3.4e+38 -3.4e+38 -3.4e+38 -3.4e+38 -3.4e+38 -3.4e+38 -3.4e+38 -3.4e+38 -3.4e+38 -3.4e+38 -3.4e+38 -3.4e+38 -3.4e+38 0.154 0.156 0.158 0.16 0.161 0.163 0.165 0.166 0.168 0.17 0.172 0.173 0.175 0.176 0.178 0.179 0.181 0.182 0.184 0.185 0.186 0.188 0.189 0.19 0.192 0.193 0.195 0.196 0.198 0.2 0.202 0.204 0.206 0.208 0.21 0.213 0.215 0.217 0.219 0.221 -3.4e+38 -3.4e+38 0.228 0.23 0.232 0.234 0.236 0.238 0.239 0.241
-3.4e+38 -3.4e+38 -3.4e+38 -3.4e+38 -3.4e+38 -3.4e+38 -3.4e+38 -3.4e+38 -3.4e+38 -3.4e+38 -3.4e+38 -3.4e+38 -3.4e+38 -3.4e+38 -3.4e+38 -3.4e+38 -3.4e+38 -3.4e+38 -3.4e+38 -3.4e+38 -3.4e+38 -3.4e+38 -3.4e+38 0.158 0.16 0.161 0.163 0.164 0.166 0.168 0.169 0.171 0.172 0.174 0.175 0.176 0.178 0.179 0.181 0.182 0.183 0.185 0.186 0.187 0.189 0.19 0.192 0.193 0.195 0.197 0.198 0.2 0.203 0.205 0.207 -3.4e+38 -3.4e+38 0.214 0.216 0.219 0.221 -3.4e+38 -3.4e+38 -3.4e+38 0.229 0.231 0.234 0.235 0.237 0.239 0.24
-3.4e+38 -3.4e+38 -3.4e+38 -3.4e+38 -3.4e+38 -3.4e+38 -3.4e+38 -3.4e+38 -3.4e+38 -3.4e+38 -3.4e+38 -3.4e+38 -3.4e+38 -3.4e+38 -3.4e+38 -3.4e+38 -3.4e+38 -3.4e+38 -3.4e+38 -3.4e+38 -3.4e+38 -3.4e+38 -3.4e+38 0.158 0.16 0.161 0.162 0.164 0.165 0.167 0.168 0.169 0.171 0.172 0.173 0.175 0.176 0.177 0.179 0.18 0.182 0.183 0.184 0.186 0.187 0.189 0.19 0.192 0.194 0.195 0.197 0.199 -3.4e+38 -3.4e+38 -3.4e+38 -3.4e+38 -3.4e+38 -3.4e+38 -3.4e+38 -3.4e+38 -3.4e+38 -3.4e+38 -3.4e+38 -3.4e+38 0.229 0.231 0.233 0.235 0.237 0.238 0.24
-3.4e+38 -3.4e+38 -3.4e+38 -3.4e+38 -3.4e+38 -3.4e+38 -3.4e+38 -3.4e+38 -3.4e+38 -3.4e+38 -3.4e+38 -3.4e+38 -3.4e+38 -3.4e+38 -3.4e+38 -3.4e+38 -3.4e+38 -3.4e+38 -3.4e+38 -3.4e+38 -3.4e+38 -3.4e+38 -3.4e+38 0.159 0.16 0.161 0.162 0.163 0.165 0.166 0.167 0.168 0.169 0.17 0.172 0.173 0.174 0.176 0.177 -3.4e+38 0.18 0.181 0.183 0.184 0.186 0.187 0.189 0.19 0.192 -3.4e+38 -3.4e+38 -3.4e+38 -3.4e+38 -3.4e+38 -3.4e+38 -3.4e+38 -3.4e+38 -3.4e+38 -3.4e+38 -3.4e+38 -3.4e+38 -3.4e+38 -3.4e+38 -3.4e+38 -3.4e+38 0.231 0.233 0.235 0.237 0.238 -3.4e+38
-3.4e+38 -3.4e+38 -3.4e+38 -3.4e+38 -3.4e+38 -3.4e+38 -3.4e+38 -3.4e+38 -3.4e+38 -3.4e+38 -3.4e+38 -3.4e+38 -3.4e+38 -3.4e+38 -3.4e+38 -3.4e+38 -3.4e+38 -3.4e+38 -3.4e+38 -3.4e+38 -3.4e+38 -3.4e+38 -3.4e+38 -3.4e+38 0.16 0.161 0.162 0.163 0.164 0.165 0.166 0.167 0.168 0.169 0.17 0.172 0.173 0.174 -3.4e+38 -3.4e+38 -3.4e+38 0.18 0.181 0.183 0.184 0.186 0.188 -3.4e+38 -3.4e+38 -3.4e+38 -3.4e+38 -3.4e+38 -3.4e+38 -3.4e+38 -3.4e+38 -3.4e+38 -3.4e+38 -3.4e+38 -3.4e+38 -3.4e+38 -3.4e+38 -3.4e+38 -3.4e+38 -3.4e+38 -3.4e+38 -3.4e+38 -3.4e+38 0.236 0.237 -3.4e+38 -3.4e+38
-3.4e+38 -3.4e+38 -3.4e+38 -3.4e+38 -3.4e+38 -3.4e+38 -3.4e+38 -3.4e+38 -3.4e+38 -3.4e+38 -3.4e+38 -3.4e+38 -3.4e+38 -3.4e+38 -3.4e+38 -3.4e+38 -3.4e+38 -3.4e+38 -3.4e+38 -3.4e+38 -3.4e+38 -3.4e+38 -3.4e+38 -3.4e+38 0.16 0.161 0.161 0.162 0.163 0.164 0.164 0.165 0.166 0.167 0.169 0.17 0.171 -3.4e+38 -3.4e+38 -3.4e+38 -3.4e+38 -3.4e+38 0.18 0.182 0.183 -3.4e+38 -3.4e+38 -3.4e+38 -3.4e+38 -3.4e+38 -3.4e+38 -3.4e+38 -3.4e+38 -3.4e+38 -3.4e+38 -3.4e+38 -3.4e+38 -3.4e+38 -3.4e+38 -3.4e+38 -3.4e+38 -3.4e+38 -3.4e+38 -3.4e+38 -3.4e+38 -3.4e+38 -3.4e+38 -3.4e+38 -3.4e+38 -3.4e+38 -3.4e+38
-3.4e+38 -3.4e+38 -3.4e+38 -3.4e+38 -3.4e+38 -3.4e+38 -3.4e+38 -3.4e+38 -3.4e+38 -3.4e+38 -3.4e+38 -3.4e+38 -3.4e+38 -3.4e+38 -3.4e+38 -3.4e+38 -3.4e+38 -3.4e+38 -3.4e+38 -3.4e+38 -3.4e+38 -3.4e+38 -3.4e+38 -3.4e+38 -3.4e+38 -3.4e+38 0.161 0.161 0.162 0.163 0.163 0.164 0.165 0.166 0.167 -3.4e+38 -3.4e+38 -3.4e+38 -3.4e+38 -3.4e+38 -3.4e+38 -3.4e+38 -3.4e+38 -3.4e+38 -3.4e+38 -3.4e+38 -3.4e+38 -3.4e+38 -3.4e+38 -3.4e+38 -3.4e+38 -3.4e+38 -3.4e+38 -3.4e+38 -3.4e+38 -3.4e+38 -3.4e+38 -3.4e+38 -3.4e+38 -3.4e+38 -3.4e+38 -3.4e+38 -3.4e+38 -3.4e+38 -3.4e+38 -3.4e+38 -3.4e+38 -3.4e+38 -3.4e+38 -3.4e+38 -3.4e+38
-3.4e+38 -3.4e+38 -3.4e+38 -3.4e+38 -3.4e+38 -3.4e+38 -3.4e+38 -3.4e+38 -3.4e+38 -3.4e+38 -3.4e+38 -3.4e+38 -3.4e+38 -3.4e+38 -3.4e+38 -3.4e+38 -3.4e+38 -3.4e+38 -3.4e+38 -3.4e+38 -3.4e+38 -3.4e+38 -3.4e+38 -3.4e+38 -3.4e+38 -3.4e+38 -3.4e+38 -3.4e+38 0.161 0.161 -3.4e+38 0.163 0.164 0.165 -3.4e+38 -3.4e+38 -3.4e+38 -3.4e+38 -3.4e+38 -3.4e+38 -3.4e+38 -3.4e+38 -3.4e+38 -3.4e+38 -3.4e+38 -3.4e+38 -3.4e+38 -3.4e+38 -3.4e+38 -3.4e+38 -3.4e+38 -3.4e+38 -3.4e+38 -3.4e+38 -3.4e+38 -3.4e+38 -3.4e+38 -3.4e+38 -3.4e+38 -3.4e+38 -3.4e+38 -3.4e+38 -3.4e+38 -3.4e+38 -3.4e+38 -3.4e+38 -3.4e+38 -3.4e+38 -3.4e+38 -3.4e+38 -3.4e+38
-3.4e+38 -3.4e+38 -3.4e+38 -3.4e+38 -3.4e+38 -3.4e+38 -3.4e+38 -3.4e+38 -3.4e+38 -3.4e+38 -3.4e+38 -3.4e+38 -3.4e+38 -3.4e+38 -3.4e+38 -3.4e+38 -3.4e+38 -3.4e+38 -3.4e+38 -3.4e+38 -3.4e+38 -3.4e+38 -3.4e+38 -3.4e+38 -3.4e+38 -3.4e+38 -3.4e+38 -3.4e+38 -3.4e+38 -3.4e+38 -3.4e+38 -3.4e+38 -3.4e+38 -3.4e+38 -3.4e+38 -3.4e+38 -3.4e+38 -3.4e+38 -3.4e+38 -3.4e+38 -3.4e+38 -3.4e+38 -3.4e+38 -3.4e+38 -3.4e+38 -3.4e+38 -3.4e+38 -3.4e+38 -3.4e+38 -3.4e+38 -3.4e+38 -3.4e+38 -3.4e+38 -3.4e+38 -3.4e+38 -3.4e+38 -3.4e+38 -3.4e+38 -3.4e+38 -3.4e+38 -3.4e+38 -3.4e+38 -3.4e+38 -3.4e+38 -3.4e+38 -3.4e+38 -3.4e+38 -3.4e+38 -3.4e+38 -3.4e+38 -3.4e+38
-3.4e+38 -3.4e+38 -3.4e+38 -3.4e+38 -3.4e+38 -3.4e+38 -3.4e+38 -3.4e+38 -3.4e+38 -3.4e+38 -3.4e+38 -3.4e+38 -3.4e+38 -3.4e+38 -3.4e+38 -3.4e+38 -3.4e+38 -3.4e+38 -3.4e+38 -3.4e+38 -3.4e+38 -3.4e+38 -3.4e+38 -3.4e+38 -3.4e+38 -3.4e+38 -3.4e+38 -3.4e+38 -3.4e+38 -3.4e+38 -3.4e+38 -3.4e+38 -3.4e+38 -3.4e+38 -3.4e+38 -3.4e+38 -3.4e+38 -3.4e+38 -3.4e+38 -3.4e+38 -3.4e+38 -3.4e+38 -3.4e+38 -3.4e+38 -3.4e+38 -3.4e+38 -3.4e+38 -3.4e+38 -3.4e+38 -3.4e+38 -3.4e+38 -3.4e+38 -3.4e+38 -3.4e+38 -3.4e+38 -3.4e+38 -3.4e+38 -3.4e+38 -3.4e+38 -3.4e+38 -3.4e+38 -3.4e+38 -3.4e+38 -3.4e+38 -3.4e+38 -3.4e+38 -3.4e+38 -3.4e+38 -3.4e+38 -3.4e+38 -3.4e+38
-3.4e+38 -3.4e+38 -3.4e+38 -3.4e+38 -3.4e+38 -3.4e+38 -3.4e+38 -3.4e+38 -3.4e+38 -3.4e+38 -3.4e+38 -3.4e+38 -3.4e+38 -3.4e+38 -3.4e+38 -3.4e+38 -3.4e+38 -3.4e+38 -3.4e+38 -3.4e+38 -3.4e+38 -3.4e+38 -3.4e+38 -3.4e+38 -3.4e+38 -3.4e+38 -3.4e+38 -3.4e+38 -3.4e+38 -3.4e+38 -3.4e+38 -3.4e+38 -3.4e+38 -3.4e+38 -3.4e+38 -3.4e+38 -3.4e+38 -3.4e+38 -3.4e+38 -3.4e+38 -3.4e+38 -3.4e+38 -3.4e+38 -3.4e+38 -3.4e+38 -3.4e+38 -3.4e+38 -3.4e+38 -3.4e+38 -3.4e+38 -3.4e+38 -3.4e+38 -3.4e+38 -3.4e+38 -3.4e+38 -3.4e+38 -3.4e+38 -3.4e+38 -3.4e+38 -3.4e+38 -3.4e+38 -3.4e+38 -3.4e+38 -3.4e+38 -3.4e+38 -3.4e+38 -3.4e+38 -3.4e+38 -3.4e+38 -3.4e+38 -3.4e+38
-3.4e+38 -3.4e+38 -3.4e+38 -3.4e+38 -3.4e+38 -3.4e+38 -3.4e+38 -3.4e+38 -3.4e+38 -3.4e+38 -3.4e+38 -3.4e+38 -3.4e+38 -3.4e+38 -3.4e+38 -3.4e+38 -3.4e+38 -3.4e+38 -3.4e+38 -3.4e+38 -3.4e+38 -3.4e+38 -3.4e+38 -3.4e+38 -3.4e+38 -3.4e+38 -3.4e+38 -3.4e+38 -3.4e+38 -3.4e+38 -3.4e+38 -3.4e+38 -3.4e+38 -3.4e+38 -3.4e+38 -3.4e+38 -3.4e+38 -3.4e+38 -3.4e+38 -3.4e+38 -3.4e+38 -3.4e+38 -3.4e+38 -3.4e+38 -3.4e+38 -3.4e+38 -3.4e+38 -3.4e+38 -3.4e+38 -3.4e+38 -3.4e+38 -3.4e+38 -3.4e+38 -3.4e+38 -3.4e+38 -3.4e+38 -3.4e+38 -3.4e+38 -3.4e+38 -3.4e+38 -3.4e+38 -3.4e+38 -3.4e+38 -3.4e+38 -3.4e+38 -3.4e+38 -3.4e+38 -3.4e+38 -3.4e+38 -3.4e+38 -3.4e+38
-3.4e+38 -3.4e+38 -3.4e+38 -3.4e+38 -3.4e+38 -3.4e+38 -3.4e+38 -3.4e+38 -3.4e+38 -3.4e+38 -3.4e+38 -3.4e+38 -3.4e+38 -3.4e+38 -3.4e+38 -3.4e+38 -3.4e+38 -3.4e+38 -3.4e+38 -3.4e+38 -3.4e+38 -3.4e+38 -3.4e+38 -3.4e+38 -3.4e+38 -3.4e+38 -3.4e+38 -3.4e+38 -3.4e+38 -3.4e+38 -3.4e+38 -3.4e+38 -3.4e+38 -3.4e+38 -3.4e+38 -3.4e+38 -3.4e+38 -3.4e+38 -3.4e+38 -3.4e+38 -3.4e+38 -3.4e+38 -3.4e+38 -3.4e+38 -3.4e+38 -3.4e+38 -3.4e+38 -3.4e+38 -3.4e+38 -3.4e+38 -3.4e+38 -3.4e+38 -3.4e+38 -3.4e+38 -3.4e+38 -3.4e+38 -3.4e+38 -3.4e+38 -3.4e+38 -3.4e+38 -3.4e+38 -3.4e+38 -3.4e+38 -3.4e+38 -3.4e+38 -3.4e+38 -3.4e+38 -3.4e+38 -3.4e+38 -3.4e+38 -3.4e+38
