maui/input/month_year_rainfall/maui_prcp_09_2001.asc
ncols        361
nrows        320
xllcorner    -156.738000000000
yllcorner    20.343000000000
cellsize     0.002250000000
NODATA_value -3.4028234663852885981e+38
[rows 155 to 185 of 320, columns 213 to 283 of 361]
0.428 0.415 0.407 0.401 0.395 0.39 0.387 0.385 0.384 0.385 0.387 0.39 0.394 0.4 0.406 0.414 0.423 0.434 0.447 0.461 0.477 0.493 0.511 0.532 0.554 0.577 0.6 0.624 0.648 0.672 0.699 0.727 0.758 0.791 0.829 0.868 0.911 0.956 1.01 1.07 1.13 1.21 1.29 1.38 1.47 1.59 1.72 1.88 2.1 2.37 2.69 3.04 3.39 3.68 3.94 4.19 4.46 4.75 5.08 5.43 5.84 6.28 6.78 7.32 7.92 8.57 9.27 10 10.8 11.6 12.4
0.418 0.406 0.4 0.395 0.39 0.386 0.383 0.381 0.381 0.382 0.384 0.387 0.391 0.397 0.404 0.412 0.421 0.432 0.444 0.458 0.473 0.489 0.506 0.526 0.546 0.567 0.587 0.608 0.63 0.652 0.677 0.702 0.732 0.763 0.8 0.838 0.88 0.926 0.98 1.04 1.11 1.19 1.27 1.37 1.47 1.59 1.73 1.91 2.11 2.36 2.64 2.94 3.24 3.53 3.8 4.06 4.34 4.63 4.96 5.3 5.7 6.13 6.62 7.14 7.73 8.37 9.05 9.77 10.5 11.3 12.1
0.417 0.404 0.396 0.39 0.385 0.382 0.379 0.378 0.378 0.379 0.381 0.384 0.389 0.395 0.402 0.41 0.419 0.43 0.442 0.456 0.47 0.485 0.501 0.52 0.539 0.557 0.576 0.595 0.614 0.634 0.657 0.681 0.708 0.738 0.773 0.81 0.852 0.898 0.953 1.02 1.09 1.17 1.26 1.36 1.47 1.6 1.74 1.91 2.1 2.33 2.58 2.85 3.12 3.39 3.66 3.93 4.21 4.5 4.83 5.17 5.56 5.98 6.45 6.96 7.54 8.17 8.83 9.54 10.3 11 11.8
0.418 0.404 0.394 0.386 0.381 0.377 0.375 0.374 0.374 0.375 0.378 0.381 0.386 0.392 0.399 0.408 0.417 0.429 0.441 0.454 0.468 0.483 0.499 0.516 0.534 0.551 0.568 0.585 0.603 0.621 0.642 0.665 0.691 0.719 0.753 0.789 0.831 0.876 0.931 0.994 1.07 1.15 1.24 1.35 1.46 1.59 1.73 1.9 2.08 2.29 2.52 2.76 3.01 3.27 3.54 3.8 4.08 4.37 4.69 5.03 5.41 5.82 6.28 6.79 7.35 7.96 8.62 9.3 10 10.7 11.5
0.417 0.403 0.392 0.383 0.377 0.373 0.371 0.37 0.37 0.372 0.374 0.377 0.382 0.389 0.396 0.405 0.415 0.426 0.439 0.452 0.466 0.481 0.496 0.512 0.528 0.544 0.56 0.576 0.592 0.608 0.628 0.65 0.676 0.702 0.735 0.77 0.811 0.856 0.911 0.974 1.05 1.13 1.22 1.33 1.45 1.58 1.72 1.88 2.06 2.25 2.46 2.68 2.92 3.16 3.42 3.68 3.96 4.24 4.56 4.88 5.26 5.66 6.12 6.61 7.17 7.76 8.4 9.08 9.77 10.5 11.2
0.414 0.4 0.388 0.379 0.372 0.368 0.365 0.364 0.364 0.366 0.368 0.372 0.377 0.383 0.391 0.401 0.411 0.422 0.435 0.448 0.462 0.476 0.491 0.507 0.522 0.538 0.553 0.568 0.584 0.6 0.619 0.641 0.665 0.69 0.723 0.757 0.796 0.84 0.895 0.958 1.03 1.12 1.21 1.32 1.43 1.56 1.7 1.86 2.02 2.21 2.4 2.61 2.83 3.07 3.31 3.57 3.84 4.12 4.42 4.75 5.12 5.51 5.96 6.44 6.99 7.57 8.2 8.86 9.54 10.2 11
0.409 0.395 0.383 0.373 0.366 0.362 0.359 0.357 0.358 0.359 0.362 0.365 0.37 0.377 0.385 0.394 0.405 0.416 0.429 0.442 0.456 0.471 0.486 0.5 0.516 0.531 0.546 0.561 0.577 0.593 0.611 0.632 0.655 0.68 0.712 0.745 0.783 0.827 0.882 0.945 1.02 1.1 1.2 1.3 1.42 1.54 1.68 1.83 1.99 2.16 2.35 2.54 2.75 2.98 3.21 3.46 3.72 3.99 4.3 4.61 4.97 5.36 5.8 6.28 6.81 7.39 8 8.65 9.32 10 10.7
0.402 0.389 0.376 0.366 0.359 0.354 0.351 0.349 0.349 0.35 0.353 0.357 0.362 0.368 0.376 0.385 0.396 0.408 0.421 0.434 0.449 0.463 0.478 0.493 0.509 0.524 0.54 0.555 0.571 0.588 0.607 0.627 0.65 0.675 0.705 0.738 0.777 0.821 0.876 0.939 1.01 1.09 1.19 1.29 1.4 1.53 1.66 1.81 1.96 2.13 2.3 2.48 2.68 2.9 3.12 3.36 3.62 3.88 4.18 4.49 4.84 5.22 5.65 6.12 6.65 7.21 7.81 8.45 9.11 9.79 10.5
0.394 0.381 0.369 0.358 0.351 0.345 0.342 0.34 0.34 0.341 0.343 0.347 0.351 0.358 0.365 0.374 0.385 0.397 0.41 0.424 0.44 0.454 0.469 0.485 0.501 0.517 0.533 0.549 0.566 0.583 0.603 0.623 0.647 0.672 0.702 0.734 0.773 0.818 0.873 0.935 1.01 1.09 1.18 1.28 1.39 1.51 1.65 1.79 1.93 2.09 2.26 2.43 2.62 2.83 3.04 3.27 3.52 3.78 4.07 4.37 4.72 5.09 5.52 5.98 6.5 7.05 7.64 8.26 8.91 9.58 10.3
0.385 0.372 0.36 0.349 0.341 0.335 0.332 0.33 0.329 0.33 0.332 0.335 0.339 0.345 0.353 0.361 0.372 0.384 0.398 0.412 0.428 0.443 0.459 0.476 0.493 0.509 0.526 0.543 0.561 0.58 0.6 0.622 0.646 0.672 0.703 0.736 0.775 0.82 0.875 0.938 1.01 1.09 1.18 1.28 1.39 1.51 1.63 1.77 1.91 2.06 2.22 2.39 2.57 2.76 2.97 3.19 3.43 3.69 3.97 4.27 4.61 4.98 5.4 5.85 6.36 6.9 7.48 8.09 8.72 9.38 10
0.375 0.362 0.35 0.34 0.332 0.325 0.321 0.318 0.317 0.317 0.319 0.321 0.325 0.331 0.338 0.346 0.357 0.37 0.384 0.399 0.415 0.431 0.448 0.466 0.484 0.501 0.519 0.538 0.557 0.577 0.599 0.622 0.648 0.675 0.707 0.742 0.782 0.828 0.883 0.946 1.02 1.1 1.19 1.28 1.39 1.5 1.63 1.76 1.89 2.04 2.19 2.35 2.52 2.71 2.91 3.13 3.36 3.61 3.89 4.18 4.52 4.88 5.29 5.74 6.24 6.77 7.34 7.93 8.55 9.17 9.81
0.365 0.352 0.34 0.329 0.321 0.314 0.309 0.306 0.304 0.303 0.304 0.307 0.31 0.315 0.322 0.33 0.341 0.354 0.369 0.384 0.401 0.418 0.436 0.455 0.474 0.493 0.512 0.533 0.554 0.577 0.6 0.624 0.652 0.681 0.716 0.754 0.797 0.844 0.898 0.959 1.03 1.11 1.19 1.29 1.39 1.51 1.63 1.75 1.88 2.02 2.16 2.32 2.48 2.67 2.86 3.07 3.3 3.55 3.83 4.12 4.45 4.8 5.21 5.65 6.14 6.66 7.22 7.79 8.38 8.95 9.53
0.353 0.34 0.329 0.318 0.309 0.302 0.296 0.292 0.29 0.289 0.289 0.291 0.294 0.299 0.305 0.313 0.324 0.337 0.353 0.369 0.386 0.404 0.423 0.443 0.463 0.484 0.506 0.528 0.552 0.577 0.603 0.629 0.659 0.69 0.727 0.767 0.812 0.862 0.917 0.978 1.05 1.12 1.21 1.31 1.41 1.52 1.63 1.75 1.88 2.01 2.15 2.3 2.45 2.63 2.81 3.02 3.24 3.48 3.75 4.04 4.36 4.71 5.11 5.53 6.01 6.52 7.05 7.59 8.14 8.68 9.2
0.341 0.328 0.316 0.306 0.296 0.289 0.283 0.278 0.275 0.274 0.274 0.275 0.278 0.282 0.288 0.296 0.307 0.321 0.337 0.354 0.372 0.39 0.41 0.431 0.453 0.476 0.5 0.525 0.551 0.578 0.606 0.636 0.668 0.701 0.74 0.781 0.829 0.881 0.94 1 1.07 1.15 1.23 1.33 1.43 1.53 1.64 1.76 1.88 2.01 2.14 2.28 2.43 2.59 2.77 2.97 3.19 3.42 3.68 3.96 4.27 4.61 4.99 5.41 5.87 6.35 6.86 7.36 7.86 8.36 8.85
0.327 0.315 0.303 0.292 0.283 0.275 0.268 0.263 0.26 0.258 0.258 0.258 0.261 0.265 0.271 0.279 0.29 0.304 0.32 0.338 0.356 0.375 0.395 0.417 0.439 0.464 0.489 0.516 0.543 0.572 0.603 0.635 0.668 0.704 0.745 0.789 0.838 0.892 0.953 1.02 1.09 1.16 1.25 1.34 1.43 1.54 1.64 1.75 1.87 1.99 2.11 2.24 2.39 2.54 2.71 2.9 3.11 3.34 3.59 3.87 4.17 4.49 4.87 5.26 5.7 6.15 6.63 7.1 7.57 8.03 8.49
0.313 0.301 0.289 0.279 0.269 0.261 0.254 0.249 0.246 0.243 0.242 0.243 0.245 0.249 0.255 0.263 0.275 0.288 0.305 0.323 0.341 0.36 0.38 0.403 0.426 0.452 0.478 0.506 0.535 0.566 0.598 0.631 0.667 0.706 0.749 0.795 0.846 0.901 0.963 1.03 1.1 1.18 1.26 1.35 1.44 1.54 1.64 1.74 1.85 1.97 2.08 2.21 2.34 2.48 2.64 2.82 3.03 3.26 3.51 3.78 4.07 4.38 4.74 5.12 5.52 5.95 6.39 6.82 7.26 7.69 8.12
0.299 0.287 0.275 0.265 0.255 0.247 0.24 0.234 0.23 0.228 0.227 0.227 0.229 0.233 0.24 0.248 0.26 0.273 0.289 0.307 0.324 0.343 0.363 0.385 0.408 0.433 0.46 0.489 0.52 0.552 0.586 0.622 0.659 0.7 0.745 0.793 0.846 0.903 0.966 1.03 1.1 1.18 1.26 1.35 1.44 1.53 1.63 1.73 1.83 1.93 2.04 2.16 2.28 2.41 2.56 2.74 2.95 3.17 3.42 3.67 3.96 4.25 4.59 4.94 5.32 5.71 6.12 6.53 6.93 7.32 7.71
0.285 0.273 0.262 0.251 0.242 0.233 0.226 0.22 0.216 0.214 0.212 0.213 0.215 0.219 0.226 0.235 0.247 0.26 0.275 0.292 0.309 0.327 0.346 0.367 0.39 0.415 0.442 0.473 0.505 0.539 0.574 0.611 0.651 0.693 0.74 0.791 0.846 0.905 0.969 1.04 1.11 1.18 1.26 1.35 1.43 1.52 1.62 1.71 1.81 1.91 2.01 2.12 2.23 2.35 2.49 2.67 2.87 3.09 3.33 3.58 3.84 4.13 4.44 4.77 5.12 5.48 5.85 6.22 6.59 6.94 7.29
0.272 0.26 0.249 0.238 0.229 0.22 0.213 0.207 0.203 0.2 0.199 0.199 0.201 0.206 0.212 0.221 0.233 0.246 0.259 0.274 0.29 0.307 0.325 0.345 0.367 0.392 0.42 0.45 0.482 0.517 0.554 0.592 0.634 0.677 0.726 0.778 0.834 0.894 0.958 1.03 1.1 1.17 1.25 1.33 1.42 1.51 1.59 1.69 1.78 1.87 1.97 2.07 2.18 2.3 2.44 2.61 2.8 3.01 3.24 3.47 3.72 3.98 4.27 4.57 4.89 5.22 5.55 5.88 6.21 6.52 6.82
0.259 0.247 0.236 0.226 0.216 0.208 0.201 0.195 0.19 0.187 0.186 0.186 0.188 0.192 0.199 0.208 0.219 0.232 0.245 0.258 0.272 0.288 0.305 0.324 0.345 0.37 0.397 0.426 0.459 0.495 0.532 0.572 0.615 0.66 0.71 0.763 0.82 0.881 0.946 1.01 1.09 1.16 1.24 1.32 1.4 1.49 1.58 1.66 1.75 1.84 1.93 2.03 2.14 2.25 2.39 2.55 2.74 2.93 3.14 3.36 3.59 3.83 4.09 4.36 4.64 4.93 5.23 5.52 5.81 6.07 6.32
0.247 0.236 0.225 0.215 0.205 0.197 0.189 0.183 0.179 0.175 0.173 0.173 0.175 0.178 0.184 0.193 0.205 0.218 0.229 0.24 0.253 0.268 0.284 0.302 0.321 0.344 0.37 0.4 0.432 0.468 0.505 0.545 0.587 0.632 0.682 0.736 0.794 0.855 0.921 0.99 1.06 1.14 1.22 1.3 1.38 1.46 1.55 1.63 1.72 1.8 1.89 1.98 2.08 2.19 2.32 2.48 2.65 2.83 3.02 3.22 3.42 3.63 3.86 4.09 4.33 4.57 4.82 5.06 5.29 5.51 5.72
0.236 0.225 0.214 0.204 0.195 0.186 0.179 0.173 0.168 0.164 0.161 0.161 0.162 0.165 0.17 0.178 0.189 0.201 0.211 0.221 0.233 0.247 0.263 0.279 0.298 0.319 0.343 0.371 0.403 0.437 0.474 0.513 0.556 0.6 0.651 0.705 0.762 0.824 0.889 0.959 1.03 1.11 1.19 1.27 1.35 1.43 1.51 1.6 1.68 1.76 1.84 1.92 2 2.11 2.24 2.39 2.55 2.72 2.89 3.07 3.25 3.43 3.63 3.82 4.02 4.22 4.43 4.63 4.82 5 5.18
0.227 0.215 0.205 0.195 0.185 0.177 0.169 0.162 0.157 0.152 0.149 0.148 0.148 0.151 0.156 0.163 0.172 0.182 0.191 0.201 0.213 0.226 0.241 0.256 0.273 0.293 0.315 0.34 0.369 0.401 0.436 0.474 0.515 0.56 0.609 0.662 0.719 0.78 0.845 0.914 0.988 1.06 1.14 1.22 1.3 1.38 1.46 1.54 1.62 1.7 1.77 1.84 1.91 2 2.13 2.29 2.44 2.59 2.75 2.9 3.06 3.22 3.39 3.56 3.73 3.91 4.09 4.26 4.44 4.59 4.75
0.218 0.207 0.196 0.186 0.176 0.168 0.16 0.153 0.147 0.142 0.138 0.136 0.136 0.138 0.141 0.147 0.155 0.163 0.171 0.181 0.192 0.205 0.218 0.233 0.249 0.266 0.286 0.309 0.335 0.364 0.398 0.434 0.475 0.518 0.566 0.617 0.673 0.733 0.796 0.864 0.936 1.01 1.09 1.17 1.25 1.33 1.41 1.48 1.56 1.63 1.71 1.77 1.83 1.92 2.05 2.2 2.34 2.48 2.62 2.75 2.89 3.03 3.18 3.33 3.47 3.62 3.78 3.93 4.08 4.22 4.36
0.21 0.199 0.188 0.178 0.168 0.159 0.151 0.143 0.137 0.132 0.128 0.125 0.124 0.125 0.128 0.132 0.138 0.145 0.153 0.162 0.173 0.184 0.196 0.209 0.224 0.24 0.258 0.279 0.302 0.329 0.36 0.395 0.434 0.475 0.521 0.57 0.623 0.68 0.741 0.807 0.878 0.951 1.03 1.1 1.18 1.26 1.34 1.42 1.5 1.57 1.65 1.72 1.79 1.88 2 2.12 2.25 2.37 2.5 2.62 2.74 2.86 2.99 3.11 3.24 3.37 3.5 3.63 3.76 3.89 4.01
0.203 0.192 0.181 0.17 0.16 0.151 0.142 0.135 0.128 0.122 0.118 0.115 0.113 0.114 0.115 0.118 0.123 0.129 0.135 0.143 0.153 0.163 0.174 0.187 0.201 0.216 0.233 0.252 0.273 0.296 0.327 0.361 0.398 0.437 0.481 0.527 0.577 0.63 0.689 0.752 0.821 0.892 0.967 1.04 1.12 1.2 1.29 1.36 1.44 1.52 1.6 1.68 1.76 1.86 1.96 2.07 2.18 2.28 2.39 2.49 2.6 2.7 2.81 2.92 3.04 3.15 3.26 3.38 3.49 3.59 3.7
0.196 0.185 0.174 0.163 0.153 0.144 0.135 0.127 0.12 0.114 0.109 0.105 0.103 0.103 0.103 0.106 0.109 0.113 0.119 0.126 0.134 0.144 0.154 0.167 0.18 0.194 0.21 0.228 0.248 0.269 0.298 0.331 0.366 0.403 0.443 0.486 0.532 0.582 0.637 0.698 0.764 0.833 0.906 0.983 1.06 1.14 1.22 1.3 1.38 1.46 1.55 1.63 1.72 1.82 1.92 2.01 2.11 2.2 2.29 2.37 2.46 2.55 2.64 2.74 2.83 2.93 3.04 3.13 3.23 3.31 3.4
0.191 0.18 0.168 0.157 0.147 0.137 0.128 0.12 0.112 0.106 0.1 0.0964 0.0939 0.0927 0.0925 0.0938 0.0963 0.0999 0.105 0.111 0.119 0.128 0.139 0.15 0.163 0.177 0.193 0.21 0.229 0.251 0.278 0.308 0.34 0.375 0.412 0.452 0.495 0.542 0.595 0.653 0.716 0.784 0.855 0.929 1.01 1.08 1.17 1.24 1.33 1.41 1.5 1.59 1.68 1.78 1.87 1.96 2.04 2.11 2.18 2.25 2.33 2.4 2.48 2.56 2.65 2.73 2.82 2.91 2.99 3.07 3.15
0.186 0.175 0.163 0.152 0.141 0.131 0.122 0.113 0.106 0.0989 0.0931 0.0887 0.0857 0.0837 0.0827 0.0831 0.0848 0.0879 0.0923 0.0982 0.106 0.115 0.124 0.135 0.147 0.161 0.177 0.194 0.213 0.234 0.259 0.286 0.316 0.348 0.382 0.419 0.459 0.503 0.553 0.608 0.669 0.734 0.804 0.875 0.949 1.02 1.1 1.18 1.26 1.34 1.43 1.52 1.62 1.72 1.82 1.89 1.95 2.01 2.06 2.12 2.19 2.25 2.32 2.38 2.45 2.53 2.6 2.68 2.75 2.83 2.91
0.182 0.17 0.159 0.148 0.137 0.126 0.116 0.108 0.0997 0.0927 0.0866 0.0819 0.0784 0.076 0.0747 0.0746 0.0758 0.0783 0.0821 0.0876 0.0946 0.103 0.112 0.123 0.135 0.148 0.163 0.18 0.199 0.219 0.243 0.268 0.297 0.326 0.359 0.394 0.432 0.474 0.52 0.572 0.631 0.694 0.759 0.827 0.897 0.969 1.04 1.12 1.2 1.28 1.37 1.46 1.56 1.66 1.77 1.83 1.88 1.93 1.98 2.04 2.1 2.16 2.22 2.28 2.35 2.41 2.48 2.55 2.62 2.69 2.76
0.178 0.167 0.155 0.144 0.132 0.122 0.112 0.103 0.0944 0.0872 0.0809 0.0759 0.0721 0.0695 0.0679 0.0675 0.068 0.07 0.0732 0.0781 0.0845 0.0925 0.101 0.111 0.123 0.136 0.15 0.166 0.184 0.204 0.227 0.251 0.278 0.306 0.337 0.37 0.406 0.446 0.49 0.539 0.595 0.653 0.715 0.778 0.844 0.912 0.983 1.05 1.13 1.21 1.29 1.38 1.47 1.57 1.67 1.74 1.78 1.83 1.89 1.94 2 2.06 2.12 2.18 2.24 2.3 2.36 2.42 2.49 2.55 2.62
