maui/input/month_year_rainfall/maui_prcp_12_2002.asc
ncols        361
nrows        320
xllcorner    -156.738000000000
yllcorner    20.343000000000
cellsize     0.002250000000
NODATA_value -3.4028234663852885981e+38
[rows 124 to 154 of 320, columns 284 to 354 of 361]
16.7 16.5 16.3 16 15.8 15.5 15.3 15 14.7 14.4 14.1 13.7 13.4 13.1 12.7 12.3 12 11.6 11.2 10.9 10.5 10.1 9.75 9.36 8.96 8.56 8.13 7.71 7.28 6.85 6.44 6.04 5.66 5.31 4.98 4.68 4.41 4.17 3.96 3.8 3.65 3.54 3.44 3.35 3.27 3.2 3.13 3.07 -3.4e+38 -3.4e+38 -3.4e+38 -3.4e+38 -3.4e+38 -3.4e+38 -3.4e+38 -3.4e+38 -3.4e+38 -3.4e+38 -3.4e+38 -3.4e+38 -3.4e+38 -3.4e+38 -3.4e+38 -3.4e+38 -3.4e+38 -3.4e+38 -3.4e+38 -3.4e+38 -3.4e+38 -3.4e+38 -3.4e+38
17.1 16.9 16.7 16.5 16.2 16 15.7 15.4 15.1 14.8 14.5 14.2 13.9 13.5 13.2 12.8 12.4 12.1 11.7 11.3 10.9 10.5 10.1 9.71 9.31 8.91 8.49 8.06 7.63 7.2 6.77 6.35 5.95 5.57 5.22 4.9 4.6 4.34 4.1 3.91 3.73 3.6 3.48 3.38 3.29 3.21 3.14 3.07 3.01 -3.4e+38 -3.4e+38 -3.4e+38 -3.4e+38 -3.4e+38 -3.4e+38 -3.4e+38 -3.4e+38 -3.4e+38 -3.4e+38 -3.4e+38 -3.4e+38 -3.4e+38 -3.4e+38 -3.4e+38 -3.4e+38 -3.4e+38 -3.4e+38 -3.4e+38 -3.4e+38 -3.4e+38 -3.4e+38
17.6 17.4 17.2 16.9 16.7 16.4 16.1 15.9 15.6 15.3 14.9 14.6 14.3 14 13.6 13.2 12.9 12.5 12.1 11.7 11.3 10.9 10.5 10.1 9.67 9.26 8.84 8.41 7.97 7.53 7.09 6.66 6.24 5.85 5.47 5.13 4.8 4.52 4.25 4.02 3.82 3.66 3.52 3.41 3.31 3.22 3.14 3.07 3.01 2.95 -3.4e+38 -3.4e+38 -3.4e+38 -3.4e+38 -3.4e+38 -3.4e+38 -3.4e+38 -3.4e+38 -3.4e+38 -3.4e+38 -3.4e+38 -3.4e+38 -3.4e+38 -3.4e+38 -3.4e+38 -3.4e+38 -3.4e+38 -3.4e+38 -3.4e+38 -3.4e+38 -3.4e+38
18 17.8 17.6 17.4 17.2 16.9 16.6 16.3 16 15.7 15.4 15 14.7 14.4 14 13.7 13.3 12.9 12.5 12.1 11.7 11.3 10.9 10.5 10 9.59 9.16 8.73 8.29 7.86 7.41 6.97 6.54 6.12 5.72 5.35 5 4.69 4.4 4.14 3.91 3.73 3.57 3.44 3.33 3.23 3.15 3.07 3.01 2.96 2.9 -3.4e+38 -3.4e+38 -3.4e+38 -3.4e+38 -3.4e+38 -3.4e+38 -3.4e+38 -3.4e+38 -3.4e+38 -3.4e+38 -3.4e+38 -3.4e+38 -3.4e+38 -3.4e+38 -3.4e+38 -3.4e+38 -3.4e+38 -3.4e+38 -3.4e+38 -3.4e+38
18.4 18.2 18 17.8 17.6 17.3 17.1 16.8 16.5 16.2 15.8 15.5 15.2 14.8 14.4 14.1 13.7 13.3 13 12.6 12.1 11.7 11.3 10.8 10.4 9.94 9.49 9.04 8.6 8.16 7.72 7.27 6.82 6.39 5.96 5.57 5.2 4.86 4.54 4.26 4 3.8 3.62 3.48 3.36 3.25 3.16 3.08 3.02 2.96 2.9 2.85 -3.4e+38 -3.4e+38 -3.4e+38 -3.4e+38 -3.4e+38 -3.4e+38 -3.4e+38 -3.4e+38 -3.4e+38 -3.4e+38 -3.4e+38 -3.4e+38 -3.4e+38 -3.4e+38 -3.4e+38 -3.4e+38 -3.4e+38 -3.4e+38 -3.4e+38
18.7 18.6 18.4 18.3 18 17.8 17.6 17.3 17 16.7 16.3 16 15.6 15.2 14.8 14.5 14.1 13.7 13.4 13 12.5 12.1 11.7 11.2 10.8 10.3 9.82 9.35 8.89 8.44 8.01 7.56 7.09 6.64 6.2 5.79 5.39 5.03 4.68 4.38 4.1 3.87 3.67 3.52 3.39 3.27 3.17 3.09 3.03 2.96 2.91 2.85 -3.4e+38 -3.4e+38 -3.4e+38 -3.4e+38 -3.4e+38 -3.4e+38 -3.4e+38 -3.4e+38 -3.4e+38 -3.4e+38 -3.4e+38 -3.4e+38 -3.4e+38 -3.4e+38 -3.4e+38 -3.4e+38 -3.4e+38 -3.4e+38 -3.4e+38
19 18.9 18.8 18.6 18.4 18.2 18 17.7 17.4 17.1 16.8 16.4 16.1 15.7 15.3 14.9 14.5 14.1 13.7 13.3 12.9 12.5 12 11.6 11.1 10.6 10.2 9.67 9.19 8.72 8.27 7.81 7.34 6.88 6.41 5.98 5.57 5.19 4.82 4.49 4.19 3.94 3.72 3.56 3.41 3.29 3.19 3.1 3.03 2.97 2.91 2.86 -3.4e+38 -3.4e+38 -3.4e+38 -3.4e+38 -3.4e+38 -3.4e+38 -3.4e+38 -3.4e+38 -3.4e+38 -3.4e+38 -3.4e+38 -3.4e+38 -3.4e+38 -3.4e+38 -3.4e+38 -3.4e+38 -3.4e+38 -3.4e+38 -3.4e+38
19.2 19.2 19.1 19 18.8 18.6 18.4 18.1 17.9 17.6 17.2 16.9 16.5 16.2 15.8 15.4 14.9 14.5 14.1 13.7 13.3 12.8 12.4 11.9 11.5 11 10.5 9.99 9.49 9 8.53 8.06 7.58 7.1 6.62 6.17 5.73 5.33 4.95 4.6 4.27 4.01 3.78 3.6 3.44 3.31 3.2 3.11 3.04 2.98 2.92 2.87 2.81 2.76 -3.4e+38 -3.4e+38 -3.4e+38 -3.4e+38 -3.4e+38 -3.4e+38 -3.4e+38 -3.4e+38 -3.4e+38 -3.4e+38 -3.4e+38 -3.4e+38 -3.4e+38 -3.4e+38 -3.4e+38 -3.4e+38 -3.4e+38
19.4 19.4 19.4 19.3 19.1 19 18.8 18.5 18.3 18 17.7 17.3 17 16.6 16.2 15.8 15.4 14.9 14.5 14.1 13.6 13.2 12.7 12.3 11.8 11.3 10.8 10.3 9.79 9.28 8.78 8.29 7.79 7.3 6.8 6.33 5.87 5.46 5.06 4.69 4.35 4.07 3.82 3.63 3.47 3.33 3.22 3.12 3.05 2.98 2.92 2.87 2.82 2.77 -3.4e+38 -3.4e+38 -3.4e+38 -3.4e+38 -3.4e+38 -3.4e+38 -3.4e+38 -3.4e+38 -3.4e+38 -3.4e+38 -3.4e+38 -3.4e+38 -3.4e+38 -3.4e+38 -3.4e+38 -3.4e+38 -3.4e+38
19.6 19.6 19.6 19.6 19.5 19.3 19.1 18.9 18.6 18.4 18.1 17.7 17.4 17 16.6 16.2 15.8 15.4 14.9 14.5 14 13.5 13 12.6 12.1 11.6 11.1 10.6 10.1 9.55 9.03 8.51 7.99 7.48 6.97 6.48 6 5.57 5.16 4.78 4.42 4.13 3.86 3.66 3.49 3.35 3.23 3.13 3.05 2.98 2.93 2.87 2.82 2.77 -3.4e+38 -3.4e+38 -3.4e+38 -3.4e+38 -3.4e+38 -3.4e+38 -3.4e+38 -3.4e+38 -3.4e+38 -3.4e+38 -3.4e+38 -3.4e+38 -3.4e+38 -3.4e+38 -3.4e+38 -3.4e+38 -3.4e+38
19.8 19.8 19.9 19.8 19.7 19.6 19.4 19.2 19 18.7 18.4 18.1 17.7 17.4 17 16.6 16.1 15.7 15.3 14.8 14.4 13.9 13.4 12.9 12.4 11.9 11.4 10.9 10.3 9.8 9.27 8.73 8.19 7.66 7.12 6.61 6.11 5.66 5.23 4.84 4.47 4.17 3.9 3.68 3.5 3.36 3.24 3.13 3.05 2.98 2.93 -3.4e+38 -3.4e+38 -3.4e+38 -3.4e+38 -3.4e+38 -3.4e+38 -3.4e+38 -3.4e+38 -3.4e+38 -3.4e+38 -3.4e+38 -3.4e+38 -3.4e+38 -3.4e+38 -3.4e+38 -3.4e+38 -3.4e+38 -3.4e+38 -3.4e+38 -3.4e+38
19.9 20 20.1 20.1 20 19.9 19.7 19.5 19.3 19 18.7 18.4 18.1 17.7 17.3 16.9 16.5 16 15.6 15.2 14.7 14.2 13.7 13.1 12.6 12.1 11.6 11.1 10.6 10 9.49 8.94 8.37 7.82 7.26 6.73 6.2 5.73 5.28 4.89 4.52 4.2 3.93 3.7 3.52 3.37 3.24 3.14 3.06 2.98 2.93 2.87 2.83 2.78 -3.4e+38 -3.4e+38 -3.4e+38 -3.4e+38 -3.4e+38 -3.4e+38 -3.4e+38 -3.4e+38 -3.4e+38 -3.4e+38 -3.4e+38 -3.4e+38 -3.4e+38 -3.4e+38 -3.4e+38 -3.4e+38 -3.4e+38
20 20.2 20.2 20.3 20.2 20.1 20 19.8 19.6 19.3 19 18.7 18.3 18 17.6 17.2 16.7 16.3 15.9 15.4 14.9 14.4 13.9 13.4 12.9 12.4 11.8 11.3 10.7 10.2 9.66 9.11 8.55 7.97 7.38 6.81 6.25 5.77 5.31 4.91 4.54 4.22 3.94 3.71 3.52 3.37 3.24 3.14 3.05 2.98 2.92 2.87 2.83 2.78 -3.4e+38 -3.4e+38 -3.4e+38 -3.4e+38 -3.4e+38 -3.4e+38 -3.4e+38 -3.4e+38 -3.4e+38 -3.4e+38 -3.4e+38 -3.4e+38 -3.4e+38 -3.4e+38 -3.4e+38 -3.4e+38 -3.4e+38
20.1 20.3 20.4 20.4 20.4 20.3 20.2 20 19.8 19.6 19.3 18.9 18.6 18.2 17.8 17.4 17 16.5 16.1 15.6 15.2 14.7 14.2 13.6 13.1 12.6 12 11.5 10.9 10.3 9.79 9.24 8.69 8.12 7.47 6.86 6.28 5.79 5.33 4.93 4.55 4.23 3.95 3.71 3.52 3.36 3.24 3.13 3.05 2.97 2.92 2.87 2.82 2.77 -3.4e+38 -3.4e+38 -3.4e+38 -3.4e+38 -3.4e+38 -3.4e+38 -3.4e+38 -3.4e+38 -3.4e+38 -3.4e+38 -3.4e+38 -3.4e+38 -3.4e+38 -3.4e+38 -3.4e+38 -3.4e+38 -3.4e+38
20.2 20.4 20.5 20.6 20.6 20.5 20.4 20.2 20 19.7 19.4 19.1 18.8 18.4 18 17.6 17.2 16.7 16.3 15.8 15.3 14.8 14.3 13.8 13.3 12.7 12.2 11.6 11 10.4 9.86 9.31 8.76 8.19 7.5 6.87 6.28 5.78 5.32 4.92 4.55 4.23 3.94 3.7 3.51 3.35 3.23 3.12 3.04 2.96 2.91 2.86 2.81 2.77 -3.4e+38 -3.4e+38 -3.4e+38 -3.4e+38 -3.4e+38 -3.4e+38 -3.4e+38 -3.4e+38 -3.4e+38 -3.4e+38 -3.4e+38 -3.4e+38 -3.4e+38 -3.4e+38 -3.4e+38 -3.4e+38 -3.4e+38
20.2 20.4 20.6 20.7 20.7 20.6 20.5 20.3 20.1 19.8 19.6 19.2 18.9 18.5 18.1 17.7 17.3 16.9 16.4 15.9 15.5 15 14.5 13.9 13.4 12.8 12.3 11.7 11.1 10.5 9.88 9.3 8.71 8.1 7.45 6.83 6.23 5.75 5.29 4.9 4.53 4.21 3.93 3.69 3.49 3.34 3.22 3.11 3.03 2.95 2.9 2.85 2.81 -3.4e+38 -3.4e+38 -3.4e+38 -3.4e+38 -3.4e+38 -3.4e+38 -3.4e+38 -3.4e+38 -3.4e+38 -3.4e+38 -3.4e+38 -3.4e+38 -3.4e+38 -3.4e+38 -3.4e+38 -3.4e+38 -3.4e+38 -3.4e+38
20.2 20.5 20.7 20.8 20.8 20.7 20.6 20.4 20.2 19.9 19.6 19.3 19 18.6 18.2 17.8 17.4 16.9 16.5 16 15.5 15 14.5 14 13.5 12.9 12.3 11.7 11.1 10.5 9.84 9.23 8.6 7.98 7.34 6.74 6.16 5.69 5.24 4.85 4.5 4.18 3.9 3.67 3.48 3.33 3.2 3.1 3.01 2.94 2.89 2.84 2.8 -3.4e+38 -3.4e+38 -3.4e+38 -3.4e+38 -3.4e+38 -3.4e+38 -3.4e+38 -3.4e+38 -3.4e+38 -3.4e+38 -3.4e+38 -3.4e+38 -3.4e+38 -3.4e+38 -3.4e+38 -3.4e+38 -3.4e+38 -3.4e+38
20.3 20.5 20.7 20.8 20.9 20.8 20.7 20.5 20.2 20 19.6 19.3 19 18.6 18.2 17.8 17.4 16.9 16.5 16 15.6 15.1 14.6 14 13.5 12.9 12.3 11.7 11.1 10.4 9.76 9.11 8.48 7.85 7.21 6.63 6.06 5.6 5.17 4.79 4.45 4.14 3.87 3.64 3.45 3.3 3.18 3.08 3 2.93 2.88 2.83 -3.4e+38 -3.4e+38 -3.4e+38 -3.4e+38 -3.4e+38 -3.4e+38 -3.4e+38 -3.4e+38 -3.4e+38 -3.4e+38 -3.4e+38 -3.4e+38 -3.4e+38 -3.4e+38 -3.4e+38 -3.4e+38 -3.4e+38 -3.4e+38 -3.4e+38
20.3 20.6 20.8 20.9 20.9 20.9 20.7 20.5 20.2 20 19.6 19.3 18.9 18.5 18.1 17.7 17.3 16.9 16.5 16 15.6 15.1 14.5 14 13.4 12.9 12.3 11.7 11 10.3 9.63 8.98 8.33 7.7 7.07 6.5 5.94 5.5 5.08 4.72 4.38 4.09 3.83 3.61 3.43 3.28 3.16 3.06 2.98 2.91 2.86 2.81 2.77 -3.4e+38 -3.4e+38 -3.4e+38 -3.4e+38 -3.4e+38 -3.4e+38 -3.4e+38 -3.4e+38 -3.4e+38 -3.4e+38 -3.4e+38 -3.4e+38 -3.4e+38 -3.4e+38 -3.4e+38 -3.4e+38 -3.4e+38 -3.4e+38
20.2 20.6 20.8 21 21 20.9 20.7 20.5 20.2 19.9 19.6 19.2 18.8 18.4 18 17.6 17.2 16.8 16.4 15.9 15.5 15 14.4 13.9 13.3 12.8 12.2 11.5 10.8 10.2 9.47 8.8 8.15 7.53 6.91 6.35 5.8 5.38 4.97 4.63 4.3 4.02 3.77 3.57 3.39 3.25 3.13 3.03 2.96 2.89 2.84 2.79 2.75 -3.4e+38 -3.4e+38 -3.4e+38 -3.4e+38 -3.4e+38 -3.4e+38 -3.4e+38 -3.4e+38 -3.4e+38 -3.4e+38 -3.4e+38 -3.4e+38 -3.4e+38 -3.4e+38 -3.4e+38 -3.4e+38 -3.4e+38 -3.4e+38
20.2 20.6 20.9 21 21 20.9 20.7 20.5 20.2 19.8 19.5 19.1 18.7 18.3 17.9 17.5 17.1 16.7 16.2 15.8 15.4 14.8 14.3 13.8 13.2 12.6 12 11.4 10.7 9.97 9.27 8.6 7.95 7.34 6.74 6.19 5.65 5.24 4.85 4.52 4.22 3.95 3.72 3.52 3.35 3.22 3.1 3.01 2.94 2.87 2.82 2.77 2.73 -3.4e+38 -3.4e+38 -3.4e+38 -3.4e+38 -3.4e+38 -3.4e+38 -3.4e+38 -3.4e+38 -3.4e+38 -3.4e+38 -3.4e+38 -3.4e+38 -3.4e+38 -3.4e+38 -3.4e+38 -3.4e+38 -3.4e+38 -3.4e+38
20.2 20.6 20.9 21 21 20.9 20.7 20.4 20 19.7 19.3 18.9 18.5 18.1 17.7 17.2 16.8 16.4 16 15.6 15.2 14.6 14.1 13.5 13 12.4 11.8 11.1 10.4 9.73 9.03 8.35 7.72 7.12 6.54 6.01 5.49 5.1 4.72 4.41 4.12 3.87 3.65 3.46 3.3 3.17 3.07 2.98 2.91 2.84 2.8 2.75 -3.4e+38 -3.4e+38 -3.4e+38 -3.4e+38 -3.4e+38 -3.4e+38 -3.4e+38 -3.4e+38 -3.4e+38 -3.4e+38 -3.4e+38 -3.4e+38 -3.4e+38 -3.4e+38 -3.4e+38 -3.4e+38 -3.4e+38 -3.4e+38 -3.4e+38
20.1 20.6 20.9 21.1 21.1 20.9 20.6 20.3 19.9 19.5 19.1 18.7 18.2 17.8 17.4 17 16.6 16.2 15.8 15.4 14.9 14.4 13.8 13.3 12.7 12.1 11.5 10.9 10.2 9.47 8.76 8.09 7.47 6.89 6.34 5.83 5.33 4.95 4.59 4.3 4.02 3.78 3.58 3.4 3.25 3.13 3.03 2.94 2.87 2.81 2.77 2.73 -3.4e+38 -3.4e+38 -3.4e+38 -3.4e+38 -3.4e+38 -3.4e+38 -3.4e+38 -3.4e+38 -3.4e+38 -3.4e+38 -3.4e+38 -3.4e+38 -3.4e+38 -3.4e+38 -3.4e+38 -3.4e+38 -3.4e+38 -3.4e+38 -3.4e+38
20 20.6 21 21.2 21.1 20.8 20.5 20.1 19.6 19.2 18.8 18.4 17.9 17.5 17.1 16.7 16.3 15.9 15.5 15.1 14.6 14.1 13.5 13 12.4 11.8 11.2 10.6 9.84 9.13 8.43 7.78 7.18 6.63 6.1 5.61 5.15 4.79 4.45 4.17 3.91 3.69 3.5 3.34 3.2 3.08 2.99 2.9 2.84 2.78 2.74 -3.4e+38 -3.4e+38 -3.4e+38 -3.4e+38 -3.4e+38 -3.4e+38 -3.4e+38 -3.4e+38 -3.4e+38 -3.4e+38 -3.4e+38 -3.4e+38 -3.4e+38 -3.4e+38 -3.4e+38 -3.4e+38 -3.4e+38 -3.4e+38 -3.4e+38 -3.4e+38
19.8 20.5 21.1 21.3 21.1 20.6 20.2 19.8 19.3 18.9 18.4 18 17.6 17.2 16.7 16.3 15.9 15.5 15.1 14.7 14.2 13.7 13.2 12.6 12 11.5 10.8 10.2 9.49 8.78 8.09 7.45 6.88 6.36 5.85 5.4 4.96 4.63 4.31 4.05 3.81 3.6 3.42 3.27 3.14 3.03 2.94 2.86 2.8 2.75 2.71 2.67 -3.4e+38 -3.4e+38 -3.4e+38 -3.4e+38 -3.4e+38 -3.4e+38 -3.4e+38 -3.4e+38 -3.4e+38 -3.4e+38 -3.4e+38 -3.4e+38 -3.4e+38 -3.4e+38 -3.4e+38 -3.4e+38 -3.4e+38 -3.4e+38 -3.4e+38
19.5 20.3 21.1 21.3 20.8 20.3 19.8 19.4 18.9 18.5 18 17.6 17.2 16.8 16.4 16 15.6 15.2 14.7 14.3 13.8 13.3 12.8 12.2 11.6 11.1 10.4 9.79 9.07 8.36 7.7 7.1 6.57 6.07 5.6 5.18 4.78 4.46 4.17 3.92 3.7 3.51 3.34 3.2 3.08 2.98 2.89 2.82 2.77 2.72 2.68 2.64 2.61 -3.4e+38 -3.4e+38 -3.4e+38 -3.4e+38 -3.4e+38 -3.4e+38 -3.4e+38 -3.4e+38 -3.4e+38 -3.4e+38 -3.4e+38 -3.4e+38 -3.4e+38 -3.4e+38 -3.4e+38 -3.4e+38 -3.4e+38 -3.4e+38
18.9 19.6 20.3 20.5 20.2 19.8 19.3 18.9 18.5 18 17.6 17.2 16.8 16.4 16 15.6 15.2 14.8 14.3 13.9 13.4 12.9 12.3 11.8 11.2 10.6 10 9.35 8.63 7.94 7.32 6.76 6.26 5.8 5.35 4.96 4.59 4.29 4.02 3.8 3.59 3.41 3.26 3.13 3.02 2.92 2.85 2.78 2.73 2.69 2.65 2.61 -3.4e+38 -3.4e+38 -3.4e+38 -3.4e+38 -3.4e+38 -3.4e+38 -3.4e+38 -3.4e+38 -3.4e+38 -3.4e+38 -3.4e+38 -3.4e+38 -3.4e+38 -3.4e+38 -3.4e+38 -3.4e+38 -3.4e+38 -3.4e+38 -3.4e+38
18.2 18.8 19.3 19.4 19.3 19 18.7 18.3 17.9 17.5 17.1 16.7 16.3 15.9 15.5 15.1 14.7 14.3 13.9 13.4 12.9 12.4 11.9 11.4 10.8 10.2 9.53 8.85 8.15 7.49 6.95 6.44 5.97 5.53 5.1 4.74 4.39 4.13 3.87 3.67 3.48 3.32 3.17 3.05 2.95 2.87 2.8 2.74 2.69 2.65 2.62 2.59 -3.4e+38 -3.4e+38 -3.4e+38 -3.4e+38 -3.4e+38 -3.4e+38 -3.4e+38 -3.4e+38 -3.4e+38 -3.4e+38 -3.4e+38 -3.4e+38 -3.4e+38 -3.4e+38 -3.4e+38 -3.4e+38 -3.4e+38 -3.4e+38 -3.4e+38
17.5 18 18.3 18.5 18.4 18.3 18 17.7 17.3 16.9 16.6 16.2 15.8 15.4 15.1 14.7 14.3 13.9 13.5 13 12.5 12 11.5 10.9 10.3 9.73 9.03 8.33 7.68 7.08 6.59 6.12 5.67 5.25 4.85 4.51 4.2 3.96 3.73 3.54 3.37 3.22 3.09 2.98 2.89 2.81 2.75 2.7 2.66 2.62 2.59 2.56 -3.4e+38 -3.4e+38 -3.4e+38 -3.4e+38 -3.4e+38 -3.4e+38 -3.4e+38 -3.4e+38 -3.4e+38 -3.4e+38 -3.4e+38 -3.4e+38 -3.4e+38 -3.4e+38 -3.4e+38 -3.4e+38 -3.4e+38 -3.4e+38 -3.4e+38
16.7 17.1 17.4 17.6 17.6 17.5 17.3 17 16.7 16.4 16 15.7 15.3 15 14.6 14.2 13.9 13.4 13 12.5 12 11.5 11 10.5 9.86 9.24 8.5 7.78 7.22 6.69 6.24 5.8 5.37 4.98 4.6 4.29 4.02 3.8 3.59 3.42 3.26 3.13 3.01 2.91 2.83 2.76 2.71 2.66 2.62 2.59 2.56 2.53 -3.4e+38 -3.4e+38 -3.4e+38 -3.4e+38 -3.4e+38 -3.4e+38 -3.4e+38 -3.4e+38 -3.4e+38 -3.4e+38 -3.4e+38 -3.4e+38 -3.4e+38 -3.4e+38 -3.4e+38 -3.4e+38 -3.4e+38 -3.4e+38 -3.4e+38
16 16.3 16.6 16.7 16.7 16.7 16.5 16.3 16.1 15.8 15.5 15.1 14.8 14.5 14.1 13.8 13.4 13 12.5 12 11.6 11 10.5 9.98 9.36 8.72 8 7.3 6.8 6.33 5.9 5.48 5.08 4.7 4.36 4.08 3.84 3.64 3.46 3.3 3.16 3.04 2.93 2.85 2.77 2.71 2.66 2.62 2.59 2.56 -3.4e+38 -3.4e+38 -3.4e+38 -3.4e+38 -3.4e+38 -3.4e+38 -3.4e+38 -3.4e+38 -3.4e+38 -3.4e+38 -3.4e+38 -3.4e+38 -3.4e+38 -3.4e+38 -3.4e+38 -3.4e+38 -3.4e+38 -3.4e+38 -3.4e+38 -3.4e+38 -3.4e+38
