maui/input/month_year_rainfall/maui_prcp_08_2001.asc
ncols        361
nrows        320
xllcorner    -156.738000000000
yllcorner    20.343000000000
cellsize     0.002250000000
NODATA_value -3.4028234663852885981e+38
[rows 124 to 154 of 320, columns 213 to 283 of 361]
1.61 1.72 1.85 2.01 2.2 2.42 2.67 2.94 3.24 3.55 3.88 4.21 4.56 4.9 5.26 5.61 5.95 6.28 6.6 6.92 7.24 7.55 7.85 8.15 8.45 8.74 9.02 9.28 9.53 9.77 10 10.2 10.5 10.7 10.9 11.2 11.4 11.7 11.9 12.2 12.4 12.7 13 13.3 13.7 14 14.4 14.8 15.2 15.6 16 16.5 16.9 17.4 17.8 18.3 18.7 19.2 19.6 20 20.4 20.8 21.1 21.4 21.7 21.9 22 22 21.9 21.8 21.7
1.5 1.6 1.72 1.87 2.03 2.23 2.45 2.68 2.95 3.23 3.52 3.82 4.14 4.46 4.79 5.12 5.44 5.76 6.07 6.38 6.69 7 7.31 7.61 7.91 8.21 8.49 8.77 9.03 9.29 9.54 9.79 10 10.3 10.5 10.8 11.1 11.3 11.6 11.9 12.2 12.5 12.8 13.1 13.5 13.8 14.2 14.6 15.1 15.5 15.9 16.4 16.9 17.4 17.9 18.3 18.8 19.3 19.8 20.2 20.7 21.1 21.5 21.9 22.2 22.5 22.6 22.7 22.6 22.5 22.4
1.41 1.5 1.6 1.73 1.88 2.04 2.24 2.44 2.68 2.93 3.2 3.47 3.76 4.06 4.37 4.68 4.97 5.27 5.57 5.87 6.17 6.48 6.79 7.09 7.39 7.69 7.98 8.27 8.54 8.82 9.09 9.36 9.62 9.9 10.2 10.4 10.7 11 11.3 11.6 11.9 12.2 12.5 12.9 13.2 13.6 14 14.5 14.9 15.4 15.9 16.3 16.8 17.3 17.9 18.4 18.9 19.4 19.9 20.4 20.9 21.4 21.8 22.3 22.7 23.1 23.3 23.3 23.3 23.2 23.1
1.32 1.4 1.49 1.6 1.73 1.88 2.05 2.23 2.44 2.66 2.9 3.15 3.41 3.69 3.97 4.26 4.53 4.81 5.09 5.39 5.69 5.99 6.29 6.6 6.9 7.2 7.5 7.79 8.08 8.36 8.64 8.92 9.21 9.51 9.79 10.1 10.4 10.7 11 11.3 11.6 12 12.3 12.7 13.1 13.5 13.9 14.3 14.8 15.3 15.8 16.3 16.8 17.3 17.9 18.4 19 19.5 20 20.6 21.1 21.6 22.1 22.6 23.1 23.5 23.8 23.8 23.9 23.9 23.8
1.24 1.31 1.39 1.48 1.6 1.72 1.87 2.03 2.21 2.41 2.63 2.85 3.09 3.33 3.59 3.85 4.11 4.38 4.65 4.93 5.23 5.53 5.83 6.13 6.44 6.74 7.04 7.34 7.64 7.93 8.22 8.52 8.82 9.13 9.43 9.74 10.1 10.4 10.7 11.1 11.4 11.7 12.1 12.5 12.9 13.3 13.7 14.2 14.7 15.1 15.6 16.2 16.7 17.3 17.9 18.5 19 19.6 20.1 20.7 21.3 21.8 22.4 22.9 23.4 23.8 24.1 24.3 24.4 24.4 24.5
1.16 1.22 1.29 1.37 1.47 1.57 1.7 1.84 2 2.18 2.37 2.57 2.78 3 3.23 3.47 3.72 3.97 4.23 4.51 4.79 5.09 5.39 5.7 6 6.31 6.62 6.92 7.22 7.52 7.83 8.14 8.45 8.76 9.08 9.4 9.75 10.1 10.4 10.8 11.2 11.5 11.9 12.3 12.7 13.1 13.6 14 14.5 15 15.5 16.1 16.7 17.2 17.8 18.5 19 19.6 20.2 20.8 21.4 22 22.5 23.1 23.6 24 24.4 24.6 24.8 25 25
1.08 1.13 1.19 1.27 1.35 1.44 1.55 1.67 1.81 1.96 2.13 2.3 2.49 2.69 2.9 3.12 3.36 3.6 3.85 4.11 4.39 4.68 4.98 5.29 5.59 5.9 6.21 6.51 6.82 7.12 7.43 7.75 8.07 8.39 8.71 9.05 9.4 9.76 10.1 10.5 10.9 11.3 11.6 12.1 12.5 12.9 13.4 13.9 14.4 14.9 15.4 15.9 16.5 17.1 17.8 18.4 19 19.6 20.2 20.9 21.5 22.1 22.7 23.3 23.8 24.3 24.7 25 25.2 25.4 25.6
1.01 1.05 1.11 1.16 1.23 1.31 1.41 1.51 1.63 1.76 1.91 2.06 2.23 2.4 2.59 2.8 3.02 3.25 3.49 3.75 4.02 4.3 4.59 4.9 5.21 5.51 5.82 6.12 6.43 6.74 7.05 7.36 7.68 8.01 8.34 8.68 9.04 9.4 9.77 10.2 10.6 11 11.4 11.8 12.2 12.7 13.2 13.7 14.2 14.7 15.2 15.8 16.4 17 17.6 18.3 18.9 19.6 20.2 20.9 21.5 22.2 22.8 23.4 24 24.5 24.9 25.3 25.6 25.9 26.1
0.946 0.986 1.03 1.08 1.14 1.2 1.28 1.37 1.48 1.59 1.72 1.86 2 2.16 2.33 2.51 2.71 2.92 3.15 3.4 3.66 3.95 4.24 4.54 4.84 5.14 5.44 5.74 6.04 6.35 6.66 6.97 7.29 7.62 7.95 8.28 8.65 9.02 9.39 9.78 10.2 10.6 11 11.5 11.9 12.4 12.9 13.4 13.9 14.4 14.9 15.5 16.1 16.7 17.4 18.1 18.7 19.4 20 20.7 21.4 22.1 22.8 23.4 24 24.6 25.1 25.6 26 26.3 26.6
0.89 0.925 0.963 1 1.05 1.1 1.17 1.25 1.34 1.44 1.55 1.67 1.8 1.94 2.09 2.24 2.41 2.61 2.83 3.08 3.33 3.62 3.91 4.2 4.5 4.79 5.09 5.37 5.67 5.97 6.28 6.59 6.91 7.23 7.56 7.89 8.26 8.63 9.01 9.4 9.81 10.2 10.6 11.1 11.5 12 12.5 13 13.5 14.1 14.6 15.2 15.8 16.5 17.1 17.8 18.4 19.1 19.8 20.5 21.2 22 22.7 23.4 24.1 24.7 25.3 25.8 26.3 26.7 27
0.85 0.88 0.911 0.944 0.979 1.02 1.08 1.15 1.23 1.32 1.42 1.52 1.63 1.75 1.88 2.01 2.16 2.35 2.57 2.81 3.06 3.34 3.61 3.89 4.17 4.46 4.74 5.01 5.3 5.58 5.88 6.18 6.49 6.8 7.12 7.45 7.82 8.19 8.56 8.95 9.36 9.76 10.2 10.6 11.1 11.5 12 12.5 13 13.6 14.2 14.8 15.4 16 16.7 17.3 18 18.7 19.4 20.1 20.9 21.6 22.3 23.1 23.8 24.5 25.1 25.8 26.3 26.8 27.3
0.813 0.84 0.867 0.895 0.925 0.959 1.01 1.07 1.14 1.21 1.3 1.38 1.48 1.58 1.69 1.81 1.94 2.12 2.32 2.56 2.81 3.07 3.33 3.6 3.87 4.14 4.4 4.67 4.94 5.21 5.49 5.78 6.07 6.37 6.69 7.02 7.38 7.74 8.11 8.49 8.9 9.29 9.69 10.1 10.6 11 11.5 12 12.5 13.1 13.7 14.3 14.9 15.5 16.2 16.9 17.5 18.2 18.9 19.7 20.4 21.2 21.9 22.7 23.5 24.2 25 25.7 26.4 26.9 27.5
0.783 0.807 0.832 0.857 0.884 0.916 0.957 1.01 1.06 1.12 1.19 1.27 1.35 1.44 1.53 1.64 1.77 1.94 2.13 2.35 2.58 2.83 3.07 3.32 3.58 3.83 4.09 4.34 4.59 4.85 5.11 5.37 5.64 5.93 6.23 6.54 6.88 7.23 7.58 7.95 8.35 8.73 9.11 9.53 9.97 10.4 10.9 11.4 11.9 12.5 13 13.6 14.3 14.9 15.6 16.2 16.9 17.6 18.3 19.1 19.8 20.6 21.4 22.2 23 23.8 24.6 25.3 26.1 26.8 27.4
0.758 0.779 0.802 0.825 0.85 0.879 0.912 0.951 0.995 1.04 1.1 1.16 1.24 1.31 1.4 1.5 1.62 1.77 1.95 2.16 2.37 2.6 2.82 3.06 3.3 3.54 3.79 4.02 4.25 4.49 4.72 4.96 5.22 5.48 5.76 6.05 6.37 6.7 7.04 7.4 7.78 8.15 8.52 8.93 9.36 9.81 10.3 10.8 11.3 11.8 12.4 13 13.6 14.2 14.9 15.6 16.2 16.9 17.7 18.4 19.2 20 20.8 21.6 22.5 23.3 24.2 25 25.8 26.6 27.4
0.74 0.759 0.779 0.801 0.823 0.849 0.877 0.908 0.943 0.98 1.03 1.08 1.14 1.21 1.29 1.38 1.48 1.62 1.78 1.97 2.17 2.38 2.59 2.81 3.03 3.25 3.48 3.69 3.9 4.11 4.32 4.54 4.77 5 5.25 5.51 5.8 6.1 6.42 6.76 7.12 7.48 7.85 8.25 8.67 9.11 9.56 10 10.5 11.1 11.6 12.2 12.8 13.5 14.1 14.8 15.5 16.2 16.9 17.7 18.5 19.3 20.2 21 21.9 22.8 23.7 24.7 25.5 26.4 27.2
0.726 0.743 0.761 0.781 0.801 0.823 0.847 0.872 0.9 0.93 0.969 1.01 1.07 1.12 1.19 1.27 1.36 1.48 1.63 1.8 1.98 2.17 2.37 2.57 2.77 2.98 3.18 3.37 3.56 3.75 3.93 4.12 4.32 4.52 4.75 4.98 5.23 5.5 5.8 6.11 6.45 6.8 7.16 7.55 7.95 8.38 8.82 9.29 9.77 10.3 10.8 11.4 12 12.6 13.3 14 14.7 15.4 16.1 16.9 17.7 18.6 19.4 20.4 21.3 22.3 23.3 24.3 25.2 26.1 27
0.718 0.733 0.749 0.766 0.784 0.804 0.824 0.845 0.868 0.892 0.924 0.959 1 1.06 1.12 1.19 1.26 1.37 1.5 1.65 1.81 1.99 2.16 2.35 2.53 2.71 2.89 3.06 3.23 3.39 3.55 3.71 3.88 4.05 4.24 4.43 4.65 4.88 5.15 5.44 5.75 6.08 6.43 6.8 7.19 7.6 8.02 8.47 8.94 9.44 9.97 10.5 11.1 11.8 12.4 13.1 13.8 14.5 15.3 16 16.9 17.8 18.7 19.6 20.6 21.7 22.7 23.8 24.8 25.8 26.8
0.709 0.723 0.737 0.751 0.767 0.784 0.801 0.819 0.838 0.857 0.884 0.913 0.951 0.996 1.05 1.11 1.18 1.27 1.38 1.52 1.66 1.82 1.98 2.14 2.3 2.46 2.61 2.76 2.91 3.04 3.18 3.31 3.45 3.6 3.76 3.92 4.11 4.3 4.54 4.79 5.07 5.38 5.7 6.05 6.41 6.79 7.19 7.63 8.08 8.56 9.08 9.63 10.2 10.8 11.5 12.2 12.9 13.6 14.4 15.1 16 16.9 17.8 18.8 19.9 21 22.1 23.2 24.4 25.4 26.4
0.702 0.713 0.724 0.736 0.749 0.763 0.778 0.794 0.81 0.826 0.848 0.871 0.905 0.943 0.991 1.05 1.11 1.19 1.28 1.4 1.52 1.66 1.8 1.95 2.09 2.22 2.36 2.48 2.6 2.71 2.82 2.93 3.05 3.17 3.3 3.44 3.59 3.76 3.95 4.17 4.41 4.69 4.98 5.29 5.62 5.97 6.35 6.75 7.18 7.65 8.15 8.69 9.28 9.9 10.6 11.3 12 12.7 13.4 14.2 15.1 16 16.9 17.9 19 20.2 21.4 22.6 23.8 25 26.1
0.691 0.7 0.709 0.719 0.729 0.741 0.754 0.769 0.783 0.798 0.816 0.836 0.865 0.899 0.941 0.989 1.05 1.11 1.19 1.29 1.4 1.52 1.65 1.77 1.9 2.01 2.13 2.24 2.34 2.43 2.52 2.61 2.71 2.8 2.91 3.03 3.16 3.3 3.46 3.65 3.86 4.1 4.35 4.63 4.92 5.24 5.57 5.95 6.34 6.78 7.25 7.77 8.34 8.96 9.62 10.3 11 11.7 12.4 13.2 14 14.9 15.9 17 18.1 19.3 20.6 21.9 23.2 24.4 25.6
0.681 0.687 0.694 0.701 0.709 0.719 0.731 0.744 0.758 0.771 0.787 0.805 0.83 0.86 0.897 0.941 0.992 1.05 1.12 1.2 1.3 1.4 1.51 1.61 1.72 1.82 1.92 2.01 2.09 2.17 2.25 2.32 2.4 2.48 2.57 2.67 2.78 2.89 3.03 3.18 3.36 3.56 3.79 4.02 4.27 4.56 4.85 5.19 5.54 5.94 6.37 6.87 7.42 8.04 8.69 9.35 10.1 10.8 11.5 12.2 13 13.9 15 16 17.2 18.4 19.7 21.1 22.5 23.8 25.1
0.667 0.671 0.676 0.681 0.688 0.697 0.707 0.719 0.732 0.745 0.76 0.776 0.798 0.824 0.858 0.897 0.943 0.995 1.05 1.13 1.2 1.29 1.38 1.48 1.57 1.65 1.74 1.82 1.89 1.96 2.02 2.08 2.14 2.21 2.29 2.37 2.46 2.56 2.67 2.81 2.96 3.14 3.33 3.54 3.76 4.01 4.28 4.57 4.89 5.25 5.64 6.1 6.63 7.25 7.9 8.57 9.27 9.97 10.6 11.3 12.2 13.1 14.2 15.3 16.4 17.7 19.1 20.4 21.9 23.3 24.6
0.654 0.656 0.658 0.662 0.668 0.675 0.685 0.696 0.708 0.721 0.734 0.749 0.769 0.793 0.823 0.858 0.897 0.943 0.994 1.05 1.12 1.19 1.27 1.35 1.43 1.5 1.57 1.64 1.7 1.76 1.81 1.86 1.91 1.96 2.02 2.09 2.17 2.25 2.35 2.46 2.6 2.75 2.91 3.09 3.29 3.51 3.75 4.01 4.3 4.62 4.97 5.38 5.89 6.52 7.19 7.86 8.56 9.26 9.93 10.6 11.4 12.4 13.5 14.6 15.8 17 18.4 19.8 21.2 22.7 24.1
0.638 0.638 0.639 0.641 0.645 0.651 0.66 0.67 0.682 0.694 0.708 0.723 0.743 0.765 0.792 0.824 0.86 0.901 0.946 0.997 1.05 1.12 1.18 1.25 1.32 1.39 1.45 1.51 1.56 1.61 1.66 1.7 1.74 1.79 1.84 1.9 1.97 2.04 2.13 2.23 2.34 2.47 2.62 2.78 2.95 3.16 3.38 3.63 3.91 4.22 4.55 4.91 5.38 6.06 6.74 7.41 8.1 8.79 9.47 10.2 11 11.9 12.9 14 15.2 16.5 17.8 19.2 20.7 22.2 23.6
0.622 0.62 0.62 0.62 0.623 0.627 0.635 0.645 0.657 0.669 0.684 0.699 0.718 0.739 0.764 0.793 0.826 0.862 0.902 0.946 0.994 1.05 1.1 1.16 1.22 1.28 1.34 1.39 1.44 1.48 1.52 1.55 1.59 1.63 1.68 1.73 1.79 1.85 1.93 2.01 2.11 2.23 2.35 2.5 2.65 2.84 3.04 3.28 3.56 3.89 4.24 4.63 5.11 5.74 6.39 7.04 7.71 8.38 9.06 9.76 10.6 11.5 12.5 13.5 14.7 15.9 17.2 18.7 20.1 21.6 23.1
0.604 0.6 0.598 0.597 0.598 0.602 0.61 0.619 0.631 0.644 0.66 0.677 0.696 0.717 0.741 0.768 0.797 0.829 0.864 0.904 0.946 0.993 1.04 1.09 1.15 1.2 1.25 1.3 1.34 1.38 1.41 1.44 1.48 1.51 1.55 1.6 1.65 1.71 1.78 1.86 1.95 2.05 2.16 2.29 2.43 2.6 2.79 3.02 3.31 3.66 4.06 4.5 5.01 5.59 6.19 6.8 7.44 8.08 8.75 9.44 10.2 11.1 12 13.1 14.2 15.4 16.7 18.1 19.6 21.1 22.6
0.585 0.58 0.576 0.574 0.574 0.577 0.585 0.594 0.607 0.62 0.638 0.655 0.675 0.696 0.72 0.745 0.772 0.801 0.832 0.867 0.904 0.945 0.988 1.03 1.08 1.13 1.18 1.22 1.25 1.28 1.31 1.34 1.37 1.4 1.44 1.48 1.53 1.59 1.65 1.72 1.81 1.9 2 2.12 2.25 2.4 2.57 2.8 3.09 3.48 3.93 4.42 4.95 5.49 6.05 6.62 7.21 7.82 8.47 9.14 9.9 10.7 11.6 12.6 13.7 14.9 16.2 17.6 19 20.6 22.1
0.565 0.558 0.553 0.55 0.55 0.553 0.56 0.57 0.583 0.598 0.616 0.635 0.656 0.677 0.701 0.725 0.75 0.777 0.806 0.838 0.871 0.907 0.945 0.985 1.03 1.07 1.12 1.15 1.18 1.21 1.24 1.27 1.29 1.32 1.36 1.4 1.45 1.5 1.56 1.63 1.71 1.8 1.9 2.01 2.13 2.27 2.43 2.63 2.93 3.38 3.89 4.42 4.96 5.49 6 6.52 7.07 7.64 8.26 8.91 9.64 10.4 11.3 12.3 13.3 14.5 15.7 17.1 18.5 20 21.5
0.544 0.536 0.53 0.527 0.527 0.53 0.538 0.548 0.562 0.578 0.597 0.617 0.639 0.661 0.684 0.707 0.732 0.757 0.784 0.813 0.843 0.875 0.908 0.944 0.982 1.02 1.06 1.09 1.12 1.15 1.18 1.2 1.23 1.26 1.29 1.33 1.38 1.43 1.49 1.56 1.64 1.73 1.83 1.94 2.06 2.2 2.35 2.52 2.8 3.33 3.89 4.46 5.02 5.51 5.97 6.43 6.94 7.47 8.06 8.68 9.39 10.1 11 11.9 12.9 14 15.3 16.6 18 19.4 20.9
0.523 0.514 0.508 0.504 0.505 0.509 0.518 0.529 0.544 0.56 0.58 0.601 0.623 0.646 0.669 0.693 0.716 0.74 0.765 0.791 0.818 0.848 0.878 0.911 0.944 0.978 1.01 1.04 1.07 1.1 1.12 1.15 1.17 1.2 1.24 1.28 1.32 1.38 1.44 1.51 1.59 1.69 1.79 1.91 2.04 2.19 2.36 2.57 2.89 3.37 3.92 4.52 5.13 5.54 5.93 6.35 6.82 7.33 7.89 8.49 9.16 9.88 10.7 11.6 12.6 13.6 14.8 16.1 17.5 18.9 20.3
0.504 0.496 0.49 0.486 0.487 0.492 0.501 0.513 0.529 0.546 0.567 0.588 0.611 0.634 0.657 0.681 0.704 0.727 0.75 0.774 0.799 0.826 0.855 0.884 0.915 0.945 0.974 1 1.03 1.06 1.08 1.1 1.13 1.16 1.19 1.23 1.28 1.34 1.4 1.47 1.56 1.66 1.78 1.9 2.05 2.22 2.41 2.66 3 3.43 3.94 4.5 5.05 5.46 5.84 6.25 6.69 7.18 7.72 8.29 8.93 9.62 10.4 11.3 12.2 13.3 14.4 15.7 17 18.4 19.8
