maui/input/month_year_rainfall/maui_prcp_10_2001.asc
ncols        361
nrows        320
xllcorner    -156.738000000000
yllcorner    20.343000000000
cellsize     0.002250000000
NODATA_value -3.4028234663852885981e+38
[rows 96 to 127 of 320, columns 216 to 287 of 361]
18.1 18.9 19.8 20.6 21.4 22.2 23 23.7 24.3 24.8 25.3 25.7 26.1 26.3 26.4 26.5 26.5 26.4 26.2 26 25.7 25.4 25.1 24.7 24.2 23.8 23.3 22.8 22.3 21.8 21.3 20.8 20.4 20 19.7 19.4 19.1 18.8 18.5 18.2 17.9 17.7 17.4 17.2 16.9 16.7 16.5 16.2 15.9 15.5 15.1 14.7 14.2 13.8 13.5 13.1 -3.4e+38 -3.4e+38 -3.4e+38 -3.4e+38 -3.4e+38 -3.4e+38 -3.4e+38 -3.4e+38 -3.4e+38 -3.4e+38 -3.4e+38 -3.4e+38 -3.4e+38 -3.4e+38 -3.4e+38 -3.4e+38
18.3 19.2 20 20.9 21.8 22.6 23.4 24.2 24.8 25.4 25.9 26.4 26.7 26.9 27.1 27.1 27.1 27 26.8 26.5 26.2 25.8 25.5 25 24.6 24.1 23.6 23.1 22.6 22.1 21.6 21.2 20.8 20.4 20.1 19.8 19.5 19.2 18.9 18.7 18.5 18.2 18 17.8 17.6 17.4 17.2 17 16.6 16.3 15.9 15.5 15.1 14.7 14.3 13.9 13.5 -3.4e+38 -3.4e+38 -3.4e+38 -3.4e+38 -3.4e+38 -3.4e+38 -3.4e+38 -3.4e+38 -3.4e+38 -3.4e+38 -3.4e+38 -3.4e+38 -3.4e+38 -3.4e+38 -3.4e+38
18.4 19.3 20.3 21.2 22.1 23 23.9 24.6 25.4 26 26.5 27 27.3 27.5 27.7 27.7 27.7 27.5 27.3 27 26.6 26.3 25.8 25.4 24.9 24.4 23.9 23.4 22.9 22.4 22 21.6 21.2 20.8 20.5 20.2 19.9 19.7 19.4 19.2 19 18.8 18.6 18.5 18.3 18.1 17.9 17.7 17.4 17.1 16.8 16.4 15.9 15.5 15.1 14.7 14.3 -3.4e+38 -3.4e+38 -3.4e+38 -3.4e+38 -3.4e+38 -3.4e+38 -3.4e+38 -3.4e+38 -3.4e+38 -3.4e+38 -3.4e+38 -3.4e+38 -3.4e+38 -3.4e+38 -3.4e+38
18.5 19.4 20.4 21.3 22.3 23.2 24.1 25 25.8 26.4 27 27.5 27.8 28.1 28.2 28.3 28.2 28 27.8 27.4 27 26.6 26.1 25.7 25.2 24.7 24.1 23.6 23.2 22.7 22.3 21.9 21.5 21.2 20.8 20.5 20.3 20 19.8 19.6 19.5 19.3 19.2 19 18.9 18.8 18.6 18.5 18.2 17.9 17.6 17.2 16.8 16.4 15.9 15.5 15.1 14.7 14.2 -3.4e+38 -3.4e+38 -3.4e+38 -3.4e+38 -3.4e+38 -3.4e+38 -3.4e+38 -3.4e+38 -3.4e+38 -3.4e+38 -3.4e+38 -3.4e+38 -3.4e+38
18.4 19.4 20.4 21.4 22.4 23.4 24.4 25.3 26.1 26.8 27.4 27.9 28.3 28.6 28.7 28.8 28.7 28.5 28.2 27.9 27.4 26.9 26.4 25.9 25.4 24.9 24.4 23.9 23.4 23 22.5 22.2 21.8 21.5 21.2 20.9 20.6 20.4 20.2 20 19.9 19.8 19.7 19.6 19.5 19.4 19.3 19.2 19 18.7 18.4 18 17.6 17.2 16.8 16.4 15.9 15.5 15 14.5 -3.4e+38 -3.4e+38 -3.4e+38 -3.4e+38 -3.4e+38 -3.4e+38 -3.4e+38 -3.4e+38 -3.4e+38 -3.4e+38 -3.4e+38 -3.4e+38
18.3 19.3 20.3 21.3 22.4 23.4 24.5 25.4 26.3 27 27.7 28.2 28.6 28.9 29.1 29.2 29.2 29.1 28.7 28.3 27.7 27.2 26.7 26.1 25.6 25.1 24.5 24.1 23.6 23.2 22.8 22.4 22.1 21.8 21.5 21.2 21 20.8 20.6 20.4 20.3 20.2 20.2 20.1 20 20 19.9 19.8 19.7 19.4 19.2 18.8 18.5 18.1 17.6 17.2 16.7 16.3 15.8 15.3 -3.4e+38 -3.4e+38 -3.4e+38 -3.4e+38 -3.4e+38 -3.4e+38 -3.4e+38 -3.4e+38 -3.4e+38 -3.4e+38 -3.4e+38 -3.4e+38
18.1 19.1 20.1 21.2 22.3 23.4 24.5 25.5 26.4 27.2 27.8 28.4 28.8 29.2 29.4 29.6 29.7 29.6 29.2 28.6 28 27.4 26.8 26.2 25.7 25.2 24.7 24.2 23.7 23.3 22.9 22.6 22.3 22 21.7 21.5 21.3 21.1 21 20.8 20.7 20.6 20.6 20.5 20.5 20.5 20.5 20.4 20.3 20.1 19.9 19.6 19.3 18.9 18.4 18 17.5 17 16.6 16.1 15.5 -3.4e+38 -3.4e+38 -3.4e+38 -3.4e+38 -3.4e+38 -3.4e+38 -3.4e+38 -3.4e+38 -3.4e+38 -3.4e+38 -3.4e+38
17.8 18.8 19.8 20.9 22 23.2 24.3 25.4 26.4 27.2 27.8 28.4 28.8 29.3 29.6 29.9 30.1 30.1 29.7 29 28.2 27.5 26.9 26.3 25.8 25.3 24.8 24.3 23.9 23.5 23.1 22.8 22.5 22.2 22 21.8 21.6 21.4 21.3 21.2 21.1 21 21 21 21 21 21 20.9 20.9 20.8 20.6 20.3 20 19.6 19.2 18.7 18.3 17.8 17.3 16.8 16.3 15.7 -3.4e+38 -3.4e+38 -3.4e+38 -3.4e+38 -3.4e+38 -3.4e+38 -3.4e+38 -3.4e+38 11.6 11.3
17.4 18.4 19.5 20.6 21.7 22.8 24 25.1 26.1 26.9 27.6 28.2 28.7 29.2 29.6 30 30.4 30.9 30.1 29 28.2 27.5 26.9 26.3 25.8 25.3 24.8 24.4 23.9 23.6 23.2 22.9 22.6 22.4 22.2 22 21.8 21.7 21.6 21.5 21.5 21.4 21.4 21.4 21.4 21.4 21.4 21.4 21.4 21.3 21.2 21 20.7 20.4 20 19.5 19 18.5 18.1 17.5 17 16.5 -3.4e+38 -3.4e+38 -3.4e+38 -3.4e+38 -3.4e+38 -3.4e+38 -3.4e+38 12.6 12.2 11.8
16.9 17.9 19 20.1 21.2 22.4 23.5 24.6 25.7 26.5 27.3 27.9 28.4 28.9 29.3 29.7 30.1 30.5 29.7 28.7 27.9 27.3 26.7 26.2 25.7 25.2 24.8 24.4 24 23.6 23.3 23 22.8 22.5 22.3 22.2 22 21.9 21.9 21.8 21.8 21.8 21.8 21.8 21.8 21.8 21.8 21.9 21.8 21.8 21.7 21.5 21.3 21 20.7 20.3 19.8 19.3 18.8 18.3 17.8 17.2 16.7 16.2 15.7 15.2 14.7 14.2 13.7 13.2 12.8 12.5
16.4 17.4 18.4 19.6 20.7 21.8 23 24.1 25.1 26 26.8 27.4 28 28.4 28.8 29.1 29.2 29.1 28.6 27.9 27.4 26.9 26.5 26.1 25.6 25.2 24.8 24.4 24 23.7 23.4 23.1 22.9 22.7 22.5 22.3 22.2 22.1 22.1 22.1 22.1 22.1 22.1 22.1 22.1 22.2 22.2 22.2 22.3 22.2 22.2 22 21.9 21.6 21.3 20.9 20.5 20 19.5 19 18.5 18 17.5 17 16.4 15.9 15.4 15 14.5 14 13.6 13.2
15.8 16.8 17.9 19 20.1 21.2 22.3 23.4 24.5 25.4 26.2 26.9 27.4 27.9 28.2 28.4 28.4 28.1 27.5 26.9 26.8 26.6 26.3 25.9 25.5 25.1 24.8 24.4 24.1 23.8 23.5 23.2 23 22.8 22.6 22.5 22.4 22.3 22.3 22.3 22.3 22.3 22.4 22.4 22.5 22.5 22.6 22.6 22.6 22.6 22.6 22.5 22.3 22.1 21.9 21.5 21.2 20.7 20.3 19.8 19.3 18.8 18.3 17.7 17.2 16.7 16.2 15.7 15.3 14.8 14.4 13.9
15.2 16.1 17.2 18.3 19.4 20.5 21.6 22.7 23.7 24.7 25.5 26.2 26.7 27.2 27.5 27.7 27.6 27.3 26.8 26.4 26.3 26.2 26 25.7 25.4 25.1 24.7 24.4 24.1 23.8 23.6 23.3 23.1 22.9 22.8 22.6 22.5 22.5 22.5 22.5 22.5 22.5 22.6 22.7 22.7 22.8 22.9 22.9 22.9 22.9 22.9 22.9 22.7 22.6 22.4 22.1 21.8 21.4 21 20.5 20.1 19.6 19.1 18.6 18.1 17.6 17.2 16.7 16.2 15.7 15.3 14.8
14.5 15.4 16.5 17.5 18.6 19.7 20.8 21.9 23 23.9 24.7 25.4 26 26.4 26.8 26.9 26.9 26.8 26.5 26.2 26.1 26 25.8 25.6 25.3 25 24.7 24.4 24.1 23.9 23.6 23.4 23.2 23 22.9 22.8 22.7 22.7 22.6 22.6 22.7 22.7 22.8 22.9 23 23.1 23.1 23.2 23.2 23.3 23.3 23.2 23.1 23 22.8 22.6 22.3 22 21.6 21.2 20.8 20.4 19.9 19.5 19 18.5 18.1 17.6 17.1 16.7 16.2 15.7
13.8 14.7 15.7 16.7 17.8 18.9 20 21.1 22.2 23.1 23.9 24.6 25.1 25.6 25.9 26.1 26.2 26.2 26.1 26 25.8 25.7 25.6 25.4 25.1 24.9 24.6 24.4 24.1 23.9 23.7 23.5 23.3 23.1 23 22.9 22.8 22.8 22.8 22.8 22.8 22.9 22.9 23 23.1 23.2 23.3 23.4 23.4 23.5 23.5 23.5 23.4 23.3 23.1 22.9 22.7 22.4 22.1 21.8 21.4 21 20.6 20.2 19.8 19.4 18.9 18.5 18 17.6 17.1 16.7
13 14 14.9 15.9 17 18.1 19.2 20.3 21.4 22.4 23.2 23.8 24.3 24.7 25 25.3 25.5 25.6 25.7 25.7 25.6 25.5 25.4 25.2 25 24.8 24.6 24.4 24.1 23.9 23.7 23.6 23.4 23.2 23.1 23 22.9 22.9 22.9 22.9 22.9 23 23.1 23.2 23.3 23.4 23.5 23.6 23.6 23.7 23.7 23.7 23.7 23.6 23.4 23.3 23.1 22.8 22.6 22.3 22 21.7 21.3 21 20.6 20.2 19.8 19.4 18.9 18.5 18.1 17.6
12.3 13.2 14.1 15.1 16.1 17.2 18.3 19.5 20.7 21.7 22.4 22.9 23.3 23.7 24.1 24.4 24.7 25 25.1 25.2 25.2 25.2 25.1 25 24.9 24.7 24.5 24.3 24.1 24 23.8 23.6 23.5 23.3 23.2 23.1 23 23 23 23 23 23.1 23.2 23.3 23.4 23.5 23.6 23.7 23.7 23.8 23.8 23.9 23.8 23.8 23.7 23.5 23.4 23.2 23 22.8 22.5 22.2 21.9 21.6 21.3 20.9 20.6 20.2 19.8 19.4 18.9 18.5
11.5 12.4 13.3 14.3 15.3 16.3 17.4 18.6 19.8 21.1 21.6 22 22.4 22.7 23.1 23.6 23.9 24.3 24.5 24.7 24.8 24.9 24.9 24.8 24.7 24.6 24.5 24.3 24.1 24 23.8 23.6 23.5 23.4 23.2 23.1 23.1 23 23 23 23.1 23.1 23.2 23.3 23.4 23.5 23.6 23.7 23.8 23.9 24 24 24 24 23.9 23.8 23.7 23.5 23.4 23.2 23 22.8 22.5 22.2 21.9 21.6 21.3 21 20.6 20.2 19.8 19.4
10.8 11.6 12.5 13.4 14.4 15.4 16.5 17.6 18.8 19.9 20.5 20.9 21.3 21.7 22.1 22.6 23.1 23.6 23.9 24.2 24.3 24.5 24.5 24.6 24.5 24.5 24.4 24.2 24.1 24 23.8 23.7 23.5 23.4 23.3 23.2 23.1 23.1 23 23.1 23.1 23.2 23.2 23.3 23.4 23.6 23.7 23.8 23.9 24 24 24.1 24.1 24.1 24.1 24 23.9 23.8 23.7 23.6 23.4 23.2 23 22.8 22.5 22.3 22 21.7 21.3 21 20.6 20.2
10.1 10.9 11.7 12.6 13.5 14.4 15.4 16.5 17.5 18.4 19.2 19.8 20.2 20.7 21.2 21.8 22.3 22.8 23.2 23.6 23.8 24 24.1 24.2 24.3 24.3 24.2 24.1 24 23.9 23.8 23.6 23.5 23.4 23.2 23.2 23.1 23 23 23 23.1 23.1 23.2 23.3 23.4 23.6 23.7 23.8 23.9 24 24.1 24.2 24.3 24.3 24.3 24.2 24.2 24.1 24 23.9 23.8 23.6 23.5 23.3 23.1 22.9 22.6 22.3 22 21.7 21.3 21
9.36 10.1 10.9 11.7 12.5 13.4 14.4 15.3 16.2 17.1 17.9 18.6 19.2 19.7 20.3 20.9 21.5 22.1 22.6 23 23.3 23.5 23.7 23.8 23.9 24 24 24 23.9 23.8 23.7 23.6 23.4 23.3 23.2 23.1 23 23 23 23 23 23.1 23.2 23.3 23.4 23.5 23.7 23.8 23.9 24.1 24.2 24.3 24.4 24.4 24.5 24.4 24.4 24.4 24.3 24.3 24.2 24.1 23.9 23.8 23.6 23.4 23.2 22.9 22.7 22.4 22 21.7
8.66 9.34 10.1 10.9 11.7 12.5 13.3 14.2 15.1 15.9 16.7 17.4 18.1 18.8 19.4 20.1 20.7 21.3 21.9 22.3 22.7 23 23.2 23.4 23.5 23.7 23.8 23.8 23.7 23.6 23.5 23.4 23.3 23.2 23.1 23 22.9 22.9 22.9 22.9 22.9 23 23.1 23.2 23.4 23.5 23.7 23.8 24 24.1 24.3 24.4 24.5 24.6 24.6 24.7 24.7 24.7 24.7 24.6 24.6 24.5 24.4 24.3 24.1 23.9 23.7 23.5 23.3 23 22.7 22.3
7.98 8.64 9.34 10.1 10.8 11.6 12.4 13.2 14 14.8 15.6 16.3 17.1 17.8 18.5 19.3 19.9 20.6 21.1 21.7 22.1 22.4 22.7 22.9 23.1 23.3 23.4 23.5 23.5 23.4 23.3 23.2 23.1 23 22.9 22.8 22.8 22.7 22.7 22.7 22.8 22.9 23 23.1 23.3 23.5 23.6 23.8 24 24.1 24.3 24.5 24.6 24.7 24.8 24.9 24.9 25 25 25 25 25 24.9 24.8 24.6 24.5 24.3 24.1 23.8 23.6 23.3 23
7.35 7.99 8.66 9.36 10.1 10.8 11.6 12.4 13.1 13.9 14.6 15.4 16.2 16.9 17.7 18.4 19.1 19.8 20.4 20.9 21.4 21.8 22.1 22.4 22.6 22.8 23 23.1 23.1 23.1 23 22.9 22.8 22.7 22.7 22.6 22.6 22.6 22.6 22.6 22.7 22.8 22.9 23 23.2 23.4 23.6 23.8 24 24.2 24.4 24.6 24.7 24.9 25 25.1 25.2 25.3 25.4 25.4 25.4 25.4 25.4 25.3 25.2 25.1 24.9 24.7 24.5 24.2 23.9 23.6
6.77 7.4 8.05 8.71 9.39 10.1 10.8 11.6 12.3 13 13.8 14.5 15.3 16.1 16.8 17.6 18.3 19 19.6 20.2 20.7 21.1 21.5 21.8 22.1 22.3 22.5 22.6 22.7 22.7 22.6 22.6 22.5 22.4 22.4 22.4 22.3 22.3 22.4 22.4 22.5 22.6 22.8 22.9 23.1 23.3 23.5 23.8 24 24.2 24.4 24.6 24.8 25 25.2 25.3 25.4 25.6 25.7 25.8 25.8 25.9 25.9 25.8 25.8 25.7 25.5 25.3 25.1 24.9 24.6 24.2
6.36 6.93 7.52 8.15 8.78 9.46 10.1 10.8 11.5 12.3 13 13.8 14.5 15.3 16 16.8 17.5 18.2 18.8 19.4 20 20.4 20.8 21.2 21.5 21.7 21.9 22 22.1 22.2 22.2 22.2 22.1 22.1 22.1 22.1 22.1 22.1 22.2 22.2 22.4 22.5 22.7 22.8 23 23.3 23.5 23.7 24 24.2 24.5 24.7 24.9 25.1 25.3 25.5 25.7 25.9 26 26.2 26.3 26.3 26.4 26.4 26.4 26.3 26.1 26 25.8 25.6 25.3 25
6.01 6.51 7.05 7.63 8.23 8.86 9.5 10.2 10.8 11.6 12.3 13 13.7 14.5 15.2 16 16.7 17.4 18 18.7 19.2 19.7 20.1 20.5 20.8 21.1 21.3 21.5 21.6 21.7 21.7 21.7 21.7 21.8 21.8 21.8 21.9 21.9 22 22 22.2 22.3 22.5 22.7 22.9 23.2 23.4 23.7 23.9 24.2 24.5 24.8 25 25.2 25.5 25.7 26 26.2 26.4 26.5 26.7 26.8 26.9 27 26.9 26.9 26.8 26.6 26.4 26.2 26 25.7
5.67 6.13 6.62 7.16 7.71 8.31 8.91 9.54 10.2 10.9 11.5 12.3 13 13.7 14.5 15.2 15.9 16.6 17.2 17.9 18.4 18.9 19.4 19.8 20.1 20.4 20.6 20.8 21 21.1 21.2 21.2 21.3 21.4 21.5 21.5 21.6 21.7 21.8 21.8 22 22.2 22.4 22.6 22.8 23.1 23.3 23.6 23.9 24.2 24.5 24.8 25.1 25.4 25.7 25.9 26.2 26.5 26.7 27 27.2 27.4 27.5 27.6 27.6 27.5 27.4 27.3 27.1 26.9 26.7 26.5
5.35 5.78 6.23 6.72 7.24 7.79 8.36 8.96 9.56 10.2 10.9 11.6 12.3 13 13.7 14.4 15.1 15.8 16.5 17.1 17.6 18.1 18.6 19 19.4 19.7 20 20.2 20.4 20.5 20.7 20.8 20.9 21 21.1 21.2 21.3 21.4 21.5 21.6 21.8 22 22.2 22.4 22.7 23 23.2 23.5 23.8 24.2 24.5 24.8 25.1 25.5 25.8 26.1 26.5 26.8 27.1 27.4 27.7 27.9 28.1 28.2 28.2 28.2 28.1 28 27.8 27.7 27.4 27.2
5.1 5.49 5.91 6.37 6.85 7.37 7.9 8.47 9.04 9.66 10.3 10.9 11.6 12.3 13 13.7 14.4 15 15.7 16.3 16.8 17.3 17.8 18.2 18.6 19 19.3 19.5 19.7 19.9 20.1 20.3 20.4 20.6 20.7 20.9 21 21.1 21.3 21.4 21.6 21.8 22 22.3 22.6 22.9 23.1 23.4 23.8 24.1 24.5 24.9 25.2 25.6 25.9 26.3 26.7 27.1 27.4 27.8 28.1 28.5 28.7 28.9 28.9 28.9 28.8 28.7 28.6 28.4 28.2 28
4.87 5.24 5.62 6.05 6.49 6.98 7.47 8.01 8.55 9.14 9.73 10.4 11 11.7 12.3 12.9 13.6 14.2 14.9 15.5 16 16.5 17 17.4 17.9 18.2 18.6 18.8 19.1 19.3 19.5 19.7 19.9 20.2 20.4 20.5 20.7 20.9 21 21.1 21.4 21.6 21.9 22.1 22.4 22.7 23 23.4 23.7 24.1 24.5 24.9 25.3 25.7 26.1 26.5 26.9 27.4 27.8 28.2 28.6 29 29.4 29.6 29.6 29.6 29.5 29.4 29.3 29.2 29 28.8
4.68 5.01 5.37 5.76 6.16 6.61 7.07 7.57 8.09 8.64 9.21 9.8 10.4 11 11.7 12.3 12.9 13.5 14.1 14.6 15.2 15.7 16.2 16.6 17.1 17.5 17.8 18.1 18.4 18.7 19 19.2 19.4 19.7 20 20.2 20.4 20.6 20.7 20.9 21.2 21.4 21.7 22 22.3 22.6 22.9 23.3 23.6 24 24.5 24.9 25.3 25.8 26.2 26.7 27.2 27.6 28.1 28.6 29 29.5 29.9 30.2 30.3 30.3 30.3 30.2 30.2 30.1 29.9 29.7
