maui/input/month_year_rainfall/maui_prcp_08_2002.asc
ncols        361
nrows        320
xllcorner    -156.738000000000
yllcorner    20.343000000000
cellsize     0.002250000000
NODATA_value -3.4028234663852885981e+38
[rows 96 to 127 of 320, columns 216 to 287 of 361]
11.5 11.7 11.8 12 12.1 12.2 12.3 12.4 12.4 12.4 12.4 12.3 12.3 12.2 12.2 12.1 12 11.9 11.7 11.6 11.4 11.3 11.1 11 10.8 10.6 10.4 10.3 10.1 9.95 9.82 9.7 9.6 9.49 9.4 9.33 9.25 9.17 9.09 9 8.91 8.83 8.73 8.64 8.54 8.45 8.35 8.24 8.11 7.96 7.77 7.57 7.34 7.15 6.96 6.76 -3.4e+38 -3.4e+38 -3.4e+38 -3.4e+38 -3.4e+38 -3.4e+38 -3.4e+38 -3.4e+38 -3.4e+38 -3.4e+38 -3.4e+38 -3.4e+38 -3.4e+38 -3.4e+38 -3.4e+38 -3.4e+38
11.7 11.9 12.1 12.3 12.4 12.5 12.6 12.7 12.7 12.7 12.7 12.7 12.6 12.6 12.5 12.4 12.3 12.1 12 11.8 11.6 11.4 11.3 11.1 10.9 10.7 10.5 10.3 10.2 10 9.87 9.75 9.65 9.57 9.5 9.44 9.39 9.33 9.27 9.21 9.14 9.08 9 8.93 8.85 8.79 8.71 8.62 8.51 8.38 8.22 8.04 7.83 7.64 7.45 7.24 7.03 -3.4e+38 -3.4e+38 -3.4e+38 -3.4e+38 -3.4e+38 -3.4e+38 -3.4e+38 -3.4e+38 -3.4e+38 -3.4e+38 -3.4e+38 -3.4e+38 -3.4e+38 -3.4e+38 -3.4e+38
11.9 12.1 12.3 12.5 12.7 12.8 12.9 13 13.1 13.1 13.1 13 13 12.9 12.8 12.7 12.6 12.4 12.2 12 11.8 11.6 11.4 11.2 11 10.8 10.6 10.4 10.2 10 9.89 9.78 9.71 9.64 9.59 9.55 9.52 9.48 9.44 9.4 9.35 9.31 9.25 9.2 9.15 9.1 9.04 8.98 8.89 8.78 8.65 8.49 8.31 8.12 7.92 7.71 7.5 -3.4e+38 -3.4e+38 -3.4e+38 -3.4e+38 -3.4e+38 -3.4e+38 -3.4e+38 -3.4e+38 -3.4e+38 -3.4e+38 -3.4e+38 -3.4e+38 -3.4e+38 -3.4e+38 -3.4e+38
12 12.2 12.5 12.7 12.9 13.1 13.2 13.3 13.4 13.4 13.4 13.4 13.3 13.2 13.1 13 12.8 12.6 12.4 12.2 12 11.7 11.5 11.3 11.1 10.9 10.7 10.5 10.3 10.1 9.9 9.82 9.76 9.71 9.67 9.65 9.62 9.6 9.58 9.56 9.53 9.5 9.46 9.43 9.4 9.38 9.34 9.3 9.24 9.16 9.05 8.91 8.76 8.58 8.39 8.19 7.99 7.74 7.49 -3.4e+38 -3.4e+38 -3.4e+38 -3.4e+38 -3.4e+38 -3.4e+38 -3.4e+38 -3.4e+38 -3.4e+38 -3.4e+38 -3.4e+38 -3.4e+38 -3.4e+38
12 12.3 12.6 12.8 13.1 13.3 13.5 13.6 13.7 13.7 13.7 13.7 13.6 13.5 13.4 13.3 13.1 12.9 12.6 12.4 12.1 11.9 11.7 11.4 11.2 11 10.8 10.6 10.3 10.1 9.98 9.9 9.84 9.79 9.76 9.74 9.73 9.72 9.71 9.7 9.69 9.67 9.66 9.65 9.64 9.63 9.62 9.6 9.57 9.51 9.43 9.31 9.18 9.02 8.84 8.65 8.46 8.22 7.97 7.68 -3.4e+38 -3.4e+38 -3.4e+38 -3.4e+38 -3.4e+38 -3.4e+38 -3.4e+38 -3.4e+38 -3.4e+38 -3.4e+38 -3.4e+38 -3.4e+38
12 12.3 12.6 12.9 13.2 13.4 13.7 13.9 14 14 14 14 13.9 13.8 13.7 13.5 13.4 13.1 12.9 12.6 12.3 12 11.8 11.5 11.3 11.1 10.9 10.6 10.4 10.2 10.1 9.99 9.92 9.88 9.85 9.84 9.84 9.83 9.83 9.82 9.82 9.82 9.82 9.83 9.84 9.86 9.87 9.87 9.86 9.83 9.77 9.69 9.58 9.43 9.26 9.08 8.9 8.68 8.45 8.17 -3.4e+38 -3.4e+38 -3.4e+38 -3.4e+38 -3.4e+38 -3.4e+38 -3.4e+38 -3.4e+38 -3.4e+38 -3.4e+38 -3.4e+38 -3.4e+38
11.9 12.3 12.6 12.9 13.2 13.5 13.8 14.1 14.3 14.3 14.3 14.2 14.1 14 13.9 13.8 13.6 13.4 13.1 12.8 12.5 12.2 11.9 11.6 11.4 11.2 10.9 10.7 10.5 10.3 10.2 10.1 10 9.96 9.94 9.93 9.94 9.94 9.94 9.94 9.95 9.96 9.97 9.99 10 10.1 10.1 10.1 10.1 10.1 10.1 10 9.94 9.81 9.66 9.49 9.32 9.12 8.9 8.64 8.35 -3.4e+38 -3.4e+38 -3.4e+38 -3.4e+38 -3.4e+38 -3.4e+38 -3.4e+38 -3.4e+38 -3.4e+38 -3.4e+38 -3.4e+38
11.7 12.1 12.5 12.9 13.2 13.6 13.9 14.2 14.5 14.5 14.4 14.4 14.3 14.2 14.1 14 13.9 13.7 13.4 13 12.6 12.3 12 11.7 11.5 11.2 11 10.8 10.6 10.4 10.3 10.2 10.1 10 10 10 10 10 10 10.1 10.1 10.1 10.1 10.1 10.2 10.2 10.3 10.3 10.4 10.4 10.4 10.3 10.3 10.2 10.1 9.88 9.7 9.52 9.31 9.07 8.81 8.51 -3.4e+38 -3.4e+38 -3.4e+38 -3.4e+38 -3.4e+38 -3.4e+38 -3.4e+38 -3.4e+38 5.96 5.74
11.4 11.9 12.3 12.7 13.1 13.5 13.9 14.2 14.4 14.5 14.5 14.4 14.4 14.3 14.2 14.1 14.1 14.1 13.7 13.2 12.7 12.3 12 11.7 11.5 11.3 11 10.8 10.7 10.5 10.3 10.2 10.2 10.1 10.1 10.1 10.1 10.1 10.1 10.2 10.2 10.2 10.2 10.3 10.3 10.4 10.4 10.5 10.5 10.6 10.6 10.6 10.6 10.5 10.4 10.3 10.1 9.91 9.71 9.49 9.24 8.95 -3.4e+38 -3.4e+38 -3.4e+38 -3.4e+38 -3.4e+38 -3.4e+38 -3.4e+38 6.58 6.33 6.08
11.1 11.6 12.1 12.5 13 13.4 13.7 14.1 14.3 14.4 14.5 14.5 14.4 14.3 14.2 14.1 14.1 14.1 13.7 13.2 12.7 12.3 12 11.8 11.5 11.3 11.1 10.9 10.7 10.5 10.4 10.3 10.2 10.2 10.1 10.2 10.2 10.2 10.2 10.2 10.3 10.3 10.3 10.4 10.4 10.5 10.6 10.6 10.7 10.8 10.8 10.8 10.8 10.8 10.7 10.6 10.5 10.3 10.1 9.88 9.64 9.38 9.1 8.81 8.51 8.21 7.9 7.59 7.28 6.97 6.7 6.44
10.8 11.3 11.8 12.3 12.8 13.2 13.6 13.9 14.1 14.3 14.4 14.4 14.3 14.3 14.2 14.1 14 13.8 13.5 13.1 12.7 12.3 12 11.7 11.5 11.3 11.1 10.9 10.7 10.6 10.4 10.3 10.2 10.2 10.2 10.2 10.2 10.2 10.2 10.3 10.3 10.4 10.4 10.5 10.5 10.6 10.7 10.8 10.8 10.9 11 11 11 11 11 10.9 10.8 10.6 10.5 10.3 10.1 9.81 9.55 9.27 8.98 8.68 8.38 8.07 7.76 7.44 7.15 6.87
10.4 11 11.5 12 12.5 12.9 13.3 13.7 14 14.2 14.3 14.3 14.3 14.2 14.1 13.9 13.7 13.5 13.3 13 12.6 12.3 12 11.7 11.5 11.2 11.1 10.9 10.7 10.6 10.4 10.3 10.3 10.2 10.2 10.2 10.2 10.2 10.3 10.3 10.4 10.4 10.5 10.5 10.6 10.7 10.8 10.9 10.9 11 11.1 11.2 11.2 11.2 11.2 11.2 11.1 11 10.8 10.7 10.5 10.2 9.99 9.72 9.45 9.16 8.86 8.55 8.25 7.93 7.63 7.33
10 10.6 11.1 11.6 12.2 12.6 13.1 13.5 13.8 14.1 14.2 14.2 14.1 14 13.9 13.7 13.5 13.3 13 12.8 12.5 12.1 11.9 11.6 11.4 11.2 11 10.8 10.7 10.6 10.4 10.3 10.3 10.2 10.2 10.2 10.2 10.2 10.3 10.3 10.4 10.4 10.5 10.6 10.7 10.8 10.8 10.9 11 11.1 11.2 11.3 11.4 11.4 11.4 11.4 11.4 11.3 11.2 11 10.8 10.7 10.4 10.2 9.96 9.69 9.41 9.11 8.82 8.51 8.2 7.88
9.59 10.1 10.7 11.2 11.8 12.3 12.8 13.3 13.6 13.9 14 14.1 14 13.9 13.7 13.5 13.3 13.1 12.8 12.6 12.3 12 11.8 11.5 11.3 11.1 11 10.8 10.7 10.5 10.4 10.3 10.3 10.2 10.2 10.2 10.2 10.2 10.3 10.3 10.4 10.4 10.5 10.6 10.7 10.8 10.9 11 11.1 11.2 11.3 11.4 11.5 11.6 11.6 11.6 11.6 11.5 11.5 11.3 11.2 11.1 10.9 10.7 10.5 10.2 9.96 9.68 9.39 9.08 8.77 8.44
9.13 9.66 10.2 10.8 11.4 11.9 12.5 13 13.4 13.7 13.9 13.9 13.8 13.6 13.5 13.3 13 12.8 12.6 12.3 12.1 11.9 11.6 11.4 11.2 11 10.9 10.7 10.6 10.5 10.4 10.3 10.2 10.2 10.2 10.2 10.2 10.2 10.2 10.3 10.4 10.4 10.5 10.6 10.7 10.8 10.9 11 11.2 11.3 11.4 11.5 11.6 11.7 11.7 11.7 11.8 11.7 11.7 11.6 11.5 11.4 11.3 11.1 10.9 10.7 10.5 10.2 9.95 9.66 9.35 9.03
8.65 9.17 9.72 10.3 10.9 11.5 12.1 12.7 13.2 13.6 13.7 13.7 13.5 13.4 13.2 13 12.8 12.6 12.3 12.1 11.9 11.7 11.5 11.3 11.1 10.9 10.8 10.6 10.5 10.4 10.3 10.2 10.2 10.1 10.1 10.1 10.1 10.2 10.2 10.3 10.3 10.4 10.5 10.6 10.7 10.8 11 11.1 11.2 11.3 11.4 11.5 11.6 11.7 11.8 11.9 11.9 11.9 11.9 11.8 11.8 11.7 11.6 11.5 11.3 11.2 11 10.7 10.5 10.2 9.92 9.61
8.14 8.65 9.19 9.77 10.4 11 11.7 12.3 12.9 13.4 13.5 13.4 13.2 13 12.8 12.6 12.4 12.3 12.1 11.9 11.7 11.5 11.3 11.1 11 10.8 10.7 10.5 10.4 10.3 10.2 10.1 10.1 10.1 10.1 10.1 10.1 10.1 10.2 10.2 10.3 10.4 10.5 10.6 10.7 10.8 11 11.1 11.2 11.3 11.4 11.6 11.7 11.8 11.9 12 12 12.1 12.1 12.1 12 12 11.9 11.8 11.7 11.6 11.4 11.2 11 10.7 10.5 10.2
7.62 8.12 8.65 9.23 9.84 10.5 11.2 11.8 12.5 13.2 13.2 13 12.8 12.6 12.4 12.2 12.1 11.9 11.8 11.6 11.4 11.3 11.1 11 10.8 10.7 10.5 10.4 10.3 10.2 10.1 10.1 10 9.99 9.98 9.99 10 10 10.1 10.2 10.2 10.3 10.5 10.6 10.7 10.8 11 11.1 11.2 11.4 11.5 11.6 11.8 11.9 12 12.1 12.2 12.2 12.3 12.3 12.2 12.2 12.2 12.1 12 11.9 11.8 11.6 11.4 11.2 11 10.7
7.1 7.57 8.09 8.66 9.26 9.9 10.5 11.2 11.9 12.4 12.5 12.4 12.2 12.1 11.9 11.8 11.7 11.5 11.4 11.3 11.2 11 10.9 10.8 10.6 10.5 10.4 10.3 10.2 10.1 10 9.94 9.91 9.89 9.89 9.9 9.93 9.97 10 10.1 10.2 10.3 10.4 10.5 10.7 10.8 11 11.1 11.3 11.4 11.5 11.7 11.8 12 12.1 12.2 12.3 12.4 12.4 12.4 12.5 12.5 12.4 12.4 12.3 12.3 12.1 12 11.8 11.6 11.4 11.2
6.56 7.02 7.52 8.06 8.64 9.24 9.85 10.5 11 11.5 11.7 11.7 11.6 11.5 11.4 11.3 11.2 11.1 11.1 11 10.9 10.8 10.7 10.5 10.4 10.3 10.2 10.1 10 9.94 9.87 9.82 9.8 9.79 9.79 9.81 9.84 9.89 9.95 10 10.1 10.3 10.4 10.5 10.7 10.8 11 11.1 11.3 11.5 11.6 11.8 11.9 12.1 12.2 12.4 12.5 12.6 12.6 12.7 12.7 12.7 12.7 12.7 12.6 12.6 12.5 12.3 12.2 12 11.8 11.6
6.02 6.46 6.94 7.45 7.99 8.56 9.12 9.68 10.2 10.6 10.8 10.9 10.9 10.9 10.9 10.8 10.8 10.7 10.7 10.6 10.5 10.5 10.4 10.3 10.2 10.1 10 9.95 9.86 9.79 9.73 9.7 9.68 9.67 9.68 9.71 9.75 9.81 9.88 9.97 10.1 10.2 10.4 10.5 10.7 10.8 11 11.2 11.4 11.5 11.7 11.9 12.1 12.2 12.4 12.5 12.7 12.8 12.8 12.9 12.9 12.9 12.9 12.9 12.9 12.8 12.8 12.7 12.5 12.4 12.2 12
5.48 5.9 6.35 6.85 7.35 7.88 8.4 8.91 9.36 9.73 10 10.2 10.3 10.3 10.3 10.3 10.3 10.3 10.3 10.2 10.2 10.2 10.1 10 9.97 9.9 9.83 9.76 9.69 9.63 9.59 9.56 9.55 9.55 9.57 9.61 9.66 9.72 9.81 9.91 10 10.2 10.3 10.5 10.7 10.9 11.1 11.2 11.4 11.6 11.8 12 12.2 12.4 12.6 12.8 12.9 13 13.1 13.2 13.2 13.2 13.3 13.2 13.2 13.2 13.1 13 12.9 12.7 12.5 12.4
4.95 5.34 5.79 6.26 6.74 7.23 7.71 8.18 8.59 8.95 9.24 9.45 9.6 9.71 9.78 9.83 9.85 9.86 9.85 9.85 9.84 9.82 9.78 9.74 9.7 9.65 9.61 9.56 9.52 9.48 9.44 9.43 9.42 9.43 9.46 9.5 9.57 9.64 9.74 9.85 9.98 10.1 10.3 10.5 10.7 10.9 11.1 11.3 11.5 11.7 11.9 12.2 12.4 12.6 12.8 13 13.1 13.3 13.4 13.5 13.5 13.6 13.6 13.6 13.6 13.5 13.4 13.3 13.2 13.1 12.9 12.7
4.44 4.84 5.27 5.72 6.18 6.63 7.07 7.5 7.89 8.24 8.53 8.77 8.96 9.11 9.22 9.3 9.35 9.4 9.42 9.45 9.46 9.46 9.45 9.44 9.42 9.39 9.37 9.34 9.32 9.3 9.29 9.29 9.29 9.31 9.35 9.41 9.48 9.57 9.67 9.79 9.94 10.1 10.3 10.5 10.7 10.9 11.1 11.4 11.6 11.8 12.1 12.3 12.6 12.8 13 13.2 13.4 13.5 13.7 13.8 13.9 14 14 14 14 13.9 13.9 13.8 13.6 13.5 13.3 13.1
3.99 4.4 4.82 5.24 5.66 6.08 6.48 6.88 7.24 7.58 7.87 8.13 8.34 8.52 8.66 8.77 8.85 8.93 8.98 9.03 9.07 9.1 9.12 9.13 9.13 9.12 9.12 9.12 9.12 9.12 9.13 9.14 9.16 9.2 9.24 9.31 9.39 9.49 9.61 9.74 9.9 10.1 10.3 10.5 10.7 11 11.2 11.5 11.7 12 12.3 12.5 12.8 13 13.3 13.5 13.7 13.8 14 14.1 14.2 14.3 14.4 14.4 14.4 14.4 14.3 14.3 14.1 14 13.8 13.6
3.73 4.07 4.44 4.83 5.21 5.59 5.96 6.32 6.66 6.99 7.28 7.54 7.77 7.96 8.11 8.24 8.35 8.45 8.53 8.61 8.67 8.73 8.77 8.8 8.83 8.85 8.87 8.89 8.92 8.94 8.96 8.99 9.02 9.08 9.14 9.22 9.32 9.43 9.56 9.71 9.88 10.1 10.3 10.5 10.8 11 11.3 11.6 11.9 12.2 12.4 12.7 13 13.3 13.6 13.8 14 14.2 14.4 14.5 14.7 14.8 14.9 14.9 14.9 14.9 14.8 14.8 14.6 14.5 14.3 14.1
3.53 3.81 4.12 4.46 4.8 5.15 5.48 5.82 6.13 6.44 6.73 6.99 7.22 7.42 7.59 7.73 7.86 7.98 8.09 8.19 8.27 8.35 8.41 8.47 8.53 8.57 8.62 8.66 8.71 8.75 8.79 8.83 8.88 8.96 9.04 9.13 9.24 9.37 9.52 9.68 9.87 10.1 10.3 10.6 10.8 11.1 11.4 11.7 12 12.3 12.6 13 13.3 13.6 13.9 14.1 14.4 14.6 14.8 14.9 15.1 15.2 15.3 15.4 15.4 15.4 15.3 15.3 15.2 15 14.9 14.7
3.35 3.58 3.85 4.14 4.43 4.75 5.05 5.35 5.64 5.93 6.21 6.47 6.7 6.91 7.09 7.25 7.39 7.53 7.65 7.77 7.87 7.97 8.06 8.15 8.23 8.3 8.37 8.43 8.5 8.56 8.62 8.68 8.75 8.85 8.95 9.06 9.18 9.33 9.49 9.66 9.87 10.1 10.4 10.6 10.9 11.2 11.5 11.9 12.2 12.5 12.9 13.2 13.6 13.9 14.2 14.5 14.8 15 15.2 15.4 15.6 15.7 15.9 15.9 16 16 15.9 15.8 15.7 15.6 15.4 15.3
3.17 3.37 3.6 3.85 4.11 4.38 4.65 4.93 5.19 5.46 5.72 5.98 6.21 6.42 6.6 6.78 6.94 7.08 7.22 7.35 7.48 7.6 7.72 7.83 7.93 8.02 8.11 8.2 8.28 8.36 8.45 8.53 8.63 8.74 8.86 8.99 9.13 9.29 9.47 9.66 9.88 10.1 10.4 10.7 11 11.3 11.7 12 12.4 12.7 13.1 13.5 13.9 14.2 14.6 14.9 15.2 15.5 15.7 15.9 16.1 16.3 16.4 16.5 16.6 16.5 16.5 16.4 16.3 16.2 16 15.9
3.02 3.2 3.39 3.6 3.83 4.07 4.31 4.56 4.8 5.04 5.29 5.53 5.75 5.96 6.15 6.32 6.49 6.65 6.8 6.95 7.1 7.24 7.37 7.5 7.63 7.75 7.86 7.97 8.07 8.17 8.28 8.39 8.5 8.64 8.78 8.93 9.09 9.27 9.46 9.67 9.91 10.2 10.5 10.8 11.1 11.5 11.8 12.2 12.6 13 13.4 13.8 14.2 14.6 14.9 15.3 15.6 15.9 16.2 16.5 16.7 16.9 17.1 17.2 17.3 17.3 17.2 17.1 17 16.9 16.7 16.5
2.89 3.03 3.2 3.38 3.57 3.79 4 4.22 4.43 4.66 4.88 5.11 5.33 5.52 5.71 5.89 6.06 6.23 6.4 6.57 6.73 6.88 7.04 7.19 7.33 7.47 7.6 7.73 7.86 7.98 8.12 8.25 8.38 8.54 8.71 8.88 9.06 9.26 9.47 9.69 9.95 10.2 10.6 10.9 11.2 11.6 12 12.4 12.8 13.2 13.7 14.1 14.5 14.9 15.3 15.7 16.1 16.4 16.7 17 17.3 17.6 17.8 17.9 18 18 18 17.9 17.8 17.7 17.5 17.3
2.77 2.89 3.03 3.19 3.35 3.53 3.72 3.91 4.11 4.31 4.51 4.72 4.92 5.11 5.29 5.48 5.66 5.84 6.02 6.19 6.37 6.54 6.71 6.88 7.05 7.2 7.35 7.49 7.64 7.79 7.95 8.1 8.26 8.45 8.64 8.83 9.03 9.25 9.48 9.72 10 10.3 10.6 11 11.4 11.8 12.2 12.6 13 13.5 13.9 14.4 14.9 15.3 15.7 16.1 16.5 16.9 17.3 17.6 17.9 18.2 18.4 18.6 18.7 18.8 18.8 18.7 18.7 18.6 18.4 18.2
