maui/input/month_year_rainfall/maui_prcp_03_2001.asc
ncols        361
nrows        320
xllcorner    -156.738000000000
yllcorner    20.343000000000
cellsize     0.002250000000
NODATA_value -3.4028234663852885981e+38
[rows 96 to 127 of 320, columns 142 to 212 of 361]
0.387 0.395 0.403 0.412 0.42 0.43 0.439 0.45 0.46 0.471 0.482 0.495 0.509 0.526 0.544 0.562 0.583 0.605 0.629 0.656 0.687 0.72 0.754 0.789 0.825 0.862 0.899 0.934 0.97 1 1.02 1.03 1.04 1.05 1.06 1.07 1.09 1.1 1.12 1.15 1.19 1.23 1.3 1.37 1.47 1.58 1.71 1.86 2.04 2.23 2.44 2.66 2.89 3.12 3.36 3.61 3.85 4.08 4.31 4.55 4.79 5.05 5.31 5.58 5.86 6.14 6.45 6.75 7.07 7.39 7.72
0.374 0.382 0.39 0.399 0.407 0.416 0.425 0.435 0.445 0.456 0.467 0.479 0.493 0.508 0.525 0.543 0.563 0.583 0.605 0.63 0.659 0.689 0.721 0.754 0.787 0.821 0.855 0.888 0.921 0.948 0.97 0.984 0.995 1 1.01 1.03 1.04 1.05 1.07 1.1 1.13 1.18 1.25 1.32 1.42 1.53 1.66 1.81 2 2.19 2.39 2.61 2.84 3.08 3.32 3.57 3.82 4.05 4.29 4.53 4.78 5.04 5.31 5.58 5.87 6.17 6.49 6.8 7.12 7.45 7.8
0.362 0.37 0.378 0.387 0.394 0.403 0.411 0.421 0.431 0.442 0.453 0.464 0.477 0.491 0.507 0.524 0.543 0.562 0.583 0.605 0.632 0.66 0.69 0.72 0.75 0.781 0.812 0.843 0.872 0.897 0.919 0.935 0.949 0.959 0.97 0.982 0.995 1.01 1.03 1.05 1.09 1.13 1.2 1.27 1.37 1.48 1.61 1.76 1.94 2.14 2.34 2.56 2.79 3.02 3.26 3.52 3.78 4.01 4.25 4.49 4.75 5.01 5.28 5.57 5.87 6.18 6.51 6.82 7.16 7.5 7.85
0.35 0.358 0.366 0.374 0.382 0.389 0.397 0.407 0.416 0.426 0.437 0.448 0.46 0.473 0.488 0.504 0.522 0.54 0.56 0.58 0.605 0.63 0.658 0.686 0.714 0.743 0.771 0.8 0.827 0.85 0.871 0.888 0.903 0.915 0.927 0.939 0.951 0.963 0.979 1 1.04 1.09 1.15 1.23 1.32 1.43 1.56 1.71 1.89 2.08 2.28 2.5 2.72 2.95 3.19 3.44 3.7 3.94 4.19 4.43 4.68 4.95 5.23 5.52 5.83 6.15 6.47 6.8 7.14 7.49 7.85
0.339 0.347 0.355 0.362 0.369 0.376 0.384 0.392 0.402 0.412 0.422 0.432 0.444 0.456 0.47 0.485 0.502 0.519 0.537 0.556 0.578 0.602 0.628 0.654 0.679 0.706 0.732 0.758 0.784 0.805 0.826 0.843 0.859 0.872 0.885 0.898 0.909 0.92 0.935 0.956 0.996 1.04 1.11 1.18 1.27 1.38 1.51 1.66 1.83 2.02 2.22 2.44 2.65 2.88 3.11 3.36 3.61 3.86 4.11 4.35 4.6 4.87 5.15 5.45 5.76 6.08 6.41 6.74 7.09 7.45 7.83
0.328 0.336 0.343 0.35 0.357 0.364 0.371 0.378 0.387 0.396 0.406 0.416 0.427 0.438 0.452 0.466 0.482 0.498 0.514 0.531 0.552 0.575 0.598 0.622 0.646 0.671 0.695 0.72 0.743 0.764 0.783 0.801 0.817 0.831 0.845 0.858 0.87 0.882 0.896 0.916 0.956 1 1.07 1.14 1.23 1.33 1.46 1.6 1.77 1.96 2.16 2.36 2.58 2.8 3.03 3.27 3.51 3.76 4 4.24 4.5 4.77 5.05 5.35 5.66 5.97 6.3 6.64 7 7.37 7.76
0.318 0.325 0.332 0.339 0.346 0.352 0.358 0.366 0.373 0.382 0.391 0.4 0.41 0.421 0.434 0.447 0.462 0.477 0.492 0.508 0.528 0.548 0.571 0.593 0.615 0.638 0.661 0.683 0.706 0.725 0.744 0.762 0.778 0.793 0.807 0.821 0.834 0.847 0.862 0.883 0.921 0.965 1.03 1.09 1.19 1.29 1.41 1.55 1.71 1.89 2.09 2.29 2.5 2.71 2.94 3.17 3.4 3.64 3.89 4.13 4.38 4.65 4.93 5.22 5.53 5.84 6.18 6.52 6.88 7.26 7.65
0.309 0.315 0.322 0.328 0.335 0.341 0.347 0.353 0.36 0.368 0.376 0.384 0.394 0.404 0.416 0.428 0.442 0.456 0.47 0.485 0.504 0.523 0.544 0.565 0.586 0.607 0.628 0.649 0.67 0.689 0.707 0.724 0.741 0.756 0.771 0.786 0.8 0.814 0.83 0.852 0.887 0.93 0.99 1.06 1.15 1.25 1.36 1.5 1.66 1.83 2.01 2.21 2.41 2.62 2.84 3.06 3.29 3.52 3.76 3.99 4.24 4.5 4.78 5.07 5.37 5.69 6.02 6.36 6.73 7.11 7.51
0.301 0.307 0.312 0.318 0.324 0.33 0.336 0.342 0.347 0.354 0.361 0.369 0.378 0.387 0.398 0.41 0.423 0.436 0.449 0.463 0.481 0.499 0.519 0.538 0.558 0.577 0.597 0.617 0.637 0.655 0.672 0.69 0.706 0.721 0.736 0.751 0.766 0.781 0.798 0.82 0.855 0.897 0.954 1.02 1.11 1.2 1.32 1.45 1.6 1.76 1.94 2.13 2.32 2.52 2.73 2.94 3.16 3.38 3.61 3.84 4.09 4.34 4.61 4.89 5.19 5.51 5.83 6.17 6.54 6.92 7.32
0.293 0.298 0.303 0.309 0.315 0.32 0.325 0.33 0.335 0.341 0.347 0.354 0.362 0.371 0.381 0.392 0.404 0.416 0.429 0.442 0.459 0.476 0.495 0.513 0.531 0.55 0.569 0.587 0.606 0.623 0.64 0.657 0.673 0.688 0.703 0.718 0.733 0.748 0.766 0.788 0.823 0.864 0.92 0.982 1.07 1.16 1.28 1.4 1.54 1.7 1.86 2.04 2.23 2.42 2.62 2.82 3.03 3.24 3.46 3.69 3.92 4.16 4.42 4.7 4.99 5.3 5.62 5.96 6.32 6.7 7.09
0.285 0.29 0.295 0.3 0.305 0.311 0.315 0.319 0.324 0.329 0.334 0.34 0.347 0.355 0.365 0.375 0.386 0.398 0.41 0.423 0.438 0.454 0.472 0.489 0.507 0.524 0.542 0.56 0.578 0.594 0.61 0.626 0.642 0.657 0.671 0.686 0.701 0.716 0.735 0.758 0.792 0.832 0.887 0.947 1.03 1.12 1.23 1.35 1.48 1.63 1.79 1.96 2.13 2.31 2.5 2.69 2.89 3.09 3.29 3.51 3.73 3.97 4.22 4.48 4.77 5.07 5.38 5.71 6.06 6.43 6.81
0.278 0.282 0.286 0.291 0.296 0.301 0.305 0.309 0.313 0.317 0.322 0.327 0.334 0.341 0.349 0.359 0.369 0.381 0.392 0.404 0.419 0.434 0.451 0.467 0.483 0.5 0.517 0.534 0.551 0.567 0.582 0.598 0.613 0.627 0.641 0.655 0.67 0.686 0.705 0.727 0.762 0.801 0.855 0.914 0.994 1.08 1.18 1.3 1.42 1.56 1.71 1.87 2.04 2.21 2.38 2.56 2.75 2.93 3.12 3.33 3.54 3.76 4 4.26 4.53 4.82 5.12 5.45 5.79 6.14 6.5
0.271 0.274 0.278 0.282 0.286 0.291 0.294 0.298 0.302 0.306 0.31 0.315 0.321 0.327 0.335 0.343 0.354 0.364 0.375 0.387 0.401 0.415 0.431 0.447 0.462 0.478 0.494 0.51 0.527 0.542 0.557 0.572 0.586 0.599 0.612 0.626 0.64 0.655 0.674 0.697 0.732 0.771 0.824 0.882 0.958 1.04 1.14 1.24 1.36 1.49 1.63 1.78 1.93 2.09 2.26 2.42 2.59 2.77 2.95 3.14 3.33 3.54 3.77 4.01 4.27 4.55 4.85 5.16 5.48 5.82 6.17
0.264 0.267 0.27 0.274 0.277 0.281 0.285 0.288 0.292 0.295 0.299 0.303 0.309 0.315 0.322 0.329 0.339 0.349 0.36 0.371 0.384 0.397 0.412 0.427 0.442 0.457 0.472 0.488 0.504 0.518 0.533 0.547 0.561 0.573 0.586 0.599 0.612 0.626 0.645 0.669 0.704 0.743 0.795 0.851 0.923 1 1.09 1.19 1.3 1.42 1.55 1.69 1.83 1.98 2.13 2.28 2.44 2.6 2.77 2.94 3.13 3.33 3.54 3.77 4.02 4.28 4.56 4.86 5.17 5.49 5.82
0.257 0.26 0.262 0.265 0.268 0.272 0.275 0.278 0.282 0.285 0.288 0.293 0.298 0.303 0.309 0.316 0.325 0.335 0.345 0.356 0.368 0.381 0.395 0.409 0.423 0.438 0.452 0.467 0.482 0.496 0.51 0.524 0.538 0.55 0.562 0.575 0.588 0.601 0.618 0.644 0.679 0.717 0.767 0.82 0.887 0.961 1.05 1.14 1.24 1.35 1.47 1.6 1.73 1.86 2 2.14 2.29 2.44 2.59 2.75 2.92 3.1 3.3 3.52 3.75 4.01 4.27 4.55 4.84 5.14 5.46
0.25 0.252 0.255 0.257 0.26 0.263 0.266 0.269 0.272 0.275 0.278 0.282 0.287 0.292 0.298 0.304 0.313 0.322 0.332 0.342 0.354 0.366 0.379 0.392 0.406 0.42 0.433 0.448 0.462 0.476 0.489 0.503 0.517 0.528 0.541 0.554 0.568 0.582 0.6 0.623 0.656 0.694 0.74 0.79 0.853 0.922 1 1.09 1.18 1.29 1.4 1.51 1.63 1.75 1.88 2.01 2.14 2.28 2.41 2.56 2.71 2.88 3.07 3.27 3.49 3.73 3.98 4.24 4.51 4.79 5.09
0.243 0.245 0.247 0.249 0.252 0.255 0.258 0.26 0.263 0.266 0.269 0.273 0.277 0.282 0.288 0.294 0.302 0.311 0.32 0.329 0.34 0.352 0.364 0.377 0.39 0.403 0.416 0.43 0.444 0.457 0.47 0.483 0.497 0.509 0.521 0.536 0.551 0.568 0.586 0.606 0.636 0.67 0.713 0.759 0.817 0.881 0.955 1.04 1.13 1.22 1.32 1.42 1.53 1.64 1.76 1.88 2 2.12 2.24 2.37 2.51 2.67 2.84 3.03 3.24 3.46 3.69 3.93 4.18 4.44 4.72
0.237 0.238 0.24 0.242 0.244 0.247 0.249 0.252 0.255 0.257 0.26 0.264 0.268 0.272 0.278 0.284 0.292 0.3 0.308 0.318 0.328 0.339 0.351 0.363 0.375 0.387 0.4 0.413 0.426 0.439 0.452 0.465 0.478 0.49 0.503 0.518 0.535 0.554 0.571 0.588 0.616 0.647 0.687 0.73 0.783 0.841 0.91 0.985 1.07 1.16 1.25 1.34 1.44 1.54 1.65 1.75 1.86 1.97 2.08 2.2 2.33 2.46 2.63 2.81 3 3.2 3.41 3.63 3.86 4.1 4.36
0.23 0.232 0.233 0.235 0.237 0.239 0.242 0.245 0.247 0.249 0.252 0.255 0.259 0.264 0.269 0.274 0.282 0.29 0.298 0.307 0.317 0.327 0.338 0.349 0.361 0.373 0.385 0.398 0.41 0.422 0.435 0.447 0.46 0.472 0.484 0.499 0.516 0.534 0.552 0.569 0.595 0.625 0.661 0.7 0.749 0.802 0.866 0.936 1.01 1.09 1.18 1.26 1.35 1.44 1.54 1.64 1.73 1.83 1.93 2.04 2.16 2.28 2.43 2.59 2.76 2.95 3.14 3.34 3.55 3.77 4.01
0.224 0.225 0.227 0.228 0.23 0.232 0.235 0.237 0.24 0.242 0.245 0.248 0.251 0.256 0.261 0.266 0.273 0.28 0.288 0.296 0.306 0.316 0.326 0.337 0.348 0.359 0.371 0.383 0.395 0.407 0.419 0.431 0.443 0.454 0.466 0.48 0.496 0.512 0.53 0.549 0.574 0.602 0.636 0.672 0.717 0.765 0.823 0.889 0.961 1.04 1.11 1.19 1.27 1.35 1.44 1.52 1.61 1.7 1.79 1.89 2 2.11 2.25 2.39 2.54 2.7 2.88 3.06 3.25 3.46 3.68
0.218 0.219 0.22 0.222 0.223 0.226 0.228 0.23 0.233 0.235 0.238 0.241 0.244 0.248 0.253 0.258 0.265 0.271 0.279 0.287 0.296 0.305 0.316 0.326 0.336 0.347 0.358 0.369 0.381 0.392 0.404 0.415 0.427 0.437 0.449 0.462 0.476 0.491 0.509 0.528 0.553 0.579 0.611 0.646 0.687 0.731 0.784 0.845 0.91 0.978 1.05 1.12 1.19 1.27 1.34 1.42 1.5 1.58 1.66 1.75 1.85 1.95 2.07 2.2 2.33 2.47 2.63 2.8 2.97 3.16 3.36
0.212 0.213 0.214 0.216 0.217 0.219 0.222 0.224 0.226 0.228 0.231 0.234 0.237 0.241 0.246 0.25 0.257 0.263 0.271 0.279 0.287 0.296 0.306 0.315 0.325 0.336 0.346 0.357 0.368 0.378 0.389 0.401 0.412 0.422 0.432 0.444 0.458 0.472 0.49 0.509 0.532 0.557 0.588 0.62 0.658 0.701 0.75 0.805 0.863 0.924 0.987 1.05 1.12 1.18 1.25 1.32 1.39 1.47 1.54 1.62 1.71 1.81 1.91 2.01 2.13 2.26 2.4 2.55 2.71 2.88 3.06
0.206 0.207 0.208 0.21 0.211 0.213 0.215 0.218 0.22 0.222 0.225 0.228 0.231 0.235 0.239 0.243 0.25 0.256 0.263 0.271 0.279 0.288 0.297 0.306 0.316 0.325 0.336 0.345 0.355 0.365 0.376 0.387 0.398 0.407 0.417 0.428 0.441 0.455 0.472 0.49 0.512 0.536 0.565 0.595 0.632 0.672 0.717 0.766 0.818 0.873 0.93 0.988 1.05 1.11 1.17 1.23 1.29 1.36 1.43 1.5 1.58 1.67 1.76 1.85 1.95 2.07 2.19 2.33 2.47 2.62 2.78
0.2 0.201 0.203 0.204 0.206 0.208 0.21 0.212 0.214 0.216 0.219 0.222 0.225 0.229 0.233 0.237 0.243 0.249 0.256 0.264 0.272 0.28 0.289 0.298 0.307 0.316 0.326 0.335 0.344 0.354 0.364 0.375 0.385 0.394 0.403 0.414 0.426 0.44 0.455 0.473 0.493 0.516 0.543 0.572 0.606 0.643 0.686 0.73 0.777 0.826 0.877 0.93 0.984 1.04 1.09 1.15 1.2 1.26 1.33 1.4 1.47 1.54 1.62 1.7 1.79 1.89 2 2.12 2.24 2.38 2.52
0.195 0.196 0.197 0.199 0.201 0.203 0.204 0.207 0.209 0.211 0.214 0.216 0.22 0.223 0.227 0.231 0.237 0.243 0.25 0.257 0.265 0.273 0.282 0.291 0.299 0.308 0.317 0.326 0.334 0.343 0.353 0.364 0.374 0.382 0.391 0.401 0.413 0.425 0.44 0.456 0.476 0.496 0.522 0.549 0.582 0.617 0.655 0.696 0.739 0.783 0.829 0.875 0.923 0.971 1.02 1.07 1.12 1.17 1.23 1.29 1.36 1.43 1.5 1.57 1.65 1.73 1.83 1.92 2.03 2.15 2.28
0.189 0.191 0.192 0.194 0.196 0.198 0.199 0.202 0.204 0.206 0.209 0.211 0.215 0.218 0.222 0.226 0.232 0.238 0.244 0.251 0.259 0.267 0.275 0.284 0.293 0.302 0.31 0.319 0.327 0.336 0.345 0.355 0.364 0.372 0.38 0.39 0.401 0.413 0.426 0.441 0.459 0.478 0.502 0.528 0.558 0.591 0.626 0.663 0.701 0.741 0.782 0.823 0.865 0.906 0.95 0.994 1.04 1.09 1.15 1.2 1.26 1.32 1.38 1.45 1.52 1.59 1.67 1.75 1.84 1.94 2.05
0.184 0.186 0.187 0.189 0.191 0.193 0.195 0.197 0.199 0.201 0.204 0.207 0.21 0.213 0.217 0.221 0.227 0.232 0.239 0.246 0.253 0.261 0.27 0.279 0.287 0.296 0.305 0.313 0.321 0.329 0.338 0.347 0.356 0.363 0.371 0.38 0.39 0.401 0.414 0.426 0.443 0.461 0.483 0.507 0.536 0.566 0.598 0.632 0.666 0.701 0.737 0.773 0.809 0.845 0.884 0.925 0.968 1.02 1.06 1.12 1.17 1.22 1.28 1.33 1.39 1.45 1.52 1.59 1.66 1.74 1.83
0.18 0.181 0.183 0.184 0.186 0.188 0.19 0.192 0.195 0.197 0.2 0.203 0.206 0.209 0.213 0.217 0.222 0.228 0.234 0.241 0.249 0.257 0.265 0.274 0.282 0.291 0.3 0.308 0.316 0.324 0.332 0.34 0.348 0.355 0.363 0.371 0.381 0.391 0.402 0.413 0.428 0.444 0.465 0.488 0.515 0.543 0.572 0.602 0.632 0.663 0.694 0.724 0.755 0.788 0.823 0.861 0.901 0.945 0.991 1.04 1.09 1.13 1.18 1.23 1.28 1.34 1.39 1.45 1.51 1.57 1.64
0.175 0.177 0.178 0.18 0.182 0.184 0.186 0.188 0.191 0.193 0.196 0.199 0.202 0.205 0.209 0.213 0.218 0.224 0.23 0.237 0.244 0.252 0.261 0.27 0.278 0.287 0.296 0.304 0.312 0.319 0.326 0.334 0.342 0.349 0.356 0.364 0.373 0.383 0.392 0.402 0.414 0.429 0.45 0.472 0.497 0.522 0.549 0.575 0.601 0.628 0.655 0.68 0.705 0.734 0.767 0.802 0.84 0.88 0.922 0.965 1.01 1.05 1.1 1.14 1.19 1.23 1.28 1.33 1.37 1.42 1.47
0.171 0.173 0.174 0.176 0.178 0.18 0.182 0.184 0.187 0.189 0.192 0.195 0.199 0.202 0.206 0.209 0.215 0.22 0.227 0.233 0.241 0.249 0.258 0.267 0.275 0.284 0.292 0.3 0.308 0.315 0.322 0.329 0.337 0.343 0.35 0.358 0.367 0.375 0.384 0.393 0.403 0.416 0.436 0.458 0.481 0.504 0.528 0.551 0.575 0.598 0.621 0.642 0.663 0.689 0.72 0.752 0.787 0.823 0.86 0.898 0.937 0.976 1.02 1.06 1.1 1.14 1.18 1.23 1.27 1.31 1.35
0.168 0.169 0.171 0.172 0.174 0.176 0.178 0.181 0.184 0.186 0.189 0.192 0.195 0.199 0.203 0.207 0.212 0.217 0.224 0.23 0.238 0.246 0.255 0.264 0.273 0.281 0.29 0.297 0.305 0.312 0.318 0.325 0.332 0.339 0.346 0.354 0.362 0.37 0.378 0.387 0.397 0.41 0.428 0.447 0.468 0.488 0.51 0.531 0.551 0.571 0.591 0.61 0.63 0.653 0.68 0.709 0.739 0.771 0.805 0.839 0.873 0.909 0.945 0.983 1.02 1.06 1.1 1.14 1.18 1.22 1.27
0.165 0.166 0.168 0.169 0.171 0.173 0.175 0.178 0.181 0.183 0.186 0.189 0.193 0.197 0.201 0.205 0.21 0.215 0.221 0.228 0.236 0.244 0.253 0.262 0.27 0.279 0.287 0.295 0.303 0.309 0.315 0.322 0.329 0.335 0.342 0.35 0.358 0.366 0.375 0.383 0.394 0.407 0.423 0.44 0.458 0.476 0.495 0.513 0.531 0.549 0.566 0.584 0.602 0.622 0.646 0.672 0.699 0.728 0.757 0.788 0.818 0.851 0.884 0.919 0.956 0.994 1.03 1.07 1.11 1.16 1.22
