maui/input/month_year_rainfall/maui_prcp_06_2002.asc
ncols        361
nrows        320
xllcorner    -156.738000000000
yllcorner    20.343000000000
cellsize     0.002250000000
NODATA_value -3.4028234663852885981e+38
[rows 96 to 127 of 320, columns 71 to 141 of 361]
19.1 20 20.8 21.5 22 22.4 22.5 22.4 22.1 21.5 20.8 19.9 18.8 17.3 15.6 13.7 11.9 10.1 8.44 6.83 5.2 3.59 2.35 1.36 0.884 0.577 0.41 0.29 0.234 0.194 0.168 0.144 0.12 0.101 0.0853 0.0739 0.0652 0.0595 0.0556 0.0524 0.0499 0.0478 0.0462 0.0449 0.0431 0.0406 0.0365 0.032 0.0271 0.0225 0.0209 0.0199 0.02 0.0203 0.0212 0.022 0.0227 0.0236 0.0248 0.0263 0.028 0.03 0.0322 0.0345 0.0368 0.0391 0.0415 0.0441 0.0467 0.0494 0.0521
18 19 20 20.9 21.6 22.1 22.4 22.5 22.3 21.9 21.3 20.5 19.6 18.1 16.3 14.3 12.4 10.6 8.87 7.2 5.49 3.81 2.52 1.48 0.981 0.647 0.457 0.318 0.251 0.202 0.169 0.141 0.116 0.0958 0.0801 0.0686 0.0601 0.0546 0.051 0.0478 0.0453 0.0435 0.0419 0.0402 0.0379 0.0348 0.031 0.0269 0.0232 0.0198 0.0185 0.0175 0.0176 0.0179 0.0187 0.0193 0.02 0.0209 0.022 0.0235 0.0254 0.0274 0.0295 0.0317 0.034 0.0362 0.0385 0.0408 0.0432 0.0456 0.0479
16.8 17.9 19.1 20.1 21 21.7 22.2 22.4 22.4 22.1 21.7 20.9 20 18.7 16.8 14.8 13 11.1 9.26 7.53 5.75 4 2.66 1.58 1.05 0.699 0.493 0.34 0.263 0.207 0.168 0.137 0.111 0.0905 0.0748 0.0635 0.0553 0.05 0.0467 0.0434 0.0409 0.0393 0.0377 0.0355 0.0328 0.0295 0.0256 0.0216 0.0188 0.0166 0.0156 0.0148 0.0151 0.0154 0.0161 0.0168 0.0174 0.0183 0.0193 0.0209 0.0228 0.0248 0.0269 0.0291 0.0313 0.0335 0.0357 0.0378 0.0399 0.042 0.0441
15.5 16.6 17.9 19.1 20.1 21 21.7 22.1 22.2 22 21.6 20.9 20 18.6 16.9 15.1 13.2 11.3 9.52 7.75 5.95 4.18 2.79 1.65 1.1 0.733 0.515 0.353 0.269 0.208 0.165 0.132 0.105 0.0852 0.0697 0.0588 0.051 0.0459 0.0425 0.0394 0.037 0.0351 0.0332 0.0308 0.028 0.0246 0.0197 0.014 0.0115 0.00998 0.00952 0.00932 0.0106 0.0119 0.0134 0.0145 0.0151 0.016 0.0173 0.0189 0.0206 0.0225 0.0244 0.0266 0.0288 0.031 0.0331 0.0351 0.037 0.0388 0.0406
14 15.1 16.5 17.8 19.1 20.1 21 21.5 21.8 21.7 21.3 20.6 19.8 18.4 16.9 15.2 13.4 11.5 9.69 7.91 6.1 4.31 2.88 1.69 1.13 0.749 0.525 0.355 0.266 0.203 0.16 0.127 0.0995 0.0802 0.0651 0.0548 0.0474 0.0424 0.039 0.0359 0.0335 0.0312 0.029 0.0266 0.0236 0.02 0.0144 0.00768 0.0054 0.00451 0.00446 0.00465 0.00646 0.00828 0.0105 0.0121 0.0129 0.014 0.0154 0.017 0.0185 0.0203 0.0222 0.0243 0.0265 0.0287 0.0307 0.0325 0.0342 0.0359 0.0375
12.7 13.5 15 16.4 17.8 18.9 19.9 20.6 21.1 21.1 20.8 20.2 19.3 18.1 16.7 15 13.4 11.5 9.71 7.95 6.15 4.38 2.93 1.7 1.13 0.748 0.521 0.348 0.254 0.19 0.153 0.122 0.0957 0.0762 0.0615 0.0516 0.0446 0.0398 0.0367 0.0332 0.0303 0.0276 0.0252 0.023 0.0198 0.0153 0.00967 0.00355 0.00164 0.00108 0.00123 0.00154 0.00278 0.00428 0.00714 0.00946 0.0112 0.0126 0.0138 0.0151 0.0165 0.0182 0.0201 0.0222 0.0244 0.0267 0.0285 0.03 0.0316 0.0331 0.0347
11.2 11.8 13.4 14.8 16.3 17.6 18.7 19.6 20.1 20.3 20.1 19.5 18.8 17.6 16.3 14.7 13.1 11.4 9.6 7.88 6.12 4.38 2.92 1.68 1.12 0.729 0.506 0.335 0.243 0.18 0.146 0.118 0.0919 0.0727 0.0586 0.0493 0.0427 0.038 0.0349 0.0312 0.028 0.0247 0.022 0.02 0.0166 0.0115 0.00682 0.00261 0.000535 8.51e-05 8.11e-05 2.57e-05 0.000924 0.00222 0.00503 0.00743 0.00941 0.011 0.0123 0.0135 0.0148 0.0164 0.0181 0.0201 0.0222 0.0244 0.0261 0.0276 0.029 0.0305 0.032
9.45 9.75 11.5 13.2 14.7 16 17.3 18.2 18.9 19.2 19.1 18.7 18 16.9 15.7 14.3 12.8 11 9.35 7.7 5.99 4.29 2.86 1.64 1.08 0.697 0.48 0.315 0.234 0.177 0.142 0.113 0.0881 0.0698 0.0567 0.0479 0.0417 0.0369 0.0333 0.0297 0.0264 0.0224 0.0193 0.0175 0.014 0.00853 0.00607 0.00545 0.00256 0.000137 2.6e-05 2.38e-06 0.00124 0.0025 0.00442 0.00612 0.00764 0.00922 0.0109 0.0123 0.0136 0.0149 0.0164 0.0182 0.02 0.0219 0.0236 0.0251 0.0265 0.028 0.0296
7.89 8.18 9.97 11.6 13 14.4 15.7 16.7 17.5 17.9 18 17.6 17 16 15 13.6 12.2 10.6 8.97 7.4 5.78 4.15 2.76 1.56 1.02 0.654 0.446 0.289 0.218 0.168 0.135 0.108 0.0848 0.068 0.0559 0.0476 0.0414 0.0365 0.0324 0.0288 0.0255 0.0212 0.0178 0.016 0.0129 0.00823 0.00665 0.00686 0.00441 0.0015 0.00102 0.000932 0.00241 0.00374 0.00518 0.00641 0.00744 0.00867 0.0101 0.0113 0.0125 0.0137 0.0149 0.0165 0.0181 0.0197 0.0212 0.0227 0.0242 0.0258 0.0273
6.47 7.02 8.62 10.1 11.3 12.6 13.9 15 15.9 16.3 16.5 16.3 15.8 15 14 12.8 11.5 9.94 8.46 7 5.48 3.95 2.62 1.47 0.956 0.604 0.408 0.26 0.197 0.154 0.127 0.104 0.0827 0.0673 0.0562 0.048 0.0416 0.0364 0.0321 0.0285 0.0251 0.0207 0.0172 0.0152 0.0128 0.00979 0.00815 0.00734 0.00617 0.0051 0.00362 0.0024 0.00413 0.0056 0.00683 0.00776 0.00832 0.00899 0.00978 0.0106 0.0115 0.0126 0.0137 0.015 0.0163 0.0178 0.0192 0.0206 0.0221 0.0236 0.0252
5.25 5.84 7.16 8.38 9.59 10.8 12.1 13.2 14.1 14.7 15 14.8 14.5 13.7 12.9 11.8 10.6 9.2 7.84 6.52 5.12 3.7 2.46 1.37 0.891 0.566 0.375 0.232 0.181 0.146 0.122 0.101 0.082 0.0677 0.0568 0.0487 0.0422 0.0369 0.0325 0.0285 0.0249 0.0206 0.0172 0.0151 0.0129 0.0104 0.00897 0.00813 0.00732 0.0067 0.00568 0.00475 0.00581 0.00666 0.0074 0.00802 0.00839 0.00885 0.0094 0.0101 0.0108 0.0117 0.0127 0.0137 0.0149 0.0162 0.0175 0.0188 0.0203 0.0218 0.0234
4.09 4.63 5.59 6.54 7.72 8.88 10.1 11.2 12.2 12.8 13.2 13.1 12.9 12.3 11.6 10.6 9.59 8.33 7.12 5.95 4.7 3.41 2.27 1.26 0.828 0.536 0.346 0.205 0.168 0.143 0.12 0.101 0.0827 0.0688 0.0578 0.0495 0.0429 0.0377 0.0332 0.0288 0.0248 0.0208 0.0175 0.0153 0.0131 0.0108 0.00962 0.00911 0.00833 0.00764 0.00754 0.00741 0.00749 0.00749 0.00767 0.00795 0.00824 0.0086 0.00906 0.0096 0.0102 0.0109 0.0117 0.0127 0.0136 0.0147 0.0159 0.0172 0.0186 0.0201 0.0217
3.16 3.62 4.4 5.18 6.17 7.2 8.41 9.52 10.5 11.2 11.6 11.5 11.3 10.8 10.3 9.46 8.57 7.46 6.39 5.38 4.27 3.13 2.09 1.16 0.762 0.497 0.328 0.202 0.167 0.146 0.123 0.102 0.0844 0.0705 0.0593 0.0508 0.044 0.0385 0.0337 0.0294 0.0255 0.0218 0.0187 0.0163 0.0141 0.0119 0.0106 0.0098 0.00904 0.00841 0.00833 0.00821 0.00811 0.00797 0.008 0.00809 0.00825 0.00851 0.00888 0.00932 0.0098 0.0104 0.0111 0.0118 0.0127 0.0137 0.0148 0.0159 0.0173 0.0187 0.0203
2.29 2.65 3.26 3.87 4.6 5.49 6.7 7.79 8.78 9.4 9.79 9.8 9.69 9.29 8.85 8.18 7.45 6.5 5.6 4.75 3.81 2.82 1.89 1.05 0.696 0.458 0.317 0.212 0.181 0.157 0.128 0.105 0.0867 0.0725 0.061 0.0523 0.0452 0.0394 0.0344 0.0303 0.0266 0.0232 0.0202 0.0177 0.0154 0.0133 0.0118 0.0106 0.00983 0.00922 0.00902 0.00878 0.00862 0.00843 0.00835 0.00832 0.00835 0.0085 0.0088 0.00912 0.00948 0.00997 0.0105 0.0111 0.0118 0.0127 0.0138 0.0148 0.016 0.0175 0.019
1.73 2.03 2.56 3.13 3.94 4.76 5.65 6.52 7.36 7.93 8.32 8.37 8.31 7.99 7.63 7.08 6.47 5.68 4.92 4.2 3.4 2.55 1.76 1.05 0.686 0.423 0.316 0.235 0.195 0.162 0.132 0.107 0.0888 0.0746 0.063 0.054 0.0465 0.0406 0.0354 0.0311 0.0273 0.0239 0.0209 0.0183 0.0161 0.0141 0.0127 0.0115 0.0108 0.0102 0.00981 0.00946 0.0092 0.00894 0.00877 0.00864 0.00859 0.00866 0.00884 0.00908 0.00934 0.00972 0.0101 0.0106 0.0112 0.0121 0.013 0.014 0.0151 0.0165 0.018
1.23 1.47 1.92 2.43 3.27 4.01 4.63 5.29 5.98 6.47 6.84 6.92 6.91 6.67 6.39 5.95 5.47 4.83 4.21 3.64 2.98 2.27 1.62 1.03 0.673 0.389 0.315 0.256 0.206 0.167 0.136 0.112 0.0921 0.0774 0.0657 0.0562 0.0482 0.0422 0.0369 0.0324 0.0284 0.0249 0.0219 0.0193 0.0171 0.0152 0.0138 0.0126 0.0118 0.0112 0.0107 0.0102 0.00983 0.00949 0.00924 0.00903 0.00891 0.00889 0.00898 0.00912 0.0093 0.00957 0.00988 0.0103 0.0108 0.0115 0.0123 0.0133 0.0144 0.0157 0.0171
0.922 1.1 1.46 1.86 2.47 3.12 3.87 4.54 5.14 5.52 5.77 5.87 5.89 5.7 5.48 5.12 4.72 4.17 3.66 3.17 2.62 2.03 1.47 0.952 0.623 0.358 0.301 0.254 0.211 0.174 0.143 0.117 0.0965 0.0812 0.0691 0.0593 0.051 0.0446 0.0389 0.0341 0.0298 0.0262 0.0232 0.0206 0.0183 0.0165 0.0151 0.0138 0.0129 0.0121 0.0115 0.0109 0.0105 0.0101 0.00976 0.0095 0.00931 0.00923 0.00925 0.00931 0.0094 0.00958 0.00979 0.0101 0.0106 0.0113 0.0121 0.013 0.014 0.0152 0.0165
0.694 0.829 1.11 1.42 1.88 2.45 3.24 3.88 4.38 4.67 4.83 4.92 4.97 4.83 4.65 4.35 4.02 3.57 3.14 2.74 2.28 1.8 1.32 0.886 0.587 0.34 0.296 0.259 0.217 0.18 0.148 0.122 0.101 0.0852 0.0728 0.0627 0.0541 0.0473 0.0413 0.0362 0.0316 0.028 0.0248 0.0222 0.0199 0.0181 0.0166 0.0151 0.014 0.013 0.0123 0.0117 0.0112 0.0108 0.0104 0.01 0.00977 0.00963 0.00957 0.00956 0.00958 0.00971 0.00988 0.0102 0.0106 0.0113 0.012 0.0129 0.0139 0.015 0.0162
0.581 0.717 0.973 1.27 1.75 2.28 2.92 3.44 3.86 4.1 4.23 4.3 4.35 4.23 4.09 3.83 3.54 3.14 2.76 2.4 2.02 1.64 1.24 0.862 0.586 0.353 0.314 0.279 0.228 0.185 0.153 0.126 0.105 0.0893 0.0767 0.0663 0.0573 0.0502 0.0438 0.0386 0.034 0.0302 0.0269 0.0243 0.022 0.0201 0.0183 0.0166 0.0152 0.014 0.0133 0.0126 0.012 0.0114 0.0109 0.0106 0.0103 0.0101 0.00994 0.00988 0.00987 0.00997 0.0101 0.0104 0.0109 0.0115 0.0122 0.013 0.014 0.0151 0.0163
0.521 0.649 0.881 1.15 1.61 2.07 2.57 2.99 3.34 3.54 3.66 3.72 3.74 3.66 3.54 3.33 3.08 2.74 2.42 2.11 1.8 1.49 1.16 0.841 0.595 0.382 0.333 0.288 0.234 0.189 0.157 0.13 0.109 0.093 0.0802 0.0697 0.0606 0.0532 0.0467 0.0415 0.0368 0.033 0.0297 0.027 0.0247 0.0224 0.0203 0.0183 0.0165 0.0151 0.0143 0.0136 0.0129 0.0122 0.0117 0.0112 0.0109 0.0106 0.0104 0.0103 0.0103 0.0104 0.0105 0.0108 0.0112 0.0118 0.0125 0.0133 0.0142 0.0153 0.0165
0.507 0.619 0.83 1.07 1.42 1.79 2.2 2.55 2.84 3.01 3.12 3.16 3.18 3.11 3.02 2.85 2.65 2.39 2.13 1.87 1.61 1.35 1.08 0.826 0.616 0.432 0.351 0.283 0.234 0.192 0.16 0.133 0.113 0.0963 0.0833 0.0729 0.0641 0.0567 0.0502 0.0449 0.0403 0.0366 0.0334 0.0305 0.0277 0.025 0.0226 0.0202 0.0182 0.0165 0.0156 0.0147 0.0139 0.0132 0.0126 0.012 0.0116 0.0113 0.0111 0.0109 0.0109 0.0109 0.0111 0.0114 0.0118 0.0123 0.013 0.0138 0.0147 0.0158 0.0171
0.443 0.512 0.674 0.853 1.11 1.4 1.75 2.06 2.33 2.52 2.65 2.7 2.73 2.68 2.61 2.46 2.3 2.09 1.88 1.66 1.44 1.21 0.991 0.779 0.604 0.449 0.358 0.281 0.235 0.195 0.163 0.136 0.115 0.099 0.0865 0.0765 0.0679 0.0606 0.0542 0.0491 0.0447 0.041 0.0377 0.0344 0.0311 0.028 0.0252 0.0227 0.0205 0.0186 0.0173 0.0162 0.0152 0.0143 0.0136 0.013 0.0125 0.0121 0.0119 0.0117 0.0116 0.0117 0.0118 0.0121 0.0125 0.0131 0.0137 0.0145 0.0154 0.0165 0.0177
0.345 0.351 0.447 0.555 0.714 0.931 1.25 1.55 1.83 2.04 2.21 2.29 2.35 2.32 2.27 2.14 2.01 1.82 1.64 1.45 1.27 1.08 0.891 0.71 0.568 0.443 0.356 0.282 0.238 0.198 0.166 0.138 0.117 0.102 0.0902 0.0807 0.0725 0.0655 0.0595 0.0545 0.0501 0.0463 0.0424 0.0386 0.0349 0.0313 0.0282 0.0254 0.023 0.021 0.0194 0.018 0.0168 0.0157 0.0149 0.0142 0.0136 0.0131 0.0128 0.0126 0.0126 0.0127 0.0128 0.0131 0.0135 0.014 0.0146 0.0154 0.0163 0.0174 0.0186
0.339 0.36 0.441 0.533 0.666 0.846 1.11 1.36 1.6 1.79 1.94 2.02 2.08 2.06 2.02 1.91 1.79 1.63 1.47 1.3 1.14 0.975 0.81 0.653 0.53 0.422 0.348 0.283 0.24 0.201 0.169 0.142 0.121 0.106 0.0959 -3.4e+38 -3.4e+38 0.0721 0.0664 0.0617 0.0573 0.0527 0.0479 0.0433 0.039 0.0351 0.0316 0.0285 0.0258 0.0235 0.0217 0.02 0.0186 0.0174 0.0164 0.0155 0.0149 0.0143 0.014 0.0138 0.0138 0.0139 0.014 0.0143 0.0147 0.0152 0.0159 0.0166 0.0175 0.0186 0.0198
0.363 0.423 0.508 0.602 0.736 0.891 1.09 1.27 1.46 1.6 1.72 1.8 1.85 1.83 1.79 1.7 1.59 1.46 1.32 1.17 1.02 0.875 0.733 0.597 0.49 0.394 0.336 0.283 0.242 0.205 0.173 0.147 -3.4e+38 -3.4e+38 -3.4e+38 -3.4e+38 -3.4e+38 -3.4e+38 -3.4e+38 -3.4e+38 -3.4e+38 -3.4e+38 0.0539 0.0485 0.0436 0.0393 0.0353 0.0317 0.0287 0.0261 0.024 0.0222 0.0207 0.0193 0.0181 0.0171 0.0163 0.0157 0.0154 0.0152 0.0151 0.0152 0.0154 0.0157 0.0161 0.0167 0.0173 0.0181 0.0189 0.02 0.0211
-3.4e+38 -3.4e+38 -3.4e+38 -3.4e+38 -3.4e+38 0.864 1.02 1.18 1.33 1.45 1.56 1.62 1.67 1.65 1.62 1.53 1.43 1.32 1.2 1.07 0.935 0.807 0.683 0.566 0.471 0.386 0.332 0.283 0.242 0.205 0.175 -3.4e+38 -3.4e+38 -3.4e+38 -3.4e+38 -3.4e+38 -3.4e+38 -3.4e+38 -3.4e+38 -3.4e+38 -3.4e+38 -3.4e+38 -3.4e+38 -3.4e+38 0.0485 0.0435 0.0391 0.0351 0.0319 0.0291 0.0269 0.025 0.0233 0.0217 0.0203 0.0191 0.0181 0.0175 0.017 0.0168 0.0168 0.0169 0.0171 0.0174 0.0179 0.0184 0.0191 0.0199 0.0207 0.0218 0.023
-3.4e+38 -3.4e+38 -3.4e+38 -3.4e+38 -3.4e+38 -3.4e+38 -3.4e+38 1.08 1.21 1.32 1.4 1.46 1.5 1.48 1.44 1.36 1.28 1.18 1.08 0.969 0.855 0.741 0.635 0.536 0.453 0.379 0.329 0.282 0.242 -3.4e+38 -3.4e+38 -3.4e+38 -3.4e+38 -3.4e+38 -3.4e+38 -3.4e+38 -3.4e+38 -3.4e+38 -3.4e+38 -3.4e+38 -3.4e+38 -3.4e+38 -3.4e+38 -3.4e+38 -3.4e+38 -3.4e+38 0.0429 0.0386 0.0352 0.0323 0.0301 0.0281 0.0261 0.0244 0.0228 0.0214 0.0202 0.0194 0.0189 0.0187 0.0186 0.0187 0.0189 0.0193 0.0197 0.0204 0.0211 0.0218 0.0227 0.0238 0.025
-3.4e+38 -3.4e+38 -3.4e+38 -3.4e+38 -3.4e+38 -3.4e+38 -3.4e+38 -3.4e+38 -3.4e+38 1.25 1.31 1.35 1.37 1.34 1.3 1.23 1.16 1.08 0.992 0.895 0.797 0.699 0.607 0.522 0.449 0.382 0.332 0.286 0.249 -3.4e+38 -3.4e+38 -3.4e+38 -3.4e+38 -3.4e+38 -3.4e+38 -3.4e+38 -3.4e+38 -3.4e+38 -3.4e+38 -3.4e+38 -3.4e+38 -3.4e+38 -3.4e+38 -3.4e+38 -3.4e+38 -3.4e+38 -3.4e+38 0.0427 0.0392 0.0362 0.0338 0.0316 0.0297 0.0278 0.026 0.0243 0.0228 0.0219 0.0214 0.0211 0.021 0.021 0.0212 0.0216 0.0221 0.0227 0.0235 0.0243 0.0252 0.0262 0.0274
-3.4e+38 -3.4e+38 -3.4e+38 -3.4e+38 -3.4e+38 -3.4e+38 -3.4e+38 -3.4e+38 -3.4e+38 -3.4e+38 1.23 1.24 1.25 1.22 1.18 1.12 1.06 0.982 0.906 0.823 0.739 0.656 0.579 0.506 0.443 0.385 0.336 0.292 -3.4e+38 -3.4e+38 -3.4e+38 -3.4e+38 -3.4e+38 -3.4e+38 -3.4e+38 -3.4e+38 -3.4e+38 -3.4e+38 -3.4e+38 -3.4e+38 -3.4e+38 -3.4e+38 -3.4e+38 -3.4e+38 -3.4e+38 -3.4e+38 -3.4e+38 -3.4e+38 0.0434 0.0404 0.0379 0.0355 0.0335 0.0316 0.0295 0.0277 0.0261 0.025 0.0243 0.0239 0.0237 0.0237 0.0238 0.0242 0.0247 0.0254 0.0262 0.0269 0.0278 0.0288 0.03
-3.4e+38 -3.4e+38 -3.4e+38 -3.4e+38 -3.4e+38 -3.4e+38 -3.4e+38 -3.4e+38 -3.4e+38 -3.4e+38 -3.4e+38 -3.4e+38 1.17 1.13 1.09 1.04 0.98 0.91 0.839 0.763 0.69 0.619 0.553 0.491 0.437 0.387 0.345 -3.4e+38 -3.4e+38 -3.4e+38 -3.4e+38 -3.4e+38 -3.4e+38 -3.4e+38 -3.4e+38 -3.4e+38 -3.4e+38 -3.4e+38 -3.4e+38 -3.4e+38 -3.4e+38 -3.4e+38 -3.4e+38 -3.4e+38 -3.4e+38 -3.4e+38 -3.4e+38 -3.4e+38 -3.4e+38 -3.4e+38 0.0425 0.04 0.0377 0.0356 0.0335 0.0315 0.0297 0.0285 0.0277 0.0273 0.0271 0.027 0.0271 0.0274 0.0279 0.0285 0.0293 0.03 0.0309 0.0319 0.0329
-3.4e+38 -3.4e+38 -3.4e+38 -3.4e+38 -3.4e+38 -3.4e+38 -3.4e+38 -3.4e+38 -3.4e+38 -3.4e+38 -3.4e+38 -3.4e+38 -3.4e+38 -3.4e+38 1.02 0.969 0.913 0.847 0.781 0.712 0.648 0.588 0.532 0.479 0.433 0.392 -3.4e+38 -3.4e+38 -3.4e+38 -3.4e+38 -3.4e+38 -3.4e+38 -3.4e+38 -3.4e+38 -3.4e+38 -3.4e+38 -3.4e+38 -3.4e+38 -3.4e+38 -3.4e+38 -3.4e+38 -3.4e+38 -3.4e+38 -3.4e+38 -3.4e+38 -3.4e+38 -3.4e+38 -3.4e+38 -3.4e+38 -3.4e+38 -3.4e+38 0.0447 0.0422 0.0399 0.0377 0.0356 0.0337 0.0323 0.0315 0.0309 0.0307 0.0306 0.0307 0.031 0.0314 0.032 0.0327 0.0335 0.0343 0.0352 0.0362
-3.4e+38 -3.4e+38 -3.4e+38 -3.4e+38 -3.4e+38 -3.4e+38 -3.4e+38 -3.4e+38 -3.4e+38 -3.4e+38 -3.4e+38 -3.4e+38 -3.4e+38 -3.4e+38 -3.4e+38 -3.4e+38 0.864 0.801 0.74 0.68 0.623 0.569 0.519 0.473 0.436 0.403 -3.4e+38 -3.4e+38 -3.4e+38 -3.4e+38 -3.4e+38 -3.4e+38 -3.4e+38 -3.4e+38 -3.4e+38 -3.4e+38 -3.4e+38 -3.4e+38 -3.4e+38 -3.4e+38 -3.4e+38 -3.4e+38 -3.4e+38 -3.4e+38 -3.4e+38 -3.4e+38 -3.4e+38 -3.4e+38 -3.4e+38 -3.4e+38 -3.4e+38 0.0495 0.0469 0.0444 0.042 0.0399 0.038 0.0365 0.0355 0.035 0.0347 0.0346 0.0347 0.0349 0.0353 0.0359 0.0366 0.0374 0.0381 0.0389 0.0398
