maui/input/month_year_rainfall/maui_prcp_06_2002.asc
ncols        361
nrows        320
xllcorner    -156.738000000000
yllcorner    20.343000000000
cellsize     0.002250000000
NODATA_value -3.4028234663852885981e+38
[rows 224 to 255 of 320, columns 0 to 70 of 361]
-3.4e+38 -3.4e+38 -3.4e+38 -3.4e+38 -3.4e+38 -3.4e+38 -3.4e+38 -3.4e+38 -3.4e+38 -3.4e+38 -3.4e+38 -3.4e+38 -3.4e+38 -3.4e+38 -3.4e+38 -3.4e+38 -3.4e+38 -3.4e+38 -3.4e+38 -3.4e+38 -3.4e+38 -3.4e+38 -3.4e+38 -3.4e+38 -3.4e+38 -3.4e+38 -3.4e+38 0.427 0.417 0.408 0.402 0.397 0.396 0.395 0.399 0.404 0.412 0.422 0.434 0.448 0.463 0.48 0.497 0.517 0.538 0.56 0.583 0.605 0.627 0.649 0.67 0.69 0.711 0.732 0.752 0.771 0.789 0.806 0.821 0.835 0.847 0.858 0.868 0.876 0.882 0.887 0.889 0.89 0.889 0.885 0.88
-3.4e+38 -3.4e+38 -3.4e+38 -3.4e+38 -3.4e+38 -3.4e+38 -3.4e+38 -3.4e+38 -3.4e+38 -3.4e+38 -3.4e+38 -3.4e+38 -3.4e+38 -3.4e+38 -3.4e+38 -3.4e+38 -3.4e+38 -3.4e+38 -3.4e+38 -3.4e+38 -3.4e+38 -3.4e+38 -3.4e+38 -3.4e+38 -3.4e+38 -3.4e+38 0.385 0.377 0.37 0.365 0.361 0.36 0.361 0.363 0.37 0.377 0.387 0.398 0.411 0.425 0.441 0.457 0.474 0.492 0.512 0.532 0.552 0.573 0.593 0.613 0.633 0.651 0.67 0.688 0.706 0.723 0.738 0.753 0.766 0.778 0.788 0.798 0.806 0.813 0.819 0.824 0.826 0.827 0.827 0.823 0.818
-3.4e+38 -3.4e+38 -3.4e+38 -3.4e+38 -3.4e+38 -3.4e+38 -3.4e+38 -3.4e+38 -3.4e+38 -3.4e+38 -3.4e+38 -3.4e+38 -3.4e+38 -3.4e+38 -3.4e+38 -3.4e+38 -3.4e+38 -3.4e+38 -3.4e+38 -3.4e+38 -3.4e+38 -3.4e+38 -3.4e+38 -3.4e+38 -3.4e+38 -3.4e+38 0.338 0.333 0.329 0.326 0.325 0.326 0.33 0.334 0.343 0.352 0.363 0.375 0.388 0.402 0.417 0.432 0.448 0.465 0.483 0.501 0.52 0.539 0.558 0.576 0.594 0.611 0.628 0.644 0.66 0.674 0.688 0.7 0.712 0.722 0.731 0.739 0.747 0.754 0.759 0.764 0.766 0.767 0.767 0.764 0.76
-3.4e+38 -3.4e+38 -3.4e+38 -3.4e+38 -3.4e+38 -3.4e+38 -3.4e+38 -3.4e+38 -3.4e+38 -3.4e+38 -3.4e+38 -3.4e+38 -3.4e+38 -3.4e+38 -3.4e+38 -3.4e+38 -3.4e+38 -3.4e+38 -3.4e+38 -3.4e+38 -3.4e+38 -3.4e+38 -3.4e+38 -3.4e+38 -3.4e+38 0.3 0.296 0.294 0.292 0.292 0.294 0.297 0.303 0.31 0.319 0.33 0.341 0.353 0.366 0.378 0.392 0.405 0.42 0.435 0.451 0.468 0.486 0.503 0.521 0.538 0.554 0.57 0.585 0.599 0.613 0.626 0.637 0.648 0.658 0.666 0.675 0.683 0.69 0.697 0.702 0.706 0.709 0.71 0.71 0.707 0.703
-3.4e+38 -3.4e+38 -3.4e+38 -3.4e+38 -3.4e+38 -3.4e+38 -3.4e+38 -3.4e+38 -3.4e+38 -3.4e+38 -3.4e+38 -3.4e+38 -3.4e+38 -3.4e+38 -3.4e+38 -3.4e+38 -3.4e+38 -3.4e+38 -3.4e+38 -3.4e+38 -3.4e+38 -3.4e+38 -3.4e+38 0.263 0.261 0.26 0.259 0.259 0.26 0.262 0.266 0.271 0.278 0.287 0.297 0.308 0.319 0.331 0.342 0.354 0.366 0.377 0.39 0.403 0.419 0.435 0.451 0.467 0.484 0.499 0.514 0.528 0.542 0.555 0.566 0.578 0.588 0.597 0.606 0.614 0.622 0.63 0.637 0.643 0.648 0.652 0.655 0.656 0.656 0.653 0.65
-3.4e+38 -3.4e+38 -3.4e+38 -3.4e+38 -3.4e+38 -3.4e+38 -3.4e+38 -3.4e+38 -3.4e+38 -3.4e+38 -3.4e+38 -3.4e+38 -3.4e+38 -3.4e+38 -3.4e+38 -3.4e+38 -3.4e+38 -3.4e+38 -3.4e+38 -3.4e+38 -3.4e+38 -3.4e+38 0.224 0.224 0.224 0.224 0.225 0.228 0.231 0.234 0.24 0.247 0.256 0.265 0.276 0.286 0.298 0.308 0.319 0.329 0.339 0.349 0.359 0.371 0.386 0.401 0.417 0.432 0.447 0.461 0.474 0.487 0.499 0.511 0.521 0.531 0.54 0.549 0.557 0.565 0.573 0.58 0.586 0.592 0.597 0.601 0.604 0.605 0.605 0.602 0.599
-3.4e+38 -3.4e+38 -3.4e+38 -3.4e+38 -3.4e+38 -3.4e+38 -3.4e+38 -3.4e+38 -3.4e+38 -3.4e+38 -3.4e+38 -3.4e+38 -3.4e+38 -3.4e+38 -3.4e+38 -3.4e+38 -3.4e+38 -3.4e+38 -3.4e+38 -3.4e+38 -3.4e+38 -3.4e+38 0.189 0.19 0.192 0.194 0.196 0.2 0.204 0.21 0.217 0.225 0.235 0.244 0.254 0.265 0.275 0.285 0.295 0.304 0.313 0.321 0.329 0.339 0.354 0.369 0.383 0.397 0.411 0.424 0.436 0.447 0.458 0.469 0.478 0.487 0.495 0.503 0.511 0.519 0.526 0.533 0.539 0.545 0.549 0.553 0.556 0.557 0.557 0.555 0.552
-3.4e+38 -3.4e+38 -3.4e+38 -3.4e+38 -3.4e+38 -3.4e+38 -3.4e+38 -3.4e+38 -3.4e+38 -3.4e+38 -3.4e+38 -3.4e+38 -3.4e+38 -3.4e+38 -3.4e+38 -3.4e+38 -3.4e+38 -3.4e+38 -3.4e+38 -3.4e+38 0.156 0.158 0.159 0.162 0.164 0.167 0.17 0.175 0.181 0.188 0.196 0.204 0.214 0.223 0.233 0.243 0.253 0.263 0.272 0.281 0.289 0.296 0.303 0.313 0.326 0.339 0.352 0.365 0.377 0.388 0.399 0.41 0.42 0.429 0.438 0.446 0.454 0.462 0.469 0.476 0.483 0.49 0.496 0.501 0.505 0.509 0.511 0.512 0.512 0.51 0.508
-3.4e+38 -3.4e+38 -3.4e+38 -3.4e+38 -3.4e+38 -3.4e+38 -3.4e+38 -3.4e+38 -3.4e+38 -3.4e+38 -3.4e+38 -3.4e+38 -3.4e+38 -3.4e+38 -3.4e+38 -3.4e+38 -3.4e+38 -3.4e+38 -3.4e+38 0.129 0.13 0.132 0.134 0.137 0.14 0.144 0.148 0.154 0.16 0.168 0.176 0.184 0.194 0.203 0.212 0.222 0.231 0.24 0.249 0.257 0.265 0.272 0.28 0.289 0.3 0.311 0.322 0.333 0.344 0.354 0.364 0.374 0.383 0.392 0.4 0.407 0.415 0.422 0.43 0.436 0.443 0.449 0.455 0.46 0.464 0.467 0.469 0.47 0.47 0.469 0.466
-3.4e+38 -3.4e+38 -3.4e+38 -3.4e+38 -3.4e+38 -3.4e+38 -3.4e+38 -3.4e+38 -3.4e+38 -3.4e+38 -3.4e+38 -3.4e+38 -3.4e+38 -3.4e+38 -3.4e+38 -3.4e+38 -3.4e+38 -3.4e+38 0.105 0.107 0.109 0.111 0.113 0.116 0.12 0.124 0.129 0.135 0.142 0.149 0.158 0.166 0.175 0.184 0.193 0.202 0.211 0.219 0.228 0.236 0.243 0.251 0.259 0.267 0.276 0.285 0.295 0.305 0.315 0.324 0.333 0.341 0.35 0.358 0.365 0.373 0.38 0.387 0.394 0.4 0.407 0.412 0.418 0.422 0.426 0.429 0.431 0.432 0.432 0.431 0.429
-3.4e+38 -3.4e+38 -3.4e+38 -3.4e+38 -3.4e+38 -3.4e+38 -3.4e+38 -3.4e+38 -3.4e+38 -3.4e+38 -3.4e+38 -3.4e+38 -3.4e+38 -3.4e+38 -3.4e+38 -3.4e+38 -3.4e+38 0.086 0.0872 0.0889 0.0908 0.0932 0.0956 0.0991 0.103 0.107 0.113 0.119 0.125 0.133 0.141 0.149 0.157 0.166 0.174 0.183 0.191 0.199 0.207 0.215 0.222 0.23 0.237 0.244 0.252 0.261 0.269 0.278 0.287 0.295 0.303 0.311 0.319 0.326 0.333 0.34 0.347 0.354 0.36 0.366 0.372 0.377 0.382 0.387 0.39 0.393 0.396 0.397 0.397 0.396 0.394
-3.4e+38 -3.4e+38 -3.4e+38 -3.4e+38 -3.4e+38 -3.4e+38 -3.4e+38 -3.4e+38 -3.4e+38 -3.4e+38 -3.4e+38 -3.4e+38 -3.4e+38 -3.4e+38 -3.4e+38 -3.4e+38 -3.4e+38 0.072 0.0732 0.0748 0.0764 0.0788 0.0814 0.0849 0.0886 0.0934 0.0986 0.105 0.111 0.118 0.126 0.133 0.141 0.149 0.157 0.165 0.173 0.181 0.188 0.196 0.203 0.21 0.217 0.224 0.231 0.239 0.246 0.254 0.262 0.269 0.277 0.284 0.291 0.298 0.305 0.311 0.318 0.324 0.33 0.335 0.341 0.346 0.351 0.355 0.359 0.361 0.364 0.365 0.365 0.364 0.363
-3.4e+38 -3.4e+38 -3.4e+38 -3.4e+38 -3.4e+38 -3.4e+38 -3.4e+38 -3.4e+38 -3.4e+38 -3.4e+38 -3.4e+38 -3.4e+38 -3.4e+38 -3.4e+38 -3.4e+38 -3.4e+38 0.0604 0.0613 0.0623 0.0637 0.0653 0.0676 0.0701 0.0735 0.0772 0.0817 0.0866 0.0923 0.0984 0.105 0.112 0.119 0.127 0.134 0.141 0.149 0.156 0.164 0.171 0.178 0.185 0.191 0.198 0.204 0.211 0.218 0.225 0.232 0.239 0.245 0.252 0.259 0.266 0.272 0.278 0.284 0.29 0.296 0.302 0.307 0.312 0.317 0.321 0.325 0.329 0.332 0.334 0.335 0.336 0.335 0.334
-3.4e+38 -3.4e+38 -3.4e+38 -3.4e+38 -3.4e+38 -3.4e+38 -3.4e+38 -3.4e+38 -3.4e+38 -3.4e+38 -3.4e+38 -3.4e+38 -3.4e+38 -3.4e+38 -3.4e+38 -3.4e+38 0.0523 0.053 0.0538 0.0552 0.0567 0.0588 0.0611 0.0643 0.0678 0.072 0.0767 0.0819 0.0876 0.0938 0.1 0.107 0.114 0.121 0.128 0.135 0.142 0.149 0.156 0.162 0.169 0.175 0.181 0.187 0.193 0.199 0.205 0.212 0.218 0.224 0.231 0.237 0.243 0.249 0.255 0.261 0.266 0.271 0.277 0.282 0.286 0.291 0.295 0.299 0.302 0.305 0.307 0.308 0.309 0.309 0.309
-3.4e+38 -3.4e+38 -3.4e+38 -3.4e+38 -3.4e+38 -3.4e+38 -3.4e+38 -3.4e+38 -3.4e+38 -3.4e+38 -3.4e+38 -3.4e+38 -3.4e+38 -3.4e+38 -3.4e+38 -3.4e+38 0.0463 0.0469 0.0476 0.0487 0.0501 0.0521 0.0543 0.0572 0.0603 0.0642 0.0684 0.0732 0.0784 0.084 0.09 0.0962 0.103 0.109 0.116 0.122 0.129 0.135 0.142 0.148 0.154 0.159 0.165 0.171 0.176 0.182 0.188 0.194 0.2 0.205 0.211 0.217 0.223 0.228 0.234 0.239 0.244 0.249 0.254 0.259 0.263 0.267 0.271 0.275 0.278 0.281 0.283 0.284 0.285 0.286 0.286
-3.4e+38 -3.4e+38 -3.4e+38 -3.4e+38 -3.4e+38 -3.4e+38 -3.4e+38 -3.4e+38 -3.4e+38 -3.4e+38 -3.4e+38 -3.4e+38 -3.4e+38 -3.4e+38 -3.4e+38 -3.4e+38 0.0419 0.0423 0.0429 0.044 0.0452 0.047 0.049 0.0516 0.0544 0.0579 0.0618 0.0661 0.0709 0.076 0.0815 0.0872 0.0931 0.0991 0.105 0.111 0.117 0.124 0.13 0.135 0.141 0.146 0.151 0.156 0.162 0.167 0.172 0.178 0.183 0.189 0.194 0.2 0.205 0.21 0.215 0.22 0.225 0.229 0.234 0.238 0.242 0.246 0.25 0.254 0.257 0.259 0.261 0.263 0.264 0.265 0.265
-3.4e+38 -3.4e+38 -3.4e+38 -3.4e+38 -3.4e+38 -3.4e+38 -3.4e+38 -3.4e+38 -3.4e+38 -3.4e+38 -3.4e+38 -3.4e+38 -3.4e+38 -3.4e+38 -3.4e+38 -3.4e+38 0.0388 0.0391 0.0396 0.0405 0.0417 0.0433 0.0451 0.0473 0.0499 0.053 0.0565 0.0604 0.0647 0.0695 0.0745 0.0797 0.0851 0.0907 0.0963 0.102 0.108 0.113 0.119 0.124 0.129 0.134 0.139 0.144 0.149 0.154 0.159 0.164 0.169 0.174 0.18 0.184 0.189 0.194 0.199 0.203 0.207 0.212 0.216 0.22 0.224 0.228 0.231 0.235 0.238 0.24 0.242 0.244 0.245 0.246 0.247
-3.4e+38 -3.4e+38 -3.4e+38 -3.4e+38 -3.4e+38 -3.4e+38 -3.4e+38 -3.4e+38 -3.4e+38 -3.4e+38 -3.4e+38 -3.4e+38 -3.4e+38 -3.4e+38 -3.4e+38 -3.4e+38 -3.4e+38 -3.4e+38 0.0373 0.0382 0.0392 0.0406 0.0422 0.0442 0.0465 0.0493 0.0524 0.056 0.0599 0.0642 0.0688 0.0736 0.0786 0.0838 0.089 0.0943 0.0996 0.105 0.11 0.114 0.119 0.124 0.128 0.133 0.138 0.142 0.147 0.152 0.157 0.162 0.166 0.171 0.175 0.18 0.184 0.188 0.192 0.196 0.2 0.204 0.208 0.211 0.215 0.218 0.221 0.223 0.226 0.227 0.229 0.23 0.231
-3.4e+38 -3.4e+38 -3.4e+38 -3.4e+38 -3.4e+38 -3.4e+38 -3.4e+38 -3.4e+38 -3.4e+38 -3.4e+38 -3.4e+38 -3.4e+38 -3.4e+38 -3.4e+38 -3.4e+38 -3.4e+38 -3.4e+38 -3.4e+38 -3.4e+38 0.0367 0.0376 0.0388 0.0402 0.042 0.044 0.0465 0.0494 0.0526 0.0563 0.0602 0.0644 0.0689 0.0735 0.0782 0.083 0.0879 0.0927 0.0975 0.102 0.106 0.111 0.115 0.119 0.124 0.128 0.133 0.137 0.142 0.146 0.151 0.155 0.159 0.163 0.168 0.171 0.175 0.179 0.183 0.187 0.191 0.194 -3.4e+38 -3.4e+38 0.203 0.206 0.209 0.211 0.213 0.214 0.216 0.217
-3.4e+38 -3.4e+38 -3.4e+38 -3.4e+38 -3.4e+38 -3.4e+38 -3.4e+38 -3.4e+38 -3.4e+38 -3.4e+38 -3.4e+38 -3.4e+38 -3.4e+38 -3.4e+38 -3.4e+38 -3.4e+38 -3.4e+38 -3.4e+38 -3.4e+38 -3.4e+38 -3.4e+38 0.0377 0.0389 0.0405 0.0423 0.0446 0.0472 0.0502 0.0535 0.0572 0.0611 0.0652 0.0694 0.0738 0.0782 0.0827 0.0871 0.0915 0.0956 0.0997 0.104 0.108 0.112 0.116 0.12 0.124 0.129 0.133 0.137 0.142 0.146 0.15 0.154 0.158 0.161 0.165 0.169 0.172 0.176 0.179 0.182 -3.4e+38 -3.4e+38 0.191 0.194 0.196 0.198 0.2 0.202 0.203 0.205
-3.4e+38 -3.4e+38 -3.4e+38 -3.4e+38 -3.4e+38 -3.4e+38 -3.4e+38 -3.4e+38 -3.4e+38 -3.4e+38 -3.4e+38 -3.4e+38 -3.4e+38 -3.4e+38 -3.4e+38 -3.4e+38 -3.4e+38 -3.4e+38 -3.4e+38 -3.4e+38 -3.4e+38 -3.4e+38 -3.4e+38 0.0396 0.0412 0.0433 0.0457 0.0485 0.0516 0.055 0.0586 0.0625 0.0663 0.0703 0.0744 0.0786 0.0827 0.0867 0.0904 0.0942 0.098 0.102 0.106 0.109 0.113 0.117 0.122 0.126 0.13 0.134 0.138 0.142 0.145 0.149 0.153 -3.4e+38 -3.4e+38 0.163 0.166 0.17 0.173 -3.4e+38 -3.4e+38 -3.4e+38 0.183 0.185 0.187 0.189 0.191 0.193 0.195
-3.4e+38 -3.4e+38 -3.4e+38 -3.4e+38 -3.4e+38 -3.4e+38 -3.4e+38 -3.4e+38 -3.4e+38 -3.4e+38 -3.4e+38 -3.4e+38 -3.4e+38 -3.4e+38 -3.4e+38 -3.4e+38 -3.4e+38 -3.4e+38 -3.4e+38 -3.4e+38 -3.4e+38 -3.4e+38 -3.4e+38 0.0392 0.0405 0.0424 0.0448 0.0475 0.0504 0.0536 0.0569 0.0604 0.064 0.0678 0.0716 0.0755 0.0792 0.0829 0.0864 0.09 0.0935 0.0971 0.101 0.104 0.108 0.112 0.116 0.12 0.124 0.128 0.132 0.135 -3.4e+38 -3.4e+38 -3.4e+38 -3.4e+38 -3.4e+38 -3.4e+38 -3.4e+38 -3.4e+38 -3.4e+38 -3.4e+38 -3.4e+38 -3.4e+38 0.175 0.177 0.179 0.181 0.183 0.185 0.187
-3.4e+38 -3.4e+38 -3.4e+38 -3.4e+38 -3.4e+38 -3.4e+38 -3.4e+38 -3.4e+38 -3.4e+38 -3.4e+38 -3.4e+38 -3.4e+38 -3.4e+38 -3.4e+38 -3.4e+38 -3.4e+38 -3.4e+38 -3.4e+38 -3.4e+38 -3.4e+38 -3.4e+38 -3.4e+38 -3.4e+38 0.0392 0.0404 0.0422 0.0446 0.0471 0.0498 0.0527 0.0558 0.059 0.0624 0.0659 0.0694 0.073 0.0765 0.08 0.0832 -3.4e+38 0.0899 0.0932 0.0967 0.1 0.104 0.108 0.111 0.115 0.119 -3.4e+38 -3.4e+38 -3.4e+38 -3.4e+38 -3.4e+38 -3.4e+38 -3.4e+38 -3.4e+38 -3.4e+38 -3.4e+38 -3.4e+38 -3.4e+38 -3.4e+38 -3.4e+38 -3.4e+38 -3.4e+38 0.17 0.172 0.174 0.176 0.178 -3.4e+38
-3.4e+38 -3.4e+38 -3.4e+38 -3.4e+38 -3.4e+38 -3.4e+38 -3.4e+38 -3.4e+38 -3.4e+38 -3.4e+38 -3.4e+38 -3.4e+38 -3.4e+38 -3.4e+38 -3.4e+38 -3.4e+38 -3.4e+38 -3.4e+38 -3.4e+38 -3.4e+38 -3.4e+38 -3.4e+38 -3.4e+38 -3.4e+38 0.041 0.0428 0.0449 0.0472 0.0497 0.0525 0.0553 0.0584 0.0615 0.0648 0.0681 0.0714 0.0746 0.0778 -3.4e+38 -3.4e+38 -3.4e+38 0.0906 0.094 0.0975 0.101 0.105 0.108 -3.4e+38 -3.4e+38 -3.4e+38 -3.4e+38 -3.4e+38 -3.4e+38 -3.4e+38 -3.4e+38 -3.4e+38 -3.4e+38 -3.4e+38 -3.4e+38 -3.4e+38 -3.4e+38 -3.4e+38 -3.4e+38 -3.4e+38 -3.4e+38 -3.4e+38 -3.4e+38 0.169 0.171 -3.4e+38 -3.4e+38
-3.4e+38 -3.4e+38 -3.4e+38 -3.4e+38 -3.4e+38 -3.4e+38 -3.4e+38 -3.4e+38 -3.4e+38 -3.4e+38 -3.4e+38 -3.4e+38 -3.4e+38 -3.4e+38 -3.4e+38 -3.4e+38 -3.4e+38 -3.4e+38 -3.4e+38 -3.4e+38 -3.4e+38 -3.4e+38 -3.4e+38 -3.4e+38 0.0419 0.0436 0.0455 0.0476 0.05 0.0525 0.0552 0.0581 0.061 0.0641 0.0671 0.0703 0.0732 -3.4e+38 -3.4e+38 -3.4e+38 -3.4e+38 -3.4e+38 0.0919 0.0953 0.0987 -3.4e+38 -3.4e+38 -3.4e+38 -3.4e+38 -3.4e+38 -3.4e+38 -3.4e+38 -3.4e+38 -3.4e+38 -3.4e+38 -3.4e+38 -3.4e+38 -3.4e+38 -3.4e+38 -3.4e+38 -3.4e+38 -3.4e+38 -3.4e+38 -3.4e+38 -3.4e+38 -3.4e+38 -3.4e+38 -3.4e+38 -3.4e+38 -3.4e+38 -3.4e+38
-3.4e+38 -3.4e+38 -3.4e+38 -3.4e+38 -3.4e+38 -3.4e+38 -3.4e+38 -3.4e+38 -3.4e+38 -3.4e+38 -3.4e+38 -3.4e+38 -3.4e+38 -3.4e+38 -3.4e+38 -3.4e+38 -3.4e+38 -3.4e+38 -3.4e+38 -3.4e+38 -3.4e+38 -3.4e+38 -3.4e+38 -3.4e+38 -3.4e+38 -3.4e+38 0.0463 0.0484 0.0506 0.053 0.0555 0.0582 0.061 0.0638 0.0667 -3.4e+38 -3.4e+38 -3.4e+38 -3.4e+38 -3.4e+38 -3.4e+38 -3.4e+38 -3.4e+38 -3.4e+38 -3.4e+38 -3.4e+38 -3.4e+38 -3.4e+38 -3.4e+38 -3.4e+38 -3.4e+38 -3.4e+38 -3.4e+38 -3.4e+38 -3.4e+38 -3.4e+38 -3.4e+38 -3.4e+38 -3.4e+38 -3.4e+38 -3.4e+38 -3.4e+38 -3.4e+38 -3.4e+38 -3.4e+38 -3.4e+38 -3.4e+38 -3.4e+38 -3.4e+38 -3.4e+38 -3.4e+38
-3.4e+38 -3.4e+38 -3.4e+38 -3.4e+38 -3.4e+38 -3.4e+38 -3.4e+38 -3.4e+38 -3.4e+38 -3.4e+38 -3.4e+38 -3.4e+38 -3.4e+38 -3.4e+38 -3.4e+38 -3.4e+38 -3.4e+38 -3.4e+38 -3.4e+38 -3.4e+38 -3.4e+38 -3.4e+38 -3.4e+38 -3.4e+38 -3.4e+38 -3.4e+38 -3.4e+38 -3.4e+38 0.0514 0.0536 -3.4e+38 0.0586 0.0612 0.0639 -3.4e+38 -3.4e+38 -3.4e+38 -3.4e+38 -3.4e+38 -3.4e+38 -3.4e+38 -3.4e+38 -3.4e+38 -3.4e+38 -3.4e+38 -3.4e+38 -3.4e+38 -3.4e+38 -3.4e+38 -3.4e+38 -3.4e+38 -3.4e+38 -3.4e+38 -3.4e+38 -3.4e+38 -3.4e+38 -3.4e+38 -3.4e+38 -3.4e+38 -3.4e+38 -3.4e+38 -3.4e+38 -3.4e+38 -3.4e+38 -3.4e+38 -3.4e+38 -3.4e+38 -3.4e+38 -3.4e+38 -3.4e+38 -3.4e+38
-3.4e+38 -3.4e+38 -3.4e+38 -3.4e+38 -3.4e+38 -3.4e+38 -3.4e+38 -3.4e+38 -3.4e+38 -3.4e+38 -3.4e+38 -3.4e+38 -3.4e+38 -3.4e+38 -3.4e+38 -3.4e+38 -3.4e+38 -3.4e+38 -3.4e+38 -3.4e+38 -3.4e+38 -3.4e+38 -3.4e+38 -3.4e+38 -3.4e+38 -3.4e+38 -3.4e+38 -3.4e+38 -3.4e+38 -3.4e+38 -3.4e+38 -3.4e+38 -3.4e+38 -3.4e+38 -3.4e+38 -3.4e+38 -3.4e+38 -3.4e+38 -3.4e+38 -3.4e+38 -3.4e+38 -3.4e+38 -3.4e+38 -3.4e+38 -3.4e+38 -3.4e+38 -3.4e+38 -3.4e+38 -3.4e+38 -3.4e+38 -3.4e+38 -3.4e+38 -3.4e+38 -3.4e+38 -3.4e+38 -3.4e+38 -3.4e+38 -3.4e+38 -3.4e+38 -3.4e+38 -3.4e+38 -3.4e+38 -3.4e+38 -3.4e+38 -3.4e+38 -3.4e+38 -3.4e+38 -3.4e+38 -3.4e+38 -3.4e+38 -3.4e+38
-3.4e+38 -3.4e+38 -3.4e+38 -3.4e+38 -3.4e+38 -3.4e+38 -3.4e+38 -3.4e+38 -3.4e+38 -3.4e+38 -3.4e+38 -3.4e+38 -3.4e+38 -3.4e+38 -3.4e+38 -3.4e+38 -3.4e+38 -3.4e+38 -3.4e+38 -3.4e+38 -3.4e+38 -3.4e+38 -3.4e+38 -3.4e+38 -3.4e+38 -3.4e+38 -3.4e+38 -3.4e+38 -3.4e+38 -3.4e+38 -3.4e+38 -3.4e+38 -3.4e+38 -3.4e+38 -3.4e+38 -3.4e+38 -3.4e+38 -3.4e+38 -3.4e+38 -3.4e+38 -3.4e+38 -3.4e+38 -3.4e+38 -3.4e+38 -3.4e+38 -3.4e+38 -3.4e+38 -3.4e+38 -3.4e+38 -3.4e+38 -3.4e+38 -3.4e+38 -3.4e+38 -3.4e+38 -3.4e+38 -3.4e+38 -3.4e+38 -3.4e+38 -3.4e+38 -3.4e+38 -3.4e+38 -3.4e+38 -3.4e+38 -3.4e+38 -3.4e+38 -3.4e+38 -3.4e+38 -3.4e+38 -3.4e+38 -3.4e+38 -3.4e+38
-3.4e+38 -3.4e+38 -3.4e+38 -3.4e+38 -3.4e+38 -3.4e+38 -3.4e+38 -3.4e+38 -3.4e+38 -3.4e+38 -3.4e+38 -3.4e+38 -3.4e+38 -3.4e+38 -3.4e+38 -3.4e+38 -3.4e+38 -3.4e+38 -3.4e+38 -3.4e+38 -3.4e+38 -3.4e+38 -3.4e+38 -3.4e+38 -3.4e+38 -3.4e+38 -3.4e+38 -3.4e+38 -3.4e+38 -3.4e+38 -3.4e+38 -3.4e+38 -3.4e+38 -3.4e+38 -3.4e+38 -3.4e+38 -3.4e+38 -3.4e+38 -3.4e+38 -3.4e+38 -3.4e+38 -3.4e+38 -3.4e+38 -3.4e+38 -3.4e+38 -3.4e+38 -3.4e+38 -3.4e+38 -3.4e+38 -3.4e+38 -3.4e+38 -3.4e+38 -3.4e+38 -3.4e+38 -3.4e+38 -3.4e+38 -3.4e+38 -3.4e+38 -3.4e+38 -3.4e+38 -3.4e+38 -3.4e+38 -3.4e+38 -3.4e+38 -3.4e+38 -3.4e+38 -3.4e+38 -3.4e+38 -3.4e+38 -3.4e+38 -3.4e+38
-3.4e+38 -3.4e+38 -3.4e+38 -3.4e+38 -3.4e+38 -3.4e+38 -3.4e+38 -3.4e+38 -3.4e+38 -3.4e+38 -3.4e+38 -3.4e+38 -3.4e+38 -3.4e+38 -3.4e+38 -3.4e+38 -3.4e+38 -3.4e+38 -3.4e+38 -3.4e+38 -3.4e+38 -3.4e+38 -3.4e+38 -3.4e+38 -3.4e+38 -3.4e+38 -3.4e+38 -3.4e+38 -3.4e+38 -3.4e+38 -3.4e+38 -3.4e+38 -3.4e+38 -3.4e+38 -3.4e+38 -3.4e+38 -3.4e+38 -3.4e+38 -3.4e+38 -3.4e+38 -3.4e+38 -3.4e+38 -3.4e+38 -3.4e+38 -3.4e+38 -3.4e+38 -3.4e+38 -3.4e+38 -3.4e+38 -3.4e+38 -3.4e+38 -3.4e+38 -3.4e+38 -3.4e+38 -3.4e+38 -3.4e+38 -3.4e+38 -3.4e+38 -3.4e+38 -3.4e+38 -3.4e+38 -3.4e+38 -3.4e+38 -3.4e+38 -3.4e+38 -3.4e+38 -3.4e+38 -3.4e+38 -3.4e+38 -3.4e+38 -3.4e+38
-3.4e+38 -3.4e+38 -3.4e+38 -3.4e+38 -3.4e+38 -3.4e+38 -3.4e+38 -3.4e+38 -3.4e+38 -3.4e+38 -3.4e+38 -3.4e+38 -3.4e+38 -3.4e+38 -3.4e+38 -3.4e+38 -3.4e+38 -3.4e+38 -3.4e+38 -3.4e+38 -3.4e+38 -3.4e+38 -3.4e+38 -3.4e+38 -3.4e+38 -3.4e+38 -3.4e+38 -3.4e+38 -3.4e+38 -3.4e+38 -3.4e+38 -3.4e+38 -3.4e+38 -3.4e+38 -3.4e+38 -3.4e+38 -3.4e+38 -3.4e+38 -3.4e+38 -3.4e+38 -3.4e+38 -3.4e+38 -3.4e+38 -3.4e+38 -3.4e+38 -3.4e+38 -3.4e+38 -3.4e+38 -3.4e+38 -3.4e+38 -3.4e+38 -3.4e+38 -3.4e+38 -3.4e+38 -3.4e+38 -3.4e+38 -3.4e+38 -3.4e+38 -3.4e+38 -3.4e+38 -3.4e+38 -3.4e+38 -3.4e+38 -3.4e+38 -3.4e+38 -3.4e+38 -3.4e+38 -3.4e+38 -3.4e+38 -3.4e+38 -3.4e+38
