maui/input/month_year_rainfall/maui_prcp_09_2002.asc
ncols        361
nrows        320
xllcorner    -156.738000000000
yllcorner    20.343000000000
cellsize     0.002250000000
NODATA_value -3.4028234663852885981e+38
[rows 62 to 92 of 320, columns 0 to 69 of 361]
-3.4e+38 -3.4e+38 -3.4e+38 -3.4e+38 -3.4e+38 -3.4e+38 -3.4e+38 -3.4e+38 -3.4e+38 -3.4e+38 -3.4e+38 -3.4e+38 -3.4e+38 -3.4e+38 -3.4e+38 -3.4e+38 -3.4e+38 -3.4e+38 0.0578 0.0645 0.0721 0.0811 0.0903 0.1 0.11 0.124 0.143 0.167 0.196 0.229 0.27 0.317 0.372 0.431 0.505 0.585 0.684 0.795 0.93 1.08 1.25 1.44 1.66 1.91 2.18 2.49 2.82 3.21 3.59 3.97 4.34 4.75 5.19 5.67 6.17 6.66 7.19 7.72 8.22 8.69 9.09 9.45 9.75 10 10.3 10.5 10.6 10.7 10.8 10.8
-3.4e+38 -3.4e+38 -3.4e+38 -3.4e+38 -3.4e+38 -3.4e+38 -3.4e+38 -3.4e+38 -3.4e+38 -3.4e+38 -3.4e+38 -3.4e+38 -3.4e+38 -3.4e+38 -3.4e+38 -3.4e+38 -3.4e+38 0.0509 0.0574 0.0647 0.0728 0.0823 0.0917 0.101 0.11 0.123 0.141 0.163 0.19 0.222 0.262 0.308 0.363 0.424 0.496 0.571 0.667 0.775 0.907 1.05 1.22 1.41 1.62 1.86 2.13 2.44 2.79 3.19 3.62 4 4.37 4.8 5.27 5.77 6.31 6.83 7.39 7.95 8.48 8.98 9.39 9.76 10.1 10.3 10.5 10.8 11 11.1 11.2 11.2
-3.4e+38 -3.4e+38 -3.4e+38 -3.4e+38 -3.4e+38 -3.4e+38 -3.4e+38 -3.4e+38 -3.4e+38 -3.4e+38 -3.4e+38 -3.4e+38 -3.4e+38 -3.4e+38 -3.4e+38 -3.4e+38 -3.4e+38 0.0499 0.0567 0.0643 0.0729 0.0833 0.0937 0.102 0.11 0.122 0.137 0.157 0.183 0.213 0.251 0.296 0.35 0.411 0.48 0.553 0.646 0.752 0.88 1.02 1.19 1.37 1.58 1.82 2.08 2.38 2.72 3.12 3.52 3.94 4.34 4.8 5.29 5.84 6.41 6.97 7.57 8.19 8.74 9.26 9.69 10.1 10.4 10.6 10.8 11 11.3 11.5 11.6 11.6
-3.4e+38 -3.4e+38 -3.4e+38 -3.4e+38 -3.4e+38 -3.4e+38 -3.4e+38 -3.4e+38 -3.4e+38 -3.4e+38 -3.4e+38 -3.4e+38 -3.4e+38 -3.4e+38 -3.4e+38 -3.4e+38 -3.4e+38 0.0484 0.0552 0.0627 0.0714 0.0818 0.0928 0.1 0.107 0.118 0.132 0.151 0.174 0.203 0.239 0.281 0.332 0.388 0.456 0.528 0.621 0.726 0.852 0.992 1.15 1.33 1.53 1.76 2.01 2.31 2.63 3.01 3.4 3.83 4.26 4.75 5.28 5.86 6.48 7.1 7.75 8.41 9 9.54 10 10.4 10.7 10.9 11 11.4 11.7 11.9 12 11.9
-3.4e+38 -3.4e+38 -3.4e+38 -3.4e+38 -3.4e+38 -3.4e+38 -3.4e+38 -3.4e+38 -3.4e+38 -3.4e+38 -3.4e+38 -3.4e+38 -3.4e+38 -3.4e+38 -3.4e+38 -3.4e+38 -3.4e+38 -3.4e+38 0.0529 0.0601 0.0681 0.0771 0.0859 0.0938 0.101 0.112 0.125 0.143 0.165 0.192 0.226 0.265 0.312 0.363 0.428 0.501 0.593 0.697 0.821 0.959 1.11 1.29 1.48 1.7 1.94 2.22 2.52 2.89 3.27 3.7 4.14 4.66 5.22 5.84 6.52 7.21 7.91 8.59 9.23 9.82 10.3 10.8 11.1 11.4 11.6 11.9 12.1 12.3 12.4 12.3
-3.4e+38 -3.4e+38 -3.4e+38 -3.4e+38 -3.4e+38 -3.4e+38 -3.4e+38 -3.4e+38 -3.4e+38 -3.4e+38 -3.4e+38 -3.4e+38 -3.4e+38 -3.4e+38 -3.4e+38 -3.4e+38 -3.4e+38 -3.4e+38 -3.4e+38 0.0566 0.0637 0.0714 0.0789 0.0864 0.0941 0.104 0.116 0.133 0.155 0.18 0.212 0.248 0.293 0.34 0.401 0.471 0.564 0.669 0.79 0.924 1.07 1.24 1.42 1.63 1.86 2.13 2.41 2.76 3.13 3.55 4.01 4.53 5.12 5.78 6.5 7.25 8 8.73 9.43 10.1 10.7 11.2 11.6 11.9 12.2 12.5 12.7 12.8 12.8 12.7
-3.4e+38 -3.4e+38 -3.4e+38 -3.4e+38 -3.4e+38 -3.4e+38 -3.4e+38 -3.4e+38 -3.4e+38 -3.4e+38 -3.4e+38 -3.4e+38 -3.4e+38 -3.4e+38 -3.4e+38 -3.4e+38 -3.4e+38 -3.4e+38 -3.4e+38 -3.4e+38 0.0591 0.0657 0.0723 0.0792 0.0864 0.0953 0.107 0.123 0.144 0.169 0.199 0.233 0.275 0.32 0.379 0.448 0.539 0.642 0.76 0.889 1.03 1.19 1.37 1.56 1.78 2.03 2.3 2.63 2.98 3.4 3.85 4.39 4.99 5.68 6.44 7.24 8.05 8.85 9.61 10.3 11 11.5 12 12.4 12.8 13 13.2 13.3 13.3 13.1
-3.4e+38 -3.4e+38 -3.4e+38 -3.4e+38 -3.4e+38 -3.4e+38 -3.4e+38 -3.4e+38 -3.4e+38 -3.4e+38 -3.4e+38 -3.4e+38 -3.4e+38 -3.4e+38 -3.4e+38 -3.4e+38 -3.4e+38 -3.4e+38 -3.4e+38 -3.4e+38 -3.4e+38 0.0602 0.0661 0.0725 0.0792 0.0872 0.0979 0.114 0.134 0.157 0.185 0.218 0.258 0.302 0.36 0.428 0.515 0.613 0.728 0.85 0.986 1.14 1.3 1.49 1.69 1.93 2.18 2.5 2.83 3.23 3.67 4.21 4.83 5.55 6.35 7.2 8.06 8.92 9.75 10.5 11.2 11.9 12.4 12.9 13.3 13.6 13.8 13.8 13.8 13.5
-3.4e+38 -3.4e+38 -3.4e+38 -3.4e+38 -3.4e+38 -3.4e+38 -3.4e+38 -3.4e+38 -3.4e+38 -3.4e+38 -3.4e+38 -3.4e+38 -3.4e+38 -3.4e+38 -3.4e+38 -3.4e+38 -3.4e+38 -3.4e+38 -3.4e+38 -3.4e+38 -3.4e+38 -3.4e+38 0.0605 0.0665 0.073 0.081 0.0916 0.106 0.125 0.146 0.173 0.204 0.242 0.284 0.342 0.407 0.49 0.583 0.691 0.808 0.938 1.08 1.24 1.42 1.61 1.83 2.07 2.37 2.68 3.06 3.48 4.01 4.66 5.42 6.25 7.14 8.05 8.96 9.85 10.7 11.5 12.2 12.9 13.4 13.8 14.2 14.3 14.4 14.3 14
-3.4e+38 -3.4e+38 -3.4e+38 -3.4e+38 -3.4e+38 -3.4e+38 -3.4e+38 -3.4e+38 -3.4e+38 -3.4e+38 -3.4e+38 -3.4e+38 -3.4e+38 -3.4e+38 -3.4e+38 -3.4e+38 -3.4e+38 -3.4e+38 -3.4e+38 -3.4e+38 -3.4e+38 -3.4e+38 0.0555 0.0611 0.0674 0.0754 0.0857 0.0992 0.116 0.136 0.161 0.19 0.226 0.266 0.321 0.383 0.462 0.549 0.651 0.763 0.887 1.02 1.17 1.34 1.52 1.73 1.95 2.24 2.54 2.89 3.27 3.8 4.48 5.26 6.12 7.04 7.99 8.95 9.88 10.8 11.7 12.5 13.2 13.8 14.3 14.7 14.9 14.9 14.7 14.4
-3.4e+38 -3.4e+38 -3.4e+38 -3.4e+38 -3.4e+38 -3.4e+38 -3.4e+38 -3.4e+38 -3.4e+38 -3.4e+38 -3.4e+38 -3.4e+38 -3.4e+38 -3.4e+38 -3.4e+38 -3.4e+38 -3.4e+38 -3.4e+38 -3.4e+38 -3.4e+38 -3.4e+38 -3.4e+38 -3.4e+38 0.0561 0.0622 0.0699 0.0796 0.0921 0.108 0.126 0.15 0.177 0.211 0.249 0.301 0.36 0.434 0.516 0.612 0.718 0.835 0.964 1.1 1.26 1.43 1.63 1.85 2.12 2.41 2.75 3.13 3.66 4.33 5.12 5.99 6.93 7.91 8.9 9.88 10.8 11.8 12.6 13.4 14.1 14.7 15.2 15.4 15.4 15.2 14.8
-3.4e+38 -3.4e+38 -3.4e+38 -3.4e+38 -3.4e+38 -3.4e+38 -3.4e+38 -3.4e+38 -3.4e+38 -3.4e+38 -3.4e+38 -3.4e+38 -3.4e+38 -3.4e+38 -3.4e+38 -3.4e+38 -3.4e+38 -3.4e+38 -3.4e+38 -3.4e+38 -3.4e+38 -3.4e+38 0.0463 0.0513 0.0571 0.0644 0.0734 0.0851 0.0995 0.117 0.139 0.164 0.196 0.232 0.282 0.338 0.407 0.483 0.574 0.673 0.782 0.903 1.04 1.18 1.34 1.54 1.74 2 2.28 2.63 3.03 3.55 4.19 4.96 5.83 6.77 7.77 8.78 9.79 10.8 11.8 12.7 13.6 14.4 15.1 15.6 15.9 16 15.7 15.1
-3.4e+38 -3.4e+38 -3.4e+38 -3.4e+38 -3.4e+38 -3.4e+38 -3.4e+38 -3.4e+38 -3.4e+38 -3.4e+38 -3.4e+38 -3.4e+38 -3.4e+38 -3.4e+38 -3.4e+38 -3.4e+38 -3.4e+38 -3.4e+38 -3.4e+38 -3.4e+38 -3.4e+38 -3.4e+38 0.0422 0.0467 0.0521 0.0588 0.0672 0.078 0.0913 0.108 0.128 0.153 0.183 0.218 0.266 0.318 0.382 0.452 0.537 0.629 0.731 0.843 0.966 1.11 1.26 1.44 1.64 1.89 2.17 2.51 2.91 3.42 4.04 4.8 5.66 6.6 7.6 8.63 9.67 10.7 11.7 12.7 13.6 14.5 15.4 16 16.5 16.6 16.2 15.5
-3.4e+38 -3.4e+38 -3.4e+38 -3.4e+38 -3.4e+38 -3.4e+38 -3.4e+38 -3.4e+38 -3.4e+38 -3.4e+38 -3.4e+38 -3.4e+38 -3.4e+38 -3.4e+38 -3.4e+38 -3.4e+38 -3.4e+38 -3.4e+38 -3.4e+38 -3.4e+38 -3.4e+38 -3.4e+38 0.0384 0.0425 0.0474 0.0535 0.0612 0.0711 0.0834 0.0986 0.118 0.142 0.172 0.208 0.253 0.301 0.361 0.425 0.502 0.585 0.679 0.783 0.898 1.03 1.17 1.35 1.54 1.78 2.05 2.38 2.77 3.26 3.87 4.6 5.44 6.38 7.38 8.41 9.46 10.5 11.6 12.6 13.6 14.5 15.5 16.3 17.1 17.4 16.7 15.7
-3.4e+38 -3.4e+38 -3.4e+38 -3.4e+38 -3.4e+38 -3.4e+38 -3.4e+38 -3.4e+38 -3.4e+38 -3.4e+38 -3.4e+38 -3.4e+38 -3.4e+38 -3.4e+38 -3.4e+38 -3.4e+38 -3.4e+38 -3.4e+38 -3.4e+38 -3.4e+38 -3.4e+38 -3.4e+38 0.0348 0.0385 0.0429 0.0484 0.0552 0.0642 0.0754 0.0894 0.108 0.13 0.16 0.195 0.239 0.284 0.338 0.395 0.465 0.541 0.627 0.723 0.831 0.954 1.09 1.25 1.43 1.66 1.92 2.25 2.62 3.09 3.67 4.37 5.2 6.12 7.12 8.15 9.2 10.3 11.3 12.3 13.4 14.4 15.3 16.4 17.4 18.2 16.9 15.6
-3.4e+38 -3.4e+38 -3.4e+38 -3.4e+38 -3.4e+38 -3.4e+38 -3.4e+38 -3.4e+38 -3.4e+38 -3.4e+38 -3.4e+38 -3.4e+38 -3.4e+38 -3.4e+38 -3.4e+38 -3.4e+38 -3.4e+38 -3.4e+38 -3.4e+38 -3.4e+38 -3.4e+38 0.0286 0.0314 0.0347 0.0386 0.0435 0.0495 0.0574 0.0675 0.0802 0.097 0.118 0.146 0.179 0.221 0.263 0.31 0.362 0.425 0.494 0.572 0.662 0.763 0.879 1.01 1.16 1.34 1.55 1.8 2.1 2.46 2.91 3.46 4.12 4.92 5.82 6.8 7.83 8.87 9.94 11 12 13 14 14.9 15.9 16.7 17 16.2 15.2
-3.4e+38 -3.4e+38 -3.4e+38 -3.4e+38 -3.4e+38 -3.4e+38 -3.4e+38 -3.4e+38 -3.4e+38 -3.4e+38 -3.4e+38 -3.4e+38 -3.4e+38 -3.4e+38 -3.4e+38 -3.4e+38 -3.4e+38 -3.4e+38 -3.4e+38 -3.4e+38 -3.4e+38 0.0259 0.0284 0.0313 0.0347 0.0388 0.044 0.0508 0.0596 0.0709 0.0861 0.105 0.13 0.16 0.197 0.235 0.279 0.326 0.382 0.445 0.517 0.6 0.695 0.805 0.928 1.07 1.24 1.44 1.67 1.96 2.3 2.72 3.23 3.86 4.62 5.48 6.44 7.44 8.48 9.53 10.5 11.5 12.5 13.4 14.3 15 15.6 15.7 15.2 14.4
-3.4e+38 -3.4e+38 -3.4e+38 -3.4e+38 -3.4e+38 -3.4e+38 -3.4e+38 -3.4e+38 -3.4e+38 -3.4e+38 -3.4e+38 -3.4e+38 -3.4e+38 -3.4e+38 -3.4e+38 -3.4e+38 -3.4e+38 -3.4e+38 -3.4e+38 -3.4e+38 -3.4e+38 0.0234 0.0256 0.0281 0.031 0.0346 0.039 0.0445 0.0517 0.0619 0.0756 0.0922 0.114 0.139 0.172 0.207 0.247 0.288 0.338 0.394 0.46 0.538 0.628 0.733 0.851 0.989 1.14 1.33 1.55 1.81 2.13 2.53 3.01 3.59 4.3 5.12 6.03 7 8.03 9.06 10 11 11.9 12.7 13.5 14.1 14.4 14.5 14.1 13.5
-3.4e+38 -3.4e+38 -3.4e+38 -3.4e+38 -3.4e+38 -3.4e+38 -3.4e+38 -3.4e+38 -3.4e+38 -3.4e+38 -3.4e+38 -3.4e+38 -3.4e+38 -3.4e+38 -3.4e+38 -3.4e+38 -3.4e+38 -3.4e+38 -3.4e+38 -3.4e+38 -3.4e+38 0.0212 0.023 0.0252 0.0277 0.0307 0.0344 0.0389 0.0449 0.0538 0.0656 0.0799 0.0984 0.12 0.148 0.18 0.217 0.251 0.295 0.344 0.404 0.476 0.562 0.664 0.777 0.908 1.05 1.23 1.42 1.67 1.95 2.33 2.78 3.33 3.99 4.74 5.6 6.51 7.51 8.53 9.48 10.4 11.2 12 12.6 13.1 13.3 13.3 13.1 12.6
-3.4e+38 -3.4e+38 -3.4e+38 -3.4e+38 -3.4e+38 -3.4e+38 -3.4e+38 -3.4e+38 -3.4e+38 -3.4e+38 -3.4e+38 -3.4e+38 -3.4e+38 -3.4e+38 -3.4e+38 -3.4e+38 -3.4e+38 -3.4e+38 -3.4e+38 -3.4e+38 -3.4e+38 -3.4e+38 0.0207 0.0226 0.0247 0.0273 0.0304 0.0343 0.0395 0.0467 0.0564 0.0683 0.0837 0.102 0.125 0.152 0.183 0.215 0.253 0.297 0.35 0.417 0.501 0.599 0.709 0.832 0.967 1.13 1.31 1.52 1.78 2.11 2.55 3.09 3.7 4.35 5.14 5.98 6.97 7.96 8.86 9.72 10.5 11.1 11.7 12.1 12.3 12.3 12.1 11.6
-3.4e+38 -3.4e+38 -3.4e+38 -3.4e+38 -3.4e+38 -3.4e+38 -3.4e+38 -3.4e+38 -3.4e+38 -3.4e+38 -3.4e+38 -3.4e+38 -3.4e+38 -3.4e+38 -3.4e+38 -3.4e+38 -3.4e+38 -3.4e+38 -3.4e+38 -3.4e+38 -3.4e+38 -3.4e+38 -3.4e+38 0.0203 0.0221 0.0242 0.0268 0.0302 0.0346 0.0403 0.048 0.0574 0.0699 0.0844 0.103 0.124 0.151 0.179 0.214 0.254 0.303 0.366 0.447 0.541 0.646 0.763 0.892 1.04 1.2 1.4 1.61 1.89 2.34 2.87 3.45 4.06 4.78 5.55 6.48 7.42 8.26 9.05 9.73 10.3 10.8 11.1 11.3 11.3 11.1 10.7
-3.4e+38 -3.4e+38 -3.4e+38 -3.4e+38 -3.4e+38 -3.4e+38 -3.4e+38 -3.4e+38 -3.4e+38 -3.4e+38 -3.4e+38 -3.4e+38 -3.4e+38 -3.4e+38 -3.4e+38 -3.4e+38 -3.4e+38 -3.4e+38 -3.4e+38 -3.4e+38 -3.4e+38 -3.4e+38 -3.4e+38 -3.4e+38 0.0196 0.0214 0.0236 0.0264 0.0299 0.0343 0.0402 0.0475 0.0574 0.0689 0.0837 0.101 0.123 0.147 0.178 0.216 0.263 0.324 0.4 0.489 0.589 0.701 0.824 0.963 1.12 1.3 1.5 1.78 2.19 2.69 3.23 3.81 4.45 5.13 6 6.88 7.65 8.37 8.98 9.51 9.93 10.2 10.3 10.3 10.2 9.85
-3.4e+38 -3.4e+38 -3.4e+38 -3.4e+38 -3.4e+38 -3.4e+38 -3.4e+38 -3.4e+38 -3.4e+38 -3.4e+38 -3.4e+38 -3.4e+38 -3.4e+38 -3.4e+38 -3.4e+38 -3.4e+38 -3.4e+38 -3.4e+38 -3.4e+38 -3.4e+38 -3.4e+38 -3.4e+38 -3.4e+38 -3.4e+38 -3.4e+38 0.019 0.0208 0.023 0.0257 0.0291 0.0335 0.0389 0.0464 0.0553 0.0666 0.0799 0.0985 0.12 0.147 0.18 0.224 0.281 0.353 0.439 0.536 0.645 0.767 0.902 1.05 1.23 1.44 1.72 2.08 2.53 3.02 3.55 4.16 4.81 5.6 6.38 7.08 7.72 8.27 8.74 9.11 9.36 9.47 9.46 9.32 9.06
-3.4e+38 -3.4e+38 -3.4e+38 -3.4e+38 -3.4e+38 -3.4e+38 -3.4e+38 -3.4e+38 -3.4e+38 -3.4e+38 -3.4e+38 -3.4e+38 -3.4e+38 -3.4e+38 -3.4e+38 -3.4e+38 -3.4e+38 -3.4e+38 -3.4e+38 -3.4e+38 -3.4e+38 -3.4e+38 -3.4e+38 -3.4e+38 -3.4e+38 0.0168 0.0182 0.0199 0.0221 0.0246 0.0278 0.0315 0.0374 0.0444 0.0534 0.0641 0.0794 0.097 0.12 0.149 0.188 0.241 0.308 0.391 0.486 0.595 0.716 0.847 0.995 1.17 1.37 1.65 1.98 2.38 2.83 3.31 3.88 4.49 5.19 5.88 6.51 7.08 7.57 7.99 8.32 8.54 8.64 8.64 8.53 8.31
-3.4e+38 -3.4e+38 -3.4e+38 -3.4e+38 -3.4e+38 -3.4e+38 -3.4e+38 -3.4e+38 -3.4e+38 -3.4e+38 -3.4e+38 -3.4e+38 -3.4e+38 -3.4e+38 -3.4e+38 -3.4e+38 -3.4e+38 -3.4e+38 -3.4e+38 -3.4e+38 -3.4e+38 -3.4e+38 -3.4e+38 -3.4e+38 -3.4e+38 -3.4e+38 0.016 0.0174 0.019 0.021 0.0235 0.0265 0.031 0.0365 0.0441 0.0532 0.0655 0.0803 0.0998 0.125 0.157 0.202 0.263 0.34 0.431 0.542 0.667 0.799 0.947 1.12 1.32 1.58 1.89 2.25 2.65 3.09 3.59 4.17 4.78 5.4 5.96 6.48 6.92 7.3 7.6 7.8 7.89 7.9 7.81 7.63
-3.4e+38 -3.4e+38 -3.4e+38 -3.4e+38 -3.4e+38 -3.4e+38 -3.4e+38 -3.4e+38 -3.4e+38 -3.4e+38 -3.4e+38 -3.4e+38 -3.4e+38 -3.4e+38 -3.4e+38 -3.4e+38 -3.4e+38 -3.4e+38 -3.4e+38 -3.4e+38 -3.4e+38 -3.4e+38 -3.4e+38 -3.4e+38 -3.4e+38 -3.4e+38 -3.4e+38 0.0152 0.0165 0.0181 0.0201 0.0226 0.0261 0.0304 0.0367 0.0443 0.0546 0.0671 0.0837 0.104 0.13 0.167 0.22 0.291 0.377 0.489 0.618 0.75 0.899 1.07 1.26 1.51 1.79 2.12 2.48 2.87 3.32 3.82 4.37 4.92 5.42 5.88 6.29 6.63 6.9 7.09 7.18 7.2 7.14 6.99
-3.4e+38 -3.4e+38 -3.4e+38 -3.4e+38 -3.4e+38 -3.4e+38 -3.4e+38 -3.4e+38 -3.4e+38 -3.4e+38 -3.4e+38 -3.4e+38 -3.4e+38 -3.4e+38 -3.4e+38 -3.4e+38 -3.4e+38 -3.4e+38 -3.4e+38 -3.4e+38 -3.4e+38 -3.4e+38 -3.4e+38 -3.4e+38 -3.4e+38 -3.4e+38 -3.4e+38 -3.4e+38 0.0144 0.0157 0.0174 0.0195 0.0223 0.0258 0.0309 0.0372 0.0459 0.0566 0.0708 0.0882 0.11 0.14 0.182 0.243 0.319 0.43 0.564 0.698 0.849 1.01 1.21 1.44 1.7 2.01 2.34 2.69 3.09 3.52 3.99 4.46 4.91 5.32 5.69 6 6.25 6.44 6.53 6.55 6.51 6.41
-3.4e+38 -3.4e+38 -3.4e+38 -3.4e+38 -3.4e+38 -3.4e+38 -3.4e+38 -3.4e+38 -3.4e+38 -3.4e+38 -3.4e+38 -3.4e+38 -3.4e+38 -3.4e+38 -3.4e+38 -3.4e+38 -3.4e+38 -3.4e+38 -3.4e+38 -3.4e+38 -3.4e+38 -3.4e+38 -3.4e+38 -3.4e+38 -3.4e+38 -3.4e+38 -3.4e+38 -3.4e+38 0.0128 0.0139 0.0153 0.017 0.0193 0.0221 0.0263 0.0316 0.0389 0.048 0.0602 0.0753 0.0947 0.12 0.154 0.204 0.268 0.375 0.505 0.643 0.797 0.959 1.15 1.36 1.61 1.89 2.19 2.51 2.86 3.23 3.63 4.03 4.42 4.78 5.11 5.39 5.63 5.81 5.9 5.95 5.93 5.87
-3.4e+38 -3.4e+38 -3.4e+38 -3.4e+38 -3.4e+38 -3.4e+38 -3.4e+38 -3.4e+38 -3.4e+38 -3.4e+38 -3.4e+38 -3.4e+38 -3.4e+38 -3.4e+38 -3.4e+38 -3.4e+38 -3.4e+38 -3.4e+38 -3.4e+38 -3.4e+38 -3.4e+38 -3.4e+38 -3.4e+38 -3.4e+38 -3.4e+38 -3.4e+38 -3.4e+38 -3.4e+38 -3.4e+38 0.0124 0.0136 0.0151 0.017 0.0193 0.0229 0.0274 0.0335 0.0412 0.0518 0.0654 0.0834 0.106 0.134 0.175 0.229 0.322 0.439 0.582 0.742 0.898 1.08 1.29 1.52 1.78 2.05 2.34 2.64 2.96 3.3 3.64 3.97 4.28 4.57 4.83 5.04 5.21 5.32 5.38 5.39 5.37
-3.4e+38 -3.4e+38 -3.4e+38 -3.4e+38 -3.4e+38 -3.4e+38 -3.4e+38 -3.4e+38 -3.4e+38 -3.4e+38 -3.4e+38 -3.4e+38 -3.4e+38 -3.4e+38 -3.4e+38 -3.4e+38 -3.4e+38 -3.4e+38 -3.4e+38 -3.4e+38 -3.4e+38 -3.4e+38 -3.4e+38 -3.4e+38 -3.4e+38 -3.4e+38 -3.4e+38 -3.4e+38 -3.4e+38 -3.4e+38 0.0124 0.0137 0.0153 0.0174 0.0204 0.0241 0.0292 0.0357 0.0447 0.0566 0.0727 0.0927 0.117 0.153 0.198 0.281 0.386 0.527 0.684 0.833 1 1.2 1.43 1.67 1.91 2.16 2.41 2.68 2.97 3.26 3.54 3.81 4.06 4.29 4.49 4.65 4.78 4.86 4.89 4.89
-3.4e+38 -3.4e+38 -3.4e+38 -3.4e+38 -3.4e+38 -3.4e+38 -3.4e+38 -3.4e+38 -3.4e+38 -3.4e+38 -3.4e+38 -3.4e+38 -3.4e+38 -3.4e+38 -3.4e+38 -3.4e+38 -3.4e+38 -3.4e+38 -3.4e+38 -3.4e+38 -3.4e+38 -3.4e+38 -3.4e+38 -3.4e+38 -3.4e+38 -3.4e+38 -3.4e+38 -3.4e+38 -3.4e+38 -3.4e+38 -3.4e+38 0.0126 0.0141 0.016 0.0185 0.0216 0.0258 0.0312 0.0386 0.0485 0.0622 0.0803 0.104 0.136 0.175 0.25 0.344 0.476 0.624 0.764 0.925 1.11 1.32 1.55 1.76 1.97 2.18 2.41 2.65 2.9 3.14 3.37 3.6 3.81 3.99 4.15 4.27 4.36 4.41 4.45
