maui/input/month_year_rainfall/maui_prcp_05_2002.asc
ncols        361
nrows        320
xllcorner    -156.738000000000
yllcorner    20.343000000000
cellsize     0.002250000000
NODATA_value -3.4028234663852885981e+38
[rows 160 to 191 of 320, columns 144 to 215 of 361]
5.29 5.46 5.63 5.79 5.95 6.1 6.24 6.38 6.51 6.64 6.74 6.79 6.74 6.68 6.62 6.57 6.51 6.45 6.37 6.29 6.2 6.1 6.03 6 5.99 5.97 5.98 5.99 6.02 6.03 6.05 6.05 6.06 6.06 6.07 6.09 6.12 6.16 6.2 6.26 6.31 6.38 6.44 6.51 6.58 6.65 6.71 6.77 6.82 6.87 6.91 6.94 6.97 7 7.02 7.03 7.04 7.03 7.02 7 6.96 6.91 6.84 6.77 6.69 6.6 6.51 6.41 6.31 6.21 6.12 6.03
5.28 5.46 5.64 5.81 5.97 6.12 6.27 6.41 6.54 6.67 6.78 6.83 6.76 6.68 6.62 6.57 6.51 6.44 6.36 6.27 6.18 6.07 5.98 5.96 5.95 5.94 5.95 5.98 6.01 6.03 6.05 6.06 6.07 6.08 6.1 6.13 6.16 6.2 6.24 6.3 6.35 6.41 6.48 6.55 6.61 6.68 6.75 6.81 6.86 6.91 6.94 6.97 7 7.02 7.03 7.04 7.04 7.03 7.01 6.99 6.95 6.9 6.84 6.76 6.68 6.6 6.51 6.42 6.34 6.26 6.18 6.12
5.28 5.47 5.65 5.82 5.98 6.14 6.28 6.42 6.55 6.66 6.75 6.78 6.73 6.66 6.61 6.57 6.51 6.44 6.36 6.28 6.18 6.08 6.01 5.97 5.96 5.95 5.96 5.98 6.01 6.02 6.04 6.05 6.06 6.08 6.1 6.12 6.15 6.19 6.24 6.3 6.35 6.42 6.48 6.55 6.62 6.69 6.76 6.82 6.87 6.92 6.95 6.98 7 7.02 7.03 7.03 7.03 7.02 7 6.98 6.94 6.9 6.84 6.77 6.7 6.61 6.54 6.46 6.4 6.33 6.28 6.23
5.29 5.48 5.66 5.83 6 6.15 6.29 6.43 6.54 6.64 6.71 6.74 6.71 6.66 6.62 6.57 6.51 6.44 6.37 6.29 6.2 6.11 6.05 6.01 5.99 5.97 5.98 5.99 6.01 6.02 6.03 6.04 6.05 6.06 6.08 6.1 6.14 6.18 6.23 6.29 6.34 6.41 6.48 6.55 6.62 6.69 6.76 6.82 6.87 6.92 6.95 6.98 6.99 7.01 7.02 7.03 7.03 7.01 7 6.97 6.94 6.9 6.84 6.78 6.71 6.64 6.58 6.51 6.46 6.41 6.37 6.34
5.29 5.49 5.68 5.85 6.01 6.17 6.3 6.43 6.54 6.63 6.69 6.72 6.7 6.67 6.62 6.57 6.51 6.45 6.38 6.3 6.22 6.15 6.09 6.04 6.01 5.99 5.99 5.99 6 5.99 6 6 6.01 6.02 6.04 6.06 6.1 6.14 6.19 6.25 6.31 6.38 6.45 6.53 6.59 6.66 6.73 6.79 6.84 6.88 6.92 6.95 6.98 7 7.01 7.01 7.01 7 6.98 6.96 6.93 6.89 6.84 6.78 6.73 6.66 6.62 6.57 6.53 6.5 6.47 6.45
5.31 5.51 5.7 5.88 6.03 6.18 6.32 6.44 6.54 6.62 6.68 6.7 6.7 6.67 6.62 6.57 6.51 6.44 6.37 6.3 6.23 6.16 6.1 6.06 6.02 6 5.98 5.97 5.97 5.96 5.95 5.96 5.96 5.97 5.99 6.01 6.05 6.09 6.14 6.2 6.26 6.33 6.4 6.48 6.55 6.62 6.68 6.74 6.8 6.84 6.88 6.92 6.95 6.97 6.98 6.99 6.99 6.99 6.97 6.95 6.92 6.88 6.84 6.8 6.75 6.7 6.67 6.63 6.61 6.58 6.56 6.55
5.33 5.54 5.73 5.91 6.06 6.21 6.33 6.45 6.55 6.63 6.68 6.7 6.69 6.66 6.62 6.56 6.5 6.43 6.36 6.29 6.22 6.16 6.1 6.05 6.01 5.98 5.96 5.93 5.92 5.91 5.91 5.91 5.91 5.92 5.93 5.95 5.98 6.02 6.07 6.14 6.2 6.27 6.34 6.41 6.48 6.55 6.62 6.68 6.74 6.79 6.84 6.88 6.91 6.94 6.95 6.96 6.97 6.97 6.96 6.94 6.91 6.88 6.85 6.81 6.78 6.74 6.72 6.69 6.68 6.66 6.65 6.64
5.36 5.58 5.77 5.94 6.09 6.23 6.35 6.47 6.56 6.63 6.67 6.68 6.67 6.65 6.6 6.54 6.48 6.41 6.34 6.27 6.2 6.13 6.07 6.02 5.98 5.94 5.91 5.89 5.87 5.86 5.85 5.85 5.86 5.86 5.86 5.88 5.9 5.93 5.98 6.04 6.11 6.18 6.25 6.33 6.4 6.48 6.55 6.61 6.67 6.73 6.78 6.83 6.86 6.89 6.91 6.92 6.93 6.94 6.93 6.92 6.9 6.88 6.86 6.83 6.81 6.78 6.76 6.74 6.73 6.71 6.71 6.71
5.39 5.62 5.81 5.97 6.12 6.25 6.37 6.48 6.57 6.63 6.66 6.67 6.66 6.63 6.58 6.52 6.45 6.38 6.31 6.23 6.16 6.09 6.03 5.97 5.93 5.88 5.86 5.83 5.82 5.81 5.81 5.8 5.8 5.79 5.79 5.79 5.8 5.83 5.87 5.93 6 6.08 6.16 6.24 6.32 6.4 6.47 6.54 6.6 6.66 6.72 6.77 6.81 6.84 6.85 6.88 6.89 6.91 6.91 6.91 6.9 6.89 6.87 6.85 6.84 6.82 6.8 6.78 6.77 6.75 6.76 6.77
5.42 5.67 5.85 6 6.14 6.27 6.38 6.48 6.56 6.61 6.64 6.65 6.63 6.6 6.55 6.49 6.42 6.34 6.26 6.18 6.1 6.03 5.96 5.91 5.86 5.82 5.8 5.78 5.77 5.75 5.74 5.73 5.72 5.71 5.7 5.69 5.68 5.7 5.75 5.82 5.89 5.98 6.06 6.14 6.22 6.3 6.38 6.45 6.52 6.59 6.65 6.7 6.75 6.78 6.8 6.83 6.86 6.88 6.89 6.9 6.9 6.89 6.88 6.87 6.86 6.84 6.83 6.81 6.79 6.78 6.79 6.79
5.42 5.68 5.86 6.01 6.15 6.27 6.38 6.48 6.55 6.6 6.62 6.63 6.61 6.58 6.53 6.47 6.38 6.29 6.2 6.12 6.03 5.96 5.9 5.84 5.8 5.77 5.75 5.73 5.72 5.7 5.68 5.66 5.65 5.63 5.61 5.59 5.58 5.58 5.63 5.71 5.79 5.88 5.96 6.05 6.13 6.21 6.28 6.36 6.44 6.51 6.57 6.63 6.68 6.72 6.75 6.79 6.82 6.86 6.88 6.89 6.9 6.9 6.9 6.88 6.87 6.86 6.85 6.84 6.82 6.81 6.81 6.81
5.39 5.62 5.82 5.99 6.13 6.26 6.37 6.47 6.54 6.58 6.6 6.6 6.58 6.54 6.48 6.42 6.32 6.23 6.13 6.03 5.95 5.87 5.81 5.76 5.73 5.7 5.68 5.66 5.65 5.62 5.61 5.58 5.56 5.54 5.52 5.5 5.48 5.49 5.53 5.61 5.69 5.78 5.86 5.94 6.02 6.1 6.18 6.26 6.34 6.41 6.49 6.56 6.62 6.67 6.71 6.75 6.79 6.83 6.86 6.87 6.88 6.89 6.89 6.87 6.87 6.85 6.84 6.83 6.82 6.8 6.8 6.8
5.34 5.57 5.77 5.95 6.1 6.24 6.35 6.44 6.51 6.56 6.57 6.58 6.55 6.51 6.45 6.37 6.27 6.16 6.05 5.95 5.86 5.78 5.73 5.69 5.66 5.64 5.62 5.6 5.58 5.56 5.54 5.51 5.49 5.47 5.44 5.43 5.42 5.44 5.48 5.54 5.61 5.69 5.76 5.84 5.92 6 6.08 6.16 6.24 6.32 6.4 6.49 6.56 6.62 6.67 6.72 6.77 6.81 6.84 6.86 6.88 6.88 6.88 6.87 6.86 6.84 6.84 6.82 6.81 6.8 6.79 6.78
5.28 5.51 5.72 5.9 6.06 6.2 6.32 6.41 6.48 6.52 6.54 6.54 6.52 6.47 6.4 6.32 6.21 6.09 5.97 5.85 5.75 5.67 5.63 5.6 5.57 5.56 5.55 5.53 5.51 5.48 5.46 5.44 5.41 5.39 5.37 5.36 5.36 5.38 5.41 5.47 5.53 5.6 5.67 5.74 5.82 5.9 5.98 6.07 6.16 6.25 6.34 6.43 6.52 6.59 6.64 6.7 6.75 6.79 6.83 6.85 6.86 6.86 6.86 6.84 6.83 6.81 6.8 6.78 6.77 6.75 6.74 6.72
5.24 5.46 5.66 5.85 6.02 6.16 6.28 6.37 6.44 6.49 6.51 6.51 6.49 6.45 6.37 6.28 6.17 6.04 5.9 5.76 5.64 5.57 5.54 5.52 5.51 5.5 5.48 5.46 5.45 5.42 5.39 5.37 5.35 5.33 5.31 5.29 5.29 5.32 5.35 5.39 5.44 5.51 5.57 5.65 5.73 5.81 5.9 5.99 6.09 6.19 6.29 6.39 6.48 6.55 6.62 6.68 6.73 6.78 6.81 6.83 6.84 6.84 6.83 6.82 6.8 6.78 6.76 6.74 6.72 6.7 6.69 6.67
5.19 5.41 5.61 5.8 5.97 6.11 6.23 6.32 6.39 6.44 6.47 6.47 6.45 6.42 6.35 6.26 6.14 6.01 5.85 5.68 5.53 5.46 5.46 5.46 5.46 5.45 5.43 5.41 5.39 5.36 5.33 5.31 5.28 5.26 5.24 5.22 5.23 5.25 5.27 5.32 5.36 5.42 5.49 5.56 5.65 5.74 5.83 5.93 6.03 6.14 6.25 6.35 6.45 6.52 6.59 6.65 6.7 6.75 6.78 6.8 6.81 6.81 6.79 6.77 6.75 6.72 6.7 6.67 6.65 6.63 6.61 6.59
5.15 5.36 5.56 5.74 5.91 6.05 6.16 6.26 6.33 6.39 6.43 6.44 6.43 6.4 6.34 6.26 6.14 6.01 5.85 5.66 5.48 5.42 5.43 5.44 5.44 5.42 5.4 5.37 5.35 5.31 5.28 5.25 5.23 5.2 5.18 5.16 5.16 5.18 5.21 5.25 5.29 5.35 5.41 5.49 5.57 5.67 5.77 5.88 5.98 6.1 6.21 6.32 6.42 6.5 6.56 6.63 6.69 6.73 6.76 6.78 6.78 6.77 6.76 6.73 6.7 6.66 6.64 6.61 6.59 6.57 6.55 6.54
5.11 5.31 5.5 5.68 5.85 5.98 6.09 6.18 6.27 6.34 6.39 6.42 6.42 6.4 6.35 6.28 6.17 6.04 5.88 5.72 5.56 5.48 5.46 5.45 5.44 5.42 5.39 5.35 5.32 5.27 5.24 5.2 5.17 5.14 5.12 5.1 5.11 5.13 5.16 5.19 5.24 5.3 5.36 5.43 5.52 5.61 5.72 5.83 5.94 6.06 6.17 6.29 6.4 6.48 6.55 6.62 6.68 6.72 6.74 6.76 6.76 6.75 6.73 6.7 6.66 6.62 6.6 6.56 6.55 6.53 6.53 6.53
5.06 5.26 5.44 5.62 5.78 5.9 6.01 6.11 6.2 6.29 6.36 6.41 6.42 6.42 6.38 6.32 6.22 6.1 5.96 5.81 5.68 5.58 5.54 5.5 5.47 5.43 5.39 5.35 5.3 5.25 5.2 5.17 5.13 5.1 5.08 5.07 5.07 5.1 5.12 5.16 5.2 5.25 5.31 5.38 5.46 5.56 5.67 5.78 5.9 6.02 6.15 6.27 6.39 6.48 6.55 6.63 6.68 6.72 6.74 6.75 6.75 6.73 6.71 6.68 6.65 6.61 6.59 6.57 6.57 6.56 6.57 6.59
5.02 5.21 5.38 5.55 5.7 5.81 5.93 6.03 6.14 6.25 6.34 6.41 6.45 6.46 6.43 6.39 6.3 6.19 6.06 5.92 5.79 5.69 5.63 5.57 5.53 5.47 5.41 5.35 5.29 5.23 5.18 5.14 5.11 5.08 5.06 5.06 5.07 5.09 5.11 5.14 5.17 5.21 5.26 5.32 5.4 5.5 5.61 5.74 5.86 5.99 6.13 6.26 6.38 6.48 6.57 6.64 6.7 6.73 6.75 6.75 6.75 6.74 6.72 6.68 6.67 6.64 6.64 6.64 6.65 6.67 6.69 6.72
4.98 5.15 5.32 5.48 5.62 5.72 5.83 5.94 6.07 6.21 6.33 6.43 6.49 6.52 6.51 6.48 6.4 6.3 6.18 6.05 5.91 5.8 5.73 5.66 5.59 5.52 5.45 5.38 5.31 5.24 5.18 5.14 5.11 5.09 5.07 5.07 5.08 5.09 5.11 5.13 5.15 5.18 5.22 5.27 5.35 5.44 5.56 5.69 5.83 5.97 6.12 6.26 6.39 6.5 6.59 6.67 6.73 6.76 6.78 6.79 6.79 6.78 6.77 6.75 6.75 6.74 6.75 6.76 6.78 6.81 6.85 6.88
4.94 5.11 5.26 5.41 5.53 5.62 5.72 5.84 6 6.18 6.33 6.47 6.56 6.61 6.62 6.6 6.53 6.44 6.32 6.18 6.04 5.92 5.83 5.75 5.67 5.58 5.5 5.42 5.34 5.27 5.2 5.16 5.13 5.11 5.1 5.09 5.1 5.11 5.12 5.12 5.13 5.15 5.17 5.22 5.28 5.38 5.5 5.64 5.79 5.95 6.11 6.27 6.41 6.53 6.62 6.71 6.76 6.8 6.83 6.84 6.85 6.85 6.86 6.86 6.87 6.87 6.89 6.91 6.94 6.98 7.02 7.06
4.89 5.05 5.2 5.33 5.44 5.51 5.59 5.72 5.93 6.15 6.34 6.51 6.63 6.71 6.74 6.74 6.68 6.6 6.48 6.34 6.2 6.07 5.96 5.86 5.76 5.67 5.57 5.49 5.4 5.32 5.24 5.2 5.17 5.15 5.14 5.13 5.14 5.14 5.14 5.13 5.13 5.13 5.14 5.16 5.22 5.31 5.44 5.59 5.76 5.94 6.12 6.29 6.44 6.57 6.68 6.77 6.83 6.88 6.91 6.93 6.94 6.95 6.97 6.97 6.99 7.01 7.04 7.06 7.1 7.15 7.19 7.25
4.85 5.01 5.16 5.28 5.39 5.43 5.48 5.61 5.89 6.15 6.39 6.58 6.72 6.83 6.88 6.89 6.85 6.77 6.66 6.52 6.36 6.22 6.09 5.97 5.86 5.76 5.66 5.56 5.47 5.37 5.29 5.24 5.21 5.19 5.19 5.19 5.19 5.19 5.18 5.16 5.14 5.12 5.11 5.11 5.15 5.24 5.37 5.55 5.73 5.93 6.13 6.31 6.48 6.63 6.75 6.85 6.92 6.97 7.01 7.02 7.05 7.06 7.09 7.1 7.13 7.14 7.18 7.21 7.26 7.32 7.37 7.44
4.81 4.97 5.11 5.24 5.35 5.41 5.47 5.63 5.92 6.2 6.45 6.66 6.83 6.97 7.04 7.06 7.03 6.95 6.83 6.69 6.53 6.37 6.23 6.1 5.98 5.87 5.76 5.66 5.55 5.45 5.35 5.28 5.25 5.25 5.26 5.26 5.26 5.26 5.24 5.21 5.17 5.13 5.09 5.07 5.08 5.16 5.31 5.51 5.72 5.95 6.16 6.36 6.55 6.72 6.86 6.97 7.03 7.08 7.11 7.12 7.14 7.16 7.19 7.21 7.24 7.27 7.32 7.36 7.43 7.49 7.57 7.65
4.77 4.93 5.08 5.23 5.36 5.47 5.6 5.78 6.03 6.3 6.55 6.78 6.96 7.12 7.21 7.25 7.22 7.14 7.01 6.85 6.68 6.52 6.36 6.22 6.09 5.97 5.86 5.76 5.65 5.54 5.43 5.34 5.3 5.33 5.35 5.36 5.36 5.35 5.32 5.28 5.23 5.17 5.1 5.04 5.01 5.07 5.25 5.49 5.73 5.97 6.2 6.42 6.63 6.83 6.98 7.1 7.15 7.19 7.2 7.22 7.23 7.25 7.29 7.31 7.36 7.4 7.46 7.51 7.59 7.67 7.77 7.86
4.72 4.88 5.05 5.21 5.38 5.53 5.71 5.91 6.15 6.4 6.65 6.89 7.09 7.26 7.37 7.43 7.41 7.31 7.17 7 6.82 6.65 6.48 6.34 6.2 6.08 5.97 5.86 5.76 5.65 5.54 5.44 5.41 5.43 5.46 5.47 5.47 5.45 5.42 5.37 5.32 5.25 5.16 5.07 4.97 4.99 5.24 5.51 5.77 6.02 6.25 6.49 6.71 6.93 7.12 7.23 7.26 7.28 7.28 7.29 7.31 7.34 7.38 7.42 7.47 7.52 7.6 7.67 7.76 7.85 7.96 8.05
4.66 4.83 5.01 5.2 5.39 5.58 5.8 6.02 6.26 6.5 6.75 6.99 7.19 7.38 7.52 7.61 7.59 7.48 7.31 7.12 6.93 6.75 6.59 6.44 6.3 6.18 6.06 5.97 5.87 5.77 5.68 5.61 5.57 5.58 5.59 5.6 5.59 5.57 5.54 5.49 5.43 5.36 5.27 5.18 5.1 5.13 5.34 5.59 5.83 6.07 6.31 6.54 6.77 7.01 7.23 7.33 7.33 7.34 7.34 7.35 7.38 7.41 7.46 7.51 7.58 7.64 7.73 7.81 7.92 8.01 8.12 8.21
4.59 4.77 4.96 5.16 5.38 5.61 5.84 6.08 6.32 6.57 6.8 7.04 7.25 7.45 7.61 7.75 7.77 7.6 7.4 7.19 7 6.83 6.66 6.51 6.38 6.26 6.16 6.07 5.98 5.89 5.82 5.77 5.74 5.74 5.74 5.74 5.73 5.72 5.68 5.63 5.58 5.51 5.44 5.37 5.34 5.38 5.52 5.72 5.93 6.15 6.36 6.58 6.79 7.01 7.21 7.31 7.34 7.36 7.37 7.4 7.43 7.48 7.54 7.61 7.69 7.76 7.85 7.93 8.03 8.12 8.2 8.29
4.51 4.69 4.9 5.12 5.36 5.6 5.85 6.1 6.35 6.59 6.82 7.05 7.25 7.45 7.61 7.75 7.78 7.61 7.41 7.21 7.03 6.86 6.71 6.57 6.43 6.33 6.23 6.15 6.08 6.01 5.95 5.91 5.89 5.89 5.89 5.89 5.88 5.87 5.83 5.79 5.74 5.68 5.62 5.58 5.56 5.61 5.71 5.86 6.03 6.22 6.41 6.6 6.78 6.97 7.13 7.24 7.3 7.34 7.37 7.41 7.46 7.52 7.6 7.67 7.76 7.83 7.92 8 8.09 8.16 8.24 8.3
4.41 4.6 4.81 5.04 5.3 5.56 5.82 6.08 6.33 6.56 6.79 7 7.19 7.37 7.5 7.6 7.6 7.49 7.34 7.18 7.01 6.86 6.72 6.59 6.47 6.37 6.29 6.22 6.16 6.11 6.07 6.04 6.03 6.03 6.04 6.04 6.04 6.02 5.99 5.95 5.91 5.86 5.81 5.77 5.77 5.8 5.88 5.99 6.13 6.28 6.44 6.6 6.76 6.92 7.05 7.16 7.24 7.3 7.35 7.41 7.47 7.54 7.62 7.69 7.78 7.85 7.93 7.99 8.06 8.13 8.19 8.24
4.29 4.48 4.7 4.95 5.22 5.49 5.76 6.02 6.27 6.5 6.71 6.91 7.08 7.24 7.34 7.41 7.41 7.34 7.22 7.09 6.95 6.82 6.7 6.59 6.48 6.4 6.33 6.27 6.23 6.19 6.16 6.15 6.15 6.16 6.17 6.18 6.19 6.18 6.15 6.12 6.07 6.02 5.98 5.95 5.94 5.96 6.02 6.1 6.21 6.33 6.46 6.6 6.73 6.86 6.98 7.08 7.17 7.24 7.31 7.37 7.44 7.52 7.6 7.68 7.76 7.82 7.89 7.94 7.99 8.04 8.08 8.11
