maui/input/month_year_rainfall/maui_prcp_03_2001.asc
ncols        361
nrows        320
xllcorner    -156.738000000000
yllcorner    20.343000000000
cellsize     0.002250000000
NODATA_value -3.4028234663852885981e+38
[rows 160 to 191 of 320, columns 213 to 283 of 361]
1.54 1.57 1.62 1.66 1.72 1.78 1.84 1.9 1.96 2.03 2.09 2.15 2.21 2.28 2.35 2.42 2.49 2.56 2.63 2.7 2.78 2.85 2.92 2.99 3.05 3.12 3.18 3.23 3.27 3.31 3.35 3.37 3.4 3.41 3.42 3.43 3.44 3.44 3.44 3.45 3.48 3.51 3.56 3.63 3.72 3.84 3.99 4.17 4.39 4.65 4.93 5.23 5.54 5.87 6.19 6.52 6.85 7.17 7.51 7.86 8.22 8.59 8.99 9.42 9.88 10.3 10.8 11.4 11.9 12.4 12.9
1.57 1.6 1.65 1.69 1.74 1.8 1.86 1.92 1.98 2.05 2.11 2.17 2.23 2.3 2.37 2.44 2.5 2.58 2.65 2.72 2.8 2.87 2.94 3.01 3.08 3.15 3.2 3.26 3.3 3.34 3.38 3.41 3.44 3.46 3.47 3.48 3.49 3.5 3.5 3.51 3.54 3.58 3.63 3.71 3.8 3.92 4.06 4.24 4.44 4.67 4.92 5.2 5.49 5.79 6.09 6.4 6.71 7.02 7.35 7.67 8.01 8.37 8.75 9.15 9.59 10 10.5 11 11.5 12 12.5
1.59 1.62 1.67 1.71 1.76 1.82 1.88 1.94 2 2.06 2.12 2.18 2.25 2.31 2.38 2.45 2.52 2.59 2.66 2.74 2.81 2.89 2.96 3.04 3.11 3.17 3.23 3.29 3.34 3.38 3.42 3.45 3.48 3.5 3.52 3.53 3.54 3.55 3.56 3.58 3.6 3.65 3.71 3.78 3.88 3.99 4.13 4.29 4.47 4.68 4.91 5.17 5.43 5.71 5.99 6.28 6.58 6.87 7.18 7.49 7.81 8.14 8.51 8.89 9.31 9.75 10.2 10.7 11.2 11.7 12.1
1.61 1.64 1.68 1.73 1.78 1.83 1.89 1.95 2.01 2.07 2.13 2.19 2.25 2.32 2.39 2.46 2.53 2.6 2.67 2.75 2.83 2.91 2.98 3.06 3.14 3.21 3.27 3.33 3.38 3.42 3.46 3.5 3.53 3.55 3.57 3.59 3.6 3.61 3.62 3.64 3.67 3.71 3.77 3.85 3.94 4.06 4.18 4.33 4.5 4.69 4.9 5.13 5.37 5.62 5.89 6.17 6.44 6.72 7.01 7.3 7.61 7.92 8.27 8.63 9.04 9.46 9.91 10.4 10.8 11.3 11.8
1.62 1.66 1.7 1.74 1.79 1.84 1.9 1.95 2.01 2.07 2.13 2.19 2.25 2.32 2.39 2.46 2.53 2.6 2.68 2.76 2.84 2.92 3 3.08 3.16 3.24 3.31 3.37 3.42 3.47 3.51 3.55 3.58 3.6 3.62 3.64 3.65 3.66 3.68 3.7 3.73 3.78 3.84 3.91 4.01 4.11 4.23 4.37 4.52 4.69 4.88 5.08 5.31 5.54 5.79 6.05 6.3 6.56 6.84 7.11 7.4 7.7 8.04 8.39 8.78 9.19 9.62 10.1 10.5 11 11.4
1.63 1.67 1.71 1.75 1.8 1.85 1.9 1.96 2.01 2.07 2.13 2.19 2.25 2.32 2.38 2.45 2.53 2.6 2.68 2.76 2.85 2.93 3.02 3.1 3.19 3.27 3.35 3.41 3.47 3.52 3.57 3.6 3.63 3.65 3.67 3.69 3.7 3.72 3.73 3.76 3.79 3.84 3.9 3.97 4.06 4.16 4.27 4.4 4.53 4.68 4.85 5.04 5.24 5.45 5.68 5.92 6.16 6.41 6.67 6.93 7.21 7.49 7.81 8.15 8.53 8.93 9.35 9.79 10.2 10.7 11.1
1.65 1.68 1.72 1.76 1.81 1.86 1.91 1.96 2.01 2.06 2.12 2.18 2.24 2.31 2.38 2.45 2.52 2.6 2.68 2.76 2.85 2.94 3.03 3.13 3.22 3.31 3.39 3.46 3.52 3.58 3.62 3.66 3.69 3.71 3.73 3.74 3.76 3.77 3.79 3.82 3.85 3.9 3.95 4.02 4.11 4.2 4.3 4.42 4.54 4.67 4.82 4.99 5.17 5.36 5.57 5.79 6.02 6.25 6.49 6.75 7.02 7.29 7.6 7.93 8.3 8.69 9.1 9.51 9.93 10.3 10.7
1.66 1.69 1.73 1.77 1.81 1.86 1.91 1.96 2.01 2.06 2.11 2.17 2.23 2.3 2.36 2.44 2.51 2.59 2.67 2.77 2.86 2.95 3.05 3.15 3.25 3.34 3.43 3.5 3.57 3.63 3.67 3.71 3.74 3.76 3.78 3.8 3.81 3.83 3.84 3.87 3.9 3.94 4 4.06 4.14 4.23 4.33 4.43 4.54 4.65 4.78 4.93 5.08 5.25 5.44 5.64 5.85 6.07 6.31 6.54 6.8 7.07 7.37 7.68 8.04 8.41 8.8 9.18 9.56 9.9 10.2
1.66 1.7 1.73 1.77 1.82 1.86 1.91 1.96 2 2.05 2.11 2.16 2.22 2.28 2.35 2.42 2.5 2.58 2.67 2.77 2.86 2.97 3.07 3.17 3.27 3.37 3.47 3.55 3.62 3.69 3.73 3.77 3.79 3.82 3.83 3.85 3.86 3.87 3.89 3.92 3.95 3.99 4.04 4.1 4.17 4.26 4.35 4.45 4.53 4.63 4.73 4.86 4.99 5.14 5.3 5.48 5.68 5.88 6.1 6.33 6.57 6.83 7.11 7.42 7.76 8.11 8.46 8.81 9.15 9.45 9.74
1.67 1.7 1.74 1.78 1.82 1.86 1.91 1.95 2 2.04 2.1 2.15 2.21 2.27 2.34 2.41 2.49 2.58 2.67 2.77 2.87 2.98 3.08 3.19 3.29 3.39 3.49 3.57 3.64 3.71 3.75 3.79 3.81 3.84 3.85 3.87 3.88 3.9 3.91 3.93 3.96 4 4.04 4.1 4.17 4.24 4.32 4.4 4.48 4.56 4.65 4.75 4.86 4.98 5.12 5.29 5.48 5.68 5.89 6.11 6.34 6.58 6.85 7.13 7.45 7.77 8.1 8.41 8.72 9 9.26
1.67 1.7 1.74 1.78 1.82 1.86 1.9 1.95 1.99 2.03 2.09 2.14 2.2 2.26 2.32 2.4 2.48 2.57 2.66 2.77 2.88 2.99 3.1 3.21 3.31 3.41 3.5 3.59 3.66 3.72 3.76 3.8 3.83 3.85 3.86 3.88 3.89 3.91 3.93 3.94 3.97 4 4.04 4.09 4.15 4.21 4.28 4.35 4.41 4.48 4.56 4.64 4.72 4.81 4.93 5.09 5.28 5.47 5.68 5.88 6.1 6.33 6.58 6.85 7.13 7.43 7.72 8.01 8.28 8.54 8.78
1.68 1.7 1.74 1.78 1.81 1.85 1.9 1.94 1.98 2.03 2.08 2.13 2.19 2.25 2.32 2.39 2.48 2.58 2.68 2.79 2.89 3.01 3.13 3.23 3.33 3.42 3.51 3.58 3.65 3.71 3.75 3.78 3.81 3.83 3.84 3.86 3.87 3.89 3.9 3.92 3.94 3.97 4 4.05 4.1 4.15 4.21 4.27 4.32 4.38 4.44 4.5 4.56 4.63 4.72 4.87 5.06 5.26 5.46 5.65 5.86 6.06 6.3 6.54 6.8 7.06 7.33 7.58 7.84 8.06 8.28
1.68 1.7 1.73 1.77 1.81 1.85 1.89 1.93 1.97 2.02 2.07 2.12 2.18 2.24 2.31 2.39 2.49 2.59 2.7 2.81 2.91 3.03 3.15 3.25 3.35 3.43 3.51 3.58 3.64 3.7 3.73 3.76 3.78 3.8 3.82 3.83 3.84 3.86 3.87 3.89 3.91 3.93 3.96 4 4.04 4.09 4.14 4.18 4.23 4.27 4.32 4.37 4.41 4.46 4.52 4.67 4.87 5.05 5.24 5.42 5.61 5.8 6.01 6.22 6.46 6.69 6.93 7.16 7.38 7.58 7.77
1.68 1.7 1.73 1.77 1.81 1.84 1.88 1.93 1.97 2.01 2.06 2.12 2.18 2.25 2.33 2.42 2.52 2.62 2.73 2.83 2.94 3.05 3.16 3.25 3.35 3.43 3.5 3.56 3.61 3.66 3.69 3.72 3.73 3.74 3.75 3.76 3.78 3.79 3.8 3.82 3.84 3.86 3.89 3.92 3.96 4 4.04 4.08 4.12 4.16 4.19 4.23 4.28 4.33 4.4 4.52 4.68 4.85 5.02 5.18 5.35 5.52 5.71 5.9 6.1 6.31 6.51 6.71 6.91 7.07 7.22
1.67 1.7 1.73 1.76 1.8 1.84 1.88 1.92 1.97 2.01 2.07 2.12 2.19 2.26 2.35 2.45 2.55 2.65 2.76 2.86 2.96 3.06 3.16 3.25 3.34 3.42 3.48 3.54 3.58 3.62 3.65 3.67 3.67 3.68 3.68 3.69 3.7 3.71 3.73 3.74 3.76 3.78 3.81 3.84 3.87 3.91 3.95 3.98 4.01 4.04 4.07 4.11 4.15 4.2 4.28 4.38 4.51 4.65 4.8 4.94 5.09 5.23 5.39 5.56 5.73 5.91 6.08 6.25 6.41 6.54 6.65
1.67 1.7 1.72 1.76 1.8 1.83 1.88 1.92 1.97 2.03 2.09 2.15 2.23 2.31 2.39 2.49 2.59 2.68 2.78 2.88 2.97 3.07 3.16 3.24 3.32 3.39 3.45 3.5 3.53 3.56 3.58 3.59 3.58 3.58 3.58 3.59 3.6 3.61 3.62 3.64 3.66 3.68 3.71 3.73 3.76 3.8 3.83 3.86 3.89 3.91 3.94 3.98 4.02 4.07 4.14 4.23 4.33 4.44 4.56 4.67 4.8 4.91 5.05 5.18 5.32 5.46 5.6 5.73 5.86 5.96 6.05
1.67 1.69 1.72 1.76 1.8 1.84 1.89 1.93 1.99 2.05 2.12 2.2 2.28 2.36 2.44 2.53 2.63 2.72 2.81 2.9 2.99 3.07 3.15 3.22 3.29 3.35 3.4 3.44 3.47 3.49 3.49 3.49 3.48 3.47 3.47 3.47 3.48 3.48 3.5 3.51 3.53 3.56 3.58 3.61 3.64 3.67 3.7 3.73 3.76 3.78 3.81 3.84 3.88 3.92 3.98 4.05 4.14 4.23 4.32 4.41 4.51 4.6 4.71 4.82 4.93 5.03 5.14 5.24 5.34 5.42 5.48
1.67 1.69 1.73 1.77 1.81 1.86 1.91 1.97 2.04 2.1 2.18 2.25 2.33 2.41 2.49 2.58 2.67 2.76 2.84 2.92 2.99 3.07 3.14 3.2 3.25 3.3 3.33 3.35 3.36 3.37 3.37 3.36 3.35 3.34 3.33 3.32 3.32 3.33 3.34 3.36 3.38 3.41 3.44 3.47 3.5 3.53 3.56 3.59 3.61 3.64 3.66 3.69 3.71 3.75 3.8 3.87 3.93 4 4.08 4.15 4.23 4.31 4.39 4.48 4.57 4.65 4.74 4.82 4.9 4.96 5.01
1.68 1.71 1.75 1.79 1.84 1.89 1.95 2.01 2.09 2.16 2.24 2.31 2.39 2.47 2.54 2.63 2.71 2.79 2.87 2.94 3 3.06 3.12 3.16 3.2 3.23 3.24 3.25 3.25 3.24 3.23 3.22 3.2 3.19 3.17 3.16 3.16 3.16 3.18 3.19 3.22 3.25 3.28 3.31 3.34 3.37 3.4 3.43 3.46 3.48 3.51 3.53 3.55 3.58 3.63 3.68 3.73 3.79 3.85 3.9 3.96 4.02 4.09 4.16 4.23 4.3 4.37 4.43 4.5 4.54 4.58
1.71 1.74 1.79 1.84 1.89 1.95 2.01 2.07 2.15 2.22 2.3 2.38 2.45 2.53 2.6 2.68 2.75 2.82 2.89 2.96 3.01 3.06 3.09 3.12 3.14 3.15 3.15 3.14 3.12 3.1 3.08 3.06 3.04 3.02 3 2.99 2.98 2.99 3 3.02 3.04 3.07 3.1 3.13 3.17 3.2 3.24 3.27 3.29 3.32 3.34 3.36 3.39 3.41 3.45 3.49 3.53 3.57 3.62 3.66 3.7 3.75 3.8 3.86 3.91 3.97 4.02 4.08 4.13 4.17 4.21
1.74 1.79 1.83 1.88 1.94 2 2.07 2.14 2.21 2.29 2.37 2.44 2.52 2.59 2.66 2.73 2.79 2.86 2.91 2.96 3 3.02 3.04 3.05 3.05 3.05 3.03 3.01 2.98 2.95 2.92 2.9 2.87 2.84 2.83 2.81 2.81 2.81 2.82 2.84 2.86 2.89 2.93 2.96 3 3.03 3.07 3.1 3.13 3.16 3.18 3.2 3.23 3.25 3.28 3.31 3.34 3.37 3.4 3.43 3.46 3.5 3.54 3.58 3.62 3.67 3.72 3.76 3.8 3.84 3.87
1.79 1.83 1.88 1.94 2 2.07 2.14 2.21 2.29 2.36 2.44 2.51 2.59 2.66 2.71 2.78 2.84 2.89 2.93 2.95 2.97 2.97 2.98 2.97 2.96 2.94 2.91 2.88 2.84 2.8 2.76 2.73 2.7 2.67 2.65 2.63 2.63 2.63 2.64 2.66 2.68 2.71 2.75 2.78 2.82 2.86 2.9 2.93 2.96 2.99 3.02 3.04 3.06 3.09 3.11 3.13 3.15 3.16 3.18 3.2 3.22 3.25 3.28 3.31 3.35 3.39 3.43 3.47 3.5 3.52 3.54
1.83 1.87 1.93 1.99 2.05 2.13 2.2 2.28 2.36 2.43 2.51 2.58 2.65 2.72 2.77 2.82 2.86 2.89 2.91 2.92 2.92 2.91 2.9 2.88 2.85 2.82 2.78 2.74 2.69 2.64 2.6 2.56 2.53 2.5 2.48 2.46 2.45 2.46 2.47 2.49 2.51 2.55 2.58 2.62 2.66 2.7 2.74 2.77 2.8 2.83 2.86 2.88 2.91 2.93 2.95 2.97 2.97 2.98 2.99 2.99 3.01 3.03 3.05 3.08 3.11 3.14 3.18 3.21 3.24 3.26 3.28
1.86 1.92 1.97 2.04 2.11 2.18 2.26 2.34 2.42 2.51 2.57 2.64 2.72 2.78 2.82 2.86 2.88 2.88 2.88 2.88 2.86 2.84 2.81 2.78 2.74 2.69 2.64 2.59 2.53 2.48 2.43 2.39 2.35 2.32 2.3 2.28 2.28 2.28 2.29 2.31 2.34 2.38 2.41 2.45 2.49 2.53 2.57 2.6 2.63 2.66 2.69 2.72 2.75 2.77 2.79 2.8 2.79 2.78 2.78 2.78 2.79 2.81 2.83 2.85 2.87 2.9 2.93 2.96 2.98 3 3.03
1.9 1.96 2.02 2.09 2.16 2.24 2.32 2.4 2.48 2.56 2.63 2.69 2.75 2.8 2.83 2.85 2.86 2.85 2.84 2.82 2.8 2.76 2.72 2.67 2.62 2.56 2.5 2.44 2.38 2.32 2.27 2.23 2.2 2.17 2.15 2.14 2.13 2.14 2.15 2.17 2.2 2.23 2.27 2.3 2.34 2.38 2.42 2.45 2.48 2.51 2.54 2.57 2.6 2.63 2.66 2.65 2.64 2.63 2.63 2.63 2.63 2.65 2.67 2.69 2.71 2.74 2.76 2.79 2.81 2.84 2.86
1.93 2 2.06 2.13 2.21 2.29 2.38 2.46 2.54 2.61 2.68 2.73 2.78 2.81 2.84 2.84 2.83 2.82 2.79 2.76 2.73 2.67 2.62 2.55 2.49 2.42 2.35 2.28 2.21 2.16 2.11 2.07 2.04 2.01 2 1.99 1.99 1.99 2.01 2.03 2.06 2.09 2.12 2.15 2.19 2.23 2.26 2.29 2.32 2.35 2.38 2.41 2.44 2.47 2.49 2.49 2.48 2.47 2.47 2.47 2.48 2.49 2.51 2.53 2.56 2.58 2.61 2.63 2.66 2.68 2.7
1.96 2.03 2.1 2.17 2.25 2.33 2.41 2.49 2.56 2.62 2.68 2.73 2.76 2.79 2.8 2.79 2.78 2.76 2.73 2.68 2.64 2.57 2.51 2.43 2.36 2.28 2.21 2.14 2.08 2.03 1.98 1.94 1.92 1.89 1.88 1.88 1.88 1.89 1.9 1.92 1.95 1.98 2.01 2.05 2.08 2.11 2.15 2.18 2.21 2.23 2.26 2.28 2.31 2.33 2.34 2.34 2.34 2.33 2.32 2.32 2.33 2.34 2.36 2.39 2.41 2.44 2.47 2.5 2.52 2.55 2.57
1.99 2.06 2.13 2.21 2.28 2.36 2.44 2.51 2.57 2.62 2.67 2.71 2.74 2.75 2.75 2.73 2.71 2.68 2.64 2.59 2.53 2.46 2.38 2.31 2.22 2.15 2.07 2.01 1.95 1.9 1.86 1.82 1.8 1.78 1.77 1.76 1.77 1.78 1.8 1.82 1.84 1.87 1.91 1.94 1.97 2 2.03 2.06 2.09 2.11 2.14 2.16 2.17 2.19 2.2 2.2 2.19 2.18 2.18 2.18 2.19 2.2 2.22 2.25 2.28 2.31 2.34 2.37 2.4 2.43 2.45
2 2.07 2.14 2.21 2.28 2.36 2.43 2.49 2.55 2.6 2.63 2.66 2.68 2.68 2.67 2.65 2.62 2.58 2.53 2.46 2.39 2.32 2.24 2.16 2.09 2.01 1.95 1.89 1.83 1.79 1.75 1.72 1.7 1.68 1.67 1.67 1.68 1.69 1.7 1.73 1.75 1.78 1.81 1.85 1.88 1.91 1.94 1.96 1.98 2.01 2.02 2.04 2.05 2.06 2.07 2.07 2.06 2.06 2.05 2.05 2.06 2.07 2.1 2.13 2.16 2.19 2.22 2.26 2.29 2.32 -3.4e+38
2 2.06 2.13 2.2 2.27 2.33 2.4 2.46 2.5 2.55 2.57 2.59 2.6 2.59 2.58 2.55 2.51 2.45 2.39 2.32 2.25 2.17 2.09 2.02 1.95 1.89 1.82 1.77 1.72 1.68 1.64 1.61 1.6 1.58 1.58 1.58 1.59 1.6 1.62 1.64 1.67 1.7 1.73 1.76 1.79 1.82 1.84 1.86 1.88 1.9 1.92 1.93 1.94 1.94 1.94 1.94 1.94 1.94 1.94 1.93 1.94 1.95 1.99 2.02 2.05 2.08 2.12 -3.4e+38 -3.4e+38 -3.4e+38 -3.4e+38
1.98 2.04 2.1 2.16 2.22 2.28 2.34 2.39 2.43 2.47 2.49 2.5 2.49 2.48 2.45 2.41 2.36 2.3 2.23 2.16 2.09 2.02 1.95 1.89 1.83 1.77 1.71 1.66 1.61 1.58 1.55 1.52 1.51 1.5 1.5 1.5 1.51 1.52 1.54 1.57 1.59 1.62 1.65 1.68 1.71 1.73 1.76 1.78 1.79 1.81 1.82 1.83 1.83 1.84 1.84 1.84 1.83 1.83 1.83 1.83 1.84 1.86 1.89 1.92 1.96 1.99 -3.4e+38 -3.4e+38 -3.4e+38 -3.4e+38 -3.4e+38
1.94 1.99 2.05 2.1 2.16 2.21 2.26 2.3 2.34 2.36 2.37 2.38 2.36 2.34 2.3 2.25 2.19 2.13 2.06 2 1.93 1.87 1.82 1.77 1.72 1.66 1.61 1.56 1.52 1.49 1.46 1.44 1.43 1.42 1.42 1.43 1.44 1.46 1.48 1.5 1.53 1.55 1.58 1.61 1.64 1.66 1.68 1.7 1.71 1.72 1.73 1.74 1.74 1.74 1.74 1.74 1.74 1.74 1.74 1.74 1.76 1.78 1.81 1.84 1.87 -3.4e+38 -3.4e+38 -3.4e+38 -3.4e+38 -3.4e+38 -3.4e+38
