maui/input/month_year_rainfall/maui_prcp_07_2002.asc
ncols        361
nrows        320
xllcorner    -156.738000000000
yllcorner    20.343000000000
cellsize     0.002250000000
NODATA_value -3.4028234663852885981e+38
[rows 64 to 95 of 320, columns 71 to 141 of 361]
21.3 21 20.4 19.7 18.9 18 17.2 16.3 15.4 14.5 13.6 12.8 11.9 11.1 10.2 9.39 8.56 7.73 6.86 5.95 5.14 4.41 3.79 3.23 2.79 2.38 2.05 1.74 1.49 1.26 1.1 0.995 0.926 0.872 0.829 0.794 0.763 0.741 0.721 0.7 -3.4e+38 -3.4e+38 -3.4e+38 -3.4e+38 -3.4e+38 -3.4e+38 -3.4e+38 -3.4e+38 -3.4e+38 -3.4e+38 -3.4e+38 -3.4e+38 -3.4e+38 -3.4e+38 -3.4e+38 -3.4e+38 -3.4e+38 -3.4e+38 -3.4e+38 -3.4e+38 -3.4e+38 -3.4e+38 -3.4e+38 -3.4e+38 -3.4e+38 -3.4e+38 -3.4e+38 -3.4e+38 -3.4e+38 -3.4e+38 -3.4e+38
21.7 21.2 20.7 19.9 19.1 18.3 17.3 16.4 15.5 14.6 13.7 12.8 12 11.1 10.3 9.46 8.63 7.79 6.93 6.03 5.2 4.45 3.83 3.26 2.82 2.42 2.09 1.78 1.52 1.29 1.12 1.01 0.94 0.884 0.837 0.799 0.766 0.743 0.721 -3.4e+38 -3.4e+38 -3.4e+38 -3.4e+38 -3.4e+38 -3.4e+38 -3.4e+38 -3.4e+38 -3.4e+38 -3.4e+38 -3.4e+38 -3.4e+38 -3.4e+38 -3.4e+38 -3.4e+38 -3.4e+38 -3.4e+38 -3.4e+38 -3.4e+38 -3.4e+38 -3.4e+38 -3.4e+38 -3.4e+38 -3.4e+38 -3.4e+38 -3.4e+38 -3.4e+38 -3.4e+38 -3.4e+38 -3.4e+38 -3.4e+38 -3.4e+38
22 21.5 20.9 20.1 19.3 18.4 17.5 16.5 15.6 14.6 13.7 12.8 12 11.1 10.3 9.46 8.64 7.82 6.97 6.09 5.27 4.48 3.84 3.27 2.84 2.45 2.13 1.83 1.57 1.34 1.17 1.05 0.965 0.902 0.851 0.809 0.771 0.745 0.721 0.699 -3.4e+38 -3.4e+38 -3.4e+38 -3.4e+38 -3.4e+38 -3.4e+38 -3.4e+38 -3.4e+38 -3.4e+38 -3.4e+38 -3.4e+38 -3.4e+38 -3.4e+38 -3.4e+38 -3.4e+38 -3.4e+38 -3.4e+38 -3.4e+38 -3.4e+38 -3.4e+38 -3.4e+38 -3.4e+38 -3.4e+38 -3.4e+38 -3.4e+38 -3.4e+38 -3.4e+38 -3.4e+38 -3.4e+38 -3.4e+38 -3.4e+38
22.3 21.8 21.1 20.3 19.4 18.5 17.5 16.5 15.5 14.6 13.7 12.8 11.9 11 10.2 9.4 8.59 7.79 6.97 6.12 5.29 4.48 3.84 3.27 2.85 2.47 2.16 1.87 1.62 1.39 1.22 1.09 0.997 0.925 0.869 0.822 0.78 0.75 0.722 0.698 0.674 0.65 0.624 -3.4e+38 -3.4e+38 -3.4e+38 -3.4e+38 -3.4e+38 -3.4e+38 -3.4e+38 -3.4e+38 -3.4e+38 -3.4e+38 -3.4e+38 -3.4e+38 -3.4e+38 -3.4e+38 -3.4e+38 -3.4e+38 -3.4e+38 -3.4e+38 -3.4e+38 -3.4e+38 -3.4e+38 -3.4e+38 -3.4e+38 -3.4e+38 0.851 0.872 0.893 0.916
22.6 22 21.2 20.4 19.4 18.5 17.5 16.4 15.4 14.5 13.5 12.6 11.7 10.9 10.1 9.28 8.49 7.72 6.92 6.1 5.28 4.46 3.82 3.26 2.85 2.47 2.18 1.91 1.66 1.45 1.28 1.14 1.03 0.952 0.891 0.839 0.793 0.757 0.725 0.698 0.672 0.648 0.623 -3.4e+38 -3.4e+38 -3.4e+38 -3.4e+38 -3.4e+38 -3.4e+38 -3.4e+38 -3.4e+38 -3.4e+38 -3.4e+38 -3.4e+38 -3.4e+38 -3.4e+38 -3.4e+38 -3.4e+38 -3.4e+38 -3.4e+38 -3.4e+38 -3.4e+38 -3.4e+38 -3.4e+38 -3.4e+38 0.8 0.818 0.836 0.854 0.874 0.893
22.9 22.2 21.4 20.4 19.4 18.4 17.3 16.3 15.3 14.3 13.3 12.4 11.5 10.7 9.85 9.08 8.32 7.58 6.82 6.04 5.25 4.44 3.8 3.23 2.82 2.45 2.19 1.93 1.7 1.49 1.32 1.18 1.07 0.982 0.915 0.859 0.808 0.767 0.729 0.698 0.669 0.644 0.62 0.597 -3.4e+38 -3.4e+38 -3.4e+38 -3.4e+38 -3.4e+38 -3.4e+38 -3.4e+38 -3.4e+38 -3.4e+38 -3.4e+38 -3.4e+38 -3.4e+38 -3.4e+38 -3.4e+38 -3.4e+38 -3.4e+38 -3.4e+38 -3.4e+38 -3.4e+38 -3.4e+38 0.771 0.789 0.806 0.822 0.838 0.854 0.871
23.2 22.4 21.4 20.4 19.4 18.3 17.2 16.1 15 14 13 12.1 11.2 10.4 9.57 8.82 8.09 7.38 6.66 5.93 5.18 4.41 3.77 3.17 2.77 2.41 2.18 1.95 1.74 1.53 1.36 1.22 1.1 1.01 0.941 0.88 0.825 0.779 0.736 0.701 0.668 0.641 0.616 0.594 -3.4e+38 -3.4e+38 -3.4e+38 -3.4e+38 -3.4e+38 -3.4e+38 -3.4e+38 -3.4e+38 -3.4e+38 -3.4e+38 -3.4e+38 -3.4e+38 -3.4e+38 -3.4e+38 -3.4e+38 -3.4e+38 -3.4e+38 -3.4e+38 0.725 0.742 0.759 0.776 0.793 0.808 0.822 0.835 0.849
23.3 22.4 21.4 20.3 19.2 18 16.9 15.7 14.6 13.6 12.6 11.7 10.8 9.99 9.21 8.48 7.78 7.11 6.44 5.75 5.05 4.33 3.7 3.1 2.71 2.35 2.15 1.95 1.75 1.56 1.4 1.25 1.14 1.04 0.967 0.903 0.843 0.792 0.743 0.704 0.667 0.637 0.61 0.589 -3.4e+38 -3.4e+38 0.528 0.507 -3.4e+38 -3.4e+38 -3.4e+38 -3.4e+38 -3.4e+38 -3.4e+38 -3.4e+38 -3.4e+38 -3.4e+38 -3.4e+38 -3.4e+38 -3.4e+38 0.683 0.698 0.713 0.73 0.746 0.762 0.778 0.792 0.805 0.817 0.829
23.4 22.4 21.3 20.1 18.9 17.7 16.5 15.3 14.2 13.2 12.1 11.2 10.4 9.56 8.8 8.1 7.43 6.79 6.17 5.54 4.89 4.21 3.61 3.01 2.63 2.28 2.11 1.93 1.75 1.58 1.42 1.28 1.17 1.07 0.993 0.925 0.862 0.805 0.751 0.708 0.667 0.634 0.606 0.583 0.564 0.547 0.532 0.518 0.51 0.504 0.508 -3.4e+38 -3.4e+38 -3.4e+38 -3.4e+38 -3.4e+38 -3.4e+38 0.63 0.644 0.658 0.671 0.687 0.702 0.718 0.733 0.748 0.762 0.775 0.788 0.799 0.809
23.4 22.2 21 19.8 18.5 17.3 16 14.8 13.7 12.6 11.6 10.7 9.84 9.05 8.32 7.64 7.01 6.41 5.83 5.25 4.65 4.03 3.46 2.88 2.53 2.22 2.06 1.9 1.74 1.58 1.43 1.3 1.19 1.1 1.02 0.945 0.878 0.817 0.759 0.711 0.666 0.631 0.6 0.577 0.558 0.542 -3.4e+38 -3.4e+38 0.513 0.51 0.514 0.519 0.533 0.548 0.567 0.586 0.604 0.62 0.634 0.648 0.661 0.676 0.691 0.705 0.72 0.733 0.746 0.757 0.768 0.778 0.786
23.2 21.9 20.7 19.4 18 16.7 15.5 14.3 13.1 12 11 10.1 9.26 8.49 7.8 7.14 6.55 5.99 5.46 4.93 4.39 3.82 3.29 2.73 2.42 2.14 1.99 1.85 1.71 1.57 1.44 1.32 1.21 1.12 1.04 0.963 0.893 0.827 0.766 0.713 0.665 0.627 0.595 0.57 0.55 0.535 -3.4e+38 -3.4e+38 0.512 0.511 0.515 0.52 0.533 0.546 0.563 0.58 0.595 0.61 0.624 0.637 0.65 0.664 0.678 0.693 0.706 0.718 0.729 0.74 0.749 0.757 0.765
22.7 21.4 20.1 18.8 17.4 16.1 14.9 13.6 12.5 11.4 10.4 9.46 8.64 7.89 7.23 6.61 6.05 5.54 5.06 4.58 4.1 3.58 3.08 2.55 2.28 2.06 1.93 1.79 1.67 1.55 1.44 1.33 1.23 1.14 1.05 0.976 0.903 0.833 0.768 0.714 0.664 0.624 0.589 0.563 0.543 0.527 0.516 0.509 0.507 0.506 0.511 0.517 0.528 0.541 0.556 0.571 0.585 0.599 0.612 0.625 0.637 0.651 0.665 0.679 0.691 0.702 0.712 0.721 0.73 0.738 0.745
22 20.7 19.4 18.1 16.8 15.5 14.2 13 11.8 10.8 9.73 8.82 8.01 7.28 6.64 6.06 5.55 5.09 4.66 4.24 3.81 3.34 2.88 2.38 2.16 1.98 1.85 1.72 1.62 1.52 1.43 1.33 1.24 1.14 1.06 0.979 0.904 0.834 0.767 0.712 0.661 0.62 0.584 0.556 0.535 0.518 0.508 0.501 0.499 0.499 0.504 0.509 0.521 0.532 0.546 0.56 0.574 0.587 0.599 0.611 0.623 0.636 0.65 0.664 0.676 0.686 0.694 0.702 0.71 0.718 0.725
21 19.8 18.5 17.2 16 14.7 13.5 12.3 11.2 10.1 9.09 8.18 7.37 6.65 6.05 5.52 5.06 4.66 4.28 3.91 3.54 3.12 2.71 2.26 2.05 1.89 1.77 1.63 1.55 1.48 1.41 1.33 1.24 1.14 1.05 0.972 0.897 0.828 0.762 0.707 0.656 0.615 0.578 0.549 0.527 0.51 0.499 0.492 0.49 0.489 0.494 0.5 0.51 0.52 0.533 0.546 0.559 0.571 0.583 0.595 0.607 0.62 0.634 0.648 0.659 0.668 0.676 0.684 0.691 0.699 0.706
19.8 18.7 17.5 16.3 15.1 13.9 12.8 11.6 10.5 9.46 8.48 7.57 6.75 6.04 5.47 5 4.61 4.25 3.92 3.61 3.31 2.94 2.57 2.16 1.97 1.8 1.67 1.54 1.46 1.41 1.38 1.32 1.24 1.13 1.04 0.957 0.883 0.816 0.753 0.7 0.65 0.608 0.571 0.542 0.519 0.501 0.49 0.483 0.48 0.48 0.484 0.489 0.499 0.508 0.521 0.533 0.545 0.556 0.568 0.579 0.591 0.603 0.616 0.629 0.639 0.648 0.656 0.664 0.672 0.679 0.687
18.4 17.5 16.4 15.3 14.2 13.1 12 11 9.89 8.88 7.91 7 6.17 5.44 4.92 4.54 4.23 3.93 3.61 3.36 3.14 2.82 2.48 2.1 1.9 1.7 1.58 1.44 1.36 1.31 1.33 1.32 1.22 1.1 1.01 0.931 0.862 0.8 0.741 0.69 0.642 0.601 0.564 0.535 0.511 0.493 0.481 0.473 0.471 0.47 0.474 0.479 0.487 0.496 0.508 0.519 0.531 0.541 0.552 0.563 0.574 0.585 0.597 0.608 0.619 0.628 0.637 0.645 0.653 0.66 0.668
17 16.2 15.3 14.3 13.3 12.3 11.3 10.3 9.32 8.36 7.43 6.53 5.67 4.88 4.44 4.2 3.99 3.76 3.5 3.28 3.07 2.77 2.44 2.05 1.83 1.62 1.5 1.37 1.29 1.24 1.25 1.22 1.14 1.04 0.962 0.895 0.835 0.78 0.726 0.679 0.632 0.593 0.557 0.528 0.503 0.485 0.473 0.465 0.463 0.461 0.465 0.469 0.477 0.485 0.496 0.506 0.517 0.527 0.537 0.547 0.558 0.568 0.578 0.589 0.598 0.608 0.616 0.625 0.633 0.641 0.649
15.6 14.9 14.1 13.3 12.4 11.5 10.6 9.74 8.82 7.93 7.07 6.22 5.39 4.54 4.19 4.05 3.89 3.72 3.53 3.33 3.1 2.78 2.43 2.02 1.78 1.55 1.43 1.31 1.25 1.2 1.15 1.1 1.03 0.965 0.906 0.854 0.804 0.757 0.708 0.665 0.622 0.585 0.549 0.521 0.496 0.478 0.466 0.458 0.455 0.453 0.456 0.46 0.467 0.474 0.484 0.494 0.504 0.513 0.523 0.532 0.541 0.551 0.56 0.569 0.578 0.587 0.595 0.604 0.613 0.622 0.63
14.2 13.7 13.1 12.4 11.6 10.8 10 9.24 8.42 7.63 6.85 6.09 5.38 4.73 4.34 4.13 3.96 3.8 3.62 3.42 3.17 2.83 2.45 1.99 1.74 1.5 1.38 1.26 1.2 1.14 1.07 0.995 0.928 0.89 0.85 0.812 0.772 0.732 0.689 0.651 0.611 0.575 0.54 0.513 0.49 0.472 0.46 0.452 0.448 0.446 0.449 0.452 0.458 0.465 0.473 0.482 0.491 0.5 0.509 0.517 0.526 0.534 0.542 0.55 0.558 0.566 0.575 0.584 0.593 0.602 0.611
13 12.6 12 11.4 10.8 10.1 9.48 8.8 8.1 7.42 6.75 6.09 5.5 4.97 4.6 4.33 4.14 3.95 3.76 3.55 3.27 2.91 2.49 1.99 1.71 1.45 1.33 1.21 1.15 1.08 1.01 0.93 0.871 0.834 0.803 0.774 0.742 0.709 0.67 0.636 0.599 0.564 0.531 0.506 0.483 0.466 0.454 0.445 0.442 0.44 0.442 0.444 0.45 0.456 0.463 0.471 0.479 0.487 0.495 0.503 0.51 0.517 0.524 0.531 0.538 0.546 0.554 0.564 0.573 0.583 0.593
11.8 11.5 11.1 10.6 10.1 9.57 9.03 8.46 7.88 7.3 6.74 6.18 5.69 5.24 4.9 4.61 4.38 4.17 3.96 3.71 3.4 3 2.53 1.97 1.68 1.42 1.29 1.17 1.1 1.04 0.957 0.886 0.832 0.795 0.765 0.741 0.715 0.686 0.652 0.621 0.586 0.554 0.523 0.498 0.477 0.46 0.448 0.44 0.436 0.433 0.435 0.437 0.442 0.447 0.454 0.46 0.468 0.475 0.482 0.489 0.495 0.502 0.507 0.513 0.519 0.525 0.534 0.544 0.554 0.565 0.575
10.7 10.6 10.2 9.86 9.45 9.05 8.63 8.19 7.72 7.24 6.77 6.32 5.91 5.52 5.2 4.91 4.66 4.42 4.18 3.9 3.55 3.11 2.58 1.97 1.65 1.38 1.25 1.12 1.06 0.995 0.917 0.848 0.799 0.763 0.734 0.713 0.69 0.665 0.635 0.606 0.574 0.544 0.514 0.491 0.471 0.454 0.442 0.434 0.43 0.427 0.429 0.43 0.435 0.439 0.445 0.45 0.457 0.464 0.47 0.476 0.481 0.487 0.491 0.496 0.5 0.505 0.513 0.525 0.536 0.547 0.558
9.82 9.71 9.49 9.2 8.89 8.62 8.33 7.99 7.63 7.24 6.86 6.49 6.14 5.8 5.51 5.22 4.95 4.69 4.42 4.1 3.7 3.2 2.63 1.97 1.64 1.35 1.22 1.08 1.02 0.956 0.88 0.815 0.769 0.734 0.708 0.688 0.668 0.646 0.619 0.592 0.561 0.533 0.506 0.483 0.464 0.448 0.437 0.429 0.424 0.421 0.422 0.423 0.427 0.431 0.436 0.441 0.447 0.453 0.458 0.464 0.468 0.473 0.476 0.48 0.483 0.486 0.495 0.507 0.519 0.53 0.541
8.99 8.96 8.84 8.65 8.46 8.28 8.08 7.85 7.58 7.29 6.98 6.67 6.39 6.09 5.82 5.53 5.25 4.96 4.66 4.31 3.86 3.29 2.66 1.94 1.59 1.31 1.17 1.05 0.984 0.921 0.847 0.785 0.742 0.709 0.684 0.667 0.648 0.629 0.604 0.578 0.55 0.523 0.497 0.476 0.457 0.442 0.431 0.423 0.418 0.414 0.415 0.416 0.42 0.423 0.428 0.433 0.438 0.443 0.447 0.451 0.455 0.459 0.463 0.466 0.47 0.474 0.482 0.492 0.503 0.514 0.525
8.26 8.31 8.28 8.21 8.12 8.02 7.91 7.76 7.58 7.37 7.14 6.89 6.66 6.38 6.12 5.83 5.55 5.23 4.89 4.51 4.01 3.37 2.65 1.84 1.48 1.21 1.1 1 0.944 0.886 0.816 0.758 0.717 0.687 0.664 0.648 0.631 0.612 0.589 0.565 0.538 0.513 0.488 0.468 0.449 0.435 0.424 0.417 0.412 0.408 0.409 0.409 0.413 0.416 0.42 0.424 0.429 0.433 0.436 0.44 0.443 0.446 0.449 0.453 0.457 0.462 0.469 0.478 0.488 0.498 0.509
7.61 7.72 7.78 7.81 7.81 7.8 7.78 7.72 7.61 7.47 7.31 7.11 6.93 6.67 6.43 6.14 5.84 5.49 5.12 4.7 4.14 3.43 2.64 1.76 1.38 1.12 1.03 0.959 0.907 0.855 0.789 0.734 0.696 0.668 0.646 0.631 0.614 0.597 0.575 0.553 0.527 0.503 0.479 0.459 0.441 0.427 0.417 0.41 0.405 0.402 0.402 0.402 0.405 0.408 0.413 0.416 0.42 0.423 0.425 0.428 0.43 0.433 0.437 0.441 0.445 0.45 0.456 0.464 0.473 0.483 0.493
7.02 7.19 7.33 7.44 7.53 7.61 7.67 7.69 7.67 7.6 7.5 7.35 7.2 6.98 6.75 6.44 6.12 5.75 5.34 4.88 4.26 3.48 2.64 1.72 1.33 1.07 0.983 0.915 0.872 0.828 0.766 0.715 0.678 0.651 0.63 0.616 0.6 0.584 0.562 0.541 0.517 0.493 0.469 0.449 0.432 0.419 0.409 0.402 0.398 0.395 0.395 0.395 0.398 0.401 0.405 0.408 0.41 0.412 0.413 0.415 0.417 0.42 0.423 0.427 0.432 0.437 0.442 0.45 0.458 0.467 0.477
6.48 6.71 6.92 7.1 7.26 7.42 7.56 7.68 7.74 7.72 7.67 7.56 7.45 7.25 7.05 6.73 6.39 5.99 5.55 5.04 4.37 3.51 2.62 1.66 1.27 1.01 0.932 0.874 0.842 0.806 0.748 0.699 0.664 0.638 0.617 0.602 0.587 0.571 0.55 0.53 0.506 0.483 0.459 0.439 0.422 0.409 0.4 0.393 0.39 0.387 0.386 0.386 0.39 0.394 0.398 0.399 0.4 0.401 0.401 0.402 0.404 0.407 0.409 0.413 0.417 0.422 0.427 0.434 0.442 0.45 0.459
5.98 6.26 6.52 6.76 7 7.22 7.44 7.65 7.81 7.83 7.81 7.74 7.67 7.5 7.31 6.99 6.64 6.22 5.75 5.2 4.46 3.53 2.59 1.6 1.19 0.945 0.885 0.84 0.818 0.789 0.736 0.689 0.654 0.627 0.606 0.591 0.575 0.559 0.538 0.518 0.495 0.472 0.448 0.429 0.412 0.399 0.39 0.383 0.38 0.377 0.377 0.377 0.38 0.385 0.39 0.39 0.389 0.388 0.388 0.388 0.389 0.392 0.394 0.398 0.402 0.406 0.411 0.417 0.424 0.432 0.441
5.51 5.83 6.13 6.42 6.71 6.99 7.28 7.55 7.78 7.85 7.88 7.86 7.83 7.68 7.51 7.2 6.85 6.42 5.92 5.33 4.56 3.58 2.59 1.54 1.11 0.903 0.859 0.819 0.804 0.781 0.729 0.682 0.646 0.619 0.597 0.581 0.564 0.547 0.526 0.506 0.483 0.46 0.437 0.417 0.4 0.388 0.379 0.372 0.368 0.365 0.365 0.364 0.368 0.372 0.377 0.376 0.375 0.374 0.373 0.374 0.375 0.377 0.379 0.382 0.385 0.389 0.394 0.399 0.406 0.413 0.421
5.04 5.39 5.74 6.07 6.4 6.73 7.06 7.36 7.61 7.77 7.89 7.93 7.96 7.84 7.69 7.39 7.04 6.59 6.08 5.46 4.66 3.66 2.64 1.56 1.13 0.911 0.858 0.812 0.799 0.778 0.726 0.679 0.642 0.612 0.589 0.571 0.554 0.535 0.514 0.494 0.471 0.448 0.424 0.405 0.389 0.376 0.367 0.36 0.356 0.353 0.352 0.351 0.353 0.355 0.359 0.359 0.359 0.358 0.358 0.358 0.359 0.361 0.362 0.365 0.368 0.371 0.375 0.38 0.386 0.393 0.401
4.57 4.94 5.32 5.69 6.06 6.42 6.79 7.12 7.41 7.63 7.83 7.93 8.01 7.92 7.8 7.5 7.16 6.71 6.19 5.55 4.74 3.73 2.71 1.64 1.21 0.953 0.878 0.819 0.802 0.78 0.727 0.678 0.639 0.607 0.582 0.563 0.543 0.524 0.502 0.481 0.458 0.434 0.411 0.393 0.376 0.363 0.354 0.347 0.342 0.339 0.337 0.336 0.337 0.338 0.341 0.342 0.342 0.342 0.342 0.343 0.343 0.344 0.345 0.347 0.35 0.352 0.356 0.36 0.366 0.372 0.38
