maui/input/month_year_rainfall/maui_prcp_10_2001.asc
ncols        361
nrows        320
xllcorner    -156.738000000000
yllcorner    20.343000000000
cellsize     0.002250000000
NODATA_value -3.4028234663852885981e+38
[rows 64 to 95 of 320, columns 0 to 71 of 361]
-3.4e+38 -3.4e+38 -3.4e+38 -3.4e+38 -3.4e+38 -3.4e+38 -3.4e+38 -3.4e+38 -3.4e+38 -3.4e+38 -3.4e+38 -3.4e+38 -3.4e+38 -3.4e+38 -3.4e+38 -3.4e+38 -3.4e+38 0.41 0.415 0.419 0.419 0.42 0.419 0.426 0.434 0.446 0.46 0.484 0.516 0.557 0.615 0.683 0.773 0.871 1 1.14 1.32 1.51 1.73 1.98 2.24 2.52 2.81 3.1 3.41 3.71 4.02 4.37 4.77 5.27 5.83 6.46 7.16 7.93 8.8 9.76 10.8 11.8 12.9 13.9 15 15.9 16.8 17.7 18.5 19.3 20 20.7 21.2 21.6 21.8 21.9
-3.4e+38 -3.4e+38 -3.4e+38 -3.4e+38 -3.4e+38 -3.4e+38 -3.4e+38 -3.4e+38 -3.4e+38 -3.4e+38 -3.4e+38 -3.4e+38 -3.4e+38 -3.4e+38 -3.4e+38 -3.4e+38 -3.4e+38 0.382 0.386 0.387 0.386 0.385 0.382 0.387 0.393 0.403 0.416 0.437 0.465 0.502 0.554 0.614 0.695 0.783 0.902 1.03 1.2 1.38 1.59 1.82 2.08 2.34 2.62 2.91 3.2 3.5 3.81 4.18 4.59 5.08 5.64 6.28 6.99 7.78 8.68 9.67 10.7 11.8 12.9 14 15.1 16.1 17.1 17.9 18.7 19.6 20.4 21.1 21.7 22.1 22.3 22.4
-3.4e+38 -3.4e+38 -3.4e+38 -3.4e+38 -3.4e+38 -3.4e+38 -3.4e+38 -3.4e+38 -3.4e+38 -3.4e+38 -3.4e+38 -3.4e+38 -3.4e+38 -3.4e+38 -3.4e+38 -3.4e+38 -3.4e+38 -3.4e+38 0.357 0.358 0.356 0.354 0.351 0.352 0.355 0.362 0.373 0.392 0.417 0.45 0.495 0.549 0.62 0.698 0.805 0.924 1.08 1.24 1.45 1.66 1.91 2.16 2.43 2.7 2.99 3.29 3.6 3.97 4.39 4.88 5.44 6.08 6.8 7.61 8.53 9.55 10.6 11.8 12.9 14.1 15.2 16.3 17.3 18.2 19.1 20 20.8 21.5 22.1 22.5 22.7 22.8
-3.4e+38 -3.4e+38 -3.4e+38 -3.4e+38 -3.4e+38 -3.4e+38 -3.4e+38 -3.4e+38 -3.4e+38 -3.4e+38 -3.4e+38 -3.4e+38 -3.4e+38 -3.4e+38 -3.4e+38 -3.4e+38 -3.4e+38 -3.4e+38 -3.4e+38 0.33 0.328 0.325 0.321 0.321 0.32 0.325 0.333 0.349 0.371 0.4 0.44 0.487 0.549 0.618 0.712 0.819 0.958 1.11 1.3 1.51 1.73 1.97 2.23 2.49 2.77 3.06 3.37 3.74 4.16 4.65 5.21 5.85 6.58 7.4 8.34 9.37 10.5 11.6 12.8 14 15.2 16.4 17.5 18.5 19.5 20.4 21.2 22 22.6 22.9 23.1 23.1
-3.4e+38 -3.4e+38 -3.4e+38 -3.4e+38 -3.4e+38 -3.4e+38 -3.4e+38 -3.4e+38 -3.4e+38 -3.4e+38 -3.4e+38 -3.4e+38 -3.4e+38 -3.4e+38 -3.4e+38 -3.4e+38 -3.4e+38 -3.4e+38 -3.4e+38 -3.4e+38 0.302 0.299 0.294 0.291 0.289 0.29 0.295 0.309 0.329 0.354 0.389 0.43 0.485 0.545 0.629 0.724 0.85 0.991 1.16 1.35 1.56 1.79 2.03 2.28 2.55 2.83 3.14 3.51 3.92 4.41 4.97 5.61 6.33 7.16 8.11 9.16 10.3 11.5 12.7 14 15.2 16.5 17.7 18.8 19.8 20.8 21.7 22.4 23 23.3 23.5 23.5
-3.4e+38 -3.4e+38 -3.4e+38 -3.4e+38 -3.4e+38 -3.4e+38 -3.4e+38 -3.4e+38 -3.4e+38 -3.4e+38 -3.4e+38 -3.4e+38 -3.4e+38 -3.4e+38 -3.4e+38 -3.4e+38 -3.4e+38 -3.4e+38 -3.4e+38 -3.4e+38 -3.4e+38 0.274 0.268 0.265 0.261 0.259 0.262 0.274 0.291 0.313 0.343 0.378 0.426 0.479 0.554 0.639 0.75 0.875 1.03 1.2 1.4 1.6 1.83 2.06 2.32 2.59 2.89 3.25 3.65 4.14 4.69 5.32 6.05 6.88 7.83 8.89 10.1 11.3 12.5 13.9 15.2 16.5 17.7 19 20.1 21.1 22 22.8 23.3 23.7 23.8 23.7
-3.4e+38 -3.4e+38 -3.4e+38 -3.4e+38 -3.4e+38 -3.4e+38 -3.4e+38 -3.4e+38 -3.4e+38 -3.4e+38 -3.4e+38 -3.4e+38 -3.4e+38 -3.4e+38 -3.4e+38 -3.4e+38 -3.4e+38 -3.4e+38 -3.4e+38 -3.4e+38 -3.4e+38 -3.4e+38 0.245 0.241 0.236 0.234 0.236 0.245 0.258 0.276 0.301 0.331 0.372 0.418 0.485 0.561 0.659 0.772 0.909 1.07 1.24 1.43 1.63 1.85 2.09 2.35 2.64 2.99 3.38 3.86 4.4 5.03 5.75 6.58 7.53 8.6 9.76 11 12.3 13.7 15 16.4 17.8 19.1 20.3 21.4 22.4 23.1 23.7 24 24.1 23.9
-3.4e+38 -3.4e+38 -3.4e+38 -3.4e+38 -3.4e+38 -3.4e+38 -3.4e+38 -3.4e+38 -3.4e+38 -3.4e+38 -3.4e+38 -3.4e+38 -3.4e+38 -3.4e+38 -3.4e+38 -3.4e+38 -3.4e+38 -3.4e+38 -3.4e+38 -3.4e+38 -3.4e+38 -3.4e+38 0.225 0.221 0.216 0.214 0.214 0.22 0.23 0.244 0.264 0.289 0.323 0.363 0.421 0.488 0.575 0.676 0.798 0.936 1.09 1.26 1.44 1.64 1.86 2.11 2.38 2.71 3.09 3.55 4.07 4.69 5.4 6.23 7.18 8.24 9.41 10.7 12 13.4 14.8 16.2 17.7 19.1 20.4 21.6 22.7 23.4 24 24.2 24.2 24
-3.4e+38 -3.4e+38 -3.4e+38 -3.4e+38 -3.4e+38 -3.4e+38 -3.4e+38 -3.4e+38 -3.4e+38 -3.4e+38 -3.4e+38 -3.4e+38 -3.4e+38 -3.4e+38 -3.4e+38 -3.4e+38 -3.4e+38 -3.4e+38 -3.4e+38 -3.4e+38 -3.4e+38 -3.4e+38 -3.4e+38 0.202 0.197 0.195 0.194 0.198 0.205 0.215 0.231 0.251 0.279 0.312 0.362 0.422 0.499 0.588 0.696 0.817 0.953 1.1 1.27 1.45 1.65 1.88 2.13 2.44 2.8 3.24 3.75 4.34 5.04 5.86 6.8 7.85 9.01 10.3 11.6 13 14.5 16 17.5 19 20.5 21.8 23 23.8 24.3 24.4 24.4 24
-3.4e+38 -3.4e+38 -3.4e+38 -3.4e+38 -3.4e+38 -3.4e+38 -3.4e+38 -3.4e+38 -3.4e+38 -3.4e+38 -3.4e+38 -3.4e+38 -3.4e+38 -3.4e+38 -3.4e+38 -3.4e+38 -3.4e+38 -3.4e+38 -3.4e+38 -3.4e+38 -3.4e+38 -3.4e+38 0.191 0.186 0.181 0.178 0.176 0.178 0.183 0.19 0.203 0.218 0.241 0.267 0.311 0.363 0.43 0.507 0.601 0.707 0.826 0.958 1.11 1.27 1.45 1.66 1.89 2.18 2.51 2.92 3.4 3.97 4.65 5.44 6.36 7.4 8.55 9.79 11.1 12.5 14 15.6 17.2 18.8 20.5 22 23.2 24.1 24.6 24.6 24.3 23.9
-3.4e+38 -3.4e+38 -3.4e+38 -3.4e+38 -3.4e+38 -3.4e+38 -3.4e+38 -3.4e+38 -3.4e+38 -3.4e+38 -3.4e+38 -3.4e+38 -3.4e+38 -3.4e+38 -3.4e+38 -3.4e+38 -3.4e+38 -3.4e+38 -3.4e+38 -3.4e+38 -3.4e+38 -3.4e+38 0.177 0.171 0.166 0.162 0.159 0.16 0.163 0.168 0.178 0.19 0.209 0.232 0.268 0.313 0.37 0.436 0.516 0.607 0.71 0.824 0.954 1.1 1.26 1.45 1.66 1.93 2.23 2.61 3.06 3.6 4.25 5.01 5.91 6.92 8.05 9.27 10.6 12 13.5 15.1 16.8 18.5 20.3 22 23.6 24.6 24.9 24.7 24.2 23.6
-3.4e+38 -3.4e+38 -3.4e+38 -3.4e+38 -3.4e+38 -3.4e+38 -3.4e+38 -3.4e+38 -3.4e+38 -3.4e+38 -3.4e+38 -3.4e+38 -3.4e+38 -3.4e+38 -3.4e+38 -3.4e+38 -3.4e+38 -3.4e+38 -3.4e+38 -3.4e+38 -3.4e+38 -3.4e+38 0.164 0.158 0.153 0.148 0.145 0.144 0.145 0.149 0.157 0.167 0.184 0.204 0.235 0.272 0.32 0.374 0.441 0.517 0.604 0.702 0.815 0.942 1.09 1.25 1.45 1.68 1.96 2.31 2.72 3.22 3.83 4.56 5.41 6.39 7.49 8.7 10 11.4 12.9 14.5 16.2 18 19.9 21.9 24 25.3 25.2 24.5 23.8 23.1
-3.4e+38 -3.4e+38 -3.4e+38 -3.4e+38 -3.4e+38 -3.4e+38 -3.4e+38 -3.4e+38 -3.4e+38 -3.4e+38 -3.4e+38 -3.4e+38 -3.4e+38 -3.4e+38 -3.4e+38 -3.4e+38 -3.4e+38 -3.4e+38 -3.4e+38 -3.4e+38 -3.4e+38 -3.4e+38 0.153 0.147 0.14 0.135 0.131 0.129 0.129 0.131 0.137 0.146 0.16 0.179 0.205 0.236 0.274 0.319 0.373 0.436 0.509 0.592 0.688 0.799 0.925 1.07 1.24 1.45 1.7 2.01 2.39 2.85 3.41 4.1 4.91 5.85 6.91 8.08 9.35 10.7 12.2 13.8 15.5 17.3 19.2 21.4 23.8 26.1 24.9 23.9 23.1 22.3
-3.4e+38 -3.4e+38 -3.4e+38 -3.4e+38 -3.4e+38 -3.4e+38 -3.4e+38 -3.4e+38 -3.4e+38 -3.4e+38 -3.4e+38 -3.4e+38 -3.4e+38 -3.4e+38 -3.4e+38 -3.4e+38 -3.4e+38 -3.4e+38 -3.4e+38 -3.4e+38 -3.4e+38 0.149 0.142 0.136 0.129 0.123 0.118 0.115 0.114 0.115 0.119 0.127 0.138 0.154 0.177 0.202 0.232 0.269 0.313 0.365 0.425 0.495 0.576 0.671 0.78 0.908 1.06 1.24 1.46 1.73 2.07 2.48 2.99 3.63 4.39 5.29 6.3 7.43 8.65 9.97 11.4 12.9 14.5 16.3 18.1 20.1 22.2 23.5 23.3 22.7 22 21.3
-3.4e+38 -3.4e+38 -3.4e+38 -3.4e+38 -3.4e+38 -3.4e+38 -3.4e+38 -3.4e+38 -3.4e+38 -3.4e+38 -3.4e+38 -3.4e+38 -3.4e+38 -3.4e+38 -3.4e+38 -3.4e+38 -3.4e+38 -3.4e+38 -3.4e+38 -3.4e+38 -3.4e+38 0.14 0.133 0.126 0.118 0.112 0.106 0.102 0.0997 0.0998 0.103 0.109 0.118 0.13 0.148 0.168 0.193 0.223 0.26 0.302 0.352 0.41 0.478 0.559 0.652 0.762 0.891 1.05 1.24 1.48 1.77 2.13 2.6 3.18 3.89 4.72 5.69 6.76 7.92 9.17 10.5 11.9 13.5 15.1 16.7 18.4 19.9 20.9 21.2 21 20.5 20
-3.4e+38 -3.4e+38 -3.4e+38 -3.4e+38 -3.4e+38 -3.4e+38 -3.4e+38 -3.4e+38 -3.4e+38 -3.4e+38 -3.4e+38 -3.4e+38 -3.4e+38 -3.4e+38 -3.4e+38 -3.4e+38 -3.4e+38 -3.4e+38 -3.4e+38 -3.4e+38 -3.4e+38 0.131 0.124 0.117 0.109 0.102 0.0957 0.0905 0.0869 0.0861 0.0881 0.0922 0.0993 0.109 0.122 0.137 0.157 0.182 0.212 0.247 0.288 0.336 0.394 0.462 0.541 0.635 0.744 0.879 1.04 1.24 1.49 1.81 2.22 2.75 3.41 4.17 5.08 6.09 7.18 8.36 9.61 10.9 12.3 13.8 15.2 16.6 17.8 18.7 19.1 19.1 18.9 18.6
-3.4e+38 -3.4e+38 -3.4e+38 -3.4e+38 -3.4e+38 -3.4e+38 -3.4e+38 -3.4e+38 -3.4e+38 -3.4e+38 -3.4e+38 -3.4e+38 -3.4e+38 -3.4e+38 -3.4e+38 -3.4e+38 -3.4e+38 -3.4e+38 -3.4e+38 -3.4e+38 -3.4e+38 0.123 0.116 0.109 0.101 0.0938 0.0868 0.0807 0.076 0.0744 0.0753 0.0778 0.0829 0.0896 0.0992 0.11 0.126 0.146 0.171 0.199 0.232 0.272 0.321 0.38 0.448 0.529 0.623 0.737 0.871 1.04 1.25 1.52 1.89 2.37 2.97 3.66 4.49 5.42 6.44 7.54 8.69 9.91 11.2 12.4 13.7 14.9 15.9 16.7 17.2 17.3 17.3 17.1
-3.4e+38 -3.4e+38 -3.4e+38 -3.4e+38 -3.4e+38 -3.4e+38 -3.4e+38 -3.4e+38 -3.4e+38 -3.4e+38 -3.4e+38 -3.4e+38 -3.4e+38 -3.4e+38 -3.4e+38 -3.4e+38 -3.4e+38 -3.4e+38 -3.4e+38 -3.4e+38 -3.4e+38 -3.4e+38 0.109 0.102 0.0941 0.0867 0.0794 0.0728 0.0676 0.0649 0.0644 0.0655 0.0687 0.0734 0.0805 0.0891 0.101 0.117 0.136 0.158 0.184 0.216 0.259 0.311 0.37 0.44 0.521 0.618 0.73 0.868 1.04 1.27 1.6 2.04 2.57 3.19 3.94 4.78 5.73 6.75 7.8 8.9 10 11.2 12.2 13.3 14.1 14.8 15.4 15.6 15.7 15.6
-3.4e+38 -3.4e+38 -3.4e+38 -3.4e+38 -3.4e+38 -3.4e+38 -3.4e+38 -3.4e+38 -3.4e+38 -3.4e+38 -3.4e+38 -3.4e+38 -3.4e+38 -3.4e+38 -3.4e+38 -3.4e+38 -3.4e+38 -3.4e+38 -3.4e+38 -3.4e+38 -3.4e+38 -3.4e+38 -3.4e+38 0.0958 0.0882 0.0807 0.0732 0.0663 0.0605 0.0568 0.0552 0.0552 0.0569 0.0599 0.0651 0.0718 0.0814 0.0935 0.109 0.126 0.147 0.173 0.21 0.254 0.306 0.367 0.438 0.521 0.617 0.732 0.864 1.04 1.36 1.76 2.24 2.81 3.48 4.23 5.09 6.01 6.96 7.95 8.95 9.95 10.9 11.8 12.6 13.2 13.8 14.1 14.2 14.2
-3.4e+38 -3.4e+38 -3.4e+38 -3.4e+38 -3.4e+38 -3.4e+38 -3.4e+38 -3.4e+38 -3.4e+38 -3.4e+38 -3.4e+38 -3.4e+38 -3.4e+38 -3.4e+38 -3.4e+38 -3.4e+38 -3.4e+38 -3.4e+38 -3.4e+38 -3.4e+38 -3.4e+38 -3.4e+38 -3.4e+38 -3.4e+38 0.0832 0.0757 0.0682 0.0612 0.0551 0.0505 0.0479 0.0467 0.0471 0.0487 0.0523 0.0573 0.0646 0.0739 0.0856 0.0999 0.118 0.14 0.17 0.207 0.252 0.306 0.368 0.442 0.526 0.628 0.749 0.919 1.19 1.54 1.97 2.48 3.07 3.73 4.49 5.32 6.17 7.06 7.94 8.83 9.68 10.5 11.2 11.8 12.3 12.6 12.8 12.9
-3.4e+38 -3.4e+38 -3.4e+38 -3.4e+38 -3.4e+38 -3.4e+38 -3.4e+38 -3.4e+38 -3.4e+38 -3.4e+38 -3.4e+38 -3.4e+38 -3.4e+38 -3.4e+38 -3.4e+38 -3.4e+38 -3.4e+38 -3.4e+38 -3.4e+38 -3.4e+38 -3.4e+38 -3.4e+38 -3.4e+38 -3.4e+38 -3.4e+38 0.0716 0.0642 0.0572 0.0509 0.0458 0.0422 0.0398 0.0392 0.0397 0.0418 0.0452 0.0509 0.0581 0.0673 0.0791 0.0944 0.114 0.138 0.17 0.21 0.257 0.313 0.379 0.455 0.55 0.668 0.833 1.06 1.36 1.73 2.18 2.7 3.29 3.96 4.69 5.45 6.24 7.02 7.81 8.57 9.29 9.94 10.5 11 11.3 11.6 11.7
-3.4e+38 -3.4e+38 -3.4e+38 -3.4e+38 -3.4e+38 -3.4e+38 -3.4e+38 -3.4e+38 -3.4e+38 -3.4e+38 -3.4e+38 -3.4e+38 -3.4e+38 -3.4e+38 -3.4e+38 -3.4e+38 -3.4e+38 -3.4e+38 -3.4e+38 -3.4e+38 -3.4e+38 -3.4e+38 -3.4e+38 -3.4e+38 -3.4e+38 0.0683 0.061 0.0541 0.0478 0.0423 0.038 0.0346 0.0332 0.0329 0.0339 0.0361 0.0402 0.0454 0.0522 0.0619 0.0749 0.0914 0.112 0.14 0.174 0.216 0.265 0.325 0.395 0.483 0.594 0.745 0.945 1.2 1.52 1.91 2.36 2.87 3.47 4.1 4.78 5.48 6.18 6.88 7.56 8.21 8.82 9.34 9.78 10.2 10.4 10.6
-3.4e+38 -3.4e+38 -3.4e+38 -3.4e+38 -3.4e+38 -3.4e+38 -3.4e+38 -3.4e+38 -3.4e+38 -3.4e+38 -3.4e+38 -3.4e+38 -3.4e+38 -3.4e+38 -3.4e+38 -3.4e+38 -3.4e+38 -3.4e+38 -3.4e+38 -3.4e+38 -3.4e+38 -3.4e+38 -3.4e+38 -3.4e+38 -3.4e+38 -3.4e+38 0.0586 0.0518 0.0455 0.04 0.0354 0.0316 0.0294 0.0283 0.0284 0.0296 0.0322 0.0358 0.0411 0.0487 0.0594 0.0732 0.0913 0.115 0.145 0.182 0.226 0.279 0.344 0.425 0.528 0.662 0.837 1.06 1.33 1.66 2.05 2.51 3.02 3.58 4.17 4.79 5.42 6.04 6.65 7.24 7.78 8.28 8.71 9.09 9.39 9.6
-3.4e+38 -3.4e+38 -3.4e+38 -3.4e+38 -3.4e+38 -3.4e+38 -3.4e+38 -3.4e+38 -3.4e+38 -3.4e+38 -3.4e+38 -3.4e+38 -3.4e+38 -3.4e+38 -3.4e+38 -3.4e+38 -3.4e+38 -3.4e+38 -3.4e+38 -3.4e+38 -3.4e+38 -3.4e+38 -3.4e+38 -3.4e+38 -3.4e+38 -3.4e+38 -3.4e+38 0.0502 0.0441 0.0386 0.0339 0.03 0.0272 0.0253 0.0247 0.0249 0.0263 0.0287 0.0327 0.0386 0.0469 0.0581 0.0731 0.0935 0.119 0.152 0.191 0.239 0.298 0.371 0.463 0.582 0.733 0.925 1.16 1.45 1.78 2.16 2.61 3.1 3.62 4.17 4.72 5.28 5.82 6.36 6.85 7.32 7.74 8.12 8.43 8.68
-3.4e+38 -3.4e+38 -3.4e+38 -3.4e+38 -3.4e+38 -3.4e+38 -3.4e+38 -3.4e+38 -3.4e+38 -3.4e+38 -3.4e+38 -3.4e+38 -3.4e+38 -3.4e+38 -3.4e+38 -3.4e+38 -3.4e+38 -3.4e+38 -3.4e+38 -3.4e+38 -3.4e+38 -3.4e+38 -3.4e+38 -3.4e+38 -3.4e+38 -3.4e+38 -3.4e+38 -3.4e+38 0.0435 0.0382 0.0334 0.0293 0.0262 0.0237 0.0224 0.0217 0.022 0.0235 0.0263 0.0307 0.0371 0.0457 0.0581 0.0755 0.0977 0.126 0.16 0.203 0.256 0.321 0.403 0.506 0.637 0.802 1 1.25 1.54 1.87 2.25 2.68 3.14 3.62 4.11 4.61 5.09 5.57 6.03 6.47 6.88 7.25 7.58 7.85
-3.4e+38 -3.4e+38 -3.4e+38 -3.4e+38 -3.4e+38 -3.4e+38 -3.4e+38 -3.4e+38 -3.4e+38 -3.4e+38 -3.4e+38 -3.4e+38 -3.4e+38 -3.4e+38 -3.4e+38 -3.4e+38 -3.4e+38 -3.4e+38 -3.4e+38 -3.4e+38 -3.4e+38 -3.4e+38 -3.4e+38 -3.4e+38 -3.4e+38 -3.4e+38 -3.4e+38 -3.4e+38 0.0437 0.0384 0.0337 0.0294 0.026 0.0232 0.0212 0.0199 0.0193 0.0199 0.0218 0.025 0.0298 0.0366 0.0465 0.0606 0.0793 0.104 0.133 0.171 0.217 0.274 0.345 0.435 0.547 0.688 0.862 1.07 1.32 1.61 1.94 2.31 2.71 3.13 3.56 4 4.44 4.87 5.29 5.7 6.09 6.47 6.8 7.1
-3.4e+38 -3.4e+38 -3.4e+38 -3.4e+38 -3.4e+38 -3.4e+38 -3.4e+38 -3.4e+38 -3.4e+38 -3.4e+38 -3.4e+38 -3.4e+38 -3.4e+38 -3.4e+38 -3.4e+38 -3.4e+38 -3.4e+38 -3.4e+38 -3.4e+38 -3.4e+38 -3.4e+38 -3.4e+38 -3.4e+38 -3.4e+38 -3.4e+38 -3.4e+38 -3.4e+38 -3.4e+38 -3.4e+38 0.0393 0.0345 0.0302 0.0265 0.0234 0.0211 0.0193 0.0183 0.018 0.0189 0.0209 0.0245 0.0298 0.0374 0.0486 0.064 0.0843 0.11 0.142 0.182 0.231 0.292 0.369 0.464 0.583 0.733 0.915 1.13 1.38 1.67 1.99 2.34 2.7 3.08 3.46 3.85 4.25 4.63 5.01 5.39 5.75 6.1 6.42
-3.4e+38 -3.4e+38 -3.4e+38 -3.4e+38 -3.4e+38 -3.4e+38 -3.4e+38 -3.4e+38 -3.4e+38 -3.4e+38 -3.4e+38 -3.4e+38 -3.4e+38 -3.4e+38 -3.4e+38 -3.4e+38 -3.4e+38 -3.4e+38 -3.4e+38 -3.4e+38 -3.4e+38 -3.4e+38 -3.4e+38 -3.4e+38 -3.4e+38 -3.4e+38 -3.4e+38 -3.4e+38 -3.4e+38 -3.4e+38 0.0359 0.0315 0.0277 0.0244 0.0218 0.0197 0.0183 0.0173 0.0174 0.0184 0.0208 0.0248 0.0305 0.0392 0.0515 0.0682 0.0895 0.117 0.151 0.193 0.245 0.309 0.388 0.488 0.617 0.776 0.965 1.18 1.43 1.71 2.01 2.33 2.65 2.98 3.32 3.68 4.03 4.39 4.74 5.1 5.45 5.79
-3.4e+38 -3.4e+38 -3.4e+38 -3.4e+38 -3.4e+38 -3.4e+38 -3.4e+38 -3.4e+38 -3.4e+38 -3.4e+38 -3.4e+38 -3.4e+38 -3.4e+38 -3.4e+38 -3.4e+38 -3.4e+38 -3.4e+38 -3.4e+38 -3.4e+38 -3.4e+38 -3.4e+38 -3.4e+38 -3.4e+38 -3.4e+38 -3.4e+38 -3.4e+38 -3.4e+38 -3.4e+38 -3.4e+38 -3.4e+38 -3.4e+38 0.0334 0.0295 0.026 0.0232 0.0208 0.019 0.0176 0.0169 0.0171 0.0185 0.0212 0.0255 0.0321 0.0416 0.0551 0.0725 0.0953 0.124 0.159 0.203 0.257 0.322 0.403 0.515 0.654 0.818 1.01 1.22 1.46 1.72 1.99 2.27 2.55 2.85 3.16 3.48 3.82 4.16 4.51 4.86 5.22
-3.4e+38 -3.4e+38 -3.4e+38 -3.4e+38 -3.4e+38 -3.4e+38 -3.4e+38 -3.4e+38 -3.4e+38 -3.4e+38 -3.4e+38 -3.4e+38 -3.4e+38 -3.4e+38 -3.4e+38 -3.4e+38 -3.4e+38 -3.4e+38 -3.4e+38 -3.4e+38 -3.4e+38 -3.4e+38 -3.4e+38 -3.4e+38 -3.4e+38 -3.4e+38 -3.4e+38 -3.4e+38 -3.4e+38 -3.4e+38 -3.4e+38 -3.4e+38 0.0318 0.0281 0.0251 0.0225 0.0203 0.0185 0.0174 0.0169 0.0173 0.019 0.0222 0.027 0.0342 0.0447 0.0587 0.0773 0.101 0.131 0.167 0.213 0.268 0.338 0.433 0.551 0.691 0.852 1.04 1.24 1.48 1.71 1.93 2.17 2.43 2.71 3 3.32 3.64 3.98 4.32 4.69
-3.4e+38 -3.4e+38 -3.4e+38 -3.4e+38 -3.4e+38 -3.4e+38 -3.4e+38 -3.4e+38 -3.4e+38 -3.4e+38 -3.4e+38 -3.4e+38 -3.4e+38 -3.4e+38 -3.4e+38 -3.4e+38 -3.4e+38 -3.4e+38 -3.4e+38 -3.4e+38 -3.4e+38 -3.4e+38 -3.4e+38 -3.4e+38 -3.4e+38 -3.4e+38 -3.4e+38 -3.4e+38 -3.4e+38 -3.4e+38 -3.4e+38 -3.4e+38 -3.4e+38 0.0307 0.0275 0.0246 0.0223 0.0201 0.0186 0.0176 0.0174 0.0182 0.0203 0.0237 0.0289 0.0369 0.0479 0.0628 0.082 0.107 0.138 0.177 0.225 0.287 0.367 0.465 0.582 0.718 0.872 1.05 1.24 1.44 1.63 1.83 2.06 2.31 2.58 2.87 3.17 3.5 3.84 4.21
-3.4e+38 -3.4e+38 -3.4e+38 -3.4e+38 -3.4e+38 -3.4e+38 -3.4e+38 -3.4e+38 -3.4e+38 -3.4e+38 -3.4e+38 -3.4e+38 -3.4e+38 -3.4e+38 -3.4e+38 -3.4e+38 -3.4e+38 -3.4e+38 -3.4e+38 -3.4e+38 -3.4e+38 -3.4e+38 -3.4e+38 -3.4e+38 -3.4e+38 -3.4e+38 -3.4e+38 -3.4e+38 -3.4e+38 -3.4e+38 -3.4e+38 -3.4e+38 -3.4e+38 -3.4e+38 -3.4e+38 0.0273 0.0247 0.0224 0.0205 0.0192 0.0185 0.0187 0.0198 0.022 0.0255 0.0314 0.0397 0.0516 0.0671 0.0876 0.114 0.147 0.189 0.242 0.309 0.391 0.489 0.601 0.73 0.875 1.03 1.19 1.36 1.53 1.73 1.96 2.21 2.48 2.77 3.09 3.41 3.77
