maui/input/month_year_rainfall/maui_prcp_11_2001.asc
ncols        361
nrows        320
xllcorner    -156.738000000000
yllcorner    20.343000000000
cellsize     0.002250000000
NODATA_value -3.4028234663852885981e+38
[rows 32 to 63 of 320, columns 0 to 71 of 361]
-3.4e+38 -3.4e+38 -3.4e+38 -3.4e+38 -3.4e+38 -3.4e+38 -3.4e+38 -3.4e+38 -3.4e+38 -3.4e+38 -3.4e+38 -3.4e+38 -3.4e+38 -3.4e+38 -3.4e+38 -3.4e+38 -3.4e+38 -3.4e+38 -3.4e+38 -3.4e+38 -3.4e+38 -3.4e+38 -3.4e+38 -3.4e+38 -3.4e+38 -3.4e+38 -3.4e+38 -3.4e+38 -3.4e+38 7.21 7.41 7.61 7.84 8.07 8.34 8.6 8.87 9.13 9.4 9.65 9.91 10.2 10.4 10.7 11 11.3 11.6 11.9 12.2 12.4 12.6 12.7 12.9 13 13 13 13.1 13 13 12.9 12.8 12.7 12.5 12.4 12.2 12 11.7 11.4 11.2 10.9 10.6 10.3
-3.4e+38 -3.4e+38 -3.4e+38 -3.4e+38 -3.4e+38 -3.4e+38 -3.4e+38 -3.4e+38 -3.4e+38 -3.4e+38 -3.4e+38 -3.4e+38 -3.4e+38 -3.4e+38 -3.4e+38 -3.4e+38 -3.4e+38 -3.4e+38 -3.4e+38 -3.4e+38 -3.4e+38 -3.4e+38 -3.4e+38 -3.4e+38 -3.4e+38 -3.4e+38 -3.4e+38 -3.4e+38 6.97 7.17 7.39 7.62 7.87 8.12 8.41 8.69 8.99 9.28 9.59 9.89 10.2 10.5 10.8 11.1 11.4 11.7 12.1 12.4 12.6 12.9 13.1 13.2 13.4 13.5 13.5 13.5 13.5 13.5 13.4 13.3 13.2 13.1 13 12.8 12.6 12.4 12.1 11.9 11.6 11.3 10.9 10.6
-3.4e+38 -3.4e+38 -3.4e+38 -3.4e+38 -3.4e+38 -3.4e+38 -3.4e+38 -3.4e+38 -3.4e+38 -3.4e+38 -3.4e+38 -3.4e+38 -3.4e+38 -3.4e+38 -3.4e+38 -3.4e+38 -3.4e+38 -3.4e+38 -3.4e+38 -3.4e+38 -3.4e+38 -3.4e+38 -3.4e+38 -3.4e+38 -3.4e+38 -3.4e+38 -3.4e+38 6.68 6.91 7.12 7.36 7.6 7.87 8.15 8.46 8.77 9.1 9.42 9.76 10.1 10.4 10.8 11.1 11.5 11.8 12.1 12.5 12.8 13.1 13.3 13.6 13.7 13.9 14 14 14 14 14 13.9 13.8 13.7 13.6 13.4 13.3 13.1 12.8 12.6 12.3 12 11.7 11.3 11
-3.4e+38 -3.4e+38 -3.4e+38 -3.4e+38 -3.4e+38 -3.4e+38 -3.4e+38 -3.4e+38 -3.4e+38 -3.4e+38 -3.4e+38 -3.4e+38 -3.4e+38 -3.4e+38 -3.4e+38 -3.4e+38 -3.4e+38 -3.4e+38 -3.4e+38 -3.4e+38 -3.4e+38 -3.4e+38 -3.4e+38 -3.4e+38 -3.4e+38 -3.4e+38 -3.4e+38 6.61 6.84 7.07 7.32 7.57 7.87 8.17 8.51 8.84 9.2 9.56 9.93 10.3 10.7 11 11.4 11.8 12.2 12.5 12.9 13.2 13.5 13.8 14 14.2 14.4 14.5 14.5 14.5 14.5 14.4 14.3 14.2 14.1 14 13.9 13.7 13.5 13.3 13 12.7 12.4 12.1 11.7 11.3
-3.4e+38 -3.4e+38 -3.4e+38 -3.4e+38 -3.4e+38 -3.4e+38 -3.4e+38 -3.4e+38 -3.4e+38 -3.4e+38 -3.4e+38 -3.4e+38 -3.4e+38 -3.4e+38 -3.4e+38 -3.4e+38 -3.4e+38 -3.4e+38 -3.4e+38 -3.4e+38 -3.4e+38 -3.4e+38 -3.4e+38 -3.4e+38 -3.4e+38 -3.4e+38 -3.4e+38 6.53 6.77 7 7.26 7.53 7.84 8.17 8.53 8.89 9.27 9.66 10.1 10.5 10.9 11.3 11.7 12.1 12.5 12.9 13.3 13.6 14 14.2 14.5 14.7 14.9 15 15 15 15 14.9 14.8 14.7 14.6 14.4 14.3 14.1 14 13.7 13.5 13.2 12.9 12.5 12.1 11.7
-3.4e+38 -3.4e+38 -3.4e+38 -3.4e+38 -3.4e+38 -3.4e+38 -3.4e+38 -3.4e+38 -3.4e+38 -3.4e+38 -3.4e+38 -3.4e+38 -3.4e+38 -3.4e+38 -3.4e+38 -3.4e+38 -3.4e+38 -3.4e+38 -3.4e+38 -3.4e+38 -3.4e+38 -3.4e+38 -3.4e+38 -3.4e+38 -3.4e+38 -3.4e+38 6.18 6.44 6.69 6.93 7.2 7.48 7.81 8.15 8.53 8.92 9.33 9.74 10.2 10.6 11.1 11.5 11.9 12.3 12.8 13.2 13.6 14 14.3 14.7 15 15.2 15.4 15.5 15.5 15.5 15.4 15.3 15.2 15.1 15 14.9 14.7 14.6 14.4 14.2 13.9 13.6 13.3 12.9 12.5 12.1
-3.4e+38 -3.4e+38 -3.4e+38 -3.4e+38 -3.4e+38 -3.4e+38 -3.4e+38 -3.4e+38 -3.4e+38 -3.4e+38 -3.4e+38 -3.4e+38 -3.4e+38 -3.4e+38 -3.4e+38 -3.4e+38 -3.4e+38 -3.4e+38 -3.4e+38 -3.4e+38 -3.4e+38 -3.4e+38 -3.4e+38 -3.4e+38 -3.4e+38 5.81 6.08 6.35 6.61 6.85 7.12 7.42 7.75 8.11 8.51 8.92 9.35 9.79 10.3 10.7 11.2 11.7 12.1 12.6 13 13.4 13.9 14.3 14.7 15 15.3 15.6 15.9 16 16 15.9 15.8 15.7 15.6 15.5 15.4 15.3 15.1 15 14.8 14.6 14.3 14 13.7 13.3 12.9 12.4
-3.4e+38 -3.4e+38 -3.4e+38 -3.4e+38 -3.4e+38 -3.4e+38 -3.4e+38 -3.4e+38 -3.4e+38 -3.4e+38 -3.4e+38 -3.4e+38 -3.4e+38 -3.4e+38 -3.4e+38 -3.4e+38 -3.4e+38 -3.4e+38 -3.4e+38 -3.4e+38 -3.4e+38 -3.4e+38 -3.4e+38 -3.4e+38 -3.4e+38 5.68 5.96 6.26 6.52 6.75 7.03 7.33 7.68 8.04 8.46 8.89 9.35 9.82 10.3 10.8 11.3 11.8 12.3 12.7 13.2 13.6 14.1 14.5 14.9 15.3 15.6 15.9 16.2 16.3 16.3 16.2 16.2 16.1 16 15.9 15.8 15.7 15.5 15.4 15.2 15 14.7 14.4 14 13.6 13.2 12.8
-3.4e+38 -3.4e+38 -3.4e+38 -3.4e+38 -3.4e+38 -3.4e+38 -3.4e+38 -3.4e+38 -3.4e+38 -3.4e+38 -3.4e+38 -3.4e+38 -3.4e+38 -3.4e+38 -3.4e+38 -3.4e+38 -3.4e+38 -3.4e+38 -3.4e+38 -3.4e+38 -3.4e+38 -3.4e+38 -3.4e+38 -3.4e+38 -3.4e+38 5.53 5.8 6.11 6.37 6.62 6.91 7.22 7.58 7.95 8.39 8.84 9.32 9.81 10.3 10.8 11.3 11.9 12.4 12.8 13.3 13.8 14.3 14.7 15.1 15.5 15.8 16.1 16.3 16.5 16.5 16.5 16.4 16.3 16.3 16.2 16.1 16 15.9 15.7 15.5 15.3 15 14.7 14.4 14 13.6 13.1
-3.4e+38 -3.4e+38 -3.4e+38 -3.4e+38 -3.4e+38 -3.4e+38 -3.4e+38 -3.4e+38 -3.4e+38 -3.4e+38 -3.4e+38 -3.4e+38 -3.4e+38 -3.4e+38 -3.4e+38 -3.4e+38 -3.4e+38 -3.4e+38 -3.4e+38 -3.4e+38 -3.4e+38 -3.4e+38 -3.4e+38 -3.4e+38 5.12 5.36 5.62 5.9 6.18 6.45 6.76 7.08 7.45 7.84 8.29 8.75 9.25 9.77 10.3 10.8 11.4 11.9 12.4 12.9 13.4 13.9 14.4 14.8 15.2 15.6 15.9 16.2 16.4 16.5 16.6 16.6 16.6 16.6 16.5 16.5 16.4 16.3 16.2 16 15.9 15.6 15.4 15 14.7 14.3 13.9 13.4
-3.4e+38 -3.4e+38 -3.4e+38 -3.4e+38 -3.4e+38 -3.4e+38 -3.4e+38 -3.4e+38 -3.4e+38 -3.4e+38 -3.4e+38 -3.4e+38 -3.4e+38 -3.4e+38 -3.4e+38 -3.4e+38 -3.4e+38 -3.4e+38 -3.4e+38 -3.4e+38 -3.4e+38 -3.4e+38 -3.4e+38 4.74 4.95 5.17 5.42 5.69 5.98 6.27 6.59 6.93 7.3 7.69 8.15 8.63 9.15 9.69 10.2 10.8 11.3 11.8 12.4 12.9 13.4 13.9 14.4 14.8 15.2 15.6 15.9 16.2 16.4 16.6 16.7 16.7 16.7 16.7 16.7 16.7 16.6 16.5 16.4 16.3 16.1 15.9 15.6 15.3 15 14.6 14.2 13.8
-3.4e+38 -3.4e+38 -3.4e+38 -3.4e+38 -3.4e+38 -3.4e+38 -3.4e+38 -3.4e+38 -3.4e+38 -3.4e+38 -3.4e+38 -3.4e+38 -3.4e+38 -3.4e+38 -3.4e+38 -3.4e+38 -3.4e+38 -3.4e+38 -3.4e+38 -3.4e+38 -3.4e+38 -3.4e+38 -3.4e+38 4.56 4.76 4.98 5.22 5.48 5.77 6.07 6.4 6.75 7.13 7.53 8 8.48 9.01 9.55 10.1 10.7 11.2 11.7 12.3 12.8 13.4 13.9 14.4 14.8 15.2 15.6 15.9 16.2 16.4 16.6 16.7 16.8 16.8 16.8 16.8 16.8 16.8 16.7 16.6 16.5 16.3 16.1 15.9 15.6 15.2 14.8 14.5 14.1
-3.4e+38 -3.4e+38 -3.4e+38 -3.4e+38 -3.4e+38 -3.4e+38 -3.4e+38 -3.4e+38 -3.4e+38 -3.4e+38 -3.4e+38 -3.4e+38 -3.4e+38 -3.4e+38 -3.4e+38 -3.4e+38 -3.4e+38 -3.4e+38 -3.4e+38 -3.4e+38 -3.4e+38 -3.4e+38 -3.4e+38 4.37 4.56 4.78 5.01 5.28 5.56 5.87 6.2 6.56 6.95 7.34 7.81 8.3 8.84 9.38 9.94 10.5 11.1 11.6 12.2 12.7 13.3 13.8 14.3 14.7 15.1 15.5 15.8 16.1 16.3 16.5 16.7 16.8 16.8 16.9 16.9 16.9 16.8 16.8 16.7 16.6 16.4 16.3 16 15.7 15.4 15.1 14.7 14.3
-3.4e+38 -3.4e+38 -3.4e+38 -3.4e+38 -3.4e+38 -3.4e+38 -3.4e+38 -3.4e+38 -3.4e+38 -3.4e+38 -3.4e+38 -3.4e+38 -3.4e+38 -3.4e+38 -3.4e+38 -3.4e+38 -3.4e+38 -3.4e+38 -3.4e+38 -3.4e+38 -3.4e+38 -3.4e+38 -3.4e+38 4.18 4.37 4.57 4.8 5.07 5.35 5.66 6 6.35 6.75 7.15 7.62 8.1 8.64 9.18 9.75 10.3 10.9 11.4 12 12.6 13.1 13.6 14.1 14.6 15 15.4 15.7 16 16.2 16.4 16.6 16.7 16.8 16.8 16.8 16.9 16.8 16.8 16.7 16.6 16.5 16.3 16.1 15.9 15.6 15.3 14.9 14.6
-3.4e+38 -3.4e+38 -3.4e+38 -3.4e+38 -3.4e+38 -3.4e+38 -3.4e+38 -3.4e+38 -3.4e+38 -3.4e+38 -3.4e+38 -3.4e+38 -3.4e+38 -3.4e+38 -3.4e+38 -3.4e+38 -3.4e+38 -3.4e+38 -3.4e+38 -3.4e+38 -3.4e+38 -3.4e+38 3.83 3.99 4.16 4.37 4.59 4.85 5.14 5.44 5.78 6.15 6.54 6.95 7.42 7.9 8.44 8.97 9.54 10.1 10.7 11.3 11.8 12.4 13 13.5 14 14.4 14.8 15.2 15.5 15.8 16.1 16.3 16.4 16.5 16.6 16.7 16.8 16.8 16.8 16.7 16.7 16.6 16.5 16.4 16.2 16 15.7 15.4 15.1 14.8
-3.4e+38 -3.4e+38 -3.4e+38 -3.4e+38 -3.4e+38 -3.4e+38 -3.4e+38 -3.4e+38 -3.4e+38 -3.4e+38 -3.4e+38 -3.4e+38 -3.4e+38 -3.4e+38 -3.4e+38 -3.4e+38 -3.4e+38 -3.4e+38 -3.4e+38 -3.4e+38 -3.4e+38 -3.4e+38 3.64 3.79 3.96 4.16 4.38 4.64 4.92 5.23 5.57 5.94 6.34 6.75 7.22 7.7 8.24 8.77 9.32 9.88 10.5 11 11.6 12.2 12.7 13.3 13.8 14.2 14.6 15 15.3 15.6 15.8 16 16.2 16.3 16.5 16.5 16.6 16.6 16.6 16.6 16.6 16.6 16.5 16.4 16.2 16.1 15.8 15.6 15.3 15
-3.4e+38 -3.4e+38 -3.4e+38 -3.4e+38 -3.4e+38 -3.4e+38 -3.4e+38 -3.4e+38 -3.4e+38 -3.4e+38 -3.4e+38 -3.4e+38 -3.4e+38 -3.4e+38 -3.4e+38 -3.4e+38 -3.4e+38 -3.4e+38 -3.4e+38 -3.4e+38 -3.4e+38 3.33 3.45 3.59 3.76 3.95 4.17 4.42 4.7 5.01 5.35 5.72 6.13 6.55 7.02 7.5 8.03 8.56 9.1 9.66 10.2 10.8 11.4 11.9 12.5 13 13.5 13.9 14.3 14.7 15 15.3 15.5 15.7 15.9 16.1 16.2 16.3 16.4 16.4 16.5 16.5 16.5 16.5 16.5 16.4 16.3 16.1 15.9 15.7 15.5 15.2
-3.4e+38 -3.4e+38 -3.4e+38 -3.4e+38 -3.4e+38 -3.4e+38 -3.4e+38 -3.4e+38 -3.4e+38 -3.4e+38 -3.4e+38 -3.4e+38 -3.4e+38 -3.4e+38 -3.4e+38 -3.4e+38 -3.4e+38 -3.4e+38 -3.4e+38 -3.4e+38 3.06 3.15 3.26 3.4 3.55 3.75 3.96 4.21 4.48 4.79 5.14 5.51 5.93 6.35 6.83 7.31 7.83 8.35 8.89 9.42 9.98 10.5 11.1 11.7 12.2 12.7 13.2 13.6 14 14.3 14.7 14.9 15.2 15.4 15.6 15.8 15.9 16.1 16.1 16.2 16.3 16.3 16.4 16.4 16.4 16.4 16.3 16.2 16 15.8 15.6 15.4
-3.4e+38 -3.4e+38 -3.4e+38 -3.4e+38 -3.4e+38 -3.4e+38 -3.4e+38 -3.4e+38 -3.4e+38 -3.4e+38 -3.4e+38 -3.4e+38 -3.4e+38 -3.4e+38 -3.4e+38 -3.4e+38 -3.4e+38 -3.4e+38 -3.4e+38 -3.4e+38 2.89 2.97 3.07 3.2 3.35 3.55 3.76 4 4.27 4.57 4.92 5.31 5.72 6.15 6.63 7.11 7.63 8.14 8.66 9.18 9.72 10.3 10.8 11.4 11.9 12.4 12.9 13.3 13.6 14 14.3 14.5 14.8 15 15.2 15.4 15.6 15.7 15.9 15.9 16 16.1 16.3 16.4 16.4 16.4 16.4 16.3 16.1 16 15.8 15.5
-3.4e+38 -3.4e+38 -3.4e+38 -3.4e+38 -3.4e+38 -3.4e+38 -3.4e+38 -3.4e+38 -3.4e+38 -3.4e+38 -3.4e+38 -3.4e+38 -3.4e+38 -3.4e+38 -3.4e+38 -3.4e+38 -3.4e+38 -3.4e+38 -3.4e+38 2.68 2.73 2.8 2.88 3 3.16 3.35 3.57 3.81 4.07 4.37 4.73 5.11 5.53 5.95 6.43 6.91 7.43 7.92 8.42 8.92 9.44 9.97 10.5 11 11.5 12 12.5 12.9 13.2 13.5 13.8 14.1 14.4 14.6 14.8 15.1 15.2 15.4 15.5 15.7 15.8 16 16.1 16.3 16.4 16.4 16.4 16.3 16.2 16.1 15.9 15.7
-3.4e+38 -3.4e+38 -3.4e+38 -3.4e+38 -3.4e+38 -3.4e+38 -3.4e+38 -3.4e+38 -3.4e+38 -3.4e+38 -3.4e+38 -3.4e+38 -3.4e+38 -3.4e+38 -3.4e+38 -3.4e+38 -3.4e+38 -3.4e+38 -3.4e+38 2.53 2.57 2.63 2.71 2.82 2.98 3.18 3.39 3.64 3.91 4.21 4.56 4.93 5.34 5.76 6.22 6.68 7.19 7.66 8.15 8.64 9.15 9.66 10.2 10.7 11.2 11.6 12.1 12.4 12.8 13.1 13.4 13.6 13.9 14.2 14.4 14.6 14.9 15 15.2 15.4 15.6 15.8 16 16.2 16.3 16.4 16.4 16.4 16.3 16.2 16.1 15.9
-3.4e+38 -3.4e+38 -3.4e+38 -3.4e+38 -3.4e+38 -3.4e+38 -3.4e+38 -3.4e+38 -3.4e+38 -3.4e+38 -3.4e+38 -3.4e+38 -3.4e+38 -3.4e+38 -3.4e+38 -3.4e+38 -3.4e+38 -3.4e+38 -3.4e+38 2.39 2.43 2.49 2.56 2.68 2.83 3.02 3.24 3.48 3.75 4.06 4.4 4.76 5.16 5.57 6.01 6.45 6.93 7.4 7.87 8.35 8.84 9.33 9.82 10.3 10.8 11.2 11.6 12 12.3 12.6 12.9 13.1 13.4 13.7 14 14.2 14.4 14.7 14.9 15.1 15.4 15.7 15.9 16.1 16.3 16.4 16.5 16.5 16.4 16.4 16.2 16.1
-3.4e+38 -3.4e+38 -3.4e+38 -3.4e+38 -3.4e+38 -3.4e+38 -3.4e+38 -3.4e+38 -3.4e+38 -3.4e+38 -3.4e+38 -3.4e+38 -3.4e+38 -3.4e+38 -3.4e+38 -3.4e+38 -3.4e+38 -3.4e+38 -3.4e+38 2.26 2.29 2.35 2.43 2.54 2.69 2.87 3.09 3.33 3.61 3.91 4.25 4.6 4.99 5.38 5.81 6.23 6.69 7.13 7.6 8.05 8.52 8.99 9.46 9.92 10.4 10.8 11.2 11.5 11.8 12.1 12.3 12.6 12.9 13.2 13.5 13.8 14 14.3 14.6 14.9 15.2 15.5 15.8 16 16.2 16.4 16.5 16.6 16.6 16.5 16.4 16.2
-3.4e+38 -3.4e+38 -3.4e+38 -3.4e+38 -3.4e+38 -3.4e+38 -3.4e+38 -3.4e+38 -3.4e+38 -3.4e+38 -3.4e+38 -3.4e+38 -3.4e+38 -3.4e+38 -3.4e+38 -3.4e+38 -3.4e+38 -3.4e+38 -3.4e+38 2.13 2.16 2.22 2.3 2.41 2.55 2.73 2.94 3.18 3.46 3.77 4.11 4.45 4.82 5.2 5.61 6.02 6.45 6.88 7.32 7.75 8.2 8.64 9.09 9.53 9.95 10.3 10.7 11 11.3 11.5 11.8 12.1 12.4 12.7 13 13.3 13.6 14 14.3 14.6 15 15.4 15.7 16 16.2 16.4 16.6 16.7 16.7 16.6 16.6 16.4
-3.4e+38 -3.4e+38 -3.4e+38 -3.4e+38 -3.4e+38 -3.4e+38 -3.4e+38 -3.4e+38 -3.4e+38 -3.4e+38 -3.4e+38 -3.4e+38 -3.4e+38 -3.4e+38 -3.4e+38 -3.4e+38 -3.4e+38 -3.4e+38 -3.4e+38 2 2.03 2.09 2.17 2.28 2.42 2.59 2.8 3.04 3.32 3.63 3.96 4.29 4.66 5.03 5.43 5.81 6.22 6.62 7.04 7.45 7.87 8.29 8.71 9.13 9.53 9.88 10.2 10.5 10.8 11 11.3 11.5 11.9 12.2 12.6 12.9 13.3 13.6 14.1 14.5 14.9 15.3 15.6 16 16.3 16.5 16.7 16.8 16.8 16.8 16.7 16.6
-3.4e+38 -3.4e+38 -3.4e+38 -3.4e+38 -3.4e+38 -3.4e+38 -3.4e+38 -3.4e+38 -3.4e+38 -3.4e+38 -3.4e+38 -3.4e+38 -3.4e+38 -3.4e+38 -3.4e+38 -3.4e+38 -3.4e+38 -3.4e+38 -3.4e+38 1.87 1.9 1.95 2.04 2.15 2.28 2.45 2.65 2.89 3.16 3.46 3.79 4.13 4.5 4.86 5.25 5.62 6 6.37 6.76 7.15 7.54 7.94 8.34 8.72 9.1 9.43 9.75 10 10.2 10.5 10.7 11 11.3 11.7 12.1 12.5 12.9 13.4 13.8 14.3 14.7 15.2 15.6 16 16.3 16.6 16.8 16.9 17 17 16.9 16.8
-3.4e+38 -3.4e+38 -3.4e+38 -3.4e+38 -3.4e+38 -3.4e+38 -3.4e+38 -3.4e+38 -3.4e+38 -3.4e+38 -3.4e+38 -3.4e+38 -3.4e+38 -3.4e+38 -3.4e+38 -3.4e+38 -3.4e+38 -3.4e+38 -3.4e+38 1.74 1.77 1.83 1.91 2.02 2.15 2.32 2.51 2.74 3.01 3.3 3.62 3.97 4.34 4.7 5.08 5.43 5.78 6.12 6.48 6.83 7.2 7.58 7.95 8.32 8.67 8.98 9.28 9.48 9.7 9.93 10.2 10.5 10.8 11.3 11.7 12.2 12.7 13.2 13.7 14.2 14.7 15.2 15.6 16 16.4 16.7 16.9 17.1 17.1 17.1 17.1 17
-3.4e+38 -3.4e+38 -3.4e+38 -3.4e+38 -3.4e+38 -3.4e+38 -3.4e+38 -3.4e+38 -3.4e+38 -3.4e+38 -3.4e+38 -3.4e+38 -3.4e+38 -3.4e+38 -3.4e+38 -3.4e+38 -3.4e+38 -3.4e+38 1.63 1.61 1.64 1.71 1.79 1.9 2.03 2.18 2.37 2.59 2.86 3.14 3.46 3.81 4.18 4.55 4.92 5.24 5.56 5.87 6.19 6.52 6.87 7.22 7.57 7.92 8.25 8.55 8.83 8.99 9.2 9.46 9.72 9.99 10.4 10.9 11.4 11.9 12.4 13 13.5 14.1 14.6 15.2 15.6 16.1 16.5 16.8 17 17.2 17.3 17.3 17.3 17.2
-3.4e+38 -3.4e+38 -3.4e+38 -3.4e+38 -3.4e+38 -3.4e+38 -3.4e+38 -3.4e+38 -3.4e+38 -3.4e+38 -3.4e+38 -3.4e+38 -3.4e+38 -3.4e+38 -3.4e+38 -3.4e+38 -3.4e+38 1.62 1.56 1.51 1.55 1.62 1.7 1.8 1.91 2.06 2.24 2.46 2.71 2.99 3.3 3.64 4.01 4.4 4.77 5.04 5.32 5.59 5.9 6.2 6.53 6.86 7.2 7.52 7.83 8.12 8.39 8.58 8.81 9.08 9.36 9.68 10.1 10.6 11.1 11.6 12.2 12.8 13.4 14 14.6 15.2 15.7 16.2 16.6 16.9 17.2 17.4 17.5 17.5 17.5 17.4
-3.4e+38 -3.4e+38 -3.4e+38 -3.4e+38 -3.4e+38 -3.4e+38 -3.4e+38 -3.4e+38 -3.4e+38 -3.4e+38 -3.4e+38 -3.4e+38 -3.4e+38 -3.4e+38 -3.4e+38 -3.4e+38 -3.4e+38 -3.4e+38 1.54 1.5 1.52 1.57 1.63 1.71 1.8 1.94 2.12 2.33 2.58 2.84 3.14 3.46 3.81 4.18 4.53 4.79 5.06 5.31 5.59 5.89 6.2 6.51 6.83 7.14 7.43 7.7 7.96 8.2 8.45 8.73 9.04 9.39 9.8 10.3 10.8 11.3 12 12.6 13.3 13.9 14.6 15.2 15.8 16.3 16.7 17.1 17.4 17.6 17.7 17.8 17.7 17.6
-3.4e+38 -3.4e+38 -3.4e+38 -3.4e+38 -3.4e+38 -3.4e+38 -3.4e+38 -3.4e+38 -3.4e+38 -3.4e+38 -3.4e+38 -3.4e+38 -3.4e+38 -3.4e+38 -3.4e+38 -3.4e+38 -3.4e+38 -3.4e+38 1.54 1.52 1.52 1.55 1.59 1.64 1.71 1.83 2.01 2.22 2.45 2.7 2.98 3.27 3.6 3.91 4.23 4.51 4.77 5.02 5.28 5.56 5.87 6.17 6.47 6.76 7.04 7.3 7.56 7.8 8.06 8.38 8.72 9.1 9.53 10 10.5 11.1 11.8 12.5 13.2 13.9 14.6 15.2 15.8 16.4 16.9 17.3 17.6 17.8 18 18 18 17.9
-3.4e+38 -3.4e+38 -3.4e+38 -3.4e+38 -3.4e+38 -3.4e+38 -3.4e+38 -3.4e+38 -3.4e+38 -3.4e+38 -3.4e+38 -3.4e+38 -3.4e+38 -3.4e+38 -3.4e+38 -3.4e+38 -3.4e+38 1.6 1.56 1.54 1.53 1.55 1.58 1.61 1.67 1.78 1.93 2.12 2.33 2.56 2.82 3.09 3.38 3.66 3.96 4.23 4.49 4.74 5 5.27 5.55 5.84 6.12 6.4 6.66 6.92 7.16 7.41 7.68 8.02 8.39 8.8 9.24 9.74 10.3 11 11.6 12.4 13.1 13.9 14.6 15.3 15.9 16.5 17 17.5 17.9 18.1 18.3 18.4 18.4 18.2
