maui/input/month_year_rainfall/maui_prcp_08_2001.asc
ncols        361
nrows        320
xllcorner    -156.738000000000
yllcorner    20.343000000000
cellsize     0.002250000000
NODATA_value -3.4028234663852885981e+38
[rows 93 to 123 of 320, columns 213 to 283 of 361]
8.52 8.94 9.37 9.81 10.3 10.7 11.1 11.6 12 12.4 12.9 13.2 13.6 14 14.3 14.6 14.9 15.2 15.4 15.7 15.9 16.1 16.3 16.4 16.6 16.7 16.7 16.8 16.8 16.8 16.7 16.7 16.6 16.5 16.3 16.1 15.9 15.6 15.3 15 14.7 14.4 14.1 13.7 13.4 13.1 12.7 12.4 12 11.6 11.2 10.8 10.4 10.1 9.71 9.39 9.08 8.78 8.49 -3.4e+38 -3.4e+38 -3.4e+38 -3.4e+38 -3.4e+38 -3.4e+38 -3.4e+38 -3.4e+38 -3.4e+38 -3.4e+38 -3.4e+38 -3.4e+38
8.51 8.94 9.39 9.85 10.3 10.8 11.2 11.7 12.2 12.6 13 13.4 13.8 14.2 14.5 14.9 15.2 15.5 15.7 16 16.2 16.4 16.6 16.7 16.9 17 17 17.1 17.1 17.1 17.1 17 16.9 16.8 16.7 16.5 16.3 16.1 15.8 15.6 15.3 15 14.7 14.4 14.1 13.7 13.4 13.1 12.8 12.4 12 11.6 11.2 10.8 10.4 10 9.68 9.35 9.02 -3.4e+38 -3.4e+38 -3.4e+38 -3.4e+38 -3.4e+38 -3.4e+38 -3.4e+38 -3.4e+38 -3.4e+38 -3.4e+38 -3.4e+38 -3.4e+38
8.5 8.95 9.41 9.89 10.4 10.9 11.4 11.8 12.3 12.8 13.2 13.7 14.1 14.4 14.8 15.1 15.5 15.8 16 16.3 16.5 16.7 16.9 17 17.2 17.3 17.3 17.4 17.4 17.4 17.3 17.3 17.2 17.1 17 16.9 16.7 16.5 16.3 16.1 15.8 15.5 15.3 15 14.7 14.4 14.1 13.8 13.5 13.1 12.8 12.4 12 11.6 11.2 10.8 10.4 10 9.66 -3.4e+38 -3.4e+38 -3.4e+38 -3.4e+38 -3.4e+38 -3.4e+38 -3.4e+38 -3.4e+38 -3.4e+38 -3.4e+38 -3.4e+38 -3.4e+38
8.48 8.94 9.42 9.92 10.4 10.9 11.5 12 12.5 13 13.4 13.9 14.3 14.7 15.1 15.4 15.8 16.1 16.4 16.6 16.8 17 17.2 17.3 17.4 17.5 17.6 17.6 17.6 17.6 17.6 17.5 17.5 17.4 17.3 17.2 17 16.9 16.7 16.5 16.3 16.1 15.8 15.6 15.3 15 14.7 14.4 14.1 13.8 13.5 13.2 12.8 12.4 11.9 11.5 11.1 10.7 10.3 -3.4e+38 -3.4e+38 -3.4e+38 -3.4e+38 -3.4e+38 -3.4e+38 -3.4e+38 -3.4e+38 -3.4e+38 -3.4e+38 -3.4e+38 -3.4e+38
8.45 8.93 9.42 9.93 10.5 11 11.5 12.1 12.6 13.1 13.6 14.1 14.5 15 15.4 15.7 16.1 16.4 16.7 16.9 17.2 17.3 17.5 17.6 17.7 17.7 17.8 17.8 17.8 17.8 17.8 17.8 17.7 17.7 17.6 17.5 17.3 17.2 17 16.9 16.7 16.5 16.3 16.1 15.8 15.6 15.3 15 14.8 14.5 14.2 13.9 13.5 13.1 12.7 12.3 11.9 11.5 11.1 10.7 -3.4e+38 -3.4e+38 -3.4e+38 -3.4e+38 -3.4e+38 -3.4e+38 -3.4e+38 -3.4e+38 -3.4e+38 -3.4e+38 -3.4e+38
8.4 8.89 9.4 9.93 10.5 11 11.6 12.2 12.7 13.3 13.8 14.3 14.8 15.3 15.7 16 16.4 16.7 17 17.2 17.5 17.6 17.7 17.8 17.9 17.9 17.9 18 18 18 17.9 17.9 17.9 17.9 17.8 17.7 17.6 17.5 17.3 17.2 17.1 16.9 16.7 16.5 16.3 16.1 15.9 15.6 15.4 15.1 14.9 14.5 14.2 13.8 13.5 13 12.6 12.2 11.8 11.4 -3.4e+38 -3.4e+38 -3.4e+38 -3.4e+38 -3.4e+38 -3.4e+38 -3.4e+38 -3.4e+38 -3.4e+38 -3.4e+38 -3.4e+38
8.33 8.83 9.35 9.9 10.5 11 11.6 12.2 12.8 13.4 14 14.6 15.1 15.5 16 16.3 16.7 17 17.3 17.5 17.7 17.9 18 18 18.1 18.1 18.1 18.1 18.1 18.1 18.1 18.1 18 18 17.9 17.9 17.8 17.7 17.6 17.5 17.4 17.3 17.1 17 16.8 16.6 16.4 16.1 15.9 15.7 15.4 15.2 14.9 14.5 14.2 13.8 13.4 13 12.5 12.1 11.7 11.2 -3.4e+38 -3.4e+38 -3.4e+38 -3.4e+38 -3.4e+38 -3.4e+38 -3.4e+38 -3.4e+38 -3.4e+38
8.23 8.74 9.28 9.84 10.4 11 11.6 12.3 12.9 13.6 14.2 14.8 15.4 15.8 16.2 16.6 16.9 17.3 17.6 17.8 18 18.1 18.2 18.2 18.2 18.2 18.2 18.2 18.2 18.2 18.2 18.2 18.1 18.1 18.1 18 18 17.9 17.8 17.8 17.7 17.6 17.5 17.3 17.2 17 16.8 16.6 16.4 16.2 16 15.7 15.5 15.2 14.8 14.5 14.1 13.7 13.3 12.8 12.4 11.9 11.4 -3.4e+38 -3.4e+38 -3.4e+38 -3.4e+38 -3.4e+38 -3.4e+38 -3.4e+38 -3.4e+38
8.1 8.62 9.17 9.75 10.3 11 11.6 12.3 13 13.7 14.4 15 15.6 16 16.4 16.8 17.2 17.5 17.8 18.1 18.3 18.4 18.4 18.4 18.4 18.3 18.3 18.3 18.2 18.2 18.2 18.2 18.2 18.2 18.1 18.1 18.1 18.1 18 18 18 17.9 17.8 17.7 17.5 17.4 17.2 17 16.8 16.7 16.5 16.3 16 15.7 15.4 15.1 14.7 14.3 13.9 13.5 13.1 12.6 12.1 -3.4e+38 -3.4e+38 -3.4e+38 -3.4e+38 -3.4e+38 -3.4e+38 -3.4e+38 -3.4e+38
7.95 8.47 9.03 9.62 10.2 10.9 11.5 12.2 13 13.8 14.5 15.3 15.8 16.2 16.6 16.9 17.3 17.7 18.1 18.4 18.6 18.7 18.7 18.6 18.5 18.4 18.3 18.3 18.2 18.2 18.2 18.2 18.2 18.2 18.2 18.2 18.2 18.2 18.2 18.2 18.2 18.2 18.1 18 17.8 17.7 17.5 17.4 17.2 17.1 16.9 16.7 16.5 16.3 16 15.7 15.3 14.9 14.5 14.1 13.7 13.3 12.8 12.3 -3.4e+38 -3.4e+38 -3.4e+38 -3.4e+38 -3.4e+38 -3.4e+38 -3.4e+38
7.76 8.29 8.85 9.44 10.1 10.7 11.4 12.1 12.9 13.7 14.6 15.4 15.8 16.2 16.6 17 17.3 17.8 18.2 18.7 19 19 18.9 18.6 18.5 18.4 18.3 18.2 18.2 18.1 18.1 18.1 18.1 18.1 18.1 18.1 18.2 18.2 18.3 18.3 18.4 18.4 18.3 18.2 18.1 17.9 17.8 17.6 17.5 17.4 17.2 17.1 16.9 16.7 16.5 16.2 15.9 15.5 15.1 14.7 14.3 13.9 13.5 13 12.4 -3.4e+38 -3.4e+38 -3.4e+38 -3.4e+38 -3.4e+38 -3.4e+38
7.54 8.07 8.64 9.23 9.86 10.5 11.2 11.9 12.7 13.5 14.3 15.1 15.6 16.1 16.5 16.9 17.3 17.7 18.2 18.8 19.5 19.3 18.9 18.6 18.4 18.3 18.2 18.1 18 18 18 18 18 18 18 18.1 18.1 18.2 18.3 18.4 18.5 18.6 18.6 18.4 18.2 18.1 18 17.8 17.7 17.6 17.5 17.4 17.3 17.1 16.9 16.7 16.4 16.1 15.7 15.3 14.9 14.5 14.1 13.6 13.1 -3.4e+38 -3.4e+38 -3.4e+38 -3.4e+38 -3.4e+38 -3.4e+38
7.31 7.83 8.39 8.99 9.61 10.3 11 11.7 12.4 13.2 14 14.7 15.3 15.8 16.2 16.7 17.1 17.5 18.1 18.6 19.2 19.1 18.7 18.4 18.2 18.1 18 17.9 17.9 17.8 17.8 17.8 17.9 17.9 17.9 18 18 18.1 18.2 18.4 18.5 18.6 18.6 18.5 18.3 18.2 18.1 18 17.9 17.8 17.7 17.6 17.5 17.4 17.2 17.1 16.8 16.5 16.2 15.9 15.5 15 14.6 14.2 13.7 13.2 12.7 12.2 11.7 11.2 10.7
7.04 7.56 8.12 8.71 9.33 9.99 10.7 11.4 12.1 12.9 13.6 14.3 14.9 15.4 15.9 16.4 16.8 17.2 17.7 18.1 18.4 18.5 18.3 18.1 17.9 17.8 17.7 17.7 17.6 17.6 17.6 17.6 17.7 17.7 17.8 17.8 17.9 18 18.1 18.2 18.3 18.4 18.5 18.4 18.3 18.2 18.1 18.1 18 17.9 17.9 17.8 17.7 17.6 17.5 17.4 17.2 16.9 16.7 16.4 16 15.6 15.2 14.8 14.3 13.8 13.3 12.8 12.4 11.9 11.4
6.76 7.27 7.82 8.4 9.02 9.66 10.3 11 11.8 12.5 13.2 13.9 14.5 15.1 15.6 16 16.4 16.8 17.2 17.5 17.7 17.8 17.8 17.7 17.6 17.5 17.4 17.4 17.4 17.4 17.4 17.4 17.4 17.5 17.6 17.6 17.7 17.8 17.9 18 18.1 18.2 18.3 18.3 18.2 18.2 18.2 18.1 18 18 18 17.9 17.9 17.8 17.7 17.6 17.5 17.3 17.1 16.8 16.5 16.1 15.8 15.4 14.9 14.5 14 13.5 13 12.5 12
6.45 6.95 7.49 8.06 8.67 9.3 9.96 10.6 11.3 12 12.7 13.4 14.1 14.6 15.1 15.6 16 16.4 16.7 16.9 17.1 17.2 17.3 17.2 17.2 17.1 17.1 17 17 17.1 17.1 17.1 17.2 17.2 17.3 17.4 17.5 17.6 17.7 17.8 17.9 18 18 18.1 18.1 18.1 18.1 18.1 18 18 18 18 18 17.9 17.9 17.8 17.7 17.6 17.4 17.2 16.9 16.6 16.3 15.9 15.5 15.1 14.7 14.2 13.8 13.3 12.8
6.12 6.61 7.14 7.7 8.29 8.91 9.55 10.2 10.9 11.6 12.3 13 13.7 14.2 14.7 15.2 15.5 15.9 16.2 16.4 16.6 16.7 16.7 16.7 16.7 16.7 16.7 16.7 16.7 16.7 16.8 16.8 16.9 16.9 17 17.1 17.2 17.3 17.4 17.5 17.6 17.7 17.8 17.8 17.9 17.9 18 18 18 18 18 18 18 18 18 18 17.9 17.8 17.6 17.5 17.3 17 16.7 16.4 16.1 15.7 15.4 15 14.5 14.1 13.6
5.77 6.24 6.75 7.29 7.86 8.46 9.09 9.75 10.4 11.1 11.9 12.6 13.2 13.8 14.3 14.7 15 15.3 15.6 15.8 16 16.1 16.2 16.2 16.3 16.3 16.3 16.3 16.3 16.4 16.4 16.5 16.5 16.6 16.7 16.8 16.9 17 17.1 17.2 17.3 17.4 17.5 17.6 17.7 17.7 17.8 17.8 17.9 18 18 18 18 18.1 18.1 18 18 17.9 17.8 17.7 17.5 17.3 17.1 16.8 16.6 16.3 15.9 15.6 15.2 14.8 14.4
5.42 5.87 6.35 6.86 7.41 7.99 8.61 9.25 9.95 10.7 11.4 12.1 12.8 13.4 13.8 14.2 14.5 14.8 15.1 15.3 15.5 15.6 15.7 15.7 15.8 15.8 15.8 15.9 15.9 16 16 16.1 16.2 16.3 16.4 16.4 16.5 16.6 16.8 16.9 17 17.1 17.2 17.3 17.4 17.5 17.6 17.7 17.8 17.9 17.9 18 18 18.1 18.1 18.1 18.1 18.1 18 17.9 17.8 17.6 17.4 17.2 17 16.8 16.5 16.2 15.8 15.5 15.1
5.05 5.47 5.92 6.41 6.93 7.49 8.1 8.74 9.43 10.1 10.9 11.7 12.4 12.9 13.3 13.7 13.9 14.2 14.5 14.7 14.9 15 15.1 15.2 15.3 15.4 15.4 15.5 15.5 15.6 15.6 15.7 15.8 15.9 16 16.1 16.2 16.3 16.4 16.5 16.6 16.8 16.9 17 17.1 17.2 17.4 17.5 17.6 17.7 17.8 17.9 18 18 18.1 18.1 18.1 18.1 18.1 18.1 18 17.8 17.7 17.5 17.4 17.2 16.9 16.7 16.4 16.1 15.7
4.67 5.06 5.48 5.94 6.44 6.98 7.57 8.2 8.88 9.58 10.3 11.1 11.9 12.4 12.8 13.1 13.3 13.6 13.9 14.1 14.3 14.4 14.6 14.7 14.8 14.9 15 15 15.1 15.2 15.2 15.3 15.4 15.5 15.6 15.7 15.8 15.9 16 16.2 16.3 16.4 16.5 16.7 16.8 17 17.1 17.3 17.4 17.5 17.7 17.8 17.9 18 18 18.1 18.1 18.2 18.2 18.2 18.1 18.1 18 17.8 17.7 17.5 17.3 17.1 16.9 16.6 16.3
4.29 4.65 5.04 5.47 5.94 6.46 7.03 7.64 8.29 8.97 9.7 10.5 11.2 11.7 12.1 12.4 12.7 13 13.2 13.4 13.6 13.8 14 14.1 14.3 14.4 14.5 14.6 14.6 14.7 14.8 14.9 15 15.1 15.2 15.3 15.4 15.5 15.7 15.8 15.9 16.1 16.2 16.4 16.5 16.7 16.9 17 17.2 17.4 17.5 17.6 17.8 17.9 18 18.1 18.2 18.2 18.3 18.3 18.3 18.2 18.2 18.1 18 17.9 17.7 17.5 17.3 17.1 16.8
3.92 4.24 4.59 4.99 5.43 5.93 6.48 7.06 7.68 8.32 8.99 9.68 10.3 10.8 11.3 11.6 12 12.3 12.5 12.8 13 13.2 13.4 13.6 13.7 13.8 14 14.1 14.2 14.3 14.4 14.5 14.6 14.7 14.8 14.9 15 15.1 15.3 15.4 15.6 15.7 15.9 16 16.2 16.4 16.6 16.8 17 17.2 17.3 17.5 17.7 17.8 18 18.1 18.2 18.3 18.4 18.4 18.4 18.4 18.4 18.3 18.3 18.2 18 17.9 17.7 17.5 17.3
3.55 3.83 4.14 4.51 4.93 5.4 5.92 6.47 7.05 7.65 8.28 8.89 9.46 9.99 10.5 10.9 11.2 11.6 11.9 12.1 12.3 12.6 12.8 13 13.1 13.3 13.4 13.6 13.7 13.8 13.9 14 14.1 14.2 14.4 14.5 14.6 14.7 14.9 15 15.2 15.3 15.5 15.7 15.9 16.1 16.3 16.5 16.8 17 17.2 17.4 17.6 17.7 17.9 18.1 18.2 18.4 18.5 18.6 18.6 18.6 18.6 18.6 18.5 18.4 18.3 18.2 18.1 17.9 17.7
3.18 3.42 3.7 4.04 4.43 4.87 5.37 5.88 6.44 7 7.58 8.14 8.69 9.19 9.66 10.1 10.5 10.8 11.1 11.4 11.7 11.9 12.2 12.4 12.6 12.7 12.9 13.1 13.2 13.4 13.5 13.6 13.7 13.8 13.9 14.1 14.2 14.3 14.5 14.6 14.8 15 15.2 15.4 15.6 15.8 16 16.3 16.5 16.8 17 17.2 17.5 17.7 17.9 18.1 18.3 18.5 18.6 18.7 18.8 18.9 18.9 18.9 18.8 18.8 18.7 18.6 18.4 18.3 18.1
2.84 3.03 3.27 3.57 3.95 4.37 4.84 5.33 5.85 6.38 6.91 7.43 7.94 8.43 8.89 9.32 9.73 10.1 10.4 10.7 11 11.3 11.5 11.7 12 12.2 12.4 12.5 12.7 12.8 13 13.1 13.2 13.4 13.5 13.6 13.8 13.9 14.1 14.3 14.4 14.6 14.8 15 15.3 15.5 15.8 16 16.3 16.6 16.8 17.1 17.4 17.6 17.9 18.1 18.3 18.5 18.7 18.9 19 19.1 19.2 19.2 19.2 19.2 19.1 19 18.8 18.7 18.5
2.54 2.68 2.86 3.14 3.51 3.92 4.36 4.82 5.31 5.79 6.29 6.78 7.26 7.72 8.17 8.6 9.01 9.38 9.73 10 10.3 10.6 10.9 11.1 11.4 11.6 11.8 12 12.2 12.3 12.5 12.6 12.8 12.9 13.1 13.2 13.4 13.5 13.7 13.9 14.1 14.3 14.5 14.7 15 15.3 15.5 15.8 16.1 16.4 16.7 17 17.3 17.6 17.8 18.1 18.4 18.6 18.8 19 19.2 19.3 19.5 19.5 19.6 19.6 19.5 19.4 19.3 19.2 19
2.28 2.39 2.5 2.76 3.13 3.52 3.93 4.36 4.81 5.25 5.72 6.17 6.62 7.06 7.5 7.92 8.32 8.69 9.05 9.37 9.69 9.98 10.3 10.5 10.8 11 11.2 11.4 11.6 11.8 12 12.2 12.3 12.5 12.6 12.8 12.9 13.1 13.3 13.5 13.7 13.9 14.2 14.4 14.7 15 15.3 15.6 15.9 16.2 16.5 16.9 17.2 17.5 17.8 18.1 18.4 18.7 19 19.2 19.4 19.6 19.7 19.8 19.9 20 19.9 19.9 19.8 19.7 19.6
2.07 2.18 2.31 2.53 2.84 3.19 3.56 3.95 4.36 4.77 5.2 5.62 6.05 6.47 6.88 7.29 7.67 8.04 8.39 8.72 9.04 9.34 9.64 9.91 10.2 10.4 10.7 10.9 11.1 11.3 11.5 11.7 11.8 12 12.2 12.4 12.5 12.7 12.9 13.2 13.4 13.6 13.9 14.1 14.4 14.7 15 15.4 15.7 16 16.4 16.8 17.1 17.5 17.8 18.2 18.5 18.8 19.1 19.4 19.6 19.9 20 20.2 20.3 20.4 20.4 20.4 20.3 20.2 20.1
1.9 2.01 2.15 2.35 2.6 2.9 3.23 3.58 3.95 4.33 4.72 5.11 5.52 5.91 6.31 6.69 7.06 7.42 7.76 8.08 8.4 8.72 9.03 9.31 9.6 9.85 10.1 10.3 10.6 10.8 11 11.2 11.4 11.6 11.8 11.9 12.1 12.4 12.6 12.8 13 13.3 13.6 13.8 14.1 14.5 14.8 15.2 15.5 15.9 16.3 16.6 17 17.4 17.8 18.2 18.6 18.9 19.3 19.6 19.9 20.1 20.4 20.6 20.7 20.8 20.9 20.9 20.8 20.7 20.6
1.75 1.86 2 2.18 2.4 2.65 2.94 3.25 3.58 3.92 4.28 4.64 5.02 5.39 5.76 6.13 6.49 6.83 7.17 7.49 7.81 8.12 8.43 8.72 9.02 9.29 9.56 9.81 10 10.3 10.5 10.7 10.9 11.1 11.3 11.5 11.8 12 12.2 12.5 12.7 13 13.3 13.6 13.9 14.2 14.6 15 15.4 15.7 16.2 16.6 17 17.4 17.8 18.2 18.7 19.1 19.4 19.8 20.1 20.5 20.7 21 21.2 21.3 21.4 21.4 21.4 21.3 21.2
