maui/input/month_year_rainfall/maui_prcp_09_2002.asc
ncols        361
nrows        320
xllcorner    -156.738000000000
yllcorner    20.343000000000
cellsize     0.002250000000
NODATA_value -3.4028234663852885981e+38
[rows 124 to 154 of 320, columns 280 to 349 of 361]
12.3 12.3 12.3 12.3 12.2 12.2 12.1 12 11.9 11.7 11.6 11.4 11.3 11.1 10.9 10.7 10.5 10.3 10.1 9.86 9.61 9.37 9.11 8.83 8.56 8.27 7.97 7.65 7.32 6.98 6.61 6.24 5.87 5.49 5.13 4.77 4.43 4.1 3.83 3.62 3.43 3.25 3.09 2.95 2.83 2.72 2.61 2.52 2.43 2.35 2.28 2.21 -3.4e+38 -3.4e+38 -3.4e+38 -3.4e+38 -3.4e+38 -3.4e+38 -3.4e+38 -3.4e+38 -3.4e+38 -3.4e+38 -3.4e+38 -3.4e+38 -3.4e+38 -3.4e+38 -3.4e+38 -3.4e+38 -3.4e+38 -3.4e+38
12.8 12.8 12.7 12.7 12.6 12.6 12.5 12.4 12.3 12.2 12 11.9 11.7 11.6 11.4 11.2 11 10.8 10.6 10.4 10.1 9.86 9.59 9.3 9 8.69 8.37 8.04 7.7 7.35 6.98 6.6 6.21 5.82 5.44 5.06 4.7 4.37 4.08 3.84 3.62 3.42 3.24 3.08 2.93 2.8 2.68 2.57 2.47 2.38 2.3 2.22 2.16 -3.4e+38 -3.4e+38 -3.4e+38 -3.4e+38 -3.4e+38 -3.4e+38 -3.4e+38 -3.4e+38 -3.4e+38 -3.4e+38 -3.4e+38 -3.4e+38 -3.4e+38 -3.4e+38 -3.4e+38 -3.4e+38 -3.4e+38
13.2 13.2 13.1 13.1 13.1 13 12.9 12.8 12.7 12.6 12.4 12.3 12.2 12 11.8 11.7 11.5 11.3 11.1 10.9 10.6 10.4 10.1 9.78 9.46 9.13 8.79 8.44 8.09 7.73 7.35 6.96 6.56 6.16 5.76 5.37 5 4.66 4.35 4.08 3.83 3.61 3.4 3.21 3.04 2.89 2.76 2.63 2.52 2.42 2.32 2.24 2.17 2.1 -3.4e+38 -3.4e+38 -3.4e+38 -3.4e+38 -3.4e+38 -3.4e+38 -3.4e+38 -3.4e+38 -3.4e+38 -3.4e+38 -3.4e+38 -3.4e+38 -3.4e+38 -3.4e+38 -3.4e+38 -3.4e+38
13.5 13.5 13.5 13.5 13.5 13.4 13.4 13.3 13.2 13 12.9 12.8 12.6 12.5 12.3 12.1 11.9 11.8 11.6 11.4 11.1 10.9 10.6 10.3 9.97 9.62 9.26 8.88 8.5 8.11 7.71 7.32 6.91 6.51 6.1 5.7 5.31 4.95 4.62 4.32 4.05 3.8 3.57 3.36 3.16 2.99 2.84 2.7 2.57 2.46 2.35 2.26 2.18 2.11 2.05 -3.4e+38 -3.4e+38 -3.4e+38 -3.4e+38 -3.4e+38 -3.4e+38 -3.4e+38 -3.4e+38 -3.4e+38 -3.4e+38 -3.4e+38 -3.4e+38 -3.4e+38 -3.4e+38 -3.4e+38
13.7 13.8 13.8 13.8 13.8 13.8 13.8 13.7 13.6 13.5 13.4 13.3 13.1 13 12.8 12.6 12.4 12.2 12 11.8 11.6 11.4 11.1 10.8 10.5 10.1 9.73 9.33 8.92 8.5 8.09 7.67 7.26 6.85 6.43 6.03 5.63 5.25 4.89 4.57 4.28 4 3.74 3.5 3.29 3.1 2.92 2.77 2.63 2.5 2.38 2.28 2.19 2.12 2.05 1.99 -3.4e+38 -3.4e+38 -3.4e+38 -3.4e+38 -3.4e+38 -3.4e+38 -3.4e+38 -3.4e+38 -3.4e+38 -3.4e+38 -3.4e+38 -3.4e+38 -3.4e+38 -3.4e+38
13.9 14 14.1 14.1 14.2 14.2 14.2 14.1 14.1 14 13.9 13.8 13.7 13.5 13.3 13.1 12.9 12.7 12.5 12.3 12.1 11.9 11.6 11.3 11 10.6 10.2 9.8 9.36 8.92 8.47 8.02 7.6 7.18 6.77 6.35 5.94 5.55 5.17 4.83 4.5 4.2 3.92 3.66 3.41 3.2 3.01 2.84 2.68 2.54 2.42 2.3 2.21 2.13 2.06 1.99 -3.4e+38 -3.4e+38 -3.4e+38 -3.4e+38 -3.4e+38 -3.4e+38 -3.4e+38 -3.4e+38 -3.4e+38 -3.4e+38 -3.4e+38 -3.4e+38 -3.4e+38 -3.4e+38
14 14.2 14.3 14.4 14.5 14.5 14.5 14.5 14.5 14.4 14.4 14.3 14.2 14 13.9 13.7 13.5 13.3 13.1 12.9 12.6 12.4 12.1 11.8 11.5 11.1 10.7 10.3 9.8 9.34 8.86 8.39 7.95 7.51 7.09 6.67 6.25 5.84 5.44 5.07 4.73 4.4 4.09 3.81 3.54 3.31 3.1 2.91 2.74 2.59 2.45 2.33 2.23 2.14 2.06 2 -3.4e+38 -3.4e+38 -3.4e+38 -3.4e+38 -3.4e+38 -3.4e+38 -3.4e+38 -3.4e+38 -3.4e+38 -3.4e+38 -3.4e+38 -3.4e+38 -3.4e+38 -3.4e+38
14.1 14.3 14.4 14.6 14.7 14.8 14.8 14.9 14.9 14.8 14.8 14.7 14.6 14.5 14.4 14.2 14 13.9 13.7 13.4 13.2 12.9 12.6 12.3 12 11.6 11.2 10.7 10.2 9.75 9.25 8.77 8.3 7.84 7.41 6.98 6.55 6.13 5.71 5.32 4.95 4.6 4.26 3.95 3.67 3.41 3.18 2.98 2.8 2.63 2.48 2.35 2.24 2.15 2.07 2 1.94 1.89 -3.4e+38 -3.4e+38 -3.4e+38 -3.4e+38 -3.4e+38 -3.4e+38 -3.4e+38 -3.4e+38 -3.4e+38 -3.4e+38 -3.4e+38 -3.4e+38
14.1 14.4 14.6 14.8 14.9 15 15.1 15.2 15.2 15.2 15.2 15.1 15.1 15 14.9 14.7 14.6 14.4 14.2 14 13.7 13.5 13.2 12.9 12.5 12.1 11.6 11.1 10.6 10.1 9.63 9.14 8.65 8.18 7.73 7.28 6.84 6.4 5.97 5.55 5.15 4.78 4.43 4.09 3.78 3.51 3.26 3.05 2.85 2.67 2.52 2.38 2.26 2.16 2.07 2 1.94 1.89 -3.4e+38 -3.4e+38 -3.4e+38 -3.4e+38 -3.4e+38 -3.4e+38 -3.4e+38 -3.4e+38 -3.4e+38 -3.4e+38 -3.4e+38 -3.4e+38
14.2 14.4 14.7 14.9 15.1 15.2 15.4 15.5 15.5 15.6 15.6 15.5 15.5 15.4 15.3 15.2 15 14.9 14.7 14.5 14.2 14 13.7 13.4 13 12.5 12 11.5 11 10.5 9.99 9.49 8.99 8.51 8.04 7.57 7.12 6.67 6.22 5.78 5.35 4.96 4.58 4.23 3.89 3.6 3.34 3.11 2.9 2.71 2.54 2.39 2.27 2.16 2.07 2 1.94 1.89 -3.4e+38 -3.4e+38 -3.4e+38 -3.4e+38 -3.4e+38 -3.4e+38 -3.4e+38 -3.4e+38 -3.4e+38 -3.4e+38 -3.4e+38 -3.4e+38
14 14.4 14.7 15 15.2 15.4 15.6 15.7 15.8 15.9 15.9 15.9 15.8 15.8 15.7 15.6 15.5 15.3 15.1 14.9 14.7 14.4 14.2 13.9 13.5 12.9 12.4 11.9 11.4 10.9 10.3 9.81 9.31 8.82 8.34 7.87 7.4 6.93 6.46 6 5.54 5.12 4.72 4.34 3.99 3.69 3.41 3.16 2.94 2.74 2.57 2.41 2.28 2.16 2.07 -3.4e+38 -3.4e+38 -3.4e+38 -3.4e+38 -3.4e+38 -3.4e+38 -3.4e+38 -3.4e+38 -3.4e+38 -3.4e+38 -3.4e+38 -3.4e+38 -3.4e+38 -3.4e+38 -3.4e+38
13.9 14.3 14.6 15 15.3 15.5 15.8 15.9 16 16.1 16.2 16.2 16.2 16.1 16.1 16 15.8 15.7 15.5 15.3 15 14.8 14.5 14.2 13.7 13.2 12.7 12.2 11.7 11.2 10.6 10.1 9.6 9.1 8.63 8.15 7.67 7.19 6.69 6.2 5.71 5.26 4.83 4.44 4.08 3.76 3.46 3.2 2.97 2.77 2.58 2.42 2.28 2.16 2.07 1.99 1.93 1.88 -3.4e+38 -3.4e+38 -3.4e+38 -3.4e+38 -3.4e+38 -3.4e+38 -3.4e+38 -3.4e+38 -3.4e+38 -3.4e+38 -3.4e+38 -3.4e+38
13.6 14.1 14.5 14.8 15.2 15.5 15.8 16 16.2 16.3 16.4 16.4 16.5 16.4 16.4 16.3 16.1 16 15.8 15.6 15.3 15.1 14.8 14.4 14 13.5 13 12.5 11.9 11.4 10.9 10.3 9.83 9.34 8.86 8.4 7.93 7.44 6.9 6.37 5.85 5.37 4.93 4.52 4.15 3.81 3.51 3.24 3 2.79 2.6 2.43 2.28 2.15 2.06 1.98 1.92 1.87 -3.4e+38 -3.4e+38 -3.4e+38 -3.4e+38 -3.4e+38 -3.4e+38 -3.4e+38 -3.4e+38 -3.4e+38 -3.4e+38 -3.4e+38 -3.4e+38
13.4 13.8 14.3 14.7 15.1 15.4 15.8 16 16.2 16.4 16.5 16.6 16.7 16.7 16.6 16.5 16.4 16.2 16.1 15.8 15.6 15.3 15 14.6 14.2 13.7 13.2 12.7 12.2 11.6 11.1 10.5 10 9.52 9.05 8.6 8.16 7.68 7.08 6.5 5.95 5.46 5 4.58 4.2 3.86 3.55 3.27 3.02 2.8 2.6 2.43 2.27 2.14 2.05 1.97 1.91 1.86 -3.4e+38 -3.4e+38 -3.4e+38 -3.4e+38 -3.4e+38 -3.4e+38 -3.4e+38 -3.4e+38 -3.4e+38 -3.4e+38 -3.4e+38 -3.4e+38
13.1 13.6 14 14.5 14.9 15.3 15.6 16 16.2 16.4 16.6 16.7 16.8 16.8 16.8 16.7 16.6 16.5 16.3 16.1 15.8 15.5 15.2 14.8 14.4 13.9 13.4 12.9 12.3 11.8 11.2 10.7 10.2 9.65 9.17 8.71 8.28 7.83 7.17 6.56 6 5.5 5.03 4.62 4.23 3.88 3.57 3.29 3.04 2.81 2.61 2.43 2.27 2.13 2.03 1.96 1.9 1.85 -3.4e+38 -3.4e+38 -3.4e+38 -3.4e+38 -3.4e+38 -3.4e+38 -3.4e+38 -3.4e+38 -3.4e+38 -3.4e+38 -3.4e+38 -3.4e+38
12.8 13.3 13.8 14.3 14.7 15.2 15.5 15.9 16.1 16.4 16.6 16.7 16.8 16.8 16.8 16.8 16.7 16.6 16.4 16.2 15.9 15.6 15.3 14.9 14.5 14.1 13.6 13 12.5 11.9 11.4 10.8 10.2 9.72 9.21 8.72 8.24 7.73 7.13 6.55 5.99 5.5 5.04 4.62 4.24 3.9 3.58 3.3 3.04 2.82 2.61 2.43 2.26 2.12 2.03 1.96 1.9 -3.4e+38 -3.4e+38 -3.4e+38 -3.4e+38 -3.4e+38 -3.4e+38 -3.4e+38 -3.4e+38 -3.4e+38 -3.4e+38 -3.4e+38 -3.4e+38 -3.4e+38
12.4 13 13.5 14 14.5 15 15.4 15.7 16 16.3 16.5 16.7 16.8 16.8 16.8 16.8 16.7 16.6 16.4 16.2 16 15.7 15.4 15 14.6 14.1 13.6 13.1 12.6 12 11.4 10.8 10.3 9.72 9.19 8.66 8.13 7.59 7.02 6.47 5.93 5.46 5.01 4.61 4.23 3.89 3.58 3.3 3.05 2.82 2.62 2.44 2.27 2.14 2.04 1.96 1.9 -3.4e+38 -3.4e+38 -3.4e+38 -3.4e+38 -3.4e+38 -3.4e+38 -3.4e+38 -3.4e+38 -3.4e+38 -3.4e+38 -3.4e+38 -3.4e+38 -3.4e+38
12.1 12.7 13.2 13.8 14.3 14.8 15.2 15.6 15.9 16.2 16.4 16.6 16.7 16.7 16.7 16.7 16.7 16.5 16.4 16.2 16 15.7 15.4 15 14.6 14.2 13.7 13.1 12.6 12 11.4 10.8 10.3 9.67 9.1 8.54 7.99 7.44 6.88 6.36 5.84 5.39 4.96 4.57 4.2 3.87 3.56 3.29 3.04 2.82 2.62 2.44 2.29 2.15 2.05 1.97 -3.4e+38 -3.4e+38 -3.4e+38 -3.4e+38 -3.4e+38 -3.4e+38 -3.4e+38 -3.4e+38 -3.4e+38 -3.4e+38 -3.4e+38 -3.4e+38 -3.4e+38 -3.4e+38
11.7 12.3 12.9 13.5 14.1 14.6 15 15.4 15.8 16.1 16.3 16.5 16.6 16.7 16.7 16.6 16.6 16.4 16.3 16.1 15.9 15.7 15.4 15 14.6 14.2 13.7 13.1 12.6 12 11.4 10.8 10.2 9.56 8.97 8.4 7.84 7.29 6.74 6.23 5.73 5.3 4.89 4.51 4.16 3.84 3.54 3.27 3.03 2.81 2.62 2.44 2.29 2.16 2.06 1.97 1.9 -3.4e+38 -3.4e+38 -3.4e+38 -3.4e+38 -3.4e+38 -3.4e+38 -3.4e+38 -3.4e+38 -3.4e+38 -3.4e+38 -3.4e+38 -3.4e+38 -3.4e+38
11.3 12 12.6 13.2 13.8 14.4 14.8 15.3 15.6 15.9 16.2 16.3 16.5 16.5 16.5 16.5 16.4 16.3 16.2 16 15.8 15.5 15.2 14.9 14.5 14.1 13.6 13 12.5 11.9 11.3 10.7 10 9.41 8.8 8.21 7.65 7.11 6.57 6.08 5.59 5.18 4.79 4.43 4.09 3.79 3.5 3.24 3.01 2.8 2.61 2.44 2.29 2.17 2.06 1.97 1.9 -3.4e+38 -3.4e+38 -3.4e+38 -3.4e+38 -3.4e+38 -3.4e+38 -3.4e+38 -3.4e+38 -3.4e+38 -3.4e+38 -3.4e+38 -3.4e+38 -3.4e+38
10.9 11.6 12.3 12.9 13.5 14.1 14.6 15.1 15.4 15.8 16 16.2 16.3 16.4 16.4 16.3 16.3 16.1 16 15.8 15.6 15.4 15.1 14.8 14.4 13.9 13.4 12.9 12.3 11.7 11.1 10.5 9.86 9.22 8.6 8.01 7.45 6.92 6.4 5.92 5.45 5.05 4.68 4.34 4.02 3.72 3.45 3.21 2.98 2.78 2.6 2.43 2.29 2.16 2.06 1.97 1.89 -3.4e+38 -3.4e+38 -3.4e+38 -3.4e+38 -3.4e+38 -3.4e+38 -3.4e+38 -3.4e+38 -3.4e+38 -3.4e+38 -3.4e+38 -3.4e+38 -3.4e+38
10.5 11.2 11.9 12.6 13.3 13.9 14.4 14.8 15.2 15.6 15.8 16 16.1 16.2 16.2 16.1 16.1 15.9 15.8 15.6 15.4 15.2 14.9 14.6 14.2 13.7 13.2 12.7 12.1 11.5 10.9 10.3 9.63 8.99 8.37 7.78 7.22 6.7 6.2 5.74 5.28 4.91 4.56 4.23 3.93 3.65 3.39 3.16 2.95 2.75 2.57 2.41 2.27 2.15 2.05 1.96 -3.4e+38 -3.4e+38 -3.4e+38 -3.4e+38 -3.4e+38 -3.4e+38 -3.4e+38 -3.4e+38 -3.4e+38 -3.4e+38 -3.4e+38 -3.4e+38 -3.4e+38 -3.4e+38
10.1 10.9 11.6 12.4 13 13.7 14.2 14.7 15 15.3 15.6 15.8 15.9 16 16 15.9 15.8 15.7 15.5 15.4 15.1 14.9 14.7 14.4 14 13.5 13 12.4 11.8 11.3 10.7 10.1 9.39 8.73 8.12 7.54 6.99 6.48 6 5.55 5.11 4.76 4.42 4.12 3.83 3.57 3.33 3.11 2.9 2.72 2.55 2.39 2.26 2.13 2.03 1.95 -3.4e+38 -3.4e+38 -3.4e+38 -3.4e+38 -3.4e+38 -3.4e+38 -3.4e+38 -3.4e+38 -3.4e+38 -3.4e+38 -3.4e+38 -3.4e+38 -3.4e+38 -3.4e+38
9.78 10.5 11.3 12.1 12.8 13.5 14.1 14.5 14.8 15.1 15.3 15.5 15.6 15.7 15.7 15.6 15.6 15.4 15.3 15.1 14.9 14.6 14.4 14 13.6 13.2 12.6 12.1 11.5 10.9 10.3 9.73 9.07 8.42 7.82 7.25 6.72 6.23 5.77 5.34 4.94 4.6 4.29 4 3.73 3.48 3.25 3.04 2.85 2.67 2.51 2.36 2.23 2.11 2.02 -3.4e+38 -3.4e+38 -3.4e+38 -3.4e+38 -3.4e+38 -3.4e+38 -3.4e+38 -3.4e+38 -3.4e+38 -3.4e+38 -3.4e+38 -3.4e+38 -3.4e+38 -3.4e+38 -3.4e+38
9.44 10.2 11 11.8 12.6 13.3 14 14.4 14.7 14.9 15.1 15.2 15.4 15.4 15.4 15.4 15.3 15.1 15 14.8 14.6 14.3 14 13.7 13.3 12.8 12.3 11.8 11.2 10.6 10 9.4 8.74 8.1 7.51 6.96 6.45 5.98 5.54 5.14 4.76 4.44 4.14 3.87 3.62 3.39 3.17 2.97 2.79 2.62 2.47 2.32 2.2 2.09 1.99 1.91 -3.4e+38 -3.4e+38 -3.4e+38 -3.4e+38 -3.4e+38 -3.4e+38 -3.4e+38 -3.4e+38 -3.4e+38 -3.4e+38 -3.4e+38 -3.4e+38 -3.4e+38 -3.4e+38
9.12 9.89 10.7 11.5 12.3 13.1 13.9 14.4 14.4 14.6 14.8 14.9 15.1 15.1 15.1 15.1 15 14.8 14.7 14.5 14.2 14 13.7 13.3 12.9 12.4 11.9 11.4 10.8 10.2 9.62 9 8.36 7.74 7.18 6.65 6.17 5.72 5.3 4.92 4.57 4.28 4 3.74 3.5 3.29 3.08 2.9 2.72 2.57 2.42 2.28 2.16 2.06 1.97 1.89 1.83 -3.4e+38 -3.4e+38 -3.4e+38 -3.4e+38 -3.4e+38 -3.4e+38 -3.4e+38 -3.4e+38 -3.4e+38 -3.4e+38 -3.4e+38 -3.4e+38 -3.4e+38
8.81 9.56 10.3 11.1 11.9 12.7 13.4 13.9 14.1 14.3 14.5 14.6 14.7 14.8 14.8 14.7 14.6 14.5 14.3 14.1 13.9 13.6 13.3 12.9 12.5 12 11.5 11 10.4 9.83 9.21 8.59 7.97 7.38 6.84 6.34 5.88 5.46 5.06 4.71 4.38 4.11 3.85 3.61 3.39 3.18 2.99 2.82 2.66 2.51 2.37 2.24 2.13 2.02 1.94 1.87 -3.4e+38 -3.4e+38 -3.4e+38 -3.4e+38 -3.4e+38 -3.4e+38 -3.4e+38 -3.4e+38 -3.4e+38 -3.4e+38 -3.4e+38 -3.4e+38 -3.4e+38 -3.4e+38
8.52 9.25 10 10.8 11.5 12.2 12.8 13.3 13.6 13.9 14.1 14.3 14.4 14.4 14.5 14.4 14.3 14.2 14 13.8 13.6 13.3 12.9 12.5 12.1 11.6 11.1 10.6 9.98 9.4 8.76 8.14 7.54 6.98 6.49 6.03 5.6 5.2 4.82 4.5 4.2 3.94 3.7 3.48 3.27 3.08 2.9 2.74 2.59 2.44 2.31 2.19 2.09 1.99 1.91 1.84 -3.4e+38 -3.4e+38 -3.4e+38 -3.4e+38 -3.4e+38 -3.4e+38 -3.4e+38 -3.4e+38 -3.4e+38 -3.4e+38 -3.4e+38 -3.4e+38 -3.4e+38 -3.4e+38
8.24 8.95 9.67 10.4 11.1 11.7 12.3 12.8 13.2 13.5 13.7 13.9 14 14.1 14.1 14.1 14 13.8 13.7 13.5 13.2 12.9 12.5 12.1 11.7 11.2 10.7 10.1 9.55 8.96 8.31 7.68 7.13 6.61 6.16 5.72 5.31 4.94 4.59 4.29 4.01 3.77 3.55 3.34 3.15 2.97 2.81 2.65 2.51 2.38 2.26 2.14 2.05 1.96 1.88 1.82 -3.4e+38 -3.4e+38 -3.4e+38 -3.4e+38 -3.4e+38 -3.4e+38 -3.4e+38 -3.4e+38 -3.4e+38 -3.4e+38 -3.4e+38 -3.4e+38 -3.4e+38 -3.4e+38
7.97 8.66 9.35 10 10.7 11.3 11.9 12.4 12.7 13.1 13.3 13.5 13.7 13.7 13.8 13.7 13.6 13.5 13.3 13.1 12.8 12.5 12.1 11.7 11.2 10.7 10.2 9.68 9.1 8.51 7.85 7.23 6.74 6.27 5.83 5.42 5.03 4.68 4.35 4.08 3.83 3.6 3.39 3.21 3.03 2.87 2.71 2.57 2.44 2.31 2.2 2.09 2.01 1.92 1.86 1.79 -3.4e+38 -3.4e+38 -3.4e+38 -3.4e+38 -3.4e+38 -3.4e+38 -3.4e+38 -3.4e+38 -3.4e+38 -3.4e+38 -3.4e+38 -3.4e+38 -3.4e+38 -3.4e+38
7.73 8.39 9.05 9.71 10.3 10.9 11.5 12 12.4 12.7 13 13.2 13.3 13.4 13.4 13.4 13.3 13.1 13 12.7 12.4 12.1 11.7 11.2 10.8 10.3 9.77 9.24 8.64 8.04 7.42 6.83 6.37 5.93 5.52 5.13 4.76 4.43 4.13 3.88 3.65 3.44 3.25 3.07 2.91 2.76 2.62 2.49 2.36 2.25 2.14 2.05 1.97 1.89 -3.4e+38 -3.4e+38 -3.4e+38 -3.4e+38 -3.4e+38 -3.4e+38 -3.4e+38 -3.4e+38 -3.4e+38 -3.4e+38 -3.4e+38 -3.4e+38 -3.4e+38 -3.4e+38 -3.4e+38 -3.4e+38
