maui/input/month_year_rainfall/maui_prcp_11_2002.asc
ncols        361
nrows        320
xllcorner    -156.738000000000
yllcorner    20.343000000000
cellsize     0.002250000000
NODATA_value -3.4028234663852885981e+38
[rows 217 to 247 of 320, columns 0 to 70 of 361]
-3.4e+38 -3.4e+38 -3.4e+38 -3.4e+38 -3.4e+38 -3.4e+38 -3.4e+38 -3.4e+38 -3.4e+38 -3.4e+38 -3.4e+38 -3.4e+38 -3.4e+38 -3.4e+38 -3.4e+38 -3.4e+38 -3.4e+38 -3.4e+38 -3.4e+38 -3.4e+38 -3.4e+38 -3.4e+38 -3.4e+38 -3.4e+38 -3.4e+38 -3.4e+38 -3.4e+38 -3.4e+38 -3.4e+38 -3.4e+38 -3.4e+38 -3.4e+38 -3.4e+38 -3.4e+38 -3.4e+38 -3.4e+38 -3.4e+38 -3.4e+38 -3.4e+38 -3.4e+38 -3.4e+38 -3.4e+38 -3.4e+38 -3.4e+38 -3.4e+38 0.539 0.54 0.542 0.543 0.544 0.546 0.548 0.55 0.552 0.555 0.559 0.562 0.566 0.57 0.574 0.579 0.584 0.588 0.593 0.598 0.602 0.605 0.608 0.61 0.61 0.61
-3.4e+38 -3.4e+38 -3.4e+38 -3.4e+38 -3.4e+38 -3.4e+38 -3.4e+38 -3.4e+38 -3.4e+38 -3.4e+38 -3.4e+38 -3.4e+38 -3.4e+38 -3.4e+38 -3.4e+38 -3.4e+38 -3.4e+38 -3.4e+38 -3.4e+38 -3.4e+38 -3.4e+38 -3.4e+38 -3.4e+38 -3.4e+38 -3.4e+38 -3.4e+38 -3.4e+38 -3.4e+38 -3.4e+38 -3.4e+38 -3.4e+38 -3.4e+38 -3.4e+38 -3.4e+38 -3.4e+38 -3.4e+38 -3.4e+38 -3.4e+38 -3.4e+38 -3.4e+38 -3.4e+38 -3.4e+38 -3.4e+38 -3.4e+38 0.545 0.546 0.547 0.548 0.55 0.551 0.552 0.554 0.556 0.559 0.562 0.565 0.569 0.572 0.576 0.581 0.586 0.591 0.595 0.6 0.604 0.608 0.612 0.614 0.616 0.616 0.615
-3.4e+38 -3.4e+38 -3.4e+38 -3.4e+38 -3.4e+38 -3.4e+38 -3.4e+38 -3.4e+38 -3.4e+38 -3.4e+38 -3.4e+38 -3.4e+38 -3.4e+38 -3.4e+38 -3.4e+38 -3.4e+38 -3.4e+38 -3.4e+38 -3.4e+38 -3.4e+38 -3.4e+38 -3.4e+38 -3.4e+38 -3.4e+38 -3.4e+38 -3.4e+38 -3.4e+38 -3.4e+38 -3.4e+38 -3.4e+38 -3.4e+38 -3.4e+38 -3.4e+38 -3.4e+38 -3.4e+38 -3.4e+38 -3.4e+38 -3.4e+38 -3.4e+38 -3.4e+38 -3.4e+38 -3.4e+38 0.55 0.551 0.551 0.552 0.554 0.555 0.556 0.558 0.559 0.561 0.563 0.565 0.568 0.572 0.575 0.579 0.583 0.587 0.592 0.597 0.601 0.606 0.61 0.614 0.617 0.619 0.621 0.621 0.62
-3.4e+38 -3.4e+38 -3.4e+38 -3.4e+38 -3.4e+38 -3.4e+38 -3.4e+38 -3.4e+38 -3.4e+38 -3.4e+38 -3.4e+38 -3.4e+38 -3.4e+38 -3.4e+38 -3.4e+38 -3.4e+38 -3.4e+38 -3.4e+38 -3.4e+38 -3.4e+38 -3.4e+38 -3.4e+38 -3.4e+38 -3.4e+38 -3.4e+38 -3.4e+38 -3.4e+38 -3.4e+38 -3.4e+38 -3.4e+38 -3.4e+38 -3.4e+38 -3.4e+38 -3.4e+38 -3.4e+38 -3.4e+38 -3.4e+38 -3.4e+38 -3.4e+38 -3.4e+38 -3.4e+38 0.557 0.558 0.558 0.558 0.559 0.56 0.561 0.563 0.564 0.566 0.567 0.57 0.572 0.575 0.578 0.582 0.585 0.589 0.593 0.598 0.603 0.607 0.611 0.615 0.619 0.622 0.624 0.625 0.624 0.623
-3.4e+38 -3.4e+38 -3.4e+38 -3.4e+38 -3.4e+38 -3.4e+38 -3.4e+38 -3.4e+38 -3.4e+38 -3.4e+38 -3.4e+38 -3.4e+38 -3.4e+38 -3.4e+38 -3.4e+38 -3.4e+38 -3.4e+38 -3.4e+38 -3.4e+38 -3.4e+38 -3.4e+38 -3.4e+38 -3.4e+38 -3.4e+38 -3.4e+38 -3.4e+38 -3.4e+38 -3.4e+38 -3.4e+38 -3.4e+38 -3.4e+38 -3.4e+38 -3.4e+38 -3.4e+38 -3.4e+38 -3.4e+38 -3.4e+38 -3.4e+38 -3.4e+38 0.565 0.565 0.565 0.565 0.565 0.566 0.566 0.567 0.568 0.569 0.571 0.572 0.574 0.576 0.579 0.581 0.584 0.588 0.591 0.595 0.599 0.603 0.608 0.612 0.616 0.62 0.623 0.625 0.627 0.628 0.627 0.625
-3.4e+38 -3.4e+38 -3.4e+38 -3.4e+38 -3.4e+38 -3.4e+38 -3.4e+38 -3.4e+38 -3.4e+38 -3.4e+38 -3.4e+38 -3.4e+38 -3.4e+38 -3.4e+38 -3.4e+38 -3.4e+38 -3.4e+38 -3.4e+38 -3.4e+38 -3.4e+38 -3.4e+38 -3.4e+38 -3.4e+38 -3.4e+38 -3.4e+38 -3.4e+38 -3.4e+38 -3.4e+38 -3.4e+38 -3.4e+38 -3.4e+38 -3.4e+38 -3.4e+38 -3.4e+38 0.574 0.573 0.573 0.573 0.572 0.572 0.572 0.573 0.573 0.573 0.573 0.573 0.574 0.575 0.576 0.577 0.579 0.581 0.583 0.585 0.587 0.59 0.594 0.597 0.601 0.604 0.608 0.612 0.616 0.62 0.623 0.626 0.629 0.63 0.63 0.629 0.627
-3.4e+38 -3.4e+38 -3.4e+38 -3.4e+38 -3.4e+38 -3.4e+38 -3.4e+38 -3.4e+38 -3.4e+38 -3.4e+38 -3.4e+38 -3.4e+38 -3.4e+38 -3.4e+38 -3.4e+38 -3.4e+38 -3.4e+38 -3.4e+38 -3.4e+38 -3.4e+38 -3.4e+38 -3.4e+38 -3.4e+38 -3.4e+38 -3.4e+38 -3.4e+38 -3.4e+38 -3.4e+38 -3.4e+38 -3.4e+38 -3.4e+38 -3.4e+38 0.584 0.583 0.582 0.581 0.581 0.58 0.58 0.58 0.58 0.58 0.58 0.58 0.58 0.581 0.581 0.582 0.583 0.584 0.585 0.587 0.589 0.591 0.594 0.596 0.599 0.602 0.606 0.609 0.613 0.616 0.62 0.623 0.627 0.629 0.631 0.632 0.632 0.63 0.628
-3.4e+38 -3.4e+38 -3.4e+38 -3.4e+38 -3.4e+38 -3.4e+38 -3.4e+38 -3.4e+38 -3.4e+38 -3.4e+38 -3.4e+38 -3.4e+38 -3.4e+38 -3.4e+38 -3.4e+38 -3.4e+38 -3.4e+38 -3.4e+38 -3.4e+38 -3.4e+38 -3.4e+38 -3.4e+38 -3.4e+38 -3.4e+38 -3.4e+38 -3.4e+38 -3.4e+38 0.599 0.597 0.596 0.595 0.594 0.592 0.591 0.59 0.589 0.588 0.588 0.588 0.587 0.587 0.587 0.587 0.587 0.587 0.588 0.588 0.589 0.59 0.591 0.592 0.593 0.595 0.597 0.599 0.602 0.604 0.607 0.61 0.613 0.617 0.62 0.623 0.626 0.629 0.631 0.633 0.633 0.632 0.63 0.628
-3.4e+38 -3.4e+38 -3.4e+38 -3.4e+38 -3.4e+38 -3.4e+38 -3.4e+38 -3.4e+38 -3.4e+38 -3.4e+38 -3.4e+38 -3.4e+38 -3.4e+38 -3.4e+38 -3.4e+38 -3.4e+38 -3.4e+38 -3.4e+38 -3.4e+38 -3.4e+38 -3.4e+38 -3.4e+38 -3.4e+38 -3.4e+38 -3.4e+38 -3.4e+38 0.607 0.606 0.605 0.603 0.602 0.601 0.6 0.599 0.597 0.596 0.596 0.595 0.595 0.595 0.594 0.594 0.594 0.595 0.595 0.595 0.595 0.596 0.596 0.597 0.598 0.599 0.601 0.603 0.605 0.607 0.609 0.612 0.615 0.617 0.62 0.623 0.626 0.629 0.631 0.632 0.633 0.633 0.632 0.63 0.626
-3.4e+38 -3.4e+38 -3.4e+38 -3.4e+38 -3.4e+38 -3.4e+38 -3.4e+38 -3.4e+38 -3.4e+38 -3.4e+38 -3.4e+38 -3.4e+38 -3.4e+38 -3.4e+38 -3.4e+38 -3.4e+38 -3.4e+38 -3.4e+38 -3.4e+38 -3.4e+38 -3.4e+38 -3.4e+38 -3.4e+38 -3.4e+38 -3.4e+38 -3.4e+38 0.614 0.612 0.611 0.61 0.609 0.608 0.607 0.606 0.605 0.604 0.603 0.602 0.602 0.602 0.602 0.602 0.602 0.602 0.602 0.602 0.602 0.602 0.603 0.603 0.604 0.605 0.607 0.608 0.61 0.612 0.614 0.616 0.619 0.621 0.624 0.626 0.628 0.63 0.632 0.633 0.633 0.632 0.631 0.628 0.625
-3.4e+38 -3.4e+38 -3.4e+38 -3.4e+38 -3.4e+38 -3.4e+38 -3.4e+38 -3.4e+38 -3.4e+38 -3.4e+38 -3.4e+38 -3.4e+38 -3.4e+38 -3.4e+38 -3.4e+38 -3.4e+38 -3.4e+38 -3.4e+38 -3.4e+38 -3.4e+38 -3.4e+38 -3.4e+38 -3.4e+38 -3.4e+38 -3.4e+38 0.62 0.619 0.618 0.617 0.617 0.616 0.615 0.614 0.613 0.612 0.611 0.61 0.61 0.61 0.609 0.609 0.609 0.609 0.609 0.609 0.609 0.609 0.609 0.609 0.61 0.61 0.611 0.612 0.614 0.615 0.616 0.618 0.62 0.622 0.624 0.626 0.628 0.63 0.631 0.632 0.632 0.632 0.631 0.629 0.626 0.622
-3.4e+38 -3.4e+38 -3.4e+38 -3.4e+38 -3.4e+38 -3.4e+38 -3.4e+38 -3.4e+38 -3.4e+38 -3.4e+38 -3.4e+38 -3.4e+38 -3.4e+38 -3.4e+38 -3.4e+38 -3.4e+38 -3.4e+38 -3.4e+38 -3.4e+38 -3.4e+38 -3.4e+38 -3.4e+38 -3.4e+38 0.626 0.626 0.625 0.625 0.624 0.624 0.623 0.622 0.622 0.621 0.62 0.619 0.618 0.617 0.617 0.617 0.617 0.616 0.616 0.616 0.616 0.616 0.616 0.615 0.615 0.615 0.616 0.616 0.617 0.617 0.618 0.619 0.62 0.622 0.623 0.624 0.626 0.627 0.629 0.63 0.631 0.631 0.631 0.63 0.628 0.626 0.623 0.619
-3.4e+38 -3.4e+38 -3.4e+38 -3.4e+38 -3.4e+38 -3.4e+38 -3.4e+38 -3.4e+38 -3.4e+38 -3.4e+38 -3.4e+38 -3.4e+38 -3.4e+38 -3.4e+38 -3.4e+38 -3.4e+38 -3.4e+38 -3.4e+38 -3.4e+38 -3.4e+38 -3.4e+38 -3.4e+38 0.63 0.631 0.631 0.631 0.63 0.63 0.63 0.629 0.629 0.628 0.628 0.627 0.626 0.625 0.625 0.624 0.624 0.624 0.624 0.623 0.623 0.623 0.622 0.622 0.622 0.621 0.621 0.621 0.621 0.622 0.622 0.623 0.623 0.624 0.624 0.625 0.626 0.627 0.627 0.628 0.629 0.629 0.629 0.628 0.627 0.625 0.623 0.619 0.615
-3.4e+38 -3.4e+38 -3.4e+38 -3.4e+38 -3.4e+38 -3.4e+38 -3.4e+38 -3.4e+38 -3.4e+38 -3.4e+38 -3.4e+38 -3.4e+38 -3.4e+38 -3.4e+38 -3.4e+38 -3.4e+38 -3.4e+38 -3.4e+38 -3.4e+38 -3.4e+38 -3.4e+38 -3.4e+38 0.634 0.635 0.635 0.635 0.635 0.635 0.635 0.635 0.635 0.635 0.634 0.634 0.633 0.632 0.632 0.631 0.631 0.631 0.631 0.63 0.63 0.629 0.629 0.628 0.627 0.627 0.626 0.626 0.626 0.626 0.626 0.626 0.626 0.626 0.626 0.626 0.627 0.627 0.627 0.627 0.627 0.627 0.627 0.625 0.624 0.622 0.619 0.615 0.611
-3.4e+38 -3.4e+38 -3.4e+38 -3.4e+38 -3.4e+38 -3.4e+38 -3.4e+38 -3.4e+38 -3.4e+38 -3.4e+38 -3.4e+38 -3.4e+38 -3.4e+38 -3.4e+38 -3.4e+38 -3.4e+38 -3.4e+38 -3.4e+38 -3.4e+38 -3.4e+38 0.636 0.637 0.638 0.639 0.639 0.64 0.64 0.64 0.64 0.64 0.64 0.64 0.64 0.64 0.64 0.639 0.639 0.638 0.638 0.638 0.637 0.637 0.636 0.635 0.634 0.634 0.633 0.632 0.631 0.63 0.63 0.629 0.629 0.628 0.628 0.627 0.627 0.627 0.627 0.627 0.626 0.626 0.626 0.625 0.624 0.622 0.62 0.618 0.615 0.611 0.606
-3.4e+38 -3.4e+38 -3.4e+38 -3.4e+38 -3.4e+38 -3.4e+38 -3.4e+38 -3.4e+38 -3.4e+38 -3.4e+38 -3.4e+38 -3.4e+38 -3.4e+38 -3.4e+38 -3.4e+38 -3.4e+38 -3.4e+38 -3.4e+38 -3.4e+38 0.637 0.638 0.64 0.641 0.642 0.643 0.644 0.644 0.645 0.645 0.645 0.645 0.646 0.646 0.646 0.646 0.645 0.645 0.644 0.644 0.643 0.643 0.642 0.641 0.64 0.639 0.638 0.637 0.636 0.635 0.634 0.633 0.632 0.631 0.63 0.629 0.628 0.627 0.627 0.626 0.625 0.625 0.624 0.623 0.622 0.621 0.619 0.616 0.614 0.61 0.606 0.601
-3.4e+38 -3.4e+38 -3.4e+38 -3.4e+38 -3.4e+38 -3.4e+38 -3.4e+38 -3.4e+38 -3.4e+38 -3.4e+38 -3.4e+38 -3.4e+38 -3.4e+38 -3.4e+38 -3.4e+38 -3.4e+38 -3.4e+38 -3.4e+38 0.637 0.639 0.641 0.642 0.644 0.645 0.647 0.648 0.648 0.649 0.649 0.65 0.65 0.651 0.651 0.652 0.652 0.651 0.651 0.65 0.649 0.649 0.648 0.647 0.646 0.645 0.644 0.642 0.641 0.639 0.638 0.636 0.635 0.633 0.632 0.631 0.629 0.628 0.627 0.626 0.625 0.624 0.623 0.622 0.621 0.619 0.617 0.615 0.613 0.609 0.606 0.601 0.597
-3.4e+38 -3.4e+38 -3.4e+38 -3.4e+38 -3.4e+38 -3.4e+38 -3.4e+38 -3.4e+38 -3.4e+38 -3.4e+38 -3.4e+38 -3.4e+38 -3.4e+38 -3.4e+38 -3.4e+38 -3.4e+38 -3.4e+38 0.637 0.639 0.641 0.643 0.645 0.646 0.648 0.649 0.65 0.651 0.652 0.653 0.653 0.654 0.654 0.655 0.656 0.656 0.655 0.655 0.654 0.654 0.653 0.652 0.651 0.65 0.648 0.647 0.645 0.643 0.641 0.64 0.638 0.636 0.634 0.632 0.631 0.629 0.627 0.626 0.625 0.623 0.622 0.621 0.619 0.618 0.616 0.614 0.611 0.609 0.605 0.602 0.597 0.593
-3.4e+38 -3.4e+38 -3.4e+38 -3.4e+38 -3.4e+38 -3.4e+38 -3.4e+38 -3.4e+38 -3.4e+38 -3.4e+38 -3.4e+38 -3.4e+38 -3.4e+38 -3.4e+38 -3.4e+38 -3.4e+38 -3.4e+38 0.639 0.64 0.643 0.645 0.647 0.648 0.65 0.651 0.652 0.653 0.655 0.656 0.656 0.657 0.658 0.659 0.659 0.659 0.659 0.659 0.658 0.658 0.657 0.656 0.654 0.653 0.651 0.649 0.647 0.645 0.643 0.641 0.639 0.637 0.634 0.632 0.63 0.628 0.626 0.625 0.623 0.621 0.62 0.618 0.617 0.615 0.613 0.611 0.608 0.605 0.602 0.598 0.593 0.589
-3.4e+38 -3.4e+38 -3.4e+38 -3.4e+38 -3.4e+38 -3.4e+38 -3.4e+38 -3.4e+38 -3.4e+38 -3.4e+38 -3.4e+38 -3.4e+38 -3.4e+38 -3.4e+38 -3.4e+38 -3.4e+38 0.638 0.64 0.642 0.644 0.646 0.648 0.65 0.651 0.653 0.654 0.655 0.657 0.658 0.659 0.66 0.661 0.661 0.662 0.662 0.662 0.662 0.661 0.661 0.66 0.658 0.657 0.655 0.653 0.651 0.648 0.646 0.644 0.642 0.639 0.637 0.634 0.632 0.629 0.627 0.625 0.623 0.621 0.619 0.618 0.616 0.614 0.612 0.61 0.608 0.605 0.602 0.599 0.595 0.59 0.585
-3.4e+38 -3.4e+38 -3.4e+38 -3.4e+38 -3.4e+38 -3.4e+38 -3.4e+38 -3.4e+38 -3.4e+38 -3.4e+38 -3.4e+38 -3.4e+38 -3.4e+38 -3.4e+38 -3.4e+38 -3.4e+38 0.639 0.641 0.643 0.645 0.647 0.649 0.651 0.653 0.654 0.655 0.657 0.659 0.66 0.661 0.662 0.663 0.664 0.665 0.665 0.665 0.665 0.664 0.663 0.662 0.66 0.659 0.657 0.654 0.652 0.649 0.647 0.644 0.642 0.639 0.636 0.634 0.631 0.628 0.626 0.623 0.621 0.619 0.618 0.616 0.614 0.612 0.61 0.607 0.605 0.602 0.599 0.596 0.592 0.587 0.583
-3.4e+38 -3.4e+38 -3.4e+38 -3.4e+38 -3.4e+38 -3.4e+38 -3.4e+38 -3.4e+38 -3.4e+38 -3.4e+38 -3.4e+38 -3.4e+38 -3.4e+38 -3.4e+38 -3.4e+38 -3.4e+38 0.64 0.642 0.644 0.646 0.648 0.65 0.652 0.653 0.655 0.657 0.658 0.66 0.662 0.663 0.664 0.665 0.666 0.667 0.667 0.667 0.667 0.666 0.665 0.664 0.662 0.66 0.658 0.656 0.653 0.65 0.647 0.644 0.641 0.638 0.635 0.632 0.629 0.626 0.624 0.622 0.62 0.618 0.616 0.613 0.611 0.609 0.607 0.605 0.602 0.6 0.597 0.593 0.59 0.585 0.581
-3.4e+38 -3.4e+38 -3.4e+38 -3.4e+38 -3.4e+38 -3.4e+38 -3.4e+38 -3.4e+38 -3.4e+38 -3.4e+38 -3.4e+38 -3.4e+38 -3.4e+38 -3.4e+38 -3.4e+38 -3.4e+38 0.641 0.643 0.645 0.647 0.649 0.651 0.652 0.654 0.656 0.658 0.66 0.662 0.663 0.665 0.666 0.667 0.668 0.669 0.669 0.669 0.669 0.668 0.667 0.665 0.663 0.661 0.659 0.656 0.653 0.65 0.647 0.644 0.641 0.637 0.634 0.631 0.628 0.625 0.622 0.62 0.618 0.616 0.614 0.612 0.609 0.607 0.605 0.603 0.6 0.598 0.595 0.591 0.588 0.584 0.579
-3.4e+38 -3.4e+38 -3.4e+38 -3.4e+38 -3.4e+38 -3.4e+38 -3.4e+38 -3.4e+38 -3.4e+38 -3.4e+38 -3.4e+38 -3.4e+38 -3.4e+38 -3.4e+38 -3.4e+38 -3.4e+38 0.642 0.644 0.646 0.648 0.65 0.652 0.654 0.656 0.658 0.66 0.662 0.663 0.665 0.667 0.668 0.669 0.67 0.671 0.671 0.671 0.671 0.67 0.668 0.667 0.665 0.662 0.66 0.657 0.654 0.65 0.647 0.643 0.639 0.636 0.633 0.629 0.626 0.623 0.621 0.619 0.617 0.615 0.612 0.61 0.608 0.605 0.603 0.601 0.598 0.596 0.593 0.59 0.586 0.582 0.578
-3.4e+38 -3.4e+38 -3.4e+38 -3.4e+38 -3.4e+38 -3.4e+38 -3.4e+38 -3.4e+38 -3.4e+38 -3.4e+38 -3.4e+38 -3.4e+38 -3.4e+38 -3.4e+38 -3.4e+38 -3.4e+38 -3.4e+38 -3.4e+38 0.647 0.649 0.651 0.653 0.655 0.657 0.659 0.661 0.663 0.665 0.667 0.668 0.67 0.671 0.672 0.672 0.673 0.673 0.672 0.671 0.669 0.667 0.665 0.663 0.66 0.656 0.653 0.649 0.646 0.642 0.638 0.634 0.631 0.628 0.625 0.622 0.62 0.617 0.615 0.613 0.611 0.608 0.606 0.604 0.602 0.599 0.597 0.594 0.591 0.588 0.585 0.581 0.577
-3.4e+38 -3.4e+38 -3.4e+38 -3.4e+38 -3.4e+38 -3.4e+38 -3.4e+38 -3.4e+38 -3.4e+38 -3.4e+38 -3.4e+38 -3.4e+38 -3.4e+38 -3.4e+38 -3.4e+38 -3.4e+38 -3.4e+38 -3.4e+38 -3.4e+38 0.65 0.652 0.654 0.656 0.659 0.66 0.662 0.664 0.666 0.668 0.67 0.671 0.672 0.673 0.674 0.674 0.674 0.673 0.672 0.67 0.668 0.666 0.662 0.659 0.656 0.652 0.648 0.644 0.64 0.636 0.633 0.629 0.626 0.623 0.621 0.618 0.616 0.614 0.612 0.609 0.607 0.605 -3.4e+38 -3.4e+38 0.598 0.596 0.593 0.59 0.587 0.584 0.58 0.577
-3.4e+38 -3.4e+38 -3.4e+38 -3.4e+38 -3.4e+38 -3.4e+38 -3.4e+38 -3.4e+38 -3.4e+38 -3.4e+38 -3.4e+38 -3.4e+38 -3.4e+38 -3.4e+38 -3.4e+38 -3.4e+38 -3.4e+38 -3.4e+38 -3.4e+38 -3.4e+38 -3.4e+38 0.656 0.658 0.66 0.662 0.664 0.666 0.667 0.669 0.671 0.672 0.673 0.674 0.675 0.675 0.675 0.674 0.673 0.671 0.668 0.665 0.662 0.658 0.654 0.651 0.647 0.643 0.639 0.635 0.631 0.628 0.625 0.622 0.619 0.617 0.615 0.613 0.61 0.608 0.606 0.604 -3.4e+38 -3.4e+38 0.597 0.595 0.592 0.589 0.586 0.583 0.58 0.576
-3.4e+38 -3.4e+38 -3.4e+38 -3.4e+38 -3.4e+38 -3.4e+38 -3.4e+38 -3.4e+38 -3.4e+38 -3.4e+38 -3.4e+38 -3.4e+38 -3.4e+38 -3.4e+38 -3.4e+38 -3.4e+38 -3.4e+38 -3.4e+38 -3.4e+38 -3.4e+38 -3.4e+38 -3.4e+38 -3.4e+38 0.662 0.664 0.666 0.667 0.669 0.67 0.672 0.673 0.674 0.675 0.675 0.675 0.675 0.674 0.673 0.671 0.668 0.665 0.661 0.657 0.653 0.649 0.645 0.641 0.637 0.633 0.629 0.626 0.623 0.621 0.618 0.616 -3.4e+38 -3.4e+38 0.609 0.607 0.605 0.603 -3.4e+38 -3.4e+38 -3.4e+38 0.594 0.591 0.589 0.586 0.583 0.579 0.576
-3.4e+38 -3.4e+38 -3.4e+38 -3.4e+38 -3.4e+38 -3.4e+38 -3.4e+38 -3.4e+38 -3.4e+38 -3.4e+38 -3.4e+38 -3.4e+38 -3.4e+38 -3.4e+38 -3.4e+38 -3.4e+38 -3.4e+38 -3.4e+38 -3.4e+38 -3.4e+38 -3.4e+38 -3.4e+38 -3.4e+38 0.663 0.665 0.667 0.668 0.669 0.671 0.672 0.673 0.674 0.675 0.675 0.675 0.675 0.674 0.672 0.67 0.667 0.664 0.66 0.656 0.652 0.647 0.643 0.639 0.635 0.632 0.628 0.625 0.622 -3.4e+38 -3.4e+38 -3.4e+38 -3.4e+38 -3.4e+38 -3.4e+38 -3.4e+38 -3.4e+38 -3.4e+38 -3.4e+38 -3.4e+38 -3.4e+38 0.594 0.591 0.589 0.586 0.583 0.579 0.576
-3.4e+38 -3.4e+38 -3.4e+38 -3.4e+38 -3.4e+38 -3.4e+38 -3.4e+38 -3.4e+38 -3.4e+38 -3.4e+38 -3.4e+38 -3.4e+38 -3.4e+38 -3.4e+38 -3.4e+38 -3.4e+38 -3.4e+38 -3.4e+38 -3.4e+38 -3.4e+38 -3.4e+38 -3.4e+38 -3.4e+38 0.664 0.666 0.668 0.669 0.67 0.671 0.671 0.673 0.674 0.675 0.675 0.675 0.674 0.673 0.671 0.669 -3.4e+38 0.662 0.659 0.654 0.65 0.646 0.642 0.638 0.634 0.63 -3.4e+38 -3.4e+38 -3.4e+38 -3.4e+38 -3.4e+38 -3.4e+38 -3.4e+38 -3.4e+38 -3.4e+38 -3.4e+38 -3.4e+38 -3.4e+38 -3.4e+38 -3.4e+38 -3.4e+38 -3.4e+38 0.591 0.589 0.586 0.583 0.58 -3.4e+38
-3.4e+38 -3.4e+38 -3.4e+38 -3.4e+38 -3.4e+38 -3.4e+38 -3.4e+38 -3.4e+38 -3.4e+38 -3.4e+38 -3.4e+38 -3.4e+38 -3.4e+38 -3.4e+38 -3.4e+38 -3.4e+38 -3.4e+38 -3.4e+38 -3.4e+38 -3.4e+38 -3.4e+38 -3.4e+38 -3.4e+38 -3.4e+38 0.666 0.668 0.669 0.67 0.671 0.671 0.672 0.673 0.674 0.674 0.674 0.673 0.672 0.67 -3.4e+38 -3.4e+38 -3.4e+38 0.658 0.654 0.649 0.645 0.641 0.637 -3.4e+38 -3.4e+38 -3.4e+38 -3.4e+38 -3.4e+38 -3.4e+38 -3.4e+38 -3.4e+38 -3.4e+38 -3.4e+38 -3.4e+38 -3.4e+38 -3.4e+38 -3.4e+38 -3.4e+38 -3.4e+38 -3.4e+38 -3.4e+38 -3.4e+38 -3.4e+38 0.587 0.584 -3.4e+38 -3.4e+38
