maui/input/month_year_rainfall/maui_prcp_12_2002.asc
ncols        361
nrows        320
xllcorner    -156.738000000000
yllcorner    20.343000000000
cellsize     0.002250000000
NODATA_value -3.4028234663852885981e+38
[rows 155 to 185 of 320, columns 284 to 354 of 361]
15.2 15.5 15.8 15.9 16 15.9 15.8 15.7 15.4 15.2 14.9 14.6 14.3 14 13.7 13.3 12.9 12.5 12 11.6 11.1 10.6 10 9.49 8.85 8.19 7.52 6.88 6.42 5.98 5.57 5.17 4.78 4.44 4.13 3.88 3.67 3.49 3.33 3.19 3.06 2.95 2.86 2.78 2.71 2.66 2.62 2.58 2.55 2.53 -3.4e+38 -3.4e+38 -3.4e+38 -3.4e+38 -3.4e+38 -3.4e+38 -3.4e+38 -3.4e+38 -3.4e+38 -3.4e+38 -3.4e+38 -3.4e+38 -3.4e+38 -3.4e+38 -3.4e+38 -3.4e+38 -3.4e+38 -3.4e+38 -3.4e+38 -3.4e+38 -3.4e+38
14.5 14.8 15 15.2 15.2 15.2 15.2 15 14.8 14.6 14.3 14.1 13.8 13.5 13.2 12.8 12.4 12 11.5 11.1 10.6 10.1 9.55 9 8.34 7.66 7.07 6.5 6.07 5.65 5.26 4.87 4.5 4.19 3.92 3.7 3.51 3.35 3.2 3.08 2.96 2.87 2.79 2.72 2.66 2.61 2.58 2.55 2.52 2.5 -3.4e+38 -3.4e+38 -3.4e+38 -3.4e+38 -3.4e+38 -3.4e+38 -3.4e+38 -3.4e+38 -3.4e+38 -3.4e+38 -3.4e+38 -3.4e+38 -3.4e+38 -3.4e+38 -3.4e+38 -3.4e+38 -3.4e+38 -3.4e+38 -3.4e+38 -3.4e+38 -3.4e+38
13.8 14.1 14.3 14.5 14.5 14.6 14.5 14.4 14.2 14 13.8 13.6 13.3 13 12.7 12.3 11.9 11.5 11 10.6 10.1 9.59 9.05 8.49 7.83 7.14 6.63 6.14 5.73 5.33 4.95 4.58 4.24 3.96 3.72 3.53 3.36 3.22 3.08 2.97 2.87 2.79 2.72 2.66 2.61 2.57 2.54 2.51 2.49 2.47 -3.4e+38 -3.4e+38 -3.4e+38 -3.4e+38 -3.4e+38 -3.4e+38 -3.4e+38 -3.4e+38 -3.4e+38 -3.4e+38 -3.4e+38 -3.4e+38 -3.4e+38 -3.4e+38 -3.4e+38 -3.4e+38 -3.4e+38 -3.4e+38 -3.4e+38 -3.4e+38 -3.4e+38
13.2 13.4 13.7 13.8 13.9 13.9 13.9 13.8 13.7 13.5 13.2 13 12.7 12.4 12.1 11.7 11.4 10.9 10.5 10 9.57 9.09 8.55 7.98 7.35 6.7 6.25 5.8 5.41 5.02 4.65 4.31 4 3.75 3.54 3.37 3.22 3.09 2.97 2.87 2.78 2.71 2.65 2.6 2.56 2.53 2.5 2.48 2.46 2.43 -3.4e+38 -3.4e+38 -3.4e+38 -3.4e+38 -3.4e+38 -3.4e+38 -3.4e+38 -3.4e+38 -3.4e+38 -3.4e+38 -3.4e+38 -3.4e+38 -3.4e+38 -3.4e+38 -3.4e+38 -3.4e+38 -3.4e+38 -3.4e+38 -3.4e+38 -3.4e+38 -3.4e+38
12.5 12.8 13 13.2 13.3 13.3 13.3 13.2 13.1 12.9 12.7 12.4 12.2 11.9 11.5 11.2 10.8 10.4 9.96 9.52 9.06 8.59 8.04 7.47 6.88 6.28 5.87 5.47 5.09 4.72 4.36 4.04 3.77 3.56 3.38 3.22 3.09 2.97 2.86 2.78 2.7 2.64 2.58 2.54 2.51 2.48 2.46 2.44 -3.4e+38 -3.4e+38 -3.4e+38 -3.4e+38 -3.4e+38 -3.4e+38 -3.4e+38 -3.4e+38 -3.4e+38 -3.4e+38 -3.4e+38 -3.4e+38 -3.4e+38 -3.4e+38 -3.4e+38 -3.4e+38 -3.4e+38 -3.4e+38 -3.4e+38 -3.4e+38 -3.4e+38 -3.4e+38 -3.4e+38
11.9 12.2 12.4 12.6 12.7 12.7 12.7 12.6 12.5 12.3 12.1 11.8 11.6 11.3 10.9 10.6 10.2 9.83 9.42 9 8.54 8.06 7.52 6.94 6.42 5.91 5.52 5.14 4.78 4.43 4.1 3.81 3.58 3.38 3.22 3.08 2.96 2.86 2.76 2.69 2.62 2.57 2.53 2.49 2.47 2.44 2.43 -3.4e+38 -3.4e+38 -3.4e+38 -3.4e+38 -3.4e+38 -3.4e+38 -3.4e+38 -3.4e+38 -3.4e+38 -3.4e+38 -3.4e+38 -3.4e+38 -3.4e+38 -3.4e+38 -3.4e+38 -3.4e+38 -3.4e+38 -3.4e+38 -3.4e+38 -3.4e+38 -3.4e+38 -3.4e+38 -3.4e+38 -3.4e+38
11.4 11.6 11.8 12 12.1 12.1 12.1 12 11.9 11.7 11.5 11.2 11 10.7 10.4 10 9.65 9.28 8.88 8.47 8.02 7.54 7 6.43 5.98 5.55 5.18 4.82 4.48 4.15 3.85 3.6 3.39 3.22 3.08 2.95 2.84 2.75 2.67 2.6 2.55 2.51 2.47 2.45 2.42 2.41 -3.4e+38 -3.4e+38 -3.4e+38 -3.4e+38 -3.4e+38 -3.4e+38 -3.4e+38 -3.4e+38 -3.4e+38 -3.4e+38 -3.4e+38 -3.4e+38 -3.4e+38 -3.4e+38 -3.4e+38 -3.4e+38 -3.4e+38 -3.4e+38 -3.4e+38 -3.4e+38 -3.4e+38 -3.4e+38 -3.4e+38 -3.4e+38 -3.4e+38
10.8 11.1 11.3 11.4 11.5 11.5 11.4 11.4 11.2 11.1 10.8 10.6 10.3 10.1 9.76 9.43 9.08 8.72 8.33 7.92 7.47 6.98 6.49 5.98 5.59 5.2 4.86 4.52 4.21 3.9 3.64 3.41 3.23 3.07 2.94 2.83 2.73 2.65 2.58 2.53 2.49 2.45 2.43 2.4 2.39 2.37 -3.4e+38 -3.4e+38 -3.4e+38 -3.4e+38 -3.4e+38 -3.4e+38 -3.4e+38 -3.4e+38 -3.4e+38 -3.4e+38 -3.4e+38 -3.4e+38 -3.4e+38 -3.4e+38 -3.4e+38 -3.4e+38 -3.4e+38 -3.4e+38 -3.4e+38 -3.4e+38 -3.4e+38 -3.4e+38 -3.4e+38 -3.4e+38 -3.4e+38
10.3 10.6 10.7 10.8 10.9 10.9 10.8 10.8 10.6 10.4 10.2 10 9.75 9.46 9.17 8.85 8.51 8.15 7.77 7.36 6.91 6.44 6 5.56 5.21 4.87 4.56 4.24 3.95 3.67 3.43 3.23 3.07 2.94 2.82 2.71 2.63 2.56 2.51 2.46 2.43 2.4 2.38 2.37 2.35 2.33 -3.4e+38 -3.4e+38 -3.4e+38 -3.4e+38 -3.4e+38 -3.4e+38 -3.4e+38 -3.4e+38 -3.4e+38 -3.4e+38 -3.4e+38 -3.4e+38 -3.4e+38 -3.4e+38 -3.4e+38 -3.4e+38 -3.4e+38 -3.4e+38 -3.4e+38 -3.4e+38 -3.4e+38 -3.4e+38 -3.4e+38 -3.4e+38 -3.4e+38
9.81 10 10.2 10.3 10.3 10.3 10.2 10.1 10 9.84 9.63 9.4 9.14 8.86 8.56 8.25 7.91 7.56 7.18 6.77 6.35 5.92 5.54 5.19 4.87 4.56 4.27 3.98 3.71 3.46 3.26 3.08 2.94 2.81 2.7 2.61 2.54 2.48 2.44 2.41 2.38 2.36 2.34 2.33 2.32 -3.4e+38 -3.4e+38 -3.4e+38 -3.4e+38 -3.4e+38 -3.4e+38 -3.4e+38 -3.4e+38 -3.4e+38 -3.4e+38 -3.4e+38 -3.4e+38 -3.4e+38 -3.4e+38 -3.4e+38 -3.4e+38 -3.4e+38 -3.4e+38 -3.4e+38 -3.4e+38 -3.4e+38 -3.4e+38 -3.4e+38 -3.4e+38 -3.4e+38 -3.4e+38
9.3 9.49 9.6 9.68 9.71 9.7 9.65 9.55 9.41 9.23 9.02 8.78 8.52 8.23 7.93 7.61 7.28 6.93 6.58 6.21 5.83 5.46 5.14 4.84 4.55 4.27 4 3.73 3.49 3.27 3.1 2.95 2.82 2.71 2.6 2.52 2.45 2.41 2.38 2.36 2.34 2.32 2.31 2.3 -3.4e+38 -3.4e+38 -3.4e+38 -3.4e+38 -3.4e+38 -3.4e+38 -3.4e+38 -3.4e+38 -3.4e+38 -3.4e+38 -3.4e+38 -3.4e+38 -3.4e+38 -3.4e+38 -3.4e+38 -3.4e+38 -3.4e+38 -3.4e+38 -3.4e+38 -3.4e+38 -3.4e+38 -3.4e+38 -3.4e+38 -3.4e+38 -3.4e+38 -3.4e+38 -3.4e+38
8.78 8.95 9.04 9.11 9.13 9.11 9.05 8.95 8.81 8.61 8.39 8.13 7.86 7.56 7.25 6.93 6.61 6.28 5.96 5.66 5.36 5.06 4.78 4.51 4.26 4 3.75 3.51 3.3 3.11 2.97 2.83 2.72 2.62 2.52 2.45 2.39 2.36 2.34 2.32 2.3 2.29 2.28 -3.4e+38 -3.4e+38 -3.4e+38 -3.4e+38 -3.4e+38 -3.4e+38 -3.4e+38 -3.4e+38 -3.4e+38 -3.4e+38 -3.4e+38 -3.4e+38 -3.4e+38 -3.4e+38 -3.4e+38 -3.4e+38 -3.4e+38 -3.4e+38 -3.4e+38 -3.4e+38 -3.4e+38 -3.4e+38 -3.4e+38 -3.4e+38 -3.4e+38 -3.4e+38 -3.4e+38 -3.4e+38
8.26 8.41 8.49 8.55 8.55 8.52 8.45 8.34 8.18 7.95 7.68 7.4 7.11 6.85 6.58 6.3 6.02 5.73 5.46 5.21 4.96 4.7 4.45 4.21 3.98 3.74 3.52 3.31 3.14 2.98 2.85 2.73 2.63 2.54 2.46 2.4 2.35 2.32 2.3 2.29 2.27 2.26 -3.4e+38 -3.4e+38 -3.4e+38 -3.4e+38 -3.4e+38 -3.4e+38 -3.4e+38 -3.4e+38 -3.4e+38 -3.4e+38 -3.4e+38 -3.4e+38 -3.4e+38 -3.4e+38 -3.4e+38 -3.4e+38 -3.4e+38 -3.4e+38 -3.4e+38 -3.4e+38 -3.4e+38 -3.4e+38 -3.4e+38 -3.4e+38 -3.4e+38 -3.4e+38 -3.4e+38 -3.4e+38 -3.4e+38
7.74 7.87 7.95 8 7.99 7.95 7.86 7.72 7.54 7.26 6.93 6.62 6.31 6.12 5.92 5.71 5.49 5.26 5.04 4.82 4.59 4.37 4.15 3.93 3.72 3.5 3.31 3.13 2.99 2.86 2.75 2.65 2.56 2.48 2.41 2.36 2.32 2.3 2.27 2.26 2.24 -3.4e+38 -3.4e+38 -3.4e+38 -3.4e+38 -3.4e+38 -3.4e+38 -3.4e+38 -3.4e+38 -3.4e+38 -3.4e+38 -3.4e+38 -3.4e+38 -3.4e+38 -3.4e+38 -3.4e+38 -3.4e+38 -3.4e+38 -3.4e+38 -3.4e+38 -3.4e+38 -3.4e+38 -3.4e+38 -3.4e+38 -3.4e+38 -3.4e+38 -3.4e+38 -3.4e+38 -3.4e+38 -3.4e+38 -3.4e+38
7.23 7.35 7.41 7.44 7.42 7.36 7.24 7.04 6.77 6.5 6.23 5.98 5.73 5.57 5.4 5.22 5.03 4.84 4.64 4.44 4.25 4.05 3.86 3.66 3.48 3.29 3.14 2.99 2.87 2.76 2.66 2.58 2.5 2.43 2.37 2.33 2.3 2.27 2.25 2.23 -3.4e+38 -3.4e+38 -3.4e+38 -3.4e+38 -3.4e+38 -3.4e+38 -3.4e+38 -3.4e+38 -3.4e+38 -3.4e+38 -3.4e+38 -3.4e+38 -3.4e+38 -3.4e+38 -3.4e+38 -3.4e+38 -3.4e+38 -3.4e+38 -3.4e+38 -3.4e+38 -3.4e+38 -3.4e+38 -3.4e+38 -3.4e+38 -3.4e+38 -3.4e+38 -3.4e+38 -3.4e+38 -3.4e+38 -3.4e+38 -3.4e+38
6.73 6.84 6.89 6.9 6.86 6.78 6.63 6.36 5.97 5.73 5.54 5.39 5.24 5.09 4.94 4.78 4.61 4.44 4.26 4.09 3.91 3.74 3.58 3.41 3.25 3.1 2.98 2.86 2.76 2.67 2.59 2.51 2.44 2.39 2.34 2.3 -3.4e+38 -3.4e+38 -3.4e+38 -3.4e+38 -3.4e+38 -3.4e+38 -3.4e+38 -3.4e+38 -3.4e+38 -3.4e+38 -3.4e+38 -3.4e+38 -3.4e+38 -3.4e+38 -3.4e+38 -3.4e+38 -3.4e+38 -3.4e+38 -3.4e+38 -3.4e+38 -3.4e+38 -3.4e+38 -3.4e+38 -3.4e+38 -3.4e+38 -3.4e+38 -3.4e+38 -3.4e+38 -3.4e+38 -3.4e+38 -3.4e+38 -3.4e+38 -3.4e+38 -3.4e+38 -3.4e+38
6.22 6.32 6.34 6.33 6.26 6.13 5.92 5.68 5.4 5.22 5.07 4.93 4.8 4.66 4.51 4.36 4.2 4.05 3.9 3.75 3.61 3.47 3.34 3.2 3.08 2.96 2.86 2.76 2.68 2.6 2.52 2.46 2.4 -3.4e+38 -3.4e+38 -3.4e+38 -3.4e+38 -3.4e+38 -3.4e+38 -3.4e+38 -3.4e+38 -3.4e+38 -3.4e+38 -3.4e+38 -3.4e+38 -3.4e+38 -3.4e+38 -3.4e+38 -3.4e+38 -3.4e+38 -3.4e+38 -3.4e+38 -3.4e+38 -3.4e+38 -3.4e+38 -3.4e+38 -3.4e+38 -3.4e+38 -3.4e+38 -3.4e+38 -3.4e+38 -3.4e+38 -3.4e+38 -3.4e+38 -3.4e+38 -3.4e+38 -3.4e+38 -3.4e+38 -3.4e+38 -3.4e+38 -3.4e+38
5.72 5.8 5.8 5.77 5.66 5.48 5.22 5.02 4.88 4.75 4.62 4.5 4.37 4.24 4.1 3.95 3.81 3.68 3.55 3.44 3.32 3.22 3.11 3.01 2.92 2.83 2.75 2.67 2.6 2.53 2.47 -3.4e+38 -3.4e+38 -3.4e+38 -3.4e+38 -3.4e+38 -3.4e+38 -3.4e+38 -3.4e+38 -3.4e+38 -3.4e+38 -3.4e+38 -3.4e+38 -3.4e+38 -3.4e+38 -3.4e+38 -3.4e+38 -3.4e+38 -3.4e+38 -3.4e+38 -3.4e+38 -3.4e+38 -3.4e+38 -3.4e+38 -3.4e+38 -3.4e+38 -3.4e+38 -3.4e+38 -3.4e+38 -3.4e+38 -3.4e+38 -3.4e+38 -3.4e+38 -3.4e+38 -3.4e+38 -3.4e+38 -3.4e+38 -3.4e+38 -3.4e+38 -3.4e+38 -3.4e+38
5.21 5.25 5.2 5.13 5.02 4.89 4.71 4.56 4.44 4.32 4.2 4.08 3.96 3.83 3.69 3.57 3.46 3.36 3.27 3.18 3.1 3.02 2.94 2.87 2.8 2.72 2.65 2.59 2.53 2.47 -3.4e+38 -3.4e+38 -3.4e+38 -3.4e+38 -3.4e+38 -3.4e+38 -3.4e+38 -3.4e+38 -3.4e+38 -3.4e+38 -3.4e+38 -3.4e+38 -3.4e+38 -3.4e+38 -3.4e+38 -3.4e+38 -3.4e+38 -3.4e+38 -3.4e+38 -3.4e+38 -3.4e+38 -3.4e+38 -3.4e+38 -3.4e+38 -3.4e+38 -3.4e+38 -3.4e+38 -3.4e+38 -3.4e+38 -3.4e+38 -3.4e+38 -3.4e+38 -3.4e+38 -3.4e+38 -3.4e+38 -3.4e+38 -3.4e+38 -3.4e+38 -3.4e+38 -3.4e+38 -3.4e+38
4.7 4.71 4.63 4.54 4.44 4.33 4.23 4.13 4.02 3.91 3.8 3.69 3.57 3.44 3.32 3.23 3.14 3.07 3.01 2.95 2.89 2.84 2.79 2.73 2.68 2.62 2.57 2.51 2.47 -3.4e+38 -3.4e+38 -3.4e+38 -3.4e+38 -3.4e+38 -3.4e+38 -3.4e+38 -3.4e+38 -3.4e+38 -3.4e+38 -3.4e+38 -3.4e+38 -3.4e+38 -3.4e+38 -3.4e+38 -3.4e+38 -3.4e+38 -3.4e+38 -3.4e+38 -3.4e+38 -3.4e+38 -3.4e+38 -3.4e+38 -3.4e+38 -3.4e+38 -3.4e+38 -3.4e+38 -3.4e+38 -3.4e+38 -3.4e+38 -3.4e+38 -3.4e+38 -3.4e+38 -3.4e+38 -3.4e+38 -3.4e+38 -3.4e+38 -3.4e+38 -3.4e+38 -3.4e+38 -3.4e+38 -3.4e+38
4.17 4.18 4.13 4.07 4 3.92 3.83 3.74 3.64 3.54 3.44 3.33 3.21 3.12 3.03 2.96 2.91 2.86 2.81 2.77 2.72 2.68 2.65 2.61 2.57 2.53 2.49 2.45 -3.4e+38 -3.4e+38 -3.4e+38 -3.4e+38 -3.4e+38 -3.4e+38 -3.4e+38 -3.4e+38 -3.4e+38 -3.4e+38 -3.4e+38 -3.4e+38 -3.4e+38 -3.4e+38 -3.4e+38 -3.4e+38 -3.4e+38 -3.4e+38 -3.4e+38 -3.4e+38 -3.4e+38 -3.4e+38 -3.4e+38 -3.4e+38 -3.4e+38 -3.4e+38 -3.4e+38 -3.4e+38 -3.4e+38 -3.4e+38 -3.4e+38 -3.4e+38 -3.4e+38 -3.4e+38 -3.4e+38 -3.4e+38 -3.4e+38 -3.4e+38 -3.4e+38 -3.4e+38 -3.4e+38 -3.4e+38 -3.4e+38
3.69 3.7 3.68 3.64 3.59 3.53 3.46 3.37 3.28 3.19 3.1 3 2.9 2.84 2.77 2.73 2.69 2.66 2.62 2.59 2.56 2.54 2.51 2.49 2.47 2.45 2.42 -3.4e+38 -3.4e+38 -3.4e+38 -3.4e+38 -3.4e+38 -3.4e+38 -3.4e+38 -3.4e+38 -3.4e+38 -3.4e+38 -3.4e+38 -3.4e+38 -3.4e+38 -3.4e+38 -3.4e+38 -3.4e+38 -3.4e+38 -3.4e+38 -3.4e+38 -3.4e+38 -3.4e+38 -3.4e+38 -3.4e+38 -3.4e+38 -3.4e+38 -3.4e+38 -3.4e+38 -3.4e+38 -3.4e+38 -3.4e+38 -3.4e+38 -3.4e+38 -3.4e+38 -3.4e+38 -3.4e+38 -3.4e+38 -3.4e+38 -3.4e+38 -3.4e+38 -3.4e+38 -3.4e+38 -3.4e+38 -3.4e+38 -3.4e+38
3.31 3.32 3.3 3.28 3.24 3.18 3.12 3.04 2.96 2.88 2.79 2.72 2.66 2.61 2.57 2.54 2.5 2.48 2.45 2.43 2.41 2.4 2.39 2.38 2.38 2.37 2.35 -3.4e+38 -3.4e+38 -3.4e+38 -3.4e+38 -3.4e+38 -3.4e+38 -3.4e+38 -3.4e+38 -3.4e+38 -3.4e+38 -3.4e+38 -3.4e+38 -3.4e+38 -3.4e+38 -3.4e+38 -3.4e+38 -3.4e+38 -3.4e+38 -3.4e+38 -3.4e+38 -3.4e+38 -3.4e+38 -3.4e+38 -3.4e+38 -3.4e+38 -3.4e+38 -3.4e+38 -3.4e+38 -3.4e+38 -3.4e+38 -3.4e+38 -3.4e+38 -3.4e+38 -3.4e+38 -3.4e+38 -3.4e+38 -3.4e+38 -3.4e+38 -3.4e+38 -3.4e+38 -3.4e+38 -3.4e+38 -3.4e+38 -3.4e+38
2.96 2.97 2.96 2.94 2.91 2.86 2.8 2.74 2.67 2.6 2.53 2.49 2.45 2.42 2.39 2.36 2.33 2.31 2.29 2.27 2.27 2.27 2.27 2.28 2.29 2.29 2.28 -3.4e+38 -3.4e+38 -3.4e+38 -3.4e+38 -3.4e+38 -3.4e+38 -3.4e+38 -3.4e+38 -3.4e+38 -3.4e+38 -3.4e+38 -3.4e+38 -3.4e+38 -3.4e+38 -3.4e+38 -3.4e+38 -3.4e+38 -3.4e+38 -3.4e+38 -3.4e+38 -3.4e+38 -3.4e+38 -3.4e+38 -3.4e+38 -3.4e+38 -3.4e+38 -3.4e+38 -3.4e+38 -3.4e+38 -3.4e+38 -3.4e+38 -3.4e+38 -3.4e+38 -3.4e+38 -3.4e+38 -3.4e+38 -3.4e+38 -3.4e+38 -3.4e+38 -3.4e+38 -3.4e+38 -3.4e+38 -3.4e+38 -3.4e+38
2.66 2.66 2.65 2.64 2.61 2.57 2.52 2.46 2.41 2.37 2.33 2.3 2.27 2.24 2.22 2.19 2.17 2.15 2.14 2.13 2.13 2.15 2.16 2.18 2.2 2.21 -3.4e+38 -3.4e+38 -3.4e+38 -3.4e+38 -3.4e+38 -3.4e+38 -3.4e+38 -3.4e+38 -3.4e+38 -3.4e+38 -3.4e+38 -3.4e+38 -3.4e+38 -3.4e+38 -3.4e+38 -3.4e+38 -3.4e+38 -3.4e+38 -3.4e+38 -3.4e+38 -3.4e+38 -3.4e+38 -3.4e+38 -3.4e+38 -3.4e+38 -3.4e+38 -3.4e+38 -3.4e+38 -3.4e+38 -3.4e+38 -3.4e+38 -3.4e+38 -3.4e+38 -3.4e+38 -3.4e+38 -3.4e+38 -3.4e+38 -3.4e+38 -3.4e+38 -3.4e+38 -3.4e+38 -3.4e+38 -3.4e+38 -3.4e+38 -3.4e+38
2.38 2.39 2.38 2.37 2.34 2.31 2.28 2.24 2.2 2.18 2.15 2.13 2.11 2.09 2.07 2.05 2.03 2.01 2 2 2.01 2.04 2.06 2.09 2.11 2.13 -3.4e+38 -3.4e+38 -3.4e+38 -3.4e+38 -3.4e+38 -3.4e+38 -3.4e+38 -3.4e+38 -3.4e+38 -3.4e+38 -3.4e+38 -3.4e+38 -3.4e+38 -3.4e+38 -3.4e+38 -3.4e+38 -3.4e+38 -3.4e+38 -3.4e+38 -3.4e+38 -3.4e+38 -3.4e+38 -3.4e+38 -3.4e+38 -3.4e+38 -3.4e+38 -3.4e+38 -3.4e+38 -3.4e+38 -3.4e+38 -3.4e+38 -3.4e+38 -3.4e+38 -3.4e+38 -3.4e+38 -3.4e+38 -3.4e+38 -3.4e+38 -3.4e+38 -3.4e+38 -3.4e+38 -3.4e+38 -3.4e+38 -3.4e+38 -3.4e+38
2.13 2.13 2.13 2.12 2.1 2.08 2.06 2.05 2.03 2.01 2 1.98 1.97 1.95 1.93 1.91 1.9 1.88 1.87 1.88 1.91 1.94 1.97 2 2.03 -3.4e+38 -3.4e+38 -3.4e+38 -3.4e+38 -3.4e+38 -3.4e+38 -3.4e+38 -3.4e+38 -3.4e+38 -3.4e+38 -3.4e+38 -3.4e+38 -3.4e+38 -3.4e+38 -3.4e+38 -3.4e+38 -3.4e+38 -3.4e+38 -3.4e+38 -3.4e+38 -3.4e+38 -3.4e+38 -3.4e+38 -3.4e+38 -3.4e+38 -3.4e+38 -3.4e+38 -3.4e+38 -3.4e+38 -3.4e+38 -3.4e+38 -3.4e+38 -3.4e+38 -3.4e+38 -3.4e+38 -3.4e+38 -3.4e+38 -3.4e+38 -3.4e+38 -3.4e+38 -3.4e+38 -3.4e+38 -3.4e+38 -3.4e+38 -3.4e+38 -3.4e+38
1.92 1.93 1.93 1.93 1.92 1.92 1.91 1.9 1.89 1.88 1.87 1.86 1.84 1.83 1.82 1.81 1.8 1.79 1.78 1.79 1.82 1.86 1.89 1.92 1.95 -3.4e+38 -3.4e+38 -3.4e+38 -3.4e+38 -3.4e+38 -3.4e+38 -3.4e+38 -3.4e+38 -3.4e+38 -3.4e+38 -3.4e+38 -3.4e+38 -3.4e+38 -3.4e+38 -3.4e+38 -3.4e+38 -3.4e+38 -3.4e+38 -3.4e+38 -3.4e+38 -3.4e+38 -3.4e+38 -3.4e+38 -3.4e+38 -3.4e+38 -3.4e+38 -3.4e+38 -3.4e+38 -3.4e+38 -3.4e+38 -3.4e+38 -3.4e+38 -3.4e+38 -3.4e+38 -3.4e+38 -3.4e+38 -3.4e+38 -3.4e+38 -3.4e+38 -3.4e+38 -3.4e+38 -3.4e+38 -3.4e+38 -3.4e+38 -3.4e+38 -3.4e+38
1.73 1.75 1.76 1.77 1.77 1.78 1.78 1.77 1.77 1.76 1.75 1.74 1.74 1.73 1.72 1.71 1.71 1.71 1.72 1.73 1.76 1.79 1.82 1.85 -3.4e+38 -3.4e+38 -3.4e+38 -3.4e+38 -3.4e+38 -3.4e+38 -3.4e+38 -3.4e+38 -3.4e+38 -3.4e+38 -3.4e+38 -3.4e+38 -3.4e+38 -3.4e+38 -3.4e+38 -3.4e+38 -3.4e+38 -3.4e+38 -3.4e+38 -3.4e+38 -3.4e+38 -3.4e+38 -3.4e+38 -3.4e+38 -3.4e+38 -3.4e+38 -3.4e+38 -3.4e+38 -3.4e+38 -3.4e+38 -3.4e+38 -3.4e+38 -3.4e+38 -3.4e+38 -3.4e+38 -3.4e+38 -3.4e+38 -3.4e+38 -3.4e+38 -3.4e+38 -3.4e+38 -3.4e+38 -3.4e+38 -3.4e+38 -3.4e+38 -3.4e+38 -3.4e+38
1.6 1.62 1.63 1.65 1.66 1.66 1.67 1.67 1.67 -3.4e+38 1.66 1.66 1.65 1.65 1.65 1.65 1.65 1.65 1.66 1.68 1.7 -3.4e+38 -3.4e+38 -3.4e+38 -3.4e+38 -3.4e+38 -3.4e+38 -3.4e+38 -3.4e+38 -3.4e+38 -3.4e+38 -3.4e+38 -3.4e+38 -3.4e+38 -3.4e+38 -3.4e+38 -3.4e+38 -3.4e+38 -3.4e+38 -3.4e+38 -3.4e+38 -3.4e+38 -3.4e+38 -3.4e+38 -3.4e+38 -3.4e+38 -3.4e+38 -3.4e+38 -3.4e+38 -3.4e+38 -3.4e+38 -3.4e+38 -3.4e+38 -3.4e+38 -3.4e+38 -3.4e+38 -3.4e+38 -3.4e+38 -3.4e+38 -3.4e+38 -3.4e+38 -3.4e+38 -3.4e+38 -3.4e+38 -3.4e+38 -3.4e+38 -3.4e+38 -3.4e+38 -3.4e+38 -3.4e+38 -3.4e+38
1.49 1.5 1.52 1.54 1.55 1.56 1.57 -3.4e+38 -3.4e+38 -3.4e+38 -3.4e+38 -3.4e+38 1.58 1.58 1.58 1.59 -3.4e+38 -3.4e+38 -3.4e+38 -3.4e+38 -3.4e+38 -3.4e+38 -3.4e+38 -3.4e+38 -3.4e+38 -3.4e+38 -3.4e+38 -3.4e+38 -3.4e+38 -3.4e+38 -3.4e+38 -3.4e+38 -3.4e+38 -3.4e+38 -3.4e+38 -3.4e+38 -3.4e+38 -3.4e+38 -3.4e+38 -3.4e+38 -3.4e+38 -3.4e+38 -3.4e+38 -3.4e+38 -3.4e+38 -3.4e+38 -3.4e+38 -3.4e+38 -3.4e+38 -3.4e+38 -3.4e+38 -3.4e+38 -3.4e+38 -3.4e+38 -3.4e+38 -3.4e+38 -3.4e+38 -3.4e+38 -3.4e+38 -3.4e+38 -3.4e+38 -3.4e+38 -3.4e+38 -3.4e+38 -3.4e+38 -3.4e+38 -3.4e+38 -3.4e+38 -3.4e+38 -3.4e+38 -3.4e+38
