maui/input/month_year_rainfall/maui_prcp_04_2002.asc
ncols        361
nrows        320
xllcorner    -156.738000000000
yllcorner    20.343000000000
cellsize     0.002250000000
NODATA_value -3.4028234663852885981e+38
[rows 64 to 95 of 320, columns 0 to 71 of 361]
-3.4e+38 -3.4e+38 -3.4e+38 -3.4e+38 -3.4e+38 -3.4e+38 -3.4e+38 -3.4e+38 -3.4e+38 -3.4e+38 -3.4e+38 -3.4e+38 -3.4e+38 -3.4e+38 -3.4e+38 -3.4e+38 -3.4e+38 1.51 1.52 1.54 1.56 1.6 1.64 1.71 1.78 1.88 1.98 2.1 2.22 2.36 2.51 2.66 2.84 3.01 3.22 3.41 3.61 3.78 3.94 4.08 4.2 4.29 4.35 4.39 4.4 4.39 4.35 4.31 4.32 4.47 4.71 5.02 5.36 5.75 6.16 6.59 7.03 7.47 7.9 8.32 8.7 9.06 9.38 9.66 9.84 9.83 9.68 9.47 9.23 8.94 8.63 8.28
-3.4e+38 -3.4e+38 -3.4e+38 -3.4e+38 -3.4e+38 -3.4e+38 -3.4e+38 -3.4e+38 -3.4e+38 -3.4e+38 -3.4e+38 -3.4e+38 -3.4e+38 -3.4e+38 -3.4e+38 -3.4e+38 -3.4e+38 1.53 1.54 1.56 1.58 1.61 1.65 1.71 1.78 1.87 1.97 2.08 2.21 2.36 2.52 2.68 2.88 3.07 3.3 3.5 3.71 3.89 4.05 4.19 4.32 4.42 4.49 4.55 4.57 4.59 4.58 4.61 4.66 4.82 5.04 5.34 5.69 6.08 6.5 6.94 7.38 7.84 8.28 8.72 9.12 9.5 9.83 10.1 10.3 10.3 10.1 9.93 9.66 9.35 9.01 8.64
-3.4e+38 -3.4e+38 -3.4e+38 -3.4e+38 -3.4e+38 -3.4e+38 -3.4e+38 -3.4e+38 -3.4e+38 -3.4e+38 -3.4e+38 -3.4e+38 -3.4e+38 -3.4e+38 -3.4e+38 -3.4e+38 -3.4e+38 -3.4e+38 1.56 1.58 1.59 1.62 1.66 1.71 1.77 1.85 1.95 2.07 2.2 2.35 2.52 2.69 2.9 3.11 3.37 3.59 3.8 3.96 4.13 4.28 4.42 4.53 4.62 4.69 4.74 4.78 4.82 4.89 4.99 5.16 5.39 5.69 6.04 6.44 6.87 7.32 7.78 8.25 8.71 9.15 9.56 9.95 10.3 10.6 10.7 10.7 10.6 10.4 10.1 9.78 9.42 9.02
-3.4e+38 -3.4e+38 -3.4e+38 -3.4e+38 -3.4e+38 -3.4e+38 -3.4e+38 -3.4e+38 -3.4e+38 -3.4e+38 -3.4e+38 -3.4e+38 -3.4e+38 -3.4e+38 -3.4e+38 -3.4e+38 -3.4e+38 -3.4e+38 -3.4e+38 1.59 1.61 1.63 1.66 1.71 1.76 1.84 1.93 2.05 2.18 2.33 2.5 2.68 2.9 3.13 3.41 3.64 3.83 4 4.17 4.33 4.48 4.61 4.72 4.81 4.88 4.96 5.03 5.15 5.28 5.48 5.72 6.03 6.4 6.81 7.26 7.74 8.21 8.7 9.16 9.62 10 10.4 10.7 11 11.1 11.2 11 10.8 10.6 10.2 9.82 9.4
-3.4e+38 -3.4e+38 -3.4e+38 -3.4e+38 -3.4e+38 -3.4e+38 -3.4e+38 -3.4e+38 -3.4e+38 -3.4e+38 -3.4e+38 -3.4e+38 -3.4e+38 -3.4e+38 -3.4e+38 -3.4e+38 -3.4e+38 -3.4e+38 -3.4e+38 -3.4e+38 1.62 1.64 1.67 1.71 1.76 1.83 1.91 2.02 2.16 2.31 2.48 2.66 2.88 3.1 3.38 3.61 3.81 3.97 4.16 4.34 4.51 4.66 4.79 4.91 5.01 5.13 5.23 5.39 5.55 5.78 6.04 6.38 6.76 7.21 7.68 8.18 8.68 9.18 9.66 10.1 10.5 10.9 11.2 11.5 11.6 11.6 11.5 11.3 11 10.6 10.2 9.79
-3.4e+38 -3.4e+38 -3.4e+38 -3.4e+38 -3.4e+38 -3.4e+38 -3.4e+38 -3.4e+38 -3.4e+38 -3.4e+38 -3.4e+38 -3.4e+38 -3.4e+38 -3.4e+38 -3.4e+38 -3.4e+38 -3.4e+38 -3.4e+38 -3.4e+38 -3.4e+38 -3.4e+38 1.65 1.67 1.71 1.75 1.81 1.89 2 2.13 2.28 2.44 2.61 2.82 3.03 3.28 3.5 3.72 3.9 4.1 4.29 4.49 4.66 4.82 4.97 5.1 5.25 5.39 5.58 5.78 6.03 6.32 6.68 7.11 7.59 8.1 8.63 9.15 9.67 10.2 10.7 11.1 11.5 11.8 12 12.1 12.1 12 11.8 11.5 11.1 10.7 10.2
-3.4e+38 -3.4e+38 -3.4e+38 -3.4e+38 -3.4e+38 -3.4e+38 -3.4e+38 -3.4e+38 -3.4e+38 -3.4e+38 -3.4e+38 -3.4e+38 -3.4e+38 -3.4e+38 -3.4e+38 -3.4e+38 -3.4e+38 -3.4e+38 -3.4e+38 -3.4e+38 -3.4e+38 -3.4e+38 1.68 1.72 1.75 1.81 1.89 1.99 2.11 2.24 2.4 2.56 2.75 2.94 3.17 3.38 3.61 3.81 4.02 4.23 4.44 4.64 4.82 5 5.17 5.35 5.52 5.75 5.98 6.26 6.57 6.97 7.45 7.97 8.53 9.1 9.66 10.2 10.7 11.2 11.7 12 12.4 12.6 12.7 12.7 12.6 12.3 12 11.6 11.1 10.6
-3.4e+38 -3.4e+38 -3.4e+38 -3.4e+38 -3.4e+38 -3.4e+38 -3.4e+38 -3.4e+38 -3.4e+38 -3.4e+38 -3.4e+38 -3.4e+38 -3.4e+38 -3.4e+38 -3.4e+38 -3.4e+38 -3.4e+38 -3.4e+38 -3.4e+38 -3.4e+38 -3.4e+38 -3.4e+38 1.68 1.72 1.75 1.81 1.88 1.97 2.08 2.2 2.34 2.49 2.66 2.84 3.05 3.24 3.47 3.68 3.91 4.14 4.36 4.58 4.79 5 5.2 5.41 5.62 5.88 6.14 6.46 6.78 7.22 7.76 8.34 8.95 9.56 10.2 10.7 11.3 11.8 12.2 12.6 13 13.2 13.3 13.3 13.2 12.9 12.5 12.1 11.5 11
-3.4e+38 -3.4e+38 -3.4e+38 -3.4e+38 -3.4e+38 -3.4e+38 -3.4e+38 -3.4e+38 -3.4e+38 -3.4e+38 -3.4e+38 -3.4e+38 -3.4e+38 -3.4e+38 -3.4e+38 -3.4e+38 -3.4e+38 -3.4e+38 -3.4e+38 -3.4e+38 -3.4e+38 -3.4e+38 -3.4e+38 1.72 1.75 1.81 1.87 1.95 2.05 2.15 2.28 2.41 2.57 2.72 2.92 3.1 3.33 3.54 3.79 4.03 4.27 4.51 4.75 4.98 5.21 5.45 5.69 6 6.29 6.65 7.02 7.51 8.09 8.72 9.37 10 10.7 11.3 11.9 12.4 12.9 13.3 13.6 13.9 14 14 13.9 13.6 13.2 12.6 12 11.4
-3.4e+38 -3.4e+38 -3.4e+38 -3.4e+38 -3.4e+38 -3.4e+38 -3.4e+38 -3.4e+38 -3.4e+38 -3.4e+38 -3.4e+38 -3.4e+38 -3.4e+38 -3.4e+38 -3.4e+38 -3.4e+38 -3.4e+38 -3.4e+38 -3.4e+38 -3.4e+38 -3.4e+38 -3.4e+38 1.68 1.71 1.75 1.8 1.85 1.93 2.01 2.11 2.22 2.33 2.47 2.6 2.78 2.95 3.17 3.39 3.65 3.9 4.16 4.42 4.68 4.93 5.18 5.46 5.73 6.07 6.4 6.81 7.25 7.79 8.4 9.06 9.76 10.5 11.1 11.8 12.4 13 13.5 13.9 14.3 14.6 14.8 14.8 14.7 14.4 13.9 13.2 12.5 11.8
-3.4e+38 -3.4e+38 -3.4e+38 -3.4e+38 -3.4e+38 -3.4e+38 -3.4e+38 -3.4e+38 -3.4e+38 -3.4e+38 -3.4e+38 -3.4e+38 -3.4e+38 -3.4e+38 -3.4e+38 -3.4e+38 -3.4e+38 -3.4e+38 -3.4e+38 -3.4e+38 -3.4e+38 -3.4e+38 1.68 1.71 1.74 1.78 1.83 1.9 1.98 2.06 2.15 2.25 2.36 2.47 2.63 2.79 3 3.23 3.5 3.77 4.04 4.32 4.59 4.87 5.14 5.44 5.73 6.1 6.47 6.93 7.42 8.01 8.65 9.36 10.1 10.8 11.6 12.3 12.9 13.5 14.1 14.6 15 15.3 15.5 15.7 15.6 15.3 14.6 13.9 13 12.2
-3.4e+38 -3.4e+38 -3.4e+38 -3.4e+38 -3.4e+38 -3.4e+38 -3.4e+38 -3.4e+38 -3.4e+38 -3.4e+38 -3.4e+38 -3.4e+38 -3.4e+38 -3.4e+38 -3.4e+38 -3.4e+38 -3.4e+38 -3.4e+38 -3.4e+38 -3.4e+38 -3.4e+38 -3.4e+38 1.67 1.7 1.73 1.77 1.81 1.87 1.94 2.01 2.09 2.17 2.26 2.35 2.47 2.62 2.84 3.08 3.36 3.64 3.92 4.2 4.49 4.78 5.06 5.38 5.69 6.07 6.47 6.96 7.49 8.12 8.8 9.56 10.4 11.2 12 12.7 13.4 14.1 14.7 15.2 15.6 16 16.3 16.5 16.7 16.4 15.5 14.5 13.5 12.6
-3.4e+38 -3.4e+38 -3.4e+38 -3.4e+38 -3.4e+38 -3.4e+38 -3.4e+38 -3.4e+38 -3.4e+38 -3.4e+38 -3.4e+38 -3.4e+38 -3.4e+38 -3.4e+38 -3.4e+38 -3.4e+38 -3.4e+38 -3.4e+38 -3.4e+38 -3.4e+38 -3.4e+38 -3.4e+38 1.67 1.69 1.71 1.75 1.79 1.85 1.91 1.97 2.03 2.09 2.17 2.23 2.32 2.45 2.69 2.95 3.23 3.51 3.8 4.08 4.37 4.67 4.96 5.28 5.6 5.99 6.4 6.91 7.46 8.12 8.85 9.66 10.5 11.4 12.3 13.1 13.8 14.5 15.2 15.7 16.2 16.6 17 17.3 17.6 17.9 16.3 15 13.9 12.9
-3.4e+38 -3.4e+38 -3.4e+38 -3.4e+38 -3.4e+38 -3.4e+38 -3.4e+38 -3.4e+38 -3.4e+38 -3.4e+38 -3.4e+38 -3.4e+38 -3.4e+38 -3.4e+38 -3.4e+38 -3.4e+38 -3.4e+38 -3.4e+38 -3.4e+38 -3.4e+38 -3.4e+38 1.64 1.66 1.68 1.7 1.73 1.77 1.82 1.88 1.93 1.98 2.03 2.09 2.13 2.21 2.33 2.59 2.85 3.13 3.4 3.68 3.96 4.25 4.54 4.84 5.16 5.48 5.86 6.26 6.76 7.33 8.01 8.78 9.63 10.6 11.5 12.5 13.3 14.2 14.9 15.6 16.1 16.6 17 17.4 17.7 17.9 17.6 16.6 15.4 14.3 13.2
-3.4e+38 -3.4e+38 -3.4e+38 -3.4e+38 -3.4e+38 -3.4e+38 -3.4e+38 -3.4e+38 -3.4e+38 -3.4e+38 -3.4e+38 -3.4e+38 -3.4e+38 -3.4e+38 -3.4e+38 -3.4e+38 -3.4e+38 -3.4e+38 -3.4e+38 -3.4e+38 -3.4e+38 1.63 1.65 1.67 1.69 1.72 1.75 1.8 1.85 1.89 1.93 1.97 2.03 2.08 2.17 2.3 2.52 2.77 3.04 3.3 3.58 3.85 4.13 4.42 4.71 5.02 5.33 5.69 6.07 6.55 7.1 7.78 8.58 9.49 10.5 11.5 12.5 13.5 14.3 15.1 15.8 16.4 16.9 17.3 17.6 17.8 17.8 17.3 16.5 15.5 14.4 13.4
-3.4e+38 -3.4e+38 -3.4e+38 -3.4e+38 -3.4e+38 -3.4e+38 -3.4e+38 -3.4e+38 -3.4e+38 -3.4e+38 -3.4e+38 -3.4e+38 -3.4e+38 -3.4e+38 -3.4e+38 -3.4e+38 -3.4e+38 -3.4e+38 -3.4e+38 -3.4e+38 -3.4e+38 1.62 1.64 1.66 1.68 1.7 1.73 1.78 1.83 1.85 1.88 1.91 1.97 2.03 2.14 2.27 2.47 2.69 2.95 3.21 3.48 3.75 4.02 4.3 4.57 4.86 5.15 5.48 5.83 6.26 6.77 7.42 8.25 9.23 10.3 11.4 12.5 13.5 14.4 15.3 16 16.6 17.1 17.5 17.7 17.7 17.6 17.1 16.4 15.5 14.5 13.5
-3.4e+38 -3.4e+38 -3.4e+38 -3.4e+38 -3.4e+38 -3.4e+38 -3.4e+38 -3.4e+38 -3.4e+38 -3.4e+38 -3.4e+38 -3.4e+38 -3.4e+38 -3.4e+38 -3.4e+38 -3.4e+38 -3.4e+38 -3.4e+38 -3.4e+38 -3.4e+38 -3.4e+38 1.61 1.63 1.64 1.66 1.68 1.71 1.75 1.79 1.81 1.83 1.86 1.93 1.99 2.11 2.24 2.42 2.62 2.87 3.12 3.38 3.65 3.92 4.19 4.45 4.72 4.97 5.26 5.56 5.92 6.36 6.99 7.85 8.9 10 11.2 12.3 13.4 14.4 15.3 16 16.6 17.1 17.4 17.6 17.6 17.3 16.9 16.2 15.4 14.5 13.6
-3.4e+38 -3.4e+38 -3.4e+38 -3.4e+38 -3.4e+38 -3.4e+38 -3.4e+38 -3.4e+38 -3.4e+38 -3.4e+38 -3.4e+38 -3.4e+38 -3.4e+38 -3.4e+38 -3.4e+38 -3.4e+38 -3.4e+38 -3.4e+38 -3.4e+38 -3.4e+38 -3.4e+38 -3.4e+38 1.61 1.63 1.64 1.66 1.67 1.7 1.72 1.74 1.77 1.81 1.88 1.95 2.06 2.19 2.36 2.54 2.77 3.01 3.27 3.54 3.81 4.08 4.32 4.57 4.79 5.04 5.28 5.55 5.89 6.45 7.38 8.52 9.74 10.9 12.1 13.1 14.2 15.1 15.9 16.6 17 17.3 17.4 17.4 17.1 16.6 16 15.3 14.4 13.5
-3.4e+38 -3.4e+38 -3.4e+38 -3.4e+38 -3.4e+38 -3.4e+38 -3.4e+38 -3.4e+38 -3.4e+38 -3.4e+38 -3.4e+38 -3.4e+38 -3.4e+38 -3.4e+38 -3.4e+38 -3.4e+38 -3.4e+38 -3.4e+38 -3.4e+38 -3.4e+38 -3.4e+38 -3.4e+38 -3.4e+38 1.61 1.62 1.63 1.64 1.65 1.67 1.69 1.72 1.76 1.83 1.9 2.01 2.13 2.29 2.45 2.67 2.9 3.16 3.43 3.7 3.98 4.21 4.44 4.64 4.85 5.04 5.24 5.44 5.77 6.93 8.21 9.48 10.7 11.9 13 14 15 15.8 16.4 16.8 17.1 17.2 17.1 16.8 16.3 15.8 15.1 14.3 13.4
-3.4e+38 -3.4e+38 -3.4e+38 -3.4e+38 -3.4e+38 -3.4e+38 -3.4e+38 -3.4e+38 -3.4e+38 -3.4e+38 -3.4e+38 -3.4e+38 -3.4e+38 -3.4e+38 -3.4e+38 -3.4e+38 -3.4e+38 -3.4e+38 -3.4e+38 -3.4e+38 -3.4e+38 -3.4e+38 -3.4e+38 -3.4e+38 1.6 1.6 1.61 1.61 1.62 1.63 1.66 1.7 1.76 1.84 1.94 2.05 2.2 2.35 2.55 2.76 3.02 3.29 3.58 3.87 4.09 4.31 4.49 4.69 4.87 5.07 5.29 5.76 6.78 8.02 9.27 10.5 11.7 12.7 13.8 14.7 15.5 16.1 16.5 16.8 16.9 16.8 16.5 16 15.5 14.8 14.1 13.3
-3.4e+38 -3.4e+38 -3.4e+38 -3.4e+38 -3.4e+38 -3.4e+38 -3.4e+38 -3.4e+38 -3.4e+38 -3.4e+38 -3.4e+38 -3.4e+38 -3.4e+38 -3.4e+38 -3.4e+38 -3.4e+38 -3.4e+38 -3.4e+38 -3.4e+38 -3.4e+38 -3.4e+38 -3.4e+38 -3.4e+38 -3.4e+38 -3.4e+38 1.58 1.58 1.58 1.58 1.59 1.61 1.64 1.7 1.77 1.87 1.97 2.1 2.24 2.42 2.62 2.86 3.14 3.45 3.75 3.98 4.19 4.39 4.6 4.81 5.06 5.39 5.97 6.86 7.96 9.13 10.3 11.4 12.5 13.5 14.5 15.2 15.8 16.2 16.4 16.5 16.4 16.1 15.6 15.1 14.5 13.8 13.1
-3.4e+38 -3.4e+38 -3.4e+38 -3.4e+38 -3.4e+38 -3.4e+38 -3.4e+38 -3.4e+38 -3.4e+38 -3.4e+38 -3.4e+38 -3.4e+38 -3.4e+38 -3.4e+38 -3.4e+38 -3.4e+38 -3.4e+38 -3.4e+38 -3.4e+38 -3.4e+38 -3.4e+38 -3.4e+38 -3.4e+38 -3.4e+38 -3.4e+38 1.56 1.55 1.55 1.55 1.55 1.56 1.58 1.64 1.69 1.78 1.87 1.99 2.11 2.27 2.46 2.68 2.95 3.25 3.56 3.82 4.07 4.3 4.54 4.79 5.1 5.51 6.12 6.94 7.94 9.01 10.1 11.1 12.2 13.2 14.1 14.8 15.4 15.7 15.9 16 15.9 15.6 15.2 14.8 14.2 13.6 12.8
-3.4e+38 -3.4e+38 -3.4e+38 -3.4e+38 -3.4e+38 -3.4e+38 -3.4e+38 -3.4e+38 -3.4e+38 -3.4e+38 -3.4e+38 -3.4e+38 -3.4e+38 -3.4e+38 -3.4e+38 -3.4e+38 -3.4e+38 -3.4e+38 -3.4e+38 -3.4e+38 -3.4e+38 -3.4e+38 -3.4e+38 -3.4e+38 -3.4e+38 -3.4e+38 1.53 1.52 1.52 1.52 1.53 1.54 1.58 1.63 1.7 1.78 1.88 1.99 2.14 2.3 2.49 2.73 3.03 3.35 3.66 3.96 4.23 4.52 4.82 5.17 5.62 6.24 7.01 7.92 8.89 9.89 10.9 11.9 12.8 13.7 14.4 14.9 15.3 15.5 15.5 15.4 15.2 14.8 14.4 13.9 13.3 12.6
-3.4e+38 -3.4e+38 -3.4e+38 -3.4e+38 -3.4e+38 -3.4e+38 -3.4e+38 -3.4e+38 -3.4e+38 -3.4e+38 -3.4e+38 -3.4e+38 -3.4e+38 -3.4e+38 -3.4e+38 -3.4e+38 -3.4e+38 -3.4e+38 -3.4e+38 -3.4e+38 -3.4e+38 -3.4e+38 -3.4e+38 -3.4e+38 -3.4e+38 -3.4e+38 -3.4e+38 1.49 1.49 1.48 1.49 1.5 1.53 1.56 1.62 1.68 1.77 1.87 2 2.13 2.29 2.51 2.79 3.13 3.48 3.83 4.16 4.49 4.83 5.22 5.69 6.3 7.02 7.85 8.75 9.67 10.6 11.5 12.4 13.2 13.9 14.4 14.8 15 15 14.9 14.7 14.3 13.9 13.5 12.9 12.3
-3.4e+38 -3.4e+38 -3.4e+38 -3.4e+38 -3.4e+38 -3.4e+38 -3.4e+38 -3.4e+38 -3.4e+38 -3.4e+38 -3.4e+38 -3.4e+38 -3.4e+38 -3.4e+38 -3.4e+38 -3.4e+38 -3.4e+38 -3.4e+38 -3.4e+38 -3.4e+38 -3.4e+38 -3.4e+38 -3.4e+38 -3.4e+38 -3.4e+38 -3.4e+38 -3.4e+38 -3.4e+38 1.46 1.46 1.46 1.47 1.49 1.51 1.56 1.6 1.68 1.76 1.87 1.99 2.13 2.31 2.55 2.89 3.25 3.67 4.08 4.45 4.83 5.24 5.73 6.31 6.99 7.76 8.59 9.45 10.3 11.2 12 12.8 13.4 13.9 14.2 14.4 14.5 14.4 14.2 13.9 13.5 13.1 12.6 12.1
-3.4e+38 -3.4e+38 -3.4e+38 -3.4e+38 -3.4e+38 -3.4e+38 -3.4e+38 -3.4e+38 -3.4e+38 -3.4e+38 -3.4e+38 -3.4e+38 -3.4e+38 -3.4e+38 -3.4e+38 -3.4e+38 -3.4e+38 -3.4e+38 -3.4e+38 -3.4e+38 -3.4e+38 -3.4e+38 -3.4e+38 -3.4e+38 -3.4e+38 -3.4e+38 -3.4e+38 -3.4e+38 1.43 1.43 1.43 1.44 1.45 1.47 1.5 1.53 1.59 1.66 1.76 1.87 1.99 2.15 2.35 2.67 3.03 3.5 3.96 4.38 4.8 5.23 5.71 6.27 6.91 7.62 8.39 9.2 10 10.8 11.6 12.3 12.9 13.4 13.7 13.9 13.9 13.8 13.6 13.4 13.1 12.7 12.3 11.8
-3.4e+38 -3.4e+38 -3.4e+38 -3.4e+38 -3.4e+38 -3.4e+38 -3.4e+38 -3.4e+38 -3.4e+38 -3.4e+38 -3.4e+38 -3.4e+38 -3.4e+38 -3.4e+38 -3.4e+38 -3.4e+38 -3.4e+38 -3.4e+38 -3.4e+38 -3.4e+38 -3.4e+38 -3.4e+38 -3.4e+38 -3.4e+38 -3.4e+38 -3.4e+38 -3.4e+38 -3.4e+38 -3.4e+38 1.4 1.4 1.4 1.42 1.43 1.45 1.47 1.52 1.58 1.67 1.78 1.9 2.05 2.22 2.5 2.8 3.28 3.76 4.26 4.74 5.18 5.65 6.18 6.77 7.42 8.15 8.92 9.71 10.5 11.2 11.9 12.4 12.8 13.1 13.2 13.3 13.2 13 12.8 12.6 12.3 11.9 11.6
-3.4e+38 -3.4e+38 -3.4e+38 -3.4e+38 -3.4e+38 -3.4e+38 -3.4e+38 -3.4e+38 -3.4e+38 -3.4e+38 -3.4e+38 -3.4e+38 -3.4e+38 -3.4e+38 -3.4e+38 -3.4e+38 -3.4e+38 -3.4e+38 -3.4e+38 -3.4e+38 -3.4e+38 -3.4e+38 -3.4e+38 -3.4e+38 -3.4e+38 -3.4e+38 -3.4e+38 -3.4e+38 -3.4e+38 -3.4e+38 1.37 1.37 1.37 1.38 1.4 1.41 1.46 1.51 1.6 1.7 1.82 1.96 2.13 2.37 2.65 3.11 3.58 4.13 4.64 5.08 5.55 6.04 6.58 7.17 7.85 8.6 9.36 10.1 10.8 11.4 11.9 12.2 12.5 12.6 12.6 12.5 12.4 12.3 12.1 11.8 11.6 11.3
-3.4e+38 -3.4e+38 -3.4e+38 -3.4e+38 -3.4e+38 -3.4e+38 -3.4e+38 -3.4e+38 -3.4e+38 -3.4e+38 -3.4e+38 -3.4e+38 -3.4e+38 -3.4e+38 -3.4e+38 -3.4e+38 -3.4e+38 -3.4e+38 -3.4e+38 -3.4e+38 -3.4e+38 -3.4e+38 -3.4e+38 -3.4e+38 -3.4e+38 -3.4e+38 -3.4e+38 -3.4e+38 -3.4e+38 -3.4e+38 -3.4e+38 1.33 1.33 1.34 1.35 1.36 1.4 1.45 1.53 1.63 1.75 1.89 2.06 2.29 2.55 2.97 3.41 3.98 4.51 4.95 5.41 5.88 6.36 6.86 7.53 8.27 8.99 9.68 10.3 10.9 11.4 11.7 11.8 11.9 11.8 11.8 11.7 11.6 11.5 11.3 11.1 10.9
-3.4e+38 -3.4e+38 -3.4e+38 -3.4e+38 -3.4e+38 -3.4e+38 -3.4e+38 -3.4e+38 -3.4e+38 -3.4e+38 -3.4e+38 -3.4e+38 -3.4e+38 -3.4e+38 -3.4e+38 -3.4e+38 -3.4e+38 -3.4e+38 -3.4e+38 -3.4e+38 -3.4e+38 -3.4e+38 -3.4e+38 -3.4e+38 -3.4e+38 -3.4e+38 -3.4e+38 -3.4e+38 -3.4e+38 -3.4e+38 -3.4e+38 -3.4e+38 1.3 1.3 1.32 1.33 1.36 1.4 1.48 1.57 1.69 1.83 1.99 2.22 2.46 2.85 3.25 3.8 4.32 4.78 5.24 5.69 6.15 6.64 7.25 7.93 8.6 9.24 9.84 10.4 10.9 11.1 11.1 11.1 11.1 11.1 11 11 10.9 10.8 10.7 10.6
-3.4e+38 -3.4e+38 -3.4e+38 -3.4e+38 -3.4e+38 -3.4e+38 -3.4e+38 -3.4e+38 -3.4e+38 -3.4e+38 -3.4e+38 -3.4e+38 -3.4e+38 -3.4e+38 -3.4e+38 -3.4e+38 -3.4e+38 -3.4e+38 -3.4e+38 -3.4e+38 -3.4e+38 -3.4e+38 -3.4e+38 -3.4e+38 -3.4e+38 -3.4e+38 -3.4e+38 -3.4e+38 -3.4e+38 -3.4e+38 -3.4e+38 -3.4e+38 -3.4e+38 1.27 1.29 1.3 1.33 1.37 1.43 1.51 1.62 1.76 1.93 2.14 2.38 2.73 3.08 3.6 4.09 4.57 5.03 5.48 5.95 6.44 6.99 7.58 8.17 8.75 9.28 9.77 10.2 10.4 10.3 10.3 10.3 10.3 10.3 10.3 10.3 10.2 10.2 10.2
-3.4e+38 -3.4e+38 -3.4e+38 -3.4e+38 -3.4e+38 -3.4e+38 -3.4e+38 -3.4e+38 -3.4e+38 -3.4e+38 -3.4e+38 -3.4e+38 -3.4e+38 -3.4e+38 -3.4e+38 -3.4e+38 -3.4e+38 -3.4e+38 -3.4e+38 -3.4e+38 -3.4e+38 -3.4e+38 -3.4e+38 -3.4e+38 -3.4e+38 -3.4e+38 -3.4e+38 -3.4e+38 -3.4e+38 -3.4e+38 -3.4e+38 -3.4e+38 -3.4e+38 -3.4e+38 -3.4e+38 1.28 1.31 1.35 1.41 1.48 1.58 1.7 1.85 2.05 2.27 2.58 2.91 3.36 3.81 4.31 4.79 5.23 5.69 6.16 6.67 7.2 7.71 8.21 8.66 9.05 9.33 9.47 9.47 9.43 9.42 9.45 9.51 9.58 9.63 9.69 9.72 9.78
