maui/input/month_year_rainfall/maui_prcp_05_2001.asc
ncols        361
nrows        320
xllcorner    -156.738000000000
yllcorner    20.343000000000
cellsize     0.002250000000
NODATA_value -3.4028234663852885981e+38
[rows 160 to 191 of 320, columns 142 to 212 of 361]
0.824 0.863 0.903 0.945 0.989 1.04 1.08 1.13 1.18 1.24 1.29 1.35 1.4 1.47 1.54 1.61 1.69 1.77 1.84 1.92 2 2.08 2.16 2.24 2.31 2.37 2.42 2.46 2.5 2.52 2.54 2.55 2.56 2.55 2.54 2.52 2.5 2.47 2.45 2.42 2.38 2.35 2.31 2.26 2.22 2.17 2.12 2.07 2.02 1.96 1.9 1.84 1.78 1.72 1.67 1.61 1.55 1.49 1.44 1.38 1.33 1.27 1.22 1.17 1.11 1.06 1.02 0.969 0.925 0.884 0.848
0.851 0.891 0.932 0.976 1.02 1.07 1.12 1.17 1.22 1.28 1.33 1.39 1.45 1.52 1.59 1.67 1.75 1.83 1.9 1.98 2.06 2.14 2.22 2.3 2.37 2.42 2.47 2.52 2.55 2.58 2.59 2.6 2.61 2.6 2.59 2.57 2.55 2.52 2.49 2.46 2.42 2.38 2.34 2.29 2.24 2.19 2.14 2.08 2.03 1.97 1.91 1.85 1.79 1.73 1.66 1.6 1.55 1.49 1.43 1.37 1.32 1.27 1.21 1.16 1.11 1.06 1.01 0.968 0.926 0.888 0.855
0.878 0.919 0.962 1.01 1.05 1.1 1.16 1.21 1.26 1.32 1.38 1.44 1.51 1.58 1.66 1.74 1.81 1.89 1.96 2.04 2.12 2.2 2.27 2.35 2.41 2.47 2.52 2.57 2.6 2.62 2.64 2.65 2.65 2.64 2.63 2.61 2.58 2.55 2.52 2.49 2.45 2.4 2.36 2.31 2.26 2.2 2.15 2.09 2.03 1.97 1.91 1.85 1.78 1.72 1.66 1.6 1.54 1.48 1.42 1.37 1.31 1.26 1.21 1.16 1.11 1.06 1.01 0.97 0.931 0.895 0.865
0.904 0.947 0.991 1.04 1.09 1.14 1.19 1.25 1.31 1.37 1.43 1.49 1.56 1.64 1.71 1.79 1.87 1.95 2.02 2.1 2.18 2.25 2.33 2.39 2.46 2.52 2.57 2.61 2.64 2.66 2.68 2.68 2.68 2.67 2.65 2.63 2.61 2.58 2.54 2.51 2.46 2.42 2.37 2.32 2.27 2.21 2.15 2.09 2.03 1.97 1.91 1.84 1.78 1.71 1.65 1.59 1.53 1.47 1.41 1.36 1.3 1.25 1.2 1.15 1.1 1.06 1.01 0.971 0.935 0.902 0.874
0.929 0.974 1.02 1.07 1.12 1.17 1.23 1.29 1.35 1.41 1.48 1.55 1.62 1.69 1.77 1.85 1.93 2 2.08 2.15 2.23 2.3 2.37 2.44 2.5 2.56 2.6 2.64 2.67 2.69 2.7 2.7 2.7 2.68 2.67 2.65 2.62 2.59 2.55 2.52 2.47 2.43 2.37 2.32 2.26 2.21 2.14 2.08 2.02 1.95 1.89 1.82 1.76 1.7 1.63 1.57 1.51 1.45 1.4 1.34 1.29 1.24 1.19 1.14 1.1 1.05 1.01 0.973 0.94 0.91 0.884
0.954 1 1.05 1.1 1.15 1.21 1.27 1.33 1.39 1.46 1.53 1.6 1.67 1.75 1.83 1.9 1.98 2.05 2.13 2.2 2.28 2.35 2.42 2.48 2.54 2.59 2.63 2.66 2.69 2.7 2.71 2.71 2.7 2.69 2.67 2.65 2.62 2.59 2.56 2.52 2.47 2.43 2.37 2.31 2.25 2.19 2.13 2.07 2 1.93 1.87 1.8 1.74 1.68 1.62 1.55 1.49 1.44 1.38 1.33 1.28 1.23 1.18 1.13 1.09 1.05 1.01 0.974 0.944 0.916 0.892
0.978 1.03 1.08 1.13 1.19 1.25 1.31 1.37 1.44 1.51 1.58 1.66 1.73 1.81 1.88 1.95 2.03 2.1 2.17 2.25 2.32 2.38 2.45 2.51 2.56 2.61 2.65 2.67 2.7 2.71 2.71 2.71 2.7 2.69 2.67 2.65 2.62 2.59 2.55 2.51 2.47 2.42 2.36 2.3 2.23 2.17 2.1 2.04 1.97 1.91 1.84 1.78 1.72 1.65 1.59 1.53 1.47 1.42 1.36 1.31 1.26 1.21 1.17 1.12 1.08 1.04 1.01 0.975 0.947 0.921 0.899
1 1.05 1.11 1.16 1.22 1.28 1.35 1.42 1.49 1.56 1.63 1.71 1.78 1.86 1.93 2 2.08 2.15 2.22 2.28 2.35 2.42 2.48 2.53 2.58 2.62 2.65 2.67 2.69 2.7 2.7 2.7 2.69 2.68 2.66 2.64 2.61 2.58 2.54 2.5 2.45 2.39 2.33 2.27 2.21 2.14 2.07 2.01 1.94 1.88 1.81 1.75 1.69 1.63 1.57 1.51 1.45 1.4 1.34 1.29 1.25 1.2 1.16 1.11 1.07 1.04 1 0.973 0.947 0.922 0.901
1.03 1.08 1.13 1.19 1.25 1.32 1.39 1.46 1.53 1.61 1.68 1.76 1.83 1.91 1.98 2.05 2.12 2.19 2.26 2.32 2.38 2.44 2.5 2.54 2.58 2.62 2.64 2.66 2.68 2.68 2.69 2.68 2.67 2.66 2.64 2.62 2.59 2.55 2.52 2.47 2.42 2.36 2.3 2.23 2.17 2.1 2.04 1.97 1.91 1.84 1.78 1.72 1.66 1.6 1.54 1.48 1.42 1.37 1.32 1.27 1.23 1.18 1.14 1.1 1.07 1.03 1 0.971 0.945 0.921 0.9
1.05 1.1 1.16 1.22 1.29 1.36 1.43 1.5 1.58 1.66 1.73 1.81 1.88 1.95 2.02 2.09 2.16 2.23 2.29 2.35 2.41 2.46 2.51 2.55 2.58 2.61 2.63 2.65 2.66 2.66 2.66 2.65 2.64 2.63 2.61 2.58 2.55 2.51 2.48 2.43 2.38 2.32 2.26 2.19 2.13 2.06 1.99 1.93 1.86 1.8 1.74 1.68 1.62 1.56 1.5 1.45 1.39 1.34 1.29 1.25 1.21 1.17 1.13 1.09 1.05 1.02 0.992 0.964 0.939 0.916 0.896
1.07 1.13 1.19 1.25 1.32 1.4 1.47 1.55 1.63 1.71 1.78 1.85 1.93 2 2.07 2.14 2.2 2.26 2.32 2.37 2.43 2.47 2.51 2.55 2.58 2.6 2.62 2.63 2.63 2.64 2.64 2.62 2.61 2.59 2.56 2.53 2.5 2.46 2.43 2.39 2.34 2.28 2.21 2.14 2.08 2.01 1.95 1.88 1.82 1.76 1.7 1.64 1.58 1.52 1.47 1.41 1.36 1.31 1.27 1.23 1.19 1.15 1.11 1.08 1.04 1.01 0.982 0.955 0.932 0.91 0.89
1.1 1.16 1.22 1.29 1.36 1.44 1.51 1.59 1.67 1.75 1.83 1.9 1.97 2.04 2.11 2.17 2.23 2.29 2.34 2.39 2.43 2.47 2.51 2.54 2.56 2.58 2.59 2.6 2.6 2.6 2.59 2.57 2.56 2.53 2.51 2.48 2.44 2.4 2.37 2.33 2.28 2.22 2.15 2.09 2.02 1.96 1.89 1.83 1.77 1.71 1.65 1.59 1.54 1.48 1.43 1.38 1.33 1.29 1.24 1.2 1.16 1.13 1.09 1.06 1.02 0.994 0.967 0.94 0.918 0.897 0.878
1.12 1.18 1.25 1.32 1.4 1.48 1.56 1.64 1.72 1.8 1.87 1.94 2.01 2.08 2.14 2.2 2.26 2.31 2.36 2.4 2.44 2.47 2.5 2.53 2.54 2.55 2.56 2.56 2.56 2.55 2.54 2.52 2.5 2.47 2.45 2.41 2.38 2.34 2.3 2.26 2.21 2.15 2.09 2.03 1.96 1.9 1.84 1.77 1.71 1.65 1.6 1.54 1.49 1.44 1.39 1.35 1.3 1.26 1.21 1.18 1.14 1.1 1.07 1.04 1.01 0.977 0.95 0.925 0.903 0.883 0.865
1.14 1.21 1.28 1.36 1.43 1.52 1.6 1.68 1.76 1.84 1.91 1.98 2.05 2.11 2.17 2.23 2.28 2.32 2.36 2.4 2.43 2.46 2.48 2.5 2.51 2.52 2.52 2.51 2.51 2.49 2.48 2.46 2.43 2.41 2.38 2.34 2.31 2.27 2.22 2.18 2.13 2.08 2.02 1.96 1.9 1.84 1.78 1.72 1.66 1.6 1.55 1.5 1.45 1.4 1.36 1.31 1.27 1.23 1.19 1.15 1.11 1.08 1.05 1.01 0.983 0.955 0.929 0.904 0.883 0.863 0.846
1.16 1.24 1.31 1.39 1.47 1.55 1.64 1.72 1.8 1.88 1.95 2.02 2.08 2.14 2.2 2.25 2.29 2.33 2.36 2.4 2.42 2.44 2.46 2.47 2.48 2.47 2.47 2.46 2.45 2.43 2.42 2.39 2.36 2.34 2.3 2.27 2.23 2.19 2.15 2.11 2.06 2.01 1.95 1.9 1.84 1.78 1.72 1.66 1.61 1.56 1.5 1.46 1.41 1.36 1.32 1.28 1.23 1.19 1.16 1.12 1.09 1.05 1.02 0.989 0.96 0.932 0.907 0.882 0.861 0.842 0.825
1.19 1.26 1.34 1.42 1.5 1.59 1.68 1.76 1.84 1.91 1.99 2.05 2.11 2.17 2.22 2.26 2.3 2.33 2.36 2.38 2.4 2.42 2.43 2.43 2.43 2.42 2.42 2.4 2.39 2.37 2.35 2.32 2.29 2.26 2.23 2.19 2.15 2.11 2.07 2.03 1.98 1.93 1.88 1.83 1.77 1.72 1.67 1.61 1.56 1.51 1.46 1.41 1.37 1.33 1.28 1.24 1.2 1.16 1.12 1.09 1.05 1.02 0.991 0.961 0.932 0.905 0.88 0.856 0.835 0.816 0.799
1.21 1.28 1.36 1.45 1.53 1.62 1.71 1.79 1.87 1.95 2.02 2.08 2.14 2.19 2.23 2.27 2.3 2.33 2.35 2.37 2.38 2.39 2.39 2.39 2.38 2.37 2.36 2.34 2.32 2.3 2.28 2.25 2.22 2.19 2.15 2.12 2.08 2.03 1.99 1.95 1.91 1.86 1.81 1.76 1.71 1.66 1.61 1.56 1.51 1.47 1.42 1.37 1.33 1.29 1.25 1.2 1.16 1.13 1.09 1.06 1.02 0.992 0.961 0.932 0.905 0.878 0.853 0.829 0.81 0.791 0.775
1.23 1.3 1.39 1.47 1.56 1.65 1.74 1.83 1.9 1.97 2.04 2.1 2.16 2.2 2.24 2.28 2.3 2.32 2.34 2.35 2.35 2.35 2.34 2.33 2.32 2.31 2.3 2.28 2.26 2.23 2.21 2.18 2.14 2.11 2.08 2.04 2 1.96 1.92 1.88 1.84 1.8 1.75 1.71 1.66 1.61 1.56 1.52 1.47 1.42 1.38 1.33 1.29 1.25 1.21 1.17 1.13 1.09 1.06 1.02 0.992 0.961 0.932 0.903 0.876 0.85 0.827 0.803 0.785 0.767 0.752
1.24 1.32 1.41 1.5 1.59 1.68 1.77 1.85 1.93 2 2.06 2.12 2.17 2.22 2.25 2.28 2.3 2.31 2.32 2.32 2.32 2.31 2.29 2.28 2.27 2.25 2.24 2.21 2.19 2.16 2.14 2.1 2.07 2.04 2 1.97 1.93 1.89 1.85 1.82 1.78 1.74 1.7 1.65 1.61 1.56 1.52 1.47 1.43 1.38 1.33 1.29 1.25 1.21 1.17 1.13 1.09 1.06 1.03 0.993 0.962 0.931 0.903 0.876 0.85 0.825 0.803 0.781 0.764 0.748 0.736
1.26 1.34 1.43 1.52 1.61 1.7 1.8 1.87 1.95 2.02 2.08 2.14 2.19 2.23 2.25 2.28 2.29 2.3 2.3 2.29 2.28 2.26 2.24 2.22 2.21 2.19 2.17 2.15 2.12 2.1 2.07 2.03 2 1.97 1.94 1.9 1.86 1.83 1.79 1.76 1.72 1.68 1.64 1.6 1.56 1.51 1.47 1.42 1.38 1.34 1.29 1.25 1.21 1.17 1.13 1.1 1.06 1.03 0.994 0.963 0.932 0.902 0.875 0.849 0.825 0.802 0.782 0.763 0.749 0.735 0.725
1.27 1.35 1.44 1.53 1.63 1.72 1.81 1.89 1.97 2.03 2.1 2.15 2.19 2.23 2.25 2.27 2.28 2.28 2.27 2.26 2.24 2.22 2.19 2.17 2.15 2.13 2.11 2.09 2.06 2.03 2 1.97 1.94 1.91 1.88 1.84 1.81 1.77 1.74 1.71 1.67 1.63 1.59 1.55 1.51 1.46 1.42 1.38 1.34 1.29 1.25 1.21 1.17 1.13 1.1 1.06 1.03 0.995 0.964 0.933 0.904 0.877 0.852 0.828 0.806 0.785 0.768 0.752 0.739 0.728 0.719
1.28 1.36 1.45 1.54 1.64 1.73 1.83 1.9 1.98 2.05 2.11 2.16 2.2 2.23 2.25 2.26 2.27 2.26 2.25 2.23 2.21 2.18 2.14 2.12 2.1 2.08 2.05 2.03 2 1.97 1.94 1.91 1.88 1.85 1.82 1.79 1.76 1.72 1.69 1.66 1.62 1.58 1.54 1.5 1.46 1.42 1.37 1.33 1.29 1.25 1.21 1.17 1.13 1.1 1.06 1.03 0.994 0.963 0.933 0.905 0.878 0.854 0.831 0.809 0.791 0.773 0.758 0.744 0.733 0.723 0.716
1.29 1.37 1.46 1.55 1.64 1.74 1.83 1.91 1.98 2.05 2.11 2.16 2.19 2.22 2.24 2.25 2.25 2.24 2.22 2.2 2.17 2.14 2.11 2.07 2.05 2.02 2 1.97 1.95 1.92 1.89 1.86 1.83 1.8 1.77 1.74 1.71 1.67 1.64 1.61 1.57 1.53 1.49 1.45 1.41 1.37 1.33 1.29 1.25 1.21 1.17 1.13 1.1 1.06 1.03 0.995 0.963 0.934 0.906 0.881 0.856 0.833 0.813 0.794 0.777 0.761 0.748 0.735 0.725 0.716 0.71
1.29 1.37 1.46 1.55 1.65 1.74 1.83 1.91 1.98 2.04 2.1 2.15 2.18 2.21 2.22 2.23 2.23 2.22 2.2 2.17 2.14 2.11 2.07 2.03 2 1.97 1.95 1.92 1.89 1.87 1.84 1.81 1.78 1.75 1.72 1.69 1.66 1.62 1.59 1.56 1.52 1.48 1.44 1.4 1.36 1.32 1.28 1.25 1.21 1.17 1.13 1.1 1.06 1.03 0.994 0.963 0.933 0.906 0.88 0.857 0.835 0.814 0.796 0.779 0.764 0.749 0.737 0.726 0.717 0.709 0.705
1.29 1.37 1.46 1.55 1.64 1.73 1.82 1.9 1.97 2.03 2.09 2.13 2.16 2.19 2.2 2.21 2.2 2.19 2.17 2.14 2.11 2.07 2.03 1.99 1.96 1.93 1.9 1.87 1.85 1.82 1.79 1.76 1.73 1.7 1.68 1.64 1.61 1.58 1.54 1.51 1.47 1.43 1.39 1.36 1.32 1.28 1.24 1.2 1.17 1.13 1.1 1.06 1.03 0.995 0.964 0.935 0.907 0.882 0.858 0.836 0.815 0.795 0.778 0.762 0.748 0.735 0.725 0.715 0.708 0.702 0.698
1.28 1.37 1.45 1.54 1.63 1.72 1.81 1.88 1.96 2.02 2.07 2.11 2.14 2.16 2.18 2.18 2.18 2.16 2.14 2.11 2.07 2.03 1.99 1.95 1.92 1.88 1.85 1.82 1.8 1.77 1.74 1.71 1.68 1.66 1.63 1.6 1.56 1.53 1.49 1.46 1.42 1.38 1.35 1.31 1.27 1.24 1.2 1.16 1.13 1.09 1.06 1.03 0.995 0.964 0.935 0.908 0.881 0.858 0.835 0.815 0.795 0.776 0.76 0.746 0.733 0.722 0.713 0.704 0.699 0.694 0.692
1.27 1.35 1.43 1.52 1.61 1.69 1.78 1.86 1.93 1.99 2.04 2.08 2.11 2.13 2.14 2.15 2.14 2.13 2.1 2.07 2.03 1.99 1.95 1.91 1.87 1.84 1.8 1.78 1.75 1.72 1.69 1.66 1.63 1.61 1.58 1.54 1.51 1.48 1.44 1.41 1.37 1.34 1.3 1.27 1.23 1.19 1.16 1.12 1.09 1.06 1.03 0.995 0.964 0.935 0.907 0.881 0.856 0.834 0.813 0.793 0.775 0.757 0.742 0.729 0.718 0.707 0.7 0.693 0.689 0.686 0.685
1.26 1.34 1.42 1.5 1.58 1.67 1.75 1.83 1.9 1.96 2 2.04 2.07 2.09 2.11 2.11 2.1 2.09 2.06 2.03 1.99 1.95 1.9 1.86 1.83 1.79 1.76 1.73 1.7 1.67 1.64 1.61 1.58 1.55 1.52 1.49 1.46 1.43 1.39 1.36 1.32 1.29 1.26 1.22 1.19 1.15 1.12 1.08 1.05 1.02 0.993 0.964 0.935 0.907 0.88 0.855 0.832 0.811 0.791 0.772 0.754 0.738 0.724 0.712 0.702 0.693 0.687 0.681 0.679 0.677 0.677
1.24 1.32 1.39 1.47 1.55 1.63 1.71 1.79 1.85 1.91 1.96 2 2.02 2.04 2.06 2.06 2.06 2.05 2.02 1.98 1.94 1.9 1.85 1.81 1.78 1.74 1.71 1.67 1.65 1.62 1.59 1.56 1.53 1.5 1.47 1.44 1.41 1.38 1.34 1.31 1.28 1.24 1.21 1.18 1.15 1.11 1.08 1.05 1.02 0.99 0.962 0.934 0.906 0.879 0.853 0.83 0.807 0.787 0.768 0.751 0.734 0.719 0.707 0.695 0.687 0.68 0.674 0.669 0.667 0.665 0.665
1.22 1.29 1.36 1.44 1.52 1.59 1.67 1.74 1.8 1.86 1.9 1.94 1.97 1.99 2 2 2 1.99 1.96 1.92 1.88 1.84 1.8 1.76 1.72 1.69 1.65 1.62 1.59 1.57 1.54 1.51 1.48 1.45 1.42 1.39 1.36 1.33 1.29 1.26 1.23 1.2 1.17 1.14 1.11 1.08 1.05 1.02 0.987 0.959 0.932 0.905 0.878 0.853 0.828 0.805 0.784 0.765 0.747 0.73 0.715 0.7 0.688 0.678 0.67 0.664 0.659 0.654 0.652 0.65 0.649
1.19 1.26 1.33 1.4 1.47 1.55 1.62 1.68 1.74 1.8 1.84 1.87 1.9 1.92 1.93 1.93 1.92 1.91 1.89 1.85 1.82 1.78 1.74 1.7 1.67 1.63 1.6 1.57 1.54 1.51 1.48 1.45 1.42 1.39 1.37 1.34 1.31 1.28 1.24 1.21 1.18 1.15 1.13 1.1 1.07 1.04 1.01 0.982 0.955 0.928 0.902 0.876 0.85 0.826 0.803 0.781 0.761 0.742 0.725 0.709 0.695 0.681 0.669 0.659 0.651 0.644 0.639 0.634 0.632 0.629 0.628
1.16 1.22 1.29 1.36 1.42 1.49 1.56 1.62 1.68 1.73 1.77 1.8 1.82 1.84 1.85 1.85 1.85 1.83 1.81 1.78 1.75 1.71 1.68 1.64 1.61 1.58 1.54 1.51 1.48 1.46 1.43 1.4 1.37 1.34 1.31 1.28 1.26 1.23 1.2 1.17 1.14 1.11 1.08 1.06 1.03 1 0.976 0.949 0.923 0.898 0.873 0.848 0.824 0.801 0.778 0.758 0.738 0.721 0.704 0.688 0.674 0.661 0.649 0.639 0.631 0.623 0.617 0.612 0.609 0.606 0.604
