maui/input/month_year_rainfall/maui_prcp_09_2001.asc
ncols        361
nrows        320
xllcorner    -156.738000000000
yllcorner    20.343000000000
cellsize     0.002250000000
NODATA_value -3.4028234663852885981e+38
[rows 124 to 154 of 320, columns 213 to 283 of 361]
1.54 1.68 1.83 1.99 2.17 2.35 2.55 2.76 2.98 3.2 3.44 3.69 3.95 4.23 4.52 4.8 5.08 5.35 5.61 5.86 6.11 6.36 6.6 6.84 7.08 7.31 7.52 7.71 7.9 8.08 8.24 8.4 8.52 8.64 8.74 8.84 8.93 9.02 9.08 9.15 9.23 9.31 9.38 9.48 9.6 9.72 9.86 10 10.2 10.3 10.6 10.8 11.1 11.4 11.7 12 12.4 12.8 13.2 13.6 14 14.4 14.8 15.2 15.5 15.8 16.1 16.2 16.3 16.3 16.3
1.44 1.57 1.7 1.85 2.01 2.17 2.35 2.54 2.75 2.96 3.18 3.41 3.66 3.92 4.2 4.47 4.73 4.97 5.21 5.46 5.7 5.94 6.18 6.41 6.65 6.87 7.09 7.31 7.51 7.7 7.88 8.05 8.19 8.33 8.44 8.56 8.67 8.77 8.86 8.95 9.05 9.14 9.23 9.35 9.48 9.62 9.77 9.93 10.1 10.3 10.5 10.8 11.1 11.4 11.7 12.1 12.5 12.9 13.3 13.7 14.2 14.6 15.1 15.5 15.9 16.3 16.6 16.7 16.8 16.8 16.8
1.36 1.47 1.59 1.72 1.86 2.01 2.17 2.34 2.53 2.72 2.93 3.15 3.38 3.63 3.9 4.17 4.39 4.61 4.83 5.05 5.28 5.52 5.75 5.98 6.22 6.44 6.67 6.9 7.11 7.32 7.51 7.69 7.85 8.01 8.14 8.26 8.4 8.52 8.63 8.75 8.87 8.97 9.08 9.21 9.36 9.52 9.68 9.85 10 10.2 10.5 10.7 11 11.4 11.7 12.1 12.5 12.9 13.4 13.9 14.3 14.8 15.3 15.8 16.3 16.8 17.1 17.2 17.2 17.3 17.3
1.28 1.38 1.49 1.6 1.73 1.86 2 2.16 2.32 2.5 2.69 2.89 3.12 3.35 3.61 3.87 4.07 4.26 4.45 4.66 4.88 5.11 5.33 5.56 5.79 6.03 6.27 6.49 6.71 6.92 7.12 7.31 7.49 7.66 7.82 7.97 8.12 8.27 8.4 8.54 8.68 8.81 8.93 9.08 9.24 9.41 9.58 9.75 9.94 10.2 10.4 10.7 11 11.4 11.7 12.1 12.5 13 13.4 13.9 14.4 14.9 15.5 16 16.6 17.1 17.4 17.5 17.6 17.7 17.8
1.2 1.29 1.38 1.48 1.59 1.71 1.84 1.97 2.12 2.28 2.45 2.64 2.84 3.05 3.28 3.51 3.72 3.89 4.07 4.27 4.47 4.7 4.93 5.15 5.39 5.63 5.87 6.1 6.32 6.54 6.74 6.94 7.13 7.32 7.49 7.66 7.84 8.01 8.16 8.32 8.49 8.64 8.78 8.94 9.12 9.3 9.48 9.65 9.85 10.1 10.3 10.6 11 11.3 11.7 12.1 12.6 13 13.5 14 14.5 15 15.6 16.1 16.7 17.2 17.5 17.8 17.9 18 18.2
1.13 1.2 1.28 1.37 1.47 1.57 1.68 1.8 1.93 2.07 2.22 2.38 2.56 2.75 2.95 3.15 3.34 3.51 3.68 3.87 4.07 4.3 4.53 4.76 5 5.24 5.48 5.71 5.94 6.16 6.38 6.59 6.79 6.98 7.17 7.35 7.55 7.74 7.92 8.11 8.3 8.47 8.63 8.8 8.99 9.18 9.36 9.55 9.75 9.98 10.2 10.6 10.9 11.3 11.7 12.1 12.5 13 13.5 14 14.6 15.1 15.6 16.2 16.7 17.2 17.6 17.9 18.1 18.3 18.5
1.06 1.12 1.19 1.26 1.34 1.43 1.52 1.63 1.74 1.86 1.99 2.13 2.28 2.44 2.62 2.8 2.97 3.14 3.31 3.5 3.69 3.92 4.14 4.38 4.62 4.86 5.1 5.33 5.56 5.78 6 6.21 6.42 6.62 6.81 7.01 7.22 7.42 7.63 7.83 8.04 8.24 8.42 8.62 8.83 9.02 9.22 9.42 9.64 9.88 10.1 10.5 10.8 11.2 11.6 12.1 12.5 13 13.5 14 14.6 15.1 15.6 16.2 16.7 17.2 17.6 18 18.2 18.5 18.7
0.986 1.04 1.09 1.15 1.22 1.29 1.37 1.46 1.56 1.66 1.77 1.88 2.01 2.15 2.3 2.46 2.62 2.79 2.95 3.14 3.34 3.55 3.77 4 4.24 4.48 4.71 4.94 5.17 5.41 5.62 5.82 6.04 6.25 6.45 6.66 6.88 7.09 7.31 7.53 7.76 7.98 8.18 8.41 8.63 8.85 9.06 9.28 9.51 9.76 10 10.4 10.7 11.1 11.5 12 12.4 12.9 13.4 14 14.5 15.1 15.6 16.2 16.7 17.2 17.6 18 18.3 18.6 18.9
0.921 0.962 1.01 1.05 1.11 1.17 1.23 1.31 1.39 1.47 1.56 1.66 1.77 1.88 2.01 2.14 2.28 2.44 2.59 2.79 3 3.22 3.44 3.66 3.89 4.12 4.35 4.57 4.79 5.02 5.23 5.44 5.66 5.87 6.08 6.29 6.52 6.75 6.98 7.21 7.45 7.68 7.9 8.13 8.36 8.59 8.82 9.05 9.29 9.55 9.84 10.2 10.5 10.9 11.3 11.8 12.3 12.7 13.3 13.8 14.4 14.9 15.5 16 16.6 17.1 17.6 18 18.4 18.8 19.1
0.857 0.89 0.924 0.96 1 1.05 1.1 1.16 1.23 1.3 1.38 1.45 1.54 1.63 1.74 1.85 1.96 2.1 2.25 2.46 2.68 2.9 3.12 3.34 3.55 3.77 3.99 4.2 4.42 4.64 4.86 5.07 5.29 5.5 5.71 5.93 6.17 6.4 6.64 6.89 7.14 7.38 7.6 7.84 8.07 8.31 8.56 8.8 9.05 9.32 9.62 9.96 10.3 10.7 11.1 11.6 12 12.5 13 13.6 14.2 14.7 15.3 15.9 16.5 17 17.5 18 18.5 18.9 19.2
0.801 0.825 0.851 0.878 0.907 0.946 0.994 1.04 1.1 1.16 1.22 1.29 1.36 1.43 1.52 1.61 1.71 1.85 2.01 2.2 2.41 2.62 2.83 3.04 3.24 3.45 3.66 3.86 4.06 4.27 4.47 4.67 4.89 5.1 5.32 5.54 5.78 6.03 6.27 6.52 6.78 7.02 7.24 7.48 7.72 7.96 8.2 8.45 8.7 8.98 9.28 9.63 10 10.4 10.8 11.3 11.7 12.2 12.7 13.3 13.8 14.4 15 15.6 16.2 16.7 17.3 17.9 18.4 18.8 19.3
0.746 0.765 0.785 0.805 0.828 0.857 0.895 0.937 0.982 1.03 1.08 1.13 1.19 1.25 1.32 1.39 1.48 1.62 1.78 1.97 2.16 2.36 2.55 2.75 2.95 3.14 3.33 3.52 3.72 3.91 4.1 4.29 4.5 4.71 4.93 5.16 5.41 5.65 5.9 6.16 6.42 6.66 6.88 7.11 7.35 7.59 7.84 8.09 8.35 8.63 8.94 9.28 9.65 10.1 10.5 10.9 11.4 11.8 12.4 12.9 13.5 14 14.6 15.2 15.8 16.5 17.1 17.7 18.2 18.8 19.3
0.698 0.713 0.728 0.745 0.764 0.787 0.816 0.847 0.882 0.918 0.961 1 1.06 1.11 1.17 1.24 1.33 1.45 1.59 1.76 1.93 2.11 2.3 2.48 2.67 2.85 3.03 3.21 3.39 3.57 3.75 3.93 4.13 4.32 4.54 4.75 4.99 5.23 5.48 5.73 5.99 6.23 6.45 6.68 6.92 7.16 7.4 7.66 7.92 8.2 8.51 8.85 9.22 9.61 10 10.4 10.9 11.4 11.9 12.4 13 13.6 14.2 14.8 15.4 16.1 16.7 17.3 17.9 18.5 19.1
0.654 0.665 0.677 0.69 0.706 0.723 0.744 0.768 0.794 0.821 0.856 0.892 0.938 0.985 1.04 1.1 1.18 1.29 1.42 1.57 1.72 1.89 2.05 2.23 2.4 2.57 2.74 2.91 3.08 3.25 3.41 3.58 3.76 3.94 4.14 4.35 4.57 4.81 5.05 5.3 5.55 5.79 6.01 6.24 6.48 6.71 6.96 7.22 7.49 7.77 8.07 8.4 8.76 9.14 9.55 9.97 10.4 10.9 11.4 11.9 12.5 13.1 13.7 14.3 15 15.6 16.3 17 17.6 18.3 18.9
0.619 0.627 0.636 0.645 0.657 0.67 0.685 0.702 0.722 0.743 0.77 0.8 0.838 0.879 0.923 0.978 1.04 1.14 1.25 1.39 1.53 1.68 1.83 1.99 2.15 2.31 2.46 2.62 2.77 2.92 3.07 3.22 3.38 3.54 3.72 3.9 4.11 4.33 4.56 4.8 5.05 5.29 5.51 5.74 5.98 6.22 6.47 6.73 7 7.28 7.58 7.9 8.25 8.63 9.02 9.43 9.87 10.3 10.8 11.4 11.9 12.5 13.1 13.8 14.5 15.2 15.9 16.6 17.3 17.9 18.6
0.588 0.594 0.6 0.606 0.614 0.622 0.634 0.646 0.661 0.677 0.698 0.722 0.754 0.788 0.827 0.873 0.925 1.01 1.11 1.22 1.35 1.49 1.63 1.77 1.91 2.06 2.2 2.34 2.48 2.61 2.74 2.88 3.02 3.16 3.32 3.48 3.67 3.87 4.08 4.31 4.54 4.77 5 5.23 5.47 5.71 5.96 6.22 6.49 6.77 7.06 7.38 7.72 8.09 8.47 8.87 9.3 9.76 10.3 10.8 11.4 12 12.6 13.3 14 14.7 15.4 16.2 16.9 17.6 18.3
0.563 0.567 0.57 0.573 0.578 0.583 0.592 0.601 0.612 0.624 0.641 0.66 0.686 0.715 0.748 0.787 0.832 0.899 0.983 1.09 1.2 1.32 1.45 1.58 1.71 1.83 1.96 2.08 2.2 2.32 2.44 2.55 2.68 2.8 2.94 3.08 3.24 3.41 3.6 3.8 4.02 4.24 4.46 4.69 4.93 5.17 5.42 5.68 5.95 6.22 6.51 6.82 7.15 7.51 7.89 8.29 8.71 9.16 9.65 10.2 10.7 11.3 12 12.7 13.4 14.2 14.9 15.7 16.5 17.2 18
0.542 0.543 0.544 0.545 0.547 0.551 0.557 0.563 0.572 0.581 0.595 0.61 0.631 0.655 0.683 0.715 0.751 0.805 0.875 0.966 1.07 1.18 1.29 1.4 1.52 1.63 1.74 1.85 1.95 2.06 2.16 2.26 2.36 2.47 2.59 2.71 2.84 2.99 3.15 3.33 3.52 3.73 3.94 4.16 4.38 4.62 4.86 5.12 5.38 5.65 5.94 6.25 6.57 6.93 7.3 7.69 8.11 8.56 9.03 9.55 10.1 10.7 11.4 12.1 12.8 13.6 14.4 15.2 16 16.8 17.6
0.523 0.522 0.521 0.52 0.521 0.523 0.528 0.533 0.54 0.547 0.558 0.57 0.587 0.606 0.629 0.656 0.685 0.725 0.78 0.863 0.952 1.05 1.15 1.25 1.35 1.45 1.54 1.64 1.73 1.81 1.9 1.99 2.08 2.17 2.27 2.37 2.49 2.61 2.74 2.89 3.06 3.24 3.43 3.63 3.85 4.07 4.3 4.54 4.8 5.07 5.35 5.66 5.99 6.34 6.71 7.1 7.52 7.95 8.41 8.91 9.47 10.1 10.7 11.5 12.3 13.1 13.9 14.7 15.6 16.4 17.2
0.508 0.505 0.502 0.5 0.499 0.499 0.503 0.508 0.514 0.52 0.529 0.538 0.551 0.567 0.586 0.608 0.633 0.667 0.713 0.782 0.859 0.942 1.03 1.12 1.2 1.29 1.38 1.46 1.54 1.62 1.69 1.77 1.84 1.92 2.01 2.1 2.2 2.3 2.42 2.55 2.69 2.85 3.02 3.2 3.39 3.6 3.81 4.03 4.27 4.53 4.81 5.11 5.43 5.78 6.14 6.53 6.93 7.34 7.78 8.26 8.8 9.41 10.1 10.8 11.6 12.5 13.3 14.2 15.1 16 16.8
0.495 0.49 0.486 0.483 0.48 0.478 0.482 0.488 0.493 0.497 0.503 0.51 0.521 0.533 0.55 0.569 0.592 0.623 0.662 0.717 0.781 0.852 0.925 1 1.08 1.15 1.23 1.31 1.38 1.44 1.51 1.58 1.64 1.71 1.79 1.86 1.95 2.04 2.14 2.25 2.37 2.51 2.65 2.81 2.98 3.16 3.35 3.56 3.78 4.03 4.29 4.58 4.9 5.24 5.61 5.99 6.36 6.75 7.16 7.61 8.13 8.75 9.47 10.2 11.1 11.9 12.8 13.7 14.6 15.5 16.4
0.486 0.48 0.474 0.47 0.467 0.466 0.468 0.472 0.476 0.479 0.483 0.488 0.496 0.506 0.52 0.538 0.559 0.586 0.619 0.664 0.717 0.776 0.839 0.905 0.973 1.04 1.11 1.17 1.24 1.3 1.36 1.42 1.48 1.53 1.6 1.67 1.75 1.83 1.91 2.01 2.12 2.24 2.37 2.51 2.66 2.83 3 3.19 3.4 3.63 3.88 4.15 4.46 4.8 5.16 5.54 5.9 6.26 6.66 7.06 7.54 8.2 8.94 9.73 10.6 11.4 12.3 13.2 14.2 15.1 16
0.479 0.472 0.465 0.46 0.457 0.456 0.457 0.459 0.462 0.463 0.466 0.469 0.475 0.483 0.495 0.511 0.53 0.553 0.58 0.617 0.66 0.71 0.763 0.819 0.878 0.936 0.996 1.06 1.11 1.17 1.22 1.27 1.32 1.37 1.43 1.49 1.56 1.63 1.71 1.79 1.89 1.99 2.11 2.23 2.37 2.52 2.67 2.85 3.05 3.27 3.5 3.76 4.06 4.4 4.76 5.14 5.5 5.85 6.23 6.62 7.09 7.76 8.5 9.29 10.1 11 11.9 12.8 13.7 14.7 15.6
0.475 0.467 0.46 0.454 0.45 0.448 0.448 0.449 0.45 0.451 0.452 0.454 0.459 0.465 0.476 0.489 0.506 0.527 0.551 0.583 0.619 0.662 0.708 0.757 0.809 0.862 0.916 0.97 1.02 1.07 1.12 1.17 1.22 1.26 1.32 1.37 1.43 1.49 1.57 1.64 1.73 1.82 1.92 2.03 2.15 2.29 2.43 2.61 2.8 3.01 3.25 3.5 3.78 4.14 4.51 4.88 5.24 5.6 5.99 6.4 6.9 7.5 8.2 8.95 9.76 10.6 11.5 12.4 13.4 14.3 15.3
0.472 0.463 0.455 0.448 0.443 0.44 0.439 0.439 0.439 0.439 0.44 0.441 0.444 0.45 0.459 0.471 0.486 0.504 0.525 0.552 0.583 0.619 0.659 0.703 0.749 0.796 0.843 0.891 0.938 0.984 1.03 1.07 1.12 1.16 1.21 1.26 1.32 1.37 1.44 1.5 1.58 1.66 1.75 1.85 1.95 2.07 2.21 2.37 2.56 2.78 3.03 3.3 3.6 3.95 4.31 4.68 5.04 5.4 5.79 6.21 6.71 7.28 7.94 8.65 9.43 10.3 11.1 12 13 13.9 14.9
0.469 0.459 0.45 0.443 0.437 0.433 0.431 0.429 0.429 0.429 0.429 0.43 0.433 0.437 0.445 0.456 0.469 0.486 0.505 0.528 0.555 0.586 0.621 0.66 0.701 0.742 0.785 0.828 0.871 0.913 0.955 0.996 1.04 1.08 1.13 1.17 1.23 1.28 1.34 1.4 1.47 1.54 1.62 1.71 1.8 1.91 2.03 2.19 2.38 2.62 2.89 3.19 3.52 3.86 4.21 4.56 4.91 5.26 5.66 6.08 6.57 7.11 7.73 8.41 9.15 9.95 10.8 11.7 12.6 13.6 14.6
0.465 0.455 0.446 0.438 0.431 0.426 0.422 0.42 0.419 0.419 0.419 0.42 0.422 0.427 0.433 0.443 0.455 0.47 0.487 0.508 0.531 0.559 0.589 0.623 0.659 0.696 0.734 0.772 0.812 0.851 0.89 0.929 0.97 1.01 1.05 1.1 1.15 1.19 1.25 1.31 1.37 1.44 1.51 1.59 1.67 1.76 1.87 2.01 2.21 2.47 2.78 3.12 3.46 3.8 4.14 4.47 4.81 5.15 5.54 5.95 6.42 6.94 7.53 8.18 8.89 9.66 10.5 11.4 12.3 13.2 14.2
0.46 0.449 0.44 0.431 0.424 0.418 0.414 0.411 0.409 0.409 0.41 0.411 0.414 0.418 0.424 0.433 0.444 0.458 0.474 0.493 0.514 0.538 0.565 0.596 0.628 0.661 0.695 0.73 0.766 0.802 0.839 0.876 0.915 0.954 0.997 1.04 1.08 1.13 1.18 1.24 1.3 1.36 1.43 1.51 1.58 1.66 1.75 1.87 2.06 2.37 2.72 3.1 3.48 3.81 4.13 4.43 4.75 5.08 5.45 5.84 6.3 6.81 7.37 7.99 8.68 9.42 10.2 11.1 12 12.9 13.8
0.454 0.443 0.433 0.424 0.417 0.411 0.406 0.402 0.401 0.4 0.402 0.404 0.407 0.411 0.418 0.426 0.437 0.449 0.464 0.481 0.5 0.522 0.546 0.573 0.602 0.632 0.663 0.695 0.728 0.761 0.795 0.83 0.867 0.904 0.945 0.986 1.03 1.07 1.13 1.18 1.24 1.3 1.37 1.45 1.52 1.6 1.68 1.77 1.94 2.3 2.7 3.13 3.53 3.85 4.13 4.4 4.69 5 5.36 5.74 6.19 6.67 7.22 7.81 8.47 9.19 9.96 10.8 11.6 12.5 13.4
0.447 0.435 0.425 0.416 0.409 0.403 0.398 0.395 0.393 0.394 0.395 0.398 0.402 0.407 0.413 0.421 0.431 0.443 0.457 0.473 0.49 0.51 0.531 0.556 0.582 0.61 0.638 0.666 0.696 0.726 0.758 0.79 0.825 0.861 0.901 0.941 0.984 1.03 1.08 1.14 1.2 1.26 1.33 1.41 1.49 1.58 1.67 1.79 1.99 2.32 2.72 3.17 3.63 3.89 4.12 4.36 4.64 4.94 5.28 5.65 6.08 6.54 7.07 7.65 8.29 8.98 9.72 10.5 11.3 12.2 13
0.438 0.425 0.416 0.408 0.401 0.396 0.392 0.389 0.388 0.389 0.39 0.393 0.398 0.403 0.409 0.417 0.427 0.438 0.452 0.467 0.483 0.501 0.52 0.543 0.567 0.592 0.617 0.643 0.67 0.697 0.726 0.756 0.79 0.824 0.862 0.902 0.945 0.99 1.04 1.1 1.16 1.23 1.31 1.39 1.48 1.58 1.69 1.84 2.06 2.35 2.72 3.14 3.55 3.83 4.05 4.29 4.56 4.85 5.18 5.55 5.96 6.41 6.93 7.49 8.1 8.77 9.5 10.3 11.1 11.9 12.7
