maui/input/month_year_rainfall/maui_prcp_11_2002.asc
ncols        361
nrows        320
xllcorner    -156.738000000000
yllcorner    20.343000000000
cellsize     0.002250000000
NODATA_value -3.4028234663852885981e+38
[rows 62 to 92 of 320, columns 71 to 141 of 361]
5.67 5.51 5.35 5.2 5.03 4.86 4.68 4.49 4.3 4.11 3.92 3.72 3.53 3.34 3.15 2.97 2.79 2.62 2.45 2.28 2.12 1.97 1.82 1.68 1.56 1.45 1.35 1.26 1.18 1.1 1.04 0.981 0.931 0.885 0.842 0.8 0.761 0.727 0.695 -3.4e+38 -3.4e+38 -3.4e+38 -3.4e+38 -3.4e+38 -3.4e+38 -3.4e+38 -3.4e+38 -3.4e+38 -3.4e+38 -3.4e+38 -3.4e+38 -3.4e+38 -3.4e+38 -3.4e+38 -3.4e+38 -3.4e+38 -3.4e+38 -3.4e+38 -3.4e+38 -3.4e+38 -3.4e+38 -3.4e+38 -3.4e+38 -3.4e+38 -3.4e+38 -3.4e+38 -3.4e+38 -3.4e+38 -3.4e+38 -3.4e+38 -3.4e+38
5.75 5.57 5.41 5.26 5.09 4.91 4.73 4.53 4.34 4.14 3.94 3.74 3.55 3.35 3.16 2.97 2.79 2.61 2.44 2.28 2.11 1.96 1.81 1.67 1.55 1.44 1.34 1.24 1.16 1.09 1.03 0.969 0.919 0.873 0.83 0.79 0.751 0.718 0.686 -3.4e+38 -3.4e+38 -3.4e+38 -3.4e+38 -3.4e+38 -3.4e+38 -3.4e+38 -3.4e+38 -3.4e+38 -3.4e+38 -3.4e+38 -3.4e+38 -3.4e+38 -3.4e+38 -3.4e+38 -3.4e+38 -3.4e+38 -3.4e+38 -3.4e+38 -3.4e+38 -3.4e+38 -3.4e+38 -3.4e+38 -3.4e+38 -3.4e+38 -3.4e+38 -3.4e+38 -3.4e+38 -3.4e+38 -3.4e+38 -3.4e+38 -3.4e+38
5.83 5.66 5.5 5.33 5.16 4.97 4.77 4.57 4.37 4.17 3.96 3.76 3.56 3.36 3.17 2.97 2.79 2.61 2.43 2.27 2.1 1.94 1.79 1.64 1.53 1.41 1.32 1.23 1.15 1.07 1.01 0.955 0.906 0.861 0.817 0.777 0.739 0.707 0.676 0.648 -3.4e+38 -3.4e+38 -3.4e+38 -3.4e+38 -3.4e+38 -3.4e+38 -3.4e+38 -3.4e+38 -3.4e+38 -3.4e+38 -3.4e+38 -3.4e+38 -3.4e+38 -3.4e+38 -3.4e+38 -3.4e+38 -3.4e+38 -3.4e+38 -3.4e+38 -3.4e+38 -3.4e+38 -3.4e+38 -3.4e+38 -3.4e+38 -3.4e+38 -3.4e+38 -3.4e+38 -3.4e+38 -3.4e+38 -3.4e+38 -3.4e+38
5.92 5.76 5.58 5.41 5.22 5.02 4.82 4.61 4.4 4.19 3.98 3.77 3.57 3.37 3.17 2.97 2.78 2.6 2.42 2.25 2.09 1.92 1.77 1.62 1.5 1.39 1.3 1.21 1.13 1.05 0.994 0.939 0.891 0.846 0.804 0.764 0.727 0.695 0.664 -3.4e+38 -3.4e+38 -3.4e+38 -3.4e+38 -3.4e+38 -3.4e+38 -3.4e+38 -3.4e+38 -3.4e+38 -3.4e+38 -3.4e+38 -3.4e+38 -3.4e+38 -3.4e+38 -3.4e+38 -3.4e+38 -3.4e+38 -3.4e+38 -3.4e+38 -3.4e+38 -3.4e+38 -3.4e+38 -3.4e+38 -3.4e+38 -3.4e+38 -3.4e+38 -3.4e+38 -3.4e+38 -3.4e+38 -3.4e+38 -3.4e+38 -3.4e+38
6.01 5.84 5.66 5.47 5.27 5.07 4.85 4.63 4.41 4.2 3.98 3.77 3.57 3.36 3.16 2.96 2.77 2.59 2.41 2.24 2.07 1.9 1.75 1.59 1.48 1.37 1.28 1.19 1.11 1.03 0.974 0.919 0.873 0.83 0.79 0.751 0.713 0.682 0.652 0.625 -3.4e+38 -3.4e+38 -3.4e+38 -3.4e+38 -3.4e+38 -3.4e+38 -3.4e+38 -3.4e+38 -3.4e+38 -3.4e+38 -3.4e+38 -3.4e+38 -3.4e+38 -3.4e+38 -3.4e+38 -3.4e+38 -3.4e+38 -3.4e+38 -3.4e+38 -3.4e+38 -3.4e+38 -3.4e+38 -3.4e+38 -3.4e+38 -3.4e+38 -3.4e+38 -3.4e+38 -3.4e+38 -3.4e+38 -3.4e+38 -3.4e+38
6.09 5.91 5.72 5.52 5.31 5.09 4.87 4.65 4.42 4.2 3.98 3.76 3.55 3.35 3.15 2.95 2.75 2.57 2.39 2.22 2.05 1.88 1.72 1.57 1.45 1.34 1.25 1.17 1.09 1.01 0.953 0.899 0.854 0.813 0.775 0.737 0.7 0.669 0.639 0.613 0.587 0.564 0.542 -3.4e+38 -3.4e+38 -3.4e+38 -3.4e+38 -3.4e+38 -3.4e+38 -3.4e+38 -3.4e+38 -3.4e+38 -3.4e+38 -3.4e+38 -3.4e+38 -3.4e+38 -3.4e+38 -3.4e+38 -3.4e+38 -3.4e+38 -3.4e+38 -3.4e+38 -3.4e+38 -3.4e+38 -3.4e+38 -3.4e+38 -3.4e+38 0.443 0.445 0.447 0.449
6.15 5.97 5.77 5.56 5.34 5.11 4.88 4.65 4.41 4.18 3.96 3.74 3.53 3.33 3.12 2.93 2.73 2.54 2.37 2.19 2.03 1.86 1.7 1.55 1.43 1.31 1.23 1.14 1.07 0.993 0.933 0.879 0.835 0.795 0.758 0.722 0.687 0.656 0.626 0.6 0.575 0.552 0.531 -3.4e+38 -3.4e+38 -3.4e+38 -3.4e+38 -3.4e+38 -3.4e+38 -3.4e+38 -3.4e+38 -3.4e+38 -3.4e+38 -3.4e+38 -3.4e+38 -3.4e+38 -3.4e+38 -3.4e+38 -3.4e+38 -3.4e+38 -3.4e+38 -3.4e+38 -3.4e+38 -3.4e+38 -3.4e+38 0.434 0.436 0.438 0.439 0.441 0.444
6.18 6 5.78 5.57 5.34 5.1 4.87 4.63 4.39 4.16 3.93 3.71 3.5 3.29 3.09 2.89 2.7 2.51 2.34 2.17 2 1.84 1.68 1.53 1.41 1.29 1.2 1.12 1.04 0.972 0.912 0.859 0.815 0.776 0.74 0.706 0.672 0.642 0.613 0.587 0.562 0.54 0.519 0.501 -3.4e+38 -3.4e+38 -3.4e+38 -3.4e+38 -3.4e+38 -3.4e+38 -3.4e+38 -3.4e+38 -3.4e+38 -3.4e+38 -3.4e+38 -3.4e+38 -3.4e+38 -3.4e+38 -3.4e+38 -3.4e+38 -3.4e+38 -3.4e+38 -3.4e+38 -3.4e+38 0.428 0.429 0.431 0.432 0.434 0.436 0.438
6.21 6.01 5.79 5.56 5.32 5.08 4.84 4.6 4.36 4.12 3.89 3.67 3.46 3.25 3.05 2.85 2.66 2.48 2.3 2.13 1.97 1.81 1.66 1.51 1.38 1.27 1.18 1.1 1.02 0.95 0.892 0.839 0.796 0.757 0.722 0.689 0.657 0.627 0.599 0.574 0.549 0.528 0.508 0.49 -3.4e+38 -3.4e+38 -3.4e+38 -3.4e+38 -3.4e+38 -3.4e+38 -3.4e+38 -3.4e+38 -3.4e+38 -3.4e+38 -3.4e+38 -3.4e+38 -3.4e+38 -3.4e+38 -3.4e+38 -3.4e+38 -3.4e+38 -3.4e+38 0.42 0.421 0.423 0.424 0.426 0.427 0.429 0.431 0.433
6.21 5.99 5.76 5.52 5.27 5.03 4.78 4.54 4.3 4.06 3.83 3.61 3.4 3.19 3 2.8 2.61 2.43 2.26 2.09 1.93 1.78 1.63 1.49 1.36 1.25 1.16 1.07 0.999 0.93 0.872 0.82 0.776 0.737 0.702 0.67 0.64 0.611 0.584 0.559 0.536 0.516 0.496 0.479 -3.4e+38 -3.4e+38 0.441 0.432 -3.4e+38 -3.4e+38 -3.4e+38 -3.4e+38 -3.4e+38 -3.4e+38 -3.4e+38 -3.4e+38 -3.4e+38 -3.4e+38 -3.4e+38 -3.4e+38 0.412 0.413 0.414 0.416 0.418 0.419 0.421 0.422 0.424 0.425 0.428
6.19 5.96 5.71 5.46 5.21 4.96 4.71 4.46 4.22 3.99 3.76 3.54 3.33 3.13 2.94 2.75 2.56 2.38 2.21 2.05 1.9 1.75 1.6 1.47 1.34 1.22 1.13 1.05 0.977 0.91 0.852 0.8 0.756 0.717 0.683 0.652 0.623 0.595 0.569 0.545 0.523 0.504 0.485 0.469 0.454 0.442 0.432 0.424 0.418 0.413 0.41 -3.4e+38 -3.4e+38 -3.4e+38 -3.4e+38 -3.4e+38 -3.4e+38 0.404 0.405 0.405 0.406 0.408 0.409 0.411 0.413 0.415 0.416 0.417 0.419 0.42 0.423
6.14 5.89 5.63 5.37 5.11 4.86 4.61 4.37 4.13 3.9 3.67 3.46 3.25 3.06 2.87 2.68 2.5 2.33 2.16 2 1.85 1.71 1.57 1.44 1.32 1.21 1.11 1.03 0.957 0.891 0.833 0.781 0.737 0.698 0.663 0.632 0.604 0.579 0.554 0.531 0.51 0.491 0.473 0.458 0.445 0.433 -3.4e+38 -3.4e+38 0.41 0.405 0.402 0.4 0.399 0.398 0.397 0.397 0.397 0.398 0.398 0.399 0.401 0.402 0.404 0.406 0.408 0.41 0.411 0.413 0.414 0.416 0.418
6.07 5.8 5.52 5.26 5 4.75 4.5 4.26 4.03 3.8 3.58 3.37 3.17 2.98 2.79 2.61 2.44 2.27 2.11 1.96 1.81 1.67 1.54 1.41 1.3 1.19 1.09 1.01 0.938 0.873 0.815 0.763 0.718 0.679 0.644 0.613 0.586 0.563 0.54 0.518 0.497 0.479 0.462 0.448 0.435 0.424 -3.4e+38 -3.4e+38 0.402 0.398 0.395 0.393 0.392 0.391 0.39 0.391 0.391 0.392 0.393 0.394 0.395 0.397 0.398 0.401 0.403 0.405 0.407 0.409 0.41 0.412 0.413
5.95 5.66 5.38 5.12 4.86 4.61 4.37 4.14 3.91 3.69 3.47 3.27 3.07 2.89 2.71 2.53 2.37 2.2 2.05 1.9 1.77 1.63 1.51 1.39 1.27 1.17 1.08 0.991 0.921 0.855 0.798 0.746 0.701 0.662 0.626 0.595 0.569 0.548 0.527 0.506 0.486 0.468 0.452 0.438 0.426 0.416 0.407 0.4 0.395 0.391 0.388 0.386 0.385 0.384 0.384 0.384 0.385 0.386 0.387 0.388 0.39 0.392 0.393 0.396 0.398 0.4 0.402 0.404 0.406 0.407 0.409
5.78 5.49 5.21 4.95 4.7 4.46 4.23 4 3.78 3.56 3.36 3.16 2.97 2.79 2.62 2.45 2.29 2.14 1.99 1.85 1.72 1.6 1.48 1.36 1.25 1.15 1.06 0.974 0.905 0.839 0.782 0.731 0.686 0.646 0.611 0.581 0.556 0.535 0.514 0.495 0.475 0.458 0.442 0.429 0.417 0.408 0.4 0.393 0.388 0.384 0.382 0.379 0.378 0.378 0.378 0.378 0.379 0.38 0.382 0.383 0.385 0.387 0.389 0.391 0.394 0.396 0.398 0.4 0.401 0.402 0.404
5.55 5.27 5.01 4.77 4.52 4.29 4.07 3.85 3.64 3.43 3.24 3.05 2.87 2.7 2.53 2.37 2.22 2.07 1.93 1.8 1.68 1.56 1.45 1.33 1.23 1.13 1.04 0.959 0.889 0.824 0.767 0.715 0.67 0.631 0.597 0.569 0.545 0.523 0.503 0.484 0.465 0.448 0.433 0.421 0.409 0.4 0.392 0.386 0.382 0.378 0.375 0.373 0.372 0.371 0.372 0.372 0.374 0.375 0.377 0.378 0.38 0.382 0.384 0.387 0.389 0.391 0.393 0.395 0.396 0.397 0.399
5.27 5.02 4.78 4.55 4.33 4.11 3.89 3.69 3.49 3.3 3.11 2.93 2.76 2.6 2.45 2.29 2.15 2.01 1.87 1.75 1.63 1.52 1.42 1.31 1.21 1.12 1.03 0.945 0.876 0.81 0.753 0.701 0.656 0.618 0.584 0.557 0.533 0.512 0.492 0.473 0.455 0.439 0.425 0.413 0.402 0.393 0.386 0.38 0.376 0.372 0.37 0.368 0.366 0.365 0.366 0.367 0.369 0.37 0.372 0.374 0.375 0.378 0.38 0.382 0.385 0.387 0.389 0.39 0.391 0.393 0.394
4.96 4.74 4.53 4.32 4.11 3.91 3.71 3.52 3.34 3.16 2.99 2.82 2.66 2.51 2.36 2.22 2.08 1.94 1.81 1.7 1.59 1.49 1.39 1.29 1.19 1.1 1.02 0.932 0.864 0.799 0.741 0.688 0.643 0.605 0.572 0.546 0.522 0.501 0.482 0.464 0.446 0.431 0.417 0.405 0.395 0.386 0.38 0.374 0.37 0.367 0.365 0.363 0.362 0.361 0.361 0.362 0.364 0.366 0.367 0.369 0.371 0.373 0.375 0.378 0.38 0.382 0.384 0.386 0.387 0.388 0.389
4.64 4.46 4.27 4.08 3.89 3.71 3.53 3.35 3.19 3.02 2.86 2.71 2.56 2.42 2.29 2.15 2.02 1.89 1.77 1.66 1.56 1.46 1.37 1.27 1.18 1.09 1 0.92 0.852 0.786 0.728 0.675 0.631 0.593 0.561 0.535 0.511 0.491 0.472 0.454 0.437 0.422 0.409 0.398 0.388 0.38 0.374 0.369 0.365 0.362 0.36 0.358 0.357 0.357 0.357 0.358 0.36 0.361 0.363 0.365 0.367 0.369 0.371 0.374 0.376 0.378 0.38 0.381 0.382 0.383 0.383
4.32 4.17 4 3.83 3.66 3.5 3.34 3.18 3.03 2.89 2.74 2.61 2.47 2.34 2.21 2.09 1.97 1.85 1.74 1.64 1.54 1.44 1.35 1.25 1.16 1.07 0.989 0.908 0.839 0.773 0.716 0.663 0.619 0.582 0.55 0.524 0.501 0.481 0.462 0.445 0.429 0.414 0.401 0.391 0.382 0.375 0.369 0.364 0.361 0.358 0.356 0.354 0.354 0.353 0.354 0.355 0.356 0.358 0.359 0.361 0.363 0.365 0.367 0.369 0.372 0.373 0.375 0.376 0.377 0.378 0.378
4.01 3.88 3.74 3.59 3.44 3.3 3.16 3.02 2.89 2.76 2.63 2.51 2.39 2.27 2.15 2.04 1.92 1.82 1.71 1.61 1.52 1.42 1.33 1.24 1.15 1.06 0.977 0.896 0.827 0.76 0.704 0.652 0.607 0.571 0.54 0.514 0.491 0.472 0.453 0.437 0.421 0.407 0.394 0.385 0.376 0.369 0.364 0.359 0.356 0.354 0.352 0.351 0.35 0.35 0.35 0.351 0.352 0.354 0.355 0.357 0.358 0.361 0.363 0.365 0.367 0.369 0.37 0.371 0.372 0.372 0.373
3.71 3.6 3.47 3.35 3.22 3.1 2.98 2.86 2.75 2.64 2.52 2.41 2.31 2.2 2.09 1.99 1.88 1.78 1.68 1.59 1.5 1.4 1.31 1.22 1.13 1.05 0.966 0.886 0.815 0.749 0.693 0.642 0.598 0.562 0.531 0.505 0.482 0.463 0.445 0.429 0.414 0.4 0.388 0.379 0.371 0.364 0.359 0.355 0.352 0.35 0.348 0.347 0.346 0.346 0.347 0.348 0.349 0.35 0.351 0.353 0.354 0.356 0.359 0.361 0.363 0.364 0.365 0.366 0.367 0.367 0.367
3.43 3.33 3.23 3.12 3.01 2.9 2.81 2.71 2.62 2.52 2.43 2.33 2.23 2.13 2.04 1.94 1.85 1.75 1.66 1.57 1.48 1.39 1.3 1.21 1.12 1.04 0.954 0.874 0.804 0.738 0.682 0.632 0.59 0.553 0.521 0.496 0.472 0.454 0.436 0.421 0.407 0.393 0.382 0.374 0.366 0.36 0.355 0.351 0.349 0.346 0.344 0.343 0.343 0.343 0.343 0.344 0.345 0.346 0.347 0.348 0.35 0.352 0.354 0.356 0.357 0.359 0.36 0.361 0.361 0.361 0.362
3.17 3.08 2.98 2.89 2.79 2.71 2.65 2.57 2.5 2.42 2.33 2.25 2.16 2.07 1.99 1.9 1.81 1.72 1.63 1.55 1.46 1.37 1.28 1.19 1.11 1.02 0.942 0.863 0.794 0.728 0.673 0.623 0.581 0.545 0.513 0.487 0.463 0.445 0.428 0.414 0.4 0.387 0.376 0.368 0.362 0.356 0.351 0.348 0.345 0.342 0.341 0.34 0.339 0.339 0.34 0.34 0.341 0.342 0.343 0.344 0.345 0.347 0.349 0.351 0.352 0.354 0.355 0.355 0.356 0.356 0.356
2.93 2.85 2.76 2.67 2.59 2.54 2.5 2.45 2.39 2.32 2.25 2.18 2.1 2.02 1.94 1.86 1.78 1.69 1.61 1.52 1.44 1.35 1.26 1.18 1.09 1.01 0.929 0.851 0.782 0.717 0.662 0.613 0.572 0.536 0.504 0.478 0.455 0.437 0.42 0.406 0.393 0.381 0.371 0.363 0.357 0.352 0.347 0.344 0.341 0.338 0.337 0.336 0.335 0.335 0.335 0.335 0.336 0.337 0.337 0.339 0.34 0.342 0.343 0.345 0.346 0.348 0.349 0.349 0.35 0.35 0.35
2.7 2.64 2.57 2.49 2.43 2.4 2.37 2.33 2.29 2.23 2.18 2.11 2.05 1.97 1.9 1.83 1.75 1.67 1.59 1.5 1.42 1.33 1.25 1.16 1.08 0.996 0.916 0.839 0.77 0.706 0.651 0.603 0.562 0.526 0.495 0.469 0.447 0.429 0.412 0.399 0.386 0.375 0.365 0.358 0.352 0.347 0.343 0.34 0.337 0.334 0.333 0.332 0.331 0.331 0.331 0.331 0.331 0.332 0.332 0.333 0.335 0.336 0.337 0.339 0.341 0.342 0.342 0.343 0.343 0.344 0.344
2.5 2.46 2.4 2.35 2.31 2.29 2.26 2.23 2.2 2.16 2.11 2.05 2 1.93 1.87 1.8 1.72 1.64 1.57 1.48 1.4 1.31 1.23 1.15 1.06 0.981 0.902 0.824 0.757 0.693 0.64 0.592 0.552 0.517 0.485 0.461 0.438 0.421 0.405 0.392 0.38 0.369 0.36 0.353 0.347 0.343 0.339 0.335 0.332 0.33 0.329 0.327 0.327 0.326 0.326 0.326 0.326 0.326 0.327 0.328 0.329 0.33 0.331 0.332 0.334 0.335 0.335 0.336 0.337 0.337 0.337
2.31 2.29 2.25 2.22 2.2 2.18 2.17 2.15 2.12 2.09 2.05 2 1.95 1.89 1.83 1.77 1.7 1.62 1.55 1.46 1.38 1.3 1.21 1.13 1.05 0.965 0.886 0.81 0.743 0.681 0.628 0.581 0.541 0.507 0.476 0.452 0.43 0.413 0.397 0.385 0.373 0.363 0.354 0.348 0.343 0.338 0.334 0.331 0.328 0.326 0.324 0.323 0.322 0.321 0.321 0.32 0.321 0.321 0.321 0.322 0.323 0.324 0.325 0.326 0.327 0.328 0.329 0.329 0.33 0.33 0.331
2.14 2.13 2.11 2.1 2.09 2.08 2.07 2.06 2.05 2.02 1.99 1.95 1.91 1.86 1.8 1.74 1.67 1.6 1.53 1.45 1.36 1.28 1.2 1.11 1.03 0.946 0.869 0.794 0.729 0.667 0.616 0.569 0.53 0.496 0.466 0.442 0.421 0.405 0.389 0.377 0.366 0.356 0.348 0.342 0.337 0.333 0.329 0.326 0.323 0.321 0.319 0.318 0.317 0.316 0.316 0.315 0.315 0.315 0.315 0.316 0.316 0.317 0.318 0.319 0.32 0.32 0.321 0.322 0.323 0.323 0.324
1.98 1.98 1.98 1.98 1.98 1.98 1.99 1.99 1.98 1.96 1.94 1.9 1.87 1.82 1.77 1.71 1.65 1.58 1.51 1.43 1.35 1.26 1.18 1.09 1.01 0.928 0.852 0.778 0.714 0.654 0.603 0.557 0.518 0.485 0.456 0.433 0.412 0.396 0.381 0.37 0.359 0.35 0.342 0.336 0.332 0.327 0.324 0.321 0.318 0.316 0.314 0.313 0.312 0.311 0.31 0.31 0.309 0.309 0.309 0.309 0.31 0.31 0.311 0.312 0.312 0.313 0.314 0.314 0.315 0.316 0.317
1.83 1.84 1.85 1.86 1.88 1.89 1.9 1.91 1.92 1.9 1.89 1.86 1.83 1.79 1.74 1.69 1.63 1.56 1.49 1.41 1.33 1.25 1.16 1.07 0.99 0.908 0.834 0.761 0.699 0.639 0.59 0.545 0.507 0.474 0.445 0.423 0.403 0.387 0.373 0.362 0.352 0.343 0.336 0.33 0.326 0.322 0.318 0.315 0.313 0.311 0.309 0.308 0.307 0.306 0.305 0.304 0.303 0.303 0.302 0.302 0.303 0.303 0.304 0.304 0.305 0.305 0.306 0.307 0.308 0.309 0.31
