maui/input/month_year_rainfall/maui_prcp_06_2002.asc
ncols        361
nrows        320
xllcorner    -156.738000000000
yllcorner    20.343000000000
cellsize     0.002250000000
NODATA_value -3.4028234663852885981e+38
[rows 64 to 95 of 320, columns 71 to 141 of 361]
13 12.6 12.1 11.6 11 10.4 9.82 9.21 8.61 8.02 7.43 6.86 6.3 5.76 5.24 4.73 4.24 3.77 3.29 2.81 2.35 1.92 1.58 1.28 1.09 0.934 0.806 0.687 0.584 0.494 0.424 0.372 0.336 0.308 0.286 0.269 0.255 0.244 0.235 0.223 -3.4e+38 -3.4e+38 -3.4e+38 -3.4e+38 -3.4e+38 -3.4e+38 -3.4e+38 -3.4e+38 -3.4e+38 -3.4e+38 -3.4e+38 -3.4e+38 -3.4e+38 -3.4e+38 -3.4e+38 -3.4e+38 -3.4e+38 -3.4e+38 -3.4e+38 -3.4e+38 -3.4e+38 -3.4e+38 -3.4e+38 -3.4e+38 -3.4e+38 -3.4e+38 -3.4e+38 -3.4e+38 -3.4e+38 -3.4e+38 -3.4e+38
13.9 13.4 12.8 12.2 11.6 10.9 10.3 9.61 8.96 8.32 7.7 7.09 6.5 5.93 5.39 4.86 4.36 3.87 3.39 2.9 2.43 1.97 1.6 1.28 1.1 0.956 0.829 0.711 0.605 0.51 0.434 0.379 0.34 0.31 0.286 0.267 0.252 0.241 0.232 -3.4e+38 -3.4e+38 -3.4e+38 -3.4e+38 -3.4e+38 -3.4e+38 -3.4e+38 -3.4e+38 -3.4e+38 -3.4e+38 -3.4e+38 -3.4e+38 -3.4e+38 -3.4e+38 -3.4e+38 -3.4e+38 -3.4e+38 -3.4e+38 -3.4e+38 -3.4e+38 -3.4e+38 -3.4e+38 -3.4e+38 -3.4e+38 -3.4e+38 -3.4e+38 -3.4e+38 -3.4e+38 -3.4e+38 -3.4e+38 -3.4e+38 -3.4e+38
14.8 14.2 13.5 12.9 12.2 11.4 10.7 10 9.31 8.62 7.95 7.3 6.68 6.09 5.52 4.98 4.46 3.96 3.47 2.98 2.5 2.01 1.61 1.26 1.09 0.971 0.849 0.735 0.627 0.529 0.45 0.39 0.347 0.314 0.288 0.267 0.251 0.239 0.229 0.22 -3.4e+38 -3.4e+38 -3.4e+38 -3.4e+38 -3.4e+38 -3.4e+38 -3.4e+38 -3.4e+38 -3.4e+38 -3.4e+38 -3.4e+38 -3.4e+38 -3.4e+38 -3.4e+38 -3.4e+38 -3.4e+38 -3.4e+38 -3.4e+38 -3.4e+38 -3.4e+38 -3.4e+38 -3.4e+38 -3.4e+38 -3.4e+38 -3.4e+38 -3.4e+38 -3.4e+38 -3.4e+38 -3.4e+38 -3.4e+38 -3.4e+38
15.8 15.1 14.3 13.6 12.8 12 11.2 10.4 9.66 8.91 8.2 7.5 6.85 6.22 5.64 5.07 4.53 4.02 3.52 3.04 2.55 2.05 1.65 1.27 1.1 0.981 0.864 0.755 0.646 0.548 0.467 0.403 0.356 0.32 0.292 0.269 0.25 0.237 0.227 0.217 0.208 0.196 0.183 -3.4e+38 -3.4e+38 -3.4e+38 -3.4e+38 -3.4e+38 -3.4e+38 -3.4e+38 -3.4e+38 -3.4e+38 -3.4e+38 -3.4e+38 -3.4e+38 -3.4e+38 -3.4e+38 -3.4e+38 -3.4e+38 -3.4e+38 -3.4e+38 -3.4e+38 -3.4e+38 -3.4e+38 -3.4e+38 -3.4e+38 -3.4e+38 0.22 0.224 0.228 0.233
16.9 16.1 15.2 14.3 13.5 12.6 11.7 10.8 10 9.2 8.42 7.69 7 6.34 5.72 5.13 4.58 4.06 3.56 3.07 2.59 2.1 1.68 1.3 1.12 0.985 0.872 0.768 0.661 0.565 0.484 0.418 0.368 0.328 0.297 0.272 0.252 0.236 0.224 0.214 0.205 0.194 0.182 -3.4e+38 -3.4e+38 -3.4e+38 -3.4e+38 -3.4e+38 -3.4e+38 -3.4e+38 -3.4e+38 -3.4e+38 -3.4e+38 -3.4e+38 -3.4e+38 -3.4e+38 -3.4e+38 -3.4e+38 -3.4e+38 -3.4e+38 -3.4e+38 -3.4e+38 -3.4e+38 -3.4e+38 -3.4e+38 0.203 0.206 0.209 0.212 0.216 0.22
18.1 17.1 16.2 15.1 14.2 13.2 12.2 11.3 10.3 9.46 8.63 7.84 7.11 6.42 5.78 5.17 4.6 4.08 3.58 3.09 2.61 2.13 1.71 1.32 1.13 0.986 0.876 0.775 0.674 0.581 0.5 0.432 0.38 0.337 0.304 0.277 0.254 0.236 0.222 0.211 0.202 0.192 0.181 0.167 -3.4e+38 -3.4e+38 -3.4e+38 -3.4e+38 -3.4e+38 -3.4e+38 -3.4e+38 -3.4e+38 -3.4e+38 -3.4e+38 -3.4e+38 -3.4e+38 -3.4e+38 -3.4e+38 -3.4e+38 -3.4e+38 -3.4e+38 -3.4e+38 -3.4e+38 -3.4e+38 0.191 0.193 0.196 0.198 0.201 0.204 0.208
19.4 18.3 17.2 16 14.9 13.8 12.7 11.7 10.7 9.7 8.8 7.97 7.2 6.48 5.81 5.18 4.6 4.07 3.57 3.09 2.62 2.14 1.72 1.32 1.13 0.98 0.873 0.775 0.681 0.594 0.513 0.445 0.391 0.347 0.312 0.283 0.258 0.238 0.221 0.209 0.199 0.189 0.179 0.168 -3.4e+38 -3.4e+38 -3.4e+38 -3.4e+38 -3.4e+38 -3.4e+38 -3.4e+38 -3.4e+38 -3.4e+38 -3.4e+38 -3.4e+38 -3.4e+38 -3.4e+38 -3.4e+38 -3.4e+38 -3.4e+38 -3.4e+38 -3.4e+38 0.177 0.179 0.181 0.183 0.186 0.188 0.191 0.193 0.197
20.9 19.6 18.2 16.9 15.6 14.4 13.2 12.1 11 9.92 8.95 8.06 7.24 6.48 5.8 5.15 4.56 4.03 3.54 3.07 2.6 2.13 1.72 1.32 1.11 0.943 0.849 0.766 0.679 0.599 0.522 0.456 0.402 0.357 0.32 0.29 0.263 0.24 0.221 0.206 0.195 0.184 0.175 0.166 -3.4e+38 -3.4e+38 0.125 0.105 -3.4e+38 -3.4e+38 -3.4e+38 -3.4e+38 -3.4e+38 -3.4e+38 -3.4e+38 -3.4e+38 -3.4e+38 -3.4e+38 -3.4e+38 -3.4e+38 0.165 0.166 0.168 0.169 0.171 0.173 0.175 0.178 0.18 0.183 0.186
22.4 20.9 19.3 17.8 16.4 15 13.7 12.4 11.2 10.1 9.06 8.11 7.25 6.46 5.74 5.09 4.5 3.96 3.48 3.02 2.57 2.11 1.7 1.31 1.08 0.897 0.817 0.749 0.671 0.599 0.527 0.463 0.41 0.367 0.33 0.298 0.269 0.243 0.221 0.204 0.191 0.18 0.171 0.164 0.156 0.146 0.132 0.117 0.11 0.107 0.109 -3.4e+38 -3.4e+38 -3.4e+38 -3.4e+38 -3.4e+38 -3.4e+38 0.153 0.155 0.156 0.157 0.158 0.159 0.16 0.162 0.163 0.166 0.168 0.171 0.173 0.176
23.9 22.1 20.4 18.8 17.2 15.6 14.2 12.8 11.5 10.2 9.12 8.11 7.21 6.38 5.64 4.97 4.38 3.85 3.37 2.93 2.49 2.06 1.65 1.27 1.05 0.88 0.794 0.72 0.655 0.593 0.526 0.466 0.416 0.375 0.339 0.308 0.276 0.247 0.22 0.201 0.186 0.174 0.165 0.158 0.151 0.144 -3.4e+38 -3.4e+38 0.117 0.115 0.116 0.119 0.125 0.131 0.137 0.141 0.144 0.146 0.148 0.148 0.149 0.149 0.15 0.151 0.152 0.154 0.156 0.159 0.162 0.164 0.167
25.3 23.4 21.5 19.6 17.9 16.2 14.6 13.1 11.7 10.3 9.14 8.07 7.12 6.26 5.51 4.83 4.24 3.72 3.25 2.82 2.41 1.98 1.59 1.22 1.01 0.854 0.765 0.687 0.633 0.581 0.519 0.464 0.418 0.379 0.346 0.318 0.284 0.25 0.22 0.198 0.181 0.169 0.159 0.152 0.146 0.14 -3.4e+38 -3.4e+38 0.122 0.12 0.122 0.123 0.128 0.131 0.134 0.137 0.138 0.14 0.14 0.14 0.14 0.141 0.141 0.142 0.143 0.145 0.148 0.151 0.153 0.156 0.159
26.6 24.4 22.4 20.4 18.5 16.7 14.9 13.3 11.8 10.4 9.12 7.99 6.99 6.1 5.33 4.65 4.06 3.55 3.1 2.69 2.29 1.89 1.52 1.15 0.967 0.82 0.734 0.658 0.611 0.565 0.506 0.455 0.412 0.376 0.347 0.322 0.288 0.249 0.216 0.193 0.175 0.162 0.152 0.146 0.14 0.135 0.13 0.125 0.123 0.121 0.123 0.124 0.126 0.128 0.13 0.131 0.132 0.132 0.132 0.132 0.132 0.132 0.132 0.133 0.134 0.137 0.14 0.143 0.146 0.149 0.153
27.6 25.3 23.1 21 19 17.1 15.3 13.5 11.9 10.4 9.07 7.87 6.82 5.9 5.11 4.43 3.86 3.37 2.94 2.56 2.18 1.79 1.44 1.09 0.917 0.781 0.698 0.625 0.582 0.54 0.486 0.438 0.399 0.365 0.336 0.31 0.277 0.241 0.21 0.186 0.168 0.155 0.145 0.139 0.134 0.13 0.126 0.123 0.121 0.12 0.121 0.122 0.123 0.123 0.124 0.124 0.125 0.125 0.124 0.124 0.124 0.124 0.124 0.124 0.126 0.129 0.132 0.136 0.14 0.144 0.148
28.3 26 23.7 21.5 19.4 17.4 15.5 13.7 12 10.4 9 7.73 6.62 5.65 4.85 4.2 3.66 3.2 2.79 2.42 2.06 1.7 1.36 1.03 0.869 0.741 0.661 0.59 0.548 0.509 0.459 0.416 0.379 0.346 0.317 0.289 0.259 0.228 0.2 0.178 0.16 0.147 0.138 0.131 0.127 0.123 0.12 0.117 0.116 0.115 0.115 0.115 0.116 0.116 0.116 0.116 0.116 0.116 0.116 0.116 0.116 0.116 0.116 0.116 0.118 0.122 0.126 0.13 0.134 0.139 0.143
28.7 26.4 24.1 21.9 19.7 17.6 15.7 13.8 12.1 10.4 8.91 7.56 6.38 5.36 4.56 3.94 3.45 3.02 2.64 2.29 1.96 1.62 1.3 0.984 0.825 0.7 0.624 0.555 0.512 0.472 0.428 0.389 0.354 0.323 0.294 0.267 0.24 0.213 0.189 0.169 0.152 0.139 0.131 0.124 0.119 0.117 0.114 0.111 0.11 0.108 0.108 0.108 0.108 0.108 0.108 0.108 0.108 0.108 0.108 0.108 0.109 0.109 0.109 0.11 0.113 0.116 0.12 0.125 0.129 0.134 0.14
28.9 26.6 24.3 22.1 19.9 17.8 15.8 13.9 12.1 10.4 8.83 7.39 6.12 5.03 4.23 3.7 3.27 2.88 2.51 2.19 1.89 1.57 1.26 0.946 0.787 0.661 0.588 0.522 0.474 0.432 0.394 0.359 0.326 0.296 0.269 0.245 0.221 0.198 0.177 0.158 0.143 0.131 0.123 0.117 0.112 0.109 0.107 0.104 0.103 0.101 0.101 0.1 0.1 0.1 0.0999 0.0999 0.1 0.1 0.101 0.101 0.102 0.102 0.103 0.105 0.108 0.111 0.115 0.12 0.125 0.13 0.136
28.7 26.6 24.4 22.2 20 17.9 16 14 12.2 10.4 8.81 7.28 5.88 4.65 3.92 3.52 3.17 2.82 2.48 2.17 1.88 1.56 1.26 0.952 0.774 0.622 0.549 0.483 0.436 0.395 0.359 0.326 0.295 0.268 0.245 0.223 0.203 0.183 0.164 0.148 0.134 0.123 0.116 0.11 0.105 0.102 0.0998 0.0977 0.096 0.0942 0.0936 0.0927 0.0927 0.0924 0.0923 0.0923 0.0926 0.0931 0.0936 0.0943 0.0953 0.0964 0.0978 0.0999 0.103 0.106 0.11 0.115 0.12 0.126 0.132
28.4 26.4 24.3 22.1 20 18 16.1 14.2 12.3 10.5 8.9 7.32 5.83 4.48 3.84 3.52 3.2 2.86 2.53 2.22 1.91 1.59 1.29 0.988 0.779 0.588 0.512 0.445 0.401 0.362 0.326 0.292 0.263 0.241 0.221 0.203 0.185 0.169 0.152 0.138 0.125 0.116 0.108 0.103 0.0982 0.0952 0.093 0.0911 0.0895 0.0878 0.0869 0.0859 0.0856 0.0851 0.085 0.0851 0.0855 0.0861 0.0869 0.0879 0.0891 0.0906 0.0924 0.0948 0.0977 0.101 0.106 0.111 0.116 0.122 0.129
27.9 26 24 22 20 18.1 16.2 14.3 12.5 10.8 9.17 7.62 6.19 5.02 4.26 3.78 3.39 3.02 2.67 2.33 1.98 1.63 1.3 0.983 0.762 0.56 0.475 0.401 0.364 0.331 0.296 0.262 0.232 0.215 0.199 0.185 0.17 0.155 0.141 0.128 0.117 0.109 0.102 0.0965 0.0924 0.0895 0.0872 0.0852 0.0836 0.0819 0.0809 0.0797 0.0792 0.0785 0.0783 0.0783 0.0788 0.0795 0.0806 0.0819 0.0834 0.0851 0.0871 0.0897 0.0929 0.0966 0.101 0.106 0.112 0.118 0.125
27.4 25.6 23.7 21.8 19.9 18.1 16.3 14.6 12.8 11.1 9.58 8.1 6.76 5.65 4.81 4.19 3.7 3.27 2.87 2.47 2.07 1.68 1.32 0.978 0.745 0.539 0.442 0.36 0.33 0.304 0.271 0.24 0.213 0.196 0.181 0.168 0.156 0.143 0.131 0.119 0.11 0.102 0.0961 0.091 0.0872 0.0843 0.0819 0.0796 0.0781 0.0765 0.0753 0.0739 0.0732 0.0724 0.0719 0.0718 0.0724 0.0734 0.0747 0.0762 0.0779 0.0798 0.082 0.0848 0.088 0.0919 0.0963 0.101 0.107 0.113 0.12
26.7 25.1 23.4 21.6 19.9 18.2 16.5 14.9 13.2 11.6 10.1 8.7 7.44 6.33 5.44 4.72 4.13 3.6 3.12 2.66 2.2 1.76 1.34 0.952 0.716 0.521 0.42 0.337 0.305 0.279 0.25 0.223 0.199 0.181 0.166 0.155 0.143 0.133 0.121 0.111 0.103 0.0961 0.0908 0.0862 0.0824 0.0794 0.077 0.0748 0.0731 0.0715 0.0702 0.0687 0.0679 0.0669 0.0661 0.0658 0.0666 0.0678 0.0692 0.0709 0.0727 0.0749 0.0772 0.0801 0.0833 0.0872 0.0916 0.0967 0.102 0.108 0.115
26.1 24.6 23 21.4 19.8 18.3 16.8 15.2 13.7 12.2 10.7 9.39 8.17 7.05 6.1 5.3 4.62 3.99 3.42 2.88 2.36 1.85 1.38 0.934 0.693 0.507 0.402 0.318 0.284 0.258 0.232 0.208 0.185 0.168 0.154 0.143 0.133 0.123 0.113 0.104 0.0968 0.0907 0.0859 0.0816 0.078 0.0748 0.0724 0.0703 0.0686 0.0669 0.0655 0.064 0.063 0.062 0.0612 0.0609 0.0616 0.0628 0.0642 0.0659 0.0679 0.0701 0.0725 0.0754 0.0786 0.0825 0.0869 0.0919 0.0974 0.103 0.11
25.5 24.2 22.7 21.2 19.7 18.5 17.1 15.7 14.3 12.8 11.4 10.1 8.94 7.8 6.8 5.93 5.15 4.43 3.77 3.15 2.55 1.96 1.44 0.95 0.692 0.498 0.388 0.301 0.266 0.24 0.216 0.194 0.173 0.157 0.143 0.133 0.124 0.114 0.106 0.0979 0.0914 0.0859 0.0814 0.0774 0.0739 0.0708 0.0684 0.0662 0.0644 0.0625 0.061 0.0595 0.0585 0.0576 0.057 0.0569 0.0574 0.0584 0.0597 0.0614 0.0634 0.0656 0.0681 0.071 0.0741 0.0778 0.0822 0.0871 0.0925 0.0983 0.105
24.9 23.8 22.6 21.2 20 18.8 17.6 16.3 15 13.6 12.2 10.9 9.75 8.6 7.55 6.59 5.72 4.9 4.14 3.43 2.75 2.09 1.5 0.969 0.692 0.49 0.374 0.285 0.249 0.223 0.202 0.182 0.162 0.147 0.134 0.125 0.115 0.107 0.0992 0.0923 0.0866 0.0815 0.0773 0.0735 0.0702 0.0671 0.0647 0.0625 0.0605 0.0585 0.0569 0.0553 0.0544 0.0535 0.0531 0.053 0.0534 0.0542 0.0555 0.0572 0.0591 0.0614 0.0638 0.0667 0.0698 0.0734 0.0776 0.0823 0.0875 0.0931 0.0992
24.4 23.5 22.5 21.4 20.4 19.3 18.2 17 15.8 14.4 13.1 11.8 10.6 9.45 8.35 7.29 6.32 5.39 4.54 3.74 2.97 2.21 1.56 0.988 0.691 0.478 0.358 0.269 0.234 0.21 0.189 0.171 0.153 0.138 0.126 0.117 0.108 0.101 0.0934 0.0872 0.0823 0.0776 0.0738 0.0702 0.067 0.0639 0.0613 0.0589 0.0568 0.0547 0.0531 0.0514 0.0504 0.0495 0.0492 0.0491 0.0495 0.0503 0.0515 0.0532 0.0551 0.0572 0.0597 0.0625 0.0656 0.0691 0.0731 0.0776 0.0825 0.0879 0.0936
23.8 23.2 22.4 21.6 20.7 19.8 18.9 17.8 16.7 15.4 14.1 12.8 11.6 10.4 9.2 8.04 6.96 5.92 4.96 4.07 3.2 2.34 1.62 1 0.683 0.462 0.341 0.252 0.22 0.197 0.179 0.162 0.145 0.131 0.12 0.11 0.102 0.0947 0.088 0.0825 0.0783 0.074 0.0704 0.0671 0.0641 0.061 0.0583 0.0557 0.0535 0.0512 0.0495 0.0478 0.0466 0.0457 0.0453 0.0453 0.0457 0.0465 0.0477 0.0493 0.0512 0.0533 0.0557 0.0584 0.0615 0.0649 0.0687 0.073 0.0776 0.0826 0.0879
23.3 22.9 22.4 21.8 21.1 20.4 19.6 18.7 17.6 16.5 15.2 13.9 12.7 11.3 10.1 8.83 7.64 6.49 5.43 4.44 3.44 2.46 1.66 1 0.665 0.44 0.321 0.236 0.207 0.187 0.17 0.155 0.138 0.125 0.114 0.105 0.0962 0.0893 0.0831 0.0783 0.0746 0.0705 0.0671 0.0642 0.0614 0.0584 0.0556 0.0529 0.0504 0.048 0.0461 0.0442 0.043 0.042 0.0416 0.0415 0.042 0.0429 0.0441 0.0456 0.0474 0.0495 0.0518 0.0545 0.0575 0.0608 0.0644 0.0684 0.0728 0.0774 0.0823
22.8 22.6 22.3 21.9 21.5 21 20.4 19.6 18.7 17.6 16.4 15.1 13.8 12.4 11 9.65 8.33 7.08 5.91 4.81 3.7 2.59 1.71 0.991 0.637 0.413 0.301 0.223 0.197 0.179 0.164 0.149 0.134 0.121 0.109 0.0992 0.0908 0.0841 0.0784 0.0742 0.0709 0.067 0.0639 0.0614 0.0588 0.0558 0.0529 0.05 0.0473 0.0447 0.0426 0.0407 0.0394 0.0382 0.0378 0.0378 0.0384 0.0393 0.0406 0.0421 0.0438 0.0459 0.0482 0.0508 0.0536 0.0568 0.0602 0.064 0.068 0.0723 0.0769
22.3 22.3 22.2 22.1 21.8 21.5 21.1 20.6 19.9 18.7 17.5 16.2 14.9 13.4 12 10.5 9.05 7.69 6.41 5.21 3.97 2.72 1.75 0.973 0.598 0.384 0.286 0.216 0.191 0.173 0.159 0.146 0.13 0.116 0.104 0.0941 0.0857 0.0792 0.074 0.0701 0.067 0.0636 0.0609 0.0587 0.0563 0.0532 0.0502 0.047 0.0442 0.0413 0.0392 0.0371 0.0357 0.0345 0.034 0.0342 0.0349 0.036 0.0372 0.0387 0.0404 0.0424 0.0447 0.0472 0.0499 0.0529 0.0561 0.0596 0.0634 0.0674 0.0715
21.6 21.9 22.1 22.1 22.1 21.9 21.7 21.3 20.8 19.7 18.5 17.2 15.9 14.4 12.9 11.3 9.76 8.3 6.92 5.6 4.25 2.88 1.82 0.961 0.554 0.374 0.287 0.218 0.192 0.172 0.159 0.144 0.128 0.113 0.0993 0.0891 0.0807 0.0742 0.0695 0.0659 0.063 0.0601 0.0577 0.0558 0.0535 0.0505 0.0473 0.0438 0.0406 0.0374 0.0352 0.0332 0.032 0.0309 0.0304 0.0307 0.0316 0.0327 0.034 0.0355 0.0371 0.0392 0.0413 0.0437 0.0463 0.0492 0.0522 0.0555 0.0589 0.0625 0.0663
20.9 21.4 21.8 22 22.2 22.2 22.1 21.8 21.3 20.4 19.4 18.2 17 15.4 13.8 12.1 10.5 8.92 7.44 6.02 4.55 3.08 1.95 1.05 0.624 0.414 0.312 0.234 0.201 0.176 0.161 0.145 0.126 0.109 0.0948 0.0842 0.0756 0.0693 0.065 0.0616 0.0589 0.0563 0.0544 0.0528 0.0506 0.0478 0.0443 0.0404 0.0367 0.0332 0.0311 0.0292 0.0282 0.0275 0.0273 0.0276 0.0284 0.0295 0.0308 0.0324 0.034 0.036 0.0381 0.0404 0.0429 0.0456 0.0484 0.0514 0.0546 0.0579 0.0613
20.1 20.8 21.4 21.8 22.2 22.3 22.4 22.2 21.7 21 20.1 19.1 17.9 16.3 14.7 12.9 11.2 9.52 7.94 6.43 4.87 3.33 2.14 1.21 0.762 0.494 0.358 0.26 0.216 0.185 0.165 0.145 0.124 0.105 0.0902 0.0791 0.0704 0.0644 0.0603 0.057 0.0545 0.0522 0.0505 0.0492 0.0473 0.0448 0.0408 0.0364 0.0321 0.0279 0.0261 0.0246 0.0241 0.0239 0.0242 0.0247 0.0255 0.0266 0.0278 0.0293 0.031 0.033 0.0351 0.0374 0.0398 0.0423 0.0449 0.0477 0.0505 0.0535 0.0565
