maui/input/month_year_rainfall/maui_prcp_10_2002.asc
ncols        361
nrows        320
xllcorner    -156.738000000000
yllcorner    20.343000000000
cellsize     0.002250000000
NODATA_value -3.4028234663852885981e+38
[rows 32 to 63 of 320, columns 0 to 71 of 361]
-3.4e+38 -3.4e+38 -3.4e+38 -3.4e+38 -3.4e+38 -3.4e+38 -3.4e+38 -3.4e+38 -3.4e+38 -3.4e+38 -3.4e+38 -3.4e+38 -3.4e+38 -3.4e+38 -3.4e+38 -3.4e+38 -3.4e+38 -3.4e+38 -3.4e+38 -3.4e+38 -3.4e+38 -3.4e+38 -3.4e+38 -3.4e+38 -3.4e+38 -3.4e+38 -3.4e+38 -3.4e+38 -3.4e+38 5.29 5.4 5.5 5.64 5.78 5.96 6.12 6.31 6.47 6.64 6.81 6.98 7.12 7.23 7.32 7.4 7.46 7.51 7.53 7.54 7.53 7.52 7.51 7.52 7.54 7.57 7.62 7.68 7.76 7.84 7.94 8.04 8.16 8.29 8.42 8.55 8.68 8.81 8.92 9.01 9.08 9.14 9.16
-3.4e+38 -3.4e+38 -3.4e+38 -3.4e+38 -3.4e+38 -3.4e+38 -3.4e+38 -3.4e+38 -3.4e+38 -3.4e+38 -3.4e+38 -3.4e+38 -3.4e+38 -3.4e+38 -3.4e+38 -3.4e+38 -3.4e+38 -3.4e+38 -3.4e+38 -3.4e+38 -3.4e+38 -3.4e+38 -3.4e+38 -3.4e+38 -3.4e+38 -3.4e+38 -3.4e+38 -3.4e+38 5.13 5.25 5.37 5.5 5.66 5.82 6.02 6.21 6.42 6.61 6.81 7 7.16 7.31 7.42 7.51 7.57 7.61 7.63 7.63 7.61 7.58 7.55 7.51 7.5 7.5 7.53 7.58 7.65 7.74 7.82 7.93 8.05 8.19 8.34 8.49 8.64 8.79 8.93 9.04 9.14 9.22 9.3 9.33
-3.4e+38 -3.4e+38 -3.4e+38 -3.4e+38 -3.4e+38 -3.4e+38 -3.4e+38 -3.4e+38 -3.4e+38 -3.4e+38 -3.4e+38 -3.4e+38 -3.4e+38 -3.4e+38 -3.4e+38 -3.4e+38 -3.4e+38 -3.4e+38 -3.4e+38 -3.4e+38 -3.4e+38 -3.4e+38 -3.4e+38 -3.4e+38 -3.4e+38 -3.4e+38 -3.4e+38 4.96 5.08 5.21 5.34 5.49 5.67 5.85 6.07 6.29 6.52 6.74 6.96 7.16 7.34 7.48 7.6 7.67 7.72 7.73 7.74 7.7 7.67 7.6 7.55 7.49 7.45 7.44 7.46 7.52 7.59 7.68 7.79 7.91 8.06 8.21 8.38 8.56 8.73 8.89 9.05 9.18 9.29 9.38 9.47 9.51
-3.4e+38 -3.4e+38 -3.4e+38 -3.4e+38 -3.4e+38 -3.4e+38 -3.4e+38 -3.4e+38 -3.4e+38 -3.4e+38 -3.4e+38 -3.4e+38 -3.4e+38 -3.4e+38 -3.4e+38 -3.4e+38 -3.4e+38 -3.4e+38 -3.4e+38 -3.4e+38 -3.4e+38 -3.4e+38 -3.4e+38 -3.4e+38 -3.4e+38 -3.4e+38 -3.4e+38 4.9 5.04 5.17 5.32 5.48 5.68 5.88 6.13 6.37 6.63 6.87 7.11 7.33 7.52 7.67 7.78 7.83 7.86 7.86 7.84 7.78 7.72 7.62 7.54 7.45 7.39 7.36 7.38 7.44 7.53 7.64 7.77 7.91 8.08 8.26 8.45 8.65 8.83 9.01 9.18 9.32 9.45 9.56 9.65 9.7
-3.4e+38 -3.4e+38 -3.4e+38 -3.4e+38 -3.4e+38 -3.4e+38 -3.4e+38 -3.4e+38 -3.4e+38 -3.4e+38 -3.4e+38 -3.4e+38 -3.4e+38 -3.4e+38 -3.4e+38 -3.4e+38 -3.4e+38 -3.4e+38 -3.4e+38 -3.4e+38 -3.4e+38 -3.4e+38 -3.4e+38 -3.4e+38 -3.4e+38 -3.4e+38 -3.4e+38 4.84 4.99 5.12 5.28 5.45 5.67 5.89 6.16 6.42 6.69 6.96 7.22 7.46 7.66 7.81 7.92 7.96 7.98 7.96 7.92 7.84 7.75 7.62 7.5 7.37 7.28 7.25 7.28 7.35 7.46 7.6 7.75 7.93 8.12 8.32 8.53 8.75 8.95 9.14 9.32 9.48 9.63 9.74 9.84 9.9
-3.4e+38 -3.4e+38 -3.4e+38 -3.4e+38 -3.4e+38 -3.4e+38 -3.4e+38 -3.4e+38 -3.4e+38 -3.4e+38 -3.4e+38 -3.4e+38 -3.4e+38 -3.4e+38 -3.4e+38 -3.4e+38 -3.4e+38 -3.4e+38 -3.4e+38 -3.4e+38 -3.4e+38 -3.4e+38 -3.4e+38 -3.4e+38 -3.4e+38 -3.4e+38 4.63 4.78 4.93 5.07 5.25 5.43 5.66 5.89 6.18 6.45 6.74 7.02 7.31 7.57 7.79 7.95 8.05 8.08 8.09 8.05 8 7.9 7.78 7.62 7.46 7.28 7.15 7.12 7.17 7.27 7.41 7.58 7.76 7.97 8.18 8.41 8.64 8.86 9.08 9.29 9.48 9.66 9.82 9.94 10 10.1
-3.4e+38 -3.4e+38 -3.4e+38 -3.4e+38 -3.4e+38 -3.4e+38 -3.4e+38 -3.4e+38 -3.4e+38 -3.4e+38 -3.4e+38 -3.4e+38 -3.4e+38 -3.4e+38 -3.4e+38 -3.4e+38 -3.4e+38 -3.4e+38 -3.4e+38 -3.4e+38 -3.4e+38 -3.4e+38 -3.4e+38 -3.4e+38 -3.4e+38 4.4 4.56 4.72 4.88 5.02 5.2 5.39 5.63 5.87 6.16 6.44 6.75 7.05 7.36 7.65 7.89 8.05 8.14 8.17 8.16 8.12 8.05 7.93 7.8 7.61 7.42 7.2 7.01 6.97 7.08 7.22 7.39 7.59 7.8 8.03 8.27 8.52 8.76 9.01 9.24 9.46 9.67 9.85 10 10.2 10.3 10.4
-3.4e+38 -3.4e+38 -3.4e+38 -3.4e+38 -3.4e+38 -3.4e+38 -3.4e+38 -3.4e+38 -3.4e+38 -3.4e+38 -3.4e+38 -3.4e+38 -3.4e+38 -3.4e+38 -3.4e+38 -3.4e+38 -3.4e+38 -3.4e+38 -3.4e+38 -3.4e+38 -3.4e+38 -3.4e+38 -3.4e+38 -3.4e+38 -3.4e+38 4.32 4.48 4.66 4.81 4.96 5.14 5.34 5.58 5.82 6.11 6.4 6.72 7.03 7.37 7.7 7.98 8.12 8.2 8.23 8.22 8.16 8.09 7.96 7.81 7.62 7.42 7.19 6.99 6.94 7.07 7.23 7.42 7.63 7.87 8.11 8.38 8.65 8.91 9.17 9.42 9.66 9.87 10.1 10.2 10.4 10.5 10.6
-3.4e+38 -3.4e+38 -3.4e+38 -3.4e+38 -3.4e+38 -3.4e+38 -3.4e+38 -3.4e+38 -3.4e+38 -3.4e+38 -3.4e+38 -3.4e+38 -3.4e+38 -3.4e+38 -3.4e+38 -3.4e+38 -3.4e+38 -3.4e+38 -3.4e+38 -3.4e+38 -3.4e+38 -3.4e+38 -3.4e+38 -3.4e+38 -3.4e+38 4.24 4.39 4.57 4.72 4.87 5.06 5.27 5.51 5.74 6.04 6.33 6.65 6.96 7.31 7.66 7.98 8.12 8.21 8.24 8.23 8.18 8.11 7.97 7.83 7.64 7.46 7.26 7.11 7.07 7.15 7.3 7.5 7.72 7.97 8.23 8.51 8.79 9.08 9.36 9.63 9.88 10.1 10.3 10.5 10.6 10.7 10.8
-3.4e+38 -3.4e+38 -3.4e+38 -3.4e+38 -3.4e+38 -3.4e+38 -3.4e+38 -3.4e+38 -3.4e+38 -3.4e+38 -3.4e+38 -3.4e+38 -3.4e+38 -3.4e+38 -3.4e+38 -3.4e+38 -3.4e+38 -3.4e+38 -3.4e+38 -3.4e+38 -3.4e+38 -3.4e+38 -3.4e+38 -3.4e+38 4 4.14 4.28 4.45 4.61 4.78 4.98 5.18 5.42 5.65 5.94 6.23 6.54 6.85 7.18 7.51 7.81 8.01 8.14 8.2 8.21 8.17 8.1 7.98 7.85 7.68 7.52 7.36 7.25 7.22 7.29 7.42 7.61 7.84 8.09 8.37 8.66 8.96 9.26 9.56 9.85 10.1 10.4 10.5 10.7 10.9 11 11.1
-3.4e+38 -3.4e+38 -3.4e+38 -3.4e+38 -3.4e+38 -3.4e+38 -3.4e+38 -3.4e+38 -3.4e+38 -3.4e+38 -3.4e+38 -3.4e+38 -3.4e+38 -3.4e+38 -3.4e+38 -3.4e+38 -3.4e+38 -3.4e+38 -3.4e+38 -3.4e+38 -3.4e+38 -3.4e+38 -3.4e+38 3.8 3.91 4.03 4.17 4.33 4.5 4.68 4.89 5.09 5.33 5.54 5.83 6.1 6.41 6.7 7 7.32 7.63 7.86 8.03 8.12 8.16 8.13 8.08 7.98 7.86 7.72 7.59 7.47 7.4 7.38 7.44 7.57 7.75 7.98 8.24 8.53 8.82 9.13 9.45 9.76 10.1 10.4 10.6 10.8 11 11.1 11.2 11.4
-3.4e+38 -3.4e+38 -3.4e+38 -3.4e+38 -3.4e+38 -3.4e+38 -3.4e+38 -3.4e+38 -3.4e+38 -3.4e+38 -3.4e+38 -3.4e+38 -3.4e+38 -3.4e+38 -3.4e+38 -3.4e+38 -3.4e+38 -3.4e+38 -3.4e+38 -3.4e+38 -3.4e+38 -3.4e+38 -3.4e+38 3.7 3.81 3.93 4.06 4.22 4.39 4.58 4.79 5 5.23 5.44 5.71 5.96 6.26 6.55 6.85 7.16 7.46 7.71 7.9 8.01 8.08 8.07 8.04 7.96 7.87 7.76 7.66 7.58 7.53 7.54 7.6 7.73 7.92 8.15 8.41 8.7 9 9.32 9.65 9.98 10.3 10.7 10.9 11.1 11.3 11.4 11.5 11.6
-3.4e+38 -3.4e+38 -3.4e+38 -3.4e+38 -3.4e+38 -3.4e+38 -3.4e+38 -3.4e+38 -3.4e+38 -3.4e+38 -3.4e+38 -3.4e+38 -3.4e+38 -3.4e+38 -3.4e+38 -3.4e+38 -3.4e+38 -3.4e+38 -3.4e+38 -3.4e+38 -3.4e+38 -3.4e+38 -3.4e+38 3.6 3.7 3.81 3.94 4.1 4.28 4.48 4.7 4.92 5.13 5.32 5.58 5.82 6.11 6.39 6.7 7.01 7.3 7.56 7.77 7.9 7.98 8 7.99 7.93 7.88 7.8 7.74 7.68 7.67 7.69 7.77 7.91 8.09 8.32 8.58 8.88 9.19 9.52 9.85 10.2 10.5 10.9 11.1 11.3 11.5 11.7 11.8 11.9
-3.4e+38 -3.4e+38 -3.4e+38 -3.4e+38 -3.4e+38 -3.4e+38 -3.4e+38 -3.4e+38 -3.4e+38 -3.4e+38 -3.4e+38 -3.4e+38 -3.4e+38 -3.4e+38 -3.4e+38 -3.4e+38 -3.4e+38 -3.4e+38 -3.4e+38 -3.4e+38 -3.4e+38 -3.4e+38 -3.4e+38 3.5 3.59 3.71 3.83 3.99 4.17 4.37 4.6 4.83 5.03 5.2 5.44 5.67 5.95 6.23 6.55 6.86 7.15 7.41 7.63 7.78 7.89 7.93 7.94 7.91 7.88 7.83 7.8 7.78 7.79 7.84 7.94 8.08 8.28 8.51 8.78 9.08 9.4 9.74 10.1 10.4 10.8 11.1 11.4 11.6 11.8 12 12.1 12.2
-3.4e+38 -3.4e+38 -3.4e+38 -3.4e+38 -3.4e+38 -3.4e+38 -3.4e+38 -3.4e+38 -3.4e+38 -3.4e+38 -3.4e+38 -3.4e+38 -3.4e+38 -3.4e+38 -3.4e+38 -3.4e+38 -3.4e+38 -3.4e+38 -3.4e+38 -3.4e+38 -3.4e+38 -3.4e+38 3.31 3.4 3.49 3.6 3.72 3.88 4.05 4.25 4.47 4.69 4.89 5.07 5.3 5.52 5.79 6.07 6.4 6.71 7.01 7.28 7.51 7.67 7.8 7.86 7.9 7.89 7.88 7.87 7.86 7.87 7.91 7.98 8.1 8.26 8.46 8.7 8.98 9.29 9.61 9.96 10.3 10.7 11 11.3 11.6 11.8 12 12.2 12.4 12.5
-3.4e+38 -3.4e+38 -3.4e+38 -3.4e+38 -3.4e+38 -3.4e+38 -3.4e+38 -3.4e+38 -3.4e+38 -3.4e+38 -3.4e+38 -3.4e+38 -3.4e+38 -3.4e+38 -3.4e+38 -3.4e+38 -3.4e+38 -3.4e+38 -3.4e+38 -3.4e+38 -3.4e+38 -3.4e+38 3.22 3.3 3.38 3.49 3.61 3.77 3.94 4.12 4.33 4.54 4.75 4.94 5.17 5.38 5.63 5.92 6.26 6.58 6.89 7.16 7.4 7.57 7.72 7.8 7.86 7.87 7.89 7.9 7.92 7.96 8.03 8.13 8.26 8.44 8.66 8.91 9.21 9.53 9.88 10.2 10.6 10.9 11.3 11.6 11.9 12.1 12.4 12.5 12.7 12.8
-3.4e+38 -3.4e+38 -3.4e+38 -3.4e+38 -3.4e+38 -3.4e+38 -3.4e+38 -3.4e+38 -3.4e+38 -3.4e+38 -3.4e+38 -3.4e+38 -3.4e+38 -3.4e+38 -3.4e+38 -3.4e+38 -3.4e+38 -3.4e+38 -3.4e+38 -3.4e+38 -3.4e+38 3.07 3.12 3.2 3.28 3.39 3.51 3.66 3.82 4 4.2 4.4 4.62 4.82 5.06 5.27 5.53 5.81 6.15 6.47 6.77 7.05 7.29 7.48 7.64 7.74 7.82 7.85 7.89 7.92 7.97 8.04 8.13 8.26 8.42 8.62 8.86 9.13 9.44 9.78 10.1 10.5 10.9 11.3 11.6 11.9 12.2 12.4 12.7 12.9 13 13.2
-3.4e+38 -3.4e+38 -3.4e+38 -3.4e+38 -3.4e+38 -3.4e+38 -3.4e+38 -3.4e+38 -3.4e+38 -3.4e+38 -3.4e+38 -3.4e+38 -3.4e+38 -3.4e+38 -3.4e+38 -3.4e+38 -3.4e+38 -3.4e+38 -3.4e+38 -3.4e+38 2.95 2.99 3.03 3.1 3.18 3.29 3.42 3.56 3.72 3.89 4.09 4.29 4.51 4.72 4.97 5.2 5.48 5.76 6.08 6.38 6.68 6.95 7.2 7.4 7.57 7.68 7.79 7.84 7.9 7.95 8.02 8.11 8.23 8.39 8.58 8.8 9.06 9.35 9.69 10.1 10.4 10.8 11.2 11.6 12 12.3 12.6 12.8 13.1 13.2 13.4 13.5
-3.4e+38 -3.4e+38 -3.4e+38 -3.4e+38 -3.4e+38 -3.4e+38 -3.4e+38 -3.4e+38 -3.4e+38 -3.4e+38 -3.4e+38 -3.4e+38 -3.4e+38 -3.4e+38 -3.4e+38 -3.4e+38 -3.4e+38 -3.4e+38 -3.4e+38 -3.4e+38 2.88 2.91 2.94 3.01 3.09 3.21 3.33 3.48 3.63 3.8 4 4.2 4.43 4.64 4.9 5.15 5.44 5.71 6.02 6.31 6.6 6.87 7.12 7.33 7.51 7.64 7.76 7.84 7.92 7.98 8.07 8.18 8.33 8.52 8.74 8.99 9.28 9.59 9.95 10.3 10.8 11.2 11.6 12 12.3 12.7 13 13.2 13.5 13.6 13.8 13.9
-3.4e+38 -3.4e+38 -3.4e+38 -3.4e+38 -3.4e+38 -3.4e+38 -3.4e+38 -3.4e+38 -3.4e+38 -3.4e+38 -3.4e+38 -3.4e+38 -3.4e+38 -3.4e+38 -3.4e+38 -3.4e+38 -3.4e+38 -3.4e+38 -3.4e+38 2.81 2.83 2.85 2.87 2.92 3.01 3.13 3.26 3.41 3.56 3.73 3.93 4.13 4.36 4.58 4.84 5.1 5.41 5.67 5.95 6.24 6.54 6.82 7.07 7.29 7.48 7.62 7.76 7.84 7.94 8.02 8.12 8.26 8.44 8.67 8.92 9.21 9.52 9.86 10.3 10.7 11.1 11.6 12 12.4 12.7 13.1 13.4 13.7 13.9 14.1 14.2 14.3
-3.4e+38 -3.4e+38 -3.4e+38 -3.4e+38 -3.4e+38 -3.4e+38 -3.4e+38 -3.4e+38 -3.4e+38 -3.4e+38 -3.4e+38 -3.4e+38 -3.4e+38 -3.4e+38 -3.4e+38 -3.4e+38 -3.4e+38 -3.4e+38 -3.4e+38 2.78 2.8 2.81 2.81 2.85 2.95 3.08 3.22 3.37 3.52 3.69 3.89 4.09 4.31 4.52 4.78 5.03 5.32 5.58 5.87 6.17 6.48 6.77 7.04 7.26 7.46 7.61 7.76 7.86 7.97 8.06 8.18 8.35 8.56 8.82 9.11 9.43 9.79 10.2 10.6 11 11.5 12 12.4 12.8 13.2 13.5 13.8 14.1 14.3 14.5 14.6 14.7
-3.4e+38 -3.4e+38 -3.4e+38 -3.4e+38 -3.4e+38 -3.4e+38 -3.4e+38 -3.4e+38 -3.4e+38 -3.4e+38 -3.4e+38 -3.4e+38 -3.4e+38 -3.4e+38 -3.4e+38 -3.4e+38 -3.4e+38 -3.4e+38 -3.4e+38 2.76 2.78 2.79 2.81 2.86 2.94 3.06 3.19 3.34 3.51 3.68 3.87 4.06 4.28 4.48 4.73 4.95 5.22 5.48 5.79 6.11 6.44 6.74 7.02 7.26 7.47 7.63 7.79 7.89 8.01 8.12 8.26 8.46 8.7 8.98 9.31 9.67 10.1 10.5 11 11.4 11.9 12.4 12.9 13.3 13.7 14 14.3 14.6 14.8 14.9 15 15.1
-3.4e+38 -3.4e+38 -3.4e+38 -3.4e+38 -3.4e+38 -3.4e+38 -3.4e+38 -3.4e+38 -3.4e+38 -3.4e+38 -3.4e+38 -3.4e+38 -3.4e+38 -3.4e+38 -3.4e+38 -3.4e+38 -3.4e+38 -3.4e+38 -3.4e+38 2.75 2.77 2.79 2.81 2.87 2.94 3.05 3.17 3.33 3.5 3.68 3.87 4.04 4.25 4.45 4.68 4.89 5.14 5.4 5.72 6.05 6.41 6.73 7.02 7.27 7.49 7.66 7.82 7.93 8.06 8.19 8.36 8.59 8.87 9.18 9.54 9.94 10.4 10.8 11.4 11.9 12.4 12.9 13.4 13.8 14.2 14.5 14.9 15.1 15.3 15.4 15.5 15.5
-3.4e+38 -3.4e+38 -3.4e+38 -3.4e+38 -3.4e+38 -3.4e+38 -3.4e+38 -3.4e+38 -3.4e+38 -3.4e+38 -3.4e+38 -3.4e+38 -3.4e+38 -3.4e+38 -3.4e+38 -3.4e+38 -3.4e+38 -3.4e+38 -3.4e+38 2.74 2.77 2.8 2.82 2.88 2.94 3.04 3.16 3.31 3.48 3.68 3.87 4.04 4.24 4.42 4.66 4.86 5.09 5.32 5.66 6.03 6.4 6.73 7.05 7.3 7.52 7.69 7.85 7.97 8.11 8.27 8.48 8.74 9.05 9.39 9.78 10.2 10.7 11.2 11.8 12.3 12.9 13.4 13.9 14.3 14.7 15.1 15.4 15.6 15.8 15.9 15.9 15.9
-3.4e+38 -3.4e+38 -3.4e+38 -3.4e+38 -3.4e+38 -3.4e+38 -3.4e+38 -3.4e+38 -3.4e+38 -3.4e+38 -3.4e+38 -3.4e+38 -3.4e+38 -3.4e+38 -3.4e+38 -3.4e+38 -3.4e+38 -3.4e+38 -3.4e+38 2.75 2.78 2.81 2.83 2.88 2.94 3.03 3.13 3.28 3.45 3.65 3.85 4.01 4.22 4.41 4.67 4.88 5.1 5.33 5.69 6.06 6.43 6.77 7.08 7.33 7.56 7.73 7.89 8.01 8.17 8.36 8.59 8.89 9.23 9.63 10.1 10.5 11.1 11.6 12.2 12.8 13.4 14 14.5 14.9 15.3 15.7 16 16.2 16.3 16.4 16.4 16.3
-3.4e+38 -3.4e+38 -3.4e+38 -3.4e+38 -3.4e+38 -3.4e+38 -3.4e+38 -3.4e+38 -3.4e+38 -3.4e+38 -3.4e+38 -3.4e+38 -3.4e+38 -3.4e+38 -3.4e+38 -3.4e+38 -3.4e+38 -3.4e+38 -3.4e+38 2.75 2.78 2.82 2.84 2.89 2.93 3.01 3.1 3.23 3.4 3.58 3.78 3.97 4.2 4.41 4.69 4.93 5.19 5.46 5.78 6.13 6.49 6.82 7.13 7.38 7.6 7.76 7.92 8.05 8.22 8.44 8.7 9.03 9.41 9.85 10.3 10.8 11.4 12 12.7 13.3 13.9 14.5 15 15.5 15.9 16.3 16.6 16.7 16.9 16.9 16.9 16.8
-3.4e+38 -3.4e+38 -3.4e+38 -3.4e+38 -3.4e+38 -3.4e+38 -3.4e+38 -3.4e+38 -3.4e+38 -3.4e+38 -3.4e+38 -3.4e+38 -3.4e+38 -3.4e+38 -3.4e+38 -3.4e+38 -3.4e+38 -3.4e+38 -3.4e+38 2.75 2.79 2.82 2.85 2.89 2.93 2.99 3.06 3.18 3.34 3.51 3.72 3.93 4.18 4.41 4.72 4.98 5.28 5.57 5.9 6.23 6.57 6.89 7.19 7.42 7.63 7.78 7.94 8.07 8.25 8.5 8.8 9.16 9.58 10.1 10.6 11.2 11.9 12.5 13.2 13.9 14.5 15.1 15.7 16.1 16.6 16.9 17.1 17.3 17.4 17.4 17.3 17.2
-3.4e+38 -3.4e+38 -3.4e+38 -3.4e+38 -3.4e+38 -3.4e+38 -3.4e+38 -3.4e+38 -3.4e+38 -3.4e+38 -3.4e+38 -3.4e+38 -3.4e+38 -3.4e+38 -3.4e+38 -3.4e+38 -3.4e+38 -3.4e+38 2.71 2.76 2.8 2.83 2.85 2.89 2.92 2.97 3.02 3.12 3.28 3.45 3.66 3.89 4.16 4.42 4.75 5.04 5.36 5.66 6 6.33 6.66 6.96 7.24 7.47 7.67 7.8 7.95 8.09 8.27 8.55 8.88 9.27 9.75 10.3 10.9 11.5 12.3 13 13.7 14.4 15.1 15.7 16.3 16.8 17.2 17.5 17.7 17.8 17.9 17.9 17.8 17.6
-3.4e+38 -3.4e+38 -3.4e+38 -3.4e+38 -3.4e+38 -3.4e+38 -3.4e+38 -3.4e+38 -3.4e+38 -3.4e+38 -3.4e+38 -3.4e+38 -3.4e+38 -3.4e+38 -3.4e+38 -3.4e+38 -3.4e+38 2.65 2.71 2.76 2.8 2.84 2.86 2.9 2.92 2.96 3 3.09 3.23 3.39 3.6 3.83 4.12 4.41 4.77 5.06 5.39 5.71 6.06 6.4 6.72 7.02 7.29 7.49 7.67 7.81 7.95 8.09 8.29 8.59 8.96 9.41 9.93 10.5 11.2 11.9 12.6 13.4 14.2 15 15.7 16.3 16.9 17.4 17.8 18.1 18.3 18.4 18.4 18.4 18.2 18.1
-3.4e+38 -3.4e+38 -3.4e+38 -3.4e+38 -3.4e+38 -3.4e+38 -3.4e+38 -3.4e+38 -3.4e+38 -3.4e+38 -3.4e+38 -3.4e+38 -3.4e+38 -3.4e+38 -3.4e+38 -3.4e+38 -3.4e+38 -3.4e+38 2.71 2.76 2.8 2.85 2.88 2.91 2.93 2.95 2.98 3.06 3.18 3.33 3.53 3.76 4.06 4.35 4.73 5.03 5.39 5.72 6.09 6.44 6.77 7.06 7.32 7.51 7.68 7.81 7.94 8.08 8.29 8.62 9.04 9.54 10.1 10.8 11.5 12.2 13 13.9 14.7 15.5 16.2 16.9 17.5 18 18.4 18.6 18.8 18.9 18.9 18.8 18.7 18.5
-3.4e+38 -3.4e+38 -3.4e+38 -3.4e+38 -3.4e+38 -3.4e+38 -3.4e+38 -3.4e+38 -3.4e+38 -3.4e+38 -3.4e+38 -3.4e+38 -3.4e+38 -3.4e+38 -3.4e+38 -3.4e+38 -3.4e+38 -3.4e+38 2.7 2.76 2.81 2.86 2.88 2.92 2.93 2.94 2.95 3.02 3.12 3.26 3.45 3.68 3.97 4.25 4.62 4.95 5.33 5.69 6.07 6.42 6.76 7.05 7.31 7.5 7.67 7.79 7.91 8.04 8.24 8.63 9.11 9.68 10.3 11 11.7 12.6 13.4 14.3 15.1 16 16.7 17.4 18 18.5 18.9 19.2 19.3 19.3 19.3 19.2 19 18.8
-3.4e+38 -3.4e+38 -3.4e+38 -3.4e+38 -3.4e+38 -3.4e+38 -3.4e+38 -3.4e+38 -3.4e+38 -3.4e+38 -3.4e+38 -3.4e+38 -3.4e+38 -3.4e+38 -3.4e+38 -3.4e+38 -3.4e+38 2.61 2.68 2.74 2.8 2.85 2.88 2.91 2.9 2.9 2.91 2.96 3.05 3.17 3.36 3.58 3.86 4.14 4.51 4.85 5.26 5.63 6.02 6.38 6.73 7.02 7.28 7.48 7.66 7.78 7.89 8.02 8.22 8.67 9.22 9.83 10.5 11.2 12 12.9 13.8 14.7 15.6 16.4 17.2 17.9 18.5 19 19.4 19.6 19.7 19.7 19.7 19.5 19.3 19.1
