maui/input/month_year_rainfall/maui_prcp_11_2001.asc
ncols        361
nrows        320
xllcorner    -156.738000000000
yllcorner    20.343000000000
cellsize     0.002250000000
NODATA_value -3.4028234663852885981e+38
[rows 160 to 191 of 320, columns 216 to 287 of 361]
16.2 15.9 15.5 15.2 14.8 14.3 13.9 13.5 13 12.6 12.1 11.7 11.2 10.7 10.2 9.74 9.27 8.82 8.39 8 7.63 7.3 7.01 6.77 6.58 6.45 6.37 6.36 6.38 6.42 6.47 6.54 6.62 6.72 6.84 6.99 7.14 7.32 7.52 7.75 8.03 8.35 8.73 9.16 9.65 10.2 10.8 11.4 12.1 12.8 13.6 14.3 15.1 16 16.8 17.8 18.7 19.7 20.7 21.7 22.7 23.7 24.8 25.8 26.7 27.6 28.4 29.2 29.8 30.4 30.8 31.2
15.9 15.6 15.3 14.9 14.6 14.2 13.7 13.3 12.9 12.5 12 11.6 11.2 10.7 10.2 9.8 9.37 8.95 8.55 8.17 7.83 7.53 7.26 7.04 6.86 6.74 6.69 6.68 6.7 6.74 6.79 6.85 6.93 7.04 7.18 7.34 7.52 7.74 7.98 8.25 8.58 8.94 9.36 9.81 10.3 10.8 11.4 12 12.7 13.3 14 14.8 15.6 16.4 17.2 18.1 19.1 20 21 21.9 22.9 23.9 24.8 25.8 26.7 27.6 28.4 29.1 29.7 30.2 30.7 31
15.5 15.3 15 14.6 14.3 13.9 13.5 13.1 12.7 12.3 11.9 11.5 11.1 10.7 10.2 9.82 9.41 9.02 8.65 8.31 8.01 7.74 7.5 7.3 7.14 7.04 7.01 7.01 7.03 7.06 7.12 7.18 7.27 7.39 7.54 7.72 7.94 8.18 8.46 8.78 9.14 9.55 10 10.5 11 11.5 12.1 12.6 13.2 13.9 14.5 15.2 16 16.8 17.6 18.5 19.4 20.3 21.2 22.1 23.1 24 24.9 25.9 26.7 27.5 28.3 29 29.6 30.1 30.5 30.8
15.1 14.9 14.6 14.3 14 13.6 13.3 12.9 12.5 12.1 11.8 11.4 11 10.6 10.2 9.82 9.44 9.08 8.74 8.44 8.18 7.94 7.73 7.55 7.42 7.35 7.32 7.33 7.35 7.39 7.45 7.52 7.61 7.74 7.9 8.11 8.35 8.63 8.94 9.3 9.71 10.2 10.6 11.1 11.7 12.2 12.7 13.2 13.8 14.4 15 15.7 16.4 17.2 18 18.8 19.6 20.5 21.4 22.3 23.2 24.1 25 25.9 26.8 27.6 28.3 29 29.5 30 30.3 30.6
14.7 14.5 14.2 13.9 13.6 13.3 13 12.6 12.3 11.9 11.6 11.2 10.9 10.5 10.1 9.79 9.44 9.11 8.81 8.55 8.33 8.13 7.95 7.8 7.7 7.65 7.64 7.65 7.68 7.73 7.79 7.87 7.98 8.11 8.29 8.51 8.78 9.08 9.43 9.83 10.3 10.8 11.3 11.8 12.4 12.8 13.3 13.8 14.3 14.9 15.4 16.1 16.8 17.5 18.3 19.1 19.9 20.8 21.6 22.5 23.4 24.3 25.1 26 26.8 27.6 28.3 28.9 29.4 29.8 30.1 30.2
14.3 14 13.8 13.5 13.3 13 12.6 12.3 12 11.7 11.4 11 10.7 10.4 10.1 9.74 9.42 9.13 8.87 8.65 8.46 8.3 8.16 8.05 7.98 7.95 7.96 7.97 8.01 8.06 8.13 8.23 8.34 8.48 8.67 8.91 9.19 9.52 9.91 10.3 10.8 11.4 12 12.5 13.1 13.5 14 14.4 14.8 15.3 15.8 16.5 17.1 17.8 18.6 19.4 20.1 21 21.8 22.7 23.5 24.4 25.2 26 26.8 27.6 28.2 28.9 29.3 29.6 29.7 29.8
13.8 13.6 13.4 13.1 12.8 12.6 12.3 12 11.7 11.4 11.1 10.8 10.6 10.2 9.95 9.67 9.39 9.14 8.92 8.73 8.58 8.46 8.36 8.29 8.26 8.25 8.27 8.3 8.34 8.4 8.47 8.58 8.7 8.85 9.05 9.3 9.6 9.96 10.4 10.8 11.4 12 12.6 13.2 13.8 14.2 14.5 14.9 15.3 15.7 16.2 16.8 17.4 18.1 18.8 19.6 20.3 21.2 22 22.8 23.6 24.5 25.3 26.1 26.9 27.6 28.2 28.7 29 29.2 29.3 29.3
13.3 13.1 12.9 12.7 12.4 12.2 11.9 11.7 11.4 11.1 10.9 10.6 10.4 10.1 9.83 9.57 9.35 9.15 8.97 8.83 8.71 8.63 8.58 8.56 8.56 8.57 8.59 8.62 8.67 8.73 8.81 8.92 9.06 9.22 9.42 9.69 10 10.4 10.8 11.3 11.9 12.5 13.2 13.9 14.5 14.8 15.1 15.3 15.6 16 16.5 17 17.6 18.3 19 19.7 20.5 21.3 22.1 22.9 23.7 24.5 25.3 26 26.7 27.4 27.9 28.3 28.6 28.8 28.8 28.7
12.9 12.7 12.5 12.3 12 11.8 11.6 11.3 11.1 10.8 10.6 10.4 10.2 9.92 9.69 9.47 9.3 9.16 9.03 8.93 8.85 8.81 8.81 8.83 8.86 8.88 8.91 8.94 8.99 9.06 9.14 9.26 9.4 9.57 9.79 10.1 10.4 10.8 11.2 11.7 12.3 12.9 13.6 14.4 15.1 15.3 15.5 15.7 15.9 16.3 16.7 17.2 17.8 18.4 19.1 19.8 20.5 21.3 22.1 22.9 23.7 24.4 25.2 25.9 26.5 27 27.5 27.9 28.1 28.2 28.2 28.1
12.4 12.2 12 11.8 11.6 11.4 11.2 11 10.8 10.5 10.3 10.1 9.93 9.73 9.55 9.38 9.26 9.16 9.08 9.02 8.98 8.97 9 9.04 9.08 9.12 9.15 9.19 9.24 9.32 9.41 9.53 9.68 9.86 10.1 10.4 10.7 11.1 11.5 12 12.6 13.2 13.8 14.5 15.1 15.4 15.6 15.8 16 16.3 16.7 17.1 17.7 18.3 19 19.7 20.5 21.3 22 22.8 23.5 24.2 24.9 25.5 26.1 26.6 27 27.3 27.5 27.6 27.5 27.3
11.9 11.8 11.6 11.4 11.2 11 10.8 10.6 10.4 10.2 10.1 9.88 9.71 9.55 9.41 9.3 9.22 9.17 9.13 9.12 9.11 9.14 9.17 9.22 9.27 9.32 9.36 9.41 9.47 9.55 9.65 9.77 9.93 10.1 10.4 10.6 11 11.3 11.8 12.3 12.8 13.4 13.9 14.5 15 15.3 15.6 15.8 16 16.3 16.6 17 17.5 18.2 18.9 19.6 20.4 21.1 21.8 22.6 23.3 23.9 24.6 25.1 25.6 26.1 26.4 26.7 26.8 26.8 26.7 26.4
11.5 11.3 11.2 11 10.8 10.7 10.5 10.3 10.1 9.97 9.8 9.65 9.52 9.4 9.31 9.25 9.2 9.17 9.17 9.2 9.22 9.26 9.3 9.35 9.41 9.46 9.52 9.57 9.64 9.73 9.84 9.97 10.1 10.3 10.6 10.9 11.2 11.5 12 12.4 12.9 13.4 13.9 14.4 14.8 15.2 15.5 15.7 15.9 16.1 16.4 16.7 17.3 18 18.7 19.4 20.1 20.9 21.6 22.2 22.9 23.5 24.1 24.6 25.1 25.4 25.7 25.9 25.9 25.9 25.7 25.3
11.1 10.9 10.8 10.6 10.5 10.3 10.1 10 9.85 9.7 9.55 9.43 9.33 9.26 9.22 9.2 9.18 9.18 9.21 9.28 9.31 9.37 9.42 9.47 9.53 9.59 9.66 9.72 9.79 9.89 10 10.2 10.3 10.5 10.8 11 11.4 11.7 12.1 12.5 13 13.4 13.9 14.3 14.7 15 15.3 15.5 15.7 15.9 16.2 16.4 17 17.7 18.5 19.2 19.9 20.6 21.2 21.9 22.5 23 23.5 24 24.4 24.7 24.9 25.1 25 24.9 24.5 24.1
10.7 10.5 10.4 10.3 10.1 10 9.85 9.72 9.59 9.48 9.37 9.29 9.22 9.18 9.16 9.15 9.15 9.17 9.22 9.29 9.35 9.41 9.46 9.52 9.58 9.65 9.72 9.79 9.87 9.97 10.1 10.2 10.4 10.6 10.9 11.1 11.4 11.8 12.1 12.5 12.9 13.4 13.8 14.2 14.5 14.8 15.1 15.3 15.5 15.7 15.9 16.3 16.8 17.5 18.2 18.9 19.5 20.2 20.8 21.4 21.9 22.4 22.8 23.2 23.6 23.8 23.9 24 23.8 23.5 22.9 22.2
10.3 10.2 10.1 9.95 9.81 9.7 9.58 9.47 9.37 9.29 9.22 9.16 9.12 9.11 9.1 9.11 9.13 9.17 9.23 9.3 9.36 9.43 9.49 9.55 9.62 9.69 9.76 9.83 9.92 10 10.2 10.3 10.5 10.7 10.9 11.2 11.5 11.8 12.2 12.5 12.9 13.3 13.7 14 14.3 14.6 14.8 15 15.2 15.5 15.8 16.1 16.6 17.2 17.9 18.5 19.1 19.7 20.3 20.8 21.2 21.6 22 22.3 22.6 22.8 22.7 22.6 22.4 22 21.2 20.3
9.94 9.84 9.74 9.64 9.53 9.44 9.35 9.29 9.22 9.17 9.12 9.08 9.06 9.06 9.06 9.08 9.1 9.15 9.21 9.28 9.34 9.4 9.48 9.55 9.61 9.68 9.75 9.82 9.91 10 10.1 10.3 10.5 10.7 10.9 11.2 11.5 11.8 12.1 12.4 12.8 13.1 13.5 13.8 14.1 14.3 14.6 14.7 14.9 15.2 15.5 15.9 16.3 16.9 17.5 18 18.5 19 19.5 19.9 20.3 20.6 20.9 21.1 21.2 21.2 20.9 20.5 20.3 20 19.4 18.8
9.61 9.54 9.46 9.38 9.3 9.24 9.17 9.14 9.11 9.08 9.05 9.03 9.02 9.03 9.04 9.07 9.09 9.13 9.19 9.25 9.29 9.35 9.43 9.49 9.55 9.61 9.69 9.77 9.85 9.96 10.1 10.3 10.4 10.6 10.9 11.1 11.4 11.7 12 12.3 12.6 13 13.3 13.6 13.8 14.1 14.2 14.4 14.6 14.7 15 15.4 15.9 16.4 16.9 17.4 17.8 18.2 18.5 18.9 19.1 19.4 19.5 19.6 19.6 19.6 19.2 18.7 18.4 18.2 17.8 17.5
9.34 9.29 9.24 9.2 9.15 9.11 9.08 9.06 9.04 9.02 9.01 8.99 9 9.02 9.04 9.07 9.09 9.11 9.14 9.19 9.22 9.27 9.31 9.36 9.4 9.47 9.54 9.62 9.71 9.82 9.95 10.1 10.3 10.5 10.7 11 11.2 11.5 11.8 12.1 12.4 12.7 13 13.2 13.5 13.7 13.8 14 14.1 14.2 14.4 14.8 15.2 15.6 16 16.4 16.7 16.9 17.2 17.4 17.6 17.7 17.9 17.9 18 17.9 17.8 17.5 17.3 17.1 16.8 16.5
9.13 9.11 9.08 9.06 9.03 9.02 9.01 9 8.99 8.98 8.98 8.97 8.98 9.02 9.05 9.08 9.08 9.08 9.09 9.11 9.12 9.14 9.17 9.19 9.23 9.29 9.37 9.45 9.54 9.64 9.76 9.91 10.1 10.3 10.5 10.7 11 11.3 11.5 11.8 12.1 12.4 12.7 12.9 13.1 13.3 13.5 13.6 13.7 13.7 13.9 14.3 14.7 15.1 15.4 15.6 15.8 16 16.1 16.2 16.4 16.5 16.6 16.6 16.6 16.6 16.6 16.5 16.3 16.1 15.8 15.5
9 8.99 8.97 8.97 8.96 8.96 8.97 8.97 8.97 8.97 8.97 8.97 8.98 9.02 9.04 9.06 9.06 9.05 9.02 9.01 8.98 8.97 8.98 9 9.03 9.08 9.15 9.23 9.32 9.41 9.52 9.67 9.83 10 10.2 10.5 10.7 11 11.2 11.5 11.8 12.1 12.3 12.6 12.8 13 13.2 13.4 13.5 13.6 13.8 14.1 14.4 14.7 14.9 15.1 15.2 15.3 15.4 15.5 15.6 15.7 15.7 15.8 15.7 15.7 15.6 15.5 15.3 15.1 14.8 14.5
8.89 8.89 8.9 8.91 8.91 8.93 8.94 8.95 8.96 8.96 8.97 8.97 8.99 9.03 9.03 9.02 8.99 8.96 8.9 8.86 8.81 8.78 8.78 8.78 8.8 8.85 8.92 8.99 9.05 9.14 9.24 9.38 9.53 9.72 9.92 10.1 10.4 10.6 10.9 11.2 11.5 11.7 12 12.3 12.5 12.8 13 13.2 13.4 13.6 13.8 14 14.2 14.4 14.5 14.6 14.7 14.8 14.8 14.9 14.9 14.9 14.9 14.9 14.9 14.8 14.7 14.6 14.4 14.2 13.9 13.6
8.8 8.82 8.85 8.87 8.89 8.91 8.93 8.95 8.96 8.98 8.99 8.99 9.01 9.03 9 8.96 8.89 8.83 8.74 8.68 8.62 8.57 8.55 8.53 8.54 8.58 8.65 8.69 8.74 8.82 8.91 9.04 9.19 9.37 9.57 9.79 10 10.3 10.6 10.8 11.1 11.4 11.7 11.9 12.2 12.5 12.7 13 13.2 13.5 13.7 13.9 14 14.1 14.2 14.2 14.2 14.2 14.2 14.2 14.2 14.2 14.1 14.1 14 14 13.8 13.6 13.4 13.2 12.9 12.6
8.71 8.75 8.79 8.82 8.85 8.89 8.92 8.94 8.97 9 9.02 9 8.99 8.97 8.91 8.84 8.75 8.66 8.56 8.47 8.4 8.34 8.29 8.27 8.25 8.27 8.31 8.36 8.41 8.48 8.57 8.7 8.85 9.03 9.22 9.44 9.68 9.94 10.2 10.5 10.8 11 11.3 11.6 11.9 12.2 12.5 12.8 13 13.3 13.6 13.8 13.9 13.8 13.8 13.7 13.6 13.6 13.5 13.5 13.4 13.4 13.3 13.3 13.2 13.1 12.9 12.8 12.6 12.4 12.1 11.9
8.63 8.68 8.73 8.78 8.82 8.87 8.92 8.95 8.98 9.02 9.03 9.01 8.95 8.88 8.79 8.7 8.59 8.48 8.36 8.25 8.16 8.09 8.02 7.97 7.95 7.94 7.96 7.99 8.03 8.1 8.2 8.32 8.47 8.65 8.84 9.06 9.3 9.55 9.81 10.1 10.4 10.6 10.9 11.2 11.5 11.8 12.1 12.4 12.7 13.1 13.4 13.6 13.6 13.5 13.3 13.1 13 12.9 12.8 12.7 12.6 12.5 12.4 12.4 12.3 12.1 12 11.9 11.7 11.6 11.4 11.2
8.55 8.61 8.67 8.73 8.79 8.85 8.91 8.94 8.96 8.98 8.97 8.91 8.84 8.74 8.63 8.52 8.39 8.27 8.13 8 7.89 7.79 7.7 7.64 7.59 7.58 7.58 7.61 7.66 7.74 7.84 7.97 8.12 8.3 8.49 8.71 8.95 9.19 9.44 9.7 9.97 10.2 10.5 10.8 11.1 11.4 11.7 12 12.3 12.7 13 13.4 13.3 13 12.8 12.6 12.4 12.2 12.1 12 11.9 11.9 11.8 11.7 11.6 11.5 11.4 11.3 11.2 11 10.9 10.7
8.49 8.55 8.63 8.7 8.77 8.83 8.89 8.91 8.92 8.91 8.88 8.8 8.7 8.58 8.45 8.32 8.18 8.05 7.89 7.74 7.6 7.47 7.36 7.28 7.22 7.19 7.19 7.22 7.27 7.36 7.46 7.59 7.74 7.92 8.11 8.33 8.55 8.79 9.03 9.28 9.54 9.8 10.1 10.3 10.6 10.9 11.2 11.5 11.8 12.1 12.4 12.7 12.6 12.4 12.1 11.9 11.7 11.6 11.4 11.3 11.3 11.2 11.1 11.1 11 10.9 10.8 10.7 10.6 10.5 10.4 10.3
8.42 8.49 8.57 8.64 8.71 8.75 8.78 8.79 8.79 8.75 8.69 8.6 8.5 8.37 8.24 8.1 7.94 7.79 7.62 7.46 7.3 7.17 7.05 6.96 6.91 6.89 6.89 6.92 6.98 7.07 7.18 7.32 7.47 7.65 7.84 8.05 8.27 8.5 8.73 8.98 9.22 9.48 9.74 10 10.3 10.5 10.8 11.1 11.3 11.6 11.8 12 11.9 11.8 11.5 11.3 11.2 11 10.9 10.8 10.7 10.7 10.6 10.6 10.5 10.5 10.4 10.3 10.2 10.1 10 9.93
8.35 8.43 8.5 8.56 8.62 8.63 8.65 8.64 8.62 8.57 8.49 8.39 8.28 8.15 8 7.85 7.67 7.5 7.33 7.16 7 6.86 6.74 6.65 6.6 6.58 6.58 6.62 6.68 6.77 6.88 7.03 7.18 7.36 7.55 7.75 7.96 8.19 8.41 8.65 8.88 9.12 9.36 9.62 9.86 10.1 10.4 10.6 10.8 11 11.1 11.2 11.2 11.1 10.9 10.7 10.6 10.4 10.3 10.3 10.2 10.2 10.2 10.1 10.1 10 9.96 9.9 9.83 9.76 9.67 9.59
8.24 8.3 8.35 8.4 8.44 8.45 8.45 8.42 8.39 8.33 8.25 8.15 8.03 7.88 7.72 7.55 7.36 7.18 7 6.83 6.68 6.54 6.43 6.35 6.31 6.29 6.31 6.35 6.4 6.5 6.61 6.76 6.91 7.09 7.27 7.47 7.67 7.88 8.1 8.32 8.54 8.77 8.99 9.22 9.44 9.66 9.87 10.1 10.2 10.4 10.5 10.5 10.5 10.4 10.2 10.1 9.97 9.86 9.79 9.77 9.75 9.73 9.7 9.67 9.64 9.61 9.58 -3.4e+38 -3.4e+38 -3.4e+38 9.36 -3.4e+38
8.08 8.13 8.16 8.19 8.23 8.22 8.22 8.18 8.13 8.06 7.98 7.87 7.74 7.59 7.41 7.23 7.04 6.85 6.67 6.51 6.36 6.23 6.14 6.06 6.03 6.02 6.03 6.07 6.13 6.23 6.34 6.49 6.64 6.82 7 7.19 7.38 7.58 7.78 7.99 8.19 8.4 8.6 8.8 8.99 9.18 9.35 9.51 9.64 9.73 9.79 9.8 9.77 9.71 9.62 9.52 9.41 9.31 9.28 9.29 9.29 9.29 9.28 9.27 -3.4e+38 -3.4e+38 -3.4e+38 -3.4e+38 -3.4e+38 -3.4e+38 -3.4e+38 -3.4e+38
7.87 7.89 7.91 7.93 7.95 7.94 7.94 7.89 7.84 7.76 7.66 7.53 7.39 7.23 7.05 6.87 6.68 6.51 6.34 6.18 6.05 5.94 5.85 5.79 5.76 5.76 5.77 5.82 5.88 5.98 6.09 6.24 6.39 6.57 6.74 6.92 7.1 7.29 7.48 7.67 7.85 8.04 8.21 8.39 8.54 8.7 8.84 8.96 9.07 9.14 9.18 9.18 9.15 9.11 9.04 8.98 8.91 8.87 8.85 8.87 8.88 8.9 8.91 -3.4e+38 -3.4e+38 -3.4e+38 -3.4e+38 -3.4e+38 -3.4e+38 -3.4e+38 -3.4e+38 -3.4e+38
7.62 7.63 7.64 7.64 7.65 7.63 7.61 7.56 7.5 7.4 7.3 7.17 7.02 6.86 6.69 6.51 6.34 6.17 6.03 5.89 5.77 5.67 5.6 5.55 5.53 5.53 5.55 5.6 5.66 5.75 5.86 6.01 6.16 6.33 6.51 6.68 6.84 7.01 7.18 7.35 7.51 7.67 7.82 7.97 8.1 8.23 8.34 8.45 8.53 8.59 8.62 8.62 8.6 8.57 8.53 8.5 8.47 8.47 8.47 8.49 8.52 8.54 -3.4e+38 -3.4e+38 -3.4e+38 -3.4e+38 -3.4e+38 -3.4e+38 -3.4e+38 -3.4e+38 -3.4e+38 -3.4e+38
