maui/input/month_year_rainfall/maui_prcp_01_2001.asc
ncols        361
nrows        320
xllcorner    -156.738000000000
yllcorner    20.343000000000
cellsize     0.002250000000
NODATA_value -3.4028234663852885981e+38
[rows 186 to 216 of 320, columns 142 to 212 of 361]
0.63 0.666 0.7 0.735 0.769 0.802 0.832 0.859 0.881 0.896 0.905 0.909 0.91 0.909 0.907 0.904 0.898 0.891 0.882 0.872 0.858 0.845 0.832 0.819 0.806 0.795 0.783 0.772 0.761 0.749 0.738 0.726 0.716 0.706 0.696 0.684 0.675 0.667 0.661 0.657 0.655 0.656 0.659 0.663 0.67 0.678 0.687 0.685 0.661 0.635 0.609 0.584 0.562 0.541 0.522 0.504 0.488 0.471 0.454 0.438 0.424 0.412 0.403 0.397 0.393 0.391 0.391 0.393 0.397 0.403 0.41
0.633 0.667 0.701 0.734 0.765 0.795 0.822 0.846 0.865 0.879 0.888 0.893 0.894 0.894 0.892 0.889 0.885 0.88 0.871 0.86 0.845 0.831 0.817 0.804 0.791 0.778 0.766 0.754 0.742 0.73 0.718 0.705 0.694 0.683 0.672 0.661 0.651 0.643 0.637 0.634 0.632 0.633 0.637 0.643 0.65 0.659 0.667 0.665 0.645 0.621 0.597 0.575 0.553 0.534 0.516 0.5 0.485 0.468 0.451 0.435 0.421 0.41 0.401 0.395 0.39 0.388 0.388 0.39 0.395 0.401 0.408
0.635 0.668 0.7 0.731 0.759 0.786 0.81 0.83 0.848 0.86 0.869 0.873 0.876 0.876 0.875 0.873 0.87 0.867 0.859 0.846 0.83 0.815 0.802 0.788 0.774 0.761 0.749 0.736 0.723 0.71 0.697 0.684 0.672 0.66 0.648 0.636 0.626 0.618 0.612 0.608 0.607 0.608 0.612 0.618 0.625 0.632 0.636 0.633 0.62 0.601 0.581 0.561 0.542 0.524 0.507 0.492 0.477 0.461 0.445 0.43 0.417 0.406 0.397 0.39 0.386 0.383 0.383 0.386 0.39 0.397 0.404
0.636 0.669 0.699 0.728 0.753 0.776 0.796 0.813 0.828 0.839 0.847 0.851 0.854 0.855 0.854 0.853 0.85 0.848 0.841 0.827 0.812 0.798 0.784 0.771 0.757 0.743 0.73 0.717 0.704 0.69 0.677 0.663 0.649 0.636 0.623 0.611 0.6 0.591 0.585 0.58 0.579 0.58 0.584 0.589 0.595 0.6 0.603 0.6 0.591 0.577 0.561 0.544 0.527 0.511 0.495 0.48 0.465 0.451 0.436 0.422 0.41 0.399 0.39 0.383 0.378 0.376 0.376 0.379 0.384 0.391 0.399
0.637 0.668 0.698 0.723 0.745 0.764 0.78 0.794 0.806 0.815 0.822 0.826 0.829 0.83 0.83 0.829 0.827 0.823 0.816 0.805 0.792 0.779 0.765 0.752 0.738 0.724 0.711 0.697 0.684 0.67 0.656 0.641 0.626 0.612 0.598 0.585 0.573 0.564 0.556 0.551 0.549 0.55 0.554 0.559 0.564 0.568 0.57 0.568 0.561 0.551 0.539 0.525 0.51 0.495 0.481 0.467 0.453 0.44 0.426 0.413 0.402 0.391 0.381 0.374 0.369 0.366 0.366 0.369 0.375 0.382 0.391
0.636 0.668 0.696 0.719 0.736 0.749 0.761 0.771 0.78 0.788 0.795 0.799 0.802 0.803 0.804 0.803 0.8 0.797 0.789 0.78 0.769 0.758 0.745 0.732 0.719 0.705 0.691 0.678 0.663 0.649 0.634 0.619 0.603 0.588 0.573 0.559 0.546 0.535 0.526 0.52 0.518 0.519 0.522 0.527 0.532 0.536 0.538 0.537 0.533 0.525 0.516 0.504 0.492 0.479 0.466 0.454 0.441 0.428 0.415 0.403 0.391 0.38 0.37 0.362 0.356 0.353 0.354 0.357 0.363 0.372 0.382
0.633 0.666 0.694 0.714 0.724 0.732 0.739 0.745 0.752 0.759 0.765 0.769 0.772 0.774 0.775 0.775 0.773 0.769 0.763 0.755 0.746 0.735 0.724 0.712 0.699 0.686 0.672 0.658 0.643 0.628 0.613 0.597 0.581 0.564 0.548 0.533 0.518 0.505 0.495 0.488 0.485 0.487 0.49 0.496 0.501 0.506 0.508 0.508 0.506 0.501 0.493 0.484 0.474 0.462 0.451 0.44 0.427 0.415 0.403 0.391 0.379 0.368 0.358 0.349 0.342 0.338 0.339 0.342 0.35 0.361 0.373
0.626 0.659 0.691 0.705 0.707 0.71 0.712 0.716 0.721 0.726 0.732 0.737 0.74 0.743 0.745 0.745 0.744 0.741 0.736 0.729 0.721 0.712 0.702 0.69 0.678 0.665 0.651 0.638 0.623 0.608 0.593 0.576 0.559 0.541 0.524 0.507 0.491 0.476 0.463 0.455 0.452 0.454 0.459 0.465 0.471 0.477 0.48 0.481 0.48 0.477 0.472 0.464 0.455 0.445 0.435 0.424 0.413 0.401 0.389 0.377 0.365 0.354 0.343 0.333 0.325 0.321 0.321 0.325 0.335 0.347 0.362
0.613 0.642 0.669 0.681 0.682 0.682 0.682 0.684 0.687 0.691 0.697 0.703 0.708 0.712 0.714 0.716 0.715 0.714 0.709 0.703 0.696 0.688 0.679 0.669 0.657 0.645 0.632 0.618 0.604 0.589 0.573 0.556 0.538 0.52 0.502 0.483 0.465 0.447 0.432 0.422 0.419 0.422 0.429 0.437 0.444 0.451 0.455 0.457 0.458 0.456 0.452 0.446 0.438 0.428 0.418 0.408 0.397 0.386 0.374 0.362 0.351 0.339 0.327 0.317 0.308 0.301 0.301 0.307 0.318 0.333 0.35
0.595 0.618 0.637 0.647 0.65 0.649 0.648 0.648 0.65 0.654 0.66 0.667 0.674 0.679 0.683 0.686 0.686 0.685 0.682 0.677 0.671 0.664 0.655 0.646 0.635 0.624 0.611 0.598 0.584 0.569 0.554 0.537 0.519 0.5 0.481 0.461 0.441 0.421 0.402 0.388 0.386 0.393 0.402 0.412 0.421 0.428 0.433 0.436 0.437 0.436 0.432 0.427 0.419 0.41 0.401 0.391 0.38 0.369 0.358 0.347 0.335 0.323 0.311 0.3 0.289 0.281 0.279 0.287 0.302 0.319 0.337
0.574 0.592 0.605 0.614 0.616 0.615 0.613 0.611 0.612 0.617 0.624 0.632 0.64 0.648 0.653 0.657 0.658 0.658 0.656 0.652 0.647 0.641 0.633 0.624 0.614 0.604 0.592 0.579 0.566 0.551 0.536 0.519 0.502 0.483 0.463 0.443 0.422 0.401 0.379 0.358 0.357 0.369 0.381 0.392 0.401 0.408 0.414 0.417 0.418 0.417 0.414 0.409 0.402 0.393 0.384 0.374 0.364 0.353 0.342 0.331 0.319 0.308 0.296 0.284 0.273 0.263 0.258 0.27 0.287 0.306 0.325
0.554 0.567 0.577 0.582 0.584 0.581 0.577 0.573 0.574 0.58 0.589 0.598 0.608 0.616 0.622 0.627 0.629 0.63 0.628 0.626 0.622 0.616 0.61 0.602 0.593 0.583 0.572 0.56 0.547 0.533 0.518 0.502 0.485 0.467 0.448 0.429 0.408 0.387 0.366 0.348 0.346 0.356 0.366 0.376 0.384 0.391 0.396 0.399 0.4 0.399 0.396 0.391 0.384 0.375 0.366 0.357 0.347 0.337 0.326 0.315 0.304 0.293 0.282 0.272 0.261 0.253 0.249 0.26 0.276 0.293 0.311
0.535 0.545 0.552 0.555 0.555 0.551 0.545 0.537 0.536 0.545 0.557 0.568 0.578 0.586 0.593 0.599 0.602 0.603 0.603 0.601 0.598 0.594 0.588 0.581 0.573 0.563 0.553 0.542 0.53 0.517 0.503 0.487 0.471 0.454 0.436 0.418 0.399 0.38 0.363 0.35 0.346 0.35 0.357 0.365 0.371 0.376 0.38 0.383 0.383 0.382 0.378 0.373 0.367 0.358 0.349 0.34 0.331 0.321 0.311 0.301 0.291 0.28 0.271 0.262 0.254 0.248 0.248 0.255 0.268 0.282 0.298
0.518 0.525 0.53 0.531 0.53 0.526 0.519 0.51 0.507 0.519 0.531 0.542 0.552 0.56 0.567 0.573 0.576 0.578 0.578 0.577 0.574 0.571 0.566 0.56 0.553 0.544 0.535 0.524 0.513 0.5 0.487 0.473 0.458 0.442 0.426 0.409 0.392 0.376 0.361 0.351 0.346 0.347 0.35 0.355 0.359 0.363 0.366 0.367 0.367 0.365 0.361 0.356 0.35 0.341 0.333 0.324 0.315 0.305 0.296 0.287 0.278 0.269 0.26 0.253 0.247 0.244 0.245 0.251 0.261 0.273 0.286
0.502 0.507 0.51 0.511 0.51 0.506 0.501 0.495 0.495 0.502 0.512 0.521 0.53 0.538 0.544 0.549 0.553 0.555 0.555 0.554 0.552 0.55 0.546 0.54 0.534 0.526 0.517 0.507 0.497 0.485 0.473 0.46 0.446 0.431 0.416 0.401 0.386 0.372 0.36 0.351 0.345 0.343 0.344 0.346 0.349 0.351 0.352 0.352 0.351 0.349 0.345 0.34 0.333 0.325 0.317 0.308 0.299 0.291 0.282 0.274 0.266 0.258 0.251 0.246 0.242 0.24 0.242 0.246 0.254 0.264 0.275
0.487 0.491 0.494 0.494 0.493 0.49 0.487 0.485 0.485 0.49 0.497 0.504 0.512 0.519 0.524 0.529 0.532 0.534 0.534 0.533 0.531 0.529 0.525 0.52 0.515 0.507 0.5 0.491 0.481 0.47 0.459 0.447 0.434 0.421 0.407 0.393 0.38 0.367 0.356 0.348 0.342 0.339 0.338 0.338 0.338 0.339 0.339 0.338 0.336 0.333 0.329 0.324 0.317 0.31 0.301 0.293 0.285 0.277 0.27 0.262 0.255 0.249 0.243 0.239 0.236 0.235 0.237 0.241 0.248 0.256 0.265
0.474 0.477 0.479 0.479 0.478 0.476 0.475 0.474 0.475 0.478 0.483 0.489 0.495 0.501 0.506 0.51 0.512 0.514 0.514 0.514 0.512 0.509 0.506 0.502 0.496 0.49 0.482 0.474 0.465 0.455 0.445 0.434 0.422 0.41 0.397 0.385 0.373 0.362 0.352 0.344 0.338 0.334 0.331 0.33 0.329 0.328 0.327 0.325 0.322 0.319 0.315 0.309 0.303 0.295 0.287 0.28 0.272 0.265 0.258 0.252 0.246 0.24 0.236 0.232 0.23 0.23 0.232 0.236 0.241 0.248 0.256
0.462 0.464 0.465 0.465 0.465 0.464 0.463 0.463 0.464 0.467 0.471 0.475 0.48 0.485 0.489 0.492 0.494 0.496 0.496 0.495 0.493 0.491 0.487 0.483 0.478 0.472 0.465 0.457 0.449 0.44 0.43 0.42 0.409 0.398 0.387 0.376 0.365 0.355 0.346 0.338 0.332 0.327 0.324 0.321 0.319 0.317 0.315 0.313 0.309 0.306 0.301 0.295 0.289 0.282 0.275 0.267 0.26 0.254 0.247 0.242 0.237 0.232 0.229 0.226 0.225 0.225 0.227 0.23 0.235 0.241 0.248
0.45 0.452 0.453 0.453 0.453 0.452 0.452 0.452 0.454 0.456 0.459 0.462 0.466 0.47 0.473 0.476 0.477 0.478 0.478 0.478 0.476 0.473 0.47 0.466 0.461 0.455 0.449 0.441 0.433 0.425 0.416 0.407 0.397 0.387 0.377 0.367 0.357 0.348 0.339 0.332 0.326 0.321 0.316 0.313 0.31 0.307 0.304 0.301 0.297 0.293 0.288 0.283 0.277 0.27 0.263 0.256 0.25 0.244 0.238 0.233 0.229 0.225 0.222 0.22 0.219 0.22 0.222 0.225 0.229 0.235 0.241
0.44 0.441 0.441 0.442 0.441 0.441 0.441 0.442 0.443 0.445 0.447 0.45 0.453 0.455 0.458 0.46 0.461 0.462 0.462 0.461 0.459 0.456 0.453 0.449 0.444 0.439 0.433 0.426 0.418 0.411 0.402 0.394 0.385 0.376 0.367 0.357 0.349 0.34 0.332 0.325 0.319 0.313 0.309 0.305 0.301 0.298 0.294 0.29 0.286 0.282 0.277 0.271 0.266 0.26 0.253 0.246 0.24 0.234 0.229 0.225 0.221 0.218 0.216 0.214 0.214 0.215 0.217 0.22 0.224 0.229 0.235
0.43 0.431 0.431 0.431 0.431 0.431 0.431 0.432 0.432 0.434 0.436 0.438 0.44 0.442 0.444 0.445 0.446 0.446 0.446 0.445 0.443 0.44 0.437 0.433 0.429 0.424 0.418 0.411 0.404 0.397 0.389 0.381 0.373 0.365 0.357 0.348 0.34 0.332 0.325 0.318 0.312 0.306 0.301 0.297 0.293 0.289 0.285 0.281 0.276 0.272 0.267 0.261 0.256 0.25 0.244 0.238 0.232 0.226 0.222 0.218 0.215 0.212 0.211 0.21 0.21 0.211 0.213 0.216 0.22 0.225 0.23
0.421 0.421 0.421 0.421 0.421 0.421 0.421 0.421 0.422 0.423 0.424 0.426 0.427 0.429 0.43 0.431 0.431 0.431 0.431 0.429 0.427 0.425 0.421 0.418 0.413 0.408 0.403 0.397 0.39 0.383 0.376 0.369 0.362 0.354 0.347 0.339 0.331 0.324 0.317 0.311 0.304 0.299 0.294 0.289 0.284 0.28 0.276 0.271 0.267 0.262 0.257 0.252 0.247 0.241 0.236 0.23 0.224 0.219 0.215 0.211 0.209 0.207 0.206 0.205 0.206 0.207 0.21 0.213 -3.4e+38 0.221 -3.4e+38
-3.4e+38 0.412 0.412 0.412 0.411 0.411 0.411 0.411 0.412 0.413 0.414 0.415 0.416 0.416 0.417 0.418 0.418 0.417 0.416 0.415 0.413 0.41 0.407 0.403 0.399 0.395 0.389 0.383 0.377 0.371 0.364 0.358 0.351 0.344 0.337 0.33 0.323 0.316 0.31 0.303 0.297 0.292 0.286 0.282 0.277 0.272 0.268 0.263 0.259 0.254 0.249 0.244 0.239 0.234 0.229 0.223 0.218 0.213 0.209 0.206 0.204 0.203 0.202 0.202 0.203 0.204 -3.4e+38 -3.4e+38 -3.4e+38 -3.4e+38 -3.4e+38
-3.4e+38 0.404 0.403 0.403 0.402 0.402 0.401 0.401 0.401 0.402 0.402 0.403 0.404 0.404 0.404 0.405 0.404 0.404 0.402 0.401 0.399 0.396 0.393 0.389 0.385 0.381 0.376 0.37 0.365 0.359 0.352 0.346 0.34 0.334 0.327 0.321 0.314 0.308 0.302 0.296 0.29 0.285 0.279 0.275 0.27 0.265 0.261 0.256 0.251 0.246 0.242 0.237 0.232 0.227 0.222 0.217 0.212 0.208 0.205 0.202 0.2 0.199 0.199 0.199 -3.4e+38 -3.4e+38 -3.4e+38 -3.4e+38 -3.4e+38 -3.4e+38 -3.4e+38
-3.4e+38 0.396 0.395 0.395 0.394 0.393 0.392 0.392 0.392 0.392 0.392 0.392 0.393 0.393 0.393 0.392 0.392 0.391 0.39 0.388 0.386 0.383 0.38 0.376 0.373 0.368 0.363 0.358 0.353 0.347 0.342 0.336 0.33 0.325 0.319 0.313 0.307 0.301 0.295 0.29 0.284 0.279 0.273 0.269 0.264 0.259 0.254 0.249 0.245 0.24 0.235 0.231 0.227 0.222 0.217 0.213 0.208 0.204 0.201 0.199 0.197 -3.4e+38 -3.4e+38 -3.4e+38 -3.4e+38 -3.4e+38 -3.4e+38 -3.4e+38 -3.4e+38 -3.4e+38 -3.4e+38
-3.4e+38 0.389 0.388 0.387 0.385 0.384 0.383 0.383 0.382 0.382 0.382 0.382 0.381 0.381 0.381 0.38 0.379 0.378 0.377 0.375 0.373 0.37 0.367 0.364 0.36 0.356 0.352 0.347 0.342 0.337 0.331 0.326 0.321 0.316 0.31 0.305 0.3 0.294 0.289 0.283 0.278 0.273 0.268 0.263 0.258 0.253 0.248 0.244 0.239 0.234 0.23 0.226 0.222 0.217 0.213 0.209 0.205 0.201 0.198 0.196 -3.4e+38 -3.4e+38 -3.4e+38 -3.4e+38 -3.4e+38 -3.4e+38 -3.4e+38 -3.4e+38 -3.4e+38 -3.4e+38 -3.4e+38
-3.4e+38 0.382 0.381 0.379 0.378 0.377 0.375 0.374 0.374 0.373 0.373 0.372 0.371 0.371 0.37 0.369 0.368 0.367 0.365 0.363 0.361 0.359 0.356 0.353 0.349 0.345 0.341 0.337 0.332 0.328 0.323 0.318 0.313 0.308 0.304 0.299 0.294 0.289 0.284 0.279 0.274 0.269 0.264 0.259 0.254 0.249 0.244 0.24 0.235 0.231 0.226 0.222 0.218 0.214 0.21 0.206 0.203 0.199 0.196 -3.4e+38 -3.4e+38 -3.4e+38 -3.4e+38 -3.4e+38 -3.4e+38 -3.4e+38 -3.4e+38 -3.4e+38 -3.4e+38 -3.4e+38 -3.4e+38
-3.4e+38 -3.4e+38 0.374 0.373 0.371 0.369 0.368 0.366 0.365 0.365 0.364 0.363 0.362 0.361 0.36 0.359 0.358 0.356 0.355 0.353 0.35 0.348 0.345 0.342 0.339 0.336 0.332 0.328 0.324 0.32 0.315 0.311 0.306 0.302 0.298 0.293 0.289 0.284 0.279 0.274 0.27 0.265 0.26 0.255 0.25 0.245 0.241 0.236 0.232 0.227 0.223 0.219 0.215 0.212 0.208 0.204 -3.4e+38 -3.4e+38 -3.4e+38 -3.4e+38 -3.4e+38 -3.4e+38 -3.4e+38 -3.4e+38 -3.4e+38 -3.4e+38 -3.4e+38 -3.4e+38 -3.4e+38 -3.4e+38 -3.4e+38
-3.4e+38 -3.4e+38 -3.4e+38 0.366 0.364 -3.4e+38 0.361 0.359 0.358 0.357 0.356 0.355 0.354 0.353 0.352 0.35 0.349 0.347 0.345 0.343 0.341 0.339 0.336 0.333 0.33 0.327 0.324 0.321 0.317 0.313 0.309 0.304 -3.4e+38 -3.4e+38 0.292 0.288 0.284 0.28 -3.4e+38 -3.4e+38 -3.4e+38 -3.4e+38 -3.4e+38 -3.4e+38 -3.4e+38 -3.4e+38 -3.4e+38 -3.4e+38 -3.4e+38 -3.4e+38 -3.4e+38 -3.4e+38 -3.4e+38 -3.4e+38 -3.4e+38 -3.4e+38 -3.4e+38 -3.4e+38 -3.4e+38 -3.4e+38 -3.4e+38 -3.4e+38 -3.4e+38 -3.4e+38 -3.4e+38 -3.4e+38 -3.4e+38 -3.4e+38 -3.4e+38 -3.4e+38 -3.4e+38
-3.4e+38 -3.4e+38 -3.4e+38 -3.4e+38 -3.4e+38 -3.4e+38 0.354 0.352 0.351 0.35 0.349 0.347 0.346 0.345 0.343 0.342 0.34 0.339 0.337 0.335 0.333 0.33 0.328 0.325 0.323 0.32 0.317 0.314 0.31 0.307 -3.4e+38 -3.4e+38 -3.4e+38 -3.4e+38 -3.4e+38 0.284 -3.4e+38 -3.4e+38 -3.4e+38 -3.4e+38 -3.4e+38 -3.4e+38 -3.4e+38 -3.4e+38 -3.4e+38 -3.4e+38 -3.4e+38 -3.4e+38 -3.4e+38 -3.4e+38 -3.4e+38 -3.4e+38 -3.4e+38 -3.4e+38 -3.4e+38 -3.4e+38 -3.4e+38 -3.4e+38 -3.4e+38 -3.4e+38 -3.4e+38 -3.4e+38 -3.4e+38 -3.4e+38 -3.4e+38 -3.4e+38 -3.4e+38 -3.4e+38 -3.4e+38 -3.4e+38 -3.4e+38
-3.4e+38 -3.4e+38 -3.4e+38 -3.4e+38 -3.4e+38 -3.4e+38 -3.4e+38 -3.4e+38 -3.4e+38 -3.4e+38 -3.4e+38 -3.4e+38 -3.4e+38 -3.4e+38 -3.4e+38 -3.4e+38 0.333 0.331 0.329 0.327 0.325 0.323 0.321 0.318 0.316 0.313 0.311 -3.4e+38 -3.4e+38 -3.4e+38 -3.4e+38 -3.4e+38 -3.4e+38 -3.4e+38 -3.4e+38 -3.4e+38 -3.4e+38 -3.4e+38 -3.4e+38 -3.4e+38 -3.4e+38 -3.4e+38 -3.4e+38 -3.4e+38 -3.4e+38 -3.4e+38 -3.4e+38 -3.4e+38 -3.4e+38 -3.4e+38 -3.4e+38 -3.4e+38 -3.4e+38 -3.4e+38 -3.4e+38 -3.4e+38 -3.4e+38 -3.4e+38 -3.4e+38 -3.4e+38 -3.4e+38 -3.4e+38 -3.4e+38 -3.4e+38 -3.4e+38 -3.4e+38 -3.4e+38 -3.4e+38 -3.4e+38 -3.4e+38 -3.4e+38
