maui/input/month_year_rainfall/maui_prcp_01_2001.asc
ncols        361
nrows        320
xllcorner    -156.738000000000
yllcorner    20.343000000000
cellsize     0.002250000000
NODATA_value -3.4028234663852885981e+38
[rows 124 to 154 of 320, columns 284 to 354 of 361]
6.8 6.73 6.66 6.58 6.48 6.39 6.28 6.17 6.05 5.93 5.8 5.66 5.52 5.37 5.22 5.07 4.91 4.75 4.59 4.41 4.24 4.07 3.89 3.7 3.52 3.34 3.15 2.97 2.8 2.63 2.46 2.31 2.16 2.03 1.91 1.8 1.71 1.62 1.54 1.47 1.41 1.36 1.31 1.26 1.21 1.16 1.12 1.07 -3.4e+38 -3.4e+38 -3.4e+38 -3.4e+38 -3.4e+38 -3.4e+38 -3.4e+38 -3.4e+38 -3.4e+38 -3.4e+38 -3.4e+38 -3.4e+38 -3.4e+38 -3.4e+38 -3.4e+38 -3.4e+38 -3.4e+38 -3.4e+38 -3.4e+38 -3.4e+38 -3.4e+38 -3.4e+38 -3.4e+38
6.93 6.87 6.8 6.72 6.64 6.54 6.44 6.33 6.21 6.09 5.96 5.83 5.69 5.55 5.4 5.24 5.08 4.91 4.74 4.56 4.38 4.2 4.01 3.82 3.64 3.45 3.26 3.08 2.9 2.73 2.56 2.4 2.25 2.11 1.98 1.87 1.76 1.66 1.58 1.5 1.43 1.37 1.32 1.27 1.21 1.16 1.12 1.07 1.03 -3.4e+38 -3.4e+38 -3.4e+38 -3.4e+38 -3.4e+38 -3.4e+38 -3.4e+38 -3.4e+38 -3.4e+38 -3.4e+38 -3.4e+38 -3.4e+38 -3.4e+38 -3.4e+38 -3.4e+38 -3.4e+38 -3.4e+38 -3.4e+38 -3.4e+38 -3.4e+38 -3.4e+38 -3.4e+38
7.06 7.01 6.94 6.87 6.79 6.7 6.6 6.49 6.38 6.25 6.12 5.99 5.85 5.71 5.57 5.41 5.25 5.08 4.9 4.71 4.53 4.33 4.14 3.94 3.75 3.56 3.37 3.19 3 2.82 2.65 2.48 2.33 2.18 2.05 1.93 1.81 1.71 1.61 1.53 1.46 1.39 1.33 1.27 1.22 1.17 1.12 1.07 1.03 0.988 -3.4e+38 -3.4e+38 -3.4e+38 -3.4e+38 -3.4e+38 -3.4e+38 -3.4e+38 -3.4e+38 -3.4e+38 -3.4e+38 -3.4e+38 -3.4e+38 -3.4e+38 -3.4e+38 -3.4e+38 -3.4e+38 -3.4e+38 -3.4e+38 -3.4e+38 -3.4e+38 -3.4e+38
7.19 7.15 7.09 7.02 6.95 6.86 6.77 6.66 6.55 6.42 6.29 6.15 6.02 5.88 5.73 5.58 5.41 5.24 5.06 4.87 4.68 4.48 4.27 4.07 3.87 3.67 3.47 3.28 3.09 2.91 2.73 2.57 2.41 2.26 2.11 1.98 1.86 1.75 1.65 1.56 1.48 1.41 1.34 1.28 1.22 1.17 1.12 1.07 1.03 0.986 0.946 -3.4e+38 -3.4e+38 -3.4e+38 -3.4e+38 -3.4e+38 -3.4e+38 -3.4e+38 -3.4e+38 -3.4e+38 -3.4e+38 -3.4e+38 -3.4e+38 -3.4e+38 -3.4e+38 -3.4e+38 -3.4e+38 -3.4e+38 -3.4e+38 -3.4e+38 -3.4e+38
7.31 7.28 7.23 7.18 7.11 7.03 6.94 6.84 6.72 6.59 6.46 6.32 6.18 6.04 5.89 5.74 5.57 5.4 5.22 5.03 4.83 4.62 4.41 4.2 3.98 3.77 3.57 3.37 3.18 2.99 2.81 2.64 2.48 2.32 2.17 2.04 1.91 1.79 1.68 1.59 1.49 1.42 1.35 1.29 1.23 1.17 1.12 1.07 1.02 0.983 0.943 0.907 -3.4e+38 -3.4e+38 -3.4e+38 -3.4e+38 -3.4e+38 -3.4e+38 -3.4e+38 -3.4e+38 -3.4e+38 -3.4e+38 -3.4e+38 -3.4e+38 -3.4e+38 -3.4e+38 -3.4e+38 -3.4e+38 -3.4e+38 -3.4e+38 -3.4e+38
7.43 7.41 7.37 7.33 7.27 7.2 7.11 7.02 6.9 6.78 6.64 6.5 6.35 6.2 6.05 5.89 5.73 5.56 5.38 5.18 4.98 4.77 4.55 4.33 4.1 3.88 3.66 3.45 3.25 3.07 2.89 2.71 2.54 2.38 2.23 2.09 1.95 1.83 1.71 1.61 1.51 1.43 1.36 1.3 1.23 1.17 1.12 1.07 1.02 0.978 0.939 0.903 -3.4e+38 -3.4e+38 -3.4e+38 -3.4e+38 -3.4e+38 -3.4e+38 -3.4e+38 -3.4e+38 -3.4e+38 -3.4e+38 -3.4e+38 -3.4e+38 -3.4e+38 -3.4e+38 -3.4e+38 -3.4e+38 -3.4e+38 -3.4e+38 -3.4e+38
7.55 7.54 7.51 7.48 7.43 7.36 7.29 7.19 7.08 6.96 6.83 6.68 6.53 6.38 6.22 6.06 5.89 5.71 5.53 5.33 5.13 4.91 4.68 4.45 4.22 3.99 3.76 3.54 3.33 3.13 2.95 2.77 2.6 2.43 2.28 2.13 1.99 1.86 1.74 1.63 1.53 1.44 1.37 1.3 1.24 1.17 1.12 1.06 1.02 0.973 0.933 0.897 -3.4e+38 -3.4e+38 -3.4e+38 -3.4e+38 -3.4e+38 -3.4e+38 -3.4e+38 -3.4e+38 -3.4e+38 -3.4e+38 -3.4e+38 -3.4e+38 -3.4e+38 -3.4e+38 -3.4e+38 -3.4e+38 -3.4e+38 -3.4e+38 -3.4e+38
7.66 7.66 7.65 7.62 7.58 7.53 7.46 7.37 7.26 7.14 7.01 6.87 6.72 6.56 6.4 6.22 6.04 5.86 5.68 5.48 5.27 5.04 4.81 4.57 4.33 4.09 3.85 3.62 3.4 3.2 3.01 2.83 2.65 2.48 2.32 2.17 2.03 1.89 1.77 1.65 1.54 1.45 1.37 1.3 1.24 1.17 1.11 1.06 1.01 0.967 0.927 0.891 0.859 0.831 -3.4e+38 -3.4e+38 -3.4e+38 -3.4e+38 -3.4e+38 -3.4e+38 -3.4e+38 -3.4e+38 -3.4e+38 -3.4e+38 -3.4e+38 -3.4e+38 -3.4e+38 -3.4e+38 -3.4e+38 -3.4e+38 -3.4e+38
7.77 7.79 7.79 7.77 7.74 7.69 7.62 7.53 7.43 7.31 7.18 7.04 6.89 6.74 6.57 6.39 6.21 6.02 5.83 5.63 5.41 5.17 4.92 4.67 4.43 4.19 3.94 3.71 3.48 3.27 3.07 2.88 2.69 2.52 2.35 2.2 2.05 1.92 1.79 1.67 1.56 1.46 1.38 1.3 1.23 1.17 1.11 1.05 1 0.958 0.919 0.883 0.852 0.825 -3.4e+38 -3.4e+38 -3.4e+38 -3.4e+38 -3.4e+38 -3.4e+38 -3.4e+38 -3.4e+38 -3.4e+38 -3.4e+38 -3.4e+38 -3.4e+38 -3.4e+38 -3.4e+38 -3.4e+38 -3.4e+38 -3.4e+38
7.88 7.91 7.93 7.92 7.89 7.85 7.78 7.7 7.6 7.48 7.35 7.21 7.06 6.9 6.73 6.55 6.36 6.17 5.98 5.78 5.55 5.28 5.02 4.77 4.52 4.27 4.02 3.78 3.55 3.33 3.12 2.92 2.73 2.56 2.39 2.23 2.07 1.94 1.8 1.68 1.57 1.47 1.38 1.3 1.23 1.17 1.1 1.05 0.994 0.948 0.909 0.875 0.845 0.818 -3.4e+38 -3.4e+38 -3.4e+38 -3.4e+38 -3.4e+38 -3.4e+38 -3.4e+38 -3.4e+38 -3.4e+38 -3.4e+38 -3.4e+38 -3.4e+38 -3.4e+38 -3.4e+38 -3.4e+38 -3.4e+38 -3.4e+38
8 8.04 8.07 8.07 8.05 8.01 7.95 7.86 7.76 7.65 7.52 7.37 7.22 7.06 6.88 6.7 6.5 6.3 6.1 5.89 5.65 5.38 5.11 4.85 4.6 4.35 4.1 3.86 3.62 3.39 3.18 2.97 2.77 2.59 2.41 2.25 2.09 1.95 1.81 1.69 1.57 1.47 1.38 1.3 1.23 1.16 1.1 1.04 0.983 0.937 0.898 -3.4e+38 -3.4e+38 -3.4e+38 -3.4e+38 -3.4e+38 -3.4e+38 -3.4e+38 -3.4e+38 -3.4e+38 -3.4e+38 -3.4e+38 -3.4e+38 -3.4e+38 -3.4e+38 -3.4e+38 -3.4e+38 -3.4e+38 -3.4e+38 -3.4e+38 -3.4e+38
8.11 8.17 8.21 8.22 8.2 8.17 8.11 8.03 7.93 7.81 7.68 7.53 7.37 7.2 7.02 6.83 6.63 6.42 6.2 5.98 5.73 5.46 5.19 4.93 4.67 4.42 4.17 3.92 3.68 3.45 3.23 3.01 2.81 2.62 2.44 2.27 2.11 1.96 1.82 1.69 1.57 1.47 1.38 1.3 1.22 1.15 1.09 1.03 0.971 0.924 0.885 0.853 0.827 0.804 -3.4e+38 -3.4e+38 -3.4e+38 -3.4e+38 -3.4e+38 -3.4e+38 -3.4e+38 -3.4e+38 -3.4e+38 -3.4e+38 -3.4e+38 -3.4e+38 -3.4e+38 -3.4e+38 -3.4e+38 -3.4e+38 -3.4e+38
8.21 8.29 8.34 8.36 8.35 8.32 8.26 8.19 8.08 7.96 7.83 7.68 7.51 7.33 7.14 6.95 6.74 6.52 6.29 6.05 5.8 5.53 5.27 5 4.74 4.48 4.22 3.98 3.73 3.49 3.27 3.05 2.84 2.65 2.46 2.28 2.11 1.96 1.82 1.69 1.57 1.47 1.38 1.29 1.22 1.14 1.08 1.01 0.957 0.908 0.871 0.841 0.817 0.797 -3.4e+38 -3.4e+38 -3.4e+38 -3.4e+38 -3.4e+38 -3.4e+38 -3.4e+38 -3.4e+38 -3.4e+38 -3.4e+38 -3.4e+38 -3.4e+38 -3.4e+38 -3.4e+38 -3.4e+38 -3.4e+38 -3.4e+38
8.31 8.41 8.47 8.5 8.5 8.47 8.42 8.34 8.24 8.11 7.97 7.82 7.64 7.46 7.26 7.05 6.84 6.61 6.37 6.12 5.86 5.6 5.33 5.07 4.8 4.53 4.28 4.02 3.77 3.53 3.3 3.09 2.88 2.68 2.47 2.29 2.12 1.96 1.82 1.69 1.57 1.47 1.37 1.29 1.21 1.14 1.07 1 0.941 0.891 0.855 0.83 0.809 0.791 -3.4e+38 -3.4e+38 -3.4e+38 -3.4e+38 -3.4e+38 -3.4e+38 -3.4e+38 -3.4e+38 -3.4e+38 -3.4e+38 -3.4e+38 -3.4e+38 -3.4e+38 -3.4e+38 -3.4e+38 -3.4e+38 -3.4e+38
8.41 8.52 8.59 8.63 8.63 8.61 8.55 8.47 8.37 8.24 8.1 7.94 7.76 7.57 7.37 7.15 6.93 6.69 6.44 6.18 5.92 5.66 5.39 5.12 4.85 4.58 4.32 4.07 3.81 3.56 3.33 3.1 2.89 2.69 2.48 2.29 2.11 1.96 1.81 1.69 1.57 1.47 1.37 1.29 1.21 1.13 1.06 0.992 0.928 0.873 0.84 0.82 0.803 0.787 -3.4e+38 -3.4e+38 -3.4e+38 -3.4e+38 -3.4e+38 -3.4e+38 -3.4e+38 -3.4e+38 -3.4e+38 -3.4e+38 -3.4e+38 -3.4e+38 -3.4e+38 -3.4e+38 -3.4e+38 -3.4e+38 -3.4e+38
8.52 8.64 8.72 8.77 8.77 8.75 8.69 8.6 8.49 8.36 8.21 8.05 7.87 7.67 7.46 7.23 7 6.76 6.5 6.25 5.98 5.71 5.44 5.17 4.9 4.63 4.36 4.1 3.84 3.59 3.34 3.11 2.89 2.68 2.47 2.28 2.1 1.95 1.8 1.68 1.56 1.46 1.37 1.28 1.2 1.13 1.06 0.988 0.923 0.864 0.835 0.818 0.802 -3.4e+38 -3.4e+38 -3.4e+38 -3.4e+38 -3.4e+38 -3.4e+38 -3.4e+38 -3.4e+38 -3.4e+38 -3.4e+38 -3.4e+38 -3.4e+38 -3.4e+38 -3.4e+38 -3.4e+38 -3.4e+38 -3.4e+38 -3.4e+38
8.62 8.75 8.85 8.9 8.91 8.88 8.82 8.72 8.6 8.46 8.3 8.13 7.94 7.74 7.53 7.3 7.06 6.82 6.56 6.3 6.03 5.76 5.49 5.21 4.94 4.67 4.4 4.13 3.86 3.6 3.35 3.11 2.88 2.66 2.45 2.26 2.08 1.93 1.79 1.67 1.56 1.45 1.36 1.28 1.2 1.13 1.06 0.992 0.931 0.88 0.846 0.824 0.806 -3.4e+38 -3.4e+38 -3.4e+38 -3.4e+38 -3.4e+38 -3.4e+38 -3.4e+38 -3.4e+38 -3.4e+38 -3.4e+38 -3.4e+38 -3.4e+38 -3.4e+38 -3.4e+38 -3.4e+38 -3.4e+38 -3.4e+38 -3.4e+38
8.73 8.87 8.97 9.03 9.04 9.01 8.94 8.84 8.71 8.56 8.38 8.2 8 7.8 7.58 7.35 7.11 6.86 6.61 6.34 6.08 5.8 5.52 5.25 4.97 4.7 4.42 4.14 3.87 3.6 3.35 3.1 2.86 2.64 2.43 2.24 2.06 1.91 1.78 1.66 1.55 1.45 1.35 1.27 1.2 1.13 1.06 1 0.945 0.897 0.862 0.835 -3.4e+38 -3.4e+38 -3.4e+38 -3.4e+38 -3.4e+38 -3.4e+38 -3.4e+38 -3.4e+38 -3.4e+38 -3.4e+38 -3.4e+38 -3.4e+38 -3.4e+38 -3.4e+38 -3.4e+38 -3.4e+38 -3.4e+38 -3.4e+38 -3.4e+38
8.83 8.98 9.09 9.16 9.17 9.14 9.06 8.95 8.81 8.64 8.46 8.26 8.05 7.84 7.61 7.38 7.14 6.89 6.64 6.38 6.11 5.83 5.55 5.27 4.99 4.71 4.43 4.15 3.87 3.59 3.33 3.08 2.84 2.62 2.4 2.21 2.04 1.89 1.76 1.64 1.53 1.44 1.35 1.27 1.2 1.13 1.07 1.01 0.958 0.914 0.878 0.849 0.824 -3.4e+38 -3.4e+38 -3.4e+38 -3.4e+38 -3.4e+38 -3.4e+38 -3.4e+38 -3.4e+38 -3.4e+38 -3.4e+38 -3.4e+38 -3.4e+38 -3.4e+38 -3.4e+38 -3.4e+38 -3.4e+38 -3.4e+38 -3.4e+38
8.93 9.1 9.21 9.29 9.3 9.26 9.18 9.05 8.9 8.72 8.52 8.31 8.09 7.86 7.63 7.4 7.15 6.91 6.65 6.39 6.12 5.84 5.56 5.28 4.99 4.71 4.43 4.14 3.85 3.57 3.31 3.05 2.82 2.59 2.38 2.19 2.01 1.87 1.74 1.63 1.52 1.43 1.34 1.27 1.2 1.13 1.08 1.02 0.97 0.927 0.891 0.861 0.835 -3.4e+38 -3.4e+38 -3.4e+38 -3.4e+38 -3.4e+38 -3.4e+38 -3.4e+38 -3.4e+38 -3.4e+38 -3.4e+38 -3.4e+38 -3.4e+38 -3.4e+38 -3.4e+38 -3.4e+38 -3.4e+38 -3.4e+38 -3.4e+38
9.02 9.21 9.34 9.41 9.42 9.38 9.28 9.14 8.97 8.78 8.57 8.35 8.12 7.88 7.64 7.4 7.15 6.91 6.66 6.4 6.13 5.85 5.56 5.28 4.99 4.7 4.41 4.13 3.83 3.55 3.28 3.02 2.78 2.56 2.35 2.16 1.98 1.84 1.72 1.61 1.51 1.42 1.33 1.26 1.2 1.14 1.08 1.03 0.98 0.938 0.903 0.872 0.845 -3.4e+38 -3.4e+38 -3.4e+38 -3.4e+38 -3.4e+38 -3.4e+38 -3.4e+38 -3.4e+38 -3.4e+38 -3.4e+38 -3.4e+38 -3.4e+38 -3.4e+38 -3.4e+38 -3.4e+38 -3.4e+38 -3.4e+38 -3.4e+38
9.11 9.31 9.45 9.52 9.53 9.47 9.36 9.21 9.02 8.82 8.59 8.36 8.12 7.88 7.63 7.39 7.14 6.89 6.64 6.39 6.12 5.83 5.54 5.25 4.96 4.67 4.38 4.09 3.79 3.5 3.23 2.98 2.74 2.52 2.31 2.13 1.95 1.82 1.69 1.59 1.49 1.4 1.33 1.26 1.19 1.14 1.08 1.03 0.988 0.947 0.912 0.881 -3.4e+38 -3.4e+38 -3.4e+38 -3.4e+38 -3.4e+38 -3.4e+38 -3.4e+38 -3.4e+38 -3.4e+38 -3.4e+38 -3.4e+38 -3.4e+38 -3.4e+38 -3.4e+38 -3.4e+38 -3.4e+38 -3.4e+38 -3.4e+38 -3.4e+38
9.19 9.41 9.56 9.64 9.63 9.55 9.42 9.25 9.06 8.84 8.61 8.36 8.12 7.87 7.62 7.37 7.12 6.87 6.62 6.37 6.1 5.81 5.51 5.21 4.92 4.63 4.34 4.05 3.75 3.46 3.19 2.93 2.69 2.48 2.27 2.09 1.92 1.79 1.67 1.57 1.47 1.39 1.32 1.25 1.19 1.14 1.08 1.04 0.994 0.954 0.92 0.89 -3.4e+38 -3.4e+38 -3.4e+38 -3.4e+38 -3.4e+38 -3.4e+38 -3.4e+38 -3.4e+38 -3.4e+38 -3.4e+38 -3.4e+38 -3.4e+38 -3.4e+38 -3.4e+38 -3.4e+38 -3.4e+38 -3.4e+38 -3.4e+38 -3.4e+38
9.24 9.5 9.67 9.74 9.72 9.61 9.46 9.27 9.06 8.83 8.59 8.34 8.09 7.84 7.58 7.33 7.07 6.82 6.57 6.32 6.04 5.75 5.45 5.16 4.86 4.57 4.28 3.98 3.68 3.39 3.12 2.87 2.64 2.43 2.23 2.05 1.88 1.76 1.64 1.55 1.46 1.38 1.31 1.25 1.19 1.13 1.08 1.04 0.997 0.959 0.926 -3.4e+38 -3.4e+38 -3.4e+38 -3.4e+38 -3.4e+38 -3.4e+38 -3.4e+38 -3.4e+38 -3.4e+38 -3.4e+38 -3.4e+38 -3.4e+38 -3.4e+38 -3.4e+38 -3.4e+38 -3.4e+38 -3.4e+38 -3.4e+38 -3.4e+38 -3.4e+38
9.27 9.55 9.77 9.84 9.77 9.63 9.46 9.26 9.04 8.8 8.55 8.3 8.05 7.79 7.53 7.28 7.02 6.77 6.52 6.25 5.97 5.68 5.39 5.09 4.8 4.5 4.21 3.91 3.61 3.32 3.06 2.81 2.58 2.37 2.18 2 1.85 1.73 1.62 1.53 1.44 1.37 1.3 1.24 1.18 1.13 1.08 1.04 0.999 0.962 0.93 0.901 -3.4e+38 -3.4e+38 -3.4e+38 -3.4e+38 -3.4e+38 -3.4e+38 -3.4e+38 -3.4e+38 -3.4e+38 -3.4e+38 -3.4e+38 -3.4e+38 -3.4e+38 -3.4e+38 -3.4e+38 -3.4e+38 -3.4e+38 -3.4e+38 -3.4e+38
9.23 9.54 9.82 9.89 9.75 9.59 9.41 9.2 8.97 8.73 8.48 8.23 7.98 7.72 7.46 7.21 6.95 6.7 6.44 6.17 5.89 5.6 5.3 5.01 4.71 4.41 4.11 3.81 3.52 3.24 2.98 2.74 2.51 2.31 2.12 1.96 1.81 1.7 1.59 1.5 1.42 1.35 1.29 1.23 1.18 1.13 1.08 1.04 0.999 0.964 0.933 0.905 0.878 -3.4e+38 -3.4e+38 -3.4e+38 -3.4e+38 -3.4e+38 -3.4e+38 -3.4e+38 -3.4e+38 -3.4e+38 -3.4e+38 -3.4e+38 -3.4e+38 -3.4e+38 -3.4e+38 -3.4e+38 -3.4e+38 -3.4e+38 -3.4e+38
9.13 9.41 9.62 9.69 9.61 9.47 9.3 9.1 8.87 8.64 8.39 8.14 7.89 7.63 7.38 7.12 6.87 6.61 6.35 6.07 5.79 5.5 5.21 4.91 4.61 4.32 4.01 3.71 3.43 3.15 2.9 2.66 2.45 2.25 2.07 1.91 1.77 1.67 1.56 1.48 1.4 1.34 1.28 1.22 1.17 1.12 1.08 1.04 0.998 0.964 0.934 0.907 -3.4e+38 -3.4e+38 -3.4e+38 -3.4e+38 -3.4e+38 -3.4e+38 -3.4e+38 -3.4e+38 -3.4e+38 -3.4e+38 -3.4e+38 -3.4e+38 -3.4e+38 -3.4e+38 -3.4e+38 -3.4e+38 -3.4e+38 -3.4e+38 -3.4e+38
8.95 9.2 9.37 9.43 9.39 9.29 9.14 8.95 8.74 8.51 8.27 8.03 7.78 7.53 7.28 7.03 6.77 6.51 6.24 5.96 5.68 5.39 5.1 4.81 4.51 4.21 3.9 3.6 3.32 3.05 2.81 2.58 2.37 2.18 2.01 1.87 1.74 1.63 1.54 1.46 1.38 1.32 1.26 1.21 1.16 1.11 1.07 1.03 0.995 0.962 0.934 0.908 -3.4e+38 -3.4e+38 -3.4e+38 -3.4e+38 -3.4e+38 -3.4e+38 -3.4e+38 -3.4e+38 -3.4e+38 -3.4e+38 -3.4e+38 -3.4e+38 -3.4e+38 -3.4e+38 -3.4e+38 -3.4e+38 -3.4e+38 -3.4e+38 -3.4e+38
8.75 8.96 9.11 9.17 9.16 9.08 8.94 8.78 8.58 8.36 8.13 7.9 7.65 7.41 7.16 6.92 6.66 6.4 6.13 5.84 5.56 5.27 4.98 4.69 4.39 4.08 3.78 3.48 3.21 2.96 2.72 2.5 2.3 2.12 1.95 1.82 1.7 1.6 1.51 1.44 1.37 1.31 1.25 1.2 1.15 1.11 1.07 1.03 0.992 0.96 0.933 0.908 -3.4e+38 -3.4e+38 -3.4e+38 -3.4e+38 -3.4e+38 -3.4e+38 -3.4e+38 -3.4e+38 -3.4e+38 -3.4e+38 -3.4e+38 -3.4e+38 -3.4e+38 -3.4e+38 -3.4e+38 -3.4e+38 -3.4e+38 -3.4e+38 -3.4e+38
8.54 8.72 8.85 8.92 8.91 8.85 8.74 8.59 8.4 8.2 7.98 7.75 7.52 7.28 7.04 6.79 6.54 6.27 5.99 5.71 5.43 5.14 4.85 4.56 4.25 3.95 3.65 3.36 3.11 2.86 2.63 2.42 2.22 2.05 1.9 1.77 1.66 1.57 1.48 1.41 1.35 1.29 1.24 1.19 1.14 1.1 1.06 1.02 0.988 0.958 0.931 0.908 -3.4e+38 -3.4e+38 -3.4e+38 -3.4e+38 -3.4e+38 -3.4e+38 -3.4e+38 -3.4e+38 -3.4e+38 -3.4e+38 -3.4e+38 -3.4e+38 -3.4e+38 -3.4e+38 -3.4e+38 -3.4e+38 -3.4e+38 -3.4e+38 -3.4e+38
8.31 8.48 8.59 8.66 8.66 8.62 8.52 8.38 8.21 8.02 7.81 7.59 7.37 7.14 6.9 6.66 6.4 6.13 5.85 5.57 5.29 5 4.71 4.42 4.11 3.81 3.52 3.25 3 2.76 2.55 2.34 2.15 1.99 1.85 1.73 1.63 1.54 1.46 1.39 1.33 1.27 1.22 1.17 1.13 1.09 1.05 1.02 0.984 0.955 -3.4e+38 -3.4e+38 -3.4e+38 -3.4e+38 -3.4e+38 -3.4e+38 -3.4e+38 -3.4e+38 -3.4e+38 -3.4e+38 -3.4e+38 -3.4e+38 -3.4e+38 -3.4e+38 -3.4e+38 -3.4e+38 -3.4e+38 -3.4e+38 -3.4e+38 -3.4e+38 -3.4e+38
