maui/input/month_year_rainfall/maui_prcp_01_2001.asc
ncols        361
nrows        320
xllcorner    -156.738000000000
yllcorner    20.343000000000
cellsize     0.002250000000
NODATA_value -3.4028234663852885981e+38
[rows 31 to 61 of 320, columns 0 to 70 of 361]
-3.4e+38 -3.4e+38 -3.4e+38 -3.4e+38 -3.4e+38 -3.4e+38 -3.4e+38 -3.4e+38 -3.4e+38 -3.4e+38 -3.4e+38 -3.4e+38 -3.4e+38 -3.4e+38 -3.4e+38 -3.4e+38 -3.4e+38 -3.4e+38 -3.4e+38 -3.4e+38 -3.4e+38 -3.4e+38 -3.4e+38 -3.4e+38 -3.4e+38 -3.4e+38 -3.4e+38 -3.4e+38 -3.4e+38 0.733 0.751 0.77 0.793 0.818 0.85 0.882 0.92 0.958 1 1.05 1.1 1.15 1.21 1.26 1.3 1.33 1.36 1.37 1.39 1.4 1.41 1.41 1.41 1.42 1.42 1.42 1.42 1.41 1.41 1.41 1.41 1.41 1.41 1.4 1.4 1.39 1.38 1.37 1.34 1.32 1.29
-3.4e+38 -3.4e+38 -3.4e+38 -3.4e+38 -3.4e+38 -3.4e+38 -3.4e+38 -3.4e+38 -3.4e+38 -3.4e+38 -3.4e+38 -3.4e+38 -3.4e+38 -3.4e+38 -3.4e+38 -3.4e+38 -3.4e+38 -3.4e+38 -3.4e+38 -3.4e+38 -3.4e+38 -3.4e+38 -3.4e+38 -3.4e+38 -3.4e+38 -3.4e+38 -3.4e+38 -3.4e+38 -3.4e+38 0.735 0.754 0.774 0.799 0.826 0.859 0.893 0.932 0.972 1.02 1.07 1.12 1.17 1.23 1.28 1.32 1.35 1.38 1.4 1.42 1.43 1.44 1.45 1.45 1.46 1.46 1.47 1.47 1.47 1.48 1.48 1.48 1.48 1.48 1.48 1.48 1.47 1.46 1.44 1.42 1.39 1.36
-3.4e+38 -3.4e+38 -3.4e+38 -3.4e+38 -3.4e+38 -3.4e+38 -3.4e+38 -3.4e+38 -3.4e+38 -3.4e+38 -3.4e+38 -3.4e+38 -3.4e+38 -3.4e+38 -3.4e+38 -3.4e+38 -3.4e+38 -3.4e+38 -3.4e+38 -3.4e+38 -3.4e+38 -3.4e+38 -3.4e+38 -3.4e+38 -3.4e+38 -3.4e+38 -3.4e+38 -3.4e+38 0.72 0.737 0.757 0.778 0.805 0.833 0.867 0.903 0.944 0.986 1.03 1.08 1.14 1.19 1.24 1.29 1.34 1.38 1.41 1.43 1.45 1.46 1.48 1.48 1.49 1.5 1.51 1.52 1.53 1.53 1.54 1.55 1.55 1.56 1.57 1.57 1.57 1.56 1.55 1.53 1.5 1.47 1.44
-3.4e+38 -3.4e+38 -3.4e+38 -3.4e+38 -3.4e+38 -3.4e+38 -3.4e+38 -3.4e+38 -3.4e+38 -3.4e+38 -3.4e+38 -3.4e+38 -3.4e+38 -3.4e+38 -3.4e+38 -3.4e+38 -3.4e+38 -3.4e+38 -3.4e+38 -3.4e+38 -3.4e+38 -3.4e+38 -3.4e+38 -3.4e+38 -3.4e+38 -3.4e+38 -3.4e+38 0.705 0.721 0.739 0.759 0.781 0.809 0.838 0.874 0.911 0.954 0.998 1.05 1.1 1.15 1.21 1.26 1.31 1.35 1.39 1.43 1.45 1.47 1.49 1.5 1.51 1.53 1.54 1.55 1.56 1.58 1.59 1.6 1.62 1.63 1.64 1.65 1.65 1.65 1.65 1.64 1.62 1.59 1.56 1.52
-3.4e+38 -3.4e+38 -3.4e+38 -3.4e+38 -3.4e+38 -3.4e+38 -3.4e+38 -3.4e+38 -3.4e+38 -3.4e+38 -3.4e+38 -3.4e+38 -3.4e+38 -3.4e+38 -3.4e+38 -3.4e+38 -3.4e+38 -3.4e+38 -3.4e+38 -3.4e+38 -3.4e+38 -3.4e+38 -3.4e+38 -3.4e+38 -3.4e+38 -3.4e+38 -3.4e+38 0.705 0.722 0.74 0.761 0.784 0.813 0.844 0.88 0.918 0.962 1.01 1.06 1.11 1.16 1.22 1.27 1.32 1.37 1.41 1.44 1.47 1.5 1.51 1.53 1.54 1.56 1.57 1.59 1.61 1.63 1.65 1.67 1.68 1.7 1.72 1.73 1.74 1.75 1.74 1.73 1.71 1.68 1.65 1.61
-3.4e+38 -3.4e+38 -3.4e+38 -3.4e+38 -3.4e+38 -3.4e+38 -3.4e+38 -3.4e+38 -3.4e+38 -3.4e+38 -3.4e+38 -3.4e+38 -3.4e+38 -3.4e+38 -3.4e+38 -3.4e+38 -3.4e+38 -3.4e+38 -3.4e+38 -3.4e+38 -3.4e+38 -3.4e+38 -3.4e+38 -3.4e+38 -3.4e+38 -3.4e+38 -3.4e+38 0.705 0.722 0.74 0.762 0.785 0.815 0.847 0.884 0.923 0.968 1.01 1.06 1.12 1.17 1.23 1.28 1.33 1.38 1.42 1.46 1.49 1.51 1.53 1.55 1.56 1.58 1.6 1.62 1.65 1.68 1.7 1.73 1.75 1.78 1.8 1.82 1.84 1.84 1.84 1.83 1.81 1.78 1.75 1.7
-3.4e+38 -3.4e+38 -3.4e+38 -3.4e+38 -3.4e+38 -3.4e+38 -3.4e+38 -3.4e+38 -3.4e+38 -3.4e+38 -3.4e+38 -3.4e+38 -3.4e+38 -3.4e+38 -3.4e+38 -3.4e+38 -3.4e+38 -3.4e+38 -3.4e+38 -3.4e+38 -3.4e+38 -3.4e+38 -3.4e+38 -3.4e+38 -3.4e+38 -3.4e+38 0.686 0.703 0.721 0.74 0.762 0.786 0.817 0.849 0.888 0.927 0.971 1.02 1.07 1.12 1.18 1.23 1.29 1.34 1.39 1.43 1.47 1.5 1.53 1.55 1.57 1.58 1.6 1.63 1.66 1.69 1.72 1.76 1.79 1.82 1.86 1.89 1.91 1.93 1.95 1.95 1.94 1.92 1.89 1.85 1.8
-3.4e+38 -3.4e+38 -3.4e+38 -3.4e+38 -3.4e+38 -3.4e+38 -3.4e+38 -3.4e+38 -3.4e+38 -3.4e+38 -3.4e+38 -3.4e+38 -3.4e+38 -3.4e+38 -3.4e+38 -3.4e+38 -3.4e+38 -3.4e+38 -3.4e+38 -3.4e+38 -3.4e+38 -3.4e+38 -3.4e+38 -3.4e+38 -3.4e+38 0.666 0.683 0.701 0.719 0.738 0.761 0.786 0.817 0.85 0.889 0.929 0.973 1.02 1.07 1.12 1.18 1.24 1.29 1.35 1.39 1.44 1.48 1.52 1.55 1.57 1.59 1.6 1.62 1.65 1.69 1.73 1.77 1.81 1.85 1.89 1.94 1.97 2.01 2.04 2.06 2.06 2.06 2.04 2 1.96 1.9
-3.4e+38 -3.4e+38 -3.4e+38 -3.4e+38 -3.4e+38 -3.4e+38 -3.4e+38 -3.4e+38 -3.4e+38 -3.4e+38 -3.4e+38 -3.4e+38 -3.4e+38 -3.4e+38 -3.4e+38 -3.4e+38 -3.4e+38 -3.4e+38 -3.4e+38 -3.4e+38 -3.4e+38 -3.4e+38 -3.4e+38 -3.4e+38 -3.4e+38 0.661 0.679 0.698 0.716 0.736 0.759 0.785 0.817 0.85 0.89 0.93 0.973 1.02 1.07 1.12 1.18 1.24 1.3 1.35 1.4 1.45 1.49 1.53 1.56 1.59 1.61 1.63 1.65 1.68 1.72 1.77 1.82 1.87 1.92 1.97 2.02 2.06 2.11 2.15 2.18 2.19 2.19 2.16 2.12 2.07 2.01
-3.4e+38 -3.4e+38 -3.4e+38 -3.4e+38 -3.4e+38 -3.4e+38 -3.4e+38 -3.4e+38 -3.4e+38 -3.4e+38 -3.4e+38 -3.4e+38 -3.4e+38 -3.4e+38 -3.4e+38 -3.4e+38 -3.4e+38 -3.4e+38 -3.4e+38 -3.4e+38 -3.4e+38 -3.4e+38 -3.4e+38 -3.4e+38 -3.4e+38 0.655 0.673 0.693 0.712 0.732 0.756 0.784 0.816 0.85 0.89 0.93 0.974 1.02 1.07 1.12 1.18 1.24 1.3 1.36 1.41 1.46 1.51 1.55 1.58 1.61 1.63 1.66 1.69 1.72 1.77 1.82 1.87 1.92 1.98 2.04 2.1 2.16 2.22 2.27 2.31 2.33 2.33 2.3 2.25 2.19 2.12
-3.4e+38 -3.4e+38 -3.4e+38 -3.4e+38 -3.4e+38 -3.4e+38 -3.4e+38 -3.4e+38 -3.4e+38 -3.4e+38 -3.4e+38 -3.4e+38 -3.4e+38 -3.4e+38 -3.4e+38 -3.4e+38 -3.4e+38 -3.4e+38 -3.4e+38 -3.4e+38 -3.4e+38 -3.4e+38 -3.4e+38 -3.4e+38 0.631 0.648 0.666 0.686 0.706 0.728 0.753 0.781 0.814 0.85 0.891 0.933 0.977 1.02 1.07 1.12 1.18 1.25 1.31 1.37 1.43 1.48 1.53 1.57 1.61 1.64 1.67 1.7 1.73 1.77 1.82 1.87 1.92 1.98 2.05 2.11 2.18 2.25 2.32 2.39 2.45 2.48 2.48 2.45 2.39 2.31 2.23
-3.4e+38 -3.4e+38 -3.4e+38 -3.4e+38 -3.4e+38 -3.4e+38 -3.4e+38 -3.4e+38 -3.4e+38 -3.4e+38 -3.4e+38 -3.4e+38 -3.4e+38 -3.4e+38 -3.4e+38 -3.4e+38 -3.4e+38 -3.4e+38 -3.4e+38 -3.4e+38 -3.4e+38 -3.4e+38 -3.4e+38 0.607 0.624 0.641 0.659 0.679 0.7 0.723 0.749 0.779 0.814 0.851 0.896 0.94 0.985 1.03 1.07 1.12 1.19 1.26 1.33 1.39 1.44 1.49 1.55 1.59 1.63 1.67 1.7 1.74 1.78 1.82 1.87 1.92 1.98 2.05 2.11 2.19 2.26 2.34 2.43 2.51 2.58 2.64 2.65 2.6 2.52 2.43 2.34
-3.4e+38 -3.4e+38 -3.4e+38 -3.4e+38 -3.4e+38 -3.4e+38 -3.4e+38 -3.4e+38 -3.4e+38 -3.4e+38 -3.4e+38 -3.4e+38 -3.4e+38 -3.4e+38 -3.4e+38 -3.4e+38 -3.4e+38 -3.4e+38 -3.4e+38 -3.4e+38 -3.4e+38 -3.4e+38 -3.4e+38 0.598 0.615 0.633 0.652 0.673 0.695 0.718 0.745 0.777 0.815 0.856 0.905 0.952 1 1.04 1.09 1.14 1.21 1.28 1.34 1.4 1.46 1.51 1.57 1.61 1.66 1.7 1.74 1.78 1.82 1.87 1.92 1.98 2.04 2.11 2.18 2.26 2.34 2.43 2.52 2.61 2.7 2.79 2.82 2.73 2.64 2.53 2.43
-3.4e+38 -3.4e+38 -3.4e+38 -3.4e+38 -3.4e+38 -3.4e+38 -3.4e+38 -3.4e+38 -3.4e+38 -3.4e+38 -3.4e+38 -3.4e+38 -3.4e+38 -3.4e+38 -3.4e+38 -3.4e+38 -3.4e+38 -3.4e+38 -3.4e+38 -3.4e+38 -3.4e+38 -3.4e+38 -3.4e+38 0.589 0.607 0.626 0.646 0.668 0.691 0.716 0.743 0.775 0.818 0.864 0.919 0.971 1.02 1.07 1.12 1.18 1.24 1.3 1.36 1.42 1.48 1.54 1.59 1.64 1.69 1.73 1.78 1.82 1.87 1.92 1.97 2.03 2.1 2.17 2.24 2.32 2.41 2.5 2.6 2.69 2.78 2.85 2.87 2.81 2.72 2.62 2.51
-3.4e+38 -3.4e+38 -3.4e+38 -3.4e+38 -3.4e+38 -3.4e+38 -3.4e+38 -3.4e+38 -3.4e+38 -3.4e+38 -3.4e+38 -3.4e+38 -3.4e+38 -3.4e+38 -3.4e+38 -3.4e+38 -3.4e+38 -3.4e+38 -3.4e+38 -3.4e+38 -3.4e+38 -3.4e+38 -3.4e+38 0.58 0.599 0.62 0.642 0.666 0.69 0.716 0.743 0.775 0.824 0.878 0.938 0.996 1.05 1.11 1.16 1.21 1.27 1.32 1.38 1.44 1.5 1.56 1.62 1.67 1.72 1.77 1.82 1.87 1.92 1.97 2.03 2.09 2.15 2.22 2.3 2.38 2.47 2.57 2.66 2.74 2.82 2.87 2.89 2.84 2.77 2.68 2.58
-3.4e+38 -3.4e+38 -3.4e+38 -3.4e+38 -3.4e+38 -3.4e+38 -3.4e+38 -3.4e+38 -3.4e+38 -3.4e+38 -3.4e+38 -3.4e+38 -3.4e+38 -3.4e+38 -3.4e+38 -3.4e+38 -3.4e+38 -3.4e+38 -3.4e+38 -3.4e+38 -3.4e+38 -3.4e+38 0.552 0.571 0.592 0.615 0.639 0.665 0.692 0.721 0.752 0.789 0.84 0.897 0.961 1.02 1.09 1.14 1.19 1.24 1.29 1.35 1.41 1.47 1.53 1.58 1.64 1.69 1.75 1.8 1.86 1.91 1.96 2.02 2.08 2.14 2.2 2.28 2.35 2.44 2.53 2.62 2.7 2.78 2.84 2.89 2.89 2.86 2.81 2.73 2.63
-3.4e+38 -3.4e+38 -3.4e+38 -3.4e+38 -3.4e+38 -3.4e+38 -3.4e+38 -3.4e+38 -3.4e+38 -3.4e+38 -3.4e+38 -3.4e+38 -3.4e+38 -3.4e+38 -3.4e+38 -3.4e+38 -3.4e+38 -3.4e+38 -3.4e+38 -3.4e+38 -3.4e+38 -3.4e+38 0.543 0.563 0.586 0.611 0.637 0.666 0.697 0.73 0.766 0.808 0.86 0.917 0.984 1.05 1.13 1.18 1.22 1.27 1.32 1.37 1.43 1.49 1.55 1.61 1.67 1.72 1.78 1.84 1.89 1.95 2 2.06 2.12 2.19 2.25 2.32 2.4 2.49 2.57 2.66 2.74 2.81 2.87 2.9 2.91 2.88 2.84 2.77 2.68
-3.4e+38 -3.4e+38 -3.4e+38 -3.4e+38 -3.4e+38 -3.4e+38 -3.4e+38 -3.4e+38 -3.4e+38 -3.4e+38 -3.4e+38 -3.4e+38 -3.4e+38 -3.4e+38 -3.4e+38 -3.4e+38 -3.4e+38 -3.4e+38 -3.4e+38 -3.4e+38 -3.4e+38 0.515 0.534 0.555 0.58 0.607 0.637 0.669 0.703 0.74 0.781 0.826 0.878 0.936 1 1.07 1.14 1.2 1.24 1.29 1.34 1.39 1.45 1.51 1.57 1.63 1.69 1.75 1.81 1.87 1.92 1.98 2.04 2.1 2.16 2.23 2.3 2.37 2.45 2.53 2.61 2.69 2.77 2.83 2.88 2.91 2.92 2.9 2.86 2.8 2.72
-3.4e+38 -3.4e+38 -3.4e+38 -3.4e+38 -3.4e+38 -3.4e+38 -3.4e+38 -3.4e+38 -3.4e+38 -3.4e+38 -3.4e+38 -3.4e+38 -3.4e+38 -3.4e+38 -3.4e+38 -3.4e+38 -3.4e+38 -3.4e+38 -3.4e+38 -3.4e+38 0.488 0.505 0.525 0.548 0.574 0.604 0.637 0.672 0.71 0.75 0.794 0.841 0.894 0.952 1.02 1.08 1.15 1.2 1.25 1.3 1.35 1.41 1.46 1.53 1.59 1.65 1.71 1.77 1.83 1.89 1.95 2.01 2.07 2.13 2.2 2.26 2.33 2.4 2.48 2.56 2.64 2.72 2.79 2.85 2.9 2.93 2.93 2.92 2.89 2.83 2.76
-3.4e+38 -3.4e+38 -3.4e+38 -3.4e+38 -3.4e+38 -3.4e+38 -3.4e+38 -3.4e+38 -3.4e+38 -3.4e+38 -3.4e+38 -3.4e+38 -3.4e+38 -3.4e+38 -3.4e+38 -3.4e+38 -3.4e+38 -3.4e+38 -3.4e+38 -3.4e+38 0.479 0.496 0.516 0.54 0.568 0.602 0.637 0.676 0.716 0.759 0.805 0.854 0.908 0.964 1.02 1.09 1.15 1.2 1.26 1.31 1.36 1.42 1.48 1.54 1.6 1.67 1.73 1.79 1.85 1.91 1.97 2.03 2.1 2.16 2.23 2.29 2.36 2.43 2.51 2.59 2.67 2.74 2.81 2.87 2.91 2.94 2.95 2.94 2.91 2.86 2.8
-3.4e+38 -3.4e+38 -3.4e+38 -3.4e+38 -3.4e+38 -3.4e+38 -3.4e+38 -3.4e+38 -3.4e+38 -3.4e+38 -3.4e+38 -3.4e+38 -3.4e+38 -3.4e+38 -3.4e+38 -3.4e+38 -3.4e+38 -3.4e+38 -3.4e+38 0.454 0.47 0.487 0.506 0.531 0.563 0.6 0.638 0.679 0.722 0.768 0.816 0.865 0.918 0.972 1.03 1.09 1.15 1.2 1.26 1.31 1.37 1.42 1.48 1.55 1.61 1.68 1.74 1.81 1.87 1.93 1.99 2.05 2.12 2.18 2.25 2.32 2.38 2.45 2.53 2.61 2.69 2.76 2.83 2.88 2.93 2.96 2.97 2.96 2.94 2.9 2.84
-3.4e+38 -3.4e+38 -3.4e+38 -3.4e+38 -3.4e+38 -3.4e+38 -3.4e+38 -3.4e+38 -3.4e+38 -3.4e+38 -3.4e+38 -3.4e+38 -3.4e+38 -3.4e+38 -3.4e+38 -3.4e+38 -3.4e+38 -3.4e+38 -3.4e+38 0.447 0.462 0.48 0.499 0.525 0.56 0.599 0.641 0.684 0.73 0.777 0.826 0.875 0.926 0.978 1.03 1.09 1.15 1.2 1.25 1.31 1.37 1.43 1.49 1.55 1.62 1.68 1.75 1.82 1.88 1.94 2.01 2.07 2.13 2.2 2.26 2.33 2.4 2.47 2.55 2.62 2.7 2.78 2.84 2.9 2.95 2.98 2.99 2.99 2.97 2.93 2.88
-3.4e+38 -3.4e+38 -3.4e+38 -3.4e+38 -3.4e+38 -3.4e+38 -3.4e+38 -3.4e+38 -3.4e+38 -3.4e+38 -3.4e+38 -3.4e+38 -3.4e+38 -3.4e+38 -3.4e+38 -3.4e+38 -3.4e+38 -3.4e+38 -3.4e+38 0.44 0.456 0.475 0.496 0.525 0.56 0.6 0.643 0.689 0.737 0.786 0.835 0.882 0.931 0.981 1.03 1.08 1.14 1.19 1.25 1.31 1.36 1.43 1.49 1.55 1.62 1.69 1.76 1.82 1.89 1.95 2.02 2.08 2.14 2.2 2.27 2.34 2.41 2.48 2.56 2.64 2.72 2.79 2.86 2.92 2.96 3 3.01 3.02 3 2.97 2.92
-3.4e+38 -3.4e+38 -3.4e+38 -3.4e+38 -3.4e+38 -3.4e+38 -3.4e+38 -3.4e+38 -3.4e+38 -3.4e+38 -3.4e+38 -3.4e+38 -3.4e+38 -3.4e+38 -3.4e+38 -3.4e+38 -3.4e+38 -3.4e+38 -3.4e+38 0.435 0.451 0.471 0.495 0.525 0.56 0.601 0.646 0.694 0.744 0.795 0.843 0.888 0.934 0.981 1.03 1.08 1.13 1.18 1.24 1.3 1.36 1.42 1.49 1.55 1.62 1.69 1.76 1.82 1.89 1.96 2.02 2.09 2.15 2.21 2.27 2.34 2.41 2.49 2.57 2.64 2.72 2.8 2.87 2.93 2.98 3.02 3.04 3.05 3.04 3.01 2.97
-3.4e+38 -3.4e+38 -3.4e+38 -3.4e+38 -3.4e+38 -3.4e+38 -3.4e+38 -3.4e+38 -3.4e+38 -3.4e+38 -3.4e+38 -3.4e+38 -3.4e+38 -3.4e+38 -3.4e+38 -3.4e+38 -3.4e+38 -3.4e+38 -3.4e+38 0.429 0.447 0.468 0.492 0.524 0.56 0.601 0.647 0.696 0.748 0.802 0.85 0.891 0.934 0.977 1.02 1.07 1.12 1.17 1.23 1.29 1.35 1.42 1.48 1.55 1.61 1.68 1.75 1.82 1.89 1.96 2.02 2.09 2.15 2.21 2.27 2.34 2.41 2.49 2.57 2.65 2.73 2.81 2.88 2.95 3 3.04 3.06 3.08 3.07 3.05 3.01
-3.4e+38 -3.4e+38 -3.4e+38 -3.4e+38 -3.4e+38 -3.4e+38 -3.4e+38 -3.4e+38 -3.4e+38 -3.4e+38 -3.4e+38 -3.4e+38 -3.4e+38 -3.4e+38 -3.4e+38 -3.4e+38 -3.4e+38 -3.4e+38 -3.4e+38 0.424 0.442 0.464 0.49 0.522 0.559 0.6 0.646 0.695 0.747 0.801 0.848 0.887 0.928 0.971 1.02 1.06 1.11 1.16 1.22 1.28 1.34 1.41 1.47 1.54 1.61 1.67 1.74 1.81 1.88 1.95 2.02 2.09 2.15 2.2 2.26 2.33 2.41 2.49 2.57 2.65 2.74 2.82 2.89 2.96 3.02 3.06 3.09 3.11 3.11 3.1 3.06
-3.4e+38 -3.4e+38 -3.4e+38 -3.4e+38 -3.4e+38 -3.4e+38 -3.4e+38 -3.4e+38 -3.4e+38 -3.4e+38 -3.4e+38 -3.4e+38 -3.4e+38 -3.4e+38 -3.4e+38 -3.4e+38 -3.4e+38 -3.4e+38 -3.4e+38 0.418 0.436 0.46 0.487 0.519 0.556 0.597 0.643 0.691 0.741 0.791 0.837 0.878 0.919 0.961 1.01 1.05 1.11 1.16 1.22 1.27 1.34 1.4 1.46 1.53 1.59 1.66 1.73 1.8 1.87 1.94 2.02 2.09 2.15 2.2 2.25 2.32 2.4 2.48 2.57 2.66 2.74 2.83 2.9 2.97 3.03 3.08 3.12 3.15 3.15 3.14 3.11
-3.4e+38 -3.4e+38 -3.4e+38 -3.4e+38 -3.4e+38 -3.4e+38 -3.4e+38 -3.4e+38 -3.4e+38 -3.4e+38 -3.4e+38 -3.4e+38 -3.4e+38 -3.4e+38 -3.4e+38 -3.4e+38 -3.4e+38 -3.4e+38 -3.4e+38 0.412 0.431 0.455 0.483 0.516 0.552 0.593 0.637 0.684 0.732 0.779 0.823 0.865 0.906 0.947 0.993 1.04 1.1 1.15 1.21 1.27 1.33 1.39 1.45 1.51 1.58 1.64 1.7 1.77 1.84 1.92 2 2.09 2.14 2.19 2.25 2.31 2.4 2.5 2.58 2.65 2.74 2.83 2.91 2.98 3.05 3.1 3.15 3.18 3.2 3.19 3.17
-3.4e+38 -3.4e+38 -3.4e+38 -3.4e+38 -3.4e+38 -3.4e+38 -3.4e+38 -3.4e+38 -3.4e+38 -3.4e+38 -3.4e+38 -3.4e+38 -3.4e+38 -3.4e+38 -3.4e+38 -3.4e+38 -3.4e+38 -3.4e+38 0.393 0.406 0.425 0.45 0.479 0.512 0.548 0.588 0.632 0.677 0.723 0.768 0.811 0.852 0.892 0.932 0.978 1.03 1.09 1.15 1.2 1.26 1.32 1.38 1.43 1.49 1.55 1.61 1.67 1.74 1.81 1.88 1.97 2.06 2.12 2.17 2.23 2.3 2.4 2.5 2.58 2.65 2.74 2.83 2.91 2.99 3.06 3.12 3.17 3.21 3.24 3.25 3.23
-3.4e+38 -3.4e+38 -3.4e+38 -3.4e+38 -3.4e+38 -3.4e+38 -3.4e+38 -3.4e+38 -3.4e+38 -3.4e+38 -3.4e+38 -3.4e+38 -3.4e+38 -3.4e+38 -3.4e+38 -3.4e+38 -3.4e+38 0.381 0.39 0.401 0.42 0.447 0.475 0.508 0.544 0.583 0.625 0.669 0.712 0.756 0.798 0.839 0.878 0.915 0.961 1.02 1.08 1.14 1.2 1.26 1.31 1.36 1.42 1.47 1.53 1.58 1.63 1.69 1.75 1.83 1.91 2 2.07 2.13 2.21 2.3 2.39 2.49 2.57 2.64 2.74 2.83 2.91 2.99 3.07 3.14 3.2 3.25 3.28 3.3 3.29
-3.4e+38 -3.4e+38 -3.4e+38 -3.4e+38 -3.4e+38 -3.4e+38 -3.4e+38 -3.4e+38 -3.4e+38 -3.4e+38 -3.4e+38 -3.4e+38 -3.4e+38 -3.4e+38 -3.4e+38 -3.4e+38 -3.4e+38 -3.4e+38 0.39 0.402 0.42 0.445 0.472 0.505 0.54 0.578 0.617 0.66 0.702 0.745 0.787 0.829 0.869 0.908 0.956 1.01 1.08 1.14 1.2 1.25 1.3 1.35 1.4 1.45 1.49 1.54 1.59 1.64 1.69 1.76 1.84 1.93 2 2.08 2.17 2.28 2.37 2.46 2.55 2.63 2.73 2.82 2.91 2.99 3.07 3.15 3.22 3.28 3.32 3.35 3.35
