maui/input/month_year_rainfall/maui_prcp_11_2001.asc
ncols        361
nrows        320
xllcorner    -156.738000000000
yllcorner    20.343000000000
cellsize     0.002250000000
NODATA_value -3.4028234663852885981e+38
[rows 128 to 159 of 320, columns 144 to 215 of 361]
3.27 3.24 3.22 3.2 3.18 3.17 3.17 3.16 3.15 3.14 3.13 3.12 3.11 3.09 3.08 3.07 3.05 3.04 3.02 3.01 2.99 2.98 2.96 2.95 2.92 2.9 2.89 2.86 2.84 2.84 2.86 2.94 3.04 3.18 3.33 3.5 3.68 3.89 4.14 4.42 4.76 5.15 5.56 5.98 6.41 6.84 7.23 7.58 7.89 8.14 8.34 8.52 8.68 8.79 8.87 8.92 8.92 8.88 8.82 8.73 8.64 8.56 8.49 8.44 8.4 8.4 8.44 8.51 8.63 8.81 9.04 9.33
3.27 3.25 3.22 3.21 3.19 3.19 3.18 3.18 3.18 3.17 3.17 3.16 3.15 3.14 3.12 3.11 3.09 3.08 3.06 3.05 3.03 3.02 3 2.98 2.96 2.95 2.93 2.92 2.91 2.93 2.97 3.05 3.16 3.3 3.46 3.64 3.84 4.07 4.34 4.64 5 5.4 5.83 6.29 6.77 7.23 7.67 8.06 8.4 8.67 8.89 9.06 9.19 9.27 9.31 9.31 9.27 9.2 9.1 8.99 8.88 8.78 8.7 8.65 8.61 8.61 8.65 8.72 8.83 8.99 9.19 9.44
3.28 3.25 3.23 3.21 3.2 3.2 3.2 3.2 3.2 3.2 3.2 3.19 3.19 3.18 3.17 3.16 3.14 3.13 3.11 3.09 3.08 3.06 3.04 3.03 3.01 3 2.99 2.99 3 3.03 3.09 3.18 3.29 3.44 3.61 3.8 4.02 4.27 4.55 4.87 5.24 5.67 6.13 6.63 7.15 7.67 8.15 8.58 8.94 9.23 9.45 9.62 9.72 9.77 9.76 9.72 9.63 9.51 9.37 9.24 9.11 8.99 8.91 8.86 8.83 8.84 8.87 8.94 9.04 9.17 9.35 9.56
3.28 3.25 3.23 3.22 3.22 3.22 3.22 3.22 3.23 3.23 3.23 3.23 3.23 3.22 3.21 3.2 3.19 3.18 3.16 3.14 3.12 3.11 3.09 3.08 3.07 3.07 3.07 3.08 3.1 3.15 3.22 3.31 3.44 3.59 3.77 3.97 4.2 4.47 4.76 5.09 5.48 5.93 6.44 6.99 7.56 8.13 8.65 9.12 9.5 9.81 10 10.2 10.3 10.3 10.2 10.1 9.97 9.81 9.63 9.46 9.31 9.19 9.11 9.06 9.05 9.06 9.1 9.16 9.24 9.36 9.51 9.69
3.28 3.25 3.24 3.23 3.23 3.23 3.23 3.24 3.25 3.26 3.27 3.27 3.27 3.27 3.26 3.26 3.24 3.23 3.22 3.2 3.18 3.17 3.16 3.15 3.15 3.15 3.16 3.18 3.22 3.28 3.36 3.47 3.61 3.77 3.96 4.17 4.41 4.68 4.98 5.32 5.72 6.2 6.75 7.35 7.99 8.62 9.2 9.72 10.1 10.5 10.7 10.8 10.8 10.8 10.7 10.6 10.4 10.1 9.92 9.72 9.54 9.41 9.33 9.3 9.29 9.31 9.35 9.4 9.48 9.57 9.7 9.84
3.27 3.25 3.24 3.23 3.23 3.24 3.25 3.26 3.27 3.29 3.3 3.31 3.31 3.31 3.31 3.31 3.3 3.29 3.28 3.26 3.25 3.24 3.23 3.23 3.23 3.24 3.26 3.29 3.34 3.42 3.51 3.63 3.78 3.95 4.15 4.37 4.62 4.89 5.2 5.54 5.94 6.44 7.04 7.71 8.42 9.12 9.77 10.3 10.8 11.1 11.3 11.4 11.4 11.3 11.2 11 10.8 10.5 10.2 9.96 9.75 9.62 9.55 9.54 9.54 9.56 9.6 9.66 9.72 9.8 9.89 9.99
3.26 3.24 3.24 3.23 3.24 3.25 3.26 3.28 3.29 3.31 3.32 3.34 3.35 3.35 3.36 3.36 3.36 3.35 3.34 3.34 3.33 3.32 3.32 3.32 3.33 3.35 3.38 3.43 3.5 3.58 3.69 3.82 3.98 4.16 4.37 4.61 4.87 5.15 5.46 5.8 6.19 6.7 7.37 8.14 8.93 9.71 10.4 11.1 11.6 12 12.1 12.2 12.1 12 11.8 11.5 11.2 10.9 10.6 10.3 10 9.9 9.87 9.87 9.89 9.92 9.96 10 10.1 10.1 10.2 10.2
3.25 3.24 3.23 3.23 3.24 3.25 3.27 3.29 3.31 3.33 3.35 3.37 3.38 3.4 3.41 3.41 3.42 3.42 3.41 3.41 3.41 3.41 3.42 3.43 3.44 3.47 3.51 3.58 3.66 3.75 3.87 4.01 4.18 4.38 4.6 4.86 5.13 5.42 5.74 6.09 6.48 6.99 7.74 8.59 9.46 10.3 11.1 11.9 12.4 12.8 13 12.9 12.8 12.6 12.3 12 11.7 11.3 11 10.6 10.3 10.2 10.2 10.2 10.3 10.3 10.3 10.4 10.4 10.4 10.5 10.5
3.23 3.22 3.22 3.23 3.24 3.25 3.27 3.3 3.32 3.35 3.38 3.4 3.42 3.44 3.46 3.47 3.48 3.48 3.49 3.49 3.5 3.51 3.52 3.54 3.57 3.61 3.67 3.74 3.84 3.94 4.07 4.23 4.41 4.62 4.86 5.13 5.42 5.74 6.09 6.48 6.93 7.5 8.26 9.12 10 11 11.9 12.7 13.4 13.8 13.8 13.7 13.5 13.2 12.9 12.5 12.2 11.8 11.5 11.1 10.8 10.7 10.7 10.7 10.7 10.8 10.8 10.8 10.8 10.8 10.8 10.8
3.22 3.21 3.21 3.22 3.23 3.25 3.28 3.31 3.34 3.37 3.4 3.43 3.46 3.48 3.5 3.52 3.54 3.56 3.57 3.58 3.6 3.61 3.64 3.67 3.7 3.76 3.83 3.92 4.02 4.14 4.28 4.45 4.64 4.87 5.12 5.41 5.73 6.07 6.46 6.9 7.42 8.05 8.81 9.66 10.6 11.6 12.5 13.5 14.4 14.8 14.7 14.4 14.1 13.7 13.4 13 12.7 12.3 12 11.7 11.4 11.3 11.2 11.2 11.2 11.2 11.2 11.2 11.2 11.2 11.2 11.2
3.2 3.19 3.2 3.21 3.23 3.25 3.28 3.31 3.35 3.39 3.42 3.46 3.49 3.53 3.55 3.58 3.61 3.63 3.65 3.68 3.7 3.73 3.76 3.8 3.85 3.92 4 4.1 4.22 4.35 4.51 4.69 4.9 5.15 5.42 5.72 6.06 6.44 6.87 7.36 7.93 8.59 9.35 10.2 11.1 12.1 13.1 14.2 15.2 15.6 15.3 15 14.7 14.3 14 13.6 13.3 12.9 12.6 12.3 12.1 11.9 11.8 11.8 11.8 11.8 11.8 11.8 11.7 11.7 11.7 11.6
3.17 3.17 3.18 3.19 3.22 3.24 3.28 3.32 3.36 3.4 3.44 3.48 3.53 3.57 3.61 3.64 3.68 3.71 3.74 3.77 3.8 3.84 3.88 3.93 4 4.08 4.18 4.29 4.42 4.57 4.74 4.94 5.16 5.43 5.72 6.04 6.4 6.81 7.28 7.81 8.41 9.09 9.85 10.7 11.6 12.5 13.5 14.5 15.3 15.7 15.6 15.4 15.1 14.8 14.5 14.1 13.8 13.5 13.2 13 12.7 12.6 12.5 12.4 12.3 12.3 12.3 12.3 12.2 12.2 12.2 12.1
3.15 3.15 3.16 3.17 3.2 3.23 3.27 3.32 3.36 3.41 3.46 3.51 3.56 3.61 3.66 3.7 3.75 3.79 3.83 3.87 3.91 3.96 4.01 4.08 4.16 4.26 4.37 4.49 4.63 4.79 4.97 5.19 5.43 5.71 6.02 6.36 6.75 7.19 7.69 8.24 8.86 9.55 10.3 11.1 12 12.9 13.8 14.6 15.3 15.7 15.8 15.7 15.5 15.2 15 14.7 14.4 14.1 13.8 13.6 13.4 13.2 13.1 13 12.9 12.9 12.8 12.8 12.8 12.7 12.6 12.6
3.11 3.12 3.13 3.15 3.18 3.22 3.27 3.32 3.37 3.42 3.48 3.53 3.59 3.65 3.71 3.76 3.82 3.87 3.92 3.97 4.02 4.08 4.15 4.23 4.32 4.43 4.56 4.69 4.84 5.01 5.21 5.44 5.69 5.98 6.3 6.67 7.08 7.54 8.06 8.63 9.26 9.95 10.7 11.5 12.3 13.1 13.9 14.7 15.3 15.7 15.9 15.9 15.8 15.6 15.4 15.1 14.9 14.6 14.4 14.1 13.9 13.8 13.7 13.6 13.5 13.4 13.4 13.3 13.2 13.2 13.1 13
3.08 3.09 3.11 3.13 3.17 3.21 3.26 3.32 3.37 3.43 3.5 3.56 3.63 3.69 3.76 3.82 3.88 3.95 4.01 4.07 4.13 4.21 4.29 4.38 4.49 4.62 4.75 4.9 5.06 5.24 5.44 5.68 5.94 6.24 6.57 6.95 7.38 7.87 8.4 8.98 9.61 10.3 11 11.8 12.5 13.3 14.1 14.7 15.3 15.7 15.9 16 15.9 15.8 15.7 15.5 15.3 15 14.8 14.6 14.5 14.3 14.2 14.1 14 13.9 13.8 13.8 13.7 13.6 13.5 13.4
3.04 3.06 3.08 3.11 3.15 3.2 3.26 3.32 3.38 3.45 3.52 3.59 3.66 3.74 3.81 3.89 3.96 4.03 4.1 4.17 4.25 4.34 4.43 4.54 4.67 4.8 4.95 5.1 5.27 5.46 5.67 5.91 6.18 6.47 6.81 7.2 7.64 8.15 8.69 9.28 9.9 10.6 11.3 12 12.7 13.4 14.1 14.7 15.2 15.6 15.9 16 16 16 15.9 15.7 15.6 15.4 15.2 15.1 14.9 14.8 14.7 14.6 14.5 14.4 14.3 14.2 14.1 14.1 14 13.9
3.01 3.03 3.05 3.09 3.14 3.19 3.25 3.32 3.39 3.47 3.55 3.63 3.7 3.78 3.87 3.95 4.03 4.11 4.19 4.28 4.37 4.47 4.58 4.71 4.85 4.99 5.15 5.31 5.48 5.68 5.89 6.13 6.4 6.69 7.02 7.42 7.88 8.39 8.94 9.53 10.1 10.8 11.5 12.1 12.8 13.5 14.2 14.7 15.2 15.6 15.9 16 16.1 16.1 16.1 16 15.9 15.7 15.6 15.4 15.3 15.2 15.1 15 14.9 14.8 14.7 14.6 14.6 14.5 14.3 14.2
2.97 2.99 3.03 3.07 3.12 3.18 3.25 3.33 3.41 3.49 3.57 3.66 3.74 3.83 3.92 4.01 4.1 4.19 4.29 4.39 4.49 4.6 4.73 4.87 5.02 5.18 5.34 5.51 5.7 5.9 6.11 6.34 6.59 6.87 7.2 7.6 8.06 8.59 9.14 9.72 10.3 10.9 11.6 12.2 12.9 13.6 14.1 14.7 15.2 15.5 15.8 16 16.1 16.2 16.2 16.2 16.1 16 15.9 15.8 15.7 15.6 15.5 15.4 15.3 15.2 15.1 15 14.9 14.8 14.7 14.5
2.93 2.96 3 3.05 3.11 3.17 3.25 3.33 3.42 3.5 3.6 3.69 3.78 3.88 3.97 4.07 4.17 4.27 4.38 4.49 4.61 4.74 4.88 5.04 5.2 5.37 5.54 5.72 5.91 6.12 6.34 6.55 6.79 7.04 7.35 7.75 8.23 8.77 9.32 9.89 10.5 11.1 11.7 12.3 13 13.6 14.1 14.6 15.1 15.5 15.8 16 16.2 16.3 16.3 16.3 16.3 16.2 16.1 16 16 15.9 15.8 15.7 15.6 15.5 15.4 15.3 15.3 15.1 15 14.8
2.9 2.93 2.98 3.03 3.1 3.17 3.25 3.34 3.43 3.52 3.62 3.72 3.82 3.92 4.03 4.13 4.24 4.35 4.47 4.6 4.73 4.88 5.04 5.2 5.38 5.56 5.74 5.92 6.12 6.32 6.54 6.75 6.97 7.2 7.47 7.87 8.38 8.92 9.46 10 10.6 11.2 11.8 12.4 13 13.6 14.1 14.6 15 15.4 15.8 16 16.2 16.3 16.4 16.4 16.4 16.4 16.3 16.3 16.2 16.1 16.1 16 15.9 15.8 15.8 15.7 15.6 15.4 15.3 15.1
2.86 2.9 2.95 3.01 3.08 3.16 3.25 3.34 3.44 3.54 3.64 3.75 3.85 3.96 4.08 4.19 4.31 4.43 4.56 4.7 4.86 5.02 5.19 5.37 5.55 5.74 5.93 6.13 6.33 6.53 6.74 6.95 7.17 7.41 7.67 8.06 8.55 9.08 9.6 10.1 10.7 11.3 11.8 12.4 13 13.5 14.1 14.6 15 15.4 15.7 16 16.2 16.4 16.5 16.5 16.5 16.5 16.5 16.5 16.4 16.4 16.3 16.2 16.2 16.1 16 16 15.9 15.7 15.6 15.4
2.83 2.88 2.93 3 3.08 3.16 3.25 3.35 3.45 3.55 3.66 3.77 3.89 4 4.12 4.24 4.37 4.51 4.66 4.81 4.97 5.15 5.33 5.52 5.71 5.91 6.11 6.32 6.53 6.73 6.95 7.16 7.39 7.64 7.93 8.31 8.75 9.24 9.73 10.2 10.8 11.3 11.9 12.4 13 13.5 14 14.5 14.9 15.3 15.7 15.9 16.2 16.3 16.5 16.5 16.6 16.6 16.6 16.6 16.6 16.6 16.5 16.5 16.4 16.3 16.3 16.2 16.1 16 15.8 15.6
2.8 2.86 2.92 2.99 3.07 3.16 3.25 3.35 3.46 3.57 3.69 3.8 3.92 4.04 4.17 4.3 4.44 4.58 4.75 4.91 5.09 5.28 5.47 5.67 5.87 6.08 6.29 6.5 6.72 6.93 7.15 7.37 7.61 7.88 8.18 8.55 8.96 9.4 9.87 10.3 10.9 11.4 11.9 12.4 13 13.5 14 14.4 14.9 15.2 15.6 15.9 16.1 16.3 16.5 16.6 16.6 16.7 16.7 16.7 16.7 16.7 16.7 16.7 16.6 16.6 16.5 16.5 16.4 16.3 16.1 15.9
2.78 2.84 2.91 2.99 3.07 3.16 3.26 3.36 3.48 3.59 3.71 3.83 3.96 4.08 4.22 4.35 4.5 4.66 4.84 5.02 5.2 5.4 5.6 5.81 6.02 6.24 6.46 6.67 6.9 7.12 7.35 7.58 7.82 8.1 8.41 8.76 9.14 9.55 9.98 10.4 10.9 11.4 11.9 12.4 12.9 13.4 13.9 14.3 14.8 15.1 15.5 15.8 16 16.2 16.4 16.5 16.6 16.7 16.8 16.8 16.8 16.8 16.8 16.8 16.8 16.8 16.7 16.7 16.6 16.5 16.3 16.1
2.76 2.83 2.9 2.98 3.07 3.16 3.27 3.37 3.49 3.61 3.74 3.86 3.99 4.13 4.27 4.41 4.57 4.74 4.92 5.12 5.31 5.52 5.72 5.94 6.16 6.38 6.61 6.84 7.07 7.3 7.53 7.77 8.02 8.3 8.61 8.94 9.3 9.68 10.1 10.5 11 11.4 11.9 12.4 12.9 13.4 13.8 14.2 14.7 15 15.4 15.7 16 16.2 16.3 16.5 16.6 16.7 16.8 16.9 16.9 16.9 17 17 17 17 16.9 16.9 16.9 16.8 16.6 16.4
2.76 2.82 2.9 2.98 3.07 3.17 3.28 3.39 3.51 3.63 3.76 3.9 4.03 4.17 4.32 4.47 4.64 4.82 5.01 5.21 5.41 5.62 5.84 6.06 6.28 6.51 6.75 6.99 7.23 7.46 7.71 7.95 8.21 8.49 8.79 9.1 9.44 9.79 10.2 10.6 11 11.5 11.9 12.4 12.8 13.3 13.7 14.1 14.6 14.9 15.3 15.6 15.9 16.1 16.3 16.5 16.6 16.7 16.8 16.9 17 17 17 17.1 17.1 17.1 17.1 17.1 17.1 17 16.8 16.6
2.76 2.82 2.9 2.99 3.08 3.18 3.29 3.4 3.53 3.66 3.79 3.93 4.07 4.22 4.38 4.54 4.72 4.9 5.1 5.3 5.51 5.72 5.94 6.17 6.4 6.64 6.88 7.12 7.37 7.61 7.87 8.12 8.38 8.65 8.94 9.24 9.56 9.89 10.3 10.6 11.1 11.5 11.9 12.3 12.8 13.2 13.6 14.1 14.4 14.8 15.2 15.5 15.8 16 16.2 16.4 16.5 16.7 16.8 16.9 17 17 17.1 17.2 17.2 17.2 17.3 17.3 17.3 17.2 17.1 16.8
2.76 2.83 2.91 3 3.09 3.19 3.3 3.42 3.55 3.68 3.82 3.97 4.12 4.27 4.44 4.61 4.79 4.98 5.18 5.38 5.59 5.81 6.04 6.27 6.51 6.75 7 7.24 7.5 7.75 8.01 8.27 8.53 8.79 9.06 9.35 9.66 9.98 10.3 10.7 11.1 11.5 11.9 12.3 12.7 13.1 13.6 14 14.3 14.7 15.1 15.4 15.6 15.9 16.1 16.3 16.5 16.6 16.8 16.9 17 17.1 17.1 17.2 17.3 17.3 17.4 17.4 17.5 17.5 17.3 17
2.78 2.85 2.93 3.01 3.11 3.21 3.32 3.44 3.57 3.71 3.86 4.01 4.16 4.33 4.5 4.68 4.87 5.06 5.26 5.47 5.68 5.9 6.13 6.37 6.62 6.87 7.12 7.37 7.63 7.88 8.15 8.4 8.66 8.92 9.19 9.47 9.76 10.1 10.4 10.8 11.2 11.5 11.9 12.3 12.7 13.1 13.5 13.9 14.2 14.6 14.9 15.2 15.5 15.8 16 16.2 16.4 16.5 16.7 16.8 16.9 17 17.1 17.2 17.3 17.3 17.4 17.5 17.6 17.6 17.5 17.1
2.8 2.87 2.94 3.03 3.13 3.23 3.34 3.47 3.6 3.74 3.89 4.05 4.22 4.39 4.57 4.75 4.95 5.14 5.34 5.55 5.76 5.98 6.22 6.46 6.72 6.97 7.23 7.48 7.74 8 8.27 8.52 8.77 9.03 9.3 9.57 9.86 10.2 10.5 10.8 11.2 11.6 11.9 12.3 12.7 13.1 13.4 13.8 14.1 14.5 14.8 15.1 15.4 15.6 15.9 16.1 16.3 16.4 16.6 16.7 16.9 17 17.1 17.2 17.2 17.3 17.4 17.5 17.6 17.6 17.4 17.1
2.83 2.9 2.97 3.06 3.15 3.25 3.37 3.49 3.62 3.77 3.92 4.09 4.27 4.46 4.65 4.84 5.03 5.23 5.42 5.63 5.85 6.07 6.31 6.56 6.82 7.08 7.34 7.59 7.86 8.12 8.38 8.64 8.89 9.15 9.42 9.69 9.98 10.3 10.6 10.9 11.3 11.6 12 12.3 12.7 13 13.4 13.7 14.1 14.4 14.7 15 15.2 15.5 15.7 16 16.1 16.3 16.5 16.6 16.8 16.9 17 17.1 17.1 17.2 17.3 17.4 17.4 17.4 17.2 17
2.86 2.92 3 3.08 3.18 3.28 3.4 3.52 3.65 3.8 3.96 4.14 4.34 4.54 4.74 4.93 5.12 5.31 5.5 5.71 5.92 6.15 6.38 6.64 6.91 7.17 7.43 7.69 7.96 8.22 8.48 8.74 9 9.26 9.53 9.81 10.1 10.4 10.7 11 11.4 11.7 12 12.4 12.7 13 13.4 13.7 14 14.3 14.6 14.9 15.1 15.4 15.6 15.8 16 16.2 16.3 16.5 16.6 16.7 16.8 16.9 17 17.1 17.1 17.2 17.2 17.1 17 16.8
