maui/input/month_year_rainfall/maui_prcp_07_2002.asc
ncols        361
nrows        320
xllcorner    -156.738000000000
yllcorner    20.343000000000
cellsize     0.002250000000
NODATA_value -3.4028234663852885981e+38
[rows 128 to 159 of 320, columns 213 to 283 of 361]
1.12 1.2 1.3 1.41 1.52 1.65 1.79 1.94 2.11 2.3 2.51 2.74 3.01 3.31 3.66 4.05 4.48 4.96 5.47 6.04 6.65 7.31 7.99 8.71 9.45 10.2 10.9 11.6 12.3 13 13.6 14.2 14.8 15.3 15.7 16.1 16.5 16.8 17.1 17.3 17.5 17.7 17.8 18 18.2 18.4 18.7 18.9 19.2 19.6 20 20.5 21.1 21.8 22.5 23.3 24 24.8 25.6 26.5 27.2 27.9 28.6 29.2 29.9 30.4 30.6 30.6 30.5 30.3 30.1
1.07 1.14 1.22 1.31 1.41 1.51 1.63 1.76 1.91 2.07 2.25 2.45 2.68 2.94 3.24 3.59 3.97 4.39 4.85 5.37 5.93 6.55 7.21 7.89 8.6 9.32 10 10.7 11.4 12.1 12.7 13.3 13.9 14.5 15 15.4 15.9 16.3 16.6 16.9 17.2 17.5 17.7 17.9 18.1 18.4 18.6 18.9 19.2 19.5 20 20.5 21.1 21.7 22.5 23.3 24.1 25 25.8 26.7 27.5 28.3 29 29.7 30.3 30.7 31 31.1 31.1 31 30.9
1.01 1.08 1.14 1.22 1.3 1.39 1.49 1.6 1.72 1.85 2 2.17 2.37 2.59 2.85 3.15 3.49 3.87 4.28 4.76 5.28 5.86 6.48 7.14 7.81 8.5 9.18 9.85 10.5 11.2 11.8 12.4 13.1 13.7 14.2 14.7 15.2 15.6 16 16.4 16.8 17.1 17.3 17.6 17.9 18.2 18.5 18.8 19.1 19.5 19.9 20.4 21 21.7 22.5 23.3 24.1 25 25.9 26.9 27.7 28.6 29.3 30 30.6 31.1 31.4 31.6 31.7 31.7 31.6
0.959 1.01 1.07 1.13 1.2 1.27 1.35 1.44 1.54 1.65 1.77 1.91 2.08 2.26 2.49 2.76 3.06 3.39 3.76 4.2 4.67 5.22 5.8 6.43 7.07 7.73 8.38 9.03 9.68 10.3 10.9 11.5 12.2 12.8 13.4 13.9 14.4 14.9 15.4 15.8 16.2 16.6 16.9 17.3 17.6 18 18.3 18.7 19 19.4 19.8 20.4 21 21.6 22.4 23.2 24.1 25 26 27 27.9 28.8 29.5 30.3 30.9 31.4 31.8 32.1 32.2 32.3 32.3
0.908 0.951 0.996 1.04 1.1 1.16 1.23 1.3 1.38 1.47 1.57 1.68 1.81 1.97 2.16 2.38 2.64 2.93 3.25 3.67 4.14 4.66 5.21 5.8 6.4 7.01 7.62 8.23 8.85 9.46 10.1 10.7 11.3 11.9 12.5 13 13.6 14.1 14.6 15.1 15.5 15.9 16.3 16.7 17.1 17.5 17.9 18.3 18.7 19.1 19.5 20 20.6 21.3 22.1 22.9 23.8 24.7 25.7 26.7 27.7 28.7 29.5 30.3 31 31.6 32.1 32.4 32.7 32.8 32.9
0.858 0.892 0.927 0.963 1 1.05 1.11 1.17 1.23 1.3 1.37 1.46 1.57 1.7 1.86 2.04 2.24 2.49 2.77 3.18 3.65 4.14 4.67 5.21 5.77 6.34 6.91 7.47 8.04 8.62 9.2 9.78 10.4 11 11.6 12.1 12.7 13.3 13.8 14.3 14.8 15.3 15.7 16.1 16.5 17 17.4 17.8 18.2 18.6 19.1 19.7 20.3 20.9 21.7 22.5 23.4 24.3 25.3 26.4 27.5 28.5 29.4 30.2 31 31.7 32.3 32.7 33.1 33.3 33.5
0.822 0.85 0.877 0.904 0.933 0.98 1.03 1.07 1.12 1.17 1.24 1.31 1.4 1.5 1.63 1.77 1.94 2.18 2.46 2.84 3.26 3.71 4.19 4.69 5.21 5.73 6.25 6.76 7.28 7.81 8.34 8.88 9.45 10 10.6 11.1 11.8 12.4 12.9 13.5 14 14.5 14.9 15.3 15.8 16.2 16.6 17.1 17.5 17.9 18.4 19 19.6 20.2 21 21.8 22.7 23.6 24.6 25.7 26.8 27.8 28.8 29.7 30.6 31.3 32 32.6 33.1 33.4 33.7
0.788 0.811 0.833 0.854 0.879 0.918 0.954 0.983 1.02 1.06 1.11 1.17 1.24 1.32 1.41 1.53 1.67 1.9 2.18 2.52 2.9 3.31 3.75 4.21 4.68 5.15 5.63 6.09 6.56 7.04 7.53 8.02 8.54 9.07 9.63 10.2 10.8 11.4 12 12.6 13.1 13.6 14 14.5 15 15.4 15.8 16.3 16.7 17.2 17.7 18.2 18.8 19.5 20.2 21 21.9 22.8 23.9 24.9 26 27.1 28.1 29.1 30 30.9 31.6 32.3 33 33.5 33.9
0.765 0.784 0.801 0.818 0.838 0.862 0.886 0.907 0.934 0.964 1 1.05 1.11 1.18 1.26 1.36 1.5 1.7 1.95 2.25 2.58 2.96 3.35 3.76 4.19 4.62 5.05 5.48 5.9 6.33 6.76 7.2 7.67 8.15 8.66 9.18 9.75 10.3 10.9 11.5 12.1 12.6 13 13.5 14 14.4 14.8 15.3 15.7 16.2 16.7 17.2 17.8 18.5 19.2 20 20.9 21.8 22.8 23.9 25 26.1 27.2 28.2 29.2 30.1 31 31.7 32.5 33.1 33.7
0.744 0.758 0.77 0.783 0.796 0.81 0.825 0.838 0.857 0.877 0.908 0.944 0.994 1.05 1.12 1.21 1.34 1.52 1.74 2 2.29 2.62 2.97 3.35 3.73 4.12 4.51 4.89 5.27 5.65 6.03 6.41 6.83 7.26 7.72 8.19 8.72 9.26 9.83 10.4 11 11.5 12 12.4 12.9 13.4 13.8 14.2 14.7 15.1 15.6 16.2 16.8 17.4 18.1 18.9 19.8 20.7 21.8 22.8 23.9 25 26.2 27.3 28.3 29.3 30.2 31.1 31.9 32.7 33.4
0.727 0.737 0.745 0.752 0.76 0.768 0.775 0.782 0.793 0.806 0.83 0.858 0.899 0.946 1.01 1.09 1.19 1.34 1.53 1.76 2.02 2.31 2.62 2.95 3.29 3.64 3.98 4.31 4.64 4.97 5.29 5.62 5.98 6.34 6.74 7.14 7.61 8.09 8.61 9.15 9.71 10.2 10.7 11.2 11.7 12.1 12.5 13 13.4 13.9 14.4 15 15.6 16.2 16.9 17.7 18.5 19.5 20.5 21.6 22.7 23.8 24.9 26.1 27.2 28.3 29.3 30.3 31.2 32.1 32.9
0.715 0.721 0.725 0.728 0.731 0.734 0.736 0.737 0.742 0.75 0.767 0.788 0.821 0.861 0.913 0.979 1.06 1.19 1.34 1.55 1.77 2.03 2.31 2.6 2.89 3.19 3.49 3.77 4.05 4.32 4.59 4.86 5.15 5.45 5.78 6.12 6.5 6.91 7.37 7.86 8.37 8.89 9.37 9.84 10.3 10.7 11.2 11.6 12.1 12.5 13.1 13.6 14.2 14.9 15.6 16.4 17.2 18.2 19.2 20.3 21.4 22.5 23.7 24.9 26.1 27.3 28.4 29.4 30.4 31.4 32.3
0.711 0.713 0.714 0.714 0.714 0.713 0.711 0.708 0.709 0.712 0.724 0.74 0.766 0.799 0.84 0.894 0.962 1.06 1.19 1.37 1.57 1.79 2.03 2.28 2.53 2.78 3.03 3.26 3.49 3.71 3.92 4.14 4.36 4.59 4.83 5.09 5.39 5.7 6.08 6.5 6.95 7.43 7.91 8.38 8.83 9.28 9.72 10.2 10.6 11.1 11.6 12.1 12.7 13.4 14.2 15 15.8 16.8 17.8 18.9 20 21.2 22.3 23.5 24.8 26 27.2 28.4 29.5 30.6 31.6
0.713 0.712 0.71 0.707 0.703 0.699 0.694 0.689 0.687 0.685 0.692 0.702 0.723 0.748 0.782 0.826 0.88 0.96 1.07 1.22 1.39 1.58 1.79 2 2.21 2.42 2.62 2.81 3 3.17 3.33 3.5 3.67 3.84 4.03 4.22 4.45 4.69 4.99 5.32 5.71 6.12 6.54 6.98 7.41 7.83 8.24 8.65 9.07 9.52 10 10.5 11.1 11.8 12.6 13.4 14.3 15.3 16.3 17.4 18.5 19.6 20.8 22 23.3 24.6 25.9 27.2 28.5 29.6 30.8
0.721 0.717 0.712 0.707 0.699 0.691 0.684 0.678 0.673 0.668 0.67 0.675 0.69 0.71 0.738 0.774 0.818 0.876 0.96 1.09 1.24 1.41 1.58 1.76 1.93 2.1 2.27 2.42 2.56 2.69 2.81 2.94 3.06 3.19 3.34 3.49 3.66 3.84 4.06 4.31 4.61 4.93 5.28 5.66 6.03 6.4 6.76 7.13 7.51 7.92 8.36 8.88 9.48 10.2 11 11.9 12.8 13.7 14.7 15.8 16.9 18 19.2 20.4 21.7 23 24.5 25.9 27.3 28.6 29.8
0.731 0.724 0.717 0.708 0.697 0.686 0.678 0.67 0.663 0.657 0.655 0.656 0.667 0.682 0.706 0.736 0.774 0.824 0.895 1.01 1.13 1.27 1.42 1.56 1.71 1.84 1.98 2.1 2.22 2.32 2.42 2.51 2.61 2.72 2.83 2.95 3.09 3.23 3.4 3.59 3.83 4.09 4.37 4.67 4.98 5.3 5.6 5.92 6.24 6.58 6.97 7.44 8 8.68 9.46 10.3 11.2 12.1 13.2 14.2 15.3 16.4 17.6 18.8 20.1 21.4 22.9 24.4 25.9 27.4 28.8
0.742 0.733 0.723 0.711 0.698 0.684 0.674 0.666 0.658 0.65 0.645 0.643 0.649 0.661 0.682 0.709 0.745 0.792 0.855 0.942 1.04 1.16 1.27 1.39 1.51 1.62 1.73 1.83 1.92 2.01 2.09 2.16 2.24 2.33 2.42 2.52 2.63 2.74 2.88 3.03 3.21 3.41 3.63 3.87 4.12 4.37 4.62 4.87 5.13 5.41 5.72 6.12 6.63 7.28 8.02 8.84 9.7 10.6 11.6 12.7 13.8 14.8 16 17.1 18.4 19.8 21.3 22.8 24.4 26.1 27.7
0.753 0.742 0.729 0.716 0.701 0.688 0.676 0.666 0.656 0.647 0.64 0.636 0.64 0.649 0.667 0.692 0.724 0.768 0.822 0.894 0.975 1.07 1.16 1.26 1.36 1.45 1.54 1.62 1.7 1.77 1.83 1.89 1.96 2.02 2.1 2.17 2.27 2.36 2.47 2.6 2.74 2.91 3.09 3.29 3.49 3.71 3.92 4.14 4.34 4.55 4.79 5.11 5.57 6.21 6.95 7.76 8.61 9.49 10.5 11.6 12.6 13.7 14.8 15.9 17.2 18.5 20 21.6 23.2 24.9 26.6
0.764 0.751 0.736 0.722 0.707 0.693 0.68 0.668 0.656 0.646 0.639 0.633 0.634 0.641 0.656 0.678 0.707 0.746 0.792 0.849 0.912 0.985 1.06 1.14 1.22 1.29 1.37 1.43 1.49 1.55 1.6 1.65 1.69 1.74 1.8 1.86 1.94 2.02 2.11 2.21 2.33 2.47 2.62 2.78 2.95 3.14 3.32 3.5 3.67 3.83 4 4.22 4.62 5.27 6.03 6.83 7.66 8.51 9.49 10.5 11.6 12.6 13.7 14.8 16 17.3 18.8 20.4 22 23.8 25.5
0.775 0.76 0.744 0.728 0.713 0.698 0.684 0.672 0.66 0.65 0.642 0.636 0.636 0.641 0.654 0.673 0.699 0.733 0.773 0.821 0.875 0.936 0.999 1.06 1.13 1.2 1.26 1.31 1.36 1.41 1.45 1.48 1.52 1.56 1.61 1.66 1.73 1.79 1.87 1.96 2.06 2.18 2.31 2.45 2.6 2.76 2.93 3.11 3.27 3.43 3.57 3.7 4.02 4.74 5.52 6.3 7.12 7.94 8.84 9.76 10.8 11.7 12.8 13.8 15 16.3 17.8 19.3 21 22.8 24.5
0.786 0.769 0.752 0.735 0.719 0.704 0.69 0.677 0.665 0.655 0.647 0.642 0.64 0.644 0.654 0.671 0.693 0.721 0.755 0.796 0.84 0.891 0.943 0.998 1.05 1.11 1.16 1.21 1.24 1.28 1.31 1.34 1.37 1.4 1.44 1.48 1.54 1.59 1.66 1.74 1.82 1.92 2.03 2.15 2.29 2.44 2.6 2.77 2.95 3.13 3.3 3.49 3.84 4.46 5.17 5.9 6.66 7.43 8.25 9.07 9.98 10.9 11.9 12.9 14.1 15.3 16.7 18.3 19.9 21.8 23.6
0.794 0.776 0.758 0.741 0.725 0.709 0.695 0.682 0.672 0.663 0.656 0.651 0.65 0.652 0.661 0.674 0.693 0.717 0.746 0.78 0.818 0.86 0.905 0.954 1 1.05 1.1 1.13 1.16 1.19 1.21 1.23 1.26 1.29 1.32 1.36 1.4 1.45 1.51 1.58 1.65 1.74 1.84 1.95 2.08 2.22 2.37 2.55 2.75 2.97 3.21 3.5 3.9 4.42 5.03 5.68 6.36 7.05 7.79 8.54 9.37 10.2 11.1 12.1 13.2 14.5 15.8 17.4 19 20.8 22.6
0.801 0.782 0.764 0.746 0.73 0.715 0.701 0.689 0.68 0.672 0.666 0.662 0.661 0.663 0.669 0.68 0.695 0.715 0.739 0.767 0.798 0.833 0.871 0.913 0.957 1 1.04 1.07 1.09 1.1 1.12 1.14 1.16 1.18 1.21 1.24 1.28 1.33 1.38 1.44 1.51 1.59 1.68 1.78 1.9 2.04 2.19 2.37 2.59 2.86 3.17 3.54 3.96 4.44 4.97 5.52 6.12 6.73 7.4 8.08 8.83 9.6 10.5 11.4 12.5 13.7 15 16.5 18.1 19.9 21.7
0.805 0.786 0.767 0.75 0.735 0.72 0.708 0.697 0.689 0.682 0.678 0.676 0.675 0.676 0.681 0.689 0.702 0.718 0.737 0.759 0.785 0.814 0.846 0.882 0.92 0.962 1 1.02 1.03 1.04 1.05 1.07 1.08 1.1 1.13 1.16 1.2 1.23 1.28 1.34 1.4 1.48 1.57 1.67 1.78 1.92 2.07 2.25 2.49 2.81 3.19 3.62 4.08 4.54 5 5.47 5.99 6.53 7.13 7.74 8.43 9.14 9.94 10.8 11.8 13 14.3 15.7 17.3 19 20.8
0.809 0.789 0.771 0.754 0.74 0.726 0.715 0.706 0.699 0.694 0.691 0.69 0.689 0.691 0.694 0.7 0.71 0.722 0.736 0.753 0.773 0.796 0.822 0.851 0.882 0.915 0.946 0.963 0.972 0.979 0.989 1 1.02 1.04 1.06 1.08 1.12 1.16 1.2 1.26 1.32 1.39 1.48 1.58 1.69 1.83 1.98 2.16 2.41 2.78 3.22 3.72 4.22 4.64 5.03 5.42 5.87 6.34 6.88 7.44 8.07 8.73 9.47 10.3 11.3 12.4 13.6 15 16.5 18.2 19.9
0.811 0.792 0.774 0.759 0.745 0.734 0.724 0.716 0.711 0.707 0.705 0.704 0.705 0.706 0.708 0.712 0.719 0.728 0.737 0.75 0.764 0.782 0.801 0.824 0.848 0.872 0.893 0.909 0.919 0.926 0.935 0.945 0.96 0.975 0.997 1.02 1.05 1.09 1.13 1.19 1.25 1.32 1.41 1.51 1.62 1.76 1.92 2.13 2.39 2.76 3.23 3.79 4.38 4.72 5.02 5.35 5.75 6.17 6.66 7.17 7.75 8.36 9.06 9.84 10.8 11.8 13 14.4 15.8 17.4 19.1
0.813 0.794 0.778 0.764 0.752 0.742 0.734 0.728 0.724 0.721 0.719 0.719 0.72 0.72 0.721 0.724 0.728 0.733 0.739 0.747 0.757 0.769 0.784 0.8 0.817 0.834 0.85 0.862 0.871 0.878 0.886 0.895 0.908 0.921 0.943 0.966 0.997 1.03 1.08 1.13 1.19 1.26 1.35 1.45 1.56 1.71 1.88 2.1 2.37 2.73 3.18 3.72 4.26 4.61 4.9 5.21 5.58 5.97 6.42 6.89 7.43 8 8.66 9.39 10.3 11.3 12.5 13.7 15.1 16.7 18.3
0.816 0.798 0.783 0.771 0.76 0.752 0.745 0.74 0.737 0.736 0.734 0.734 0.734 0.734 0.734 0.735 0.737 0.739 0.742 0.746 0.751 0.759 0.768 0.779 0.791 0.802 0.813 0.822 0.829 0.835 0.842 0.849 0.861 0.874 0.894 0.917 0.948 0.982 1.03 1.08 1.14 1.21 1.29 1.39 1.51 1.66 1.83 2.06 2.33 2.66 3.06 3.52 3.98 4.36 4.69 5.01 5.36 5.73 6.16 6.6 7.11 7.65 8.27 8.97 9.81 10.8 11.9 13.1 14.5 16 17.5
0.82 0.803 0.79 0.779 0.77 0.762 0.757 0.753 0.751 0.75 0.749 0.748 0.748 0.747 0.746 0.745 0.744 0.743 0.744 0.744 0.746 0.75 0.755 0.761 0.768 0.775 0.781 0.787 0.792 0.796 0.801 0.807 0.817 0.829 0.849 0.871 0.9 0.934 0.977 1.03 1.09 1.16 1.24 1.34 1.46 1.6 1.78 1.99 2.25 2.55 2.9 3.3 3.7 4.07 4.42 4.75 5.11 5.47 5.88 6.3 6.78 7.29 7.89 8.55 9.36 10.3 11.4 12.6 13.9 15.3 16.8
0.831 0.814 0.801 0.79 0.781 0.774 0.77 0.766 0.765 0.764 0.763 0.762 0.761 0.759 0.756 0.753 0.75 0.747 0.745 0.743 0.741 0.741 0.742 0.744 0.747 0.749 0.752 0.755 0.758 0.76 0.763 0.768 0.777 0.788 0.806 0.827 0.856 0.888 0.929 0.977 1.04 1.1 1.18 1.28 1.4 1.54 1.7 1.9 2.14 2.42 2.73 3.07 3.43 3.79 4.13 4.47 4.82 5.18 5.58 5.98 6.45 6.94 7.51 8.15 8.93 9.82 10.8 12 13.3 14.7 16.1
0.844 0.827 0.813 0.802 0.793 0.787 0.782 0.779 0.778 0.777 0.775 0.774 0.772 0.769 0.765 0.76 0.755 0.749 0.745 0.74 0.735 0.732 0.73 0.728 0.727 0.727 0.728 0.728 0.729 0.729 0.731 0.734 0.742 0.751 0.768 0.787 0.814 0.844 0.884 0.93 0.986 1.05 1.13 1.22 1.33 1.47 1.62 1.81 2.02 2.27 2.55 2.85 3.18 3.52 3.85 4.18 4.53 4.88 5.27 5.67 6.12 6.59 7.14 7.76 8.51 9.37 10.4 11.5 12.7 14 15.5
0.856 0.84 0.826 0.814 0.806 0.8 0.795 0.792 0.79 0.789 0.787 0.785 0.782 0.778 0.773 0.766 0.758 0.751 0.744 0.737 0.73 0.724 0.719 0.714 0.71 0.707 0.705 0.704 0.702 0.7 0.7 0.702 0.709 0.717 0.732 0.749 0.774 0.803 0.84 0.884 0.938 1 1.07 1.16 1.26 1.39 1.53 1.7 1.89 2.12 2.36 2.64 2.93 3.25 3.58 3.9 4.24 4.59 4.97 5.35 5.79 6.25 6.78 7.39 8.11 8.94 9.89 11 12.1 13.5 14.9
