maui/input/month_year_rainfall/maui_prcp_01_2002.asc
ncols        361
nrows        320
xllcorner    -156.738000000000
yllcorner    20.343000000000
cellsize     0.002250000000
NODATA_value -3.4028234663852885981e+38
[rows 64 to 95 of 320, columns 144 to 215 of 361]
-3.4e+38 -3.4e+38 -3.4e+38 -3.4e+38 -3.4e+38 -3.4e+38 -3.4e+38 -3.4e+38 -3.4e+38 -3.4e+38 -3.4e+38 3.79 3.84 3.89 3.95 4.02 4.1 4.18 4.27 4.36 4.47 4.59 4.73 4.87 5.02 5.17 5.33 5.49 5.65 5.82 5.99 6.17 6.36 6.55 6.74 6.94 7.13 7.32 7.51 7.7 7.88 8.06 8.22 8.37 8.52 8.66 8.79 8.92 9.03 9.14 9.24 9.34 9.43 9.52 9.6 9.69 9.78 9.87 9.95 10 10.1 10.2 10.3 10.4 10.6 10.7 10.8 10.9 11.1 11.2 11.4 11.5
-3.4e+38 -3.4e+38 -3.4e+38 -3.4e+38 -3.4e+38 3.61 -3.4e+38 -3.4e+38 3.69 3.72 3.76 3.79 3.84 3.9 3.96 4.03 4.12 4.2 4.3 4.4 4.53 4.66 4.8 4.95 5.11 5.27 5.44 5.6 5.77 5.95 6.12 6.31 6.5 6.69 6.88 7.08 7.27 7.46 7.65 7.84 8.02 8.2 8.36 8.52 8.67 8.81 8.94 9.07 9.19 9.3 9.41 9.51 9.61 9.71 9.8 9.9 10 10.1 10.2 10.3 10.4 10.5 10.6 10.7 10.9 11 11.1 11.3 11.4 11.6 11.7 11.9
-3.4e+38 -3.4e+38 -3.4e+38 3.57 3.59 3.62 3.64 3.67 3.69 3.72 3.76 3.8 3.85 3.91 3.98 4.05 4.14 4.23 4.34 4.46 4.59 4.73 4.89 5.04 5.2 5.37 5.54 5.72 5.89 6.07 6.24 6.43 6.62 6.81 7 7.2 7.39 7.58 7.77 7.96 8.15 8.33 8.49 8.65 8.8 8.94 9.08 9.21 9.34 9.45 9.57 9.67 9.78 9.89 10 10.1 10.2 10.3 10.4 10.6 10.7 10.8 10.9 11 11.2 11.3 11.5 11.6 11.8 11.9 12.1 12.2
-3.4e+38 3.53 3.55 3.57 3.59 3.62 3.64 3.67 3.7 3.73 3.76 3.81 3.86 3.92 4 4.07 4.17 4.27 4.39 4.51 4.65 4.8 4.96 5.12 5.29 5.46 5.64 5.81 5.99 6.17 6.35 6.53 6.71 6.9 7.09 7.28 7.48 7.67 7.86 8.05 8.24 8.42 8.59 8.75 8.9 9.05 9.19 9.32 9.45 9.57 9.69 9.81 9.93 10.1 10.2 10.3 10.4 10.6 10.7 10.8 10.9 11.1 11.2 11.4 11.5 11.7 11.8 12 12.1 12.3 12.5 12.6
3.53 3.54 3.55 3.57 3.6 3.62 3.64 3.67 3.7 3.73 3.77 3.81 3.87 3.94 4.02 4.1 4.2 4.31 4.44 4.57 4.72 4.87 5.03 5.2 5.37 5.54 5.72 5.9 6.08 6.26 6.43 6.61 6.79 6.98 7.16 7.35 7.55 7.75 7.94 8.12 8.31 8.49 8.66 8.83 8.99 9.13 9.27 9.41 9.54 9.67 9.8 9.93 10.1 10.2 10.4 10.5 10.7 10.8 11 11.1 11.2 11.4 11.5 11.7 11.8 12 12.2 12.3 12.5 12.7 12.9 13
3.53 3.54 3.56 3.58 3.6 3.62 3.65 3.68 3.71 3.74 3.79 3.83 3.89 3.96 4.04 4.13 4.24 4.35 4.48 4.62 4.77 4.93 5.09 5.26 5.43 5.61 5.78 5.96 6.15 6.32 6.49 6.66 6.84 7.02 7.2 7.39 7.58 7.78 7.97 8.16 8.34 8.53 8.7 8.87 9.03 9.19 9.33 9.47 9.61 9.74 9.88 10 10.2 10.3 10.5 10.7 10.9 11 11.2 11.4 11.5 11.7 11.9 12 12.2 12.4 12.6 12.7 12.9 13.1 13.3 13.5
3.54 3.55 3.57 3.59 3.61 3.64 3.66 3.69 3.72 3.76 3.8 3.85 3.92 3.99 4.07 4.16 4.27 4.39 4.52 4.67 4.82 4.98 5.15 5.32 5.49 5.66 5.84 6.02 6.2 6.37 6.54 6.71 6.88 7.05 7.23 7.42 7.61 7.81 7.99 8.18 8.37 8.56 8.73 8.91 9.07 9.23 9.38 9.52 9.66 9.81 9.96 10.1 10.3 10.5 10.6 10.8 11 11.2 11.4 11.6 11.8 12 12.2 12.4 12.6 12.8 13 13.2 13.4 13.6 13.8 13.9
3.55 3.56 3.58 3.6 3.63 3.65 3.68 3.7 3.74 3.77 3.82 3.87 3.94 4.01 4.1 4.19 4.31 4.43 4.56 4.71 4.86 5.03 5.2 5.37 5.54 5.71 5.89 6.06 6.23 6.4 6.56 6.72 6.89 7.05 7.23 7.41 7.6 7.79 7.98 8.17 8.36 8.55 8.73 8.91 9.08 9.24 9.39 9.55 9.7 9.85 10 10.2 10.4 10.5 10.7 11 11.2 11.4 11.6 11.8 12 12.3 12.5 12.7 12.9 13.2 13.4 13.6 13.8 14 14.2 14.4
3.56 3.58 3.6 3.62 3.64 3.67 3.69 3.72 3.75 3.79 3.84 3.9 3.97 4.04 4.13 4.23 4.34 4.47 4.61 4.75 4.91 5.07 5.25 5.42 5.59 5.76 5.93 6.1 6.26 6.42 6.58 6.73 6.89 7.05 7.23 7.41 7.59 7.78 7.97 8.16 8.35 8.54 8.73 8.91 9.08 9.25 9.41 9.57 9.73 9.89 10.1 10.2 10.4 10.6 10.8 11.1 11.3 11.5 11.8 12 12.3 12.5 12.8 13 13.3 13.5 13.8 14 14.3 14.5 14.7 14.9
3.58 3.6 3.62 3.64 3.66 3.69 3.71 3.74 3.77 3.81 3.86 3.92 3.99 4.06 4.16 4.25 4.37 4.5 4.64 4.79 4.95 5.12 5.29 5.46 5.63 5.79 5.96 6.11 6.27 6.42 6.57 6.72 6.86 7.02 7.2 7.38 7.56 7.75 7.94 8.13 8.32 8.51 8.7 8.89 9.07 9.24 9.4 9.57 9.74 9.91 10.1 10.3 10.5 10.7 10.9 11.1 11.4 11.6 11.9 12.2 12.5 12.8 13.1 13.3 13.6 13.9 14.2 14.5 14.7 14.9 15.1 15.3
3.61 3.62 3.64 3.66 3.69 3.71 3.74 3.77 3.8 3.84 3.89 3.94 4.01 4.09 4.18 4.28 4.41 4.53 4.68 4.83 4.99 5.16 5.33 5.5 5.67 5.82 5.98 6.13 6.28 6.42 6.57 6.71 6.85 7.01 7.17 7.35 7.53 7.72 7.91 8.1 8.29 8.49 8.68 8.88 9.06 9.24 9.4 9.57 9.74 9.93 10.1 10.3 10.5 10.7 11 11.2 11.5 11.8 12.1 12.4 12.7 13 13.3 13.7 14 14.3 14.6 14.9 15.1 15.4 15.6 15.8
3.65 3.66 3.68 3.7 3.72 3.75 3.77 3.8 3.83 3.87 3.92 3.97 4.04 4.11 4.21 4.31 4.44 4.57 4.72 4.87 5.04 5.2 5.38 5.54 5.7 5.85 5.99 6.13 6.28 6.42 6.56 6.7 6.84 6.99 7.15 7.32 7.5 7.68 7.87 8.06 8.26 8.46 8.66 8.86 9.04 9.22 9.39 9.56 9.74 9.93 10.1 10.3 10.5 10.8 11 11.3 11.6 11.9 12.2 12.5 12.9 13.2 13.6 13.9 14.3 14.6 14.9 15.3 15.5 15.8 16 16.2
3.68 3.7 3.71 3.73 3.75 3.78 3.8 3.83 3.86 3.9 3.95 4 4.07 4.14 4.23 4.33 4.46 4.6 4.75 4.91 5.07 5.24 5.41 5.57 5.72 5.86 6.01 6.14 6.28 6.41 6.55 6.69 6.83 6.98 7.13 7.3 7.47 7.65 7.83 8.02 8.22 8.43 8.64 8.84 9.02 9.2 9.38 9.56 9.74 9.94 10.1 10.4 10.6 10.8 11.1 11.4 11.7 12 12.4 12.7 13.1 13.5 13.8 14.2 14.6 14.9 15.3 15.6 15.9 16.2 16.4 16.6
3.72 3.74 3.75 3.77 3.79 3.81 3.84 3.86 3.89 3.93 3.98 4.03 4.1 4.16 4.26 4.36 4.49 4.62 4.78 4.93 5.1 5.27 5.43 5.59 5.74 5.88 6.01 6.14 6.27 6.41 6.54 6.68 6.81 6.95 7.1 7.26 7.43 7.6 7.79 7.98 8.19 8.41 8.61 8.82 9 9.19 9.37 9.56 9.75 9.95 10.2 10.4 10.6 10.9 11.2 11.5 11.8 12.2 12.5 12.9 13.3 13.7 14.1 14.5 14.9 15.3 15.6 15.9 16.2 16.5 16.8 17
3.76 3.78 3.79 3.81 3.83 3.85 3.87 3.9 3.93 3.97 4.01 4.06 4.13 4.19 4.28 4.38 4.51 4.64 4.8 4.96 5.12 5.29 5.45 5.6 5.75 5.89 6.02 6.14 6.27 6.4 6.53 6.66 6.79 6.93 7.07 7.22 7.39 7.56 7.75 7.95 8.16 8.38 8.59 8.8 8.99 9.18 9.38 9.57 9.77 9.97 10.2 10.4 10.6 10.9 11.2 11.6 11.9 12.3 12.7 13.1 13.5 13.9 14.3 14.7 15.1 15.5 15.9 16.2 16.5 16.8 17.1 17.3
3.8 3.82 3.83 3.85 3.86 3.88 3.9 3.93 3.96 4 4.04 4.09 4.15 4.22 4.31 4.4 4.53 4.66 4.82 4.97 5.14 5.31 5.47 5.62 5.76 5.89 6.02 6.14 6.26 6.38 6.51 6.64 6.77 6.91 7.05 7.19 7.35 7.52 7.72 7.92 8.14 8.36 8.57 8.78 8.98 9.19 9.39 9.59 9.8 10 10.2 10.5 10.7 11 11.3 11.7 12 12.4 12.8 13.2 13.7 14.1 14.5 15 15.4 15.8 16.2 16.5 16.8 17.1 17.4 17.6
3.84 3.86 3.87 3.89 3.9 3.92 3.94 3.96 3.99 4.03 4.07 4.12 4.18 4.24 4.33 4.42 4.54 4.68 4.83 4.99 5.16 5.32 5.49 5.63 5.77 5.9 6.02 6.13 6.25 6.37 6.5 6.63 6.75 6.88 7.02 7.16 7.32 7.49 7.69 7.89 8.11 8.34 8.55 8.77 8.98 9.19 9.4 9.62 9.83 10.1 10.3 10.6 10.8 11.1 11.4 11.8 12.2 12.6 13 13.4 13.8 14.3 14.7 15.2 15.6 16 16.4 16.8 17.1 17.4 17.7 17.9
3.88 3.9 3.91 3.92 3.94 3.95 3.97 3.99 4.02 4.06 4.1 4.15 4.2 4.27 4.35 4.44 4.56 4.69 4.85 5.01 5.17 5.34 5.5 5.65 5.78 5.9 6.02 6.13 6.25 6.37 6.49 6.61 6.74 6.86 7 7.14 7.3 7.47 7.66 7.87 8.09 8.32 8.54 8.76 8.99 9.21 9.43 9.65 9.88 10.1 10.4 10.6 10.9 11.2 11.6 11.9 12.3 12.7 13.1 13.6 14 14.5 14.9 15.4 15.8 16.3 16.6 17 17.3 17.7 18 18.2
3.92 3.94 3.95 3.96 3.98 3.99 4 4.03 4.05 4.09 4.13 4.17 4.23 4.29 4.38 4.46 4.58 4.71 4.86 5.02 5.19 5.35 5.51 5.66 5.79 5.91 6.03 6.15 6.27 6.38 6.5 6.62 6.74 6.86 6.99 7.13 7.28 7.44 7.64 7.85 8.07 8.3 8.53 8.76 8.99 9.22 9.45 9.68 9.92 10.2 10.4 10.7 11 11.4 11.7 12.1 12.5 12.9 13.3 13.7 14.2 14.6 15.1 15.6 16 16.4 16.8 17.2 17.6 17.9 18.2 18.5
3.96 3.97 3.99 4 4.01 4.02 4.04 4.06 4.08 4.11 4.15 4.2 4.25 4.31 4.4 4.49 4.6 4.73 4.88 5.03 5.2 5.36 5.52 5.67 5.81 5.93 6.05 6.17 6.29 6.4 6.51 6.62 6.74 6.86 6.98 7.11 7.26 7.42 7.62 7.83 8.05 8.28 8.52 8.76 9 9.24 9.47 9.71 9.97 10.2 10.5 10.8 11.2 11.5 11.8 12.2 12.6 13 13.4 13.9 14.3 14.8 15.3 15.7 16.2 16.6 17 17.4 17.8 18.2 18.5 18.8
4 4.01 4.03 4.04 4.05 4.06 4.07 4.09 4.11 4.14 4.17 4.21 4.27 4.33 4.42 4.5 4.62 4.75 4.89 5.05 5.21 5.38 5.54 5.69 5.83 5.96 6.08 6.2 6.32 6.43 6.54 6.64 6.75 6.86 6.98 7.1 7.24 7.4 7.59 7.79 8.01 8.25 8.49 8.74 9 9.23 9.48 9.73 10 10.3 10.6 10.9 11.3 11.6 12 12.4 12.8 13.2 13.6 14.1 14.5 15 15.5 15.9 16.4 16.8 17.3 17.7 18.1 18.4 18.8 19.1
4.03 4.05 4.06 4.07 4.09 4.09 4.1 4.12 4.14 4.16 4.19 4.23 4.29 4.35 4.43 4.52 4.64 4.76 4.91 5.06 5.22 5.39 5.56 5.71 5.85 5.98 6.11 6.23 6.35 6.45 6.56 6.66 6.77 6.87 6.97 7.09 7.22 7.37 7.55 7.75 7.98 8.21 8.45 8.7 8.96 9.22 9.48 9.76 10 10.3 10.7 11 11.4 11.7 12.1 12.5 12.9 13.3 13.8 14.2 14.7 15.2 15.7 16.1 16.6 17.1 17.5 17.9 18.3 18.7 19 19.4
4.07 4.08 4.1 4.11 4.12 4.13 4.14 4.15 4.16 4.18 4.22 4.26 4.31 4.37 4.45 4.53 4.65 4.77 4.92 5.07 5.23 5.4 5.57 5.73 5.88 6.01 6.15 6.26 6.38 6.49 6.59 6.68 6.78 6.87 6.97 7.08 7.2 7.34 7.52 7.71 7.93 8.15 8.39 8.64 8.91 9.19 9.47 9.76 10.1 10.4 10.7 11.1 11.5 11.9 12.3 12.7 13.1 13.5 14 14.4 14.9 15.4 15.9 16.4 16.8 17.3 17.8 18.2 18.6 19 19.4 19.7
4.1 4.12 4.13 4.14 4.15 4.16 4.17 4.18 4.19 4.21 4.24 4.28 4.33 4.39 4.47 4.55 4.66 4.79 4.93 5.07 5.23 5.4 5.58 5.74 5.9 6.04 6.18 6.3 6.41 6.51 6.62 6.7 6.79 6.88 6.97 7.07 7.18 7.32 7.49 7.67 7.88 8.1 8.34 8.59 8.87 9.15 9.45 9.76 10.1 10.4 10.8 11.2 11.6 12 12.4 12.9 13.3 13.7 14.2 14.7 15.1 15.6 16.1 16.6 17.1 17.6 18 18.5 18.9 19.3 19.7 20.1
4.13 4.15 4.16 4.18 4.19 4.2 4.2 4.21 4.22 4.23 4.26 4.29 4.35 4.4 4.48 4.56 4.67 4.79 4.93 5.08 5.24 5.41 5.58 5.74 5.91 6.05 6.2 6.32 6.44 6.54 6.64 6.72 6.8 6.88 6.97 7.06 7.17 7.3 7.46 7.62 7.83 8.04 8.28 8.53 8.81 9.1 9.42 9.75 10.1 10.5 10.9 11.3 11.7 12.2 12.6 13.1 13.5 14 14.4 14.9 15.4 15.9 16.4 16.9 17.4 17.9 18.4 18.8 19.3 19.7 20.1 20.5
4.15 4.17 4.19 4.21 4.23 4.23 4.23 4.24 4.24 4.25 4.28 4.31 4.36 4.41 4.49 4.57 4.68 4.8 4.94 5.09 5.24 5.41 5.58 5.75 5.91 6.07 6.22 6.34 6.46 6.56 6.65 6.74 6.82 6.89 6.97 7.05 7.16 7.28 7.42 7.58 7.77 7.98 8.22 8.47 8.75 9.06 9.39 9.75 10.1 10.5 11 11.4 11.9 12.4 12.8 13.3 13.7 14.2 14.7 15.2 15.7 16.2 16.7 17.2 17.8 18.3 18.7 19.2 19.7 20.2 20.6 21
4.17 4.19 4.22 4.24 4.26 4.26 4.26 4.26 4.26 4.27 4.29 4.33 4.38 4.43 4.5 4.58 4.69 4.8 4.95 5.09 5.25 5.41 5.58 5.75 5.91 6.07 6.22 6.35 6.47 6.57 6.67 6.75 6.82 6.9 6.97 7.05 7.14 7.25 7.38 7.52 7.71 7.91 8.14 8.39 8.68 9 9.35 9.74 10.2 10.6 11 11.5 12 12.5 13 13.5 14 14.5 15 15.5 16 16.5 17.1 17.6 18.1 18.7 19.2 19.7 20.2 20.7 21.1 21.5
4.18 4.21 4.23 4.25 4.27 4.28 4.28 4.28 4.28 4.29 4.31 4.35 4.39 4.44 4.51 4.59 4.69 4.81 4.95 5.09 5.25 5.41 5.58 5.74 5.91 6.07 6.23 6.35 6.48 6.58 6.68 6.76 6.83 6.9 6.97 7.04 7.12 7.21 7.33 7.46 7.64 7.83 8.06 8.31 8.61 8.95 9.33 9.74 10.2 10.7 11.2 11.7 12.2 12.7 13.3 13.8 14.3 14.8 15.3 15.8 16.4 16.9 17.5 18 18.6 19.1 19.7 20.2 20.7 21.2 21.7 22.1
4.19 4.21 4.24 4.26 4.28 4.28 4.29 4.29 4.29 4.3 4.32 4.36 4.4 4.45 4.52 4.59 4.7 4.81 4.95 5.09 5.24 5.4 5.57 5.74 5.91 6.07 6.23 6.36 6.48 6.59 6.69 6.77 6.84 6.9 6.96 7.03 7.1 7.18 7.29 7.41 7.57 7.75 7.98 8.24 8.54 8.9 9.31 9.76 10.2 10.7 11.3 11.8 12.4 13 13.5 14.1 14.6 15.1 15.6 16.2 16.7 17.3 17.9 18.5 19 19.6 20.2 20.7 21.2 21.7 22.2 22.7
4.2 4.22 4.24 4.26 4.28 4.29 4.29 4.3 4.3 4.31 4.33 4.37 4.41 4.45 4.52 4.59 4.7 4.81 4.95 5.09 5.24 5.4 5.56 5.73 5.9 6.06 6.22 6.35 6.49 6.59 6.69 6.77 6.84 6.9 6.95 7.01 7.07 7.15 7.25 7.35 7.51 7.69 7.92 8.17 8.48 8.85 9.3 9.8 10.3 10.9 11.4 12 12.6 13.2 13.8 14.4 14.9 15.5 16 16.6 17.1 17.7 18.3 18.9 19.5 20.1 20.7 21.3 21.8 22.3 22.8 23.3
4.21 4.23 4.24 4.26 4.27 4.29 4.3 4.3 4.31 4.32 4.34 4.37 4.41 4.46 4.52 4.59 4.69 4.8 4.94 5.08 5.23 5.39 5.56 5.72 5.89 6.05 6.21 6.35 6.48 6.59 6.69 6.76 6.83 6.89 6.94 6.99 7.05 7.12 7.2 7.3 7.46 7.63 7.87 8.13 8.43 8.81 9.32 9.86 10.4 11 11.6 12.2 12.9 13.5 14.1 14.7 15.2 15.8 16.4 17 17.6 18.2 18.8 19.4 20.1 20.7 21.3 21.8 22.4 22.9 23.4 24
4.22 4.23 4.24 4.26 4.27 4.28 4.29 4.3 4.31 4.33 4.35 4.37 4.41 4.46 4.52 4.59 4.69 4.79 4.93 5.07 5.21 5.37 5.54 5.7 5.87 6.03 6.19 6.33 6.47 6.57 6.67 6.74 6.81 6.86 6.91 6.96 7.02 7.08 7.17 7.26 7.43 7.61 7.86 8.13 8.47 8.88 9.41 9.97 10.5 11.1 11.8 12.4 13.1 13.7 14.4 15 15.6 16.2 16.8 17.4 18 18.6 19.3 20 20.6 21.2 21.8 22.4 23 23.5 24.1 24.6
