maui/input/month_year_rainfall/maui_prcp_08_2002.asc
ncols        361
nrows        320
xllcorner    -156.738000000000
yllcorner    20.343000000000
cellsize     0.002250000000
NODATA_value -3.4028234663852885981e+38
[rows 128 to 159 of 320, columns 144 to 215 of 361]
0.0235 0.0236 0.0239 0.0244 0.0253 0.0266 0.0283 0.0305 0.0333 0.0371 0.0417 0.0471 0.0538 0.0616 0.0715 0.0829 0.0969 0.114 0.134 0.157 0.181 0.206 0.232 0.259 0.286 0.312 0.34 0.367 0.395 0.428 0.465 0.513 0.568 0.632 0.702 0.778 0.862 0.952 1.05 1.15 1.25 1.35 1.45 1.54 1.63 1.72 1.79 1.86 1.91 1.95 1.98 2.01 2.03 2.04 2.05 2.07 2.08 2.1 2.11 2.13 2.15 2.17 2.2 2.22 2.24 2.26 2.29 2.32 2.36 2.42 2.48 2.56
0.024 0.0241 0.0243 0.025 0.0258 0.0272 0.0289 0.0308 0.0336 0.0376 0.0424 0.0481 0.0551 0.0633 0.0739 0.086 0.101 0.119 0.14 0.163 0.188 0.214 0.241 0.269 0.297 0.326 0.356 0.385 0.417 0.454 0.496 0.546 0.603 0.669 0.743 0.823 0.912 1.01 1.11 1.21 1.31 1.41 1.5 1.58 1.66 1.73 1.79 1.84 1.88 1.91 1.94 1.96 1.97 1.99 2 2.02 2.03 2.05 2.07 2.08 2.1 2.12 2.14 2.16 2.18 2.2 2.23 2.26 2.3 2.34 2.4 2.46
0.0249 0.025 0.0252 0.0259 0.0268 0.0282 0.0298 0.0318 0.0346 0.0386 0.0436 0.0495 0.0568 0.0653 0.0765 0.0893 0.105 0.124 0.145 0.168 0.194 0.221 0.25 0.279 0.308 0.339 0.37 0.403 0.438 0.479 0.525 0.577 0.637 0.706 0.783 0.868 0.963 1.06 1.17 1.27 1.37 1.47 1.55 1.62 1.69 1.75 1.8 1.83 1.86 1.88 1.9 1.92 1.93 1.95 1.96 1.97 1.99 2 2.02 2.04 2.06 2.07 2.09 2.11 2.12 2.14 2.17 2.19 2.23 2.27 2.31 2.37
0.0261 0.0261 0.0264 0.0271 0.028 0.0294 0.0311 0.0331 0.0359 0.0399 0.045 0.0512 0.0588 0.0675 0.079 0.0924 0.109 0.128 0.15 0.174 0.2 0.228 0.257 0.287 0.318 0.35 0.383 0.418 0.457 0.502 0.551 0.606 0.669 0.74 0.821 0.91 1.01 1.12 1.23 1.33 1.43 1.52 1.6 1.66 1.72 1.76 1.79 1.82 1.83 1.85 1.86 1.88 1.89 1.9 1.92 1.93 1.94 1.96 1.98 1.99 2.01 2.02 2.04 2.05 2.07 2.08 2.11 2.13 2.16 2.19 2.23 2.27
0.0277 0.0278 0.028 0.0288 0.0297 0.0312 0.033 0.0351 0.0381 0.042 0.0472 0.0535 0.0612 0.0702 0.082 0.0958 0.113 0.132 0.154 0.179 0.205 0.233 0.264 0.295 0.327 0.36 0.395 0.434 0.476 0.524 0.577 0.634 0.699 0.774 0.858 0.951 1.06 1.17 1.28 1.39 1.5 1.58 1.65 1.7 1.74 1.77 1.8 1.81 1.82 1.83 1.84 1.85 1.86 1.88 1.89 1.9 1.91 1.93 1.94 1.95 1.97 1.98 1.99 2.01 2.02 2.04 2.06 2.08 2.1 2.13 2.16 2.2
0.0295 0.0296 0.0299 0.0307 0.0317 0.0332 0.0351 0.0374 0.0405 0.0445 0.0496 0.0559 0.0637 0.073 0.085 0.0989 0.116 0.136 0.158 0.183 0.21 0.238 0.269 0.301 0.334 0.368 0.406 0.447 0.493 0.544 0.599 0.659 0.726 0.803 0.89 0.987 1.1 1.21 1.33 1.45 1.56 1.64 1.7 1.74 1.76 1.78 1.79 1.8 1.8 1.81 1.82 1.83 1.84 1.85 1.85 1.87 1.88 1.89 1.9 1.92 1.93 1.94 1.95 1.97 1.98 1.99 2.01 2.03 2.05 2.08 2.1 2.13
0.0319 0.032 0.0324 0.0332 0.0343 0.0359 0.0379 0.0404 0.0436 0.0477 0.0529 0.0593 0.0672 0.0764 0.0886 0.103 0.12 0.14 0.163 0.188 0.215 0.244 0.275 0.308 0.342 0.379 0.418 0.463 0.511 0.565 0.623 0.685 0.753 0.833 0.924 1.03 1.14 1.26 1.39 1.51 1.63 1.71 1.75 1.78 1.79 1.79 1.8 1.8 1.8 1.81 1.81 1.82 1.83 1.84 1.84 1.85 1.87 1.88 1.89 1.9 1.91 1.93 1.94 1.95 1.96 1.97 1.99 2 2.02 2.04 2.06 2.08
0.0346 0.0347 0.0351 0.0359 0.0371 0.0388 0.0409 0.0435 0.0469 0.0512 0.0565 0.0629 0.0708 0.08 0.0923 0.107 0.124 0.144 0.167 0.192 0.219 0.249 0.28 0.313 0.348 0.387 0.43 0.477 0.528 0.584 0.644 0.706 0.777 0.858 0.951 1.06 1.17 1.29 1.42 1.55 1.68 1.76 1.79 1.79 1.79 1.79 1.79 1.79 1.79 1.8 1.8 1.81 1.82 1.82 1.83 1.84 1.85 1.86 1.88 1.89 1.9 1.91 1.92 1.93 1.94 1.95 1.96 1.98 2 2.01 2.02 2.04
0.0378 0.038 0.0385 0.0393 0.0406 0.0424 0.0446 0.0474 0.051 0.0555 0.061 0.0677 0.0759 0.0854 0.0979 0.112 0.13 0.15 0.172 0.198 0.225 0.255 0.287 0.322 0.358 0.4 0.445 0.493 0.545 0.603 0.665 0.73 0.803 0.888 0.982 1.09 1.2 1.32 1.44 1.57 1.69 1.76 1.79 1.8 1.8 1.8 1.8 1.8 1.8 1.8 1.81 1.81 1.82 1.83 1.83 1.84 1.85 1.86 1.87 1.88 1.89 1.9 1.91 1.92 1.93 1.94 1.95 1.96 1.97 1.99 2 2
0.0413 0.0416 0.0422 0.043 0.0444 0.0463 0.0487 0.0517 0.0555 0.0602 0.0659 0.0729 0.0814 0.0913 0.104 0.118 0.136 0.155 0.178 0.203 0.231 0.261 0.294 0.33 0.368 0.411 0.459 0.508 0.561 0.621 0.685 0.752 0.827 0.914 1.01 1.11 1.22 1.33 1.44 1.56 1.65 1.73 1.77 1.79 1.79 1.8 1.8 1.8 1.8 1.8 1.81 1.81 1.82 1.83 1.83 1.84 1.85 1.86 1.87 1.88 1.89 1.9 1.91 1.91 1.92 1.93 1.94 1.95 1.96 1.96 1.97 1.97
0.0453 0.0456 0.0463 0.0473 0.0488 0.0508 0.0534 0.0567 0.0607 0.0658 0.0719 0.0792 0.0881 0.0983 0.111 0.126 0.143 0.163 0.185 0.21 0.239 0.27 0.304 0.341 0.381 0.426 0.475 0.525 0.578 0.64 0.706 0.778 0.857 0.944 1.04 1.13 1.23 1.34 1.44 1.54 1.63 1.7 1.74 1.77 1.79 1.79 1.8 1.81 1.81 1.82 1.82 1.83 1.83 1.84 1.85 1.86 1.87 1.87 1.88 1.89 1.9 1.91 1.92 1.92 1.93 1.94 1.94 1.95 1.96 1.96 1.96 1.95
0.0496 0.05 0.0508 0.052 0.0536 0.0559 0.0587 0.0622 0.0666 0.072 0.0785 0.0863 0.0956 0.106 0.12 0.135 0.152 0.172 0.195 0.22 0.248 0.28 0.315 0.354 0.395 0.442 0.492 0.543 0.597 0.661 0.729 0.804 0.885 0.971 1.06 1.15 1.25 1.34 1.44 1.53 1.61 1.68 1.72 1.76 1.78 1.79 1.8 1.81 1.82 1.83 1.84 1.84 1.85 1.86 1.87 1.88 1.88 1.89 1.9 1.91 1.92 1.92 1.93 1.94 1.95 1.95 1.96 1.96 1.96 1.96 1.95 1.94
0.0544 0.0548 0.0557 0.0571 0.059 0.0616 0.0647 0.0685 0.0733 0.0791 0.0862 0.0944 0.104 0.116 0.13 0.145 0.164 0.184 0.207 0.233 0.262 0.294 0.33 0.369 0.413 0.461 0.513 0.566 0.622 0.687 0.756 0.833 0.914 0.997 1.08 1.17 1.26 1.35 1.44 1.53 1.6 1.66 1.71 1.74 1.77 1.79 1.81 1.82 1.83 1.85 1.86 1.87 1.88 1.88 1.89 1.9 1.91 1.92 1.93 1.94 1.95 1.96 1.96 1.97 1.98 1.98 1.98 1.98 1.98 1.97 1.96 1.95
0.0597 0.0602 0.0612 0.0629 0.065 0.0679 0.0714 0.0757 0.0809 0.0872 0.0949 0.104 0.115 0.127 0.141 0.158 0.177 0.198 0.222 0.249 0.278 0.311 0.348 0.389 0.434 0.483 0.537 0.592 0.65 0.716 0.786 0.863 0.942 1.02 1.1 1.19 1.27 1.36 1.44 1.52 1.59 1.65 1.7 1.74 1.77 1.79 1.81 1.83 1.85 1.86 1.88 1.89 1.9 1.91 1.92 1.94 1.95 1.96 1.96 1.97 1.98 1.99 2 2 2.01 2.01 2 2 1.99 1.98 1.97 1.95
0.0656 0.0661 0.0673 0.0691 0.0716 0.0748 0.0787 0.0835 0.0893 0.0963 0.105 0.114 0.126 0.139 0.155 0.172 0.192 0.214 0.239 0.267 0.297 0.33 0.368 0.41 0.458 0.508 0.563 0.62 0.681 0.748 0.818 0.893 0.969 1.05 1.12 1.2 1.29 1.37 1.45 1.52 1.59 1.64 1.69 1.73 1.77 1.8 1.82 1.85 1.87 1.88 1.9 1.92 1.93 1.94 1.96 1.97 1.98 1.99 2 2.01 2.02 2.03 2.03 2.04 2.04 2.03 2.03 2.02 2 1.98 1.96 1.94
0.0721 0.0728 0.0741 0.0762 0.079 0.0826 0.0871 0.0925 0.099 0.107 0.116 0.127 0.139 0.153 0.17 0.188 0.209 0.233 0.259 0.287 0.319 0.354 0.393 0.436 0.484 0.536 0.592 0.65 0.713 0.779 0.848 0.92 0.994 1.07 1.14 1.22 1.3 1.38 1.45 1.52 1.58 1.64 1.69 1.73 1.77 1.8 1.83 1.86 1.88 1.9 1.92 1.94 1.96 1.97 1.99 2 2.01 2.02 2.03 2.04 2.05 2.06 2.06 2.06 2.06 2.05 2.04 2.02 2 1.98 1.95 1.93
0.0793 0.0801 0.0815 0.0838 0.0869 0.091 0.096 0.102 0.109 0.118 0.128 0.14 0.153 0.169 0.186 0.206 0.228 0.252 0.279 0.309 0.342 0.379 0.419 0.464 0.512 0.565 0.621 0.68 0.743 0.808 0.876 0.945 1.02 1.09 1.16 1.23 1.31 1.38 1.46 1.52 1.58 1.63 1.68 1.73 1.77 1.8 1.84 1.87 1.89 1.92 1.94 1.96 1.98 2 2.01 2.03 2.04 2.05 2.06 2.07 2.08 2.09 2.09 2.09 2.08 2.06 2.04 2.02 1.99 1.96 1.93 1.9
0.0875 0.0884 0.09 0.0926 0.0961 0.101 0.106 0.113 0.121 0.131 0.142 0.155 0.17 0.186 0.205 0.226 0.25 0.276 0.304 0.335 0.369 0.407 0.45 0.495 0.544 0.596 0.652 0.711 0.773 0.837 0.903 0.968 1.03 1.1 1.17 1.24 1.31 1.39 1.45 1.52 1.57 1.62 1.68 1.72 1.76 1.8 1.84 1.87 1.9 1.93 1.95 1.98 2 2.02 2.03 2.05 2.06 2.07 2.09 2.1 2.1 2.11 2.11 2.1 2.08 2.06 2.03 2 1.97 1.93 1.9 1.86
0.0963 0.0974 0.0991 0.102 0.106 0.111 0.117 0.125 0.134 0.144 0.156 0.17 0.186 0.204 0.224 0.247 0.272 0.299 0.329 0.361 0.397 0.436 0.48 0.526 0.575 0.627 0.682 0.741 0.802 0.864 0.927 0.988 1.05 1.11 1.18 1.25 1.32 1.39 1.45 1.51 1.57 1.62 1.67 1.72 1.76 1.8 1.84 1.88 1.91 1.94 1.96 1.99 2.01 2.03 2.05 2.06 2.08 2.09 2.11 2.12 2.12 2.13 2.12 2.1 2.08 2.05 2.01 1.98 1.94 1.9 1.86 1.82
0.106 0.107 0.109 0.113 0.117 0.123 0.13 0.138 0.148 0.159 0.172 0.188 0.205 0.224 0.246 0.27 0.297 0.325 0.357 0.391 0.427 0.468 0.512 0.559 0.608 0.66 0.714 0.771 0.829 0.889 0.949 1.01 1.06 1.12 1.18 1.25 1.32 1.39 1.45 1.51 1.56 1.61 1.66 1.71 1.76 1.8 1.84 1.88 1.91 1.94 1.97 2 2.02 2.04 2.06 2.08 2.09 2.11 2.12 2.13 2.13 2.13 2.11 2.09 2.06 2.02 1.98 1.94 1.9 1.86 1.81 1.77
0.117 0.118 0.12 0.124 0.128 0.135 0.142 0.151 0.161 0.174 0.188 0.205 0.224 0.244 0.268 0.293 0.321 0.352 0.384 0.419 0.457 0.499 0.544 0.591 0.64 0.691 0.744 0.799 0.855 0.912 0.969 1.02 1.08 1.13 1.19 1.25 1.32 1.39 1.45 1.5 1.55 1.6 1.65 1.7 1.75 1.79 1.83 1.87 1.91 1.94 1.97 2 2.02 2.05 2.06 2.08 2.1 2.11 2.12 2.13 2.13 2.12 2.1 2.07 2.03 2 1.95 1.91 1.86 1.81 1.76 1.72
0.128 0.129 0.132 0.136 0.141 0.147 0.155 0.165 0.176 0.19 0.205 0.223 0.243 0.265 0.29 0.317 0.346 0.378 0.412 0.448 0.487 0.528 0.573 0.62 0.668 0.718 0.77 0.824 0.879 0.934 0.989 1.04 1.09 1.15 1.2 1.27 1.33 1.39 1.44 1.49 1.55 1.6 1.65 1.7 1.74 1.79 1.83 1.87 1.9 1.94 1.97 1.99 2.02 2.04 2.06 2.08 2.1 2.11 2.12 2.12 2.11 2.1 2.07 2.04 2 1.96 1.91 1.86 1.81 1.75 1.7 1.65
0.139 0.141 0.144 0.148 0.153 0.16 0.169 0.179 0.191 0.205 0.222 0.241 0.262 0.286 0.312 0.341 0.371 0.404 0.438 0.476 0.515 0.557 0.601 0.648 0.695 0.744 0.794 0.847 0.901 0.954 1.01 1.06 1.11 1.16 1.22 1.28 1.33 1.39 1.44 1.49 1.54 1.59 1.64 1.69 1.73 1.78 1.82 1.86 1.89 1.93 1.96 1.99 2.01 2.03 2.05 2.07 2.09 2.1 2.11 2.1 2.09 2.07 2.04 2 1.96 1.91 1.86 1.81 1.75 1.69 1.64 1.59
0.152 0.154 0.157 0.161 0.167 0.174 0.183 0.193 0.206 0.221 0.239 0.259 0.281 0.306 0.333 0.363 0.395 0.429 0.464 0.502 0.542 0.584 0.628 0.673 0.72 0.768 0.817 0.867 0.919 0.97 1.02 1.07 1.12 1.17 1.23 1.28 1.33 1.38 1.43 1.48 1.53 1.58 1.63 1.68 1.72 1.77 1.81 1.85 1.88 1.92 1.95 1.97 2 2.02 2.04 2.05 2.07 2.08 2.08 2.07 2.05 2.03 1.99 1.96 1.91 1.86 1.81 1.75 1.69 1.63 1.57 1.52
0.165 0.168 0.171 0.175 0.18 0.188 0.197 0.208 0.221 0.237 0.255 0.276 0.299 0.326 0.354 0.384 0.417 0.453 0.489 0.527 0.567 0.609 0.653 0.698 0.744 0.79 0.837 0.886 0.936 0.985 1.04 1.08 1.13 1.18 1.23 1.29 1.33 1.38 1.43 1.48 1.53 1.58 1.62 1.67 1.71 1.76 1.8 1.84 1.87 1.9 1.93 1.96 1.98 2 2.01 2.03 2.04 2.04 2.04 2.03 2.01 1.98 1.94 1.91 1.86 1.81 1.75 1.69 1.62 1.56 1.51 1.45
0.178 0.181 0.184 0.189 0.194 0.202 0.211 0.222 0.236 0.252 0.27 0.292 0.316 0.343 0.373 0.405 0.439 0.475 0.512 0.551 0.592 0.633 0.676 0.72 0.766 0.81 0.856 0.902 0.95 0.998 1.05 1.09 1.14 1.19 1.24 1.29 1.33 1.38 1.43 1.47 1.52 1.57 1.62 1.66 1.7 1.74 1.78 1.82 1.85 1.88 1.91 1.93 1.95 1.97 1.98 1.99 1.99 2 1.99 1.98 1.96 1.93 1.89 1.85 1.8 1.75 1.69 1.62 1.56 1.49 1.44 1.39
0.191 0.195 0.198 0.203 0.208 0.216 0.225 0.236 0.25 0.266 0.285 0.307 0.332 0.36 0.391 0.424 0.459 0.496 0.534 0.573 0.613 0.654 0.697 0.74 0.785 0.828 0.872 0.917 0.962 1.01 1.06 1.1 1.15 1.2 1.24 1.29 1.33 1.38 1.42 1.47 1.51 1.56 1.61 1.65 1.69 1.73 1.77 1.8 1.83 1.86 1.88 1.9 1.91 1.92 1.93 1.94 1.94 1.94 1.94 1.92 1.9 1.87 1.83 1.78 1.73 1.68 1.62 1.56 1.49 1.43 1.38 1.33
0.204 0.209 0.213 0.217 0.223 0.23 0.239 0.25 0.264 0.28 0.299 0.322 0.348 0.377 0.408 0.443 0.478 0.516 0.553 0.593 0.632 0.673 0.715 0.758 0.801 0.844 0.887 0.93 0.973 1.02 1.06 1.11 1.15 1.2 1.24 1.29 1.33 1.37 1.42 1.46 1.51 1.55 1.59 1.64 1.67 1.71 1.74 1.77 1.8 1.82 1.84 1.85 1.86 1.87 1.88 1.88 1.89 1.89 1.88 1.86 1.83 1.8 1.76 1.72 1.67 1.61 1.56 1.5 1.43 1.38 1.33 1.28
0.217 0.222 0.227 0.232 0.237 0.244 0.253 0.263 0.277 0.293 0.312 0.335 0.361 0.391 0.424 0.459 0.495 0.533 0.57 0.61 0.649 0.689 0.73 0.772 0.814 0.857 0.899 0.94 0.982 1.02 1.07 1.11 1.16 1.2 1.24 1.28 1.33 1.37 1.41 1.45 1.5 1.54 1.58 1.62 1.65 1.68 1.71 1.74 1.76 1.78 1.79 1.8 1.81 1.81 1.82 1.82 1.82 1.82 1.81 1.79 1.76 1.72 1.69 1.64 1.6 1.55 1.49 1.44 1.38 1.33 1.29 1.25
0.23 0.235 0.24 0.246 0.251 0.258 0.267 0.277 0.29 0.305 0.324 0.347 0.374 0.405 0.438 0.474 0.51 0.549 0.586 0.625 0.664 0.703 0.743 0.784 0.826 0.867 0.909 0.949 0.989 1.03 1.07 1.11 1.16 1.2 1.24 1.28 1.32 1.36 1.41 1.45 1.49 1.53 1.56 1.6 1.63 1.66 1.68 1.7 1.72 1.73 1.74 1.74 1.75 1.75 1.75 1.75 1.75 1.74 1.73 1.71 1.68 1.65 1.61 1.57 1.53 1.48 1.43 1.38 1.33 1.28 1.25 1.21
0.242 0.248 0.254 0.26 0.266 0.272 0.28 0.29 0.302 0.317 0.335 0.358 0.385 0.417 0.451 0.487 0.524 0.563 0.601 0.639 0.678 0.716 0.756 0.796 0.837 0.877 0.917 0.956 0.994 1.03 1.07 1.11 1.16 1.2 1.24 1.28 1.32 1.36 1.4 1.44 1.47 1.51 1.54 1.57 1.59 1.61 1.63 1.65 1.66 1.67 1.68 1.68 1.68 1.68 1.68 1.68 1.67 1.66 1.65 1.63 1.6 1.57 1.54 1.5 1.46 1.42 1.37 1.33 1.29 1.25 1.21 1.18
0.254 0.261 0.267 0.274 0.28 0.287 0.295 0.304 0.315 0.329 0.346 0.368 0.397 0.43 0.464 0.501 0.538 0.577 0.615 0.653 0.691 0.73 0.768 0.807 0.848 0.887 0.925 0.962 0.999 1.04 1.07 1.11 1.16 1.2 1.24 1.28 1.32 1.36 1.39 1.43 1.46 1.49 1.51 1.53 1.55 1.57 1.58 1.6 1.61 1.61 1.62 1.62 1.62 1.61 1.61 1.6 1.6 1.59 1.57 1.55 1.53 1.5 1.46 1.43 1.39 1.35 1.31 1.28 1.24 1.21 1.18 1.16
