maui/input/month_year_rainfall/maui_prcp_07_2002.asc
ncols        361
nrows        320
xllcorner    -156.738000000000
yllcorner    20.343000000000
cellsize     0.002250000000
NODATA_value -3.4028234663852885981e+38
[rows 64 to 95 of 320, columns 142 to 212 of 361]
-3.4e+38 -3.4e+38 -3.4e+38 -3.4e+38 -3.4e+38 -3.4e+38 -3.4e+38 -3.4e+38 -3.4e+38 -3.4e+38 -3.4e+38 -3.4e+38 -3.4e+38 1.56 1.62 1.69 1.76 1.83 1.91 1.99 2.07 2.15 2.23 2.32 2.4 2.5 2.59 2.68 2.76 2.85 2.93 3 3.06 3.12 3.16 3.22 3.3 3.39 3.48 3.57 3.67 3.76 3.84 3.92 4 4.07 4.14 4.19 4.25 4.33 4.48 4.65 4.83 5.01 5.19 5.35 5.52 5.67 5.82 5.95 6.09 6.23 6.36 6.5 6.65 6.79 6.93 7.06 7.2 7.34 7.49
-3.4e+38 -3.4e+38 -3.4e+38 -3.4e+38 -3.4e+38 -3.4e+38 -3.4e+38 1.23 -3.4e+38 -3.4e+38 1.35 1.4 1.45 1.51 1.57 1.64 1.71 1.79 1.87 1.95 2.04 2.12 2.21 2.3 2.4 2.5 2.59 2.69 2.78 2.87 2.96 3.05 3.12 3.17 3.21 3.26 3.32 3.39 3.47 3.56 3.64 3.73 3.82 3.9 3.99 4.07 4.16 4.24 4.33 4.44 4.58 4.75 4.94 5.12 5.3 5.47 5.64 5.8 5.96 6.1 6.25 6.39 6.54 6.69 6.84 7 7.15 7.29 7.44 7.59 7.74
-3.4e+38 -3.4e+38 -3.4e+38 -3.4e+38 -3.4e+38 1.12 1.15 1.18 1.22 1.25 1.3 1.34 1.4 1.45 1.52 1.59 1.66 1.74 1.83 1.92 2.01 2.1 2.2 2.3 2.4 2.5 2.59 2.69 2.78 2.88 2.98 3.07 3.16 3.19 3.22 3.26 3.32 3.38 3.46 3.53 3.61 3.7 3.79 3.87 3.97 4.07 4.17 4.28 4.4 4.53 4.68 4.85 5.04 5.22 5.41 5.59 5.76 5.93 6.09 6.24 6.39 6.55 6.7 6.86 7.02 7.19 7.35 7.51 7.67 7.83 7.99
-3.4e+38 -3.4e+38 -3.4e+38 1.02 1.05 1.08 1.11 1.14 1.17 1.21 1.25 1.29 1.34 1.4 1.47 1.54 1.62 1.7 1.8 1.89 2 2.09 2.19 2.29 2.39 2.5 2.59 2.69 2.78 2.87 2.96 3.05 3.12 3.16 3.19 3.24 3.29 3.35 3.42 3.49 3.57 3.65 3.74 3.83 3.93 4.05 4.17 4.3 4.44 4.59 4.75 4.93 5.12 5.31 5.5 5.69 5.87 6.04 6.21 6.37 6.52 6.68 6.85 7.02 7.19 7.36 7.54 7.71 7.88 8.05 8.22
0.913 0.935 0.959 0.983 1.01 1.04 1.06 1.09 1.12 1.16 1.2 1.24 1.29 1.35 1.41 1.49 1.57 1.66 1.77 1.87 1.98 2.08 2.18 2.29 2.39 2.49 2.59 2.68 2.77 2.85 2.93 3 3.06 3.1 3.14 3.18 3.24 3.3 3.37 3.44 3.52 3.6 3.69 3.78 3.9 4.03 4.17 4.32 4.48 4.64 4.82 5 5.2 5.39 5.59 5.78 5.97 6.15 6.32 6.48 6.65 6.82 6.98 7.16 7.34 7.52 7.7 7.89 8.07 8.25 8.43
0.888 0.907 0.927 0.949 0.972 0.996 1.02 1.05 1.08 1.11 1.14 1.19 1.24 1.29 1.36 1.44 1.53 1.62 1.74 1.86 1.97 2.07 2.18 2.28 2.39 2.49 2.58 2.67 2.75 2.82 2.88 2.94 2.98 3.02 3.06 3.1 3.16 3.23 3.3 3.38 3.46 3.54 3.63 3.72 3.85 4 4.15 4.31 4.49 4.67 4.86 5.05 5.25 5.46 5.66 5.86 6.05 6.24 6.42 6.59 6.76 6.94 7.11 7.29 7.47 7.66 7.85 8.05 8.24 8.44 8.63
0.864 0.88 0.897 0.915 0.935 0.956 0.977 1 1.03 1.06 1.09 1.13 1.18 1.24 1.31 1.39 1.48 1.58 1.7 1.83 1.95 2.05 2.16 2.27 2.38 2.48 2.57 2.66 2.73 2.79 2.84 2.88 2.91 2.93 2.96 3.01 3.07 3.15 3.23 3.31 3.4 3.49 3.59 3.69 3.83 3.98 4.14 4.31 4.5 4.69 4.89 5.09 5.31 5.52 5.73 5.93 6.14 6.33 6.52 6.7 6.88 7.06 7.24 7.42 7.61 7.79 8 8.2 8.41 8.62 8.82
0.84 0.853 0.867 0.883 0.9 0.918 0.938 0.96 0.983 1.01 1.04 1.08 1.13 1.19 1.26 1.34 1.43 1.53 1.65 1.77 1.9 2.01 2.13 2.25 2.36 2.46 2.56 2.63 2.69 2.75 2.79 2.81 2.82 2.83 2.85 2.89 2.96 3.05 3.14 3.23 3.33 3.43 3.53 3.65 3.79 3.94 4.1 4.28 4.48 4.68 4.89 5.1 5.32 5.54 5.76 5.97 6.18 6.38 6.58 6.78 6.97 7.16 7.34 7.53 7.72 7.92 8.13 8.34 8.57 8.79 9
0.818 0.827 0.838 0.851 0.866 0.882 0.9 0.92 0.941 0.966 0.995 1.03 1.08 1.14 1.21 1.29 1.38 1.48 1.6 1.71 1.84 1.97 2.1 2.22 2.34 2.45 2.54 2.61 2.66 2.71 2.74 2.74 2.74 2.73 2.73 2.78 2.86 2.96 3.06 3.16 3.27 3.37 3.49 3.61 3.75 3.9 4.07 4.25 4.46 4.67 4.88 5.11 5.34 5.57 5.79 6.01 6.23 6.44 6.65 6.85 7.05 7.25 7.44 7.64 7.84 8.04 8.26 8.49 8.72 8.95 9.18
0.793 0.8 0.81 0.821 0.834 0.85 0.866 0.885 0.905 0.928 0.954 0.991 1.04 1.1 1.16 1.24 1.33 1.42 1.54 1.66 1.79 1.92 2.06 2.19 2.32 2.42 2.51 2.58 2.63 2.66 2.68 2.68 2.66 2.63 2.6 2.66 2.77 2.88 2.98 3.09 3.2 3.31 3.43 3.55 3.7 3.85 4.02 4.21 4.41 4.63 4.85 5.08 5.32 5.56 5.8 6.02 6.24 6.46 6.67 6.88 7.09 7.3 7.5 7.71 7.92 8.13 8.36 8.6 8.85 9.1 9.34
0.771 0.778 0.786 0.794 0.805 0.82 0.835 0.852 0.871 0.894 0.921 0.956 1 1.05 1.12 1.19 1.28 1.37 1.49 1.6 1.74 1.88 2.02 2.16 2.29 2.4 2.48 2.54 2.59 2.62 2.64 2.63 2.61 2.58 2.56 2.62 2.71 2.82 2.92 3.03 3.14 3.25 3.37 3.5 3.65 3.8 3.97 4.16 4.37 4.59 4.82 5.06 5.3 5.55 5.8 6.03 6.26 6.48 6.7 6.92 7.13 7.35 7.56 7.78 8 8.22 8.46 8.72 8.97 9.24 9.49
0.751 0.758 0.765 0.772 0.781 0.794 0.807 0.823 0.841 0.863 0.889 0.922 0.964 1.01 1.08 1.14 1.23 1.32 1.43 1.55 1.69 1.83 1.98 2.13 2.26 2.36 2.44 2.5 2.55 2.58 2.59 2.59 2.58 2.57 2.57 2.61 2.68 2.77 2.87 2.97 3.08 3.2 3.32 3.45 3.59 3.75 3.92 4.1 4.31 4.53 4.77 5.01 5.27 5.53 5.79 6.04 6.27 6.5 6.72 6.94 7.16 7.38 7.61 7.84 8.07 8.3 8.55 8.81 9.08 9.36 9.63
0.732 0.738 0.745 0.752 0.76 0.77 0.782 0.796 0.812 0.833 0.858 0.889 0.928 0.975 1.03 1.1 1.18 1.27 1.38 1.5 1.63 1.77 1.93 2.08 2.22 2.31 2.39 2.45 2.5 2.53 2.55 2.56 2.55 2.56 2.57 2.61 2.67 2.74 2.83 2.93 3.04 3.15 3.28 3.4 3.54 3.69 3.86 4.04 4.25 4.47 4.71 4.97 5.23 5.5 5.77 6.03 6.28 6.51 6.73 6.95 7.18 7.41 7.65 7.89 8.13 8.38 8.64 8.91 9.18 9.47 9.75
0.712 0.719 0.726 0.732 0.739 0.748 0.758 0.771 0.786 0.805 0.828 0.857 0.894 0.937 0.993 1.06 1.14 1.22 1.33 1.44 1.58 1.72 1.86 2.01 2.14 2.25 2.33 2.4 2.45 2.48 2.51 2.52 2.53 2.54 2.56 2.6 2.65 2.72 2.8 2.89 3 3.11 3.23 3.35 3.48 3.63 3.79 3.97 4.18 4.4 4.64 4.9 5.18 5.46 5.75 6.02 6.27 6.5 6.72 6.95 7.19 7.43 7.68 7.93 8.19 8.45 8.71 8.99 9.28 9.57 9.87
0.693 0.7 0.707 0.713 0.72 0.728 0.736 0.748 0.761 0.778 0.799 0.826 0.86 0.901 0.954 1.01 1.09 1.17 1.28 1.39 1.52 1.66 1.8 1.94 2.07 2.18 2.27 2.34 2.39 2.43 2.46 2.48 2.5 2.52 2.54 2.58 2.63 2.69 2.77 2.86 2.96 3.07 3.19 3.3 3.43 3.56 3.72 3.9 4.1 4.32 4.56 4.82 5.11 5.41 5.71 6 6.24 6.47 6.7 6.93 7.18 7.43 7.69 7.96 8.23 8.5 8.78 9.06 9.36 9.66 9.97
0.675 0.682 0.689 0.695 0.701 0.708 0.716 0.726 0.738 0.754 0.772 0.796 0.827 0.865 0.915 0.972 1.05 1.13 1.23 1.34 1.46 1.6 1.74 1.87 2 2.11 2.2 2.27 2.33 2.38 2.42 2.44 2.46 2.49 2.51 2.55 2.59 2.65 2.73 2.82 2.93 3.03 3.14 3.24 3.36 3.49 3.64 3.81 4.01 4.23 4.47 4.73 5.02 5.32 5.63 5.93 6.18 6.41 6.65 6.89 7.15 7.41 7.69 7.97 8.26 8.55 8.83 9.13 9.43 9.74 10.1
0.657 0.664 0.671 0.677 0.683 0.69 0.696 0.706 0.716 0.731 0.747 0.768 0.796 0.831 0.879 0.934 1.01 1.09 1.18 1.28 1.41 1.54 1.68 1.81 1.94 2.04 2.14 2.21 2.27 2.32 2.36 2.39 2.42 2.45 2.48 2.51 2.55 2.61 2.69 2.78 2.88 2.99 3.08 3.18 3.28 3.4 3.54 3.71 3.9 4.12 4.36 4.62 4.9 5.2 5.5 5.8 6.06 6.32 6.57 6.83 7.1 7.38 7.67 7.96 8.26 8.56 8.87 9.17 9.48 9.81 10.1
0.638 0.646 0.654 0.66 0.666 0.672 0.679 0.687 0.697 0.71 0.725 0.743 0.767 0.798 0.845 0.9 0.974 1.05 1.15 1.24 1.37 1.5 1.63 1.76 1.88 1.98 2.08 2.15 2.21 2.26 2.31 2.34 2.38 2.4 2.43 2.46 2.5 2.56 2.63 2.72 2.82 2.92 3.01 3.09 3.19 3.3 3.44 3.6 3.78 4 4.24 4.5 4.78 5.07 5.36 5.65 5.93 6.2 6.47 6.75 7.03 7.32 7.63 7.93 8.25 8.57 8.88 9.2 9.53 9.87 10.2
0.62 0.628 0.637 0.643 0.65 0.657 0.663 0.671 0.68 0.692 0.705 0.721 0.742 0.768 0.813 0.87 0.946 1.02 1.12 1.22 1.34 1.46 1.59 1.71 1.82 1.93 2.01 2.08 2.15 2.2 2.25 2.28 2.32 2.35 2.37 2.4 2.44 2.49 2.56 2.64 2.73 2.82 2.91 2.99 3.09 3.19 3.31 3.47 3.66 3.87 4.1 4.36 4.63 4.92 5.21 5.5 5.78 6.07 6.36 6.65 6.94 7.25 7.56 7.88 8.21 8.55 8.88 9.22 9.56 9.92 10.3
0.602 0.611 0.62 0.627 0.634 0.642 0.648 0.656 0.665 0.677 0.69 0.704 0.723 0.744 0.789 0.849 0.926 1 1.1 1.2 1.31 1.43 1.55 1.67 1.78 1.87 1.95 2.02 2.08 2.13 2.18 2.22 2.25 2.28 2.3 2.33 2.37 2.42 2.48 2.55 2.63 2.71 2.8 2.88 2.97 3.07 3.18 3.34 3.53 3.74 3.97 4.22 4.49 4.77 5.05 5.35 5.63 5.93 6.23 6.53 6.84 7.15 7.48 7.82 8.17 8.52 8.88 9.24 9.6 9.97 10.4
0.585 0.595 0.604 0.612 0.619 0.627 0.634 0.643 0.652 0.665 0.678 0.693 0.713 0.738 0.782 0.838 0.913 0.989 1.08 1.18 1.29 1.4 1.52 1.63 1.73 1.82 1.9 1.96 2.02 2.06 2.11 2.14 2.17 2.19 2.22 2.25 2.29 2.34 2.4 2.46 2.53 2.6 2.69 2.77 2.86 2.95 3.06 3.21 3.4 3.6 3.83 4.07 4.34 4.62 4.9 5.19 5.48 5.78 6.09 6.4 6.72 7.05 7.39 7.75 8.12 8.5 8.88 9.26 9.65 10 10.5
0.568 0.579 0.589 0.597 0.605 0.613 0.621 0.631 0.641 0.654 0.669 0.685 0.708 0.737 0.781 0.833 0.905 0.979 1.07 1.17 1.27 1.38 1.49 1.59 1.68 1.76 1.84 1.9 1.95 1.99 2.03 2.06 2.08 2.1 2.13 2.16 2.2 2.25 2.31 2.36 2.43 2.49 2.57 2.65 2.74 2.84 2.95 3.1 3.27 3.47 3.69 3.93 4.19 4.46 4.74 5.03 5.33 5.64 5.95 6.27 6.6 6.94 7.3 7.68 8.07 8.47 8.88 9.29 9.7 10.1 10.5
0.552 0.563 0.574 0.583 0.591 0.601 0.61 0.621 0.632 0.646 0.662 0.68 0.705 0.736 0.78 0.83 0.899 0.971 1.06 1.15 1.26 1.36 1.47 1.56 1.64 1.72 1.78 1.84 1.89 1.92 1.96 1.98 1.99 2.01 2.03 2.06 2.11 2.16 2.22 2.27 2.32 2.38 2.46 2.53 2.63 2.73 2.84 2.98 3.15 3.34 3.55 3.79 4.04 4.31 4.59 4.89 5.19 5.5 5.82 6.16 6.5 6.85 7.23 7.62 8.03 8.46 8.89 9.33 9.77 10.2 10.7
0.536 0.548 0.559 0.569 0.578 0.589 0.599 0.611 0.623 0.639 0.656 0.675 0.702 0.734 0.778 0.828 0.895 0.964 1.05 1.14 1.24 1.34 1.44 1.53 1.61 1.67 1.73 1.78 1.82 1.85 1.88 1.89 1.9 1.91 1.93 1.96 2 2.06 2.12 2.16 2.21 2.26 2.34 2.41 2.51 2.61 2.73 2.86 3.03 3.21 3.42 3.65 3.9 4.17 4.45 4.75 5.05 5.37 5.69 6.04 6.39 6.76 7.15 7.56 7.99 8.43 8.89 9.36 9.83 10.3 10.8
0.521 0.532 0.544 0.555 0.566 0.577 0.589 0.602 0.615 0.632 0.65 0.671 0.698 0.731 0.775 0.824 0.89 0.957 1.04 1.12 1.22 1.32 1.41 1.5 1.57 1.63 1.69 1.73 1.76 1.78 1.8 1.8 1.8 1.81 1.82 1.84 1.88 1.93 1.99 2.03 2.08 2.14 2.21 2.29 2.38 2.49 2.61 2.74 2.9 3.09 3.29 3.52 3.77 4.05 4.32 4.62 4.92 5.25 5.58 5.93 6.29 6.68 7.08 7.51 7.96 8.42 8.91 9.4 9.89 10.4 10.9
0.504 0.516 0.529 0.541 0.553 0.566 0.579 0.593 0.607 0.624 0.643 0.665 0.694 0.727 0.771 0.819 0.884 0.949 1.03 1.11 1.2 1.29 1.38 1.46 1.53 1.59 1.64 1.67 1.7 1.71 1.72 1.71 1.7 1.7 1.7 1.72 1.75 1.79 1.84 1.89 1.95 2.01 2.08 2.16 2.26 2.36 2.48 2.62 2.78 2.96 3.17 3.41 3.66 3.93 4.21 4.51 4.81 5.13 5.47 5.82 6.2 6.6 7.02 7.46 7.92 8.41 8.92 9.44 9.96 10.5 11
0.488 0.5 0.513 0.526 0.539 0.555 0.569 0.584 0.598 0.617 0.636 0.659 0.688 0.721 0.766 0.813 0.877 0.94 1.02 1.09 1.18 1.27 1.35 1.43 1.49 1.55 1.59 1.62 1.64 1.64 1.64 1.62 1.6 1.58 1.58 1.59 1.61 1.65 1.7 1.75 1.81 1.87 1.95 2.03 2.13 2.23 2.35 2.49 2.65 2.84 3.06 3.3 3.56 3.83 4.1 4.41 4.71 5.03 5.37 5.73 6.11 6.53 6.96 7.42 7.9 8.41 8.94 9.49 10 10.6 11.2
0.47 0.482 0.496 0.51 0.524 0.541 0.557 0.573 0.588 0.608 0.628 0.651 0.681 0.714 0.758 0.805 0.867 0.929 1 1.08 1.16 1.24 1.32 1.39 1.46 1.51 1.55 1.57 1.58 1.58 1.57 1.54 1.5 1.47 1.45 1.45 1.47 1.51 1.56 1.61 1.67 1.74 1.82 1.9 2 2.1 2.22 2.36 2.53 2.72 2.95 3.21 3.47 3.75 4.01 4.31 4.61 4.93 5.27 5.64 6.04 6.47 6.92 7.39 7.89 8.42 8.97 9.54 10.1 10.7 11.3
0.451 0.464 0.478 0.493 0.508 0.525 0.542 0.56 0.578 0.598 0.619 0.643 0.672 0.706 0.749 0.795 0.856 0.916 0.988 1.06 1.14 1.22 1.29 1.36 1.42 1.46 1.5 1.52 1.53 1.52 1.5 1.46 1.41 1.36 1.32 1.31 1.34 1.37 1.42 1.48 1.54 1.61 1.69 1.77 1.87 1.97 2.08 2.22 2.4 2.6 2.85 3.12 3.41 3.66 3.91 4.2 4.51 4.83 5.17 5.55 5.96 6.4 6.87 7.36 7.88 8.42 8.99 9.59 10.2 10.8 11.4
0.432 0.444 0.459 0.474 0.491 0.509 0.527 0.547 0.566 0.588 0.61 0.634 0.663 0.695 0.738 0.783 0.843 0.903 0.973 1.04 1.12 1.19 1.26 1.32 1.38 1.42 1.45 1.47 1.48 1.47 1.44 1.39 1.32 1.25 1.19 1.18 1.21 1.25 1.3 1.36 1.42 1.49 1.57 1.65 1.74 1.84 1.95 2.09 2.27 2.49 2.73 3.02 3.3 3.55 3.79 4.08 4.39 4.72 5.08 5.47 5.89 6.35 6.83 7.34 7.87 8.43 9.01 9.62 10.2 10.9 11.5
0.411 0.424 0.439 0.455 0.473 0.493 0.513 0.534 0.555 0.577 0.599 0.623 0.651 0.683 0.725 0.769 0.829 0.887 0.956 1.02 1.09 1.16 1.23 1.28 1.34 1.38 1.41 1.43 1.44 1.43 1.4 1.33 1.25 1.15 1.06 1.07 1.11 1.15 1.2 1.25 1.32 1.38 1.46 1.54 1.63 1.72 1.82 1.96 2.16 2.37 2.61 2.87 3.13 3.39 3.65 3.94 4.25 4.6 4.97 5.38 5.81 6.28 6.77 7.29 7.84 8.41 9.01 9.63 10.3 10.9 11.6
0.39 0.402 0.418 0.436 0.456 0.478 0.5 0.523 0.544 0.567 0.589 0.612 0.639 0.669 0.709 0.753 0.811 0.87 0.938 0.997 1.06 1.13 1.19 1.24 1.29 1.33 1.36 1.38 1.39 1.39 1.36 1.29 1.2 1.11 1.02 1.01 1.04 1.08 1.12 1.16 1.22 1.28 1.36 1.43 1.52 1.62 1.73 1.87 2.07 2.28 2.49 2.72 2.96 3.22 3.47 3.78 4.11 4.47 4.86 5.28 5.73 6.2 6.7 7.23 7.78 8.37 8.98 9.62 10.3 10.9 11.6
