maui/input/month_year_rainfall/maui_prcp_12_2002.asc
ncols        361
nrows        320
xllcorner    -156.738000000000
yllcorner    20.343000000000
cellsize     0.002250000000
NODATA_value -3.4028234663852885981e+38
[rows 62 to 92 of 320, columns 0 to 70 of 361]
-3.4e+38 -3.4e+38 -3.4e+38 -3.4e+38 -3.4e+38 -3.4e+38 -3.4e+38 -3.4e+38 -3.4e+38 -3.4e+38 -3.4e+38 -3.4e+38 -3.4e+38 -3.4e+38 -3.4e+38 -3.4e+38 -3.4e+38 -3.4e+38 1.33 1.35 1.37 1.4 1.43 1.46 1.49 1.52 1.55 1.59 1.64 1.7 1.77 1.85 1.95 2.06 2.19 2.34 2.52 2.72 2.94 3.19 3.47 3.76 4.05 4.34 4.63 4.91 5.2 5.48 5.79 6.15 6.53 6.93 7.34 7.76 8.18 8.61 9.04 9.45 9.86 10.2 10.6 10.9 11.1 11.3 11.5 11.6 11.7 11.7 11.7 11.6 11.5
-3.4e+38 -3.4e+38 -3.4e+38 -3.4e+38 -3.4e+38 -3.4e+38 -3.4e+38 -3.4e+38 -3.4e+38 -3.4e+38 -3.4e+38 -3.4e+38 -3.4e+38 -3.4e+38 -3.4e+38 -3.4e+38 -3.4e+38 1.32 1.34 1.36 1.39 1.41 1.44 1.47 1.5 1.54 1.56 1.6 1.65 1.71 1.78 1.86 1.95 2.06 2.19 2.34 2.52 2.72 2.95 3.21 3.49 3.78 4.08 4.38 4.67 4.96 5.25 5.54 5.84 6.23 6.64 7.06 7.48 7.92 8.36 8.81 9.26 9.69 10.1 10.5 10.9 11.2 11.4 11.6 11.8 11.9 12 12.1 12 12 11.8
-3.4e+38 -3.4e+38 -3.4e+38 -3.4e+38 -3.4e+38 -3.4e+38 -3.4e+38 -3.4e+38 -3.4e+38 -3.4e+38 -3.4e+38 -3.4e+38 -3.4e+38 -3.4e+38 -3.4e+38 -3.4e+38 -3.4e+38 1.33 1.35 1.38 1.4 1.43 1.45 1.48 1.51 1.55 1.58 1.62 1.66 1.72 1.78 1.86 1.95 2.05 2.18 2.33 2.51 2.72 2.95 3.21 3.5 3.79 4.1 4.4 4.71 5 5.31 5.61 5.95 6.33 6.75 7.18 7.62 8.08 8.54 9.01 9.47 9.92 10.4 10.8 11.1 11.4 11.7 11.9 12.1 12.3 12.4 12.4 12.4 12.3 12.1
-3.4e+38 -3.4e+38 -3.4e+38 -3.4e+38 -3.4e+38 -3.4e+38 -3.4e+38 -3.4e+38 -3.4e+38 -3.4e+38 -3.4e+38 -3.4e+38 -3.4e+38 -3.4e+38 -3.4e+38 -3.4e+38 -3.4e+38 1.34 1.36 1.39 1.41 1.44 1.47 1.5 1.52 1.56 1.59 1.63 1.67 1.73 1.79 1.86 1.95 2.05 2.17 2.31 2.5 2.7 2.94 3.2 3.49 3.8 4.11 4.42 4.74 5.05 5.37 5.7 6.05 6.45 6.87 7.31 7.77 8.24 8.71 9.2 9.67 10.1 10.6 11 11.4 11.7 12 12.2 12.4 12.6 12.7 12.7 12.7 12.6 12.4
-3.4e+38 -3.4e+38 -3.4e+38 -3.4e+38 -3.4e+38 -3.4e+38 -3.4e+38 -3.4e+38 -3.4e+38 -3.4e+38 -3.4e+38 -3.4e+38 -3.4e+38 -3.4e+38 -3.4e+38 -3.4e+38 -3.4e+38 -3.4e+38 1.37 1.4 1.42 1.45 1.48 1.5 1.53 1.57 1.6 1.64 1.69 1.74 1.8 1.87 1.95 2.04 2.16 2.29 2.47 2.67 2.91 3.18 3.48 3.79 4.11 4.43 4.76 5.08 5.42 5.77 6.15 6.55 6.98 7.44 7.91 8.39 8.88 9.38 9.87 10.3 10.8 11.2 11.6 12 12.3 12.6 12.8 12.9 13 13 13 12.9 12.7
-3.4e+38 -3.4e+38 -3.4e+38 -3.4e+38 -3.4e+38 -3.4e+38 -3.4e+38 -3.4e+38 -3.4e+38 -3.4e+38 -3.4e+38 -3.4e+38 -3.4e+38 -3.4e+38 -3.4e+38 -3.4e+38 -3.4e+38 -3.4e+38 -3.4e+38 1.41 1.43 1.46 1.48 1.51 1.54 1.58 1.62 1.66 1.7 1.75 1.81 1.88 1.96 2.04 2.14 2.27 2.44 2.64 2.88 3.15 3.45 3.76 4.09 4.42 4.75 5.09 5.44 5.81 6.21 6.64 7.08 7.55 8.03 8.53 9.03 9.53 10 10.5 11 11.5 11.9 12.3 12.6 12.9 13.1 13.3 13.4 13.4 13.3 13.1 12.9
-3.4e+38 -3.4e+38 -3.4e+38 -3.4e+38 -3.4e+38 -3.4e+38 -3.4e+38 -3.4e+38 -3.4e+38 -3.4e+38 -3.4e+38 -3.4e+38 -3.4e+38 -3.4e+38 -3.4e+38 -3.4e+38 -3.4e+38 -3.4e+38 -3.4e+38 -3.4e+38 1.44 1.46 1.49 1.52 1.55 1.59 1.63 1.67 1.71 1.76 1.82 1.89 1.97 2.05 2.15 2.27 2.43 2.62 2.84 3.11 3.41 3.73 4.06 4.39 4.73 5.08 5.44 5.84 6.26 6.71 7.17 7.65 8.14 8.64 9.15 9.67 10.2 10.7 11.2 11.7 12.1 12.5 12.9 13.2 13.4 13.6 13.7 13.7 13.6 13.4 13.1
-3.4e+38 -3.4e+38 -3.4e+38 -3.4e+38 -3.4e+38 -3.4e+38 -3.4e+38 -3.4e+38 -3.4e+38 -3.4e+38 -3.4e+38 -3.4e+38 -3.4e+38 -3.4e+38 -3.4e+38 -3.4e+38 -3.4e+38 -3.4e+38 -3.4e+38 -3.4e+38 -3.4e+38 1.47 1.5 1.53 1.56 1.6 1.64 1.68 1.72 1.77 1.84 1.9 1.98 2.07 2.17 2.29 2.44 2.6 2.8 3.08 3.37 3.69 4.01 4.34 4.68 5.04 5.42 5.83 6.27 6.74 7.23 7.72 8.22 8.72 9.24 9.76 10.3 10.8 11.3 11.8 12.3 12.7 13.1 13.5 13.8 13.9 14 14 13.9 13.7 13.4
-3.4e+38 -3.4e+38 -3.4e+38 -3.4e+38 -3.4e+38 -3.4e+38 -3.4e+38 -3.4e+38 -3.4e+38 -3.4e+38 -3.4e+38 -3.4e+38 -3.4e+38 -3.4e+38 -3.4e+38 -3.4e+38 -3.4e+38 -3.4e+38 -3.4e+38 -3.4e+38 -3.4e+38 -3.4e+38 1.5 1.53 1.57 1.61 1.64 1.69 1.73 1.78 1.85 1.92 2.01 2.09 2.21 2.32 2.47 2.62 2.82 3.07 3.35 3.64 3.96 4.29 4.63 4.99 5.37 5.79 6.25 6.75 7.27 7.78 8.27 8.77 9.29 9.82 10.4 10.9 11.4 12 12.5 12.9 13.4 13.8 14.1 14.3 14.4 14.4 14.2 14 13.6
-3.4e+38 -3.4e+38 -3.4e+38 -3.4e+38 -3.4e+38 -3.4e+38 -3.4e+38 -3.4e+38 -3.4e+38 -3.4e+38 -3.4e+38 -3.4e+38 -3.4e+38 -3.4e+38 -3.4e+38 -3.4e+38 -3.4e+38 -3.4e+38 -3.4e+38 -3.4e+38 -3.4e+38 -3.4e+38 1.51 1.54 1.57 1.61 1.64 1.69 1.74 1.79 1.86 1.94 2.03 2.12 2.23 2.35 2.49 2.65 2.84 3.07 3.33 3.61 3.91 4.22 4.56 4.91 5.3 5.72 6.19 6.71 7.26 7.77 8.25 8.75 9.28 9.82 10.4 10.9 11.5 12 12.6 13.1 13.6 14 14.4 14.6 14.8 14.7 14.6 14.2 13.8
-3.4e+38 -3.4e+38 -3.4e+38 -3.4e+38 -3.4e+38 -3.4e+38 -3.4e+38 -3.4e+38 -3.4e+38 -3.4e+38 -3.4e+38 -3.4e+38 -3.4e+38 -3.4e+38 -3.4e+38 -3.4e+38 -3.4e+38 -3.4e+38 -3.4e+38 -3.4e+38 -3.4e+38 -3.4e+38 -3.4e+38 1.54 1.57 1.61 1.64 1.69 1.74 1.8 1.87 1.95 2.05 2.15 2.26 2.37 2.51 2.67 2.85 3.07 3.31 3.57 3.85 4.15 4.48 4.82 5.2 5.62 6.08 6.6 7.15 7.67 8.16 8.67 9.21 9.76 10.3 10.9 11.5 12.1 12.6 13.2 13.7 14.2 14.7 15 15.2 15.1 14.9 14.5 14
-3.4e+38 -3.4e+38 -3.4e+38 -3.4e+38 -3.4e+38 -3.4e+38 -3.4e+38 -3.4e+38 -3.4e+38 -3.4e+38 -3.4e+38 -3.4e+38 -3.4e+38 -3.4e+38 -3.4e+38 -3.4e+38 -3.4e+38 -3.4e+38 -3.4e+38 -3.4e+38 -3.4e+38 -3.4e+38 1.51 1.54 1.57 1.61 1.64 1.69 1.74 1.81 1.88 1.97 2.07 2.18 2.29 2.39 2.52 2.67 2.85 3.05 3.28 3.52 3.79 4.07 4.38 4.71 5.08 5.48 5.93 6.42 6.94 7.46 7.98 8.51 9.06 9.63 10.2 10.8 11.4 12 12.6 13.2 13.8 14.4 14.9 15.3 15.6 15.6 15.2 14.7 14.1
-3.4e+38 -3.4e+38 -3.4e+38 -3.4e+38 -3.4e+38 -3.4e+38 -3.4e+38 -3.4e+38 -3.4e+38 -3.4e+38 -3.4e+38 -3.4e+38 -3.4e+38 -3.4e+38 -3.4e+38 -3.4e+38 -3.4e+38 -3.4e+38 -3.4e+38 -3.4e+38 -3.4e+38 -3.4e+38 1.52 1.54 1.57 1.61 1.65 1.69 1.75 1.81 1.88 1.97 2.07 2.18 2.28 2.39 2.52 2.67 2.84 3.02 3.23 3.46 3.71 3.98 4.27 4.59 4.93 5.32 5.75 6.21 6.7 7.22 7.74 8.29 8.86 9.44 10 10.7 11.3 11.9 12.5 13.2 13.8 14.5 15.1 15.6 16 16.1 15.6 15 14.2
-3.4e+38 -3.4e+38 -3.4e+38 -3.4e+38 -3.4e+38 -3.4e+38 -3.4e+38 -3.4e+38 -3.4e+38 -3.4e+38 -3.4e+38 -3.4e+38 -3.4e+38 -3.4e+38 -3.4e+38 -3.4e+38 -3.4e+38 -3.4e+38 -3.4e+38 -3.4e+38 -3.4e+38 -3.4e+38 1.52 1.55 1.58 1.61 1.65 1.69 1.75 1.81 1.88 1.97 2.06 2.16 2.26 2.37 2.51 2.65 2.82 2.99 3.19 3.4 3.63 3.88 4.15 4.45 4.77 5.14 5.53 5.97 6.44 6.94 7.47 8.02 8.6 9.19 9.8 10.4 11.1 11.7 12.4 13 13.7 14.4 15.1 15.8 16.5 16.7 16 15 14.1
-3.4e+38 -3.4e+38 -3.4e+38 -3.4e+38 -3.4e+38 -3.4e+38 -3.4e+38 -3.4e+38 -3.4e+38 -3.4e+38 -3.4e+38 -3.4e+38 -3.4e+38 -3.4e+38 -3.4e+38 -3.4e+38 -3.4e+38 -3.4e+38 -3.4e+38 -3.4e+38 -3.4e+38 -3.4e+38 1.53 1.55 1.58 1.61 1.65 1.69 1.75 1.81 1.88 1.96 2.05 2.14 2.24 2.35 2.49 2.63 2.79 2.96 3.14 3.33 3.54 3.77 4.02 4.3 4.6 4.94 5.3 5.71 6.15 6.64 7.16 7.71 8.29 8.88 9.5 10.1 10.8 11.4 12.1 12.8 13.4 14.2 14.9 15.7 16.6 17.3 16 14.8 13.8
-3.4e+38 -3.4e+38 -3.4e+38 -3.4e+38 -3.4e+38 -3.4e+38 -3.4e+38 -3.4e+38 -3.4e+38 -3.4e+38 -3.4e+38 -3.4e+38 -3.4e+38 -3.4e+38 -3.4e+38 -3.4e+38 -3.4e+38 -3.4e+38 -3.4e+38 -3.4e+38 -3.4e+38 1.51 1.53 1.56 1.58 1.61 1.65 1.69 1.75 1.81 1.88 1.95 2.04 2.13 2.22 2.33 2.47 2.61 2.76 2.92 3.08 3.26 3.45 3.66 3.89 4.14 4.41 4.72 5.05 5.43 5.84 6.31 6.81 7.35 7.93 8.54 9.16 9.79 10.4 11.1 11.7 12.4 13 13.7 14.4 15.1 15.8 15.9 15.2 14.3 13.3
-3.4e+38 -3.4e+38 -3.4e+38 -3.4e+38 -3.4e+38 -3.4e+38 -3.4e+38 -3.4e+38 -3.4e+38 -3.4e+38 -3.4e+38 -3.4e+38 -3.4e+38 -3.4e+38 -3.4e+38 -3.4e+38 -3.4e+38 -3.4e+38 -3.4e+38 -3.4e+38 -3.4e+38 1.51 1.54 1.56 1.59 1.62 1.65 1.69 1.74 1.81 1.88 1.96 2.04 2.13 2.23 2.34 2.47 2.6 2.73 2.87 3.02 3.18 3.36 3.54 3.75 3.98 4.22 4.5 4.8 5.14 5.52 5.95 6.44 6.98 7.55 8.15 8.78 9.41 10 10.7 11.3 11.9 12.5 13.1 13.7 14.2 14.6 14.6 14.2 13.4 12.7
-3.4e+38 -3.4e+38 -3.4e+38 -3.4e+38 -3.4e+38 -3.4e+38 -3.4e+38 -3.4e+38 -3.4e+38 -3.4e+38 -3.4e+38 -3.4e+38 -3.4e+38 -3.4e+38 -3.4e+38 -3.4e+38 -3.4e+38 -3.4e+38 -3.4e+38 -3.4e+38 -3.4e+38 1.52 1.55 1.57 1.6 1.63 1.66 1.7 1.74 1.81 1.88 1.96 2.05 2.14 2.24 2.35 2.46 2.58 2.7 2.82 2.96 3.1 3.26 3.43 3.61 3.81 4.02 4.27 4.53 4.83 5.17 5.58 6.05 6.58 7.15 7.75 8.37 8.99 9.62 10.2 10.8 11.4 11.9 12.4 12.9 13.2 13.4 13.4 13.1 12.5 11.9
-3.4e+38 -3.4e+38 -3.4e+38 -3.4e+38 -3.4e+38 -3.4e+38 -3.4e+38 -3.4e+38 -3.4e+38 -3.4e+38 -3.4e+38 -3.4e+38 -3.4e+38 -3.4e+38 -3.4e+38 -3.4e+38 -3.4e+38 -3.4e+38 -3.4e+38 -3.4e+38 -3.4e+38 1.53 1.55 1.58 1.61 1.64 1.67 1.7 1.75 1.81 1.89 1.97 2.06 2.15 2.25 2.35 2.46 2.55 2.66 2.77 2.89 3.02 3.16 3.31 3.47 3.64 3.83 4.04 4.26 4.52 4.81 5.18 5.64 6.17 6.75 7.34 7.95 8.55 9.15 9.73 10.3 10.8 11.3 11.7 12 12.3 12.4 12.3 12 11.6 11.1
-3.4e+38 -3.4e+38 -3.4e+38 -3.4e+38 -3.4e+38 -3.4e+38 -3.4e+38 -3.4e+38 -3.4e+38 -3.4e+38 -3.4e+38 -3.4e+38 -3.4e+38 -3.4e+38 -3.4e+38 -3.4e+38 -3.4e+38 -3.4e+38 -3.4e+38 -3.4e+38 -3.4e+38 -3.4e+38 1.56 1.59 1.62 1.65 1.68 1.72 1.77 1.83 1.9 1.98 2.07 2.15 2.25 2.34 2.43 2.52 2.61 2.72 2.83 2.94 3.06 3.18 3.32 3.47 3.63 3.81 4 4.21 4.45 4.76 5.22 5.76 6.34 6.93 7.52 8.1 8.67 9.21 9.71 10.2 10.6 10.9 11.2 11.4 11.4 11.3 11.1 10.7 10.3
-3.4e+38 -3.4e+38 -3.4e+38 -3.4e+38 -3.4e+38 -3.4e+38 -3.4e+38 -3.4e+38 -3.4e+38 -3.4e+38 -3.4e+38 -3.4e+38 -3.4e+38 -3.4e+38 -3.4e+38 -3.4e+38 -3.4e+38 -3.4e+38 -3.4e+38 -3.4e+38 -3.4e+38 -3.4e+38 -3.4e+38 1.6 1.63 1.66 1.7 1.74 1.79 1.85 1.92 1.99 2.07 2.16 2.24 2.33 2.41 2.49 2.57 2.66 2.75 2.85 2.95 3.06 3.18 3.31 3.45 3.61 3.77 3.94 4.11 4.34 4.84 5.4 5.96 6.54 7.11 7.66 8.19 8.7 9.15 9.56 9.91 10.2 10.4 10.5 10.5 10.4 10.2 9.91 9.53
-3.4e+38 -3.4e+38 -3.4e+38 -3.4e+38 -3.4e+38 -3.4e+38 -3.4e+38 -3.4e+38 -3.4e+38 -3.4e+38 -3.4e+38 -3.4e+38 -3.4e+38 -3.4e+38 -3.4e+38 -3.4e+38 -3.4e+38 -3.4e+38 -3.4e+38 -3.4e+38 -3.4e+38 -3.4e+38 -3.4e+38 -3.4e+38 1.64 1.67 1.71 1.75 1.8 1.86 1.93 2 2.08 2.15 2.23 2.31 2.38 2.45 2.52 2.59 2.67 2.75 2.84 2.93 3.03 3.15 3.28 3.42 3.57 3.72 3.9 4.14 4.58 5.09 5.63 6.17 6.71 7.23 7.73 8.18 8.6 8.98 9.27 9.51 9.67 9.74 9.71 9.6 9.41 9.14 8.8
-3.4e+38 -3.4e+38 -3.4e+38 -3.4e+38 -3.4e+38 -3.4e+38 -3.4e+38 -3.4e+38 -3.4e+38 -3.4e+38 -3.4e+38 -3.4e+38 -3.4e+38 -3.4e+38 -3.4e+38 -3.4e+38 -3.4e+38 -3.4e+38 -3.4e+38 -3.4e+38 -3.4e+38 -3.4e+38 -3.4e+38 -3.4e+38 -3.4e+38 1.68 1.72 1.76 1.81 1.87 1.93 2 2.07 2.14 2.22 2.29 2.35 2.41 2.47 2.53 2.59 2.66 2.73 2.81 2.91 3.01 3.13 3.26 3.4 3.56 3.76 4.03 4.4 4.84 5.33 5.82 6.33 6.82 7.28 7.7 8.07 8.39 8.65 8.84 8.96 9 8.96 8.84 8.66 8.42 8.11
-3.4e+38 -3.4e+38 -3.4e+38 -3.4e+38 -3.4e+38 -3.4e+38 -3.4e+38 -3.4e+38 -3.4e+38 -3.4e+38 -3.4e+38 -3.4e+38 -3.4e+38 -3.4e+38 -3.4e+38 -3.4e+38 -3.4e+38 -3.4e+38 -3.4e+38 -3.4e+38 -3.4e+38 -3.4e+38 -3.4e+38 -3.4e+38 -3.4e+38 1.68 1.72 1.77 1.82 1.87 1.94 2 2.07 2.13 2.2 2.26 2.32 2.37 2.41 2.46 2.52 2.57 2.63 2.7 2.78 2.88 2.99 3.11 3.25 3.42 3.62 3.88 4.21 4.61 5.04 5.5 5.96 6.42 6.84 7.22 7.55 7.84 8.05 8.21 8.3 8.32 8.26 8.15 7.98 7.75 7.48
-3.4e+38 -3.4e+38 -3.4e+38 -3.4e+38 -3.4e+38 -3.4e+38 -3.4e+38 -3.4e+38 -3.4e+38 -3.4e+38 -3.4e+38 -3.4e+38 -3.4e+38 -3.4e+38 -3.4e+38 -3.4e+38 -3.4e+38 -3.4e+38 -3.4e+38 -3.4e+38 -3.4e+38 -3.4e+38 -3.4e+38 -3.4e+38 -3.4e+38 -3.4e+38 1.73 1.77 1.82 1.87 1.93 1.99 2.05 2.1 2.17 2.23 2.28 2.33 2.37 2.4 2.45 2.49 2.54 2.6 2.68 2.76 2.86 2.98 3.11 3.27 3.47 3.71 4.01 4.37 4.76 5.18 5.61 6.03 6.41 6.76 7.06 7.31 7.49 7.62 7.69 7.69 7.62 7.51 7.35 7.14 6.89
-3.4e+38 -3.4e+38 -3.4e+38 -3.4e+38 -3.4e+38 -3.4e+38 -3.4e+38 -3.4e+38 -3.4e+38 -3.4e+38 -3.4e+38 -3.4e+38 -3.4e+38 -3.4e+38 -3.4e+38 -3.4e+38 -3.4e+38 -3.4e+38 -3.4e+38 -3.4e+38 -3.4e+38 -3.4e+38 -3.4e+38 -3.4e+38 -3.4e+38 -3.4e+38 -3.4e+38 1.77 1.81 1.86 1.91 1.97 2.02 2.07 2.13 2.19 2.24 2.28 2.32 2.35 2.38 2.41 2.46 2.51 2.57 2.65 2.74 2.85 2.97 3.12 3.3 3.52 3.79 4.11 4.47 4.86 5.26 5.63 5.98 6.31 6.59 6.81 6.97 7.07 7.11 7.1 7.03 6.92 6.77 6.58 6.35
-3.4e+38 -3.4e+38 -3.4e+38 -3.4e+38 -3.4e+38 -3.4e+38 -3.4e+38 -3.4e+38 -3.4e+38 -3.4e+38 -3.4e+38 -3.4e+38 -3.4e+38 -3.4e+38 -3.4e+38 -3.4e+38 -3.4e+38 -3.4e+38 -3.4e+38 -3.4e+38 -3.4e+38 -3.4e+38 -3.4e+38 -3.4e+38 -3.4e+38 -3.4e+38 -3.4e+38 -3.4e+38 1.8 1.84 1.89 1.94 1.99 2.04 2.1 2.15 2.2 2.24 2.27 2.29 2.32 2.34 2.38 2.42 2.48 2.54 2.62 2.71 2.82 2.96 3.12 3.31 3.55 3.84 4.16 4.52 4.89 5.25 5.58 5.88 6.14 6.34 6.48 6.56 6.58 6.56 6.48 6.37 6.23 6.06 5.86
-3.4e+38 -3.4e+38 -3.4e+38 -3.4e+38 -3.4e+38 -3.4e+38 -3.4e+38 -3.4e+38 -3.4e+38 -3.4e+38 -3.4e+38 -3.4e+38 -3.4e+38 -3.4e+38 -3.4e+38 -3.4e+38 -3.4e+38 -3.4e+38 -3.4e+38 -3.4e+38 -3.4e+38 -3.4e+38 -3.4e+38 -3.4e+38 -3.4e+38 -3.4e+38 -3.4e+38 -3.4e+38 1.79 1.83 1.87 1.91 1.96 2.01 2.06 2.11 2.16 2.19 2.21 2.24 2.26 2.28 2.3 2.34 2.38 2.44 2.5 2.58 2.67 2.79 2.92 3.09 3.29 3.54 3.84 4.18 4.53 4.88 5.2 5.49 5.72 5.9 6.02 6.07 6.08 6.05 5.97 5.86 5.73 5.58 5.4
-3.4e+38 -3.4e+38 -3.4e+38 -3.4e+38 -3.4e+38 -3.4e+38 -3.4e+38 -3.4e+38 -3.4e+38 -3.4e+38 -3.4e+38 -3.4e+38 -3.4e+38 -3.4e+38 -3.4e+38 -3.4e+38 -3.4e+38 -3.4e+38 -3.4e+38 -3.4e+38 -3.4e+38 -3.4e+38 -3.4e+38 -3.4e+38 -3.4e+38 -3.4e+38 -3.4e+38 -3.4e+38 -3.4e+38 1.8 1.84 1.88 1.93 1.98 2.02 2.06 2.1 2.13 2.16 2.18 2.2 2.21 2.23 2.26 2.29 2.34 2.39 2.45 2.53 2.62 2.73 2.86 3.02 3.24 3.51 3.84 4.19 4.53 4.84 5.13 5.34 5.5 5.59 5.62 5.61 5.57 5.49 5.39 5.27 5.14 4.98
-3.4e+38 -3.4e+38 -3.4e+38 -3.4e+38 -3.4e+38 -3.4e+38 -3.4e+38 -3.4e+38 -3.4e+38 -3.4e+38 -3.4e+38 -3.4e+38 -3.4e+38 -3.4e+38 -3.4e+38 -3.4e+38 -3.4e+38 -3.4e+38 -3.4e+38 -3.4e+38 -3.4e+38 -3.4e+38 -3.4e+38 -3.4e+38 -3.4e+38 -3.4e+38 -3.4e+38 -3.4e+38 -3.4e+38 -3.4e+38 1.81 1.85 1.89 1.93 1.98 2.01 2.05 2.07 2.1 2.12 2.14 2.15 2.16 2.18 2.21 2.24 2.28 2.33 2.39 2.46 2.54 2.63 2.75 2.92 3.18 3.52 3.86 4.2 4.51 4.79 5 5.13 5.19 5.2 5.16 5.11 5.03 4.94 4.83 4.71 4.59
-3.4e+38 -3.4e+38 -3.4e+38 -3.4e+38 -3.4e+38 -3.4e+38 -3.4e+38 -3.4e+38 -3.4e+38 -3.4e+38 -3.4e+38 -3.4e+38 -3.4e+38 -3.4e+38 -3.4e+38 -3.4e+38 -3.4e+38 -3.4e+38 -3.4e+38 -3.4e+38 -3.4e+38 -3.4e+38 -3.4e+38 -3.4e+38 -3.4e+38 -3.4e+38 -3.4e+38 -3.4e+38 -3.4e+38 -3.4e+38 -3.4e+38 1.82 1.86 1.89 1.93 1.96 1.99 2.02 2.04 2.06 2.08 2.09 2.09 2.11 2.12 2.14 2.17 2.21 2.26 2.31 2.37 2.44 2.5 2.59 2.88 3.22 3.56 3.89 4.2 4.48 4.69 4.8 4.82 4.79 4.73 4.67 4.59 4.51 4.42 4.32 4.21
