maui/input/month_year_rainfall/maui_prcp_12_2002.asc
ncols        361
nrows        320
xllcorner    -156.738000000000
yllcorner    20.343000000000
cellsize     0.002250000000
NODATA_value -3.4028234663852885981e+38
[rows 217 to 247 of 320, columns 0 to 70 of 361]
-3.4e+38 -3.4e+38 -3.4e+38 -3.4e+38 -3.4e+38 -3.4e+38 -3.4e+38 -3.4e+38 -3.4e+38 -3.4e+38 -3.4e+38 -3.4e+38 -3.4e+38 -3.4e+38 -3.4e+38 -3.4e+38 -3.4e+38 -3.4e+38 -3.4e+38 -3.4e+38 -3.4e+38 -3.4e+38 -3.4e+38 -3.4e+38 -3.4e+38 -3.4e+38 -3.4e+38 -3.4e+38 -3.4e+38 -3.4e+38 -3.4e+38 -3.4e+38 -3.4e+38 -3.4e+38 -3.4e+38 -3.4e+38 -3.4e+38 -3.4e+38 -3.4e+38 -3.4e+38 -3.4e+38 -3.4e+38 -3.4e+38 -3.4e+38 -3.4e+38 0.0798 0.0794 0.079 0.0787 0.0785 0.0783 0.0781 0.0778 0.0774 0.0772 0.0771 0.0772 0.0775 0.0778 0.0782 0.079 0.0799 0.0808 0.082 0.0836 0.0851 0.0863 0.0873 0.0881 0.0888 0.0894
-3.4e+38 -3.4e+38 -3.4e+38 -3.4e+38 -3.4e+38 -3.4e+38 -3.4e+38 -3.4e+38 -3.4e+38 -3.4e+38 -3.4e+38 -3.4e+38 -3.4e+38 -3.4e+38 -3.4e+38 -3.4e+38 -3.4e+38 -3.4e+38 -3.4e+38 -3.4e+38 -3.4e+38 -3.4e+38 -3.4e+38 -3.4e+38 -3.4e+38 -3.4e+38 -3.4e+38 -3.4e+38 -3.4e+38 -3.4e+38 -3.4e+38 -3.4e+38 -3.4e+38 -3.4e+38 -3.4e+38 -3.4e+38 -3.4e+38 -3.4e+38 -3.4e+38 -3.4e+38 -3.4e+38 -3.4e+38 -3.4e+38 -3.4e+38 0.0785 0.078 0.0775 0.0772 0.0769 0.0768 0.0766 0.0763 0.076 0.0756 0.0756 0.0758 0.076 0.0761 0.0764 0.0769 0.0776 0.0785 0.0797 0.081 0.0824 0.0838 0.0851 0.0861 0.0868 0.0878 0.0888
-3.4e+38 -3.4e+38 -3.4e+38 -3.4e+38 -3.4e+38 -3.4e+38 -3.4e+38 -3.4e+38 -3.4e+38 -3.4e+38 -3.4e+38 -3.4e+38 -3.4e+38 -3.4e+38 -3.4e+38 -3.4e+38 -3.4e+38 -3.4e+38 -3.4e+38 -3.4e+38 -3.4e+38 -3.4e+38 -3.4e+38 -3.4e+38 -3.4e+38 -3.4e+38 -3.4e+38 -3.4e+38 -3.4e+38 -3.4e+38 -3.4e+38 -3.4e+38 -3.4e+38 -3.4e+38 -3.4e+38 -3.4e+38 -3.4e+38 -3.4e+38 -3.4e+38 -3.4e+38 -3.4e+38 -3.4e+38 0.0779 0.0773 0.0768 0.0764 0.0759 0.0756 0.0753 0.0751 0.0749 0.0746 0.0743 0.0742 0.0742 0.0744 0.0745 0.0747 0.0751 0.0756 0.0764 0.0772 0.0785 0.0798 0.0812 0.0825 0.0838 0.0848 0.0856 0.0865 0.0875
-3.4e+38 -3.4e+38 -3.4e+38 -3.4e+38 -3.4e+38 -3.4e+38 -3.4e+38 -3.4e+38 -3.4e+38 -3.4e+38 -3.4e+38 -3.4e+38 -3.4e+38 -3.4e+38 -3.4e+38 -3.4e+38 -3.4e+38 -3.4e+38 -3.4e+38 -3.4e+38 -3.4e+38 -3.4e+38 -3.4e+38 -3.4e+38 -3.4e+38 -3.4e+38 -3.4e+38 -3.4e+38 -3.4e+38 -3.4e+38 -3.4e+38 -3.4e+38 -3.4e+38 -3.4e+38 -3.4e+38 -3.4e+38 -3.4e+38 -3.4e+38 -3.4e+38 -3.4e+38 -3.4e+38 0.0771 0.0764 0.0758 0.0753 0.0749 0.0745 0.0741 0.0738 0.0736 0.0734 0.073 0.0728 0.0729 0.0729 0.073 0.0732 0.0734 0.0739 0.0744 0.0751 0.076 0.0773 0.0787 0.0799 0.0812 0.0824 0.0834 0.0843 0.0852 0.0861
-3.4e+38 -3.4e+38 -3.4e+38 -3.4e+38 -3.4e+38 -3.4e+38 -3.4e+38 -3.4e+38 -3.4e+38 -3.4e+38 -3.4e+38 -3.4e+38 -3.4e+38 -3.4e+38 -3.4e+38 -3.4e+38 -3.4e+38 -3.4e+38 -3.4e+38 -3.4e+38 -3.4e+38 -3.4e+38 -3.4e+38 -3.4e+38 -3.4e+38 -3.4e+38 -3.4e+38 -3.4e+38 -3.4e+38 -3.4e+38 -3.4e+38 -3.4e+38 -3.4e+38 -3.4e+38 -3.4e+38 -3.4e+38 -3.4e+38 -3.4e+38 -3.4e+38 0.0769 0.0762 0.0756 0.0749 0.0743 0.0738 0.0734 0.0731 0.0727 0.0724 0.0722 0.0719 0.0716 0.0715 0.0716 0.0717 0.0718 0.0719 0.0722 0.0727 0.0732 0.0741 0.075 0.0762 0.0774 0.0787 0.0799 0.081 0.082 0.0829 0.0837 0.0845
-3.4e+38 -3.4e+38 -3.4e+38 -3.4e+38 -3.4e+38 -3.4e+38 -3.4e+38 -3.4e+38 -3.4e+38 -3.4e+38 -3.4e+38 -3.4e+38 -3.4e+38 -3.4e+38 -3.4e+38 -3.4e+38 -3.4e+38 -3.4e+38 -3.4e+38 -3.4e+38 -3.4e+38 -3.4e+38 -3.4e+38 -3.4e+38 -3.4e+38 -3.4e+38 -3.4e+38 -3.4e+38 -3.4e+38 -3.4e+38 -3.4e+38 -3.4e+38 -3.4e+38 -3.4e+38 0.0784 0.0777 0.0772 0.0766 0.0761 0.0755 0.0748 0.0742 0.0735 0.073 0.0726 0.0722 0.0718 0.0714 0.0711 0.0709 0.0707 0.0704 0.0703 0.0704 0.0706 0.0706 0.0708 0.0711 0.0716 0.0722 0.0731 0.074 0.0751 0.0762 0.0775 0.0787 0.0796 0.0805 0.0815 0.0822 0.0829
-3.4e+38 -3.4e+38 -3.4e+38 -3.4e+38 -3.4e+38 -3.4e+38 -3.4e+38 -3.4e+38 -3.4e+38 -3.4e+38 -3.4e+38 -3.4e+38 -3.4e+38 -3.4e+38 -3.4e+38 -3.4e+38 -3.4e+38 -3.4e+38 -3.4e+38 -3.4e+38 -3.4e+38 -3.4e+38 -3.4e+38 -3.4e+38 -3.4e+38 -3.4e+38 -3.4e+38 -3.4e+38 -3.4e+38 -3.4e+38 -3.4e+38 -3.4e+38 0.0777 0.0772 0.0767 0.0762 0.0756 0.0751 0.0745 0.0739 0.0733 0.0727 0.0722 0.0718 0.0713 0.0709 0.0705 0.0702 0.0699 0.0697 0.0695 0.0695 0.0695 0.0695 0.0695 0.0696 0.0698 0.07 0.0706 0.0712 0.072 0.0729 0.0739 0.075 0.0762 0.0772 0.0781 0.079 0.0799 0.0806 0.0812
-3.4e+38 -3.4e+38 -3.4e+38 -3.4e+38 -3.4e+38 -3.4e+38 -3.4e+38 -3.4e+38 -3.4e+38 -3.4e+38 -3.4e+38 -3.4e+38 -3.4e+38 -3.4e+38 -3.4e+38 -3.4e+38 -3.4e+38 -3.4e+38 -3.4e+38 -3.4e+38 -3.4e+38 -3.4e+38 -3.4e+38 -3.4e+38 -3.4e+38 -3.4e+38 -3.4e+38 0.0776 0.0774 0.0771 0.0768 0.0763 0.076 0.0756 0.0752 0.0748 0.0742 0.0737 0.0731 0.0725 0.072 0.0715 0.071 0.0706 0.0702 0.0698 0.0694 0.0692 0.0689 0.0687 0.0686 0.0687 0.0687 0.0686 0.0686 0.0686 0.0688 0.0691 0.0696 0.0702 0.071 0.0718 0.0728 0.0739 0.0749 0.0758 0.0767 0.0775 0.0783 0.0789 0.0795
-3.4e+38 -3.4e+38 -3.4e+38 -3.4e+38 -3.4e+38 -3.4e+38 -3.4e+38 -3.4e+38 -3.4e+38 -3.4e+38 -3.4e+38 -3.4e+38 -3.4e+38 -3.4e+38 -3.4e+38 -3.4e+38 -3.4e+38 -3.4e+38 -3.4e+38 -3.4e+38 -3.4e+38 -3.4e+38 -3.4e+38 -3.4e+38 -3.4e+38 -3.4e+38 0.0756 0.0755 0.0754 0.0753 0.075 0.0748 0.0745 0.0741 0.0737 0.0732 0.0727 0.0722 0.0717 0.0712 0.0707 0.0703 0.0699 0.0696 0.0692 0.0689 0.0685 0.0683 0.0681 0.0679 0.0678 0.0678 0.0678 0.0677 0.0677 0.0678 0.0679 0.0682 0.0687 0.0693 0.07 0.0708 0.0717 0.0727 0.0735 0.0744 0.0751 0.0759 0.0766 0.0771 0.0777
-3.4e+38 -3.4e+38 -3.4e+38 -3.4e+38 -3.4e+38 -3.4e+38 -3.4e+38 -3.4e+38 -3.4e+38 -3.4e+38 -3.4e+38 -3.4e+38 -3.4e+38 -3.4e+38 -3.4e+38 -3.4e+38 -3.4e+38 -3.4e+38 -3.4e+38 -3.4e+38 -3.4e+38 -3.4e+38 -3.4e+38 -3.4e+38 -3.4e+38 -3.4e+38 0.0738 0.0737 0.0737 0.0736 0.0735 0.0733 0.073 0.0727 0.0722 0.0718 0.0713 0.0709 0.0704 0.07 0.0696 0.0693 0.069 0.0687 0.0684 0.0681 0.0678 0.0675 0.0673 0.0672 0.0671 0.067 0.067 0.0669 0.0669 0.067 0.0671 0.0674 0.0678 0.0684 0.069 0.0698 0.0706 0.0715 0.0722 0.0729 0.0736 0.0742 0.0748 0.0754 0.0758
-3.4e+38 -3.4e+38 -3.4e+38 -3.4e+38 -3.4e+38 -3.4e+38 -3.4e+38 -3.4e+38 -3.4e+38 -3.4e+38 -3.4e+38 -3.4e+38 -3.4e+38 -3.4e+38 -3.4e+38 -3.4e+38 -3.4e+38 -3.4e+38 -3.4e+38 -3.4e+38 -3.4e+38 -3.4e+38 -3.4e+38 -3.4e+38 -3.4e+38 0.072 0.0721 0.0721 0.0721 0.0721 0.072 0.0718 0.0715 0.0711 0.0707 0.0703 0.07 0.0696 0.0693 0.069 0.0687 0.0685 0.0683 0.068 0.0677 0.0674 0.0671 0.0669 0.0667 0.0665 0.0664 0.0663 0.0663 0.0662 0.0662 0.0663 0.0664 0.0666 0.067 0.0675 0.0681 0.0688 0.0695 0.0701 0.0708 0.0714 0.0719 0.0725 0.0731 0.0735 0.0739
-3.4e+38 -3.4e+38 -3.4e+38 -3.4e+38 -3.4e+38 -3.4e+38 -3.4e+38 -3.4e+38 -3.4e+38 -3.4e+38 -3.4e+38 -3.4e+38 -3.4e+38 -3.4e+38 -3.4e+38 -3.4e+38 -3.4e+38 -3.4e+38 -3.4e+38 -3.4e+38 -3.4e+38 -3.4e+38 -3.4e+38 0.0701 0.0703 0.0704 0.0706 0.0706 0.0707 0.0707 0.0706 0.0704 0.07 0.0697 0.0693 0.069 0.0687 0.0685 0.0682 0.068 0.0679 0.0678 0.0677 0.0675 0.0672 0.0669 0.0665 0.0663 0.0661 0.0659 0.0658 0.0657 0.0656 0.0655 0.0655 0.0655 0.0657 0.0658 0.0662 0.0666 0.0671 0.0677 0.0683 0.0688 0.0693 0.0698 0.0703 0.0708 0.0713 0.0716 0.072
-3.4e+38 -3.4e+38 -3.4e+38 -3.4e+38 -3.4e+38 -3.4e+38 -3.4e+38 -3.4e+38 -3.4e+38 -3.4e+38 -3.4e+38 -3.4e+38 -3.4e+38 -3.4e+38 -3.4e+38 -3.4e+38 -3.4e+38 -3.4e+38 -3.4e+38 -3.4e+38 -3.4e+38 -3.4e+38 0.0683 0.0685 0.0688 0.069 0.0691 0.0692 0.0693 0.0694 0.0692 0.0689 0.0686 0.0683 0.0681 0.0678 0.0677 0.0675 0.0673 0.0673 0.0672 0.0672 0.0672 0.0671 0.0667 0.0664 0.0661 0.0658 0.0655 0.0654 0.0653 0.0651 0.0649 0.0648 0.0648 0.0648 0.0649 0.0651 0.0654 0.0657 0.0661 0.0666 0.067 0.0675 0.0679 0.0683 0.0687 0.0691 0.0695 0.0698 0.07
-3.4e+38 -3.4e+38 -3.4e+38 -3.4e+38 -3.4e+38 -3.4e+38 -3.4e+38 -3.4e+38 -3.4e+38 -3.4e+38 -3.4e+38 -3.4e+38 -3.4e+38 -3.4e+38 -3.4e+38 -3.4e+38 -3.4e+38 -3.4e+38 -3.4e+38 -3.4e+38 -3.4e+38 -3.4e+38 0.0668 0.0671 0.0673 0.0675 0.0677 0.0679 0.068 0.068 0.0678 0.0675 0.0673 0.0671 0.0669 0.0668 0.0667 0.0666 0.0665 0.0665 0.0666 0.0667 0.0668 0.0667 0.0663 0.0659 0.0656 0.0653 0.065 0.0648 0.0647 0.0644 0.0643 0.0642 0.0641 0.0641 0.0642 0.0643 0.0645 0.0648 0.0651 0.0654 0.0658 0.0661 0.0664 0.0667 0.067 0.0674 0.0676 0.0679 0.068
-3.4e+38 -3.4e+38 -3.4e+38 -3.4e+38 -3.4e+38 -3.4e+38 -3.4e+38 -3.4e+38 -3.4e+38 -3.4e+38 -3.4e+38 -3.4e+38 -3.4e+38 -3.4e+38 -3.4e+38 -3.4e+38 -3.4e+38 -3.4e+38 -3.4e+38 -3.4e+38 0.0646 0.065 0.0653 0.0656 0.0659 0.0661 0.0664 0.0666 0.0666 0.0665 0.0664 0.0662 0.066 0.066 0.0659 0.0658 0.0657 0.0657 0.0657 0.0658 0.0659 0.066 0.066 0.066 0.0657 0.0654 0.065 0.0648 0.0645 0.0643 0.0641 0.0638 0.0637 0.0635 0.0634 0.0634 0.0634 0.0635 0.0637 0.0639 0.0641 0.0643 0.0645 0.0647 0.065 0.0652 0.0655 0.0657 0.0659 0.066 0.0661
-3.4e+38 -3.4e+38 -3.4e+38 -3.4e+38 -3.4e+38 -3.4e+38 -3.4e+38 -3.4e+38 -3.4e+38 -3.4e+38 -3.4e+38 -3.4e+38 -3.4e+38 -3.4e+38 -3.4e+38 -3.4e+38 -3.4e+38 -3.4e+38 -3.4e+38 0.0629 0.0633 0.0637 0.064 0.0643 0.0646 0.0648 0.0651 0.0652 0.0653 0.0651 0.065 0.0649 0.0649 0.0649 0.0648 0.0648 0.0648 0.0648 0.0649 0.065 0.0651 0.0652 0.0652 0.0652 0.065 0.0647 0.0644 0.0642 0.0639 0.0637 0.0634 0.0632 0.063 0.0628 0.0627 0.0626 0.0626 0.0627 0.0628 0.0629 0.063 0.0631 0.0633 0.0634 0.0636 0.0638 0.0639 0.0641 0.0642 0.0643 0.0643
-3.4e+38 -3.4e+38 -3.4e+38 -3.4e+38 -3.4e+38 -3.4e+38 -3.4e+38 -3.4e+38 -3.4e+38 -3.4e+38 -3.4e+38 -3.4e+38 -3.4e+38 -3.4e+38 -3.4e+38 -3.4e+38 -3.4e+38 -3.4e+38 0.0612 0.0617 0.0621 0.0624 0.0627 0.063 0.0633 0.0636 0.0638 0.0639 0.0639 0.0638 0.0638 0.0638 0.0638 0.0638 0.0639 0.0639 0.0639 0.064 0.0641 0.0642 0.0643 0.0643 0.0644 0.0644 0.0642 0.0641 0.0638 0.0636 0.0633 0.0631 0.0628 0.0625 0.0623 0.0622 0.062 0.0619 0.0619 0.0619 0.0619 0.0619 0.062 0.062 0.0621 0.0622 0.0623 0.0624 0.0625 0.0625 0.0626 0.0626 0.0626
-3.4e+38 -3.4e+38 -3.4e+38 -3.4e+38 -3.4e+38 -3.4e+38 -3.4e+38 -3.4e+38 -3.4e+38 -3.4e+38 -3.4e+38 -3.4e+38 -3.4e+38 -3.4e+38 -3.4e+38 -3.4e+38 -3.4e+38 0.0598 0.0601 0.0605 0.0609 0.0612 0.0615 0.0618 0.0621 0.0624 0.0625 0.0626 0.0626 0.0625 0.0625 0.0626 0.0627 0.0627 0.0628 0.0629 0.063 0.0631 0.0632 0.0633 0.0634 0.0635 0.0635 0.0635 0.0634 0.0633 0.0631 0.0628 0.0626 0.0623 0.0621 0.0618 0.0616 0.0614 0.0613 0.0611 0.0611 0.061 0.061 0.061 0.061 0.061 0.061 0.061 0.0611 0.0611 0.0611 0.0612 0.0611 0.0611 0.061
-3.4e+38 -3.4e+38 -3.4e+38 -3.4e+38 -3.4e+38 -3.4e+38 -3.4e+38 -3.4e+38 -3.4e+38 -3.4e+38 -3.4e+38 -3.4e+38 -3.4e+38 -3.4e+38 -3.4e+38 -3.4e+38 -3.4e+38 0.0588 0.0591 0.0594 0.0597 0.0601 0.0604 0.0607 0.061 0.0611 0.0613 0.0613 0.0613 0.0613 0.0614 0.0614 0.0616 0.0617 0.0618 0.0619 0.0621 0.0622 0.0623 0.0624 0.0625 0.0626 0.0627 0.0627 0.0626 0.0625 0.0623 0.0621 0.0619 0.0616 0.0614 0.0611 0.0609 0.0607 0.0606 0.0604 0.0603 0.0603 0.0601 0.0601 0.06 0.0599 0.0599 0.0599 0.0599 0.0599 0.0599 0.0599 0.0598 0.0597 0.0595
-3.4e+38 -3.4e+38 -3.4e+38 -3.4e+38 -3.4e+38 -3.4e+38 -3.4e+38 -3.4e+38 -3.4e+38 -3.4e+38 -3.4e+38 -3.4e+38 -3.4e+38 -3.4e+38 -3.4e+38 -3.4e+38 0.0578 0.058 0.0582 0.0584 0.0587 0.059 0.0593 0.0596 0.0598 0.06 0.0601 0.0601 0.0602 0.0602 0.0603 0.0604 0.0606 0.0608 0.0609 0.061 0.0612 0.0613 0.0615 0.0616 0.0617 0.0618 0.0618 0.0618 0.0617 0.0616 0.0615 0.0613 0.0611 0.0609 0.0607 0.0604 0.0602 0.06 0.0599 0.0597 0.0596 0.0595 0.0593 0.0592 0.0591 0.059 0.059 0.0589 0.0589 0.0588 0.0588 0.0587 0.0586 0.0584 0.0582
-3.4e+38 -3.4e+38 -3.4e+38 -3.4e+38 -3.4e+38 -3.4e+38 -3.4e+38 -3.4e+38 -3.4e+38 -3.4e+38 -3.4e+38 -3.4e+38 -3.4e+38 -3.4e+38 -3.4e+38 -3.4e+38 0.0571 0.0573 0.0574 0.0575 0.0577 0.058 0.0583 0.0585 0.0587 0.0588 0.059 0.059 0.0591 0.0592 0.0594 0.0595 0.0597 0.0599 0.06 0.0602 0.0603 0.0605 0.0606 0.0608 0.0609 0.061 0.061 0.061 0.0609 0.0608 0.0607 0.0605 0.0603 0.0601 0.0599 0.0597 0.0595 0.0593 0.0592 0.059 0.0589 0.0587 0.0586 0.0584 0.0583 0.0582 0.0581 0.058 0.0579 0.0579 0.0578 0.0577 0.0575 0.0573 0.057
-3.4e+38 -3.4e+38 -3.4e+38 -3.4e+38 -3.4e+38 -3.4e+38 -3.4e+38 -3.4e+38 -3.4e+38 -3.4e+38 -3.4e+38 -3.4e+38 -3.4e+38 -3.4e+38 -3.4e+38 -3.4e+38 0.0565 0.0566 0.0567 0.0568 0.0569 0.0571 0.0573 0.0575 0.0577 0.0578 0.0579 0.0581 0.0582 0.0583 0.0585 0.0587 0.0589 0.059 0.0592 0.0594 0.0596 0.0597 0.0599 0.06 0.0601 0.0602 0.0602 0.0602 0.0601 0.0601 0.0599 0.0598 0.0596 0.0594 0.0592 0.059 0.0588 0.0587 0.0585 0.0584 0.0582 0.058 0.0579 0.0577 0.0575 0.0574 0.0573 0.0572 0.0571 0.0571 0.057 0.0568 0.0566 0.0563 0.0559
-3.4e+38 -3.4e+38 -3.4e+38 -3.4e+38 -3.4e+38 -3.4e+38 -3.4e+38 -3.4e+38 -3.4e+38 -3.4e+38 -3.4e+38 -3.4e+38 -3.4e+38 -3.4e+38 -3.4e+38 -3.4e+38 0.0558 0.0559 0.056 0.056 0.0561 0.0562 0.0563 0.0565 0.0567 0.0569 0.057 0.0572 0.0573 0.0575 0.0577 0.0579 0.0581 0.0583 0.0585 0.0587 0.0588 0.059 0.0591 0.0593 0.0594 0.0594 0.0594 0.0594 0.0594 0.0593 0.0592 0.0591 0.0589 0.0587 0.0586 0.0584 0.0582 0.058 0.0579 0.0577 0.0576 0.0574 0.0572 0.057 0.0569 0.0568 0.0567 0.0566 0.0565 0.0564 0.0563 0.0561 0.0558 0.0555 0.055
-3.4e+38 -3.4e+38 -3.4e+38 -3.4e+38 -3.4e+38 -3.4e+38 -3.4e+38 -3.4e+38 -3.4e+38 -3.4e+38 -3.4e+38 -3.4e+38 -3.4e+38 -3.4e+38 -3.4e+38 -3.4e+38 0.0552 0.0553 0.0553 0.0553 0.0554 0.0555 0.0555 0.0557 0.0559 0.056 0.0562 0.0564 0.0566 0.0568 0.057 0.0572 0.0574 0.0576 0.0578 0.058 0.0581 0.0583 0.0584 0.0586 0.0586 0.0587 0.0587 0.0587 0.0586 0.0586 0.0585 0.0584 0.0582 0.0581 0.0579 0.0578 0.0576 0.0574 0.0573 0.0572 0.057 0.0568 0.0566 0.0565 0.0563 0.0562 0.0561 0.056 0.0559 0.0558 0.0557 0.0555 0.0552 0.0548 0.0543
-3.4e+38 -3.4e+38 -3.4e+38 -3.4e+38 -3.4e+38 -3.4e+38 -3.4e+38 -3.4e+38 -3.4e+38 -3.4e+38 -3.4e+38 -3.4e+38 -3.4e+38 -3.4e+38 -3.4e+38 -3.4e+38 -3.4e+38 -3.4e+38 0.0547 0.0547 0.0547 0.0548 0.0548 0.055 0.0552 0.0553 0.0555 0.0557 0.0559 0.0561 0.0563 0.0566 0.0568 0.0569 0.0571 0.0573 0.0575 0.0576 0.0578 0.0579 0.0579 0.058 0.058 0.058 0.0579 0.0579 0.0578 0.0577 0.0576 0.0575 0.0573 0.0572 0.057 0.0569 0.0568 0.0567 0.0565 0.0563 0.0561 0.056 0.0559 0.0558 0.0557 0.0556 0.0555 0.0554 0.0553 0.0551 0.0548 0.0543 0.0539
-3.4e+38 -3.4e+38 -3.4e+38 -3.4e+38 -3.4e+38 -3.4e+38 -3.4e+38 -3.4e+38 -3.4e+38 -3.4e+38 -3.4e+38 -3.4e+38 -3.4e+38 -3.4e+38 -3.4e+38 -3.4e+38 -3.4e+38 -3.4e+38 -3.4e+38 0.0541 0.0541 0.0541 0.0542 0.0544 0.0545 0.0547 0.0548 0.055 0.0553 0.0555 0.0557 0.056 0.0562 0.0563 0.0565 0.0567 0.0569 0.057 0.0571 0.0572 0.0573 0.0573 0.0573 0.0573 0.0573 0.0572 0.0572 0.0571 0.057 0.0569 0.0567 0.0566 0.0565 0.0564 0.0563 0.0562 0.0561 0.0559 0.0557 0.0556 0.0555 -3.4e+38 -3.4e+38 0.0552 0.0551 0.055 0.0549 0.0547 0.0544 0.054 0.0536
-3.4e+38 -3.4e+38 -3.4e+38 -3.4e+38 -3.4e+38 -3.4e+38 -3.4e+38 -3.4e+38 -3.4e+38 -3.4e+38 -3.4e+38 -3.4e+38 -3.4e+38 -3.4e+38 -3.4e+38 -3.4e+38 -3.4e+38 -3.4e+38 -3.4e+38 -3.4e+38 -3.4e+38 0.0536 0.0537 0.0539 0.054 0.0541 0.0543 0.0545 0.0547 0.055 0.0552 0.0554 0.0556 0.0558 0.056 0.0561 0.0563 0.0564 0.0565 0.0566 0.0567 0.0567 0.0567 0.0566 0.0566 0.0566 0.0565 0.0564 0.0563 0.0562 0.0561 0.0561 0.056 0.056 0.0559 0.0558 0.0556 0.0555 0.0554 0.0553 0.0552 -3.4e+38 -3.4e+38 0.0549 0.0549 0.0548 0.0547 0.0545 0.0542 0.0538 0.0533
-3.4e+38 -3.4e+38 -3.4e+38 -3.4e+38 -3.4e+38 -3.4e+38 -3.4e+38 -3.4e+38 -3.4e+38 -3.4e+38 -3.4e+38 -3.4e+38 -3.4e+38 -3.4e+38 -3.4e+38 -3.4e+38 -3.4e+38 -3.4e+38 -3.4e+38 -3.4e+38 -3.4e+38 -3.4e+38 -3.4e+38 0.0534 0.0535 0.0536 0.0538 0.054 0.0542 0.0545 0.0547 0.0549 0.0551 0.0553 0.0555 0.0556 0.0557 0.0558 0.0559 0.056 0.056 0.0561 0.056 0.056 0.0559 0.0559 0.0559 0.0558 0.0557 0.0556 0.0556 0.0555 0.0555 0.0555 0.0554 -3.4e+38 -3.4e+38 0.0552 0.0551 0.055 0.055 -3.4e+38 -3.4e+38 -3.4e+38 0.0547 0.0546 0.0545 0.0543 0.0541 0.0537 0.0532
-3.4e+38 -3.4e+38 -3.4e+38 -3.4e+38 -3.4e+38 -3.4e+38 -3.4e+38 -3.4e+38 -3.4e+38 -3.4e+38 -3.4e+38 -3.4e+38 -3.4e+38 -3.4e+38 -3.4e+38 -3.4e+38 -3.4e+38 -3.4e+38 -3.4e+38 -3.4e+38 -3.4e+38 -3.4e+38 -3.4e+38 0.053 0.0531 0.0533 0.0534 0.0536 0.0538 0.054 0.0542 0.0544 0.0546 0.0548 0.055 0.0551 0.0552 0.0553 0.0554 0.0554 0.0554 0.0554 0.0554 0.0554 0.0553 0.0553 0.0553 0.0552 0.0552 0.0551 0.0551 0.0551 -3.4e+38 -3.4e+38 -3.4e+38 -3.4e+38 -3.4e+38 -3.4e+38 -3.4e+38 -3.4e+38 -3.4e+38 -3.4e+38 -3.4e+38 -3.4e+38 0.0545 0.0544 0.0543 0.0541 0.0539 0.0535 0.053
-3.4e+38 -3.4e+38 -3.4e+38 -3.4e+38 -3.4e+38 -3.4e+38 -3.4e+38 -3.4e+38 -3.4e+38 -3.4e+38 -3.4e+38 -3.4e+38 -3.4e+38 -3.4e+38 -3.4e+38 -3.4e+38 -3.4e+38 -3.4e+38 -3.4e+38 -3.4e+38 -3.4e+38 -3.4e+38 -3.4e+38 0.0526 0.0527 0.0529 0.0531 0.0533 0.0535 0.0536 0.0538 0.054 0.0542 0.0543 0.0545 0.0546 0.0547 0.0548 0.0548 -3.4e+38 0.0548 0.0548 0.0548 0.0548 0.0547 0.0547 0.0547 0.0547 0.0547 -3.4e+38 -3.4e+38 -3.4e+38 -3.4e+38 -3.4e+38 -3.4e+38 -3.4e+38 -3.4e+38 -3.4e+38 -3.4e+38 -3.4e+38 -3.4e+38 -3.4e+38 -3.4e+38 -3.4e+38 -3.4e+38 0.0543 0.0542 0.054 0.0537 0.0533 -3.4e+38
-3.4e+38 -3.4e+38 -3.4e+38 -3.4e+38 -3.4e+38 -3.4e+38 -3.4e+38 -3.4e+38 -3.4e+38 -3.4e+38 -3.4e+38 -3.4e+38 -3.4e+38 -3.4e+38 -3.4e+38 -3.4e+38 -3.4e+38 -3.4e+38 -3.4e+38 -3.4e+38 -3.4e+38 -3.4e+38 -3.4e+38 -3.4e+38 0.0525 0.0527 0.0528 0.053 0.0532 0.0533 0.0535 0.0536 0.0538 0.0539 0.054 0.0542 0.0542 0.0543 -3.4e+38 -3.4e+38 -3.4e+38 0.0542 0.0542 0.0542 0.0542 0.0542 0.0542 -3.4e+38 -3.4e+38 -3.4e+38 -3.4e+38 -3.4e+38 -3.4e+38 -3.4e+38 -3.4e+38 -3.4e+38 -3.4e+38 -3.4e+38 -3.4e+38 -3.4e+38 -3.4e+38 -3.4e+38 -3.4e+38 -3.4e+38 -3.4e+38 -3.4e+38 -3.4e+38 0.0539 0.0536 -3.4e+38 -3.4e+38
