maui/input/month_year_rainfall/maui_prcp_06_2001.asc
ncols        361
nrows        320
xllcorner    -156.738000000000
yllcorner    20.343000000000
cellsize     0.002250000000
NODATA_value -3.4028234663852885981e+38
[rows 96 to 127 of 320, columns 144 to 215 of 361]
0.195 0.19 0.186 0.182 0.178 0.176 0.174 0.175 0.176 0.178 0.181 0.185 0.191 0.198 0.208 0.217 0.231 0.25 0.274 0.298 0.324 0.348 0.372 0.394 0.414 0.433 0.451 0.456 0.462 0.486 0.505 0.5 0.503 0.521 0.541 0.563 0.589 0.616 0.643 0.671 0.735 0.805 0.845 0.888 0.938 1.01 1.1 1.21 1.32 1.45 1.59 1.73 1.88 2.04 2.21 2.4 2.6 2.81 3.02 3.24 3.47 3.7 3.93 4.17 4.41 4.67 4.95 5.25 5.56 5.88 6.22 6.58
0.181 0.176 0.172 0.168 0.165 0.163 0.163 0.164 0.166 0.169 0.173 0.178 0.185 0.192 0.203 0.213 0.227 0.246 0.269 0.293 0.317 0.341 0.364 0.384 0.403 0.415 0.426 0.434 0.442 0.467 0.489 0.493 0.503 0.521 0.536 0.546 0.577 0.62 0.653 0.682 0.732 0.785 0.827 0.874 0.93 1 1.09 1.19 1.3 1.42 1.55 1.69 1.85 2.03 2.21 2.42 2.62 2.85 3.07 3.3 3.53 3.76 3.99 4.22 4.46 4.73 5.02 5.32 5.62 5.94 6.28 6.63
0.167 0.163 0.159 0.155 0.153 0.151 0.151 0.153 0.157 0.161 0.166 0.172 0.18 0.188 0.2 0.212 0.227 0.245 0.266 0.289 0.312 0.335 0.356 0.375 0.392 0.4 0.404 0.413 0.424 0.449 0.472 0.485 0.501 0.521 0.531 0.532 0.57 0.627 0.665 0.696 0.731 0.768 0.812 0.862 0.922 0.994 1.08 1.18 1.28 1.4 1.52 1.66 1.81 2 2.21 2.43 2.65 2.89 3.12 3.35 3.59 3.82 4.06 4.29 4.53 4.8 5.1 5.4 5.7 6.01 6.34 6.69
0.155 0.151 0.147 0.144 0.141 0.14 0.141 0.145 0.149 0.154 0.161 0.168 0.176 0.186 0.199 0.212 0.228 0.245 0.266 0.287 0.309 0.33 0.35 0.367 0.383 0.392 0.401 0.41 0.421 0.438 0.454 0.467 0.482 0.502 0.52 0.538 0.573 0.617 0.651 0.681 0.717 0.755 0.802 0.854 0.916 0.989 1.07 1.17 1.27 1.39 1.51 1.64 1.78 1.99 2.21 2.45 2.68 2.92 3.16 3.4 3.64 3.88 4.13 4.37 4.61 4.88 5.16 5.46 5.75 6.06 6.38 6.72
0.145 0.141 0.138 0.134 0.131 0.13 0.132 0.137 0.143 0.149 0.156 0.164 0.174 0.184 0.198 0.212 0.229 0.246 0.266 0.286 0.307 0.326 0.344 0.358 0.37 0.383 0.396 0.405 0.415 0.425 0.436 0.448 0.463 0.482 0.506 0.536 0.572 0.608 0.638 0.667 0.703 0.742 0.791 0.846 0.91 0.984 1.07 1.16 1.27 1.39 1.51 1.65 1.8 2.01 2.24 2.48 2.72 2.96 3.21 3.45 3.7 3.95 4.2 4.45 4.7 4.96 5.24 5.53 5.82 6.12 6.43 6.75
0.137 0.134 0.13 0.127 0.123 0.122 0.126 0.132 0.138 0.145 0.153 0.162 0.173 0.184 0.199 0.213 0.23 0.247 0.266 0.285 0.305 0.322 0.338 0.347 0.351 0.365 0.382 0.391 0.4 0.409 0.419 0.43 0.443 0.461 0.485 0.515 0.552 0.591 0.622 0.651 0.688 0.729 0.78 0.837 0.904 0.98 1.07 1.17 1.28 1.41 1.54 1.7 1.86 2.06 2.28 2.51 2.75 2.99 3.24 3.49 3.74 3.99 4.25 4.51 4.75 5.01 5.3 5.59 5.89 6.19 6.49 6.78
0.13 0.127 0.124 0.121 0.119 0.119 0.123 0.128 0.135 0.142 0.151 0.161 0.173 0.185 0.2 0.215 0.232 0.249 0.267 0.285 0.303 0.319 0.333 0.34 0.341 0.354 0.37 0.378 0.385 0.393 0.402 0.411 0.424 0.44 0.46 0.489 0.525 0.564 0.599 0.631 0.671 0.714 0.768 0.828 0.897 0.977 1.07 1.18 1.3 1.44 1.58 1.74 1.91 2.11 2.32 2.54 2.78 3.02 3.26 3.51 3.76 4.02 4.28 4.54 4.79 5.05 5.34 5.65 5.95 6.26 6.56 6.85
0.123 0.121 0.119 0.117 0.116 0.117 0.12 0.125 0.132 0.141 0.15 0.161 0.173 0.186 0.202 0.217 0.234 0.25 0.268 0.285 0.301 0.315 0.328 0.336 0.342 0.35 0.359 0.364 0.37 0.378 0.386 0.394 0.405 0.419 0.436 0.463 0.498 0.535 0.573 0.609 0.652 0.698 0.756 0.818 0.891 0.976 1.08 1.2 1.32 1.46 1.61 1.77 1.95 2.14 2.35 2.57 2.8 3.03 3.27 3.52 3.76 4.01 4.27 4.54 4.8 5.07 5.37 5.68 6 6.31 6.62 6.94
0.117 0.115 0.114 0.113 0.112 0.114 0.118 0.123 0.13 0.139 0.15 0.161 0.174 0.188 0.204 0.219 0.236 0.252 0.269 0.284 0.299 0.311 0.322 0.331 0.338 0.342 0.347 0.351 0.356 0.363 0.37 0.377 0.387 0.401 0.418 0.443 0.475 0.509 0.548 0.587 0.634 0.684 0.744 0.81 0.888 0.979 1.09 1.21 1.34 1.49 1.64 1.8 1.98 2.16 2.37 2.58 2.79 3.02 3.25 3.49 3.74 3.98 4.25 4.52 4.79 5.07 5.38 5.69 6.01 6.33 6.67 7.01
0.111 0.11 0.108 0.108 0.108 0.111 0.115 0.121 0.129 0.138 0.149 0.161 0.175 0.189 0.206 0.222 0.238 0.253 0.269 0.283 0.296 0.307 0.316 0.323 0.329 0.332 0.335 0.338 0.343 0.348 0.355 0.36 0.369 0.383 0.401 0.425 0.454 0.487 0.526 0.567 0.618 0.67 0.735 0.804 0.887 0.982 1.1 1.22 1.36 1.51 1.66 1.82 1.99 2.18 2.37 2.56 2.77 2.99 3.22 3.44 3.68 3.93 4.2 4.48 4.76 5.05 5.36 5.68 6 6.33 6.67 7.02
0.105 0.104 0.103 0.103 0.104 0.107 0.111 0.118 0.127 0.137 0.149 0.162 0.177 0.192 0.209 0.224 0.24 0.255 0.269 0.282 0.293 0.303 0.31 0.316 0.32 0.322 0.324 0.326 0.329 0.333 0.339 0.344 0.353 0.367 0.385 0.407 0.436 0.468 0.508 0.55 0.604 0.659 0.725 0.797 0.885 0.985 1.1 1.23 1.37 1.51 1.66 1.82 1.99 2.16 2.34 2.53 2.73 2.94 3.15 3.38 3.61 3.86 4.13 4.4 4.69 4.98 5.29 5.61 5.94 6.28 6.63 7
0.0991 0.0981 0.0972 0.0972 0.0984 0.102 0.107 0.115 0.124 0.135 0.148 0.163 0.179 0.194 0.212 0.227 0.242 0.255 0.268 0.279 0.289 0.297 0.304 0.308 0.311 0.312 0.313 0.314 0.316 0.319 0.323 0.328 0.337 0.35 0.368 0.389 0.418 0.451 0.492 0.536 0.592 0.649 0.716 0.79 0.882 0.987 1.11 1.24 1.38 1.52 1.67 1.82 1.97 2.14 2.31 2.49 2.68 2.87 3.07 3.3 3.53 3.78 4.03 4.3 4.59 4.89 5.18 5.5 5.84 6.19 6.55 6.93
0.0936 0.0927 0.0918 0.0917 0.0927 0.0968 0.103 0.112 0.122 0.133 0.147 0.163 0.18 0.197 0.215 0.229 0.243 0.254 0.266 0.276 0.284 0.291 0.296 0.299 0.301 0.301 0.302 0.302 0.303 0.305 0.309 0.314 0.322 0.335 0.351 0.373 0.402 0.437 0.482 0.527 0.584 0.642 0.709 0.783 0.88 0.987 1.11 1.24 1.37 1.51 1.65 1.79 1.95 2.1 2.26 2.44 2.61 2.79 2.98 3.2 3.42 3.66 3.91 4.18 4.46 4.75 5.06 5.38 5.73 6.08 6.45 6.84
0.0881 0.0874 0.0866 0.0866 0.0874 0.0923 0.0991 0.108 0.118 0.13 0.145 0.161 0.181 0.199 0.217 0.229 0.241 0.252 0.262 0.271 0.278 0.284 0.288 0.29 0.291 0.29 0.29 0.29 0.291 0.293 0.296 0.3 0.307 0.319 0.335 0.356 0.387 0.426 0.474 0.522 0.578 0.635 0.701 0.775 0.876 0.986 1.11 1.24 1.37 1.5 1.63 1.77 1.91 2.06 2.21 2.37 2.53 2.69 2.87 3.07 3.29 3.52 3.77 4.03 4.3 4.59 4.91 5.24 5.58 5.94 6.32 6.7
0.0832 0.083 0.0828 0.0835 0.0854 0.0896 0.096 0.104 0.115 0.126 0.141 0.159 0.18 0.202 0.217 0.227 0.238 0.247 0.256 0.264 0.271 0.276 0.279 0.281 0.281 0.28 0.28 0.279 0.28 0.281 0.284 0.287 0.294 0.304 0.32 0.341 0.374 0.42 0.472 0.521 0.576 0.63 0.696 0.771 0.871 0.98 1.1 1.22 1.35 1.47 1.6 1.73 1.87 2 2.15 2.29 2.44 2.58 2.75 2.93 3.14 3.36 3.6 3.86 4.14 4.42 4.74 5.07 5.41 5.77 6.15 6.53
0.0783 0.0786 0.079 0.0806 0.083 0.087 0.0928 0.101 0.11 0.122 0.136 0.153 0.173 0.193 0.209 0.219 0.23 0.239 0.249 0.256 0.262 0.267 0.27 0.271 0.271 0.27 0.269 0.268 0.269 0.27 0.272 0.275 0.28 0.29 0.305 0.328 0.365 0.416 0.476 0.523 0.572 0.623 0.69 0.766 0.865 0.972 1.09 1.21 1.33 1.45 1.57 1.69 1.82 1.95 2.08 2.2 2.33 2.46 2.61 2.77 2.97 3.19 3.42 3.67 3.94 4.23 4.54 4.86 5.21 5.56 5.93 6.3
0.0741 0.0749 0.0758 0.0778 0.0805 0.0844 0.0897 0.0972 0.106 0.117 0.13 0.145 0.162 0.179 0.195 0.207 0.219 0.229 0.239 0.247 0.253 0.258 0.26 0.261 0.261 0.26 0.259 0.258 0.258 0.259 0.261 0.263 0.268 0.277 0.291 0.314 0.355 0.411 0.477 0.519 0.565 0.615 0.684 0.76 0.856 0.96 1.07 1.19 1.3 1.42 1.53 1.64 1.76 1.88 2 2.11 2.22 2.33 2.46 2.61 2.8 3.01 3.24 3.49 3.76 4.04 4.34 4.66 5 5.35 5.71 6.07
0.07 0.071 0.0722 0.0746 0.0775 0.0813 0.0863 0.0932 0.101 0.111 0.122 0.136 0.151 0.165 0.181 0.194 0.207 0.217 0.228 0.236 0.243 0.247 0.25 0.251 0.251 0.25 0.249 0.248 0.248 0.248 0.25 0.252 0.257 0.265 0.278 0.298 0.341 0.395 0.454 0.502 0.553 0.604 0.675 0.752 0.844 0.945 1.06 1.17 1.28 1.39 1.5 1.6 1.71 1.82 1.92 2.01 2.11 2.2 2.32 2.45 2.63 2.84 3.06 3.29 3.55 3.83 4.13 4.44 4.77 5.11 5.46 5.81
0.0664 0.0674 0.0685 0.0714 0.0746 0.0782 0.0828 0.089 0.0964 0.105 0.116 0.127 0.14 0.153 0.168 0.18 0.194 0.205 0.216 0.224 0.232 0.237 0.24 0.24 0.24 0.239 0.238 0.237 0.238 0.238 0.241 0.243 0.249 0.257 0.271 0.292 0.332 0.382 0.435 0.484 0.54 0.594 0.666 0.74 0.827 0.927 1.04 1.15 1.26 1.36 1.47 1.56 1.66 1.76 1.85 1.92 2 2.09 2.19 2.32 2.48 2.68 2.89 3.11 3.36 3.63 3.91 4.21 4.53 4.86 5.19 5.53
0.0638 0.0647 0.0659 0.0688 0.0719 0.0751 0.0791 0.0847 0.0915 0.0995 0.109 0.119 0.13 0.142 0.156 0.168 0.181 0.192 0.204 0.213 0.22 0.226 0.229 0.23 0.229 0.228 0.228 0.227 0.228 0.229 0.232 0.236 0.242 0.253 0.269 0.293 0.329 0.374 0.424 0.472 0.531 0.589 0.661 0.731 0.809 0.912 1.02 1.13 1.24 1.34 1.44 1.53 1.62 1.7 1.78 1.84 1.91 1.98 2.06 2.17 2.33 2.52 2.72 2.93 3.17 3.42 3.69 3.97 4.27 4.58 4.9 5.22
0.0622 0.0634 0.0647 0.0671 0.0696 0.072 0.0754 0.0806 0.0868 0.094 0.102 0.111 0.122 0.132 0.145 0.156 0.169 0.181 0.192 0.201 0.209 0.214 0.218 0.218 0.218 0.217 0.217 0.217 0.218 0.221 0.225 0.23 0.237 0.249 0.268 0.294 0.329 0.371 0.418 0.466 0.529 0.592 0.664 0.735 0.809 0.912 1.02 1.13 1.23 1.32 1.42 1.5 1.58 1.65 1.71 1.77 1.82 1.89 1.96 2.06 2.2 2.37 2.55 2.76 2.98 3.21 3.46 3.72 4 4.29 4.58 4.89
0.0607 0.0619 0.0633 0.0654 0.0676 0.07 0.0731 0.0778 0.0831 0.0894 0.0967 0.105 0.114 0.123 0.135 0.146 0.158 0.169 0.181 0.19 0.198 0.203 0.207 0.208 0.207 0.206 0.206 0.207 0.209 0.213 0.218 0.225 0.234 0.248 0.267 0.294 0.329 0.369 0.416 0.465 0.531 0.599 0.675 0.752 0.833 0.927 1.03 1.13 1.22 1.31 1.4 1.47 1.54 1.6 1.66 1.71 1.76 1.82 1.89 1.98 2.1 2.24 2.41 2.59 2.8 3.01 3.24 3.48 3.73 3.99 4.26 4.54
0.0591 0.0604 0.0618 0.0637 0.0658 0.0685 0.0717 0.0757 0.0802 0.0853 0.0916 0.0985 0.107 0.115 0.126 0.136 0.148 0.159 0.17 0.179 0.187 0.193 0.197 0.198 0.197 0.196 0.195 0.197 0.201 0.206 0.213 0.221 0.231 0.246 0.268 0.295 0.33 0.37 0.417 0.468 0.538 0.612 0.69 0.771 0.855 0.944 1.04 1.13 1.22 1.3 1.39 1.45 1.51 1.56 1.61 1.65 1.7 1.76 1.82 1.9 2.01 2.13 2.28 2.45 2.63 2.82 3.03 3.24 3.46 3.69 3.93 4.18
0.0578 0.059 0.0604 0.0622 0.0641 0.0667 0.0696 0.0731 0.0771 0.0817 0.0872 0.0932 0.101 0.108 0.118 0.128 0.139 0.15 0.16 0.17 0.178 0.184 0.188 0.189 0.189 0.186 0.185 0.188 0.194 0.201 0.209 0.218 0.23 0.247 0.269 0.298 0.333 0.373 0.421 0.475 0.548 0.625 0.707 0.79 0.874 0.96 1.05 1.13 1.22 1.3 1.38 1.43 1.49 1.53 1.57 1.62 1.66 1.71 1.77 1.85 1.94 2.05 2.18 2.33 2.49 2.67 2.85 3.04 3.22 3.42 3.62 3.84
0.0565 0.0577 0.0589 0.0606 0.0623 0.0647 0.0672 0.0704 0.0741 0.0782 0.0831 0.0885 0.0951 0.102 0.111 0.12 0.131 0.141 0.152 0.161 0.17 0.176 0.18 0.182 0.182 0.179 0.177 0.181 0.19 0.198 0.207 0.217 0.23 0.248 0.272 0.301 0.336 0.377 0.428 0.485 0.56 0.64 0.724 0.809 0.891 0.974 1.06 1.14 1.22 1.3 1.37 1.42 1.47 1.5 1.54 1.58 1.62 1.67 1.72 1.79 1.88 1.98 2.1 2.23 2.37 2.53 2.69 2.85 3.01 3.17 3.34 3.52
0.0558 0.0569 0.0579 0.0594 0.0609 0.0629 0.0651 0.068 0.0712 0.075 0.0795 0.0844 0.0904 0.0966 0.105 0.113 0.124 0.134 0.144 0.154 0.163 0.169 0.174 0.177 0.178 0.177 0.177 0.181 0.188 0.196 0.206 0.217 0.231 0.25 0.275 0.304 0.34 0.381 0.433 0.494 0.571 0.655 0.739 0.823 0.904 0.986 1.07 1.15 1.23 1.3 1.36 1.41 1.46 1.49 1.52 1.56 1.6 1.64 1.69 1.76 1.84 1.93 2.03 2.15 2.28 2.41 2.55 2.69 2.82 2.97 3.13 3.31
0.0551 0.056 0.0569 0.0582 0.0595 0.0612 0.0631 0.0656 0.0685 0.0719 0.0761 0.0806 0.0862 0.0918 0.0998 0.107 0.118 0.127 0.138 0.148 0.157 0.164 0.17 0.173 0.176 0.177 0.179 0.183 0.189 0.197 0.207 0.218 0.233 0.254 0.279 0.309 0.344 0.385 0.439 0.502 0.583 0.671 0.754 0.837 0.916 0.995 1.07 1.15 1.23 1.3 1.36 1.41 1.44 1.48 1.51 1.54 1.57 1.62 1.67 1.73 1.8 1.88 1.98 2.08 2.2 2.31 2.43 2.54 2.66 2.79 2.94 3.13
0.0549 0.0557 0.0565 0.0575 0.0585 0.06 0.0617 0.0639 0.0664 0.0694 0.0731 0.0772 0.0825 0.0878 0.0951 0.102 0.112 0.121 0.132 0.142 0.152 0.16 0.167 0.171 0.175 0.178 0.181 0.185 0.191 0.198 0.208 0.221 0.237 0.259 0.285 0.315 0.35 0.39 0.442 0.506 0.589 0.684 0.764 0.846 0.924 1 1.08 1.16 1.23 1.3 1.36 1.41 1.44 1.47 1.5 1.53 1.56 1.6 1.65 1.7 1.77 1.84 1.93 2.02 2.12 2.22 2.31 2.41 2.5 2.62 2.77 2.95
0.0545 0.0553 0.056 0.0568 0.0577 0.059 0.0605 0.0623 0.0645 0.0671 0.0705 0.0743 0.0792 0.0842 0.0911 0.0979 0.107 0.117 0.128 0.138 0.148 0.157 0.165 0.171 0.176 0.18 0.184 0.188 0.194 0.2 0.21 0.224 0.242 0.265 0.292 0.323 0.358 0.396 0.445 0.506 0.59 0.683 0.768 0.851 0.929 1.01 1.08 1.16 1.23 1.3 1.36 1.4 1.43 1.45 1.48 1.51 1.54 1.58 1.62 1.67 1.73 1.8 1.88 1.96 2.05 2.13 2.21 2.29 2.37 2.46 2.61 2.78
0.0542 0.0548 0.0554 0.0563 0.0572 0.0584 0.0597 0.0613 0.0633 0.0656 0.0687 0.0721 0.0766 0.0813 0.0878 0.0943 0.104 0.113 0.124 0.135 0.146 0.156 0.164 0.171 0.177 0.182 0.187 0.192 0.197 0.203 0.213 0.229 0.249 0.274 0.303 0.334 0.37 0.408 0.452 0.507 0.594 0.686 0.77 0.852 0.93 1.01 1.08 1.15 1.22 1.29 1.36 1.39 1.41 1.44 1.46 1.49 1.52 1.56 1.6 1.65 1.71 1.77 1.84 1.92 1.99 2.06 2.13 2.2 2.27 2.35 2.49 2.65
0.054 0.0545 0.0551 0.0559 0.0567 0.0579 0.0591 0.0605 0.0622 0.0644 0.0672 0.0703 0.0745 0.079 0.0852 0.0915 0.101 0.11 0.121 0.133 0.144 0.155 0.164 0.172 0.18 0.185 0.191 0.196 0.202 0.207 0.217 0.236 0.259 0.286 0.316 0.349 0.387 0.428 0.475 0.533 0.612 0.698 0.778 0.856 0.931 1 1.07 1.14 1.2 1.26 1.31 1.35 1.38 1.41 1.43 1.46 1.49 1.53 1.57 1.62 1.68 1.74 1.8 1.87 1.94 2 2.07 2.13 2.2 2.28 2.4 2.54
0.0542 0.0547 0.0552 0.0556 0.0562 0.0574 0.0586 0.0599 0.0615 0.0635 0.0661 0.0691 0.0732 0.0775 0.0836 0.0898 0.0988 0.108 0.12 0.132 0.144 0.155 0.165 0.174 0.183 0.19 0.196 0.202 0.208 0.215 0.225 0.247 0.272 0.301 0.333 0.368 0.409 0.454 0.507 0.568 0.639 0.716 0.79 0.863 0.932 0.999 1.06 1.12 1.17 1.22 1.27 1.31 1.34 1.37 1.4 1.43 1.46 1.5 1.55 1.6 1.65 1.71 1.77 1.84 1.9 1.96 2.01 2.08 2.15 2.23 2.33 2.44
