maui/input/month_year_rainfall/maui_prcp_07_2001.asc
ncols        361
nrows        320
xllcorner    -156.738000000000
yllcorner    20.343000000000
cellsize     0.002250000000
NODATA_value -3.4028234663852885981e+38
[rows 93 to 123 of 320, columns 142 to 212 of 361]
0.167 0.163 0.16 0.157 0.155 0.153 0.153 0.153 0.155 0.158 0.162 0.167 0.174 0.182 0.193 0.205 0.221 0.238 0.258 0.279 0.304 0.329 0.354 0.378 0.401 0.421 0.439 0.454 0.467 0.476 0.483 0.487 0.489 0.491 0.497 0.511 0.531 0.556 0.585 0.617 0.657 0.699 0.747 0.798 0.857 0.918 0.986 1.06 1.15 1.25 1.36 1.48 1.61 1.74 1.89 2.07 2.26 2.47 2.7 2.97 3.26 3.57 3.91 4.28 4.66 5.07 5.51 5.96 6.44 6.93 7.43
0.155 0.152 0.149 0.147 0.145 0.144 0.144 0.145 0.147 0.15 0.154 0.159 0.166 0.175 0.186 0.197 0.213 0.229 0.249 0.27 0.293 0.317 0.342 0.365 0.387 0.406 0.423 0.437 0.449 0.457 0.464 0.466 0.467 0.467 0.469 0.484 0.506 0.531 0.559 0.59 0.628 0.669 0.714 0.763 0.819 0.878 0.944 1.02 1.11 1.21 1.32 1.44 1.56 1.7 1.85 2.03 2.22 2.44 2.68 2.95 3.25 3.57 3.92 4.29 4.68 5.1 5.54 6 6.48 6.98 7.5
0.144 0.141 0.139 0.136 0.135 0.134 0.135 0.136 0.139 0.142 0.147 0.152 0.159 0.168 0.179 0.19 0.206 0.222 0.241 0.261 0.284 0.307 0.331 0.353 0.374 0.392 0.409 0.421 0.433 0.441 0.447 0.45 0.451 0.451 0.453 0.465 0.485 0.508 0.535 0.565 0.601 0.64 0.684 0.73 0.785 0.844 0.91 0.987 1.08 1.18 1.28 1.39 1.52 1.66 1.81 1.99 2.19 2.42 2.67 2.95 3.25 3.57 3.92 4.29 4.69 5.11 5.56 6.03 6.52 7.02 7.54
0.132 0.13 0.128 0.126 0.125 0.125 0.126 0.128 0.131 0.135 0.14 0.145 0.153 0.161 0.172 0.184 0.199 0.214 0.233 0.252 0.275 0.297 0.32 0.342 0.362 0.379 0.395 0.407 0.417 0.425 0.431 0.435 0.437 0.439 0.443 0.453 0.469 0.489 0.514 0.541 0.576 0.613 0.654 0.699 0.752 0.811 0.88 0.961 1.05 1.15 1.24 1.35 1.47 1.61 1.76 1.95 2.15 2.39 2.65 2.93 3.24 3.57 3.92 4.29 4.7 5.12 5.58 6.05 6.54 7.05 7.58
0.121 0.119 0.117 0.116 0.115 0.116 0.117 0.12 0.123 0.128 0.133 0.139 0.147 0.155 0.166 0.178 0.193 0.208 0.226 0.245 0.267 0.288 0.31 0.331 0.35 0.366 0.38 0.392 0.402 0.409 0.415 0.42 0.425 0.428 0.434 0.443 0.457 0.475 0.497 0.521 0.553 0.587 0.626 0.669 0.72 0.778 0.848 0.93 1.03 1.12 1.21 1.31 1.43 1.57 1.72 1.9 2.11 2.36 2.62 2.91 3.21 3.54 3.89 4.27 4.68 5.11 5.57 6.04 6.54 7.05 7.59
0.111 0.108 0.106 0.106 0.106 0.107 0.109 0.112 0.116 0.121 0.127 0.133 0.141 0.15 0.161 0.172 0.187 0.202 0.22 0.238 0.259 0.28 0.301 0.32 0.338 0.353 0.366 0.377 0.387 0.394 0.4 0.407 0.413 0.417 0.424 0.434 0.447 0.462 0.481 0.503 0.53 0.562 0.598 0.638 0.687 0.743 0.81 0.889 0.98 1.07 1.16 1.27 1.38 1.52 1.68 1.86 2.07 2.32 2.59 2.88 3.18 3.51 3.86 4.24 4.65 5.09 5.55 6.02 6.51 7.03 7.57
0.101 0.0986 0.0965 0.0963 0.0975 0.0993 0.101 0.105 0.109 0.115 0.121 0.128 0.136 0.145 0.156 0.168 0.182 0.197 0.215 0.232 0.252 0.272 0.292 0.31 0.327 0.341 0.353 0.363 0.372 0.381 0.389 0.395 0.401 0.407 0.414 0.424 0.435 0.448 0.464 0.483 0.508 0.537 0.571 0.608 0.654 0.706 0.77 0.845 0.931 1.02 1.12 1.23 1.35 1.49 1.64 1.83 2.04 2.29 2.55 2.83 3.13 3.46 3.81 4.18 4.59 5.02 5.47 5.95 6.44 6.96 7.51
0.0923 0.0906 0.0891 0.0892 0.0905 0.0923 0.0945 0.0979 0.103 0.109 0.115 0.123 0.131 0.14 0.151 0.163 0.178 0.192 0.209 0.226 0.245 0.264 0.283 0.3 0.316 0.329 0.34 0.349 0.358 0.368 0.377 0.383 0.389 0.395 0.403 0.413 0.424 0.436 0.447 0.463 0.487 0.514 0.544 0.578 0.62 0.668 0.729 0.801 0.886 0.979 1.08 1.19 1.32 1.46 1.62 1.8 2.02 2.25 2.51 2.78 3.08 3.4 3.74 4.11 4.51 4.94 5.38 5.85 6.34 6.87 7.41
0.0847 0.0838 0.0832 0.0835 0.0847 0.0865 0.0887 0.0922 0.0974 0.104 0.111 0.118 0.127 0.136 0.147 0.159 0.173 0.188 0.204 0.22 0.239 0.257 0.275 0.291 0.306 0.318 0.327 0.336 0.344 0.354 0.364 0.37 0.376 0.383 0.392 0.403 0.415 0.425 0.434 0.446 0.467 0.491 0.518 0.548 0.588 0.633 0.691 0.763 0.848 0.94 1.04 1.16 1.28 1.43 1.59 1.78 1.99 2.21 2.46 2.72 3.01 3.33 3.66 4.02 4.41 4.82 5.25 5.72 6.21 6.73 7.28
0.0778 0.0776 0.0777 0.0783 0.0796 0.0815 0.0841 0.0879 0.093 0.0994 0.107 0.114 0.123 0.132 0.143 0.155 0.169 0.183 0.199 0.215 0.233 0.25 0.267 0.282 0.296 0.307 0.316 0.323 0.33 0.34 0.35 0.355 0.362 0.369 0.379 0.392 0.405 0.415 0.422 0.432 0.448 0.468 0.493 0.521 0.56 0.603 0.66 0.73 0.814 0.904 1 1.12 1.25 1.4 1.56 1.75 1.95 2.17 2.4 2.66 2.94 3.24 3.56 3.91 4.28 4.68 5.1 5.56 6.04 6.55 7.1
0.0715 0.0717 0.0723 0.0732 0.0747 0.0769 0.0797 0.0838 0.089 0.0954 0.103 0.11 0.119 0.128 0.14 0.151 0.165 0.179 0.194 0.209 0.226 0.243 0.258 0.273 0.285 0.296 0.306 0.311 0.316 0.325 0.335 0.34 0.346 0.354 0.363 0.377 0.393 0.402 0.406 0.413 0.428 0.446 0.469 0.496 0.535 0.579 0.637 0.705 0.785 0.872 0.966 1.08 1.22 1.37 1.53 1.71 1.9 2.11 2.34 2.58 2.85 3.13 3.44 3.77 4.12 4.51 4.92 5.36 5.83 6.34 6.87
0.0656 0.0662 0.067 0.0683 0.07 0.0723 0.0754 0.0797 0.085 0.0915 0.0987 0.107 0.115 0.125 0.136 0.148 0.162 0.175 0.19 0.204 0.22 0.235 0.25 0.263 0.275 0.285 0.294 0.3 0.304 0.312 0.32 0.324 0.33 0.336 0.345 0.356 0.369 0.378 0.384 0.392 0.406 0.423 0.446 0.474 0.514 0.559 0.616 0.682 0.76 0.845 0.937 1.05 1.19 1.34 1.5 1.67 1.85 2.05 2.26 2.49 2.74 3 3.29 3.61 3.95 4.32 4.71 5.14 5.6 6.08 6.6
0.0601 0.0609 0.062 0.0634 0.0652 0.0676 0.071 0.0755 0.0809 0.0875 0.0949 0.103 0.112 0.122 0.133 0.144 0.158 0.171 0.185 0.199 0.214 0.228 0.242 0.254 0.265 0.274 0.282 0.288 0.293 0.299 0.304 0.308 0.313 0.318 0.325 0.333 0.343 0.351 0.359 0.368 0.382 0.399 0.425 0.453 0.495 0.541 0.598 0.662 0.738 0.822 0.913 1.03 1.16 1.31 1.46 1.62 1.8 1.98 2.18 2.39 2.62 2.87 3.14 3.43 3.76 4.11 4.48 4.89 5.34 5.81 6.3
0.0549 0.056 0.0572 0.0588 0.0607 0.0631 0.0667 0.0713 0.0768 0.0836 0.0911 0.0995 0.109 0.118 0.13 0.142 0.155 0.168 0.181 0.194 0.208 0.221 0.233 0.244 0.254 0.262 0.269 0.275 0.28 0.284 0.288 0.291 0.295 0.299 0.304 0.31 0.318 0.325 0.334 0.344 0.359 0.378 0.405 0.436 0.478 0.525 0.58 0.644 0.719 0.804 0.899 1.01 1.14 1.28 1.42 1.57 1.73 1.9 2.08 2.28 2.49 2.72 2.97 3.25 3.55 3.88 4.23 4.62 5.05 5.49 5.97
0.05 0.0513 0.0527 0.0544 0.0565 0.0591 0.0626 0.0673 0.0728 0.0795 0.0871 0.0955 0.105 0.115 0.127 0.139 0.153 0.165 0.177 0.189 0.201 0.213 0.225 0.234 0.243 0.25 0.257 0.261 0.266 0.269 0.272 0.274 0.276 0.279 0.283 0.288 0.294 0.301 0.309 0.32 0.337 0.357 0.387 0.419 0.462 0.509 0.564 0.627 0.701 0.789 0.889 1 1.12 1.25 1.38 1.52 1.67 1.82 1.98 2.16 2.36 2.57 2.8 3.05 3.33 3.64 3.98 4.35 4.74 5.17 5.61
0.0453 0.0468 0.0484 0.0502 0.0524 0.0552 0.0586 0.0632 0.0686 0.0754 0.0829 0.0914 0.101 0.112 0.125 0.137 0.15 0.162 0.173 0.183 0.195 0.206 0.216 0.225 0.232 0.239 0.244 0.248 0.252 0.254 0.256 0.257 0.259 0.261 0.263 0.267 0.271 0.277 0.286 0.298 0.317 0.339 0.371 0.405 0.449 0.496 0.551 0.615 0.69 0.777 0.874 0.981 1.1 1.21 1.34 1.46 1.59 1.73 1.88 2.04 2.21 2.4 2.61 2.85 3.11 3.39 3.71 4.05 4.43 4.82 5.23
0.0409 0.0424 0.0442 0.0461 0.0483 0.0512 0.0546 0.0591 0.0645 0.0711 0.0786 0.0871 0.0972 0.109 0.123 0.136 0.148 0.158 0.168 0.178 0.188 0.198 0.207 0.215 0.222 0.227 0.232 0.235 0.238 0.24 0.241 0.242 0.242 0.243 0.245 0.247 0.25 0.255 0.264 0.278 0.299 0.323 0.356 0.392 0.437 0.485 0.54 0.605 0.681 0.766 0.86 0.962 1.07 1.18 1.29 1.4 1.52 1.64 1.77 1.91 2.07 2.23 2.42 2.64 2.88 3.15 3.44 3.77 4.11 4.48 4.86
0.0368 0.0383 0.0401 0.0421 0.0444 0.0473 0.0508 0.0552 0.0604 0.0668 0.0741 0.0824 0.0926 0.104 0.119 0.134 0.145 0.153 0.162 0.171 0.181 0.19 0.198 0.205 0.211 0.216 0.22 0.223 0.225 0.226 0.227 0.227 0.227 0.227 0.228 0.229 0.232 0.236 0.246 0.261 0.283 0.309 0.344 0.381 0.426 0.475 0.532 0.597 0.674 0.757 0.847 0.941 1.04 1.14 1.25 1.34 1.45 1.55 1.67 1.78 1.91 2.05 2.23 2.43 2.65 2.9 3.18 3.48 3.8 4.13 4.48
0.0328 0.0344 0.0363 0.0383 0.0406 0.0435 0.0469 0.0512 0.0562 0.0623 0.0693 0.0774 0.0872 0.0986 0.113 0.127 0.138 0.146 0.155 0.163 0.172 0.18 0.188 0.195 0.201 0.205 0.208 0.21 0.212 0.213 0.213 0.213 0.213 0.213 0.213 0.214 0.217 0.222 0.232 0.247 0.27 0.297 0.333 0.371 0.417 0.467 0.526 0.592 0.668 0.749 0.835 0.923 1.01 1.11 1.2 1.29 1.38 1.47 1.56 1.65 1.75 1.88 2.04 2.22 2.43 2.67 2.93 3.2 3.49 3.8 4.12
0.0292 0.0308 0.0327 0.0347 0.0371 0.0399 0.0432 0.0473 0.0521 0.0579 0.0645 0.072 0.0811 0.0916 0.104 0.116 0.127 0.136 0.145 0.154 0.163 0.171 0.178 0.185 0.19 0.194 0.197 0.199 0.2 0.2 0.201 0.2 0.2 0.199 0.2 0.201 0.204 0.211 0.222 0.237 0.261 0.288 0.324 0.362 0.41 0.462 0.523 0.59 0.662 0.739 0.82 0.903 0.989 1.07 1.16 1.24 1.32 1.4 1.47 1.54 1.61 1.7 1.86 2.04 2.24 2.45 2.69 2.94 3.2 3.48 3.76
0.0259 0.0275 0.0294 0.0314 0.0337 0.0364 0.0396 0.0435 0.048 0.0535 0.0596 0.0665 0.0748 0.0842 0.095 0.106 0.117 0.126 0.136 0.144 0.153 0.161 0.168 0.174 0.179 0.183 0.185 0.187 0.188 0.188 0.188 0.188 0.187 0.187 0.188 0.19 0.194 0.201 0.214 0.231 0.254 0.282 0.318 0.356 0.405 0.458 0.521 0.587 0.657 0.73 0.808 0.886 0.966 1.04 1.12 1.2 1.27 1.33 1.39 1.44 1.49 1.57 1.71 1.88 2.06 2.25 2.47 2.69 2.93 3.17 3.43
0.0229 0.0245 0.0263 0.0283 0.0305 0.0332 0.0362 0.0398 0.044 0.0491 0.0548 0.0611 0.0687 0.077 0.0867 0.0962 0.107 0.116 0.126 0.134 0.143 0.151 0.158 0.164 0.169 0.172 0.174 0.176 0.177 0.177 0.177 0.177 0.177 0.177 0.178 0.181 0.186 0.195 0.208 0.226 0.25 0.278 0.314 0.353 0.403 0.456 0.516 0.581 0.65 0.721 0.795 0.868 0.941 1.01 1.08 1.15 1.21 1.26 1.31 1.36 1.42 1.49 1.6 1.74 1.9 2.08 2.26 2.46 2.67 2.88 3.11
0.0203 0.0218 0.0236 0.0255 0.0276 0.0302 0.033 0.0364 0.0403 0.045 0.0502 0.056 0.0628 0.0704 0.0791 0.0879 0.0977 0.107 0.116 0.125 0.134 0.141 0.148 0.154 0.158 0.161 0.164 0.165 0.166 0.166 0.166 0.166 0.167 0.168 0.17 0.174 0.18 0.19 0.205 0.223 0.248 0.276 0.312 0.352 0.402 0.455 0.512 0.576 0.644 0.712 0.781 0.849 0.916 0.981 1.05 1.1 1.16 1.2 1.25 1.29 1.34 1.41 1.51 1.63 1.76 1.91 2.08 2.25 2.43 2.61 2.81
0.018 0.0195 0.0212 0.023 0.025 0.0274 0.0301 0.0332 0.0368 0.0412 0.046 0.0512 0.0575 0.0644 0.0724 0.0805 0.0897 0.0984 0.107 0.116 0.124 0.132 0.139 0.144 0.148 0.151 0.153 0.154 0.155 0.155 0.156 0.157 0.158 0.16 0.163 0.168 0.176 0.187 0.203 0.222 0.247 0.275 0.313 0.353 0.404 0.456 0.512 0.574 0.639 0.703 0.766 0.828 0.89 0.948 1 1.05 1.1 1.14 1.18 1.22 1.27 1.34 1.42 1.52 1.64 1.77 1.9 2.05 2.2 2.36 2.53
0.0161 0.0175 0.0191 0.0209 0.0228 0.025 0.0275 0.0304 0.0338 0.0378 0.0422 0.047 0.0527 0.0591 0.0664 0.0739 0.0825 0.0907 0.0993 0.107 0.116 0.123 0.129 0.134 0.138 0.141 0.143 0.144 0.145 0.146 0.147 0.148 0.15 0.153 0.157 0.163 0.172 0.184 0.201 0.221 0.247 0.275 0.314 0.356 0.406 0.458 0.514 0.573 0.634 0.693 0.751 0.808 0.863 0.913 0.963 1 1.05 1.08 1.12 1.16 1.2 1.26 1.34 1.42 1.52 1.63 1.74 1.86 1.99 2.13 2.27
0.0144 0.0158 0.0173 0.019 0.0208 0.0229 0.0252 0.0279 0.031 0.0348 0.0389 0.0433 0.0485 0.0543 0.0611 0.068 0.0761 0.0838 0.092 0.0995 0.108 0.115 0.121 0.126 0.129 0.132 0.134 0.134 0.135 0.136 0.138 0.14 0.143 0.147 0.151 0.158 0.169 0.182 0.2 0.22 0.247 0.276 0.316 0.358 0.408 0.46 0.514 0.571 0.628 0.683 0.736 0.787 0.837 0.88 0.922 0.956 0.991 1.02 1.05 1.09 1.14 1.19 1.25 1.32 1.4 1.49 1.59 1.69 1.8 1.91 2.02
0.013 0.0143 0.0158 0.0174 0.0192 0.0211 0.0234 0.0259 0.0289 0.0323 0.0361 0.0402 0.045 0.0503 0.0566 0.063 0.0705 0.0778 0.0854 0.0926 0.1 0.107 0.113 0.118 0.121 0.124 0.125 0.125 0.126 0.128 0.13 0.133 0.137 0.141 0.147 0.155 0.166 0.181 0.199 0.22 0.247 0.277 0.318 0.361 0.41 0.461 0.512 0.565 0.619 0.671 0.721 0.767 0.811 0.848 0.884 0.912 0.941 0.968 0.998 1.03 1.07 1.12 1.17 1.23 1.3 1.37 1.45 1.54 1.63 1.72 1.81
0.0118 0.0131 0.0145 0.016 0.0177 0.0196 0.0217 0.0242 0.027 0.0302 0.0337 0.0375 0.042 0.0468 0.0526 0.0585 0.0655 0.0724 0.0796 0.0864 0.0936 0.1 0.106 0.11 0.114 0.116 0.118 0.118 0.118 0.12 0.124 0.127 0.131 0.136 0.143 0.152 0.165 0.18 0.199 0.221 0.248 0.279 0.32 0.364 0.413 0.462 0.509 0.558 0.609 0.658 0.705 0.748 0.787 0.818 0.847 0.87 0.893 0.917 0.943 0.971 1.01 1.05 1.09 1.14 1.2 1.26 1.33 1.4 1.47 1.55 1.62
0.011 0.0122 0.0135 0.015 0.0166 0.0185 0.0205 0.0229 0.0255 0.0285 0.0318 0.0353 0.0394 0.0439 0.0493 0.0548 0.0613 0.0677 0.0745 0.081 0.0878 0.094 0.0996 0.104 0.108 0.11 0.112 0.113 0.114 0.116 0.119 0.123 0.127 0.132 0.14 0.15 0.163 0.179 0.198 0.22 0.249 0.281 0.322 0.365 0.411 0.458 0.503 0.55 0.597 0.643 0.688 0.727 0.763 0.79 0.814 0.832 0.85 0.869 0.892 0.917 0.947 0.982 1.02 1.06 1.11 1.16 1.22 1.28 1.35 1.41 1.47
0.0102 0.0114 0.0127 0.0141 0.0156 0.0175 0.0195 0.0217 0.0242 0.027 0.0301 0.0334 0.0372 0.0414 0.0464 0.0516 0.0577 0.0637 0.0701 0.0762 0.0828 0.0887 0.0942 0.0988 0.102 0.105 0.107 0.109 0.11 0.112 0.115 0.119 0.123 0.129 0.137 0.148 0.161 0.178 0.198 0.22 0.25 0.283 0.324 0.366 0.409 0.452 0.495 0.539 0.583 0.627 0.67 0.707 0.74 0.763 0.781 0.794 0.807 0.822 0.841 0.863 0.888 0.918 0.952 0.989 1.03 1.08 1.12 1.18 1.23 1.28 1.34
0.00974 0.0109 0.0121 0.0135 0.0151 0.0168 0.0188 0.0209 0.0232 0.026 0.0289 0.032 0.0355 0.0394 0.0441 0.0489 0.0546 0.0603 0.0664 0.0722 0.0785 0.0843 0.0896 0.0942 0.0981 0.101 0.104 0.105 0.107 0.109 0.112 0.115 0.12 0.126 0.134 0.146 0.16 0.177 0.197 0.219 0.249 0.282 0.322 0.364 0.403 0.443 0.483 0.524 0.565 0.608 0.651 0.689 0.721 0.741 0.753 0.762 0.772 0.784 0.8 0.818 0.84 0.866 0.894 0.926 0.962 1 1.04 1.09 1.13 1.18 1.23
