maui/input/month_year_rainfall/maui_prcp_02_2002.asc
ncols        361
nrows        320
xllcorner    -156.738000000000
yllcorner    20.343000000000
cellsize     0.002250000000
NODATA_value -3.4028234663852885981e+38
[rows 64 to 95 of 320, columns 0 to 71 of 361]
-3.4e+38 -3.4e+38 -3.4e+38 -3.4e+38 -3.4e+38 -3.4e+38 -3.4e+38 -3.4e+38 -3.4e+38 -3.4e+38 -3.4e+38 -3.4e+38 -3.4e+38 -3.4e+38 -3.4e+38 -3.4e+38 -3.4e+38 7.19 7.2 7.22 7.23 7.26 7.29 7.36 7.42 7.52 7.64 7.77 7.92 8.08 8.27 8.45 8.66 8.85 9.07 9.26 9.47 9.66 9.89 10.1 10.4 10.7 11.1 11.4 11.8 12.1 12.5 12.9 13.3 13.5 13.6 13.8 14.1 14.5 14.9 15.5 16 16.5 17 17.5 18.1 18.5 19 19.3 19.7 20.3 21.1 21.7 22.3 22.7 23.1 23.4
-3.4e+38 -3.4e+38 -3.4e+38 -3.4e+38 -3.4e+38 -3.4e+38 -3.4e+38 -3.4e+38 -3.4e+38 -3.4e+38 -3.4e+38 -3.4e+38 -3.4e+38 -3.4e+38 -3.4e+38 -3.4e+38 -3.4e+38 7.29 7.3 7.32 7.33 7.37 7.4 7.46 7.53 7.63 7.75 7.88 8.03 8.19 8.37 8.56 8.77 8.97 9.19 9.39 9.61 9.81 10 10.3 10.6 10.8 11.1 11.4 11.7 12 12.3 12.7 13 13.2 13.4 13.6 13.9 14.3 14.8 15.4 16 16.6 17.2 17.9 18.5 19.1 19.6 20 20.4 21.1 22 22.7 23.3 23.8 24.3 24.6
-3.4e+38 -3.4e+38 -3.4e+38 -3.4e+38 -3.4e+38 -3.4e+38 -3.4e+38 -3.4e+38 -3.4e+38 -3.4e+38 -3.4e+38 -3.4e+38 -3.4e+38 -3.4e+38 -3.4e+38 -3.4e+38 -3.4e+38 -3.4e+38 7.39 7.41 7.42 7.46 7.5 7.56 7.63 7.73 7.84 7.97 8.12 8.28 8.46 8.65 8.87 9.06 9.3 9.5 9.72 9.92 10.1 10.4 10.6 10.9 11.2 11.4 11.7 11.9 12.1 12.4 12.6 12.8 13 13.3 13.6 14.1 14.7 15.4 16.1 16.8 17.5 18.3 19 19.7 20.3 20.9 21.6 22.3 23.2 23.9 24.5 25.1 25.5 25.9
-3.4e+38 -3.4e+38 -3.4e+38 -3.4e+38 -3.4e+38 -3.4e+38 -3.4e+38 -3.4e+38 -3.4e+38 -3.4e+38 -3.4e+38 -3.4e+38 -3.4e+38 -3.4e+38 -3.4e+38 -3.4e+38 -3.4e+38 -3.4e+38 -3.4e+38 7.48 7.5 7.54 7.58 7.65 7.72 7.83 7.94 8.07 8.21 8.36 8.55 8.73 8.95 9.15 9.39 9.59 9.81 10 10.2 10.5 10.7 11 11.2 11.4 11.6 11.8 11.9 12.1 12.2 12.4 12.6 12.9 13.3 13.9 14.6 15.3 16.1 17 17.9 18.7 19.6 20.4 21.2 22 22.8 23.7 24.5 25.3 25.9 26.5 26.9 27.3
-3.4e+38 -3.4e+38 -3.4e+38 -3.4e+38 -3.4e+38 -3.4e+38 -3.4e+38 -3.4e+38 -3.4e+38 -3.4e+38 -3.4e+38 -3.4e+38 -3.4e+38 -3.4e+38 -3.4e+38 -3.4e+38 -3.4e+38 -3.4e+38 -3.4e+38 -3.4e+38 7.57 7.62 7.65 7.73 7.8 7.92 8.03 8.15 8.29 8.43 8.62 8.8 9.02 9.21 9.46 9.66 9.87 10.1 10.3 10.5 10.8 11 11.2 11.4 11.5 11.6 11.7 11.7 11.8 11.9 12.1 12.4 12.9 13.6 14.4 15.3 16.3 17.2 18.2 19.2 20.2 21.2 22.2 23.2 24.1 25.1 26 26.8 27.4 28 28.4 28.7
-3.4e+38 -3.4e+38 -3.4e+38 -3.4e+38 -3.4e+38 -3.4e+38 -3.4e+38 -3.4e+38 -3.4e+38 -3.4e+38 -3.4e+38 -3.4e+38 -3.4e+38 -3.4e+38 -3.4e+38 -3.4e+38 -3.4e+38 -3.4e+38 -3.4e+38 -3.4e+38 -3.4e+38 7.68 7.72 7.8 7.88 7.99 8.11 8.22 8.36 8.5 8.68 8.86 9.07 9.26 9.5 9.7 9.92 10.1 10.3 10.6 10.8 11 11.2 11.3 11.4 11.4 11.4 11.4 11.4 11.4 11.5 11.9 12.5 13.3 14.3 15.3 16.4 17.5 18.6 19.8 20.9 22.1 23.2 24.4 25.5 26.5 27.5 28.3 29 29.5 29.9 30.2
-3.4e+38 -3.4e+38 -3.4e+38 -3.4e+38 -3.4e+38 -3.4e+38 -3.4e+38 -3.4e+38 -3.4e+38 -3.4e+38 -3.4e+38 -3.4e+38 -3.4e+38 -3.4e+38 -3.4e+38 -3.4e+38 -3.4e+38 -3.4e+38 -3.4e+38 -3.4e+38 -3.4e+38 -3.4e+38 7.78 7.86 7.93 8.04 8.15 8.28 8.41 8.56 8.74 8.91 9.12 9.31 9.54 9.74 9.96 10.2 10.4 10.6 10.8 11 11.2 11.3 11.3 11.3 11.3 11.2 11.1 10.9 10.9 11.3 12.1 13.1 14.2 15.4 16.6 17.9 19.1 20.4 21.6 22.9 24.3 25.6 26.9 28.1 29.1 30 30.7 31.2 31.6 31.7
-3.4e+38 -3.4e+38 -3.4e+38 -3.4e+38 -3.4e+38 -3.4e+38 -3.4e+38 -3.4e+38 -3.4e+38 -3.4e+38 -3.4e+38 -3.4e+38 -3.4e+38 -3.4e+38 -3.4e+38 -3.4e+38 -3.4e+38 -3.4e+38 -3.4e+38 -3.4e+38 -3.4e+38 -3.4e+38 7.83 7.91 7.99 8.09 8.2 8.33 8.47 8.62 8.79 8.97 9.17 9.35 9.58 9.77 10 10.2 10.4 10.6 10.8 11 11.1 11.2 11.2 11.2 11.1 11 10.8 10.6 10.3 10.8 11.9 13.1 14.3 15.6 16.9 18.2 19.6 21 22.4 23.9 25.4 26.9 28.3 29.7 30.9 31.9 32.6 33.1 33.3 33.3
-3.4e+38 -3.4e+38 -3.4e+38 -3.4e+38 -3.4e+38 -3.4e+38 -3.4e+38 -3.4e+38 -3.4e+38 -3.4e+38 -3.4e+38 -3.4e+38 -3.4e+38 -3.4e+38 -3.4e+38 -3.4e+38 -3.4e+38 -3.4e+38 -3.4e+38 -3.4e+38 -3.4e+38 -3.4e+38 -3.4e+38 7.96 8.03 8.13 8.24 8.37 8.52 8.67 8.85 9.02 9.22 9.4 9.62 9.8 10 10.2 10.5 10.7 10.9 11 11.1 11.2 11.2 11.2 11.1 11 10.8 10.6 10.5 11 12 13.2 14.5 15.9 17.3 18.7 20.2 21.7 23.2 24.8 26.5 28.2 29.8 31.4 32.8 33.9 34.6 35 35 34.9
-3.4e+38 -3.4e+38 -3.4e+38 -3.4e+38 -3.4e+38 -3.4e+38 -3.4e+38 -3.4e+38 -3.4e+38 -3.4e+38 -3.4e+38 -3.4e+38 -3.4e+38 -3.4e+38 -3.4e+38 -3.4e+38 -3.4e+38 -3.4e+38 -3.4e+38 -3.4e+38 -3.4e+38 -3.4e+38 7.92 8 8.08 8.18 8.29 8.43 8.57 8.73 8.91 9.08 9.28 9.46 9.67 9.85 10.1 10.3 10.5 10.7 10.8 11 11.1 11.1 11.2 11.2 11.1 11.1 11 11 11.1 11.6 12.5 13.6 14.9 16.3 17.7 19.2 20.7 22.3 24 25.7 27.5 29.4 31.3 33.1 34.8 36 36.7 36.8 36.7 36.3
-3.4e+38 -3.4e+38 -3.4e+38 -3.4e+38 -3.4e+38 -3.4e+38 -3.4e+38 -3.4e+38 -3.4e+38 -3.4e+38 -3.4e+38 -3.4e+38 -3.4e+38 -3.4e+38 -3.4e+38 -3.4e+38 -3.4e+38 -3.4e+38 -3.4e+38 -3.4e+38 -3.4e+38 -3.4e+38 7.96 8.04 8.12 8.22 8.34 8.48 8.63 8.79 8.97 9.14 9.33 9.5 9.71 9.89 10.1 10.3 10.5 10.7 10.8 11 11 11.1 11.1 11.2 11.2 11.2 11.3 11.4 11.7 12.3 13.1 14.1 15.4 16.7 18.1 19.7 21.2 22.9 24.7 26.5 28.5 30.6 32.7 34.9 37 38.4 38.8 38.7 38.2 37.5
-3.4e+38 -3.4e+38 -3.4e+38 -3.4e+38 -3.4e+38 -3.4e+38 -3.4e+38 -3.4e+38 -3.4e+38 -3.4e+38 -3.4e+38 -3.4e+38 -3.4e+38 -3.4e+38 -3.4e+38 -3.4e+38 -3.4e+38 -3.4e+38 -3.4e+38 -3.4e+38 -3.4e+38 -3.4e+38 8 8.09 8.17 8.28 8.4 8.55 8.7 8.85 9.03 9.2 9.39 9.55 9.75 9.93 10.1 10.3 10.5 10.7 10.8 10.9 11 11.1 11.1 11.2 11.3 11.4 11.5 11.8 12.2 12.8 13.6 14.7 15.9 17.2 18.6 20.1 21.7 23.5 25.3 27.2 29.3 31.5 33.9 36.5 39.1 41 40.9 40.2 39.3 38.4
-3.4e+38 -3.4e+38 -3.4e+38 -3.4e+38 -3.4e+38 -3.4e+38 -3.4e+38 -3.4e+38 -3.4e+38 -3.4e+38 -3.4e+38 -3.4e+38 -3.4e+38 -3.4e+38 -3.4e+38 -3.4e+38 -3.4e+38 -3.4e+38 -3.4e+38 -3.4e+38 -3.4e+38 -3.4e+38 8.04 8.13 8.22 8.34 8.46 8.61 8.77 8.92 9.09 9.25 9.43 9.59 9.78 9.95 10.1 10.3 10.5 10.7 10.8 10.9 11 11.1 11.1 11.2 11.3 11.6 11.8 12.2 12.6 13.3 14.1 15.1 16.3 17.6 19 20.6 22.2 23.9 25.7 27.7 29.8 32.1 34.6 37.4 40.6 43.7 42.2 41 39.9 38.9
-3.4e+38 -3.4e+38 -3.4e+38 -3.4e+38 -3.4e+38 -3.4e+38 -3.4e+38 -3.4e+38 -3.4e+38 -3.4e+38 -3.4e+38 -3.4e+38 -3.4e+38 -3.4e+38 -3.4e+38 -3.4e+38 -3.4e+38 -3.4e+38 -3.4e+38 -3.4e+38 -3.4e+38 8 8.08 8.18 8.28 8.4 8.52 8.68 8.84 8.99 9.15 9.3 9.47 9.62 9.8 9.96 10.1 10.3 10.5 10.7 10.8 10.9 11 11.1 11.1 11.3 11.4 11.7 12 12.4 12.9 13.6 14.5 15.5 16.7 18 19.4 20.9 22.5 24.2 26 28 30 32.3 34.7 37.3 40 41.9 41.7 40.8 39.8 38.8
-3.4e+38 -3.4e+38 -3.4e+38 -3.4e+38 -3.4e+38 -3.4e+38 -3.4e+38 -3.4e+38 -3.4e+38 -3.4e+38 -3.4e+38 -3.4e+38 -3.4e+38 -3.4e+38 -3.4e+38 -3.4e+38 -3.4e+38 -3.4e+38 -3.4e+38 -3.4e+38 -3.4e+38 8.03 8.12 8.23 8.34 8.45 8.59 8.75 8.92 9.06 9.21 9.34 9.5 9.64 9.82 9.97 10.1 10.3 10.5 10.6 10.8 10.9 10.9 11 11.1 11.3 11.5 11.8 12.1 12.6 13.2 13.9 14.7 15.8 16.9 18.2 19.6 21.1 22.6 24.3 26.1 28 30 32.1 34.3 36.5 38.5 39.9 40.2 39.8 39.1 38.3
-3.4e+38 -3.4e+38 -3.4e+38 -3.4e+38 -3.4e+38 -3.4e+38 -3.4e+38 -3.4e+38 -3.4e+38 -3.4e+38 -3.4e+38 -3.4e+38 -3.4e+38 -3.4e+38 -3.4e+38 -3.4e+38 -3.4e+38 -3.4e+38 -3.4e+38 -3.4e+38 -3.4e+38 8.05 8.15 8.26 8.38 8.51 8.65 8.83 9 9.13 9.26 9.38 9.53 9.66 9.83 9.97 10.1 10.3 10.5 10.6 10.7 10.8 10.9 11 11.1 11.3 11.5 11.8 12.2 12.7 13.3 14 14.9 15.9 17 18.3 19.7 21.2 22.7 24.3 26 27.8 29.7 31.6 33.5 35.4 37 38.1 38.5 38.5 38 37.4
-3.4e+38 -3.4e+38 -3.4e+38 -3.4e+38 -3.4e+38 -3.4e+38 -3.4e+38 -3.4e+38 -3.4e+38 -3.4e+38 -3.4e+38 -3.4e+38 -3.4e+38 -3.4e+38 -3.4e+38 -3.4e+38 -3.4e+38 -3.4e+38 -3.4e+38 -3.4e+38 -3.4e+38 8.05 8.16 8.28 8.4 8.54 8.69 8.87 9.04 9.16 9.28 9.39 9.54 9.67 9.83 9.97 10.1 10.3 10.5 10.6 10.7 10.8 10.9 11 11.1 11.3 11.5 11.9 12.2 12.7 13.3 14 14.9 15.9 17 18.3 19.6 21.1 22.6 24.2 25.8 27.5 29.2 30.9 32.6 34.1 35.4 36.4 36.9 37 36.7 36.3
-3.4e+38 -3.4e+38 -3.4e+38 -3.4e+38 -3.4e+38 -3.4e+38 -3.4e+38 -3.4e+38 -3.4e+38 -3.4e+38 -3.4e+38 -3.4e+38 -3.4e+38 -3.4e+38 -3.4e+38 -3.4e+38 -3.4e+38 -3.4e+38 -3.4e+38 -3.4e+38 -3.4e+38 -3.4e+38 8.16 8.28 8.41 8.55 8.7 8.86 9.02 9.14 9.26 9.38 9.52 9.65 9.81 9.96 10.1 10.3 10.4 10.6 10.7 10.8 10.9 11 11.1 11.3 11.5 11.8 12.2 12.7 13.2 13.9 14.7 15.8 16.9 18.1 19.5 20.9 22.3 23.8 25.4 27 28.5 30.1 31.5 32.9 33.9 34.7 35.2 35.4 35.3 35.1
-3.4e+38 -3.4e+38 -3.4e+38 -3.4e+38 -3.4e+38 -3.4e+38 -3.4e+38 -3.4e+38 -3.4e+38 -3.4e+38 -3.4e+38 -3.4e+38 -3.4e+38 -3.4e+38 -3.4e+38 -3.4e+38 -3.4e+38 -3.4e+38 -3.4e+38 -3.4e+38 -3.4e+38 -3.4e+38 -3.4e+38 8.27 8.39 8.53 8.67 8.83 8.99 9.09 9.2 9.32 9.46 9.59 9.76 9.92 10.1 10.3 10.4 10.6 10.7 10.8 10.9 11 11.1 11.3 11.5 11.9 12.2 12.7 13.1 13.7 14.6 15.7 16.8 18 19.3 20.6 22 23.4 24.9 26.4 27.8 29.2 30.4 31.6 32.5 33.2 33.7 33.9 33.9 33.7
-3.4e+38 -3.4e+38 -3.4e+38 -3.4e+38 -3.4e+38 -3.4e+38 -3.4e+38 -3.4e+38 -3.4e+38 -3.4e+38 -3.4e+38 -3.4e+38 -3.4e+38 -3.4e+38 -3.4e+38 -3.4e+38 -3.4e+38 -3.4e+38 -3.4e+38 -3.4e+38 -3.4e+38 -3.4e+38 -3.4e+38 -3.4e+38 8.35 8.49 8.62 8.77 8.9 8.99 9.11 9.22 9.37 9.51 9.69 9.85 10 10.2 10.4 10.6 10.7 10.8 10.9 11 11.1 11.3 11.5 11.8 12.2 12.7 13.1 13.7 14.5 15.5 16.6 17.7 19 20.2 21.6 22.9 24.3 25.7 27 28.2 29.3 30.3 31.1 31.7 32.1 32.4 32.5 32.4
-3.4e+38 -3.4e+38 -3.4e+38 -3.4e+38 -3.4e+38 -3.4e+38 -3.4e+38 -3.4e+38 -3.4e+38 -3.4e+38 -3.4e+38 -3.4e+38 -3.4e+38 -3.4e+38 -3.4e+38 -3.4e+38 -3.4e+38 -3.4e+38 -3.4e+38 -3.4e+38 -3.4e+38 -3.4e+38 -3.4e+38 -3.4e+38 -3.4e+38 8.42 8.54 8.67 8.78 8.88 8.99 9.1 9.25 9.39 9.57 9.73 9.94 10.1 10.3 10.5 10.7 10.8 10.9 11 11.1 11.3 11.5 11.8 12.2 12.7 13.1 13.7 14.5 15.4 16.4 17.4 18.6 19.8 21.1 22.4 23.7 24.9 26.1 27.2 28.2 29 29.7 30.3 30.7 30.9 31 30.9
-3.4e+38 -3.4e+38 -3.4e+38 -3.4e+38 -3.4e+38 -3.4e+38 -3.4e+38 -3.4e+38 -3.4e+38 -3.4e+38 -3.4e+38 -3.4e+38 -3.4e+38 -3.4e+38 -3.4e+38 -3.4e+38 -3.4e+38 -3.4e+38 -3.4e+38 -3.4e+38 -3.4e+38 -3.4e+38 -3.4e+38 -3.4e+38 -3.4e+38 8.34 8.44 8.55 8.66 8.75 8.86 8.97 9.11 9.24 9.42 9.6 9.81 10 10.3 10.5 10.6 10.8 10.9 11 11.1 11.3 11.5 11.8 12.2 12.6 13.1 13.7 14.4 15.1 16 17 18.1 19.2 20.5 21.8 23 24.1 25.2 26.2 27 27.8 28.4 28.9 29.2 29.5 29.6 29.5
-3.4e+38 -3.4e+38 -3.4e+38 -3.4e+38 -3.4e+38 -3.4e+38 -3.4e+38 -3.4e+38 -3.4e+38 -3.4e+38 -3.4e+38 -3.4e+38 -3.4e+38 -3.4e+38 -3.4e+38 -3.4e+38 -3.4e+38 -3.4e+38 -3.4e+38 -3.4e+38 -3.4e+38 -3.4e+38 -3.4e+38 -3.4e+38 -3.4e+38 -3.4e+38 8.34 8.43 8.53 8.62 8.73 8.83 8.96 9.07 9.26 9.44 9.66 9.88 10.1 10.3 10.5 10.7 10.8 10.9 11.1 11.3 11.5 11.8 12.1 12.5 12.9 13.5 14.1 14.8 15.6 16.5 17.5 18.6 19.8 21.1 22.2 23.3 24.3 25.2 25.9 26.6 27.1 27.5 27.8 28.1 28.2 28.2
-3.4e+38 -3.4e+38 -3.4e+38 -3.4e+38 -3.4e+38 -3.4e+38 -3.4e+38 -3.4e+38 -3.4e+38 -3.4e+38 -3.4e+38 -3.4e+38 -3.4e+38 -3.4e+38 -3.4e+38 -3.4e+38 -3.4e+38 -3.4e+38 -3.4e+38 -3.4e+38 -3.4e+38 -3.4e+38 -3.4e+38 -3.4e+38 -3.4e+38 -3.4e+38 -3.4e+38 8.31 8.4 8.48 8.58 8.68 8.79 8.9 9.08 9.26 9.48 9.7 9.95 10.2 10.4 10.6 10.7 10.9 11 11.2 11.4 11.7 12 12.3 12.7 13.2 13.8 14.4 15.2 16 16.8 17.9 19.2 20.4 21.5 22.5 23.4 24.2 24.8 25.4 25.8 26.2 26.5 26.7 26.8 26.9
-3.4e+38 -3.4e+38 -3.4e+38 -3.4e+38 -3.4e+38 -3.4e+38 -3.4e+38 -3.4e+38 -3.4e+38 -3.4e+38 -3.4e+38 -3.4e+38 -3.4e+38 -3.4e+38 -3.4e+38 -3.4e+38 -3.4e+38 -3.4e+38 -3.4e+38 -3.4e+38 -3.4e+38 -3.4e+38 -3.4e+38 -3.4e+38 -3.4e+38 -3.4e+38 -3.4e+38 -3.4e+38 8.26 8.34 8.43 8.52 8.65 8.75 8.92 9.07 9.29 9.51 9.76 10 10.2 10.5 10.6 10.8 11 11.1 11.3 11.5 11.8 12.1 12.5 12.9 13.4 14 14.7 15.5 16.4 17.5 18.6 19.7 20.8 21.7 22.5 23.2 23.7 24.2 24.6 24.9 25.2 25.4 25.6 25.6
-3.4e+38 -3.4e+38 -3.4e+38 -3.4e+38 -3.4e+38 -3.4e+38 -3.4e+38 -3.4e+38 -3.4e+38 -3.4e+38 -3.4e+38 -3.4e+38 -3.4e+38 -3.4e+38 -3.4e+38 -3.4e+38 -3.4e+38 -3.4e+38 -3.4e+38 -3.4e+38 -3.4e+38 -3.4e+38 -3.4e+38 -3.4e+38 -3.4e+38 -3.4e+38 -3.4e+38 -3.4e+38 8.12 8.19 8.28 8.37 8.49 8.61 8.75 8.88 9.09 9.3 9.56 9.82 10.1 10.3 10.5 10.7 10.8 11 11.2 11.4 11.6 11.8 12.1 12.5 12.9 13.4 14.1 15 15.9 17 18 19.1 20 20.9 21.6 22.2 22.6 23 23.4 23.6 23.9 24.1 24.3 24.4
-3.4e+38 -3.4e+38 -3.4e+38 -3.4e+38 -3.4e+38 -3.4e+38 -3.4e+38 -3.4e+38 -3.4e+38 -3.4e+38 -3.4e+38 -3.4e+38 -3.4e+38 -3.4e+38 -3.4e+38 -3.4e+38 -3.4e+38 -3.4e+38 -3.4e+38 -3.4e+38 -3.4e+38 -3.4e+38 -3.4e+38 -3.4e+38 -3.4e+38 -3.4e+38 -3.4e+38 -3.4e+38 -3.4e+38 8.04 8.12 8.21 8.33 8.45 8.59 8.71 8.89 9.09 9.35 9.61 9.88 10.1 10.3 10.5 10.7 10.8 11 11.2 11.3 11.5 11.7 12 12.3 12.8 13.5 14.4 15.4 16.5 17.5 18.5 19.4 20.1 20.7 21.2 21.5 21.9 22.1 22.4 22.6 22.9 23.1 23.3
-3.4e+38 -3.4e+38 -3.4e+38 -3.4e+38 -3.4e+38 -3.4e+38 -3.4e+38 -3.4e+38 -3.4e+38 -3.4e+38 -3.4e+38 -3.4e+38 -3.4e+38 -3.4e+38 -3.4e+38 -3.4e+38 -3.4e+38 -3.4e+38 -3.4e+38 -3.4e+38 -3.4e+38 -3.4e+38 -3.4e+38 -3.4e+38 -3.4e+38 -3.4e+38 -3.4e+38 -3.4e+38 -3.4e+38 -3.4e+38 7.96 8.04 8.15 8.25 8.39 8.52 8.69 8.88 9.14 9.4 9.68 9.93 10.1 10.3 10.5 10.6 10.8 10.9 11 11.2 11.3 11.5 11.7 12.1 12.8 13.8 14.8 15.9 16.9 17.9 18.8 19.4 19.9 20.2 20.4 20.7 20.9 21.1 21.4 21.6 21.9 22.1
-3.4e+38 -3.4e+38 -3.4e+38 -3.4e+38 -3.4e+38 -3.4e+38 -3.4e+38 -3.4e+38 -3.4e+38 -3.4e+38 -3.4e+38 -3.4e+38 -3.4e+38 -3.4e+38 -3.4e+38 -3.4e+38 -3.4e+38 -3.4e+38 -3.4e+38 -3.4e+38 -3.4e+38 -3.4e+38 -3.4e+38 -3.4e+38 -3.4e+38 -3.4e+38 -3.4e+38 -3.4e+38 -3.4e+38 -3.4e+38 -3.4e+38 7.86 7.96 8.06 8.19 8.31 8.49 8.67 8.91 9.17 9.46 9.72 9.92 10.1 10.2 10.4 10.5 10.6 10.7 10.8 11 11.1 11.2 11.3 12.1 13.2 14.2 15.3 16.3 17.4 18.2 18.8 19 19.2 19.3 19.4 19.6 19.8 20.1 20.4 20.7 21
-3.4e+38 -3.4e+38 -3.4e+38 -3.4e+38 -3.4e+38 -3.4e+38 -3.4e+38 -3.4e+38 -3.4e+38 -3.4e+38 -3.4e+38 -3.4e+38 -3.4e+38 -3.4e+38 -3.4e+38 -3.4e+38 -3.4e+38 -3.4e+38 -3.4e+38 -3.4e+38 -3.4e+38 -3.4e+38 -3.4e+38 -3.4e+38 -3.4e+38 -3.4e+38 -3.4e+38 -3.4e+38 -3.4e+38 -3.4e+38 -3.4e+38 -3.4e+38 7.79 7.87 8 8.11 8.28 8.45 8.68 8.93 9.23 9.49 9.66 9.82 9.97 10.1 10.2 10.3 10.4 10.5 10.6 10.7 10.8 11 11.7 12.6 13.6 14.6 15.7 16.7 17.7 18.1 18.1 18 18 18.1 18.3 18.6 18.8 19.1 19.5 19.9
-3.4e+38 -3.4e+38 -3.4e+38 -3.4e+38 -3.4e+38 -3.4e+38 -3.4e+38 -3.4e+38 -3.4e+38 -3.4e+38 -3.4e+38 -3.4e+38 -3.4e+38 -3.4e+38 -3.4e+38 -3.4e+38 -3.4e+38 -3.4e+38 -3.4e+38 -3.4e+38 -3.4e+38 -3.4e+38 -3.4e+38 -3.4e+38 -3.4e+38 -3.4e+38 -3.4e+38 -3.4e+38 -3.4e+38 -3.4e+38 -3.4e+38 -3.4e+38 -3.4e+38 7.69 7.8 7.91 8.06 8.22 8.43 8.66 8.93 9.17 9.34 9.5 9.64 9.78 9.89 10 10.1 10.2 10.3 10.4 10.5 10.9 11.4 12.2 13 13.9 14.8 15.7 16.6 17 16.8 16.7 16.7 16.8 17 17.3 17.6 17.9 18.3 18.7
-3.4e+38 -3.4e+38 -3.4e+38 -3.4e+38 -3.4e+38 -3.4e+38 -3.4e+38 -3.4e+38 -3.4e+38 -3.4e+38 -3.4e+38 -3.4e+38 -3.4e+38 -3.4e+38 -3.4e+38 -3.4e+38 -3.4e+38 -3.4e+38 -3.4e+38 -3.4e+38 -3.4e+38 -3.4e+38 -3.4e+38 -3.4e+38 -3.4e+38 -3.4e+38 -3.4e+38 -3.4e+38 -3.4e+38 -3.4e+38 -3.4e+38 -3.4e+38 -3.4e+38 -3.4e+38 -3.4e+38 7.71 7.85 8 8.18 8.37 8.58 8.78 8.97 9.14 9.28 9.42 9.54 9.65 9.74 9.84 9.94 10.1 10.3 10.6 11.1 11.7 12.4 13.1 13.8 14.5 15.1 15.3 15.3 15.2 15.2 15.4 15.6 16 16.3 16.7 17.2 17.7
