maui/input/month_year_rainfall/maui_prcp_06_2001.asc
ncols        361
nrows        320
xllcorner    -156.738000000000
yllcorner    20.343000000000
cellsize     0.002250000000
NODATA_value -3.4028234663852885981e+38
[rows 96 to 127 of 320, columns 72 to 143 of 361]
7.91 8.38 8.79 9.14 9.41 9.61 9.71 9.7 9.59 9.4 9.1 8.73 8.13 7.44 6.64 5.86 5.09 4.34 3.6 2.82 2.01 1.37 0.833 0.576 0.406 0.315 0.246 0.221 0.205 0.198 0.19 0.178 0.168 0.158 0.151 0.144 0.141 0.141 0.14 0.14 0.14 0.14 0.141 0.139 0.135 0.131 0.126 0.117 0.107 0.109 0.112 0.122 0.133 0.146 0.157 0.165 0.173 0.18 0.187 0.194 0.2 0.205 0.209 0.212 0.214 0.214 0.214 0.213 0.211 0.208 0.204 0.2
7.64 8.18 8.66 9.08 9.43 9.69 9.84 9.89 9.84 9.71 9.46 9.14 8.57 7.82 6.99 6.17 5.36 4.58 3.8 2.99 2.14 1.47 0.911 0.641 0.455 0.351 0.27 0.237 0.215 0.202 0.191 0.176 0.163 0.151 0.141 0.134 0.13 0.129 0.128 0.127 0.128 0.128 0.127 0.124 0.119 0.114 0.107 0.101 0.0936 0.0953 0.0981 0.106 0.115 0.126 0.135 0.143 0.15 0.157 0.166 0.174 0.181 0.187 0.192 0.195 0.197 0.198 0.198 0.198 0.196 0.193 0.19 0.186
7.31 7.92 8.47 8.97 9.39 9.72 9.93 10 10 9.96 9.72 9.44 8.9 8.12 7.28 6.46 5.62 4.8 3.99 3.14 2.26 1.56 0.973 0.69 0.492 0.378 0.288 0.249 0.222 0.205 0.19 0.173 0.157 0.142 0.131 0.123 0.119 0.118 0.116 0.115 0.116 0.116 0.114 0.11 0.104 0.0961 0.0871 0.0823 0.0786 0.08 0.0822 0.0894 0.0972 0.107 0.115 0.122 0.13 0.137 0.146 0.155 0.163 0.169 0.174 0.178 0.181 0.182 0.183 0.183 0.182 0.18 0.176 0.172
6.9 7.55 8.15 8.72 9.2 9.6 9.88 10.1 10.1 10 9.79 9.49 8.93 8.25 7.44 6.64 5.79 4.96 4.13 3.26 2.37 1.64 1.02 0.723 0.515 0.394 0.297 0.254 0.223 0.204 0.188 0.168 0.15 0.133 0.121 0.113 0.109 0.108 0.105 0.105 0.104 0.103 0.1 0.0955 0.0886 0.0754 0.0574 0.0506 0.0476 0.0489 0.0514 0.0624 0.0741 0.0875 0.098 0.104 0.112 0.121 0.131 0.139 0.147 0.153 0.158 0.162 0.165 0.167 0.169 0.169 0.169 0.167 0.164 0.16
6.4 7.1 7.74 8.37 8.93 9.4 9.75 9.98 10 9.99 9.76 9.45 8.91 8.29 7.54 6.76 5.91 5.07 4.24 3.36 2.45 1.7 1.04 0.739 0.524 0.398 0.296 0.248 0.216 0.197 0.181 0.161 0.141 0.123 0.112 0.104 0.0997 0.098 0.0957 0.0946 0.0927 0.0907 0.0875 0.0819 0.0734 0.056 0.032 0.0241 0.0216 0.023 0.0256 0.0378 0.0512 0.068 0.0811 0.0885 0.0973 0.107 0.116 0.124 0.132 0.137 0.143 0.147 0.15 0.153 0.156 0.157 0.157 0.156 0.153 0.15
5.84 6.56 7.22 7.91 8.52 9.07 9.47 9.76 9.86 9.85 9.63 9.32 8.81 8.23 7.52 6.78 5.94 5.11 4.28 3.4 2.49 1.73 1.05 0.739 0.52 0.391 0.286 0.232 0.197 0.182 0.168 0.148 0.129 0.114 0.103 0.0961 0.0922 0.091 0.0876 0.085 0.082 0.0791 0.0763 0.0692 0.0568 0.0382 0.015 0.0074 0.00523 0.00632 0.00847 0.0162 0.0263 0.0459 0.063 0.0762 0.087 0.0956 0.103 0.11 0.118 0.124 0.13 0.134 0.137 0.14 0.144 0.146 0.146 0.145 0.143 0.141
5.16 5.92 6.63 7.36 8.01 8.62 9.09 9.43 9.57 9.6 9.41 9.12 8.64 8.1 7.43 6.71 5.89 5.08 4.26 3.39 2.5 1.73 1.04 0.724 0.503 0.375 0.271 0.218 0.182 0.168 0.154 0.135 0.118 0.104 0.0953 0.0893 0.086 0.0847 0.0809 0.0774 0.0727 0.0688 0.0664 0.0583 0.0428 0.0272 0.0111 0.00243 0.000412 0.000419 0.000142 0.00539 0.0137 0.0323 0.0493 0.0641 0.076 0.0851 0.0928 0.0993 0.107 0.113 0.119 0.123 0.126 0.13 0.133 0.135 0.136 0.136 0.135 0.133
4.35 5.2 5.98 6.72 7.4 8.05 8.57 8.96 9.15 9.22 9.06 8.82 8.38 7.88 7.23 6.55 5.76 4.97 4.17 3.33 2.45 1.69 1 0.694 0.476 0.351 0.25 0.205 0.173 0.156 0.14 0.122 0.108 0.0964 0.089 0.0842 0.0808 0.0786 0.0753 0.0718 0.0651 0.0597 0.0579 0.0493 0.0319 0.0243 0.0232 0.0116 0.000663 0.000135 1.31e-05 0.00721 0.0153 0.0284 0.0406 0.052 0.0637 0.0756 0.0847 0.0918 0.0983 0.104 0.109 0.114 0.118 0.121 0.124 0.126 0.128 0.128 0.127 0.125
3.71 4.56 5.33 6.05 6.72 7.39 7.94 8.37 8.61 8.72 8.61 8.41 8 7.56 6.95 6.3 5.54 4.79 4.03 3.21 2.37 1.63 0.957 0.654 0.442 0.321 0.225 0.186 0.158 0.142 0.128 0.112 0.0994 0.0903 0.0843 0.0801 0.0767 0.074 0.071 0.0677 0.0602 0.0543 0.0524 0.045 0.0307 0.0265 0.0292 0.0201 0.00726 0.00526 0.00513 0.014 0.0229 0.0333 0.0426 0.0507 0.0601 0.0705 0.0787 0.0853 0.0912 0.0963 0.102 0.106 0.11 0.114 0.116 0.119 0.12 0.12 0.12 0.119
3.23 4 4.7 5.33 5.96 6.63 7.19 7.66 7.93 8.09 8.03 7.88 7.52 7.12 6.55 5.96 5.24 4.53 3.82 3.05 2.26 1.54 0.898 0.607 0.403 0.289 0.198 0.163 0.14 0.128 0.117 0.103 0.0934 0.086 0.0809 0.0767 0.0733 0.0704 0.0676 0.0644 0.0573 0.0513 0.0489 0.044 0.0361 0.0322 0.031 0.0279 0.0246 0.0187 0.0132 0.024 0.0344 0.0439 0.0517 0.0568 0.0624 0.0685 0.0742 0.0796 0.0852 0.0903 0.0952 0.0994 0.103 0.107 0.109 0.111 0.112 0.113 0.113 0.112
2.73 3.37 3.96 4.56 5.16 5.81 6.38 6.88 7.19 7.38 7.35 7.24 6.93 6.58 6.08 5.53 4.87 4.22 3.56 2.86 2.11 1.44 0.832 0.561 0.373 0.261 0.172 0.145 0.128 0.118 0.109 0.0975 0.089 0.0823 0.0776 0.0737 0.0706 0.0679 0.0649 0.0614 0.0552 0.0498 0.0472 0.0433 0.0377 0.0349 0.034 0.0328 0.0321 0.029 0.0259 0.0336 0.0407 0.0475 0.0533 0.0573 0.0615 0.0661 0.0708 0.0755 0.0806 0.0854 0.0899 0.0937 0.0975 0.1 0.103 0.105 0.106 0.106 0.106 0.106
2.19 2.66 3.13 3.71 4.29 4.9 5.47 6 6.34 6.57 6.57 6.5 6.24 5.95 5.51 5.03 4.43 3.84 3.26 2.62 1.95 1.33 0.762 0.517 0.349 0.237 0.148 0.131 0.121 0.112 0.103 0.0937 0.0858 0.0791 0.0744 0.0708 0.0681 0.0657 0.0624 0.0586 0.0536 0.049 0.0464 0.0428 0.0382 0.0366 0.0374 0.0367 0.036 0.038 0.0399 0.0428 0.0454 0.0489 0.0525 0.0559 0.0596 0.0636 0.0679 0.0721 0.0767 0.081 0.0852 0.0886 0.0919 0.0944 0.0967 0.0984 0.0997 0.1 0.1 0.0996
1.74 2.12 2.51 3 3.52 4.12 4.69 5.22 5.56 5.78 5.81 5.76 5.55 5.3 4.93 4.51 3.98 3.46 2.95 2.39 1.78 1.22 0.696 0.472 0.32 0.221 0.143 0.125 0.12 0.11 0.101 0.0912 0.0833 0.0765 0.0718 0.0681 0.0654 0.0629 0.0603 0.0573 0.0536 0.0501 0.0476 0.0446 0.0409 0.0393 0.0392 0.0389 0.0389 0.0412 0.0433 0.0455 0.0473 0.0499 0.0525 0.0552 0.0584 0.0621 0.0659 0.0696 0.0739 0.0779 0.0816 0.0847 0.0877 0.0899 0.0915 0.0928 0.0939 0.0943 0.0942 0.094
1.28 1.59 1.89 2.26 2.7 3.31 3.87 4.38 4.71 4.93 4.97 4.94 4.78 4.59 4.28 3.94 3.47 3.03 2.61 2.13 1.61 1.1 0.631 0.429 0.292 0.211 0.148 0.134 0.125 0.112 0.0998 0.0897 0.0813 0.0742 0.0693 0.0655 0.0627 0.0603 0.0585 0.0564 0.0541 0.0515 0.0492 0.0467 0.044 0.0422 0.0411 0.0412 0.0416 0.0435 0.0452 0.0472 0.0488 0.0507 0.0527 0.0547 0.0574 0.0606 0.064 0.0673 0.0713 0.075 0.0784 0.081 0.0838 0.0854 0.0863 0.087 0.088 0.0884 0.0883 0.0883
0.994 1.26 1.54 1.95 2.36 2.81 3.26 3.69 3.99 4.21 4.27 4.26 4.13 3.97 3.72 3.43 3.04 2.67 2.31 1.9 1.45 1.03 0.624 0.421 0.268 0.208 0.162 0.142 0.126 0.112 0.0991 0.0882 0.0794 0.0722 0.0669 0.0627 0.0602 0.058 0.0565 0.0546 0.0526 0.0505 0.0487 0.0467 0.0448 0.0437 0.0433 0.0438 0.0444 0.046 0.0473 0.0488 0.05 0.0515 0.053 0.0547 0.0568 0.0596 0.0626 0.0657 0.0694 0.0729 0.0763 0.0787 0.0806 0.0814 0.0817 0.082 0.0827 0.0831 0.083 0.0831
0.727 0.949 1.2 1.63 2 2.32 2.66 3.01 3.28 3.48 3.54 3.56 3.46 3.34 3.14 2.91 2.59 2.29 2 1.67 1.29 0.942 0.614 0.411 0.245 0.205 0.174 0.148 0.127 0.112 0.0988 0.0873 0.0783 0.071 0.0653 0.0604 0.0583 0.0566 0.0551 0.0533 0.0517 0.0499 0.0485 0.0472 0.046 0.0455 0.0456 0.0463 0.0471 0.0483 0.0491 0.0502 0.0511 0.0521 0.0532 0.0545 0.0563 0.0585 0.0611 0.0639 0.0672 0.0707 0.0743 0.0766 0.0773 0.0772 0.0769 0.0769 0.0774 0.0777 0.0776 0.0779
0.549 0.727 0.926 1.24 1.57 1.95 2.29 2.6 2.81 2.95 3.01 3.05 2.97 2.87 2.7 2.51 2.25 1.99 1.75 1.47 1.15 0.849 0.564 0.379 0.224 0.195 0.171 0.149 0.13 0.113 0.0991 0.0872 0.0781 0.0709 0.0652 0.0606 0.0581 0.0561 0.0544 0.0525 0.0511 0.0498 0.0487 0.0478 0.0473 0.0474 0.0477 0.0484 0.049 0.0499 0.0505 0.0513 0.0519 0.0525 0.0532 0.0542 0.0557 0.0577 0.0598 0.0621 0.065 0.0681 0.0719 0.0743 0.0742 0.0737 0.0732 0.073 0.073 0.0729 0.0727 0.0733
0.415 0.557 0.713 0.945 1.24 1.64 1.97 2.23 2.38 2.48 2.54 2.58 2.52 2.44 2.3 2.15 1.92 1.71 1.51 1.28 1.02 0.766 0.524 0.355 0.211 0.19 0.172 0.151 0.132 0.114 0.0995 0.0875 0.0784 0.0714 0.0659 0.0614 0.0586 0.0562 0.0543 0.0524 0.0512 0.0501 0.0494 0.049 0.0491 0.0495 0.0498 0.0504 0.0508 0.0514 0.0516 0.0521 0.0523 0.0525 0.0529 0.0536 0.0548 0.0564 0.0581 0.06 0.0623 0.0648 0.0677 0.0694 0.0699 0.0696 0.0693 0.069 0.0688 0.0685 0.0683 0.069
0.36 0.49 0.639 0.883 1.15 1.48 1.75 1.97 2.1 2.18 2.23 2.26 2.21 2.15 2.03 1.89 1.69 1.5 1.33 1.13 0.929 0.716 0.507 0.353 0.218 0.2 0.184 0.156 0.133 0.115 0.0998 0.088 0.0791 0.0722 0.0668 0.0622 0.0591 0.0564 0.0546 0.0529 0.0518 0.0509 0.0506 0.0507 0.0512 0.0516 0.0518 0.0522 0.0523 0.0526 0.0525 0.0522 0.0519 0.0519 0.0521 0.0525 0.0534 0.0546 0.0559 0.0574 0.0594 0.0613 0.0634 0.0648 0.0656 0.0658 0.0657 0.0656 0.0656 0.0656 0.0654 0.0658
0.327 0.445 0.582 0.812 1.05 1.31 1.53 1.71 1.82 1.89 1.92 1.95 1.92 1.87 1.77 1.65 1.48 1.32 1.16 1 0.842 0.667 0.494 0.357 0.235 0.21 0.188 0.158 0.133 0.115 0.1 0.0885 0.0796 0.0728 0.0675 0.063 0.0599 0.0571 0.0553 0.0539 0.053 0.0525 0.0526 0.053 0.0533 0.0535 0.0535 0.0537 0.0536 0.0535 0.0529 0.0521 0.0514 0.0512 0.0511 0.0514 0.0519 0.0528 0.0538 0.055 0.0566 0.058 0.0596 0.0607 0.0617 0.0621 0.0623 0.0624 0.0627 0.0629 0.0629 0.0633
0.312 0.419 0.539 0.722 0.911 1.12 1.3 1.45 1.55 1.61 1.64 1.66 1.63 1.6 1.51 1.42 1.29 1.16 1.03 0.898 0.763 0.621 0.483 0.368 0.264 0.22 0.182 0.156 0.133 0.115 0.1 0.0887 0.0799 0.0732 0.0681 0.064 0.0609 0.0583 0.0567 0.0555 0.0551 0.0551 0.0553 0.0553 0.0552 0.055 0.0547 0.0546 0.0542 0.0536 0.0527 0.0517 0.0508 0.0503 0.0501 0.0501 0.0505 0.051 0.0518 0.0528 0.054 0.0551 0.0564 0.0574 0.0582 0.0587 0.0592 0.0596 0.0602 0.0605 0.0609 0.0615
0.258 0.34 0.432 0.564 0.713 0.893 1.05 1.2 1.3 1.37 1.4 1.42 1.41 1.38 1.31 1.23 1.13 1.02 0.914 0.8 0.686 0.568 0.454 0.359 0.272 0.223 0.18 0.155 0.133 0.115 0.1 0.0885 0.0799 0.0737 0.069 0.0652 0.0623 0.06 0.0587 0.0579 0.0578 0.058 0.0579 0.0575 0.0569 0.0563 0.0557 0.0552 0.0544 0.0535 0.0523 0.0512 0.0501 0.0494 0.049 0.0489 0.049 0.0494 0.0501 0.0509 0.0519 0.0529 0.054 0.0548 0.0556 0.0562 0.0568 0.0573 0.0579 0.0585 0.059 0.0598
0.177 0.226 0.281 0.362 0.473 0.637 0.792 0.94 1.05 1.14 1.19 1.23 1.22 1.2 1.14 1.08 0.985 0.894 0.8 0.705 0.609 0.509 0.412 0.336 0.267 0.22 0.178 0.155 0.133 0.115 0.0999 0.0881 0.0799 0.0746 0.0704 0.0671 0.0645 0.0627 0.0617 0.0612 0.0613 0.0609 0.0603 0.0594 0.0583 0.0573 0.0564 0.0555 0.0543 0.0532 0.0518 0.0505 0.0492 0.0484 0.0477 0.0474 0.0474 0.0477 0.0483 0.0491 0.0501 0.051 0.052 0.0527 0.0534 0.054 0.0547 0.0552 0.0558 0.0565 0.0572 0.0581
0.181 0.222 0.269 0.338 0.43 0.564 0.694 0.82 0.92 1 1.05 1.09 1.08 1.07 1.02 0.958 0.88 0.8 0.716 0.632 0.548 0.462 0.378 0.312 0.253 0.213 0.177 0.154 0.133 0.116 0.101 0.0892 0.0816 0.0771 -3.4e+38 -3.4e+38 0.0681 0.0669 0.0664 0.0661 0.0654 0.0642 0.0628 0.0613 0.0598 0.0584 0.0569 0.0555 0.054 0.0527 0.0512 0.0498 0.0484 0.0473 0.0465 0.046 0.0459 0.0463 0.0469 0.0476 0.0486 0.0496 0.0505 0.0512 0.052 0.0527 0.0533 0.0539 0.0545 0.0552 0.0559 0.0568
0.212 0.256 0.304 0.372 0.452 0.552 0.651 0.746 0.825 0.891 0.934 0.967 0.961 0.948 0.902 0.852 0.787 0.718 0.64 0.565 0.491 0.416 0.344 0.287 0.235 0.204 0.176 0.154 0.134 0.117 0.102 -3.4e+38 -3.4e+38 -3.4e+38 -3.4e+38 -3.4e+38 -3.4e+38 -3.4e+38 -3.4e+38 -3.4e+38 -3.4e+38 0.0675 0.0653 0.0631 0.0612 0.0592 0.0571 0.0552 0.0534 0.0519 0.0504 0.0489 0.0474 0.0461 0.045 0.0443 0.0442 0.0446 0.0453 0.0461 0.0471 0.0481 0.049 0.0499 0.0508 0.0515 0.0521 0.0527 0.0533 0.054 0.0548 0.0556
-3.4e+38 -3.4e+38 -3.4e+38 -3.4e+38 0.438 0.518 0.6 0.681 0.748 0.805 0.844 0.873 0.867 0.854 0.812 0.767 0.711 0.651 0.584 0.518 0.452 0.387 0.325 0.274 0.229 0.2 0.174 0.153 0.133 0.117 -3.4e+38 -3.4e+38 -3.4e+38 -3.4e+38 -3.4e+38 -3.4e+38 -3.4e+38 -3.4e+38 -3.4e+38 -3.4e+38 -3.4e+38 -3.4e+38 -3.4e+38 0.0648 0.0622 0.0596 0.0571 0.0551 0.0531 0.0517 0.0502 0.0486 0.047 0.0454 0.044 0.0431 0.0428 0.0432 0.0439 0.0448 0.0458 0.0468 0.0479 0.0488 0.0498 0.0507 0.0514 0.0521 0.0528 0.0535 0.0542 0.055
-3.4e+38 -3.4e+38 -3.4e+38 -3.4e+38 -3.4e+38 -3.4e+38 0.552 0.62 0.676 0.724 0.757 0.783 0.776 0.762 0.724 0.685 0.638 0.587 0.53 0.472 0.414 0.359 0.307 0.263 0.224 0.197 0.173 0.152 -3.4e+38 -3.4e+38 -3.4e+38 -3.4e+38 -3.4e+38 -3.4e+38 -3.4e+38 -3.4e+38 -3.4e+38 -3.4e+38 -3.4e+38 -3.4e+38 -3.4e+38 -3.4e+38 -3.4e+38 -3.4e+38 -3.4e+38 0.0598 0.0569 0.0547 0.0528 0.0514 0.0499 0.0482 0.0465 0.0446 0.0429 0.0414 0.0411 0.0416 0.0425 0.0433 0.0445 0.0455 0.0467 0.0477 0.0488 0.0498 0.0506 0.0514 0.0522 0.053 0.0536 0.0544
-3.4e+38 -3.4e+38 -3.4e+38 -3.4e+38 -3.4e+38 -3.4e+38 -3.4e+38 -3.4e+38 0.639 0.676 0.698 0.714 0.702 0.687 0.655 0.622 0.581 0.538 0.489 0.44 0.389 0.342 0.297 0.259 0.224 0.198 0.174 0.154 -3.4e+38 -3.4e+38 -3.4e+38 -3.4e+38 -3.4e+38 -3.4e+38 -3.4e+38 -3.4e+38 -3.4e+38 -3.4e+38 -3.4e+38 -3.4e+38 -3.4e+38 -3.4e+38 -3.4e+38 -3.4e+38 -3.4e+38 -3.4e+38 0.0573 0.0551 0.0533 0.0517 0.0501 0.0485 0.0467 0.0446 0.0424 0.0403 0.0401 0.0408 0.0417 0.0427 0.0438 0.0447 0.0459 0.0471 0.0483 0.0494 0.0503 0.0511 0.052 0.0527 0.0535 0.0542
-3.4e+38 -3.4e+38 -3.4e+38 -3.4e+38 -3.4e+38 -3.4e+38 -3.4e+38 -3.4e+38 -3.4e+38 0.631 0.644 0.651 0.637 0.62 0.592 0.563 0.528 0.49 0.449 0.407 0.365 0.325 0.288 0.255 0.225 0.199 0.176 -3.4e+38 -3.4e+38 -3.4e+38 -3.4e+38 -3.4e+38 -3.4e+38 -3.4e+38 -3.4e+38 -3.4e+38 -3.4e+38 -3.4e+38 -3.4e+38 -3.4e+38 -3.4e+38 -3.4e+38 -3.4e+38 -3.4e+38 -3.4e+38 -3.4e+38 -3.4e+38 0.0556 0.0537 0.0521 0.0504 0.0488 0.0469 0.0447 0.0424 0.0406 0.04 0.0404 0.0412 0.0422 0.0431 0.044 0.0452 0.0464 0.0478 0.049 0.0499 0.0508 0.0516 0.0525 0.0532 0.0539
-3.4e+38 -3.4e+38 -3.4e+38 -3.4e+38 -3.4e+38 -3.4e+38 -3.4e+38 -3.4e+38 -3.4e+38 -3.4e+38 -3.4e+38 0.608 0.593 0.576 0.55 0.522 0.489 0.454 0.416 0.379 0.343 0.31 0.278 0.25 0.225 0.203 -3.4e+38 -3.4e+38 -3.4e+38 -3.4e+38 -3.4e+38 -3.4e+38 -3.4e+38 -3.4e+38 -3.4e+38 -3.4e+38 -3.4e+38 -3.4e+38 -3.4e+38 -3.4e+38 -3.4e+38 -3.4e+38 -3.4e+38 -3.4e+38 -3.4e+38 -3.4e+38 -3.4e+38 -3.4e+38 -3.4e+38 0.0528 0.051 0.0492 0.0472 0.045 0.043 0.0412 0.0404 0.0405 0.0412 0.042 0.043 0.044 0.0451 0.0463 0.0476 0.0488 0.0498 0.0507 0.0515 0.0523 0.0531 0.0537
-3.4e+38 -3.4e+38 -3.4e+38 -3.4e+38 -3.4e+38 -3.4e+38 -3.4e+38 -3.4e+38 -3.4e+38 -3.4e+38 -3.4e+38 -3.4e+38 -3.4e+38 0.538 0.513 0.486 0.454 0.421 0.387 0.355 0.325 0.297 0.27 0.247 0.227 -3.4e+38 -3.4e+38 -3.4e+38 -3.4e+38 -3.4e+38 -3.4e+38 -3.4e+38 -3.4e+38 -3.4e+38 -3.4e+38 -3.4e+38 -3.4e+38 -3.4e+38 -3.4e+38 -3.4e+38 -3.4e+38 -3.4e+38 -3.4e+38 -3.4e+38 -3.4e+38 -3.4e+38 -3.4e+38 -3.4e+38 -3.4e+38 -3.4e+38 0.0515 0.0495 0.0475 0.0454 0.0434 0.0416 0.0407 0.0407 0.0411 0.0419 0.0428 0.0438 0.0449 0.0461 0.0474 0.0486 0.0496 0.0506 0.0515 0.0522 0.0529 0.0535
-3.4e+38 -3.4e+38 -3.4e+38 -3.4e+38 -3.4e+38 -3.4e+38 -3.4e+38 -3.4e+38 -3.4e+38 -3.4e+38 -3.4e+38 -3.4e+38 -3.4e+38 -3.4e+38 -3.4e+38 0.46 0.429 0.399 0.369 0.341 0.314 0.289 0.266 0.248 0.232 -3.4e+38 -3.4e+38 -3.4e+38 -3.4e+38 -3.4e+38 -3.4e+38 -3.4e+38 -3.4e+38 -3.4e+38 -3.4e+38 -3.4e+38 -3.4e+38 -3.4e+38 -3.4e+38 -3.4e+38 -3.4e+38 -3.4e+38 -3.4e+38 -3.4e+38 -3.4e+38 -3.4e+38 -3.4e+38 -3.4e+38 -3.4e+38 -3.4e+38 0.0519 0.0498 0.0476 0.0455 0.0435 0.0419 0.041 0.0407 0.041 0.0417 0.0426 0.0436 0.0447 0.0459 0.0472 0.0485 0.0497 0.0507 0.0515 0.0523 0.053 0.0536
