maui/input/month_year_rainfall/maui_prcp_06_2002.asc
ncols        361
nrows        320
xllcorner    -156.738000000000
yllcorner    20.343000000000
cellsize     0.002250000000
NODATA_value -3.4028234663852885981e+38
[rows 128 to 159 of 320, columns 284 to 354 of 361]
19.4 19.4 19.3 19.3 19.2 19.1 19 18.8 18.6 18.4 18.2 18 17.7 17.5 17.2 16.8 16.5 16.1 15.7 15.3 14.8 14.3 13.7 13.2 12.5 11.9 11.3 10.6 10 9.35 8.71 8.09 7.48 6.91 6.38 5.92 5.48 5.1 4.73 4.42 4.14 3.91 3.72 3.57 3.45 3.35 3.27 3.2 3.16 3.11 3.06 3.01 -3.4e+38 -3.4e+38 -3.4e+38 -3.4e+38 -3.4e+38 -3.4e+38 -3.4e+38 -3.4e+38 -3.4e+38 -3.4e+38 -3.4e+38 -3.4e+38 -3.4e+38 -3.4e+38 -3.4e+38 -3.4e+38 -3.4e+38 -3.4e+38 -3.4e+38
19.8 19.8 19.8 19.7 19.7 19.6 19.5 19.4 19.2 19 18.9 18.6 18.4 18.1 17.8 17.5 17.2 16.8 16.4 16 15.5 15 14.4 13.8 13.2 12.5 11.9 11.2 10.5 9.86 9.2 8.55 7.92 7.32 6.75 6.24 5.77 5.35 4.95 4.6 4.28 4.03 3.81 3.64 3.5 3.38 3.3 3.23 3.17 3.13 3.09 3.04 -3.4e+38 -3.4e+38 -3.4e+38 -3.4e+38 -3.4e+38 -3.4e+38 -3.4e+38 -3.4e+38 -3.4e+38 -3.4e+38 -3.4e+38 -3.4e+38 -3.4e+38 -3.4e+38 -3.4e+38 -3.4e+38 -3.4e+38 -3.4e+38 -3.4e+38
20.1 20.1 20.2 20.2 20.1 20.1 20 19.9 19.8 19.6 19.4 19.2 19 18.8 18.5 18.2 17.8 17.5 17.1 16.7 16.2 15.6 15.1 14.5 13.8 13.1 12.5 11.8 11.1 10.4 9.69 9.01 8.34 7.71 7.1 6.56 6.05 5.6 5.17 4.79 4.44 4.16 3.91 3.72 3.56 3.43 3.33 3.25 3.19 3.15 3.11 3.07 -3.4e+38 -3.4e+38 -3.4e+38 -3.4e+38 -3.4e+38 -3.4e+38 -3.4e+38 -3.4e+38 -3.4e+38 -3.4e+38 -3.4e+38 -3.4e+38 -3.4e+38 -3.4e+38 -3.4e+38 -3.4e+38 -3.4e+38 -3.4e+38 -3.4e+38
20.3 20.4 20.5 20.6 20.6 20.5 20.5 20.4 20.3 20.2 20 19.8 19.6 19.4 19.1 18.8 18.5 18.1 17.8 17.4 16.9 16.3 15.7 15.1 14.4 13.7 13 12.3 11.6 10.9 10.2 9.46 8.76 8.1 7.45 6.87 6.33 5.85 5.39 4.98 4.6 4.29 4.02 3.81 3.63 3.48 3.37 3.28 3.21 3.16 3.12 3.09 3.05 3.01 -3.4e+38 -3.4e+38 -3.4e+38 -3.4e+38 -3.4e+38 -3.4e+38 -3.4e+38 -3.4e+38 -3.4e+38 -3.4e+38 -3.4e+38 -3.4e+38 -3.4e+38 -3.4e+38 -3.4e+38 -3.4e+38 -3.4e+38
20.5 20.7 20.8 20.9 20.9 20.9 20.9 20.9 20.8 20.7 20.5 20.3 20.1 19.9 19.7 19.4 19.1 18.8 18.4 18 17.5 17 16.3 15.7 15 14.3 13.6 12.8 12.1 11.4 10.6 9.89 9.17 8.47 7.79 7.17 6.59 6.09 5.6 5.17 4.77 4.43 4.14 3.9 3.71 3.55 3.42 3.31 3.24 3.18 3.14 3.1 3.07 3.03 -3.4e+38 -3.4e+38 -3.4e+38 -3.4e+38 -3.4e+38 -3.4e+38 -3.4e+38 -3.4e+38 -3.4e+38 -3.4e+38 -3.4e+38 -3.4e+38 -3.4e+38 -3.4e+38 -3.4e+38 -3.4e+38 -3.4e+38
20.7 20.9 21.1 21.2 21.3 21.3 21.3 21.3 21.2 21.1 21 20.8 20.7 20.4 20.2 19.9 19.6 19.3 19 18.7 18.2 17.6 16.9 16.2 15.6 14.8 14.1 13.3 12.6 11.8 11.1 10.3 9.56 8.83 8.11 7.47 6.85 6.32 5.81 5.36 4.93 4.57 4.26 4 3.79 3.61 3.47 3.35 3.27 3.2 3.16 3.12 3.09 3.06 -3.4e+38 -3.4e+38 -3.4e+38 -3.4e+38 -3.4e+38 -3.4e+38 -3.4e+38 -3.4e+38 -3.4e+38 -3.4e+38 -3.4e+38 -3.4e+38 -3.4e+38 -3.4e+38 -3.4e+38 -3.4e+38 -3.4e+38
20.8 21 21.2 21.4 21.5 21.6 21.7 21.7 21.6 21.6 21.4 21.3 21.1 20.9 20.7 20.4 20.1 19.8 19.5 19.1 18.7 18.1 17.4 16.7 16 15.3 14.6 13.8 13 12.2 11.5 10.7 9.93 9.17 8.43 7.75 7.09 6.53 6 5.53 5.09 4.71 4.37 4.1 3.87 3.68 3.52 3.4 3.3 3.22 3.17 -3.4e+38 -3.4e+38 -3.4e+38 -3.4e+38 -3.4e+38 -3.4e+38 -3.4e+38 -3.4e+38 -3.4e+38 -3.4e+38 -3.4e+38 -3.4e+38 -3.4e+38 -3.4e+38 -3.4e+38 -3.4e+38 -3.4e+38 -3.4e+38 -3.4e+38 -3.4e+38
20.8 21.2 21.4 21.6 21.8 21.9 22 22 22 21.9 21.8 21.7 21.5 21.3 21.1 20.8 20.6 20.3 19.9 19.5 19 18.5 17.8 17.2 16.5 15.8 15 14.3 13.4 12.6 11.9 11.1 10.3 9.5 8.73 8.02 7.33 6.74 6.19 5.69 5.24 4.84 4.49 4.2 3.95 3.75 3.58 3.44 3.33 3.25 3.19 3.15 3.12 3.09 -3.4e+38 -3.4e+38 -3.4e+38 -3.4e+38 -3.4e+38 -3.4e+38 -3.4e+38 -3.4e+38 -3.4e+38 -3.4e+38 -3.4e+38 -3.4e+38 -3.4e+38 -3.4e+38 -3.4e+38 -3.4e+38 -3.4e+38
20.8 21.2 21.5 21.8 22 22.1 22.2 22.3 22.3 22.3 22.2 22 21.9 21.7 21.4 21.2 20.9 20.6 20.2 19.8 19.3 18.8 18.2 17.5 16.9 16.2 15.4 14.6 13.8 13 12.2 11.4 10.6 9.81 9.01 8.26 7.54 6.92 6.35 5.84 5.37 4.97 4.6 4.29 4.03 3.82 3.64 3.49 3.37 3.27 3.21 3.16 3.13 3.1 -3.4e+38 -3.4e+38 -3.4e+38 -3.4e+38 -3.4e+38 -3.4e+38 -3.4e+38 -3.4e+38 -3.4e+38 -3.4e+38 -3.4e+38 -3.4e+38 -3.4e+38 -3.4e+38 -3.4e+38 -3.4e+38 -3.4e+38
20.8 21.2 21.6 21.9 22.1 22.3 22.5 22.5 22.6 22.5 22.5 22.3 22.2 22 21.8 21.5 21.2 20.9 20.5 20.1 19.6 19.1 18.5 17.9 17.2 16.5 15.7 14.9 14.1 13.3 12.5 11.7 10.9 10.1 9.26 8.47 7.72 7.09 6.5 5.98 5.5 5.08 4.71 4.38 4.11 3.88 3.69 3.53 3.4 3.3 3.23 3.17 3.14 3.11 -3.4e+38 -3.4e+38 -3.4e+38 -3.4e+38 -3.4e+38 -3.4e+38 -3.4e+38 -3.4e+38 -3.4e+38 -3.4e+38 -3.4e+38 -3.4e+38 -3.4e+38 -3.4e+38 -3.4e+38 -3.4e+38 -3.4e+38
20.8 21.3 21.6 22 22.3 22.5 22.6 22.7 22.8 22.7 22.7 22.5 22.4 22.2 22 21.7 21.4 21.1 20.7 20.3 19.8 19.3 18.7 18.1 17.4 16.7 16 15.2 14.4 13.6 12.7 11.9 11.1 10.3 9.44 8.64 7.87 7.23 6.62 6.1 5.61 5.19 4.8 4.47 4.18 3.94 3.74 3.57 3.43 3.32 3.24 3.18 3.15 3.12 -3.4e+38 -3.4e+38 -3.4e+38 -3.4e+38 -3.4e+38 -3.4e+38 -3.4e+38 -3.4e+38 -3.4e+38 -3.4e+38 -3.4e+38 -3.4e+38 -3.4e+38 -3.4e+38 -3.4e+38 -3.4e+38 -3.4e+38
20.8 21.3 21.7 22.1 22.4 22.6 22.8 22.9 22.9 22.9 22.8 22.7 22.6 22.4 22.2 21.9 21.6 21.3 20.9 20.5 20 19.5 18.9 18.3 17.6 17 16.2 15.4 14.6 13.8 12.9 12.1 11.2 10.4 9.55 8.76 7.99 7.34 6.72 6.2 5.71 5.28 4.89 4.55 4.25 4 3.79 3.62 3.47 3.35 3.26 3.2 3.15 -3.4e+38 -3.4e+38 -3.4e+38 -3.4e+38 -3.4e+38 -3.4e+38 -3.4e+38 -3.4e+38 -3.4e+38 -3.4e+38 -3.4e+38 -3.4e+38 -3.4e+38 -3.4e+38 -3.4e+38 -3.4e+38 -3.4e+38 -3.4e+38
20.7 21.3 21.7 22.2 22.5 22.7 22.9 23 23.1 23 23 22.8 22.7 22.5 22.3 22 21.7 21.4 21 20.6 20.1 19.6 19.1 18.5 17.8 17.1 16.4 15.6 14.8 13.9 13 12.2 11.3 10.4 9.61 8.83 8.06 7.42 6.8 6.28 5.79 5.36 4.96 4.62 4.31 4.06 3.84 3.65 3.5 3.37 3.28 3.21 3.16 -3.4e+38 -3.4e+38 -3.4e+38 -3.4e+38 -3.4e+38 -3.4e+38 -3.4e+38 -3.4e+38 -3.4e+38 -3.4e+38 -3.4e+38 -3.4e+38 -3.4e+38 -3.4e+38 -3.4e+38 -3.4e+38 -3.4e+38 -3.4e+38
20.7 21.3 21.8 22.3 22.6 22.9 23 23.2 23.2 23.2 23.1 22.9 22.8 22.6 22.3 22.1 21.8 21.4 21.1 20.7 20.2 19.7 19.2 18.6 17.9 17.2 16.5 15.7 14.9 14 13.1 12.2 11.3 10.5 9.63 8.86 8.11 7.47 6.86 6.34 5.85 5.42 5.03 4.68 4.37 4.11 3.88 3.69 3.53 3.4 3.3 3.23 -3.4e+38 -3.4e+38 -3.4e+38 -3.4e+38 -3.4e+38 -3.4e+38 -3.4e+38 -3.4e+38 -3.4e+38 -3.4e+38 -3.4e+38 -3.4e+38 -3.4e+38 -3.4e+38 -3.4e+38 -3.4e+38 -3.4e+38 -3.4e+38 -3.4e+38
20.7 21.3 21.9 22.4 22.7 23 23.2 23.3 23.3 23.3 23.2 23 22.8 22.6 22.4 22.1 21.8 21.5 21.1 20.7 20.3 19.8 19.2 18.6 17.9 17.3 16.5 15.8 14.9 14 13.1 12.2 11.3 10.4 9.63 8.88 8.14 7.51 6.9 6.38 5.89 5.47 5.08 4.73 4.42 4.15 3.92 3.72 3.56 3.42 3.32 3.24 3.18 -3.4e+38 -3.4e+38 -3.4e+38 -3.4e+38 -3.4e+38 -3.4e+38 -3.4e+38 -3.4e+38 -3.4e+38 -3.4e+38 -3.4e+38 -3.4e+38 -3.4e+38 -3.4e+38 -3.4e+38 -3.4e+38 -3.4e+38 -3.4e+38
20.7 21.4 22 22.5 22.9 23.2 23.3 23.4 23.4 23.3 23.2 23 22.8 22.6 22.4 22.1 21.8 21.4 21.1 20.7 20.3 19.8 19.2 18.6 17.9 17.2 16.5 15.7 14.9 14 13.1 12.1 11.2 10.4 9.6 8.86 8.14 7.51 6.91 6.4 5.92 5.5 5.11 4.76 4.46 4.19 3.95 3.75 3.58 3.44 3.33 3.25 3.18 -3.4e+38 -3.4e+38 -3.4e+38 -3.4e+38 -3.4e+38 -3.4e+38 -3.4e+38 -3.4e+38 -3.4e+38 -3.4e+38 -3.4e+38 -3.4e+38 -3.4e+38 -3.4e+38 -3.4e+38 -3.4e+38 -3.4e+38 -3.4e+38
20.8 21.6 22.2 22.8 23.1 23.3 23.5 23.5 23.5 23.4 23.2 23 22.8 22.6 22.3 22 21.7 21.4 21 20.6 20.2 19.7 19.1 18.5 17.8 17.1 16.4 15.6 14.8 13.9 13 12.1 11.2 10.3 9.56 8.83 8.12 7.5 6.91 6.41 5.93 5.52 5.13 4.79 4.48 4.21 3.98 3.78 3.6 3.46 3.35 3.26 3.19 -3.4e+38 -3.4e+38 -3.4e+38 -3.4e+38 -3.4e+38 -3.4e+38 -3.4e+38 -3.4e+38 -3.4e+38 -3.4e+38 -3.4e+38 -3.4e+38 -3.4e+38 -3.4e+38 -3.4e+38 -3.4e+38 -3.4e+38 -3.4e+38
20.9 21.8 22.5 23.1 23.4 23.6 23.6 23.6 23.5 23.4 23.2 23 22.8 22.5 22.2 21.9 21.6 21.3 20.9 20.5 20.1 19.6 19 18.4 17.7 17 16.3 15.5 14.7 13.8 12.8 11.9 11.1 10.2 9.47 8.76 8.06 7.46 6.89 6.39 5.93 5.52 5.14 4.8 4.5 4.23 4 3.79 3.62 3.47 3.35 3.26 -3.4e+38 -3.4e+38 -3.4e+38 -3.4e+38 -3.4e+38 -3.4e+38 -3.4e+38 -3.4e+38 -3.4e+38 -3.4e+38 -3.4e+38 -3.4e+38 -3.4e+38 -3.4e+38 -3.4e+38 -3.4e+38 -3.4e+38 -3.4e+38 -3.4e+38
21.1 22.1 23 23.5 23.7 23.8 23.8 23.7 23.5 23.3 23.1 22.9 22.6 22.4 22.1 21.8 21.5 21.1 20.8 20.4 19.9 19.4 18.8 18.2 17.5 16.8 16.1 15.3 14.5 13.6 12.7 11.8 10.9 10.1 9.37 8.67 7.99 7.41 6.85 6.37 5.91 5.51 5.14 4.81 4.51 4.24 4.01 3.8 3.63 3.47 3.36 3.27 -3.4e+38 -3.4e+38 -3.4e+38 -3.4e+38 -3.4e+38 -3.4e+38 -3.4e+38 -3.4e+38 -3.4e+38 -3.4e+38 -3.4e+38 -3.4e+38 -3.4e+38 -3.4e+38 -3.4e+38 -3.4e+38 -3.4e+38 -3.4e+38 -3.4e+38
21.4 22.6 23.6 24.2 24.2 24.1 23.9 23.7 23.5 23.3 23 22.8 22.5 22.2 21.9 21.6 21.3 20.9 20.6 20.2 19.7 19.2 18.6 18 17.3 16.6 15.9 15.1 14.2 13.3 12.4 11.5 10.7 9.94 9.22 8.55 7.9 7.34 6.79 6.32 5.88 5.49 5.12 4.8 4.51 4.24 4.01 3.8 3.63 3.48 3.36 -3.4e+38 -3.4e+38 -3.4e+38 -3.4e+38 -3.4e+38 -3.4e+38 -3.4e+38 -3.4e+38 -3.4e+38 -3.4e+38 -3.4e+38 -3.4e+38 -3.4e+38 -3.4e+38 -3.4e+38 -3.4e+38 -3.4e+38 -3.4e+38 -3.4e+38 -3.4e+38
21.6 23.1 24.6 25.1 24.7 24.3 24 23.7 23.4 23.1 22.9 22.6 22.3 22 21.7 21.4 21.1 20.7 20.3 19.9 19.5 18.9 18.3 17.7 17 16.3 15.6 14.8 13.9 13.1 12.2 11.3 10.5 9.75 9.06 8.42 7.8 7.25 6.73 6.27 5.84 5.45 5.1 4.78 4.49 4.24 4.01 3.8 3.63 3.47 3.36 3.26 -3.4e+38 -3.4e+38 -3.4e+38 -3.4e+38 -3.4e+38 -3.4e+38 -3.4e+38 -3.4e+38 -3.4e+38 -3.4e+38 -3.4e+38 -3.4e+38 -3.4e+38 -3.4e+38 -3.4e+38 -3.4e+38 -3.4e+38 -3.4e+38 -3.4e+38
21.5 23.2 25.2 25.8 24.9 24.3 23.8 23.5 23.2 22.9 22.6 22.4 22.1 21.8 21.5 21.2 20.8 20.5 20.1 19.6 19.2 18.6 18 17.4 16.7 16 15.3 14.5 13.6 12.7 11.8 11 10.2 9.55 8.9 8.28 7.68 7.16 6.65 6.21 5.78 5.41 5.06 4.75 4.47 4.22 3.99 3.79 3.62 3.47 3.36 3.26 3.19 -3.4e+38 -3.4e+38 -3.4e+38 -3.4e+38 -3.4e+38 -3.4e+38 -3.4e+38 -3.4e+38 -3.4e+38 -3.4e+38 -3.4e+38 -3.4e+38 -3.4e+38 -3.4e+38 -3.4e+38 -3.4e+38 -3.4e+38 -3.4e+38
21.2 22.7 24.3 24.8 24.4 23.9 23.5 23.2 22.9 22.6 22.4 22.1 21.8 21.5 21.2 20.9 20.6 20.2 19.8 19.3 18.8 18.3 17.7 17 16.4 15.7 14.9 14.1 13.2 12.3 11.5 10.7 10 9.35 8.72 8.13 7.56 7.05 6.56 6.13 5.72 5.36 5.02 4.72 4.44 4.19 3.97 3.78 3.61 3.46 3.35 3.26 -3.4e+38 -3.4e+38 -3.4e+38 -3.4e+38 -3.4e+38 -3.4e+38 -3.4e+38 -3.4e+38 -3.4e+38 -3.4e+38 -3.4e+38 -3.4e+38 -3.4e+38 -3.4e+38 -3.4e+38 -3.4e+38 -3.4e+38 -3.4e+38 -3.4e+38
20.6 21.9 22.9 23.5 23.5 23.3 23 22.8 22.6 22.3 22.1 21.8 21.5 21.2 21 20.6 20.3 19.9 19.5 19 18.5 17.9 17.3 16.7 16 15.3 14.5 13.7 12.7 11.9 11.1 10.4 9.77 9.14 8.53 7.97 7.42 6.93 6.46 6.05 5.65 5.3 4.97 4.68 4.41 4.17 3.95 3.76 3.6 3.46 3.35 3.26 -3.4e+38 -3.4e+38 -3.4e+38 -3.4e+38 -3.4e+38 -3.4e+38 -3.4e+38 -3.4e+38 -3.4e+38 -3.4e+38 -3.4e+38 -3.4e+38 -3.4e+38 -3.4e+38 -3.4e+38 -3.4e+38 -3.4e+38 -3.4e+38 -3.4e+38
19.8 20.9 21.7 22.3 22.5 22.5 22.5 22.3 22.1 21.9 21.7 21.5 21.2 20.9 20.6 20.3 20 19.6 19.2 18.7 18.1 17.6 16.9 16.3 15.6 14.9 14.1 13.2 12.3 11.5 10.8 10.2 9.53 8.93 8.33 7.79 7.27 6.8 6.36 5.95 5.57 5.23 4.91 4.63 4.37 4.13 3.92 3.74 3.58 3.45 3.34 3.26 -3.4e+38 -3.4e+38 -3.4e+38 -3.4e+38 -3.4e+38 -3.4e+38 -3.4e+38 -3.4e+38 -3.4e+38 -3.4e+38 -3.4e+38 -3.4e+38 -3.4e+38 -3.4e+38 -3.4e+38 -3.4e+38 -3.4e+38 -3.4e+38 -3.4e+38
19 20 20.7 21.3 21.6 21.7 21.8 21.7 21.6 21.5 21.3 21.1 20.9 20.6 20.3 20 19.7 19.2 18.8 18.3 17.7 17.2 16.5 15.9 15.2 14.5 13.6 12.7 11.9 11.2 10.5 9.9 9.29 8.7 8.12 7.6 7.11 6.66 6.24 5.85 5.49 5.16 4.85 4.57 4.32 4.1 3.89 3.72 3.57 3.44 3.34 3.25 -3.4e+38 -3.4e+38 -3.4e+38 -3.4e+38 -3.4e+38 -3.4e+38 -3.4e+38 -3.4e+38 -3.4e+38 -3.4e+38 -3.4e+38 -3.4e+38 -3.4e+38 -3.4e+38 -3.4e+38 -3.4e+38 -3.4e+38 -3.4e+38 -3.4e+38
18.3 19.2 19.9 20.4 20.8 21 21.1 21.2 21.1 21 20.9 20.7 20.5 20.2 20 19.6 19.3 18.9 18.4 17.9 17.3 16.8 16.1 15.5 14.8 14 13.1 12.2 11.5 10.9 10.2 9.63 9.03 8.46 7.91 7.42 6.95 6.52 6.12 5.75 5.4 5.08 4.78 4.52 4.27 4.06 3.86 3.69 3.55 3.43 -3.4e+38 -3.4e+38 -3.4e+38 -3.4e+38 -3.4e+38 -3.4e+38 -3.4e+38 -3.4e+38 -3.4e+38 -3.4e+38 -3.4e+38 -3.4e+38 -3.4e+38 -3.4e+38 -3.4e+38 -3.4e+38 -3.4e+38 -3.4e+38 -3.4e+38 -3.4e+38 -3.4e+38
17.7 18.5 19.1 19.6 20 20.3 20.5 20.6 20.6 20.5 20.4 20.3 20.1 19.8 19.6 19.3 18.9 18.5 18 17.5 16.9 16.3 15.7 15.1 14.3 13.5 12.6 11.8 11.2 10.5 9.94 9.36 8.77 8.22 7.69 7.23 6.78 6.38 6 5.64 5.3 4.99 4.71 4.45 4.22 4.01 3.83 3.67 3.53 3.42 -3.4e+38 -3.4e+38 -3.4e+38 -3.4e+38 -3.4e+38 -3.4e+38 -3.4e+38 -3.4e+38 -3.4e+38 -3.4e+38 -3.4e+38 -3.4e+38 -3.4e+38 -3.4e+38 -3.4e+38 -3.4e+38 -3.4e+38 -3.4e+38 -3.4e+38 -3.4e+38 -3.4e+38
17.1 17.8 18.4 19 19.4 19.7 19.9 20 20.1 20 20 19.8 19.7 19.4 19.2 18.8 18.5 18 17.5 17 16.5 15.9 15.3 14.6 13.8 13 12.2 11.4 10.8 10.2 9.65 9.08 8.51 7.98 7.49 7.04 6.63 6.24 5.87 5.53 5.2 4.91 4.63 4.39 4.16 3.97 3.79 3.64 3.51 3.4 -3.4e+38 -3.4e+38 -3.4e+38 -3.4e+38 -3.4e+38 -3.4e+38 -3.4e+38 -3.4e+38 -3.4e+38 -3.4e+38 -3.4e+38 -3.4e+38 -3.4e+38 -3.4e+38 -3.4e+38 -3.4e+38 -3.4e+38 -3.4e+38 -3.4e+38 -3.4e+38 -3.4e+38
16.5 17.2 17.8 18.3 18.8 19.1 19.3 19.5 19.6 19.6 19.5 19.4 19.2 19 18.7 18.4 18 17.5 17.1 16.5 16 15.4 14.8 14.1 13.3 12.5 11.8 11.1 10.5 9.92 9.35 8.79 8.25 7.75 7.28 6.86 6.47 6.1 5.74 5.41 5.1 4.81 4.55 4.32 4.11 3.92 3.75 3.61 3.49 3.39 -3.4e+38 -3.4e+38 -3.4e+38 -3.4e+38 -3.4e+38 -3.4e+38 -3.4e+38 -3.4e+38 -3.4e+38 -3.4e+38 -3.4e+38 -3.4e+38 -3.4e+38 -3.4e+38 -3.4e+38 -3.4e+38 -3.4e+38 -3.4e+38 -3.4e+38 -3.4e+38 -3.4e+38
16 16.7 17.3 17.8 18.2 18.5 18.8 19 19 19.1 19 18.9 18.7 18.5 18.2 17.9 17.5 17 16.6 16.1 15.5 14.9 14.3 13.6 12.9 12 11.4 10.7 10.2 9.62 9.06 8.52 8 7.53 7.09 6.69 6.31 5.95 5.61 5.29 4.99 4.72 4.47 4.24 4.05 3.87 3.72 3.58 3.47 3.37 -3.4e+38 -3.4e+38 -3.4e+38 -3.4e+38 -3.4e+38 -3.4e+38 -3.4e+38 -3.4e+38 -3.4e+38 -3.4e+38 -3.4e+38 -3.4e+38 -3.4e+38 -3.4e+38 -3.4e+38 -3.4e+38 -3.4e+38 -3.4e+38 -3.4e+38 -3.4e+38 -3.4e+38
15.5 16.2 16.7 17.2 17.7 18 18.3 18.4 18.5 18.5 18.5 18.4 18.2 18 17.7 17.4 17 16.5 16.1 15.6 15 14.5 13.8 13.1 12.4 11.6 11 10.4 9.88 9.32 8.77 8.25 7.75 7.31 6.89 6.51 6.14 5.8 5.47 5.16 4.88 4.62 4.38 4.17 3.98 3.82 3.68 3.55 -3.4e+38 -3.4e+38 -3.4e+38 -3.4e+38 -3.4e+38 -3.4e+38 -3.4e+38 -3.4e+38 -3.4e+38 -3.4e+38 -3.4e+38 -3.4e+38 -3.4e+38 -3.4e+38 -3.4e+38 -3.4e+38 -3.4e+38 -3.4e+38 -3.4e+38 -3.4e+38 -3.4e+38 -3.4e+38 -3.4e+38
