maui/input/month_year_rainfall/maui_prcp_06_2001.asc
ncols        361
nrows        320
xllcorner    -156.738000000000
yllcorner    20.343000000000
cellsize     0.002250000000
NODATA_value -3.4028234663852885981e+38
[rows 128 to 159 of 320, columns 216 to 287 of 361]
2.44 2.54 2.64 2.75 2.85 2.96 3.07 3.22 3.38 3.57 3.76 3.98 4.21 4.43 4.67 4.91 5.2 5.48 5.8 6.12 6.47 6.82 7.18 7.53 7.87 8.18 8.48 8.77 9.06 9.31 9.54 9.77 9.99 10.2 10.4 10.6 10.7 10.9 11 11.1 11.2 11.3 11.4 11.5 11.6 11.7 11.8 11.9 12 12.2 12.4 12.6 12.8 13 13.3 13.5 13.8 14 14.3 14.5 14.8 15 15.2 15.2 15.2 15.2 15.1 15 14.9 14.8 14.7 14.6
2.31 2.39 2.47 2.56 2.64 2.74 2.82 2.95 3.09 3.25 3.42 3.61 3.82 4.04 4.28 4.53 4.81 5.09 5.39 5.7 6.03 6.35 6.69 7.02 7.35 7.66 7.96 8.26 8.55 8.8 9.03 9.27 9.49 9.67 9.87 10.1 10.3 10.4 10.6 10.7 10.8 11 11 11.1 11.2 11.3 11.5 11.6 11.8 12 12.2 12.4 12.7 12.9 13.2 13.5 13.7 14 14.3 14.5 14.8 15 15.2 15.3 15.3 15.3 15.3 15.3 15.2 15.1 15 14.9
2.17 2.23 2.29 2.36 2.43 2.5 2.57 2.68 2.78 2.92 3.07 3.24 3.43 3.63 3.86 4.11 4.39 4.66 4.97 5.28 5.61 5.93 6.25 6.56 6.88 7.18 7.47 7.75 8.03 8.28 8.52 8.76 8.99 9.18 9.38 9.62 9.83 9.99 10.1 10.3 10.4 10.5 10.6 10.7 10.8 11 11.1 11.3 11.5 11.7 11.9 12.2 12.4 12.7 13 13.3 13.6 13.9 14.2 14.5 14.7 15 15.2 15.3 15.4 15.5 15.5 15.5 15.4 15.4 15.3 15.3
2.03 2.07 2.11 2.16 2.21 2.27 2.32 2.39 2.47 2.58 2.7 2.86 3.03 3.21 3.43 3.67 3.94 4.22 4.55 4.87 5.2 5.51 5.82 6.13 6.43 6.72 6.99 7.25 7.51 7.76 8 8.24 8.47 8.67 8.89 9.14 9.35 9.53 9.67 9.79 9.91 10 10.2 10.3 10.4 10.6 10.8 10.9 11.2 11.4 11.6 11.9 12.2 12.5 12.8 13.1 13.4 13.8 14.1 14.4 14.6 14.9 15.1 15.3 15.4 15.5 15.6 15.6 15.6 15.6 15.6 15.6
1.89 1.92 1.94 1.97 2 2.04 2.07 2.12 2.17 2.25 2.34 2.49 2.64 2.8 3 3.22 3.51 3.82 4.16 4.49 4.81 5.13 5.44 5.73 6.02 6.29 6.54 6.79 7.05 7.29 7.52 7.75 7.98 8.2 8.42 8.66 8.87 9.04 9.17 9.28 9.4 9.52 9.68 9.83 9.98 10.1 10.3 10.5 10.8 11 11.3 11.5 11.8 12.2 12.5 12.8 13.2 13.5 13.9 14.2 14.5 14.8 15 15.2 15.4 15.6 15.7 15.8 15.8 15.8 15.8 15.8
1.75 1.77 1.78 1.79 1.79 1.81 1.82 1.84 1.87 1.91 1.99 2.11 2.25 2.4 2.58 2.77 3.09 3.42 3.77 4.11 4.44 4.75 5.06 5.35 5.62 5.87 6.1 6.34 6.59 6.82 7.05 7.28 7.5 7.72 7.94 8.18 8.38 8.53 8.65 8.75 8.87 9 9.17 9.34 9.5 9.68 9.88 10.1 10.3 10.6 10.9 11.2 11.5 11.8 12.2 12.5 12.9 13.3 13.6 14 14.3 14.6 14.9 15.2 15.4 15.6 15.7 15.9 15.9 16 16.1 16.1
1.64 1.64 1.64 1.64 1.63 1.64 1.64 1.66 1.68 1.72 1.78 1.87 1.99 2.15 2.35 2.57 2.86 3.17 3.49 3.8 4.1 4.39 4.68 4.95 5.21 5.45 5.68 5.91 6.14 6.36 6.58 6.8 7.02 7.25 7.47 7.7 7.89 8.03 8.15 8.24 8.36 8.49 8.65 8.82 8.98 9.16 9.38 9.61 9.86 10.1 10.4 10.7 11.1 11.4 11.8 12.2 12.5 12.9 13.3 13.7 14.1 14.4 14.7 15 15.3 15.5 15.7 15.9 16 16.1 16.2 16.3
1.52 1.51 1.51 1.5 1.48 1.48 1.47 1.48 1.5 1.55 1.6 1.65 1.76 1.93 2.15 2.39 2.66 2.93 3.22 3.5 3.77 4.04 4.3 4.55 4.8 5.03 5.26 5.47 5.68 5.89 6.09 6.32 6.54 6.77 6.99 7.21 7.39 7.52 7.63 7.73 7.85 7.98 8.13 8.29 8.46 8.64 8.86 9.1 9.36 9.64 9.95 10.3 10.6 11 11.4 11.8 12.2 12.6 13 13.4 13.8 14.2 14.5 14.9 15.2 15.4 15.7 15.9 16.1 16.2 16.4 16.4
1.41 1.4 1.38 1.37 1.36 1.35 1.34 1.35 1.36 1.41 1.46 1.53 1.65 1.8 2 2.22 2.46 2.71 2.97 3.22 3.47 3.71 3.95 4.17 4.4 4.61 4.81 5 5.19 5.38 5.57 5.79 6 6.22 6.43 6.63 6.81 6.95 7.07 7.18 7.31 7.46 7.61 7.76 7.93 8.11 8.33 8.57 8.83 9.12 9.42 9.76 10.1 10.5 10.9 11.3 11.7 12.1 12.6 13 13.4 13.9 14.3 14.6 15 15.3 15.6 15.9 16.1 16.3 16.4 16.6
1.3 1.29 1.27 1.25 1.23 1.22 1.22 1.23 1.24 1.28 1.33 1.42 1.53 1.67 1.85 2.05 2.27 2.49 2.72 2.95 3.17 3.39 3.59 3.8 4 4.18 4.35 4.52 4.69 4.86 5.03 5.23 5.42 5.63 5.82 6.02 6.2 6.35 6.48 6.61 6.75 6.91 7.05 7.2 7.37 7.56 7.78 8.01 8.28 8.57 8.88 9.22 9.59 9.97 10.4 10.8 11.2 11.7 12.2 12.6 13.1 13.6 14 14.4 14.8 15.2 15.5 15.8 16.1 16.3 16.5 16.7
1.22 1.2 1.17 1.15 1.14 1.13 1.12 1.13 1.14 1.18 1.23 1.3 1.4 1.53 1.69 1.87 2.07 2.27 2.48 2.68 2.88 3.07 3.25 3.43 3.59 3.75 3.89 4.03 4.16 4.3 4.43 4.59 4.74 4.91 5.09 5.29 5.48 5.66 5.82 5.97 6.12 6.27 6.43 6.59 6.77 6.96 7.18 7.42 7.69 7.98 8.3 8.65 9.02 9.42 9.83 10.3 10.7 11.2 11.7 12.2 12.7 13.2 13.7 14.2 14.6 15 15.4 15.8 16.1 16.4 16.6 16.8
1.15 1.12 1.09 1.07 1.05 1.04 1.03 1.05 1.06 1.1 1.14 1.2 1.29 1.4 1.55 1.71 1.88 2.06 2.25 2.43 2.6 2.77 2.93 3.07 3.2 3.32 3.44 3.54 3.64 3.75 3.85 3.96 4.07 4.21 4.37 4.55 4.73 4.92 5.1 5.27 5.43 5.59 5.75 5.92 6.11 6.32 6.54 6.79 7.06 7.36 7.69 8.04 8.43 8.84 9.27 9.73 10.2 10.7 11.2 11.8 12.3 12.9 13.4 13.9 14.4 14.9 15.3 15.7 16.1 16.4 16.6 16.8
1.09 1.06 1.03 1.01 0.989 0.98 0.971 0.983 0.998 1.03 1.07 1.13 1.2 1.3 1.42 1.56 1.72 1.88 2.05 2.2 2.35 2.5 2.62 2.74 2.83 2.92 3 3.07 3.14 3.21 3.28 3.35 3.43 3.53 3.64 3.78 3.95 4.13 4.31 4.49 4.66 4.83 5.01 5.2 5.39 5.61 5.84 6.09 6.38 6.69 7.03 7.4 7.8 8.22 8.68 9.15 9.65 10.2 10.7 11.3 11.9 12.5 13.1 13.7 14.2 14.7 15.2 15.6 16 16.4 16.7 16.9
1.04 1.01 0.984 0.961 0.94 0.931 0.923 0.935 0.949 0.983 1.02 1.07 1.13 1.21 1.32 1.44 1.58 1.72 1.86 2 2.13 2.24 2.34 2.43 2.5 2.56 2.61 2.66 2.7 2.74 2.79 2.84 2.9 2.96 3.05 3.16 3.29 3.45 3.61 3.78 3.95 4.12 4.3 4.49 4.69 4.9 5.14 5.39 5.68 6 6.36 6.74 7.15 7.6 8.06 8.55 9.07 9.62 10.2 10.8 11.5 12.1 12.7 13.4 14 14.5 15.1 15.6 16 16.4 16.7 17
1.01 0.974 0.944 0.922 0.902 0.895 0.889 0.899 0.913 0.943 0.978 1.02 1.08 1.14 1.23 1.33 1.46 1.58 1.7 1.82 1.92 2.01 2.09 2.15 2.2 2.23 2.26 2.29 2.32 2.35 2.38 2.41 2.45 2.5 2.56 2.64 2.74 2.86 3 3.14 3.3 3.46 3.63 3.8 4 4.2 4.44 4.69 4.99 5.31 5.68 6.08 6.5 6.96 7.44 7.93 8.45 9.03 9.65 10.3 11 11.7 12.4 13.1 13.7 14.4 15 15.5 16 16.5 16.8 17.1
0.972 0.94 0.911 0.89 0.873 0.866 0.86 0.872 0.886 0.914 0.947 0.989 1.04 1.09 1.17 1.26 1.36 1.47 1.57 1.66 1.74 1.82 1.88 1.92 1.95 1.97 1.99 2.01 2.03 2.05 2.07 2.1 2.13 2.17 2.21 2.27 2.35 2.45 2.56 2.68 2.81 2.95 3.1 3.26 3.44 3.63 3.85 4.1 4.39 4.71 5.08 5.49 5.93 6.39 6.86 7.35 7.86 8.46 9.13 9.84 10.6 11.3 12.1 12.8 13.5 14.2 14.9 15.5 16 16.5 16.9 17.3
0.942 0.911 0.881 0.864 0.851 0.843 0.836 0.849 0.865 0.891 0.922 0.963 1.01 1.06 1.12 1.19 1.28 1.37 1.45 1.52 1.58 1.64 1.68 1.71 1.73 1.75 1.76 1.77 1.78 1.8 1.81 1.84 1.86 1.89 1.93 1.98 2.04 2.11 2.2 2.29 2.4 2.51 2.64 2.78 2.94 3.12 3.32 3.56 3.83 4.16 4.54 4.96 5.41 5.87 6.33 6.79 7.28 7.89 8.61 9.39 10.2 11 11.8 12.5 13.3 14.1 14.8 15.5 16.1 16.7 17.1 17.4
0.918 0.892 0.867 0.853 0.841 0.835 0.829 0.841 0.855 0.88 0.908 0.945 0.987 1.03 1.09 1.15 1.21 1.28 1.35 1.41 1.46 1.5 1.53 1.55 1.57 1.58 1.59 1.59 1.6 1.61 1.63 1.65 1.67 1.7 1.73 1.76 1.81 1.87 1.93 2.01 2.1 2.19 2.31 2.43 2.57 2.74 2.93 3.15 3.41 3.73 4.12 4.56 5.02 5.48 5.94 6.39 6.84 7.41 8.21 9.05 9.88 10.7 11.5 12.3 13.1 14 14.8 15.5 16.2 16.8 17.4 17.7
0.897 0.875 0.856 0.844 0.834 0.83 0.826 0.837 0.849 0.871 0.897 0.93 0.968 1.01 1.05 1.1 1.15 1.21 1.25 1.3 1.33 1.36 1.38 1.4 1.41 1.42 1.43 1.43 1.44 1.45 1.46 1.47 1.49 1.51 1.54 1.56 1.6 1.64 1.69 1.75 1.83 1.91 2 2.12 2.25 2.4 2.58 2.78 3.02 3.34 3.76 4.23 4.7 5.18 5.63 6.09 6.54 7.12 7.96 8.82 9.66 10.5 11.3 12.2 13 13.9 14.8 15.6 16.4 17.1 17.7 18.1
0.884 0.866 0.851 0.842 0.835 0.833 0.832 0.842 0.853 0.873 0.896 0.927 0.96 0.995 1.03 1.07 1.12 1.16 1.19 1.23 1.25 1.27 1.29 1.3 1.31 1.32 1.32 1.33 1.33 1.34 1.35 1.36 1.37 1.39 1.4 1.42 1.44 1.47 1.51 1.56 1.61 1.68 1.77 1.87 2 2.15 2.34 2.53 2.75 3.05 3.53 4.03 4.51 4.99 5.46 5.94 6.44 7.08 7.84 8.66 9.49 10.3 11.2 12 12.9 13.8 14.7 15.7 16.6 17.5 18.2 18.6
0.872 0.858 0.847 0.841 0.836 0.838 0.84 0.849 0.859 0.878 0.898 0.925 0.954 0.985 1.02 1.05 1.08 1.11 1.14 1.16 1.18 1.19 1.2 1.21 1.22 1.22 1.23 1.23 1.24 1.24 1.24 1.25 1.26 1.27 1.28 1.29 1.3 1.31 1.34 1.37 1.42 1.47 1.55 1.65 1.78 1.94 2.14 2.37 2.62 2.96 3.42 3.91 4.39 4.87 5.35 5.85 6.39 7.04 7.76 8.54 9.34 10.2 11 11.9 12.8 13.7 14.7 15.7 16.8 17.9 19 19.3
0.867 0.856 0.849 0.846 0.844 0.848 0.852 0.862 0.872 0.889 0.907 0.93 0.955 0.982 1.01 1.04 1.06 1.08 1.1 1.12 1.13 1.14 1.14 1.15 1.15 1.16 1.16 1.17 1.17 1.17 1.17 1.17 1.18 1.18 1.18 1.18 1.18 1.19 1.21 1.23 1.27 1.31 1.38 1.46 1.59 1.77 2.01 2.28 2.6 2.98 3.41 3.87 4.33 4.81 5.29 5.81 6.36 7 7.69 8.44 9.22 10 10.9 11.7 12.6 13.6 14.6 15.6 16.7 18 19.5 19.9
0.864 0.857 0.853 0.853 0.854 0.86 0.866 0.877 0.887 0.902 0.918 0.938 0.959 0.981 1 1.02 1.04 1.06 1.07 1.08 1.09 1.09 1.09 1.09 1.09 1.1 1.11 1.11 1.11 1.11 1.1 1.1 1.11 1.1 1.1 1.09 1.08 1.09 1.1 1.11 1.14 1.18 1.23 1.31 1.43 1.63 1.9 2.24 2.61 3.01 3.43 3.87 4.32 4.78 5.26 5.78 6.33 6.95 7.63 8.34 9.1 9.88 10.7 11.6 12.4 13.4 14.4 15.4 16.5 17.7 18.8 19.2
0.866 0.862 0.861 0.864 0.868 0.876 0.884 0.895 0.906 0.92 0.933 0.95 0.967 0.986 1 1.02 1.04 1.05 1.06 1.06 1.06 1.06 1.06 1.05 1.06 1.07 1.07 1.08 1.07 1.07 1.06 1.06 1.06 1.04 1.03 1.02 1.01 1.01 1.02 1.04 1.06 1.09 1.14 1.2 1.31 1.51 1.84 2.24 2.66 3.08 3.5 3.91 4.34 4.78 5.26 5.76 6.31 6.92 7.57 8.26 8.99 9.75 10.5 11.4 12.2 13.1 14.1 15.1 16.1 17.1 17.8 18.2
0.872 0.871 0.872 0.878 0.884 0.894 0.904 0.917 0.928 0.94 0.952 0.965 0.98 0.994 1.01 1.02 1.03 1.04 1.05 1.05 1.05 1.05 1.04 1.04 1.04 1.04 1.05 1.05 1.04 1.03 1.02 1.02 1.02 0.994 0.974 0.958 0.952 0.96 0.97 0.985 1.01 1.05 1.09 1.15 1.23 1.41 1.83 2.28 2.74 3.18 3.58 3.96 4.36 4.79 5.25 5.75 6.28 6.88 7.5 8.17 8.87 9.6 10.4 11.2 12 12.9 13.8 14.7 15.5 16.3 16.9 17.3
0.883 0.884 0.888 0.896 0.904 0.916 0.927 0.941 0.953 0.964 0.974 0.985 0.997 1.01 1.02 1.03 1.03 1.04 1.04 1.04 1.04 1.04 1.03 1.03 1.03 1.03 1.04 1.03 1.02 1.01 1 0.99 0.977 0.952 0.931 0.916 0.914 0.926 0.941 0.961 0.995 1.04 1.1 1.18 1.3 1.53 1.91 2.35 2.83 3.32 3.66 4.01 4.38 4.79 5.24 5.73 6.25 6.82 7.42 8.06 8.74 9.44 10.2 10.9 11.7 12.6 13.4 14.2 15 15.7 16.2 16.6
0.899 0.903 0.909 0.919 0.929 0.942 0.954 0.968 0.98 0.991 1 1.01 1.02 1.03 1.03 1.04 1.04 1.05 1.05 1.04 1.04 1.04 1.03 1.03 1.03 1.03 1.03 1.02 1.01 0.996 0.983 0.964 0.944 0.918 0.898 0.886 0.889 0.907 0.929 0.959 1.01 1.07 1.15 1.26 1.42 1.67 2.01 2.42 2.87 3.32 3.67 4.01 4.38 4.78 5.22 5.69 6.2 6.75 7.34 7.96 8.6 9.28 9.99 10.7 11.5 12.2 13 13.8 14.4 15.1 15.6 16
0.921 0.926 0.934 0.945 0.957 0.971 0.984 0.997 1.01 1.02 1.03 1.04 1.04 1.05 1.06 1.06 1.06 1.06 1.06 1.05 1.05 1.04 1.04 1.04 1.04 1.03 1.03 1.02 1 0.984 0.968 0.94 0.915 0.89 0.873 0.867 0.876 0.901 0.932 0.973 1.03 1.11 1.21 1.35 1.53 1.78 2.09 2.46 2.86 3.26 3.62 3.98 4.35 4.75 5.18 5.65 6.14 6.68 7.24 7.84 8.46 9.11 9.78 10.5 11.2 11.9 12.6 13.3 14 14.6 15 15.4
0.953 0.961 0.969 0.982 0.995 1.01 1.02 1.04 1.05 1.06 1.07 1.08 1.08 1.09 1.09 1.09 1.09 1.08 1.08 1.07 1.07 1.06 1.05 1.05 1.04 1.04 1.03 1.01 0.992 0.972 0.951 0.919 0.891 0.868 0.854 0.855 0.871 0.904 0.945 0.997 1.07 1.16 1.28 1.43 1.62 1.86 2.16 2.49 2.84 3.21 3.57 3.93 4.3 4.7 5.13 5.58 6.06 6.59 7.13 7.7 8.3 8.92 9.57 10.2 10.9 11.6 12.3 12.9 13.5 14.1 14.6 15
0.99 0.999 1.01 1.02 1.04 1.05 1.07 1.08 1.1 1.11 1.11 1.12 1.12 1.13 1.13 1.12 1.12 1.11 1.1 1.09 1.09 1.08 1.07 1.06 1.05 1.04 1.03 1.01 0.985 0.959 0.933 0.9 0.872 0.851 0.841 0.85 0.874 0.914 0.964 1.03 1.11 1.21 1.34 1.5 1.69 1.93 2.2 2.5 2.83 3.17 3.52 3.88 4.25 4.64 5.06 5.51 5.98 6.48 7 7.56 8.13 8.73 9.35 9.99 10.6 11.3 11.9 12.6 13.1 13.7 14.1 14.5
1.03 1.04 1.06 1.08 1.09 1.11 1.13 1.14 1.16 1.17 1.17 1.18 1.18 1.18 1.18 1.17 1.16 1.15 1.14 1.13 1.12 1.11 1.1 1.09 1.07 1.06 1.03 1.01 0.985 0.955 0.927 0.894 0.866 0.851 0.847 0.858 0.886 0.932 0.988 1.06 1.15 1.26 1.4 1.56 1.75 1.98 2.23 2.51 2.82 3.14 3.48 3.83 4.19 4.58 4.99 5.43 5.88 6.37 6.87 7.41 7.96 8.54 9.14 9.75 10.4 11 11.6 12.2 12.8 13.3 13.7 14.1
1.08 1.09 1.11 1.13 1.15 1.17 1.19 1.21 1.22 1.23 1.24 1.24 1.25 1.24 1.24 1.23 1.21 1.2 1.18 1.17 1.16 1.15 1.13 1.11 1.1 1.07 1.04 1.01 0.986 0.954 0.925 0.891 0.866 0.857 0.858 0.871 0.901 0.951 1.01 1.09 1.19 1.31 1.45 1.61 1.8 2.01 2.25 2.52 2.8 3.11 3.44 3.78 4.13 4.52 4.91 5.33 5.77 6.24 6.73 7.25 7.78 8.34 8.92 9.52 10.1 10.7 11.3 11.9 12.4 12.9 13.4 13.8
