maui/input/month_year_rainfall/maui_prcp_08_2001.asc
ncols        361
nrows        320
xllcorner    -156.738000000000
yllcorner    20.343000000000
cellsize     0.002250000000
NODATA_value -3.4028234663852885981e+38
[rows 155 to 185 of 320, columns 142 to 212 of 361]
0.275 0.282 0.29 0.298 0.306 0.314 0.322 0.331 0.339 0.349 0.358 0.368 0.378 0.388 0.398 0.408 0.417 0.426 0.432 0.438 0.442 0.445 0.447 0.448 0.45 0.451 0.453 0.454 0.455 0.456 0.457 0.459 0.461 0.464 0.467 0.47 0.473 0.476 0.479 0.482 0.486 0.49 0.495 0.5 0.506 0.512 0.518 0.524 0.531 0.537 0.542 0.548 0.552 0.557 0.561 0.565 0.57 0.574 0.577 0.581 0.582 0.581 0.578 0.573 0.566 0.559 0.549 0.538 0.526 0.513 0.499
0.285 0.294 0.302 0.31 0.319 0.327 0.336 0.345 0.354 0.364 0.374 0.384 0.394 0.405 0.416 0.427 0.435 0.444 0.45 0.455 0.458 0.46 0.461 0.462 0.463 0.464 0.465 0.465 0.466 0.467 0.468 0.47 0.472 0.475 0.478 0.481 0.484 0.487 0.49 0.494 0.498 0.503 0.507 0.512 0.518 0.523 0.528 0.532 0.537 0.542 0.546 0.55 0.553 0.556 0.559 0.561 0.564 0.567 0.57 0.572 0.572 0.57 0.566 0.56 0.552 0.544 0.534 0.523 0.511 0.499 0.485
0.296 0.305 0.313 0.322 0.331 0.341 0.35 0.36 0.369 0.379 0.389 0.399 0.41 0.422 0.433 0.445 0.454 0.462 0.467 0.472 0.474 0.476 0.476 0.475 0.475 0.475 0.476 0.476 0.478 0.479 0.48 0.481 0.483 0.486 0.489 0.493 0.496 0.499 0.503 0.507 0.511 0.516 0.52 0.525 0.529 0.533 0.537 0.54 0.543 0.546 0.549 0.551 0.552 0.554 0.556 0.557 0.558 0.56 0.561 0.562 0.561 0.558 0.553 0.546 0.538 0.53 0.519 0.509 0.498 0.486 0.474
0.305 0.315 0.324 0.334 0.343 0.353 0.363 0.373 0.383 0.393 0.403 0.414 0.425 0.437 0.449 0.461 0.47 0.478 0.483 0.487 0.489 0.49 0.489 0.488 0.487 0.487 0.487 0.487 0.488 0.489 0.491 0.492 0.494 0.498 0.501 0.505 0.509 0.513 0.517 0.521 0.525 0.528 0.532 0.535 0.538 0.54 0.542 0.544 0.546 0.547 0.549 0.549 0.55 0.55 0.55 0.55 0.55 0.55 0.551 0.55 0.548 0.544 0.539 0.532 0.524 0.516 0.506 0.496 0.485 0.475 0.465
0.315 0.325 0.335 0.345 0.354 0.365 0.376 0.386 0.396 0.407 0.417 0.428 0.439 0.451 0.464 0.477 0.486 0.494 0.499 0.503 0.504 0.504 0.502 0.501 0.499 0.498 0.498 0.498 0.499 0.5 0.502 0.503 0.506 0.51 0.514 0.518 0.522 0.527 0.531 0.535 0.538 0.541 0.543 0.545 0.546 0.547 0.548 0.548 0.548 0.549 0.549 0.548 0.547 0.545 0.544 0.543 0.541 0.541 0.539 0.538 0.535 0.53 0.524 0.518 0.51 0.502 0.492 0.482 0.473 0.464 0.457
0.325 0.335 0.345 0.356 0.366 0.377 0.387 0.398 0.409 0.42 0.43 0.441 0.452 0.464 0.478 0.492 0.501 0.509 0.513 0.517 0.518 0.518 0.516 0.513 0.51 0.509 0.509 0.509 0.51 0.511 0.514 0.516 0.519 0.523 0.527 0.532 0.536 0.541 0.544 0.547 0.549 0.551 0.551 0.551 0.551 0.551 0.55 0.549 0.548 0.547 0.546 0.544 0.542 0.539 0.535 0.533 0.53 0.528 0.526 0.523 0.52 0.515 0.509 0.503 0.496 0.488 0.479 0.471 0.463 0.456 0.45
0.334 0.345 0.355 0.366 0.377 0.388 0.399 0.411 0.422 0.433 0.444 0.454 0.465 0.478 0.494 0.509 0.517 0.525 0.528 0.531 0.533 0.533 0.531 0.527 0.523 0.522 0.522 0.522 0.522 0.525 0.527 0.529 0.532 0.536 0.541 0.546 0.551 0.554 0.557 0.559 0.56 0.56 0.559 0.557 0.556 0.554 0.552 0.55 0.548 0.545 0.542 0.539 0.536 0.532 0.527 0.522 0.518 0.515 0.512 0.509 0.505 0.5 0.495 0.489 0.482 0.475 0.467 0.46 0.453 0.447 0.444
0.344 0.355 0.366 0.377 0.388 0.399 0.411 0.423 0.434 0.445 0.457 0.468 0.481 0.495 0.51 0.526 0.534 0.54 0.544 0.546 0.547 0.547 0.545 0.542 0.539 0.538 0.538 0.537 0.538 0.539 0.541 0.543 0.545 0.549 0.553 0.557 0.561 0.564 0.566 0.567 0.567 0.566 0.564 0.561 0.558 0.555 0.552 0.548 0.545 0.541 0.536 0.532 0.527 0.522 0.516 0.511 0.506 0.502 0.499 0.495 0.491 0.486 0.481 0.475 0.469 0.463 0.456 0.45 0.445 0.441 0.439
0.354 0.365 0.377 0.388 0.399 0.411 0.422 0.435 0.447 0.458 0.47 0.483 0.497 0.511 0.526 0.541 0.549 0.556 0.559 0.562 0.563 0.563 0.561 0.559 0.556 0.555 0.554 0.553 0.554 0.554 0.555 0.555 0.557 0.56 0.564 0.568 0.571 0.572 0.573 0.574 0.573 0.572 0.568 0.565 0.56 0.555 0.551 0.546 0.541 0.535 0.53 0.524 0.518 0.512 0.505 0.499 0.493 0.489 0.485 0.481 0.477 0.472 0.467 0.462 0.456 0.451 0.446 0.44 0.437 0.435 0.434
0.363 0.376 0.387 0.399 0.41 0.423 0.435 0.447 0.459 0.471 0.484 0.498 0.512 0.527 0.541 0.555 0.564 0.571 0.575 0.577 0.578 0.578 0.577 0.575 0.573 0.571 0.57 0.569 0.568 0.567 0.567 0.566 0.566 0.569 0.572 0.575 0.577 0.579 0.579 0.579 0.577 0.575 0.57 0.566 0.56 0.554 0.547 0.541 0.534 0.528 0.521 0.514 0.508 0.501 0.494 0.487 0.481 0.476 0.472 0.467 0.463 0.458 0.454 0.449 0.445 0.44 0.436 0.432 0.431 0.43 0.432
0.373 0.386 0.398 0.41 0.422 0.435 0.447 0.459 0.472 0.485 0.499 0.513 0.527 0.541 0.555 0.568 0.577 0.585 0.589 0.592 0.593 0.593 0.591 0.59 0.587 0.585 0.583 0.582 0.58 0.578 0.577 0.575 0.575 0.577 0.579 0.581 0.583 0.584 0.583 0.582 0.58 0.577 0.571 0.565 0.557 0.55 0.542 0.534 0.527 0.519 0.511 0.504 0.497 0.49 0.482 0.475 0.469 0.463 0.459 0.454 0.45 0.446 0.441 0.438 0.434 0.43 0.427 0.425 0.425 0.426 0.429
0.384 0.396 0.409 0.422 0.434 0.447 0.46 0.473 0.486 0.5 0.514 0.528 0.542 0.556 0.568 0.58 0.589 0.597 0.601 0.604 0.605 0.606 0.604 0.602 0.6 0.597 0.594 0.591 0.589 0.586 0.583 0.581 0.581 0.582 0.584 0.586 0.587 0.587 0.586 0.584 0.581 0.576 0.569 0.561 0.552 0.543 0.535 0.526 0.518 0.51 0.501 0.493 0.486 0.478 0.471 0.464 0.457 0.451 0.446 0.442 0.437 0.433 0.43 0.427 0.424 0.422 0.42 0.419 0.42 0.422 0.426
0.393 0.407 0.419 0.433 0.446 0.46 0.473 0.486 0.5 0.514 0.528 0.542 0.556 0.568 0.58 0.591 0.599 0.607 0.611 0.614 0.615 0.615 0.614 0.612 0.608 0.605 0.601 0.597 0.594 0.59 0.587 0.586 0.584 0.586 0.587 0.588 0.589 0.588 0.587 0.584 0.58 0.574 0.565 0.555 0.545 0.536 0.526 0.517 0.508 0.499 0.491 0.482 0.474 0.467 0.459 0.452 0.445 0.439 0.435 0.43 0.426 0.423 0.42 0.418 0.416 0.414 0.414 0.414 0.415 0.418 0.422
0.403 0.416 0.43 0.443 0.457 0.472 0.486 0.5 0.514 0.528 0.542 0.556 0.568 0.58 0.591 0.601 0.609 0.616 0.619 0.623 0.623 0.623 0.621 0.618 0.614 0.61 0.605 0.601 0.596 0.593 0.59 0.588 0.587 0.587 0.588 0.589 0.588 0.587 0.585 0.583 0.577 0.569 0.559 0.548 0.538 0.527 0.517 0.507 0.498 0.489 0.479 0.471 0.463 0.455 0.447 0.44 0.433 0.428 0.423 0.419 0.416 0.413 0.411 0.41 0.408 0.407 0.407 0.408 0.41 0.413 0.417
0.412 0.426 0.44 0.453 0.468 0.483 0.498 0.513 0.527 0.542 0.555 0.568 0.58 0.591 0.6 0.61 0.616 0.623 0.625 0.628 0.627 0.626 0.624 0.621 0.616 0.611 0.606 0.601 0.596 0.592 0.589 0.586 0.585 0.585 0.585 0.584 0.583 0.582 0.581 0.578 0.572 0.562 0.551 0.54 0.528 0.517 0.506 0.496 0.487 0.477 0.467 0.459 0.451 0.443 0.436 0.429 0.422 0.418 0.414 0.41 0.408 0.405 0.404 0.402 0.401 0.4 0.401 0.402 0.404 0.407 0.412
0.422 0.436 0.45 0.464 0.479 0.496 0.511 0.526 0.54 0.555 0.568 0.58 0.591 0.601 0.61 0.618 0.624 0.63 0.631 0.631 0.63 0.628 0.625 0.622 0.617 0.612 0.606 0.6 0.595 0.59 0.587 0.584 0.581 0.58 0.579 0.577 0.576 0.575 0.574 0.572 0.565 0.554 0.541 0.529 0.517 0.506 0.495 0.485 0.475 0.465 0.455 0.446 0.438 0.431 0.424 0.418 0.413 0.409 0.406 0.403 0.4 0.398 0.396 0.395 0.394 0.394 0.394 0.395 0.398 0.402 0.406
0.431 0.446 0.461 0.476 0.491 0.507 0.523 0.538 0.552 0.566 0.579 0.59 0.6 0.609 0.616 0.623 0.628 0.633 0.633 0.632 0.63 0.627 0.624 0.619 0.614 0.608 0.602 0.595 0.589 0.584 0.58 0.576 0.573 0.571 0.569 0.567 0.565 0.563 0.562 0.56 0.552 0.541 0.528 0.516 0.505 0.493 0.482 0.472 0.462 0.452 0.443 0.435 0.428 0.421 0.415 0.41 0.405 0.402 0.399 0.396 0.393 0.391 0.389 0.388 0.387 0.387 0.388 0.389 0.392 0.395 0.399
0.44 0.455 0.471 0.487 0.502 0.519 0.535 0.549 0.563 0.577 0.589 0.599 0.608 0.616 0.623 0.628 0.632 0.635 0.634 0.632 0.629 0.626 0.621 0.616 0.611 0.604 0.597 0.589 0.583 0.577 0.572 0.568 0.564 0.561 0.558 0.555 0.553 0.55 0.547 0.543 0.535 0.525 0.514 0.502 0.491 0.48 0.469 0.459 0.449 0.44 0.431 0.424 0.418 0.412 0.407 0.402 0.398 0.395 0.392 0.389 0.386 0.384 0.382 0.381 0.38 0.38 0.381 0.382 0.385 0.389 0.393
0.447 0.464 0.48 0.496 0.512 0.529 0.545 0.56 0.574 0.586 0.598 0.607 0.615 0.621 0.626 0.63 0.632 0.634 0.632 0.63 0.625 0.621 0.615 0.609 0.603 0.595 0.587 0.58 0.572 0.566 0.561 0.556 0.552 0.548 0.545 0.541 0.538 0.534 0.53 0.525 0.517 0.508 0.498 0.487 0.476 0.466 0.456 0.446 0.438 0.429 0.422 0.416 0.41 0.405 0.4 0.396 0.391 0.388 0.385 0.382 0.38 0.377 0.376 0.374 0.374 0.373 0.374 0.375 0.378 0.381 0.385
0.454 0.471 0.488 0.505 0.522 0.538 0.555 0.569 0.583 0.595 0.605 0.614 0.62 0.626 0.629 0.632 0.632 0.633 0.629 0.626 0.621 0.615 0.609 0.602 0.594 0.585 0.577 0.569 0.561 0.554 0.549 0.543 0.539 0.535 0.531 0.527 0.522 0.518 0.513 0.507 0.5 0.491 0.481 0.471 0.462 0.452 0.443 0.434 0.427 0.419 0.413 0.407 0.402 0.397 0.393 0.389 0.385 0.382 0.379 0.376 0.373 0.371 0.369 0.368 0.367 0.366 0.367 0.368 0.371 0.374 0.378
0.46 0.477 0.494 0.512 0.529 0.546 0.563 0.577 0.59 0.601 0.611 0.618 0.624 0.628 0.63 0.631 0.63 0.629 0.625 0.62 0.614 0.607 0.6 0.591 0.582 0.573 0.564 0.556 0.548 0.541 0.535 0.529 0.524 0.52 0.516 0.511 0.506 0.501 0.496 0.489 0.482 0.474 0.466 0.457 0.449 0.441 0.433 0.425 0.418 0.411 0.405 0.4 0.395 0.39 0.386 0.382 0.378 0.375 0.372 0.369 0.367 0.364 0.362 0.361 0.36 0.359 0.36 0.361 0.364 0.366 0.37
0.464 0.482 0.499 0.518 0.535 0.553 0.57 0.583 0.596 0.606 0.615 0.621 0.626 0.629 0.629 0.629 0.627 0.624 0.619 0.613 0.605 0.598 0.589 0.58 0.569 0.56 0.551 0.542 0.534 0.527 0.52 0.514 0.509 0.505 0.5 0.495 0.49 0.485 0.479 0.473 0.466 0.459 0.451 0.444 0.437 0.43 0.422 0.415 0.409 0.403 0.397 0.392 0.388 0.383 0.379 0.375 0.371 0.368 0.365 0.363 0.36 0.358 0.356 0.354 0.353 0.353 0.353 0.354 0.356 0.359 0.363
0.467 0.485 0.503 0.522 0.54 0.558 0.574 0.587 0.599 0.608 0.616 0.623 0.626 0.628 0.627 0.626 0.622 0.618 0.611 0.604 0.595 0.585 0.575 0.565 0.555 0.545 0.537 0.528 0.519 0.512 0.505 0.499 0.493 0.489 0.484 0.479 0.474 0.469 0.463 0.458 0.452 0.446 0.439 0.433 0.426 0.42 0.413 0.407 0.401 0.395 0.389 0.385 0.38 0.376 0.372 0.368 0.364 0.361 0.359 0.356 0.353 0.351 0.349 0.348 0.347 0.346 0.347 0.347 0.349 0.352 0.355
0.468 0.487 0.505 0.524 0.543 0.56 0.577 0.589 0.601 0.609 0.617 0.623 0.626 0.627 0.625 0.622 0.616 0.611 0.602 0.594 0.583 0.572 0.56 0.55 0.54 0.531 0.522 0.513 0.504 0.497 0.49 0.484 0.478 0.474 0.469 0.464 0.459 0.455 0.45 0.445 0.44 0.434 0.428 0.422 0.416 0.411 0.404 0.398 0.392 0.387 0.382 0.377 0.373 0.369 0.365 0.361 0.357 0.355 0.352 0.349 0.347 0.345 0.343 0.341 0.34 0.339 0.34 0.341 0.342 0.344 0.348
0.469 0.487 0.506 0.525 0.543 0.561 0.578 0.59 0.6 0.609 0.616 0.622 0.624 0.624 0.621 0.617 0.61 0.603 0.593 0.582 0.57 0.557 0.545 0.534 0.525 0.516 0.507 0.498 0.489 0.483 0.476 0.47 0.464 0.46 0.456 0.451 0.447 0.443 0.439 0.434 0.429 0.424 0.418 0.412 0.407 0.401 0.395 0.389 0.384 0.379 0.374 0.369 0.365 0.361 0.358 0.354 0.35 0.348 0.345 0.342 0.34 0.338 0.336 0.334 0.333 0.333 0.333 0.334 0.335 0.337 0.34
0.468 0.486 0.505 0.524 0.542 0.561 0.577 0.589 0.599 0.607 0.614 0.619 0.621 0.62 0.616 0.61 0.602 0.594 0.583 0.571 0.557 0.544 0.531 0.519 0.51 0.501 0.492 0.484 0.476 0.469 0.463 0.457 0.452 0.448 0.444 0.441 0.437 0.433 0.429 0.424 0.419 0.414 0.408 0.403 0.397 0.392 0.386 0.381 0.375 0.37 0.366 0.361 0.357 0.354 0.35 0.347 0.343 0.341 0.338 0.336 0.334 0.332 0.33 0.328 0.327 0.326 0.326 0.326 0.328 0.329 0.332
0.466 0.485 0.503 0.522 0.541 0.559 0.575 0.587 0.597 0.605 0.611 0.615 0.617 0.615 0.61 0.603 0.594 0.585 0.572 0.559 0.545 0.53 0.516 0.505 0.495 0.486 0.478 0.47 0.462 0.456 0.451 0.446 0.442 0.438 0.434 0.431 0.427 0.423 0.419 0.414 0.41 0.405 0.399 0.393 0.388 0.383 0.377 0.372 0.367 0.362 0.358 0.353 0.35 0.346 0.343 0.34 0.336 0.334 0.331 0.329 0.327 0.325 0.323 0.321 0.32 0.319 0.319 0.319 0.32 0.321 0.323
0.463 0.481 0.499 0.518 0.537 0.554 0.571 0.582 0.592 0.599 0.605 0.609 0.609 0.607 0.601 0.594 0.584 0.574 0.561 0.548 0.533 0.519 0.505 0.493 0.483 0.474 0.466 0.459 0.451 0.446 0.441 0.437 0.432 0.429 0.426 0.422 0.418 0.414 0.41 0.405 0.4 0.395 0.389 0.384 0.378 0.373 0.368 0.363 0.358 0.353 0.349 0.345 0.342 0.339 0.336 0.332 0.329 0.327 0.324 0.322 0.32 0.318 0.316 0.314 0.313 0.312 0.311 0.311 0.311 0.312 0.314
0.46 0.478 0.496 0.514 0.532 0.55 0.566 0.577 0.586 0.593 0.599 0.602 0.602 0.599 0.592 0.584 0.574 0.564 0.551 0.537 0.522 0.508 0.494 0.482 0.471 0.462 0.455 0.448 0.441 0.436 0.431 0.427 0.424 0.421 0.417 0.413 0.409 0.405 0.4 0.396 0.391 0.385 0.38 0.374 0.369 0.364 0.358 0.353 0.349 0.345 0.341 0.337 0.334 0.331 0.329 0.325 0.322 0.32 0.318 0.316 0.314 0.312 0.31 0.308 0.306 0.305 0.304 0.303 0.303 0.303 0.305
0.455 0.472 0.49 0.508 0.526 0.543 0.559 0.569 0.579 0.585 0.59 0.593 0.592 0.589 0.582 0.574 0.564 0.553 0.539 0.526 0.511 0.497 0.483 0.471 0.461 0.453 0.445 0.438 0.432 0.427 0.422 0.419 0.415 0.413 0.409 0.405 0.4 0.396 0.391 0.386 0.381 0.376 0.37 0.365 0.359 0.354 0.349 0.344 0.34 0.336 0.332 0.329 0.326 0.323 0.321 0.318 0.315 0.313 0.311 0.309 0.307 0.305 0.303 0.301 0.299 0.297 0.296 0.295 0.295 0.295 0.296
0.45 0.467 0.484 0.502 0.519 0.536 0.551 0.562 0.572 0.578 0.582 0.584 0.583 0.579 0.572 0.564 0.553 0.542 0.528 0.514 0.5 0.485 0.472 0.461 0.451 0.442 0.435 0.428 0.422 0.417 0.413 0.41 0.407 0.404 0.401 0.396 0.391 0.386 0.381 0.376 0.371 0.366 0.361 0.355 0.35 0.344 0.339 0.334 0.33 0.327 0.324 0.321 0.318 0.316 0.313 0.311 0.308 0.306 0.304 0.302 0.3 0.298 0.295 0.293 0.292 0.29 0.289 0.288 0.287 0.287 0.288
