maui/input/month_year_rainfall/maui_prcp_02_2002.asc
ncols        361
nrows        320
xllcorner    -156.738000000000
yllcorner    20.343000000000
cellsize     0.002250000000
NODATA_value -3.4028234663852885981e+38
[rows 96 to 127 of 320, columns 216 to 287 of 361]
19.3 19.9 20.5 21.1 21.7 22.2 22.7 23.1 23.4 23.8 24.1 24.3 24.4 24.6 24.6 24.6 24.5 24.4 24.3 24.1 23.8 23.5 23.1 22.8 22.4 22 21.6 21.1 20.7 20.2 19.7 19.2 18.7 18.3 17.9 17.6 17.3 17.1 16.8 16.7 16.5 16.4 16.2 16.1 16 15.8 15.7 15.5 15.3 15 14.8 14.4 14.1 13.8 13.5 13.2 -3.4e+38 -3.4e+38 -3.4e+38 -3.4e+38 -3.4e+38 -3.4e+38 -3.4e+38 -3.4e+38 -3.4e+38 -3.4e+38 -3.4e+38 -3.4e+38 -3.4e+38 -3.4e+38 -3.4e+38 -3.4e+38
19.5 20.2 20.8 21.4 22 22.5 23.1 23.5 23.9 24.2 24.5 24.8 25 25.1 25.1 25.1 25.1 25 24.8 24.6 24.3 24 23.6 23.2 22.8 22.4 21.9 21.5 21.1 20.6 20.2 19.7 19.2 18.8 18.4 18 17.7 17.5 17.2 17.1 16.9 16.8 16.7 16.6 16.5 16.4 16.3 16.1 15.9 15.7 15.4 15.1 14.8 14.5 14.2 13.9 13.5 -3.4e+38 -3.4e+38 -3.4e+38 -3.4e+38 -3.4e+38 -3.4e+38 -3.4e+38 -3.4e+38 -3.4e+38 -3.4e+38 -3.4e+38 -3.4e+38 -3.4e+38 -3.4e+38 -3.4e+38
19.7 20.4 21 21.7 22.3 22.8 23.4 23.9 24.3 24.7 25 25.3 25.5 25.6 25.7 25.7 25.6 25.5 25.3 25.1 24.8 24.4 24 23.6 23.2 22.7 22.3 21.9 21.5 21.1 20.6 20.1 19.6 19.2 18.8 18.4 18.1 17.8 17.6 17.5 17.4 17.3 17.2 17.1 17 16.9 16.8 16.7 16.5 16.3 16.1 15.8 15.4 15.1 14.8 14.5 14.2 -3.4e+38 -3.4e+38 -3.4e+38 -3.4e+38 -3.4e+38 -3.4e+38 -3.4e+38 -3.4e+38 -3.4e+38 -3.4e+38 -3.4e+38 -3.4e+38 -3.4e+38 -3.4e+38 -3.4e+38
19.8 20.5 21.2 21.8 22.4 23 23.6 24.2 24.7 25.1 25.4 25.7 25.9 26.1 26.2 26.2 26.2 26.1 25.9 25.6 25.3 24.9 24.4 24 23.5 23.1 22.6 22.2 21.8 21.5 21.1 20.5 20 19.6 19.1 18.8 18.4 18.2 18 17.8 17.7 17.7 17.6 17.5 17.5 17.4 17.4 17.3 17.1 16.9 16.7 16.4 16.1 15.8 15.5 15.1 14.8 14.5 14.1 -3.4e+38 -3.4e+38 -3.4e+38 -3.4e+38 -3.4e+38 -3.4e+38 -3.4e+38 -3.4e+38 -3.4e+38 -3.4e+38 -3.4e+38 -3.4e+38 -3.4e+38
19.9 20.6 21.3 21.9 22.5 23.2 23.9 24.5 25 25.5 25.9 26.1 26.4 26.6 26.7 26.8 26.8 26.7 26.5 26.2 25.8 25.3 24.8 24.3 23.8 23.4 22.9 22.5 22.1 21.8 21.4 20.9 20.4 19.9 19.5 19.1 18.8 18.5 18.3 18.2 18.1 18 18 17.9 17.9 17.9 17.8 17.8 17.6 17.5 17.2 17 16.7 16.4 16.1 15.8 15.5 15.1 14.8 14.4 -3.4e+38 -3.4e+38 -3.4e+38 -3.4e+38 -3.4e+38 -3.4e+38 -3.4e+38 -3.4e+38 -3.4e+38 -3.4e+38 -3.4e+38 -3.4e+38
19.8 20.5 21.2 21.8 22.5 23.2 24 24.7 25.3 25.8 26.2 26.5 26.7 27 27.2 27.3 27.4 27.3 27.1 26.7 26.2 25.7 25.1 24.6 24.1 23.6 23.2 22.8 22.4 22 21.6 21.1 20.7 20.2 19.8 19.4 19.1 18.8 18.6 18.5 18.4 18.3 18.3 18.3 18.3 18.3 18.3 18.2 18.1 18 17.8 17.5 17.3 17 16.7 16.4 16.1 15.7 15.4 15 -3.4e+38 -3.4e+38 -3.4e+38 -3.4e+38 -3.4e+38 -3.4e+38 -3.4e+38 -3.4e+38 -3.4e+38 -3.4e+38 -3.4e+38 -3.4e+38
19.5 20.3 21 21.6 22.4 23.1 23.9 24.8 25.5 26 26.3 26.6 26.9 27.2 27.5 27.8 28 28 27.7 27.2 26.6 26 25.4 24.8 24.3 23.8 23.4 22.9 22.6 22.2 21.8 21.3 20.9 20.5 20.1 19.7 19.4 19.1 18.9 18.7 18.7 18.6 18.6 18.6 18.7 18.7 18.7 18.7 18.6 18.5 18.3 18.1 17.8 17.6 17.3 16.9 16.6 16.3 16 15.6 15.2 -3.4e+38 -3.4e+38 -3.4e+38 -3.4e+38 -3.4e+38 -3.4e+38 -3.4e+38 -3.4e+38 -3.4e+38 -3.4e+38 -3.4e+38
19 19.8 20.6 21.3 22.1 22.9 23.7 24.7 25.6 26 26.3 26.7 27 27.3 27.7 28.1 28.5 28.7 28.4 27.7 27 26.2 25.6 25 24.5 24 23.5 23.1 22.7 22.3 21.9 21.5 21.1 20.7 20.3 20 19.7 19.4 19.2 19 18.9 18.9 18.9 18.9 19 19 19 19 19 18.9 18.7 18.6 18.3 18.1 17.8 17.5 17.2 16.8 16.5 16.2 15.8 15.4 -3.4e+38 -3.4e+38 -3.4e+38 -3.4e+38 -3.4e+38 -3.4e+38 -3.4e+38 -3.4e+38 12.1 11.9
18.4 19.2 20 20.8 21.6 22.4 23.3 24.2 25.1 25.6 26.1 26.4 26.8 27.2 27.7 28.2 28.9 29.6 29 28 27.1 26.3 25.6 25 24.5 24 23.6 23.2 22.8 22.4 22 21.7 21.3 20.9 20.6 20.2 19.9 19.7 19.4 19.3 19.2 19.2 19.2 19.2 19.3 19.3 19.3 19.3 19.3 19.3 19.1 19 18.8 18.6 18.3 18 17.7 17.4 17.1 16.7 16.4 16 -3.4e+38 -3.4e+38 -3.4e+38 -3.4e+38 -3.4e+38 -3.4e+38 -3.4e+38 13 12.7 12.4
17.7 18.6 19.4 20.2 21.1 21.9 22.8 23.6 24.4 25.1 25.6 26.1 26.5 26.9 27.4 27.9 28.6 29.3 28.8 27.8 26.9 26.2 25.6 25 24.5 24.1 23.6 23.2 22.9 22.5 22.1 21.8 21.4 21.1 20.8 20.5 20.2 19.9 19.7 19.6 19.5 19.5 19.5 19.5 19.6 19.6 19.6 19.7 19.6 19.6 19.5 19.3 19.2 19 18.8 18.5 18.2 17.9 17.6 17.2 16.9 16.6 16.2 15.9 15.5 15.2 14.8 14.5 14.1 13.7 13.4 13
17 17.9 18.7 19.5 20.4 21.2 22.1 22.9 23.7 24.4 25 25.5 26 26.4 26.9 27.4 27.8 28.1 27.8 27.3 26.6 25.9 25.4 24.9 24.4 24 23.6 23.2 22.9 22.6 22.2 21.9 21.6 21.3 20.9 20.7 20.4 20.2 20 19.9 19.8 19.8 19.8 19.8 19.9 19.9 19.9 19.9 19.9 19.9 19.8 19.7 19.6 19.4 19.2 18.9 18.7 18.4 18.1 17.8 17.5 17.1 16.8 16.5 16.2 15.9 15.5 15.2 14.8 14.4 14.1 13.7
16.3 17.1 17.9 18.8 19.6 20.5 21.3 22.2 23 23.7 24.3 24.9 25.4 25.8 26.2 26.6 26.9 27 26.9 26.6 26.1 25.6 25.1 24.7 24.3 23.9 23.5 23.2 22.9 22.6 22.3 22 21.7 21.4 21.1 20.9 20.7 20.5 20.3 20.2 20.1 20.1 20.1 20.1 20.2 20.2 20.2 20.2 20.2 20.2 20.1 20 19.9 19.7 19.6 19.3 19.1 18.8 18.6 18.3 18 17.7 17.4 17.2 16.9 16.6 16.3 15.9 15.6 15.2 14.9 14.5
15.5 16.3 17.1 18 18.8 19.7 20.5 21.4 22.2 22.9 23.6 24.2 24.7 25.1 25.5 25.8 26 26.1 26 25.8 25.5 25.1 24.8 24.4 24.1 23.8 23.4 23.2 22.9 22.6 22.4 22.1 21.8 21.6 21.3 21.1 20.9 20.7 20.6 20.4 20.4 20.3 20.4 20.4 20.4 20.5 20.5 20.5 20.5 20.5 20.4 20.3 20.2 20 19.9 19.7 19.5 19.2 19 18.7 18.5 18.3 18.1 17.8 17.6 17.4 17.1 16.8 16.5 16.1 15.8 15.5
14.7 15.5 16.3 17.2 18 18.8 19.7 20.6 21.4 22.2 22.8 23.4 23.9 24.3 24.7 25 25.2 25.3 25.3 25.1 24.9 24.7 24.4 24.1 23.9 23.6 23.3 23.1 22.8 22.6 22.4 22.2 21.9 21.7 21.5 21.3 21.1 20.9 20.8 20.7 20.6 20.6 20.6 20.7 20.7 20.8 20.8 20.8 20.8 20.8 20.7 20.6 20.5 20.4 20.2 20 19.8 19.6 19.4 19.1 18.9 18.8 18.6 18.5 18.3 18.1 17.9 17.6 17.4 17.1 16.7 16.4
13.9 14.7 15.5 16.3 17.1 18 18.9 19.7 20.6 21.3 22 22.6 23.1 23.5 23.8 24.1 24.4 24.5 24.5 24.5 24.4 24.2 24 23.8 23.6 23.4 23.2 23 22.8 22.6 22.4 22.2 22 21.8 21.6 21.5 21.3 21.2 21.1 21 20.9 20.9 20.9 20.9 21 21 21 21.1 21.1 21 21 20.9 20.8 20.7 20.5 20.3 20.1 19.9 19.7 19.4 19.3 19.2 19.2 19.1 19 18.8 18.7 18.5 18.2 18 17.7 17.4
13.2 13.9 14.6 15.4 16.2 17.1 18 18.9 19.8 20.6 21.3 21.8 22.2 22.6 23 23.3 23.6 23.7 23.8 23.9 23.8 23.7 23.6 23.4 23.3 23.1 23 22.8 22.7 22.5 22.4 22.3 22.1 21.9 21.8 21.6 21.5 21.4 21.3 21.2 21.2 21.1 21.2 21.2 21.3 21.3 21.3 21.3 21.3 21.3 21.3 21.2 21.1 21 20.8 20.7 20.5 20.3 20 19.7 19.7 19.7 19.7 19.7 19.7 19.6 19.4 19.3 19.1 18.9 18.6 18.3
12.4 13 13.8 14.5 15.3 16.2 17.1 18.1 19 19.8 20.5 21 21.4 21.8 22.1 22.5 22.8 23 23.1 23.3 23.3 23.3 23.2 23.1 23 22.9 22.8 22.7 22.6 22.5 22.4 22.3 22.2 22.1 21.9 21.8 21.7 21.6 21.5 21.5 21.4 21.4 21.4 21.5 21.5 21.6 21.6 21.6 21.6 21.6 21.6 21.5 21.4 21.3 21.2 21 20.8 20.7 20.5 20.3 20.2 20.2 20.3 20.3 20.3 20.3 20.2 20.1 19.9 19.7 19.5 19.2
11.6 12.2 12.9 13.6 14.5 15.3 16.2 17.2 18.1 19.1 19.7 20.1 20.5 20.9 21.3 21.6 22 22.2 22.5 22.6 22.7 22.8 22.8 22.8 22.7 22.7 22.6 22.6 22.5 22.5 22.4 22.3 22.2 22.2 22.1 22 21.9 21.8 21.8 21.7 21.7 21.7 21.7 21.8 21.8 21.9 21.9 22 22 22 21.9 21.9 21.8 21.7 21.5 21.4 21.3 21.1 21 20.9 20.8 20.9 20.9 21 21 21 20.9 20.8 20.7 20.5 20.3 20.1
10.8 11.4 12.1 12.8 13.6 14.4 15.3 16.2 17.2 18.1 18.7 19.2 19.6 20 20.4 20.8 21.2 21.5 21.8 22 22.2 22.3 22.4 22.4 22.5 22.5 22.4 22.4 22.4 22.4 22.4 22.3 22.3 22.2 22.2 22.1 22.1 22 22 22 22 22 22 22.1 22.2 22.2 22.3 22.3 22.4 22.4 22.3 22.3 22.2 22.1 22 21.9 21.8 21.7 21.6 21.5 21.5 21.5 21.6 21.6 21.6 21.6 21.6 21.5 21.4 21.3 21.1 20.9
10.1 10.6 11.2 12 12.7 13.5 14.4 15.3 16.2 17 17.6 18.2 18.7 19.1 19.5 20 20.4 20.8 21.1 21.4 21.6 21.8 22 22.1 22.2 22.2 22.3 22.3 22.3 22.3 22.4 22.4 22.4 22.3 22.3 22.3 22.3 22.2 22.2 22.2 22.3 22.3 22.3 22.4 22.5 22.6 22.7 22.7 22.8 22.8 22.8 22.8 22.7 22.6 22.5 22.4 22.4 22.3 22.2 22.2 22.2 22.2 22.2 22.3 22.3 22.3 22.3 22.2 22.2 22 21.9 21.7
9.31 9.85 10.5 11.2 11.9 12.7 13.5 14.4 15.2 16 16.7 17.3 17.8 18.3 18.8 19.3 19.7 20.1 20.5 20.8 21.1 21.3 21.5 21.7 21.9 22 22.1 22.1 22.2 22.3 22.3 22.4 22.4 22.4 22.5 22.4 22.4 22.5 22.5 22.5 22.5 22.6 22.6 22.7 22.8 23 23.1 23.1 23.2 23.3 23.3 23.3 23.2 23.2 23.1 23.1 23 23 22.9 22.9 22.9 22.9 22.9 23 23 23 23 22.9 22.9 22.8 22.6 22.5
8.61 9.13 9.73 10.4 11.1 11.9 12.7 13.5 14.3 15 15.7 16.4 17 17.5 18.1 18.6 19 19.5 19.9 20.2 20.6 20.8 21.1 21.3 21.5 21.7 21.8 22 22.1 22.2 22.3 22.4 22.5 22.5 22.6 22.6 22.6 22.7 22.7 22.8 22.8 22.9 23 23.1 23.2 23.3 23.5 23.6 23.7 23.7 23.8 23.8 23.8 23.8 23.7 23.7 23.7 23.7 23.6 23.7 23.7 23.7 23.7 23.7 23.7 23.7 23.7 23.7 23.6 23.5 23.3 23.2
7.95 8.47 9.07 9.74 10.4 11.2 11.9 12.7 13.5 14.2 14.9 15.6 16.2 16.8 17.4 17.9 18.4 18.9 19.3 19.7 20 20.4 20.7 20.9 21.2 21.4 21.6 21.8 21.9 22.1 22.3 22.4 22.6 22.6 22.7 22.8 22.8 22.9 23 23 23.1 23.2 23.3 23.4 23.6 23.8 23.9 24 24.1 24.2 24.3 24.3 24.3 24.3 24.4 24.3 24.4 24.4 24.4 24.4 24.5 24.5 24.5 24.5 24.5 24.5 24.4 24.4 24.3 24.2 24 23.9
7.36 7.89 8.5 9.16 9.84 10.6 11.3 12 12.7 13.4 14.1 14.8 15.5 16.1 16.7 17.2 17.8 18.3 18.7 19.2 19.6 19.9 20.3 20.6 20.8 21.1 21.3 21.6 21.8 22 22.2 22.4 22.6 22.7 22.8 22.9 23 23.1 23.2 23.3 23.4 23.5 23.7 23.8 24 24.2 24.4 24.5 24.6 24.7 24.8 24.9 24.9 24.9 25 25 25.1 25.1 25.2 25.2 25.3 25.3 25.4 25.4 25.4 25.3 25.3 25.2 25.1 25 24.8 24.6
6.86 7.43 8.04 8.67 9.32 10 10.7 11.4 12.1 12.8 13.4 14.1 14.8 15.4 16 16.6 17.2 17.7 18.2 18.7 19.1 19.5 19.9 20.2 20.5 20.8 21.1 21.4 21.6 21.9 22.2 22.4 22.6 22.8 23 23.1 23.2 23.3 23.5 23.6 23.7 23.9 24 24.2 24.4 24.6 24.8 25 25.1 25.3 25.4 25.4 25.5 25.6 25.6 25.7 25.8 25.8 25.9 26 26.1 26.2 26.2 26.2 26.2 26.2 26.1 26 25.9 25.8 25.6 25.4
6.64 7.14 7.71 8.31 8.92 9.56 10.2 10.9 11.5 12.2 12.8 13.5 14.1 14.8 15.4 16 16.6 17.2 17.7 18.2 18.7 19.1 19.5 19.9 20.2 20.6 20.9 21.2 21.5 21.8 22.1 22.4 22.7 22.9 23.1 23.2 23.4 23.6 23.7 23.8 24 24.2 24.4 24.6 24.8 25.1 25.3 25.5 25.7 25.8 25.9 26 26.1 26.2 26.3 26.4 26.5 26.6 26.7 26.8 26.9 27 27.1 27.1 27.1 27 26.9 26.8 26.7 26.6 26.4 26.2
6.51 6.96 7.47 8.02 8.59 9.19 9.79 10.4 11 11.7 12.3 12.9 13.6 14.2 14.8 15.4 16 16.6 17.2 17.7 18.2 18.7 19.2 19.6 20 20.3 20.7 21 21.4 21.7 22.1 22.4 22.7 23 23.2 23.4 23.6 23.8 23.9 24.1 24.3 24.5 24.7 25 25.3 25.5 25.8 26 26.2 26.3 26.5 26.6 26.7 26.8 26.9 27 27.2 27.3 27.5 27.6 27.7 27.8 27.9 27.9 27.9 27.9 27.8 27.6 27.5 27.4 27.2 27
6.42 6.84 7.31 7.82 8.35 8.91 9.47 10 10.6 11.2 11.8 12.4 13 13.6 14.3 14.9 15.5 16.2 16.7 17.3 17.9 18.4 18.9 19.3 19.7 20.1 20.5 20.9 21.3 21.6 22 22.4 22.7 23 23.3 23.5 23.7 24 24.2 24.4 24.6 24.9 25.1 25.4 25.7 26 26.2 26.4 26.6 26.8 27 27.1 27.3 27.4 27.5 27.7 27.9 28 28.2 28.4 28.6 28.7 28.8 28.8 28.8 28.7 28.6 28.4 28.3 28.1 28 27.8
6.36 6.77 7.21 7.68 8.17 8.69 9.21 9.74 10.3 10.8 11.3 11.9 12.5 13.1 13.8 14.4 15.1 15.7 16.3 16.9 17.5 18.1 18.6 19.1 19.5 20 20.4 20.8 21.2 21.6 22 22.3 22.7 23 23.4 23.6 23.9 24.2 24.4 24.7 24.9 25.2 25.5 25.8 26.1 26.4 26.7 26.9 27.1 27.3 27.5 27.7 27.8 28 28.1 28.3 28.5 28.8 29 29.2 29.4 29.6 29.7 29.7 29.7 29.5 29.4 29.2 29 28.9 28.7 28.6
6.4 6.78 7.2 7.64 8.1 8.58 9.05 9.54 10 10.5 11 11.4 12 12.6 13.3 14 14.7 15.3 16 16.6 17.2 17.8 18.3 18.8 19.3 19.8 20.3 20.7 21.1 21.5 21.9 22.3 22.7 23.1 23.4 23.7 24 24.3 24.6 24.9 25.2 25.5 25.8 26.2 26.5 26.8 27.1 27.3 27.6 27.8 28 28.2 28.3 28.5 28.7 28.9 29.2 29.4 29.7 29.9 30.2 30.5 30.7 30.7 30.6 30.4 30.2 30 29.8 29.6 29.5 29.3
6.48 6.84 7.23 7.65 8.07 8.51 8.95 9.39 9.81 10.2 10.6 11.1 11.5 12.2 12.9 13.6 14.3 15 15.7 16.3 16.9 17.5 18.1 18.6 19.2 19.7 20.1 20.6 21 21.5 21.9 22.3 22.7 23.1 23.5 23.8 24.2 24.5 24.8 25.1 25.5 25.8 26.2 26.5 26.9 27.2 27.5 27.7 28 28.2 28.4 28.6 28.8 29 29.2 29.4 29.7 30 30.3 30.6 30.9 31.3 31.6 31.6 31.4 31.2 30.9 30.7 30.5 30.4 30.2 30
6.61 6.95 7.32 7.7 8.09 8.5 8.9 9.3 9.69 10.1 10.4 10.8 11.2 11.9 12.6 13.3 14 14.7 15.4 16 16.7 17.3 17.9 18.5 19 19.6 20.1 20.5 21 21.5 21.9 22.4 22.8 23.2 23.6 24 24.3 24.7 25 25.4 25.7 26.1 26.4 26.8 27.2 27.5 27.8 28.1 28.4 28.6 28.8 29 29.3 29.5 29.7 29.9 30.2 30.5 30.8 31.2 31.5 31.9 32.3 32.3 32.1 31.8 31.6 31.4 31.3 31.1 30.9 30.8
