maui/input/month_year_rainfall/maui_prcp_11_2001.asc
ncols        361
nrows        320
xllcorner    -156.738000000000
yllcorner    20.343000000000
cellsize     0.002250000000
NODATA_value -3.4028234663852885981e+38
[rows 64 to 95 of 320, columns 144 to 215 of 361]
-3.4e+38 -3.4e+38 -3.4e+38 -3.4e+38 -3.4e+38 -3.4e+38 -3.4e+38 -3.4e+38 -3.4e+38 -3.4e+38 -3.4e+38 3.46 3.54 3.62 3.71 3.81 3.92 4.04 4.15 4.27 4.4 4.53 4.66 4.8 4.93 5.05 5.17 5.28 5.39 5.5 5.62 5.74 5.89 6.06 6.26 6.46 6.66 6.85 7.01 7.15 7.28 7.41 7.53 7.65 7.76 7.86 7.96 8.06 8.18 8.29 8.4 8.5 8.59 8.68 8.76 8.84 8.93 9.03 9.15 9.26 9.36 9.46 9.56 9.66 9.76 9.85 9.95 10 10.1 10.2 10.3 10.4
-3.4e+38 -3.4e+38 -3.4e+38 -3.4e+38 -3.4e+38 3.11 -3.4e+38 -3.4e+38 3.25 3.29 3.35 3.41 3.49 3.57 3.67 3.76 3.88 3.99 4.11 4.23 4.35 4.48 4.61 4.73 4.85 4.97 5.07 5.18 5.28 5.39 5.51 5.62 5.75 5.9 6.08 6.26 6.45 6.64 6.81 6.98 7.14 7.3 7.45 7.59 7.73 7.86 7.99 8.11 8.23 8.35 8.46 8.57 8.67 8.77 8.87 8.97 9.08 9.19 9.31 9.43 9.55 9.66 9.78 9.89 10 10.1 10.2 10.3 10.4 10.5 10.6 10.7
-3.4e+38 -3.4e+38 -3.4e+38 2.99 3.02 3.07 3.11 3.15 3.2 3.24 3.3 3.36 3.44 3.53 3.63 3.72 3.84 3.95 4.08 4.2 4.32 4.44 4.56 4.67 4.78 4.88 4.97 5.07 5.16 5.26 5.37 5.47 5.58 5.72 5.88 6.06 6.24 6.43 6.62 6.8 6.98 7.17 7.35 7.53 7.7 7.86 8.01 8.15 8.28 8.41 8.53 8.65 8.77 8.88 9 9.12 9.24 9.36 9.49 9.62 9.75 9.87 10 10.1 10.3 10.4 10.5 10.6 10.7 10.8 10.9 11
-3.4e+38 2.89 2.91 2.94 2.98 3.02 3.06 3.1 3.14 3.19 3.25 3.32 3.4 3.49 3.59 3.7 3.82 3.93 4.05 4.17 4.28 4.39 4.49 4.59 4.69 4.77 4.86 4.94 5.02 5.1 5.19 5.28 5.39 5.51 5.67 5.84 6.03 6.22 6.42 6.62 6.83 7.04 7.25 7.46 7.66 7.85 8.03 8.19 8.33 8.47 8.61 8.74 8.88 9.01 9.14 9.28 9.42 9.55 9.69 9.83 9.97 10.1 10.2 10.4 10.5 10.6 10.8 10.9 11 11.1 11.2 11.3
2.82 2.84 2.86 2.89 2.92 2.96 3 3.05 3.09 3.14 3.2 3.27 3.36 3.46 3.57 3.68 3.8 3.92 4.04 4.14 4.24 4.33 4.43 4.51 4.59 4.66 4.74 4.8 4.86 4.93 5 5.07 5.17 5.29 5.45 5.62 5.82 6.03 6.25 6.46 6.69 6.91 7.15 7.4 7.63 7.84 8.04 8.22 8.39 8.54 8.69 8.84 9 9.15 9.3 9.45 9.61 9.76 9.91 10.1 10.2 10.3 10.5 10.6 10.8 10.9 11 11.2 11.3 11.4 11.5 11.6
2.77 2.79 2.81 2.84 2.87 2.91 2.95 3 3.04 3.1 3.16 3.23 3.33 3.43 3.54 3.65 3.78 3.9 4.01 4.1 4.18 4.26 4.35 4.42 4.48 4.54 4.6 4.65 4.69 4.74 4.78 4.85 4.93 5.06 5.22 5.4 5.62 5.85 6.08 6.32 6.56 6.8 7.07 7.34 7.59 7.83 8.04 8.25 8.43 8.61 8.78 8.95 9.12 9.28 9.44 9.61 9.78 9.95 10.1 10.3 10.4 10.6 10.8 10.9 11 11.2 11.3 11.5 11.6 11.7 11.8 11.9
2.73 2.74 2.76 2.78 2.81 2.86 2.9 2.95 3 3.05 3.12 3.2 3.29 3.4 3.52 3.63 3.75 3.87 3.97 4.04 4.12 4.19 4.26 4.32 4.38 4.43 4.47 4.5 4.53 4.55 4.58 4.62 4.7 4.82 5 5.21 5.44 5.69 5.95 6.21 6.48 6.75 7.03 7.31 7.58 7.83 8.07 8.29 8.5 8.69 8.88 9.07 9.25 9.42 9.59 9.78 9.96 10.1 10.3 10.5 10.7 10.9 11 11.2 11.3 11.5 11.6 11.8 11.9 12 12.1 12.2
2.67 2.68 2.7 2.73 2.76 2.81 2.85 2.9 2.95 3.01 3.08 3.15 3.25 3.35 3.47 3.58 3.69 3.79 3.89 3.97 4.04 4.1 4.16 4.22 4.27 4.31 4.35 4.36 4.37 4.37 4.38 4.39 4.46 4.59 4.78 5.02 5.28 5.56 5.84 6.12 6.41 6.71 7 7.29 7.57 7.84 8.08 8.32 8.55 8.76 8.97 9.16 9.35 9.53 9.71 9.9 10.1 10.3 10.5 10.7 10.9 11.1 11.3 11.5 11.6 11.8 11.9 12.1 12.2 12.3 12.5 12.6
2.62 2.63 2.65 2.68 2.72 2.77 2.81 2.86 2.91 2.97 3.04 3.12 3.21 3.31 3.42 3.52 3.63 3.72 3.81 3.89 3.95 4.01 4.07 4.12 4.17 4.21 4.24 4.25 4.25 4.23 4.2 4.18 4.22 4.37 4.6 4.88 5.17 5.46 5.77 6.07 6.38 6.69 7 7.3 7.59 7.86 8.12 8.37 8.61 8.84 9.05 9.26 9.45 9.64 9.83 10 10.2 10.4 10.7 10.9 11.1 11.3 11.5 11.7 11.9 12.1 12.2 12.4 12.5 12.7 12.8 12.9
2.58 2.59 2.61 2.64 2.68 2.73 2.77 2.82 2.87 2.93 3.01 3.08 3.17 3.26 3.37 3.46 3.56 3.65 3.74 3.81 3.86 3.91 3.96 4.01 4.07 4.11 4.14 4.15 4.14 4.11 4.07 4.01 3.98 4.17 4.46 4.76 5.07 5.39 5.71 6.03 6.35 6.68 7 7.31 7.6 7.88 8.14 8.4 8.65 8.88 9.11 9.32 9.52 9.72 9.92 10.1 10.3 10.6 10.8 11 11.3 11.5 11.8 12 12.2 12.4 12.5 12.7 12.9 13 13.1 13.2
2.54 2.55 2.57 2.61 2.65 2.69 2.74 2.79 2.85 2.91 2.98 3.06 3.14 3.23 3.33 3.41 3.51 3.6 3.68 3.74 3.78 3.82 3.86 3.92 3.99 4.03 4.06 4.07 4.07 4.05 4.02 3.97 3.96 4.14 4.42 4.72 5.03 5.35 5.68 6.01 6.35 6.69 7.02 7.34 7.64 7.92 8.19 8.44 8.69 8.93 9.15 9.37 9.58 9.78 9.99 10.2 10.4 10.7 10.9 11.2 11.5 11.7 12 12.2 12.4 12.6 12.8 13 13.2 13.3 13.4 13.5
2.52 2.53 2.55 2.59 2.62 2.67 2.71 2.77 2.82 2.89 2.96 3.04 3.12 3.2 3.29 3.38 3.48 3.57 3.64 3.69 3.72 3.73 3.75 3.83 3.92 3.97 4.01 4.03 4.04 4.03 4.02 4.02 4.07 4.21 4.45 4.72 5.02 5.33 5.67 6.01 6.36 6.71 7.05 7.38 7.68 7.97 8.24 8.49 8.73 8.96 9.18 9.38 9.59 9.8 10 10.3 10.5 10.8 11.1 11.3 11.6 11.9 12.2 12.4 12.7 12.9 13.1 13.3 13.5 13.6 13.8 13.9
2.5 2.51 2.54 2.57 2.61 2.65 2.7 2.75 2.81 2.88 2.95 3.03 3.11 3.18 3.28 3.36 3.46 3.55 3.62 3.67 3.69 3.69 3.71 3.8 3.89 3.95 3.99 4.02 4.04 4.05 4.07 4.1 4.18 4.31 4.51 4.76 5.04 5.34 5.68 6.02 6.39 6.75 7.1 7.43 7.75 8.05 8.31 8.56 8.78 8.99 9.19 9.39 9.59 9.8 10 10.3 10.6 10.9 11.2 11.5 11.8 12.1 12.4 12.6 12.9 13.2 13.4 13.6 13.8 13.9 14.1 14.2
2.48 2.5 2.53 2.56 2.59 2.64 2.68 2.74 2.8 2.87 2.94 3.02 3.1 3.17 3.27 3.35 3.45 3.54 3.61 3.66 3.7 3.72 3.75 3.82 3.89 3.95 3.99 4.03 4.05 4.08 4.12 4.18 4.27 4.4 4.58 4.81 5.07 5.37 5.7 6.05 6.42 6.79 7.16 7.51 7.83 8.13 8.39 8.62 8.83 9.02 9.2 9.37 9.55 9.75 10 10.3 10.6 10.9 11.3 11.6 11.9 12.2 12.5 12.9 13.1 13.4 13.7 13.9 14.1 14.3 14.4 14.5
2.46 2.49 2.52 2.55 2.59 2.63 2.67 2.73 2.79 2.86 2.94 3.01 3.09 3.17 3.26 3.35 3.46 3.55 3.62 3.68 3.72 3.75 3.8 3.85 3.91 3.96 4 4.04 4.08 4.12 4.18 4.25 4.35 4.48 4.65 4.86 5.12 5.41 5.73 6.09 6.46 6.85 7.23 7.59 7.92 8.22 8.48 8.7 8.89 9.05 9.21 9.36 9.5 9.68 10 10.3 10.7 11 11.3 11.7 12 12.4 12.7 13.1 13.4 13.7 13.9 14.2 14.4 14.6 14.7 14.8
2.45 2.48 2.51 2.55 2.58 2.63 2.67 2.72 2.78 2.86 2.94 3.01 3.09 3.17 3.27 3.36 3.47 3.56 3.64 3.7 3.74 3.78 3.83 3.87 3.93 3.97 4.02 4.06 4.1 4.16 4.23 4.31 4.41 4.55 4.72 4.92 5.17 5.45 5.77 6.12 6.51 6.91 7.3 7.68 8.03 8.32 8.57 8.77 8.94 9.1 9.24 9.39 9.52 9.7 10 10.4 10.7 11.1 11.4 11.8 12.2 12.5 12.9 13.2 13.6 13.9 14.2 14.5 14.7 14.9 15.1 15.2
2.43 2.47 2.51 2.55 2.58 2.63 2.67 2.72 2.78 2.86 2.94 3.02 3.1 3.18 3.27 3.37 3.48 3.58 3.66 3.72 3.76 3.8 3.84 3.89 3.93 3.97 4.02 4.07 4.12 4.19 4.27 4.36 4.47 4.6 4.77 4.97 5.21 5.48 5.79 6.14 6.54 6.96 7.38 7.78 8.13 8.43 8.66 8.84 8.99 9.13 9.27 9.43 9.6 9.82 10.1 10.4 10.8 11.1 11.5 11.9 12.3 12.7 13 13.4 13.8 14.1 14.4 14.8 15 15.3 15.5 15.7
2.42 2.46 2.51 2.55 2.59 2.63 2.67 2.73 2.79 2.86 2.94 3.02 3.11 3.18 3.28 3.37 3.48 3.58 3.67 3.72 3.76 3.8 3.84 3.88 3.92 3.96 4.01 4.07 4.13 4.2 4.3 4.39 4.51 4.64 4.81 5.01 5.24 5.51 5.81 6.16 6.57 7.01 7.45 7.88 8.24 8.52 8.73 8.89 9.02 9.15 9.3 9.46 9.66 9.89 10.2 10.5 10.8 11.2 11.6 12 12.4 12.8 13.2 13.6 14 14.3 14.7 15 15.4 15.7 15.9 16.1
2.41 2.46 2.51 2.56 2.6 2.64 2.68 2.73 2.79 2.86 2.95 3.03 3.12 3.19 3.27 3.36 3.46 3.56 3.64 3.69 3.74 3.78 3.82 3.85 3.9 3.94 3.99 4.05 4.12 4.2 4.31 4.41 4.52 4.65 4.82 5.02 5.25 5.51 5.82 6.17 6.57 7.02 7.49 7.94 8.32 8.58 8.75 8.88 9 9.12 9.27 9.44 9.65 9.9 10.2 10.5 10.9 11.2 11.6 12 12.5 12.9 13.3 13.7 14.1 14.5 14.9 15.3 15.7 16 16.3 16.6
2.4 2.46 2.51 2.57 2.61 2.65 2.69 2.74 2.79 2.86 2.94 3.04 3.12 3.18 3.26 3.34 3.44 3.52 3.6 3.66 3.71 3.74 3.77 3.81 3.85 3.9 3.95 4.02 4.09 4.17 4.27 4.38 4.49 4.63 4.8 4.99 5.22 5.48 5.79 6.13 6.53 6.97 7.46 7.96 8.39 8.59 8.7 8.8 8.9 9.02 9.17 9.35 9.57 9.84 10.1 10.5 10.8 11.2 11.6 12.1 12.5 12.9 13.4 13.8 14.3 14.7 15.1 15.5 16 16.4 16.7 17.1
2.4 2.46 2.52 2.57 2.61 2.65 2.69 2.74 2.79 2.86 2.93 3.01 3.09 3.16 3.24 3.32 3.41 3.49 3.56 3.62 3.66 3.69 3.71 3.74 3.79 3.84 3.9 3.96 4.03 4.11 4.2 4.3 4.42 4.56 4.74 4.94 5.17 5.42 5.71 6.04 6.42 6.85 7.33 7.83 8.29 8.46 8.55 8.65 8.75 8.88 9.04 9.23 9.47 9.74 10 10.4 10.8 11.2 11.6 12 12.5 13 13.4 13.9 14.4 14.9 15.3 15.8 16.3 16.7 17.1 17.5
2.41 2.47 2.53 2.58 2.62 2.66 2.7 2.74 2.79 2.85 2.91 2.98 3.06 3.14 3.22 3.29 3.38 3.46 3.53 3.58 3.61 3.63 3.64 3.66 3.71 3.77 3.82 3.88 3.95 4.02 4.1 4.19 4.31 4.46 4.64 4.85 5.09 5.33 5.61 5.92 6.28 6.68 7.11 7.55 7.93 8.17 8.32 8.44 8.57 8.72 8.9 9.11 9.36 9.63 9.95 10.3 10.7 11.1 11.5 12 12.5 13 13.5 14 14.5 15 15.5 16 16.5 17 17.5 17.9
2.43 2.49 2.54 2.59 2.63 2.67 2.71 2.75 2.8 2.85 2.9 2.96 3.04 3.12 3.2 3.27 3.35 3.42 3.49 3.54 3.56 3.57 3.56 3.57 3.63 3.68 3.73 3.79 3.85 3.91 3.98 4.06 4.17 4.33 4.54 4.77 5.02 5.25 5.5 5.78 6.11 6.47 6.85 7.23 7.57 7.83 8.03 8.2 8.36 8.55 8.75 8.99 9.25 9.55 9.88 10.3 10.7 11.1 11.6 12 12.5 13 13.6 14.1 14.6 15.2 15.7 16.3 16.8 17.4 17.9 18.4
2.46 2.52 2.57 2.62 2.66 2.69 2.73 2.76 2.8 2.85 2.9 2.95 3.02 3.09 3.17 3.24 3.32 3.39 3.45 3.49 3.51 3.51 3.51 3.52 3.55 3.59 3.64 3.68 3.73 3.79 3.86 3.94 4.05 4.23 4.45 4.69 4.95 5.15 5.37 5.62 5.92 6.23 6.57 6.91 7.22 7.5 7.73 7.94 8.14 8.36 8.6 8.87 9.16 9.47 9.82 10.2 10.6 11.1 11.6 12.1 12.6 13.1 13.7 14.2 14.8 15.4 15.9 16.5 17.1 17.7 18.2 18.8
2.49 2.55 2.6 2.65 2.68 2.72 2.75 2.78 2.82 2.86 2.9 2.95 3.01 3.08 3.15 3.22 3.29 3.34 3.39 3.43 3.44 3.45 3.45 3.45 3.47 3.49 3.53 3.57 3.62 3.68 3.76 3.85 3.97 4.14 4.35 4.58 4.81 5 5.21 5.44 5.7 5.99 6.29 6.6 6.9 7.17 7.43 7.68 7.92 8.18 8.45 8.75 9.07 9.41 9.78 10.2 10.7 11.1 11.6 12.2 12.7 13.3 13.9 14.4 15 15.6 16.2 16.9 17.5 18 18.6 19.2
2.54 2.6 2.64 2.69 2.72 2.75 2.78 2.81 2.84 2.87 2.91 2.95 3 3.06 3.12 3.18 3.24 3.29 3.33 3.36 3.37 3.37 3.37 3.37 3.38 3.4 3.43 3.47 3.52 3.59 3.67 3.77 3.89 4.05 4.23 4.42 4.63 4.81 5.01 5.23 5.48 5.74 6.01 6.3 6.58 6.87 7.15 7.42 7.71 8.01 8.31 8.65 9 9.36 9.76 10.2 10.7 11.2 11.7 12.3 12.9 13.5 14.1 14.7 15.3 15.9 16.6 17.2 17.9 18.5 19.1 19.6
2.6 2.65 2.69 2.73 2.77 2.8 2.82 2.84 2.86 2.89 2.92 2.95 2.99 3.04 3.09 3.14 3.19 3.24 3.27 3.29 3.29 3.29 3.29 3.28 3.29 3.31 3.35 3.38 3.44 3.5 3.59 3.69 3.8 3.95 4.1 4.27 4.44 4.62 4.81 5.01 5.24 5.48 5.74 6 6.28 6.57 6.87 7.18 7.5 7.84 8.19 8.55 8.92 9.32 9.74 10.2 10.7 11.3 11.8 12.4 13 13.7 14.3 15 15.6 16.3 17 17.7 18.3 19 19.6 20.2
2.67 2.71 2.75 2.79 2.82 2.84 2.86 2.88 2.89 2.91 2.93 2.95 2.98 3.02 3.06 3.1 3.14 3.17 3.19 3.2 3.2 3.2 3.2 3.21 3.22 3.24 3.27 3.31 3.36 3.42 3.5 3.6 3.71 3.84 3.98 4.12 4.27 4.42 4.6 4.79 5 5.22 5.46 5.72 6 6.29 6.61 6.94 7.3 7.69 8.08 8.47 8.86 9.28 9.73 10.2 10.8 11.3 11.9 12.6 13.2 13.9 14.6 15.3 16 16.7 17.4 18.1 18.8 19.5 20.1 20.7
2.74 2.78 2.81 2.84 2.87 2.89 2.91 2.92 2.92 2.93 2.93 2.95 2.97 2.99 3.02 3.05 3.08 3.1 3.11 3.12 3.12 3.12 3.13 3.14 3.15 3.17 3.2 3.24 3.29 3.35 3.42 3.52 3.62 3.74 3.86 3.98 4.1 4.24 4.4 4.57 4.77 4.97 5.19 5.44 5.72 6.02 6.34 6.7 7.1 7.54 7.98 8.38 8.79 9.23 9.71 10.2 10.8 11.4 12 12.7 13.4 14.2 14.9 15.6 16.4 17.1 17.9 18.6 19.3 20 20.6 21.3
2.82 2.85 2.88 2.91 2.92 2.94 2.95 2.95 2.95 2.94 2.94 2.94 2.95 2.96 2.98 3 3.01 3.02 3.03 3.04 3.05 3.05 3.07 3.08 3.09 3.11 3.14 3.16 3.21 3.27 3.35 3.44 3.54 3.64 3.74 3.84 3.94 4.06 4.21 4.36 4.54 4.72 4.94 5.18 5.45 5.75 6.08 6.45 6.87 7.34 7.83 8.25 8.69 9.16 9.68 10.2 10.8 11.5 12.2 12.9 13.6 14.4 15.2 16 16.8 17.6 18.3 19.1 19.8 20.5 21.2 21.8
2.9 2.93 2.95 2.97 2.99 3 3 2.99 2.97 2.95 2.94 2.93 2.92 2.92 2.93 2.94 2.95 2.95 2.96 2.97 2.99 3 3.01 3.03 3.05 3.06 3.07 3.09 3.13 3.19 3.27 3.35 3.45 3.54 3.62 3.7 3.79 3.89 4.01 4.15 4.31 4.49 4.7 4.92 5.19 5.48 5.81 6.19 6.61 7.08 7.56 8.04 8.54 9.06 9.62 10.2 10.8 11.5 12.3 13 13.8 14.7 15.5 16.4 17.2 18 18.8 19.6 20.3 21 21.7 22.4
2.99 3.02 3.03 3.05 3.05 3.05 3.04 3.02 2.99 2.96 2.93 2.91 2.9 2.88 2.88 2.88 2.89 2.89 2.91 2.92 2.94 2.95 2.97 2.99 3 3.01 3.02 3.02 3.04 3.11 3.18 3.26 3.35 3.42 3.49 3.56 3.63 3.72 3.83 3.95 4.1 4.27 4.46 4.68 4.93 5.21 5.54 5.91 6.33 6.8 7.28 7.8 8.35 8.93 9.54 10.2 10.8 11.6 12.3 13.1 14 14.9 15.8 16.7 17.6 18.4 19.2 20 20.7 21.5 22.2 22.9
