maui/input/month_year_rainfall/maui_prcp_03_2002.asc
ncols        361
nrows        320
xllcorner    -156.738000000000
yllcorner    20.343000000000
cellsize     0.002250000000
NODATA_value -3.4028234663852885981e+38
[rows 64 to 95 of 320, columns 72 to 143 of 361]
19.1 18.6 18 17.3 16.6 15.9 15.2 14.5 13.8 13 12.3 11.6 10.9 10.2 9.55 8.9 8.27 7.66 7.08 6.53 6.01 5.52 5.06 4.67 4.3 4 3.7 3.45 3.21 3.01 2.84 2.71 2.59 2.47 2.37 2.27 2.19 2.11 2.05 -3.4e+38 -3.4e+38 -3.4e+38 -3.4e+38 -3.4e+38 -3.4e+38 -3.4e+38 -3.4e+38 -3.4e+38 -3.4e+38 -3.4e+38 -3.4e+38 -3.4e+38 -3.4e+38 -3.4e+38 -3.4e+38 -3.4e+38 -3.4e+38 -3.4e+38 -3.4e+38 -3.4e+38 -3.4e+38 -3.4e+38 -3.4e+38 -3.4e+38 -3.4e+38 -3.4e+38 -3.4e+38 -3.4e+38 -3.4e+38 -3.4e+38 -3.4e+38 -3.4e+38
19.7 19.1 18.5 17.8 17.1 16.3 15.6 14.9 14.1 13.4 12.6 11.9 11.2 10.5 9.78 9.11 8.47 7.84 7.25 6.68 6.14 5.64 5.16 4.76 4.38 4.07 3.78 3.52 3.27 3.07 2.9 2.77 2.64 2.52 2.42 2.31 2.23 2.15 -3.4e+38 -3.4e+38 -3.4e+38 -3.4e+38 -3.4e+38 -3.4e+38 -3.4e+38 -3.4e+38 -3.4e+38 -3.4e+38 -3.4e+38 -3.4e+38 -3.4e+38 -3.4e+38 -3.4e+38 -3.4e+38 -3.4e+38 -3.4e+38 -3.4e+38 -3.4e+38 -3.4e+38 -3.4e+38 -3.4e+38 -3.4e+38 -3.4e+38 -3.4e+38 -3.4e+38 -3.4e+38 -3.4e+38 -3.4e+38 -3.4e+38 -3.4e+38 -3.4e+38 -3.4e+38
20.3 19.7 19 18.3 17.5 16.8 16 15.2 14.4 13.6 12.9 12.1 11.4 10.7 9.98 9.3 8.64 8.01 7.4 6.82 6.26 5.75 5.25 4.85 4.46 4.15 3.85 3.59 3.34 3.14 2.96 2.82 2.7 2.58 2.47 2.36 2.28 2.2 2.12 -3.4e+38 -3.4e+38 -3.4e+38 -3.4e+38 -3.4e+38 -3.4e+38 -3.4e+38 -3.4e+38 -3.4e+38 -3.4e+38 -3.4e+38 -3.4e+38 -3.4e+38 -3.4e+38 -3.4e+38 -3.4e+38 -3.4e+38 -3.4e+38 -3.4e+38 -3.4e+38 -3.4e+38 -3.4e+38 -3.4e+38 -3.4e+38 -3.4e+38 -3.4e+38 -3.4e+38 -3.4e+38 -3.4e+38 -3.4e+38 -3.4e+38 -3.4e+38 -3.4e+38
20.9 20.2 19.5 18.7 17.9 17.1 16.3 15.5 14.7 13.9 13.1 12.3 11.6 10.9 10.2 9.47 8.8 8.16 7.54 6.95 6.38 5.85 5.35 4.94 4.54 4.22 3.91 3.66 3.41 3.21 3.03 2.89 2.76 2.64 2.53 2.42 2.33 2.24 2.16 2.09 2.02 1.95 -3.4e+38 -3.4e+38 -3.4e+38 -3.4e+38 -3.4e+38 -3.4e+38 -3.4e+38 -3.4e+38 -3.4e+38 -3.4e+38 -3.4e+38 -3.4e+38 -3.4e+38 -3.4e+38 -3.4e+38 -3.4e+38 -3.4e+38 -3.4e+38 -3.4e+38 -3.4e+38 -3.4e+38 -3.4e+38 -3.4e+38 -3.4e+38 1.92 1.96 2 2.03 -3.4e+38 -3.4e+38
21.5 20.7 20 19.2 18.3 17.5 16.6 15.7 14.9 14.1 13.3 12.5 11.7 11 10.3 9.61 8.94 8.29 7.67 7.06 6.48 5.95 5.45 5.02 4.62 4.29 3.98 3.72 3.48 3.28 3.1 2.95 2.82 2.7 2.59 2.48 2.38 2.28 2.2 2.12 2.05 1.98 -3.4e+38 -3.4e+38 -3.4e+38 -3.4e+38 -3.4e+38 -3.4e+38 -3.4e+38 -3.4e+38 -3.4e+38 -3.4e+38 -3.4e+38 -3.4e+38 -3.4e+38 -3.4e+38 -3.4e+38 -3.4e+38 -3.4e+38 -3.4e+38 -3.4e+38 -3.4e+38 -3.4e+38 -3.4e+38 1.86 1.9 1.94 1.98 2.02 2.05 2.09 2.12
22 21.2 20.4 19.5 18.6 17.7 16.8 15.9 15.1 14.2 13.4 12.6 11.9 11.1 10.4 9.71 9.04 8.39 7.77 7.16 6.58 6.05 5.54 5.1 4.69 4.36 4.05 3.79 3.55 3.35 3.17 3.02 2.88 2.76 2.65 2.53 2.43 2.33 2.25 2.16 2.09 2.01 1.95 -3.4e+38 -3.4e+38 -3.4e+38 -3.4e+38 -3.4e+38 -3.4e+38 -3.4e+38 -3.4e+38 -3.4e+38 -3.4e+38 -3.4e+38 -3.4e+38 -3.4e+38 -3.4e+38 -3.4e+38 -3.4e+38 -3.4e+38 -3.4e+38 -3.4e+38 -3.4e+38 1.84 1.88 1.93 1.97 2 2.04 2.08 2.11 2.15
22.4 21.6 20.7 19.8 18.9 17.9 17 16.1 15.2 14.3 13.5 12.7 11.9 11.2 10.5 9.77 9.11 8.47 7.85 7.25 6.66 6.13 5.62 5.18 4.75 4.43 4.12 3.86 3.62 3.42 3.24 3.08 2.94 2.81 2.7 2.59 2.49 2.38 2.29 2.2 2.12 2.04 1.98 -3.4e+38 -3.4e+38 -3.4e+38 -3.4e+38 -3.4e+38 -3.4e+38 -3.4e+38 -3.4e+38 -3.4e+38 -3.4e+38 -3.4e+38 -3.4e+38 -3.4e+38 -3.4e+38 -3.4e+38 -3.4e+38 -3.4e+38 -3.4e+38 1.79 1.82 1.86 1.91 1.95 1.99 2.03 2.07 2.1 2.14 2.17
22.8 21.9 21 20 19 18 17.1 16.1 15.2 14.3 13.5 12.7 11.9 11.2 10.5 9.78 9.13 8.5 7.88 7.3 6.73 6.2 5.69 5.25 4.83 4.5 4.18 3.93 3.69 3.48 3.29 3.13 2.99 2.86 2.75 2.64 2.53 2.42 2.33 2.23 2.15 2.07 2.01 -3.4e+38 -3.4e+38 1.86 1.82 -3.4e+38 -3.4e+38 -3.4e+38 -3.4e+38 -3.4e+38 -3.4e+38 -3.4e+38 -3.4e+38 -3.4e+38 -3.4e+38 -3.4e+38 -3.4e+38 1.76 1.78 1.81 1.85 1.88 1.93 1.97 2.02 2.06 2.09 2.13 2.16 2.2
23.2 22.2 21.2 20.1 19.1 18.1 17.1 16.1 15.2 14.3 13.5 12.6 11.9 11.1 10.4 9.76 9.12 8.5 7.9 7.32 6.77 6.25 5.75 5.32 4.9 4.56 4.25 3.99 3.75 3.54 3.34 3.18 3.04 2.91 2.8 2.69 2.57 2.46 2.36 2.27 2.18 2.1 2.04 1.98 1.93 1.89 1.85 1.82 1.8 1.78 -3.4e+38 -3.4e+38 -3.4e+38 -3.4e+38 -3.4e+38 -3.4e+38 1.75 1.76 1.77 1.79 1.81 1.83 1.87 1.91 1.95 2 2.04 2.08 2.12 2.15 2.19 2.23
23.5 22.4 21.3 20.2 19.1 18 17 16 15.1 14.2 13.3 12.5 11.7 11 10.3 9.69 9.07 8.46 7.88 7.32 6.78 6.28 5.79 5.37 4.95 4.63 4.31 4.05 3.8 3.58 3.38 3.22 3.08 2.95 2.84 2.72 2.61 2.5 2.4 2.29 2.21 2.13 2.06 2.01 1.96 -3.4e+38 -3.4e+38 1.85 1.83 1.81 1.8 1.79 1.78 1.78 1.78 1.78 1.78 1.79 1.8 1.81 1.83 1.86 1.89 1.93 1.98 2.02 2.07 2.11 2.15 2.18 2.22 2.26
23.6 22.4 21.3 20.1 19 17.9 16.9 15.9 14.9 14 13.1 12.3 11.6 10.9 10.2 9.58 8.98 8.4 7.84 7.3 6.78 6.3 5.83 5.41 5.01 4.68 4.36 4.1 3.85 3.62 3.42 3.25 3.11 2.99 2.88 2.76 2.65 2.53 2.43 2.32 2.23 2.15 2.09 2.03 1.99 -3.4e+38 -3.4e+38 1.88 1.86 1.85 1.83 1.82 1.82 1.81 1.81 1.81 1.81 1.82 1.83 1.84 1.86 1.88 1.92 1.96 2 2.05 2.1 2.14 2.17 2.21 2.24 2.28
23.6 22.4 21.2 20 18.9 17.7 16.7 15.7 14.7 13.8 12.9 12.1 11.4 10.7 10 9.43 8.86 8.32 7.78 7.27 6.77 6.31 5.85 5.45 5.05 4.73 4.4 4.14 3.88 3.66 3.45 3.29 3.14 3.01 2.9 2.79 2.67 2.56 2.45 2.35 2.26 2.18 2.11 2.06 2.02 1.98 1.94 1.92 1.89 1.88 1.87 1.86 1.85 1.85 1.85 1.85 1.85 1.85 1.86 1.87 1.89 1.91 1.94 1.98 2.03 2.08 2.12 2.16 2.2 2.24 2.27 2.31
23.4 22.2 20.9 19.7 18.6 17.5 16.4 15.4 14.4 13.5 12.6 11.8 11.1 10.4 9.82 9.26 8.72 8.21 7.71 7.23 6.76 6.31 5.87 5.48 5.09 4.77 4.44 4.17 3.91 3.68 3.48 3.31 3.16 3.03 2.92 2.8 2.69 2.57 2.47 2.37 2.28 2.2 2.14 2.08 2.04 2 1.97 1.95 1.93 1.91 1.9 1.9 1.89 1.89 1.88 1.88 1.88 1.88 1.89 1.9 1.92 1.94 1.97 2.01 2.06 2.1 2.15 2.19 2.22 2.26 2.29 2.33
23 21.7 20.5 19.3 18.2 17.1 16 15 14 13.1 12.2 11.5 10.8 10.1 9.57 9.05 8.56 8.09 7.63 7.18 6.74 6.31 5.89 5.51 5.13 4.8 4.47 4.2 3.93 3.71 3.5 3.33 3.17 3.03 2.92 2.8 2.69 2.58 2.48 2.38 2.3 2.22 2.16 2.11 2.07 2.03 2 1.98 1.96 1.95 1.94 1.93 1.93 1.93 1.92 1.92 1.92 1.92 1.92 1.93 1.95 1.97 2 2.04 2.08 2.13 2.17 2.21 2.25 2.28 2.31 2.35
22.4 21.2 20 18.9 17.7 16.7 15.6 14.6 13.7 12.7 11.9 11.1 10.4 9.81 9.29 8.83 8.39 7.96 7.54 7.14 6.72 6.32 5.91 5.54 5.16 4.83 4.5 4.22 3.95 3.73 3.52 3.34 3.18 3.03 2.91 2.79 2.69 2.58 2.49 2.39 2.31 2.24 2.18 2.13 2.09 2.06 2.03 2.01 1.99 1.98 1.97 1.97 1.97 1.97 1.96 1.95 1.95 1.95 1.95 1.96 1.98 2 2.03 2.06 2.11 2.15 2.19 2.23 2.27 2.3 2.33 2.36
21.6 20.5 19.3 18.3 17.2 16.2 15.2 14.2 13.3 12.4 11.5 10.7 10 9.46 9.01 8.62 8.23 7.84 7.46 7.09 6.71 6.33 5.93 5.57 5.2 4.86 4.52 4.23 3.96 3.73 3.53 3.34 3.18 3.03 2.9 2.79 2.68 2.58 2.49 2.4 2.32 2.25 2.2 2.16 2.12 2.08 2.06 2.03 2.02 2.01 2 2 2 2 1.99 1.98 1.98 1.98 1.98 1.99 2 2.02 2.05 2.09 2.13 2.17 2.21 2.25 2.28 2.32 2.35 2.38
20.7 19.7 18.6 17.6 16.6 15.6 14.7 13.8 12.9 12 11.1 10.3 9.6 9.12 8.77 8.45 8.12 7.78 7.43 7.08 6.71 6.34 5.96 5.6 5.24 4.9 4.55 4.26 3.97 3.74 3.53 3.34 3.17 3.02 2.89 2.78 2.68 2.58 2.49 2.4 2.33 2.26 2.22 2.17 2.14 2.1 2.08 2.06 2.04 2.03 2.03 2.02 2.02 2.02 2.01 2.01 2 2 2.01 2.01 2.03 2.05 2.08 2.11 2.15 2.19 2.23 2.26 2.3 2.33 2.36 2.39
19.7 18.8 17.9 16.9 16 15.1 14.2 13.4 12.5 11.7 10.9 10.1 9.31 8.9 8.64 8.36 8.06 7.75 7.43 7.09 6.73 6.37 5.99 5.64 5.27 4.93 4.59 4.28 3.99 3.76 3.53 3.34 3.16 3.01 2.88 2.77 2.67 2.57 2.49 2.4 2.33 2.27 2.23 2.19 2.15 2.12 2.1 2.08 2.06 2.05 2.05 2.04 2.04 2.04 2.03 2.03 2.03 2.03 2.03 2.04 2.05 2.07 2.1 2.13 2.17 2.21 2.24 2.28 2.31 2.34 2.36 2.39
18.7 17.9 17.1 16.2 15.4 14.6 13.8 13 12.2 11.4 10.7 10 9.39 8.96 8.64 8.37 8.08 7.78 7.46 7.12 6.77 6.41 6.04 5.68 5.31 4.96 4.61 4.3 4.01 3.76 3.52 3.32 3.15 2.99 2.87 2.75 2.66 2.56 2.48 2.4 2.34 2.28 2.24 2.2 2.17 2.14 2.11 2.09 2.08 2.07 2.06 2.06 2.05 2.05 2.05 2.05 2.05 2.05 2.05 2.06 2.07 2.09 2.12 2.15 2.19 2.22 2.25 2.28 2.31 2.34 2.37 2.4
17.8 17.1 16.3 15.5 14.8 14.1 13.3 12.6 12 11.3 10.6 10 9.49 9.07 8.73 8.43 8.14 7.84 7.51 7.18 6.83 6.47 6.09 5.72 5.35 5 4.63 4.32 4.02 3.76 3.52 3.31 3.14 2.98 2.85 2.74 2.64 2.55 2.48 2.4 2.34 2.28 2.25 2.21 2.18 2.15 2.13 2.11 2.09 2.08 2.07 2.07 2.07 2.07 2.06 2.06 2.06 2.06 2.07 2.08 2.09 2.11 2.14 2.17 2.2 2.23 2.26 2.29 2.32 2.34 2.37 2.39
16.8 16.2 15.5 14.8 14.2 13.5 12.9 12.3 11.8 11.2 10.6 10.1 9.61 9.22 8.87 8.55 8.24 7.92 7.6 7.26 6.9 6.53 6.14 5.77 5.38 5.02 4.65 4.33 4.02 3.75 3.51 3.31 3.13 2.97 2.84 2.72 2.63 2.54 2.47 2.4 2.33 2.28 2.25 2.22 2.18 2.16 2.14 2.12 2.1 2.09 2.08 2.08 2.07 2.07 2.07 2.07 2.07 2.07 2.08 2.09 2.1 2.12 2.15 2.18 2.21 2.24 2.27 2.29 2.32 2.34 2.36 2.39
15.9 15.3 14.7 14.1 13.5 13.1 12.6 12.1 11.6 11.1 10.6 10.2 9.74 9.37 9.01 8.69 8.36 8.03 7.69 7.34 6.98 6.59 6.2 5.81 5.41 5.04 4.66 4.33 4.01 3.75 3.5 3.3 3.12 2.95 2.82 2.7 2.61 2.53 2.46 2.39 2.33 2.28 2.25 2.22 2.19 2.16 2.14 2.12 2.1 2.09 2.08 2.08 2.08 2.08 2.08 2.08 2.08 2.08 2.09 2.1 2.11 2.13 2.16 2.19 2.22 2.24 2.27 2.29 2.31 2.33 2.36 2.38
15 14.5 13.9 13.3 13 12.6 12.3 11.9 11.5 11.1 10.6 10.3 9.88 9.53 9.18 8.84 8.5 8.16 7.8 7.43 7.05 6.65 6.24 5.84 5.43 5.05 4.67 4.33 4.01 3.73 3.48 3.28 3.1 2.93 2.8 2.68 2.59 2.51 2.44 2.38 2.32 2.28 2.25 2.22 2.19 2.16 2.14 2.12 2.1 2.09 2.08 2.07 2.07 2.07 2.07 2.07 2.08 2.08 2.09 2.1 2.11 2.13 2.16 2.19 2.22 2.24 2.26 2.29 2.3 2.32 2.34 2.37
14.2 13.7 13.2 12.8 12.6 12.3 12 11.7 11.4 11.1 10.7 10.4 10 9.7 9.34 9 8.65 8.29 7.92 7.53 7.12 6.71 6.28 5.87 5.45 5.06 4.66 4.32 3.99 3.71 3.46 3.25 3.07 2.91 2.78 2.66 2.57 2.49 2.42 2.36 2.31 2.27 2.24 2.21 2.18 2.16 2.14 2.12 2.1 2.08 2.07 2.07 2.06 2.07 2.07 2.07 2.07 2.08 2.09 2.1 2.11 2.13 2.16 2.19 2.21 2.24 2.26 2.28 2.29 2.31 2.33 2.35
13.4 13.1 12.8 12.5 12.3 12.1 11.9 11.6 11.4 11.1 10.8 10.5 10.2 9.87 9.52 9.18 8.81 8.44 8.05 7.63 7.2 6.76 6.32 5.89 5.46 5.06 4.65 4.3 3.97 3.68 3.43 3.22 3.04 2.88 2.75 2.64 2.55 2.47 2.41 2.35 2.3 2.25 2.23 2.2 2.17 2.15 2.13 2.11 2.09 2.07 2.06 2.06 2.05 2.06 2.06 2.06 2.06 2.07 2.08 2.09 2.11 2.13 2.15 2.18 2.21 2.23 2.25 2.26 2.28 2.29 2.31 2.33
12.7 12.5 12.3 12.1 12 11.9 11.7 11.6 11.4 11.1 10.9 10.6 10.3 10 9.69 9.35 8.97 8.59 8.17 7.73 7.28 6.82 6.36 5.91 5.46 5.05 4.63 4.28 3.94 3.65 3.39 3.19 3.01 2.85 2.72 2.61 2.52 2.44 2.38 2.33 2.28 2.24 2.21 2.19 2.16 2.14 2.11 2.09 2.07 2.06 2.04 2.04 2.04 2.04 2.04 2.05 2.05 2.06 2.07 2.08 2.1 2.12 2.14 2.17 2.19 2.21 2.23 2.25 2.26 2.28 2.29 2.31
12.1 12 11.9 11.8 11.7 11.7 11.6 11.5 11.4 11.2 11 10.7 10.5 10.2 9.86 9.52 9.13 8.73 8.29 7.83 7.35 6.87 6.38 5.92 5.45 5.02 4.6 4.24 3.9 3.61 3.35 3.14 2.96 2.81 2.68 2.57 2.49 2.41 2.36 2.3 2.26 2.22 2.19 2.17 2.14 2.12 2.09 2.07 2.05 2.04 2.02 2.02 2.02 2.02 2.02 2.03 2.03 2.04 2.05 2.07 2.08 2.11 2.13 2.16 2.18 2.2 2.21 2.23 2.24 2.26 2.27 2.29
11.5 11.4 11.4 11.4 11.4 11.5 11.5 11.5 11.4 11.2 11 10.9 10.6 10.3 10 9.68 9.29 8.87 8.4 7.92 7.42 6.91 6.4 5.91 5.42 4.99 4.56 4.2 3.85 3.56 3.3 3.09 2.91 2.76 2.64 2.53 2.45 2.38 2.32 2.27 2.23 2.19 2.17 2.15 2.12 2.1 2.07 2.05 2.02 2.01 2 2 1.99 2 2 2.01 2.01 2.02 2.03 2.05 2.07 2.09 2.11 2.14 2.16 2.18 2.19 2.21 2.22 2.23 2.25 2.27
10.8 10.9 11 11.1 11.2 11.3 11.4 11.4 11.4 11.2 11.1 10.9 10.7 10.5 10.2 9.84 9.43 9 8.52 8.02 7.49 6.95 6.41 5.89 5.39 4.95 4.51 4.15 3.8 3.51 3.26 3.04 2.86 2.71 2.6 2.49 2.42 2.34 2.29 2.24 2.2 2.17 2.14 2.12 2.1 2.07 2.04 2.02 1.99 1.98 1.97 1.97 1.97 1.97 1.98 1.98 1.99 2 2.01 2.03 2.05 2.07 2.09 2.11 2.13 2.15 2.17 2.18 2.2 2.21 2.22 2.24
10.2 10.4 10.5 10.7 10.8 11 11.1 11.3 11.2 11.2 11.1 11 10.8 10.6 10.3 9.97 9.56 9.12 8.62 8.1 7.56 6.99 6.41 5.87 5.37 4.92 4.47 4.1 3.74 3.46 3.2 2.98 2.81 2.66 2.55 2.45 2.37 2.3 2.25 2.2 2.17 2.14 2.12 2.09 2.07 2.04 2.01 1.98 1.96 1.94 1.93 1.93 1.93 1.94 1.94 1.95 1.96 1.97 1.98 2 2.02 2.04 2.07 2.09 2.11 2.12 2.14 2.15 2.17 2.18 2.2 2.22
9.64 9.83 10 10.2 10.4 10.6 10.8 11 11 11.1 11 11 10.8 10.7 10.4 10.1 9.67 9.23 8.72 8.19 7.62 7.03 6.43 5.88 5.35 4.88 4.42 4.05 3.69 3.39 3.13 2.92 2.75 2.6 2.49 2.4 2.33 2.26 2.21 2.17 2.13 2.1 2.08 2.06 2.04 2.01 1.98 1.95 1.92 1.91 1.89 1.89 1.89 1.9 1.91 1.92 1.93 1.94 1.96 1.97 1.99 2.02 2.04 2.06 2.08 2.09 2.11 2.12 2.14 2.15 2.17 2.19
9.05 9.28 9.51 9.76 10 10.2 10.5 10.7 10.8 10.9 10.9 10.9 10.8 10.7 10.4 10.2 9.75 9.31 8.8 8.25 7.66 7.07 6.47 5.9 5.34 4.85 4.38 3.99 3.62 3.32 3.06 2.85 2.68 2.54 2.43 2.34 2.27 2.21 2.16 2.12 2.09 2.06 2.04 2.02 2 1.97 1.94 1.91 1.88 1.86 1.85 1.85 1.85 1.86 1.87 1.88 1.89 1.91 1.92 1.94 1.96 1.99 2.01 2.03 2.04 2.06 2.07 2.09 2.1 2.12 2.14 2.16
