maui/input/month_year_rainfall/maui_prcp_07_2001.asc
ncols        361
nrows        320
xllcorner    -156.738000000000
yllcorner    20.343000000000
cellsize     0.002250000000
NODATA_value -3.4028234663852885981e+38
[rows 62 to 92 of 320, columns 142 to 212 of 361]
-3.4e+38 -3.4e+38 -3.4e+38 -3.4e+38 -3.4e+38 -3.4e+38 -3.4e+38 -3.4e+38 -3.4e+38 -3.4e+38 -3.4e+38 -3.4e+38 -3.4e+38 -3.4e+38 -3.4e+38 -3.4e+38 -3.4e+38 0.859 0.9 0.943 0.989 1.04 1.09 1.15 1.21 1.28 1.35 1.43 1.5 1.58 1.66 1.74 1.82 1.9 1.98 2.07 2.15 2.22 2.3 2.38 2.45 2.51 2.57 2.63 2.68 2.73 2.77 2.82 2.86 2.92 2.99 3.06 3.14 3.22 3.3 3.38 3.47 3.55 3.64 3.72 3.81 3.9 3.99 4.09 4.2 4.3 4.42 4.54 4.67 4.8 4.95
-3.4e+38 -3.4e+38 -3.4e+38 -3.4e+38 -3.4e+38 -3.4e+38 -3.4e+38 -3.4e+38 -3.4e+38 -3.4e+38 -3.4e+38 -3.4e+38 -3.4e+38 -3.4e+38 -3.4e+38 -3.4e+38 0.782 0.82 0.862 0.905 0.953 1 1.06 1.12 1.19 1.26 1.33 1.41 1.49 1.57 1.66 1.74 1.83 1.91 1.99 2.07 2.15 2.23 2.3 2.38 2.45 2.52 2.58 2.64 2.7 2.75 2.8 2.85 2.9 2.96 3.03 3.12 3.21 3.29 3.38 3.46 3.55 3.64 3.73 3.82 3.91 4.01 4.11 4.22 4.33 4.45 4.57 4.69 4.83 4.97 5.13
-3.4e+38 -3.4e+38 -3.4e+38 -3.4e+38 -3.4e+38 -3.4e+38 -3.4e+38 -3.4e+38 -3.4e+38 -3.4e+38 -3.4e+38 -3.4e+38 -3.4e+38 0.649 0.678 0.71 0.746 0.783 0.826 0.87 0.919 0.971 1.03 1.09 1.16 1.24 1.32 1.4 1.48 1.57 1.65 1.74 1.83 1.91 1.99 2.07 2.14 2.22 2.3 2.37 2.44 2.51 2.58 2.64 2.7 2.76 2.82 2.87 2.93 3 3.08 3.17 3.26 3.34 3.44 3.53 3.62 3.71 3.81 3.91 4.01 4.11 4.22 4.34 4.46 4.58 4.71 4.84 4.99 5.14 5.3
-3.4e+38 -3.4e+38 -3.4e+38 -3.4e+38 -3.4e+38 -3.4e+38 -3.4e+38 0.503 -3.4e+38 -3.4e+38 0.548 0.567 0.589 0.614 0.643 0.674 0.71 0.748 0.791 0.837 0.888 0.942 1 1.07 1.14 1.22 1.3 1.38 1.47 1.56 1.65 1.74 1.83 1.9 1.98 2.05 2.13 2.2 2.27 2.35 2.42 2.49 2.56 2.62 2.69 2.75 2.82 2.88 2.95 3.03 3.11 3.2 3.29 3.39 3.48 3.58 3.68 3.77 3.87 3.98 4.08 4.2 4.31 4.44 4.57 4.71 4.84 4.98 5.14 5.29 5.46
-3.4e+38 -3.4e+38 -3.4e+38 -3.4e+38 -3.4e+38 0.454 0.464 0.475 0.487 0.5 0.516 0.534 0.556 0.581 0.609 0.64 0.676 0.714 0.759 0.806 0.859 0.915 0.978 1.05 1.12 1.2 1.28 1.36 1.45 1.54 1.63 1.72 1.81 1.88 1.95 2.02 2.09 2.17 2.24 2.31 2.38 2.45 2.52 2.59 2.66 2.73 2.8 2.88 2.96 3.04 3.13 3.22 3.32 3.42 3.52 3.61 3.72 3.82 3.92 4.03 4.15 4.27 4.4 4.53 4.67 4.81 4.96 5.11 5.28 5.44 5.62
-3.4e+38 -3.4e+38 -3.4e+38 0.414 0.421 0.429 0.438 0.448 0.459 0.471 0.486 0.504 0.525 0.549 0.577 0.608 0.644 0.683 0.729 0.777 0.833 0.891 0.955 1.02 1.1 1.18 1.26 1.34 1.43 1.52 1.6 1.69 1.77 1.84 1.91 1.98 2.05 2.12 2.19 2.26 2.33 2.4 2.47 2.54 2.62 2.69 2.78 2.86 2.95 3.04 3.13 3.23 3.33 3.43 3.53 3.64 3.74 3.85 3.96 4.07 4.19 4.32 4.46 4.6 4.75 4.91 5.07 5.23 5.4 5.57 5.76
0.38 0.383 0.388 0.393 0.399 0.406 0.413 0.422 0.432 0.443 0.457 0.474 0.495 0.518 0.546 0.577 0.614 0.654 0.701 0.751 0.808 0.867 0.933 1 1.08 1.16 1.24 1.32 1.4 1.49 1.57 1.65 1.72 1.79 1.86 1.92 1.99 2.06 2.13 2.2 2.27 2.34 2.41 2.48 2.56 2.65 2.74 2.83 2.92 3.02 3.12 3.22 3.33 3.43 3.54 3.65 3.76 3.87 3.98 4.1 4.23 4.36 4.51 4.66 4.82 4.99 5.15 5.33 5.51 5.69 5.88
0.364 0.366 0.369 0.372 0.377 0.383 0.389 0.397 0.405 0.416 0.429 0.445 0.466 0.489 0.517 0.548 0.586 0.626 0.676 0.727 0.785 0.845 0.911 0.982 1.06 1.13 1.21 1.29 1.37 1.45 1.53 1.6 1.66 1.73 1.79 1.85 1.92 1.99 2.06 2.13 2.2 2.27 2.34 2.41 2.49 2.59 2.68 2.78 2.88 2.98 3.09 3.2 3.31 3.42 3.53 3.64 3.76 3.87 3.99 4.11 4.25 4.4 4.55 4.71 4.88 5.05 5.23 5.41 5.6 5.79 5.99
0.35 0.35 0.351 0.353 0.356 0.361 0.366 0.372 0.38 0.39 0.402 0.417 0.437 0.461 0.49 0.521 0.559 0.6 0.65 0.703 0.762 0.822 0.89 0.96 1.03 1.11 1.19 1.26 1.34 1.41 1.48 1.54 1.6 1.66 1.71 1.78 1.84 1.91 1.98 2.05 2.12 2.19 2.27 2.34 2.43 2.53 2.63 2.73 2.84 2.94 3.05 3.16 3.28 3.39 3.51 3.63 3.75 3.88 4 4.13 4.27 4.43 4.59 4.76 4.93 5.11 5.3 5.49 5.68 5.89 6.1
0.336 0.334 0.333 0.334 0.337 0.34 0.345 0.351 0.358 0.366 0.377 0.392 0.412 0.436 0.464 0.496 0.534 0.575 0.625 0.677 0.737 0.799 0.867 0.937 1.01 1.09 1.16 1.23 1.3 1.37 1.43 1.48 1.53 1.58 1.63 1.69 1.75 1.82 1.89 1.96 2.03 2.11 2.19 2.27 2.36 2.46 2.55 2.66 2.77 2.88 2.99 3.11 3.23 3.35 3.47 3.59 3.72 3.85 3.99 4.13 4.28 4.44 4.61 4.78 4.97 5.16 5.35 5.55 5.76 5.97 6.19
0.323 0.319 0.317 0.317 0.319 0.322 0.326 0.332 0.337 0.344 0.353 0.368 0.389 0.413 0.441 0.472 0.511 0.551 0.6 0.652 0.712 0.775 0.844 0.915 0.988 1.06 1.13 1.2 1.26 1.32 1.37 1.42 1.46 1.5 1.55 1.6 1.66 1.73 1.8 1.87 1.95 2.02 2.1 2.19 2.28 2.38 2.48 2.59 2.7 2.81 2.93 3.05 3.17 3.3 3.43 3.56 3.69 3.83 3.97 4.12 4.28 4.45 4.63 4.81 5 5.2 5.41 5.62 5.84 6.06 6.28
0.312 0.305 0.302 0.302 0.303 0.306 0.31 0.315 0.321 0.327 0.335 0.349 0.37 0.393 0.421 0.451 0.488 0.528 0.576 0.628 0.688 0.751 0.82 0.891 0.962 1.03 1.1 1.16 1.21 1.27 1.32 1.36 1.39 1.42 1.45 1.51 1.57 1.64 1.71 1.78 1.85 1.93 2.01 2.1 2.19 2.29 2.4 2.5 2.62 2.73 2.85 2.97 3.1 3.23 3.36 3.5 3.64 3.78 3.93 4.09 4.26 4.43 4.62 4.81 5.01 5.22 5.44 5.66 5.89 6.12 6.36
0.303 0.297 0.293 0.291 0.29 0.293 0.297 0.302 0.307 0.313 0.322 0.335 0.354 0.375 0.402 0.431 0.467 0.506 0.554 0.604 0.664 0.727 0.796 0.867 0.937 1 1.06 1.12 1.17 1.22 1.26 1.3 1.33 1.36 1.39 1.44 1.5 1.56 1.62 1.69 1.76 1.84 1.92 2.01 2.11 2.21 2.31 2.42 2.53 2.65 2.77 2.9 3.03 3.16 3.3 3.44 3.58 3.73 3.89 4.06 4.23 4.41 4.6 4.81 5.02 5.23 5.46 5.7 5.94 6.18 6.43
0.297 0.291 0.287 0.283 0.282 0.284 0.286 0.29 0.295 0.302 0.311 0.323 0.34 0.36 0.385 0.413 0.448 0.485 0.532 0.581 0.64 0.702 0.77 0.841 0.911 0.971 1.03 1.08 1.12 1.17 1.21 1.24 1.27 1.3 1.33 1.37 1.42 1.48 1.54 1.6 1.67 1.75 1.83 1.92 2.02 2.12 2.22 2.33 2.45 2.57 2.69 2.81 2.95 3.08 3.22 3.37 3.52 3.68 3.84 4.01 4.19 4.38 4.58 4.79 5.01 5.24 5.48 5.73 5.98 6.23 6.49
0.291 0.286 0.281 0.278 0.276 0.276 0.278 0.281 0.285 0.292 0.3 0.312 0.327 0.346 0.37 0.396 0.429 0.465 0.51 0.558 0.615 0.676 0.742 0.811 0.878 0.935 0.987 1.03 1.08 1.12 1.15 1.18 1.21 1.24 1.27 1.31 1.35 1.4 1.46 1.52 1.59 1.66 1.75 1.83 1.93 2.03 2.13 2.24 2.36 2.48 2.6 2.73 2.86 3 3.15 3.3 3.46 3.62 3.79 3.97 4.15 4.35 4.56 4.78 5.01 5.24 5.49 5.75 6.01 6.28 6.55
0.286 0.281 0.277 0.273 0.27 0.269 0.27 0.272 0.276 0.282 0.29 0.301 0.315 0.333 0.355 0.379 0.411 0.445 0.489 0.535 0.59 0.648 0.711 0.775 0.837 0.893 0.944 0.989 1.03 1.07 1.1 1.13 1.15 1.18 1.21 1.25 1.29 1.33 1.38 1.44 1.51 1.58 1.66 1.75 1.84 1.94 2.04 2.15 2.27 2.39 2.51 2.64 2.78 2.92 3.07 3.23 3.39 3.55 3.73 3.91 4.11 4.31 4.53 4.76 5 5.24 5.5 5.77 6.04 6.32 6.6
0.281 0.276 0.272 0.268 0.265 0.263 0.263 0.265 0.268 0.273 0.281 0.29 0.304 0.32 0.34 0.363 0.394 0.426 0.467 0.511 0.564 0.619 0.678 0.738 0.797 0.851 0.9 0.943 0.981 1.02 1.05 1.07 1.1 1.13 1.15 1.18 1.22 1.26 1.31 1.36 1.43 1.5 1.58 1.66 1.76 1.85 1.96 2.06 2.18 2.3 2.43 2.56 2.69 2.84 2.99 3.15 3.31 3.48 3.66 3.85 4.05 4.27 4.49 4.73 4.98 5.23 5.5 5.78 6.06 6.35 6.65
0.277 0.272 0.267 0.262 0.259 0.257 0.256 0.257 0.259 0.264 0.271 0.28 0.292 0.307 0.327 0.348 0.377 0.407 0.447 0.488 0.538 0.59 0.646 0.703 0.758 0.81 0.857 0.897 0.933 0.966 0.996 1.02 1.04 1.07 1.09 1.12 1.16 1.2 1.24 1.29 1.35 1.42 1.5 1.58 1.67 1.77 1.87 1.98 2.09 2.21 2.34 2.47 2.6 2.75 2.9 3.07 3.23 3.41 3.59 3.79 3.99 4.21 4.45 4.69 4.95 5.22 5.49 5.78 6.08 6.38 6.69
0.272 0.267 0.262 0.257 0.253 0.25 0.249 0.249 0.252 0.256 0.262 0.27 0.281 0.295 0.313 0.334 0.361 0.39 0.427 0.465 0.512 0.563 0.616 0.669 0.721 0.769 0.814 0.852 0.887 0.918 0.946 0.969 0.991 1.01 1.04 1.06 1.09 1.13 1.18 1.22 1.28 1.35 1.42 1.5 1.59 1.68 1.78 1.89 2 2.12 2.25 2.38 2.51 2.66 2.81 2.98 3.15 3.32 3.51 3.71 3.93 4.15 4.39 4.64 4.91 5.19 5.48 5.78 6.09 6.4 6.72
0.267 0.262 0.256 0.251 0.247 0.243 0.242 0.242 0.244 0.248 0.253 0.261 0.271 0.284 0.301 0.32 0.346 0.374 0.409 0.445 0.489 0.537 0.587 0.637 0.686 0.731 0.773 0.809 0.842 0.871 0.897 0.918 0.939 0.959 0.981 1.01 1.04 1.07 1.11 1.16 1.21 1.27 1.35 1.42 1.51 1.6 1.7 1.8 1.91 2.03 2.16 2.29 2.42 2.57 2.72 2.89 3.06 3.24 3.43 3.64 3.85 4.09 4.33 4.59 4.87 5.15 5.45 5.76 6.09 6.41 6.75
0.262 0.256 0.251 0.245 0.24 0.237 0.234 0.235 0.236 0.24 0.245 0.252 0.261 0.273 0.289 0.307 0.333 0.359 0.392 0.427 0.469 0.513 0.56 0.607 0.653 0.694 0.733 0.767 0.797 0.824 0.849 0.869 0.888 0.906 0.927 0.95 0.978 1.01 1.05 1.09 1.15 1.21 1.28 1.35 1.43 1.52 1.61 1.71 1.83 1.94 2.07 2.2 2.33 2.48 2.63 2.79 2.96 3.15 3.35 3.55 3.78 4.01 4.26 4.53 4.81 5.11 5.42 5.75 6.08 6.42 6.77
0.256 0.25 0.245 0.239 0.234 0.23 0.227 0.228 0.229 0.232 0.237 0.243 0.252 0.262 0.278 0.296 0.32 0.345 0.377 0.411 0.451 0.492 0.536 0.579 0.621 0.66 0.696 0.727 0.755 0.78 0.803 0.822 0.839 0.856 0.874 0.897 0.923 0.955 0.993 1.03 1.09 1.14 1.21 1.28 1.36 1.44 1.53 1.63 1.74 1.86 1.98 2.11 2.24 2.38 2.54 2.7 2.87 3.06 3.26 3.47 3.7 3.94 4.2 4.47 4.76 5.07 5.39 5.73 6.08 6.43 6.8
0.25 0.244 0.239 0.233 0.228 0.224 0.221 0.221 0.222 0.225 0.229 0.235 0.243 0.253 0.268 0.285 0.308 0.332 0.363 0.395 0.432 0.471 0.512 0.552 0.591 0.627 0.66 0.689 0.715 0.738 0.76 0.777 0.793 0.808 0.826 0.847 0.872 0.902 0.938 0.978 1.03 1.08 1.15 1.21 1.29 1.37 1.45 1.55 1.66 1.78 1.9 2.02 2.15 2.29 2.44 2.61 2.78 2.97 3.17 3.39 3.62 3.87 4.13 4.42 4.72 5.04 5.37 5.72 6.08 6.45 6.83
0.244 0.238 0.232 0.226 0.221 0.217 0.215 0.214 0.215 0.218 0.221 0.227 0.235 0.245 0.259 0.275 0.297 0.32 0.349 0.379 0.415 0.452 0.49 0.527 0.563 0.595 0.626 0.653 0.678 0.699 0.719 0.735 0.749 0.763 0.779 0.799 0.822 0.851 0.885 0.924 0.973 1.03 1.09 1.15 1.23 1.31 1.39 1.49 1.59 1.7 1.82 1.94 2.07 2.21 2.35 2.52 2.69 2.88 3.09 3.31 3.54 3.8 4.07 4.37 4.68 5.01 5.36 5.72 6.09 6.48 6.87
0.236 0.23 0.225 0.219 0.215 0.211 0.208 0.208 0.208 0.21 0.214 0.219 0.227 0.237 0.25 0.265 0.286 0.308 0.336 0.364 0.398 0.433 0.469 0.504 0.536 0.566 0.595 0.62 0.643 0.663 0.681 0.695 0.708 0.721 0.735 0.754 0.776 0.802 0.835 0.873 0.921 0.973 1.03 1.1 1.17 1.25 1.33 1.43 1.53 1.63 1.75 1.86 1.99 2.13 2.27 2.43 2.61 2.8 3.01 3.24 3.48 3.74 4.03 4.33 4.65 4.99 5.35 5.73 6.12 6.52 6.93
0.228 0.222 0.217 0.212 0.207 0.204 0.202 0.201 0.201 0.203 0.207 0.212 0.219 0.228 0.241 0.256 0.276 0.297 0.323 0.35 0.383 0.416 0.45 0.482 0.513 0.541 0.567 0.59 0.611 0.629 0.645 0.658 0.67 0.681 0.694 0.712 0.733 0.757 0.787 0.826 0.873 0.924 0.984 1.05 1.12 1.2 1.28 1.37 1.46 1.57 1.68 1.79 1.91 2.05 2.19 2.36 2.53 2.73 2.94 3.17 3.42 3.69 3.98 4.3 4.63 4.98 5.35 5.74 6.14 6.56 6.98
0.219 0.214 0.209 0.204 0.2 0.197 0.194 0.194 0.194 0.196 0.199 0.204 0.211 0.22 0.233 0.247 0.266 0.286 0.311 0.337 0.367 0.399 0.431 0.462 0.491 0.517 0.541 0.562 0.582 0.598 0.612 0.623 0.634 0.644 0.657 0.673 0.693 0.717 0.747 0.784 0.83 0.879 0.938 1 1.07 1.14 1.22 1.31 1.41 1.51 1.61 1.72 1.84 1.98 2.13 2.29 2.47 2.67 2.88 3.12 3.38 3.65 3.95 4.27 4.61 4.98 5.36 5.76 6.18 6.61 7.05
0.21 0.205 0.2 0.196 0.192 0.189 0.187 0.186 0.187 0.189 0.192 0.197 0.204 0.212 0.225 0.238 0.256 0.275 0.299 0.324 0.353 0.383 0.413 0.442 0.47 0.494 0.517 0.537 0.554 0.569 0.582 0.591 0.601 0.61 0.622 0.637 0.657 0.681 0.711 0.746 0.79 0.838 0.895 0.955 1.02 1.09 1.17 1.26 1.35 1.45 1.55 1.66 1.78 1.92 2.07 2.23 2.41 2.61 2.83 3.07 3.33 3.62 3.93 4.25 4.61 4.98 5.38 5.79 6.22 6.67 7.12
0.2 0.195 0.191 0.187 0.183 0.181 0.179 0.178 0.179 0.181 0.185 0.189 0.196 0.205 0.216 0.229 0.247 0.265 0.288 0.312 0.34 0.368 0.397 0.424 0.451 0.474 0.495 0.513 0.529 0.542 0.554 0.562 0.57 0.578 0.588 0.604 0.623 0.647 0.676 0.711 0.754 0.8 0.855 0.913 0.978 1.05 1.12 1.21 1.3 1.39 1.5 1.61 1.73 1.87 2.01 2.19 2.37 2.57 2.79 3.04 3.3 3.6 3.91 4.25 4.61 4.99 5.4 5.83 6.28 6.74 7.2
0.189 0.185 0.181 0.177 0.174 0.172 0.17 0.17 0.171 0.174 0.177 0.182 0.189 0.197 0.208 0.221 0.238 0.256 0.278 0.3 0.327 0.354 0.381 0.408 0.433 0.455 0.475 0.492 0.507 0.518 0.528 0.534 0.541 0.547 0.557 0.572 0.591 0.615 0.644 0.678 0.719 0.765 0.817 0.873 0.936 1 1.08 1.16 1.25 1.34 1.45 1.56 1.68 1.82 1.97 2.14 2.33 2.53 2.76 3.01 3.28 3.58 3.91 4.25 4.62 5.02 5.44 5.88 6.33 6.81 7.28
0.178 0.174 0.171 0.167 0.165 0.163 0.162 0.162 0.163 0.166 0.169 0.174 0.181 0.189 0.2 0.213 0.229 0.247 0.268 0.289 0.315 0.341 0.367 0.392 0.416 0.437 0.456 0.472 0.486 0.496 0.504 0.509 0.514 0.518 0.527 0.54 0.56 0.584 0.614 0.646 0.687 0.731 0.781 0.835 0.895 0.96 1.03 1.11 1.2 1.3 1.4 1.52 1.65 1.78 1.93 2.1 2.29 2.5 2.72 2.98 3.26 3.57 3.9 4.26 4.64 5.04 5.47 5.92 6.39 6.87 7.36
