maui/input/month_year_rainfall/maui_prcp_03_2002.asc
ncols        361
nrows        320
xllcorner    -156.738000000000
yllcorner    20.343000000000
cellsize     0.002250000000
NODATA_value -3.4028234663852885981e+38
[rows 128 to 159 of 320, columns 216 to 287 of 361]
5.87 6.11 6.37 6.66 6.97 7.3 7.63 8 8.39 8.81 9.24 9.71 10.2 10.7 11.2 11.8 12.4 12.9 13.5 14.2 14.8 15.4 16.1 16.7 17.3 17.9 18.6 19.2 19.8 20.3 20.9 21.5 22 22.6 23.1 23.6 24.1 24.6 25 25.5 26 26.4 26.9 27.4 27.9 28.4 28.9 29.5 30.1 30.7 31.3 32 32.7 33.4 34.1 34.9 35.6 36.3 37 37.7 38.4 39 39.5 39.8 39.8 39.8 39.6 39.4 39.2 38.9 38.5 38.1
5.72 5.94 6.18 6.44 6.71 7.01 7.32 7.66 8.01 8.39 8.79 9.23 9.69 10.2 10.7 11.2 11.7 12.3 12.9 13.5 14.1 14.8 15.4 16.1 16.7 17.3 17.9 18.6 19.2 19.8 20.3 20.9 21.5 22.1 22.7 23.3 23.8 24.3 24.8 25.3 25.8 26.3 26.8 27.3 27.8 28.4 28.9 29.5 30.1 30.8 31.4 32.2 32.9 33.7 34.4 35.2 35.9 36.7 37.4 38.1 38.8 39.4 39.9 40.3 40.4 40.5 40.4 40.3 40.1 39.8 39.5 39.1
5.58 5.78 5.99 6.23 6.47 6.74 7.02 7.32 7.64 7.99 8.36 8.76 9.19 9.65 10.1 10.6 11.2 11.7 12.3 12.9 13.5 14.1 14.8 15.4 16 16.7 17.3 17.9 18.6 19.2 19.8 20.4 21 21.6 22.2 22.8 23.4 24 24.5 25.1 25.6 26.2 26.7 27.3 27.8 28.4 29 29.6 30.2 30.8 31.5 32.3 33.1 33.8 34.6 35.4 36.2 37 37.8 38.5 39.2 39.8 40.4 40.8 41 41.2 41.2 41.1 41 40.8 40.5 40.2
5.44 5.62 5.81 6.03 6.24 6.48 6.73 7 7.29 7.6 7.94 8.3 8.71 9.14 9.6 10.1 10.6 11.1 11.7 12.3 12.9 13.5 14.1 14.7 15.4 16 16.6 17.3 17.9 18.5 19.1 19.8 20.4 21 21.7 22.3 22.9 23.6 24.2 24.8 25.4 26 26.6 27.2 27.8 28.4 29 29.6 30.2 30.9 31.6 32.4 33.2 34 34.8 35.6 36.4 37.2 38.1 38.8 39.5 40.2 40.8 41.3 41.6 41.9 42 42 41.9 41.8 41.6 41.3
5.32 5.48 5.65 5.84 6.03 6.24 6.46 6.71 6.97 7.25 7.55 7.88 8.25 8.66 9.09 9.55 10 10.6 11.1 11.7 12.2 12.8 13.4 14.1 14.7 15.3 15.9 16.5 17.2 17.8 18.4 19.1 19.7 20.3 21 21.7 22.4 23 23.7 24.3 25 25.7 26.3 26.9 27.6 28.2 28.8 29.5 30.1 30.8 31.6 32.4 33.2 34 34.8 35.7 36.5 37.4 38.2 39.1 39.8 40.6 41.2 41.8 42.2 42.6 42.8 42.9 42.9 42.9 42.7 42.5
5.19 5.34 5.5 5.67 5.83 6.01 6.2 6.42 6.65 6.91 7.18 7.48 7.81 8.19 8.6 9.03 9.5 9.99 10.5 11.1 11.6 12.2 12.8 13.4 14 14.6 15.2 15.8 16.5 17.1 17.7 18.3 19 19.6 20.3 21.1 21.8 22.5 23.1 23.8 24.5 25.2 25.9 26.6 27.3 27.9 28.6 29.3 30 30.7 31.5 32.3 33.2 34 34.8 35.7 36.6 37.5 38.4 39.3 40.1 40.9 41.6 42.3 42.8 43.3 43.6 43.8 43.9 43.9 43.8 43.6
5.08 5.22 5.37 5.52 5.65 5.81 5.98 6.17 6.37 6.6 6.85 7.12 7.43 7.77 8.16 8.56 9.01 9.47 9.98 10.5 11 11.6 12.1 12.7 13.3 13.8 14.4 15 15.6 16.3 16.9 17.5 18.2 18.9 19.6 20.3 21 21.7 22.4 23.1 23.8 24.6 25.3 25.9 26.6 27.4 28.1 28.8 29.5 30.3 31.1 32 32.9 33.8 34.7 35.6 36.6 37.5 38.5 39.4 40.3 41.1 41.9 42.7 43.3 43.9 44.4 44.7 44.9 45 45 44.9
4.97 5.1 5.24 5.36 5.47 5.6 5.75 5.92 6.09 6.31 6.54 6.78 7.05 7.37 7.73 8.1 8.53 8.97 9.44 9.92 10.4 11 11.5 12 12.6 13.1 13.7 14.2 14.8 15.4 16.1 16.7 17.3 18.1 18.8 19.5 20.2 21 21.7 22.4 23.1 23.8 24.5 25.2 26 26.7 27.4 28.2 29 29.8 30.7 31.6 32.6 33.5 34.5 35.5 36.5 37.5 38.5 39.5 40.4 41.4 42.2 43.1 43.9 44.6 45.1 45.5 45.9 46.1 46.2 46.1
4.88 4.99 5.1 5.21 5.3 5.42 5.55 5.7 5.86 6.05 6.25 6.48 6.74 7.03 7.36 7.71 8.1 8.51 8.95 9.4 9.89 10.4 10.9 11.4 11.9 12.4 12.9 13.5 14 14.6 15.2 15.8 16.4 17.1 17.9 18.6 19.3 20.1 20.8 21.5 22.2 22.9 23.6 24.3 25 25.8 26.5 27.3 28.2 29.1 30 31 32 33 34.1 35.1 36.2 37.3 38.4 39.5 40.5 41.5 42.5 43.4 44.2 45 45.7 46.3 46.7 47 47.2 47.3
4.8 4.89 4.98 5.06 5.15 5.25 5.36 5.5 5.64 5.81 5.99 6.2 6.44 6.71 7.01 7.33 7.69 8.06 8.48 8.9 9.35 9.81 10.3 10.8 11.2 11.7 12.2 12.7 13.2 13.8 14.3 14.9 15.5 16.2 16.9 17.6 18.4 19.1 19.8 20.5 21.2 21.9 22.6 23.3 24 24.8 25.6 26.4 27.3 28.2 29.2 30.2 31.3 32.4 33.6 34.7 35.9 37.1 38.3 39.4 40.5 41.6 42.7 43.7 44.7 45.5 46.3 47 47.5 48 48.3 48.4
4.77 4.84 4.91 4.98 5.05 5.14 5.24 5.35 5.48 5.63 5.79 5.98 6.19 6.43 6.71 7.01 7.34 7.68 8.06 8.44 8.86 9.28 9.71 10.1 10.6 11 11.5 11.9 12.4 12.9 13.4 14 14.5 15.2 15.8 16.5 17.2 17.9 18.6 19.3 20 20.8 21.5 22.2 22.9 23.7 24.5 25.3 26.2 27.2 28.2 29.3 30.4 31.6 32.9 34.1 35.4 36.7 38 39.2 40.5 41.7 42.8 43.9 45 46 46.9 47.6 48.3 48.8 49.1 49.3
4.75 4.8 4.86 4.91 4.98 5.05 5.14 5.24 5.35 5.48 5.62 5.78 5.97 6.18 6.43 6.7 7.01 7.32 7.66 8.02 8.4 8.78 9.17 9.56 9.96 10.4 10.8 11.2 11.6 12 12.5 13 13.5 14.1 14.7 15.3 16 16.7 17.4 18.1 18.8 19.5 20.2 20.9 21.7 22.4 23.3 24.1 25.1 26.1 27.2 28.3 29.5 30.8 32.1 33.5 34.9 36.3 37.6 39 40.3 41.7 43 44.2 45.3 46.4 47.4 48.3 49 49.6 50 50.3
4.75 4.79 4.84 4.88 4.94 5 5.07 5.16 5.25 5.36 5.49 5.63 5.79 5.98 6.2 6.44 6.71 7 7.31 7.63 7.97 8.32 8.66 9.01 9.36 9.71 10.1 10.4 10.8 11.2 11.6 12 12.4 13 13.5 14.1 14.7 15.4 16 16.7 17.4 18.1 18.8 19.5 20.2 21 21.9 22.8 23.8 24.8 26 27.2 28.5 29.9 31.3 32.8 34.3 35.8 37.2 38.7 40.2 41.6 43 44.3 45.6 46.8 47.9 48.9 49.7 50.3 50.8 51.1
4.77 4.79 4.83 4.86 4.9 4.96 5.02 5.09 5.17 5.27 5.38 5.5 5.65 5.81 6 6.21 6.46 6.71 6.99 7.28 7.59 7.9 8.21 8.51 8.82 9.12 9.43 9.74 10.1 10.4 10.7 11.1 11.5 11.9 12.4 12.9 13.5 14.1 14.7 15.3 16 16.6 17.3 18 18.7 19.5 20.4 21.3 22.4 23.5 24.7 26.1 27.5 29 30.5 32.1 33.6 35.2 36.8 38.3 39.9 41.5 43 44.4 45.8 47.1 48.3 49.4 50.3 51.1 51.6 51.9
4.79 4.8 4.83 4.85 4.88 4.93 4.98 5.04 5.11 5.19 5.29 5.4 5.53 5.67 5.84 6.03 6.24 6.47 6.71 6.96 7.24 7.51 7.79 8.06 8.32 8.59 8.85 9.12 9.39 9.65 9.92 10.2 10.6 10.9 11.3 11.7 12.2 12.8 13.3 13.9 14.5 15.1 15.7 16.3 17.1 17.9 18.7 19.7 20.8 22 23.4 24.8 26.4 28 29.6 31.3 33 34.6 36.3 38 39.6 41.3 42.9 44.5 46 47.4 48.7 49.9 50.9 51.8 52.4 52.7
4.83 4.83 4.84 4.86 4.88 4.92 4.96 5.01 5.07 5.15 5.23 5.33 5.44 5.57 5.72 5.89 6.08 6.28 6.5 6.72 6.96 7.2 7.45 7.69 7.92 8.16 8.38 8.61 8.84 9.07 9.31 9.59 9.88 10.2 10.5 10.9 11.3 11.8 12.3 12.7 13.2 13.7 14.3 14.9 15.5 16.2 17.1 18.1 19.2 20.5 21.9 23.5 25.2 26.9 28.7 30.5 32.3 34 35.8 37.5 39.3 41 42.7 44.4 46 47.6 49 50.3 51.4 52.4 53 53.5
4.87 4.87 4.87 4.88 4.9 4.93 4.96 5.01 5.06 5.13 5.2 5.29 5.39 5.5 5.63 5.78 5.95 6.12 6.31 6.51 6.72 6.93 7.15 7.37 7.57 7.77 7.96 8.15 8.35 8.57 8.78 9.03 9.28 9.57 9.87 10.2 10.5 10.9 11.3 11.7 12.1 12.5 13 13.5 14 14.6 15.5 16.4 17.5 18.9 20.4 22.2 24 25.9 27.8 29.7 31.6 33.5 35.3 37.1 38.9 40.8 42.6 44.3 46 47.7 49.3 50.7 52 53 53.7 54.2
4.94 4.94 4.93 4.93 4.95 4.97 4.99 5.03 5.08 5.13 5.2 5.28 5.37 5.47 5.59 5.71 5.86 6.02 6.19 6.36 6.55 6.74 6.93 7.12 7.3 7.47 7.64 7.81 7.97 8.17 8.36 8.58 8.8 9.05 9.31 9.58 9.88 10.2 10.5 10.9 11.2 11.6 11.9 12.4 12.9 13.4 14.2 15 16.1 17.5 19.1 21 23 25 27 29 30.9 32.9 34.8 36.7 38.6 40.5 42.3 44.2 46 47.8 49.5 51.1 52.4 53.6 54.4 54.8
5.02 5.01 5 5 5.01 5.02 5.03 5.06 5.1 5.16 5.21 5.28 5.36 5.45 5.55 5.66 5.79 5.93 6.08 6.23 6.4 6.57 6.73 6.89 7.05 7.2 7.34 7.49 7.63 7.79 7.96 8.16 8.35 8.56 8.77 9 9.24 9.5 9.77 10 10.3 10.6 11 11.4 11.8 12.4 13 13.8 14.7 16.1 17.9 20 22.1 24.2 26.2 28.3 30.3 32.3 34.3 36.2 38.2 40.1 42.1 44 45.9 47.8 49.6 51.4 53 54.3 55.2 55.6
5.1 5.09 5.09 5.09 5.09 5.09 5.11 5.13 5.16 5.21 5.26 5.32 5.39 5.47 5.56 5.66 5.77 5.89 6.03 6.16 6.32 6.47 6.62 6.77 6.91 7.05 7.17 7.31 7.44 7.59 7.74 7.91 8.08 8.26 8.43 8.61 8.8 9 9.2 9.4 9.62 9.86 10.2 10.5 11 11.5 12.2 12.9 13.7 15 17.2 19.4 21.5 23.7 25.7 27.8 29.7 31.8 33.8 35.8 37.7 39.7 41.7 43.7 45.7 47.7 49.7 51.6 53.4 55 56.2 56.6
5.19 5.18 5.18 5.18 5.18 5.18 5.19 5.21 5.23 5.27 5.31 5.37 5.43 5.5 5.58 5.66 5.76 5.87 5.99 6.11 6.25 6.39 6.53 6.67 6.8 6.92 7.03 7.15 7.27 7.41 7.54 7.7 7.84 7.99 8.13 8.27 8.41 8.55 8.69 8.82 8.98 9.15 9.39 9.71 10.2 10.8 11.5 12.4 13.4 14.9 16.9 19.1 21.2 23.3 25.3 27.3 29.3 31.3 33.2 35.3 37.2 39.3 41.3 43.3 45.4 47.4 49.6 51.7 53.7 55.8 57.6 58
5.27 5.27 5.27 5.27 5.27 5.27 5.28 5.29 5.32 5.35 5.39 5.43 5.49 5.55 5.62 5.7 5.79 5.89 6 6.11 6.24 6.38 6.52 6.65 6.77 6.88 6.99 7.1 7.22 7.34 7.46 7.6 7.73 7.86 7.97 8.09 8.2 8.29 8.38 8.46 8.56 8.67 8.84 9.1 9.55 10.2 11.1 12.2 13.6 15.2 17.1 19.1 21.1 23.1 25.1 27 29 30.9 32.8 34.8 36.7 38.7 40.8 42.8 44.9 47 49.2 51.4 53.6 56.1 58.8 59.2
5.35 5.35 5.35 5.36 5.36 5.36 5.37 5.38 5.4 5.43 5.47 5.51 5.56 5.62 5.68 5.75 5.83 5.92 6.02 6.13 6.25 6.38 6.53 6.67 6.78 6.88 6.97 7.08 7.19 7.3 7.42 7.54 7.65 7.77 7.87 7.96 8.04 8.11 8.16 8.2 8.25 8.3 8.4 8.59 8.99 9.71 10.9 12.3 13.9 15.7 17.5 19.4 21.3 23.1 25 26.8 28.7 30.5 32.4 34.3 36.2 38.2 40.2 42.2 44.3 46.4 48.6 50.8 53 55.3 57.3 57.7
5.41 5.42 5.43 5.44 5.44 5.45 5.46 5.48 5.5 5.53 5.56 5.6 5.65 5.7 5.76 5.82 5.9 5.98 6.08 6.18 6.3 6.43 6.58 6.74 6.83 6.92 7 7.11 7.21 7.33 7.44 7.55 7.65 7.76 7.85 7.94 8 8.06 8.09 8.12 8.13 8.15 8.19 8.28 8.56 9.33 10.8 12.6 14.5 16.4 18.2 19.9 21.5 23.2 24.9 26.7 28.4 30.2 32 33.8 35.6 37.6 39.5 41.5 43.6 45.7 47.8 49.9 51.9 53.8 55 55.5
5.46 5.48 5.49 5.51 5.52 5.53 5.55 5.56 5.58 5.62 5.65 5.69 5.73 5.78 5.84 5.9 5.97 6.05 6.14 6.24 6.36 6.48 6.62 6.75 6.86 6.95 7.05 7.15 7.26 7.37 7.48 7.59 7.68 7.78 7.87 7.95 8.01 8.06 8.1 8.12 8.14 8.14 8.18 8.22 8.34 8.99 11 13.1 15.3 17.3 19 20.4 21.9 23.3 24.9 26.5 28.1 29.8 31.5 33.3 35.1 36.9 38.8 40.8 42.8 44.8 46.8 48.8 50.5 52.1 53.1 53.7
5.5 5.52 5.54 5.56 5.59 5.6 5.62 5.64 5.67 5.7 5.74 5.78 5.82 5.87 5.93 5.99 6.06 6.13 6.22 6.32 6.43 6.54 6.67 6.79 6.9 7 7.1 7.22 7.33 7.44 7.55 7.65 7.74 7.84 7.92 8 8.07 8.13 8.18 8.22 8.26 8.31 8.41 8.56 8.9 9.8 11.6 13.7 16.1 18.5 19.7 20.9 22.1 23.4 24.8 26.3 27.9 29.5 31.1 32.7 34.4 36.2 38.1 40 41.9 43.8 45.7 47.5 49.1 50.5 51.4 52
5.51 5.55 5.58 5.61 5.64 5.66 5.69 5.71 5.74 5.78 5.82 5.86 5.9 5.96 6.01 6.08 6.15 6.22 6.31 6.4 6.5 6.61 6.73 6.84 6.95 7.06 7.17 7.29 7.41 7.53 7.64 7.74 7.84 7.93 8.02 8.1 8.17 8.25 8.32 8.4 8.49 8.61 8.81 9.13 9.71 10.7 12.3 14.3 16.5 18.6 19.9 21 22.2 23.4 24.7 26.1 27.6 29.1 30.6 32.2 33.8 35.5 37.3 39.1 41 42.8 44.6 46.3 47.7 49.1 50 50.6
5.52 5.56 5.61 5.64 5.68 5.71 5.75 5.78 5.81 5.85 5.9 5.94 5.99 6.04 6.1 6.17 6.24 6.32 6.4 6.49 6.59 6.69 6.81 6.92 7.04 7.15 7.27 7.39 7.52 7.64 7.76 7.86 7.96 8.06 8.15 8.23 8.32 8.41 8.52 8.63 8.78 8.98 9.28 9.73 10.4 11.5 12.9 14.6 16.5 18.3 19.7 20.9 22.1 23.3 24.6 25.9 27.3 28.7 30.1 31.6 33.1 34.8 36.5 38.3 40 41.8 43.5 45.1 46.5 47.7 48.6 49.3
5.51 5.56 5.61 5.66 5.7 5.74 5.79 5.82 5.86 5.91 5.96 6.01 6.06 6.12 6.19 6.26 6.34 6.42 6.5 6.59 6.69 6.79 6.91 7.02 7.14 7.26 7.38 7.51 7.64 7.77 7.89 8 8.1 8.2 8.3 8.39 8.5 8.61 8.75 8.9 9.11 9.38 9.76 10.3 11 12 13.3 14.9 16.5 18 19.4 20.7 21.9 23.1 24.3 25.6 26.9 28.2 29.6 31 32.5 34 35.7 37.4 39.1 40.8 42.4 43.9 45.2 46.4 47.3 48.1
5.5 5.56 5.62 5.67 5.72 5.77 5.82 5.87 5.92 5.97 6.02 6.07 6.13 6.2 6.27 6.35 6.43 6.52 6.61 6.7 6.8 6.91 7.02 7.14 7.26 7.39 7.51 7.65 7.78 7.91 8.04 8.15 8.26 8.37 8.48 8.58 8.7 8.84 9 9.19 9.44 9.76 10.2 10.8 11.5 12.5 13.7 15 16.4 17.8 19.2 20.4 21.6 22.8 24 25.2 26.4 27.7 29 30.3 31.7 33.2 34.8 36.5 38.1 39.7 41.3 42.8 44.1 45.2 46.1 46.9
5.47 5.53 5.59 5.65 5.71 5.77 5.83 5.88 5.94 5.99 6.06 6.12 6.18 6.26 6.34 6.43 6.52 6.61 6.7 6.8 6.91 7.02 7.15 7.27 7.4 7.53 7.66 7.8 7.94 8.07 8.2 8.32 8.43 8.55 8.66 8.77 8.91 9.07 9.26 9.48 9.77 10.1 10.6 11.2 11.9 12.8 13.9 15.1 16.4 17.7 18.9 20.1 21.3 22.4 23.6 24.7 25.9 27.1 28.4 29.7 31 32.5 34 35.5 37.1 38.7 40.2 41.7 42.9 44.1 45 45.7
5.44 5.5 5.57 5.63 5.69 5.76 5.83 5.89 5.96 6.02 6.09 6.16 6.24 6.32 6.41 6.5 6.6 6.7 6.8 6.91 7.03 7.16 7.29 7.42 7.56 7.69 7.83 7.97 8.11 8.24 8.37 8.5 8.62 8.74 8.86 8.99 9.14 9.32 9.53 9.78 10.1 10.5 11 11.5 12.3 13.1 14.1 15.2 16.3 17.5 18.7 19.8 21 22.1 23.1 24.3 25.4 26.5 27.7 29 30.3 31.7 33.1 34.6 36.1 37.7 39.1 40.6 41.8 43 43.9 44.7
