maui/input/month_year_rainfall/maui_prcp_07_2002.asc
ncols        361
nrows        320
xllcorner    -156.738000000000
yllcorner    20.343000000000
cellsize     0.002250000000
NODATA_value -3.4028234663852885981e+38
[rows 64 to 95 of 320, columns 0 to 70 of 361]
-3.4e+38 -3.4e+38 -3.4e+38 -3.4e+38 -3.4e+38 -3.4e+38 -3.4e+38 -3.4e+38 -3.4e+38 -3.4e+38 -3.4e+38 -3.4e+38 -3.4e+38 -3.4e+38 -3.4e+38 -3.4e+38 -3.4e+38 0.145 0.144 0.143 0.141 0.14 0.137 0.128 0.116 0.108 0.104 0.105 0.111 0.123 0.143 0.169 0.203 0.247 0.336 0.458 0.613 0.792 1.01 1.25 1.51 1.83 2.18 2.57 3 3.49 4.03 4.68 5.33 5.97 6.62 7.39 8.24 9.21 10.3 11.4 12.6 13.9 15 16.2 17.2 18.2 18.9 19.6 20.1 20.7 21.1 21.5 21.7 21.7 21.6
-3.4e+38 -3.4e+38 -3.4e+38 -3.4e+38 -3.4e+38 -3.4e+38 -3.4e+38 -3.4e+38 -3.4e+38 -3.4e+38 -3.4e+38 -3.4e+38 -3.4e+38 -3.4e+38 -3.4e+38 -3.4e+38 -3.4e+38 0.139 0.137 0.136 0.134 0.133 0.129 0.119 0.106 0.0968 0.0901 0.0875 0.089 0.0949 0.107 0.123 0.147 0.184 0.248 0.341 0.47 0.625 0.815 1.03 1.28 1.57 1.9 2.27 2.66 3.12 3.62 4.21 4.82 5.46 6.13 6.94 7.83 8.86 10 11.3 12.5 13.8 15.1 16.4 17.4 18.4 19.2 19.9 20.3 21 21.5 21.9 22.1 22.1 22
-3.4e+38 -3.4e+38 -3.4e+38 -3.4e+38 -3.4e+38 -3.4e+38 -3.4e+38 -3.4e+38 -3.4e+38 -3.4e+38 -3.4e+38 -3.4e+38 -3.4e+38 -3.4e+38 -3.4e+38 -3.4e+38 -3.4e+38 -3.4e+38 0.13 0.128 0.125 0.122 0.115 0.106 0.0944 0.0843 0.0762 0.0713 0.0696 0.0714 0.0777 0.0881 0.105 0.131 0.177 0.247 0.353 0.486 0.651 0.846 1.07 1.33 1.63 1.95 2.31 2.73 3.18 3.73 4.3 4.92 5.61 6.43 7.37 8.44 9.68 11 12.4 13.8 15.2 16.5 17.6 18.7 19.6 20.3 20.9 21.5 22 22.4 22.6 22.6 22.4
-3.4e+38 -3.4e+38 -3.4e+38 -3.4e+38 -3.4e+38 -3.4e+38 -3.4e+38 -3.4e+38 -3.4e+38 -3.4e+38 -3.4e+38 -3.4e+38 -3.4e+38 -3.4e+38 -3.4e+38 -3.4e+38 -3.4e+38 -3.4e+38 -3.4e+38 0.121 0.116 0.111 0.104 0.0939 0.0825 0.0717 0.0625 0.0563 0.0531 0.0525 0.0552 0.0612 0.0722 0.0896 0.119 0.168 0.253 0.361 0.5 0.672 0.876 1.11 1.37 1.66 1.99 2.36 2.77 3.25 3.77 4.38 5.07 5.9 6.87 8 9.3 10.8 12.2 13.7 15.1 16.5 17.8 19 19.9 20.7 21.5 22.1 22.6 22.9 23.1 23 22.8
-3.4e+38 -3.4e+38 -3.4e+38 -3.4e+38 -3.4e+38 -3.4e+38 -3.4e+38 -3.4e+38 -3.4e+38 -3.4e+38 -3.4e+38 -3.4e+38 -3.4e+38 -3.4e+38 -3.4e+38 -3.4e+38 -3.4e+38 -3.4e+38 -3.4e+38 -3.4e+38 0.108 0.102 0.0944 0.0841 0.0721 0.0601 0.0497 0.0436 0.0399 0.038 0.0385 0.0413 0.0483 0.06 0.08 0.115 0.177 0.256 0.367 0.518 0.7 0.907 1.14 1.4 1.69 2.02 2.38 2.8 3.26 3.85 4.53 5.38 6.38 7.55 8.9 10.4 11.9 13.5 15 16.5 17.9 19.2 20.2 21.2 22 22.6 23.1 23.4 23.5 23.4 23.1
-3.4e+38 -3.4e+38 -3.4e+38 -3.4e+38 -3.4e+38 -3.4e+38 -3.4e+38 -3.4e+38 -3.4e+38 -3.4e+38 -3.4e+38 -3.4e+38 -3.4e+38 -3.4e+38 -3.4e+38 -3.4e+38 -3.4e+38 -3.4e+38 -3.4e+38 -3.4e+38 -3.4e+38 0.0938 0.0853 0.0751 0.0633 0.0509 0.0398 0.0345 0.0307 0.0279 0.0268 0.0275 0.0315 0.0397 0.0551 0.0812 0.123 0.177 0.26 0.392 0.553 0.734 0.935 1.16 1.42 1.71 2.03 2.41 2.83 3.37 4.01 4.84 5.83 7.03 8.43 9.99 11.6 13.2 14.8 16.4 17.9 19.3 20.5 21.5 22.4 23.1 23.6 23.9 24 23.8 23.5
-3.4e+38 -3.4e+38 -3.4e+38 -3.4e+38 -3.4e+38 -3.4e+38 -3.4e+38 -3.4e+38 -3.4e+38 -3.4e+38 -3.4e+38 -3.4e+38 -3.4e+38 -3.4e+38 -3.4e+38 -3.4e+38 -3.4e+38 -3.4e+38 -3.4e+38 -3.4e+38 -3.4e+38 -3.4e+38 0.0774 0.0678 0.0572 0.0464 0.0367 0.0303 0.0255 0.0219 0.0196 0.0189 0.0211 0.0269 0.0388 0.0585 0.0894 0.133 0.202 0.304 0.438 0.592 0.764 0.962 1.18 1.44 1.72 2.07 2.46 2.95 3.54 4.31 5.3 6.52 7.94 9.55 11.2 12.9 14.6 16.2 17.8 19.4 20.7 21.8 22.8 23.6 24.1 24.4 24.5 24.3 23.8
-3.4e+38 -3.4e+38 -3.4e+38 -3.4e+38 -3.4e+38 -3.4e+38 -3.4e+38 -3.4e+38 -3.4e+38 -3.4e+38 -3.4e+38 -3.4e+38 -3.4e+38 -3.4e+38 -3.4e+38 -3.4e+38 -3.4e+38 -3.4e+38 -3.4e+38 -3.4e+38 -3.4e+38 -3.4e+38 0.0721 0.0632 0.0536 0.0441 0.0356 0.0288 0.0234 0.019 0.016 0.0145 0.0155 0.0197 0.029 0.0448 0.0698 0.107 0.165 0.245 0.35 0.476 0.621 0.784 0.965 1.19 1.45 1.76 2.11 2.55 3.05 3.79 4.79 6 7.42 9.02 10.7 12.5 14.2 16 17.7 19.3 20.7 22 23.1 23.9 24.5 24.9 24.9 24.6 24.1
-3.4e+38 -3.4e+38 -3.4e+38 -3.4e+38 -3.4e+38 -3.4e+38 -3.4e+38 -3.4e+38 -3.4e+38 -3.4e+38 -3.4e+38 -3.4e+38 -3.4e+38 -3.4e+38 -3.4e+38 -3.4e+38 -3.4e+38 -3.4e+38 -3.4e+38 -3.4e+38 -3.4e+38 -3.4e+38 -3.4e+38 0.0601 0.0513 0.0429 0.0352 0.0287 0.0231 0.0184 0.0151 0.0131 0.0133 0.0161 0.0237 0.0367 0.0574 0.0884 0.136 0.2 0.282 0.383 0.504 0.638 0.787 0.989 1.22 1.51 1.82 2.23 2.71 3.42 4.37 5.54 6.92 8.51 10.2 12 13.8 15.6 17.4 19.1 20.6 22 23.2 24.2 25 25.3 25.4 25 24.3
-3.4e+38 -3.4e+38 -3.4e+38 -3.4e+38 -3.4e+38 -3.4e+38 -3.4e+38 -3.4e+38 -3.4e+38 -3.4e+38 -3.4e+38 -3.4e+38 -3.4e+38 -3.4e+38 -3.4e+38 -3.4e+38 -3.4e+38 -3.4e+38 -3.4e+38 -3.4e+38 -3.4e+38 -3.4e+38 0.0654 0.0578 0.0499 0.0426 0.0356 0.0294 0.0239 0.0193 0.0159 0.0138 0.0135 0.0151 0.0217 0.0329 0.0498 0.0745 0.112 0.161 0.225 0.307 0.407 0.524 0.659 0.832 1.03 1.29 1.58 1.97 2.46 3.12 3.99 5.09 6.42 7.97 9.65 11.5 13.3 15.1 16.9 18.6 20.3 21.8 23.2 24.4 25.3 25.7 25.7 25.2 24.4
-3.4e+38 -3.4e+38 -3.4e+38 -3.4e+38 -3.4e+38 -3.4e+38 -3.4e+38 -3.4e+38 -3.4e+38 -3.4e+38 -3.4e+38 -3.4e+38 -3.4e+38 -3.4e+38 -3.4e+38 -3.4e+38 -3.4e+38 -3.4e+38 -3.4e+38 -3.4e+38 -3.4e+38 -3.4e+38 0.0633 0.0563 0.0491 0.0427 0.0363 0.0304 0.0253 0.021 0.0179 0.016 0.0158 0.0173 0.0229 0.032 0.0452 0.0641 0.0922 0.13 0.181 0.247 0.329 0.431 0.552 0.702 0.878 1.11 1.38 1.76 2.22 2.84 3.65 4.67 5.94 7.44 9.1 10.9 12.7 14.5 16.3 18.1 19.8 21.5 23 24.5 25.6 26.2 26.1 25.4 24.3
-3.4e+38 -3.4e+38 -3.4e+38 -3.4e+38 -3.4e+38 -3.4e+38 -3.4e+38 -3.4e+38 -3.4e+38 -3.4e+38 -3.4e+38 -3.4e+38 -3.4e+38 -3.4e+38 -3.4e+38 -3.4e+38 -3.4e+38 -3.4e+38 -3.4e+38 -3.4e+38 -3.4e+38 -3.4e+38 0.0619 0.0552 0.0485 0.0425 0.0367 0.0315 0.0269 0.0231 0.0205 0.019 0.0193 0.0212 0.026 0.0325 0.0419 0.0553 0.0761 0.105 0.145 0.198 0.266 0.352 0.457 0.589 0.746 0.955 1.21 1.55 1.99 2.56 3.29 4.24 5.44 6.88 8.47 10.2 12 13.8 15.6 17.4 19.1 20.8 22.5 24.3 25.9 26.9 26.4 25.3 24
-3.4e+38 -3.4e+38 -3.4e+38 -3.4e+38 -3.4e+38 -3.4e+38 -3.4e+38 -3.4e+38 -3.4e+38 -3.4e+38 -3.4e+38 -3.4e+38 -3.4e+38 -3.4e+38 -3.4e+38 -3.4e+38 -3.4e+38 -3.4e+38 -3.4e+38 -3.4e+38 -3.4e+38 -3.4e+38 0.0608 0.0546 0.0484 0.0427 0.0374 0.0328 0.0287 0.0253 0.0231 0.022 0.0225 0.0246 0.0291 0.0338 0.0393 0.048 0.0631 0.0851 0.117 0.16 0.217 0.29 0.38 0.496 0.637 0.824 1.06 1.37 1.76 2.27 2.95 3.81 4.93 6.29 7.82 9.48 11.2 13 14.7 16.5 18.2 20 21.8 23.7 25.8 27.7 26.1 24.7 23.4
-3.4e+38 -3.4e+38 -3.4e+38 -3.4e+38 -3.4e+38 -3.4e+38 -3.4e+38 -3.4e+38 -3.4e+38 -3.4e+38 -3.4e+38 -3.4e+38 -3.4e+38 -3.4e+38 -3.4e+38 -3.4e+38 -3.4e+38 -3.4e+38 -3.4e+38 -3.4e+38 -3.4e+38 0.0656 0.0602 0.0545 0.0488 0.0435 0.0385 0.0343 0.0305 0.0275 0.0256 0.0246 0.025 0.0267 0.0306 0.0336 0.036 0.0413 0.0522 0.0691 0.0944 0.13 0.178 0.241 0.319 0.421 0.546 0.712 0.918 1.19 1.54 1.99 2.59 3.37 4.4 5.66 7.1 8.69 10.4 12.1 13.8 15.5 17.1 18.8 20.5 22.3 24.1 25.1 24.6 23.5 22.3
-3.4e+38 -3.4e+38 -3.4e+38 -3.4e+38 -3.4e+38 -3.4e+38 -3.4e+38 -3.4e+38 -3.4e+38 -3.4e+38 -3.4e+38 -3.4e+38 -3.4e+38 -3.4e+38 -3.4e+38 -3.4e+38 -3.4e+38 -3.4e+38 -3.4e+38 -3.4e+38 -3.4e+38 0.0648 0.0598 0.0546 0.0495 0.0445 0.0399 0.0359 0.0323 0.0296 0.0279 0.0267 0.0267 0.0272 0.0288 0.0299 0.0314 0.0349 0.0433 0.0567 0.0775 0.108 0.149 0.204 0.273 0.363 0.473 0.62 0.801 1.04 1.34 1.74 2.26 2.94 3.87 5.02 6.36 7.85 9.44 11.1 12.7 14.3 15.9 17.5 19 20.6 21.9 22.6 22.5 21.8 20.9
-3.4e+38 -3.4e+38 -3.4e+38 -3.4e+38 -3.4e+38 -3.4e+38 -3.4e+38 -3.4e+38 -3.4e+38 -3.4e+38 -3.4e+38 -3.4e+38 -3.4e+38 -3.4e+38 -3.4e+38 -3.4e+38 -3.4e+38 -3.4e+38 -3.4e+38 -3.4e+38 -3.4e+38 0.0642 0.0597 0.055 0.0503 0.0459 0.0416 0.0376 0.034 0.0317 0.0301 0.0286 0.0279 0.0272 0.027 0.0265 0.0269 0.0296 0.0364 0.0474 0.0653 0.0918 0.129 0.178 0.24 0.32 0.417 0.546 0.703 0.908 1.16 1.5 1.94 2.53 3.34 4.38 5.6 6.96 8.47 10.1 11.6 13.1 14.5 16 17.4 18.7 19.7 20.3 20.4 20 19.3
-3.4e+38 -3.4e+38 -3.4e+38 -3.4e+38 -3.4e+38 -3.4e+38 -3.4e+38 -3.4e+38 -3.4e+38 -3.4e+38 -3.4e+38 -3.4e+38 -3.4e+38 -3.4e+38 -3.4e+38 -3.4e+38 -3.4e+38 -3.4e+38 -3.4e+38 -3.4e+38 -3.4e+38 0.0639 0.0598 0.0555 0.0513 0.0474 0.0438 0.0402 0.0368 0.0345 0.0326 0.0305 0.029 0.0274 0.0262 0.0245 0.024 0.0263 0.0319 0.0411 0.0562 0.08 0.115 0.161 0.217 0.289 0.376 0.488 0.622 0.796 1.01 1.29 1.68 2.18 2.88 3.77 4.85 6.05 7.47 8.98 10.4 11.8 13.2 14.5 15.7 16.8 17.7 18.2 18.4 18.2 17.7
-3.4e+38 -3.4e+38 -3.4e+38 -3.4e+38 -3.4e+38 -3.4e+38 -3.4e+38 -3.4e+38 -3.4e+38 -3.4e+38 -3.4e+38 -3.4e+38 -3.4e+38 -3.4e+38 -3.4e+38 -3.4e+38 -3.4e+38 -3.4e+38 -3.4e+38 -3.4e+38 -3.4e+38 -3.4e+38 0.0599 0.056 0.0522 0.0489 0.046 0.0434 0.0409 0.0379 0.0349 0.0321 0.03 0.0278 0.026 0.0242 0.0235 0.0249 0.0297 0.0377 0.0505 0.0723 0.107 0.151 0.204 0.269 0.345 0.443 0.557 0.701 0.877 1.12 1.45 1.88 2.47 3.21 4.13 5.16 6.48 7.9 9.22 10.6 11.8 13 14.1 15.1 15.8 16.3 16.5 16.4 16.1
-3.4e+38 -3.4e+38 -3.4e+38 -3.4e+38 -3.4e+38 -3.4e+38 -3.4e+38 -3.4e+38 -3.4e+38 -3.4e+38 -3.4e+38 -3.4e+38 -3.4e+38 -3.4e+38 -3.4e+38 -3.4e+38 -3.4e+38 -3.4e+38 -3.4e+38 -3.4e+38 -3.4e+38 -3.4e+38 -3.4e+38 0.0565 0.0532 0.0502 0.0478 0.0461 0.0445 0.0406 0.0368 0.0334 0.0309 0.0283 0.0263 0.0245 0.0237 0.0248 0.0295 0.0377 0.0511 0.0731 0.107 0.149 0.198 0.258 0.326 0.41 0.507 0.628 0.768 0.957 1.27 1.67 2.17 2.77 3.55 4.44 5.64 6.93 8.12 9.32 10.4 11.5 12.5 13.4 14.1 14.6 14.8 14.8 14.6
-3.4e+38 -3.4e+38 -3.4e+38 -3.4e+38 -3.4e+38 -3.4e+38 -3.4e+38 -3.4e+38 -3.4e+38 -3.4e+38 -3.4e+38 -3.4e+38 -3.4e+38 -3.4e+38 -3.4e+38 -3.4e+38 -3.4e+38 -3.4e+38 -3.4e+38 -3.4e+38 -3.4e+38 -3.4e+38 -3.4e+38 -3.4e+38 0.0537 0.0509 0.0486 0.0468 0.0447 0.041 0.0373 0.0339 0.0312 0.0286 0.0264 0.0245 0.0237 0.0247 0.0297 0.0392 0.0556 0.0795 0.112 0.152 0.198 0.252 0.313 0.386 0.471 0.575 0.7 0.878 1.15 1.5 1.91 2.39 3.03 3.78 4.85 6.02 7.08 8.15 9.15 10.1 11 11.8 12.5 13 13.3 13.3 13.2
-3.4e+38 -3.4e+38 -3.4e+38 -3.4e+38 -3.4e+38 -3.4e+38 -3.4e+38 -3.4e+38 -3.4e+38 -3.4e+38 -3.4e+38 -3.4e+38 -3.4e+38 -3.4e+38 -3.4e+38 -3.4e+38 -3.4e+38 -3.4e+38 -3.4e+38 -3.4e+38 -3.4e+38 -3.4e+38 -3.4e+38 -3.4e+38 -3.4e+38 0.0513 0.0487 0.0464 0.0438 0.0406 0.0374 0.0342 0.0316 0.0289 0.0266 0.0248 0.0241 0.0251 0.03 0.0407 0.0595 0.085 0.116 0.155 0.199 0.25 0.307 0.372 0.447 0.542 0.66 0.829 1.06 1.36 1.72 2.13 2.7 3.37 4.28 5.28 6.2 7.14 8.03 8.9 9.72 10.5 11.1 11.5 11.9 12 12
-3.4e+38 -3.4e+38 -3.4e+38 -3.4e+38 -3.4e+38 -3.4e+38 -3.4e+38 -3.4e+38 -3.4e+38 -3.4e+38 -3.4e+38 -3.4e+38 -3.4e+38 -3.4e+38 -3.4e+38 -3.4e+38 -3.4e+38 -3.4e+38 -3.4e+38 -3.4e+38 -3.4e+38 -3.4e+38 -3.4e+38 -3.4e+38 -3.4e+38 0.0512 0.0484 0.0456 0.0429 0.04 0.0371 0.0341 0.0316 0.0291 0.0269 0.0252 0.0244 0.0254 0.0296 0.041 0.0617 0.088 0.118 0.156 0.199 0.248 0.302 0.361 0.427 0.513 0.622 0.773 0.973 1.23 1.54 1.91 2.4 3 3.76 4.59 5.39 6.21 6.99 7.78 8.52 9.21 9.8 10.3 10.6 10.8 10.8
-3.4e+38 -3.4e+38 -3.4e+38 -3.4e+38 -3.4e+38 -3.4e+38 -3.4e+38 -3.4e+38 -3.4e+38 -3.4e+38 -3.4e+38 -3.4e+38 -3.4e+38 -3.4e+38 -3.4e+38 -3.4e+38 -3.4e+38 -3.4e+38 -3.4e+38 -3.4e+38 -3.4e+38 -3.4e+38 -3.4e+38 -3.4e+38 -3.4e+38 -3.4e+38 0.048 0.0451 0.0424 0.0396 0.0369 0.0342 0.032 0.0297 0.0278 0.0261 0.0253 0.0266 0.0319 0.0436 0.0638 0.0894 0.117 0.153 0.192 0.242 0.296 0.35 0.411 0.489 0.586 0.72 0.892 1.11 1.38 1.7 2.13 2.66 3.31 4.02 4.72 5.44 6.14 6.84 7.53 8.17 8.72 9.16 9.49 9.72 9.83
-3.4e+38 -3.4e+38 -3.4e+38 -3.4e+38 -3.4e+38 -3.4e+38 -3.4e+38 -3.4e+38 -3.4e+38 -3.4e+38 -3.4e+38 -3.4e+38 -3.4e+38 -3.4e+38 -3.4e+38 -3.4e+38 -3.4e+38 -3.4e+38 -3.4e+38 -3.4e+38 -3.4e+38 -3.4e+38 -3.4e+38 -3.4e+38 -3.4e+38 -3.4e+38 -3.4e+38 0.0445 0.0418 0.0391 0.0367 0.0342 0.0322 0.03 0.0281 0.0263 0.0252 0.0268 0.0327 0.0438 0.0625 0.0869 0.11 0.141 0.176 0.228 0.284 0.336 0.392 0.461 0.546 0.662 0.809 0.998 1.23 1.51 1.89 2.35 2.9 3.5 4.11 4.74 5.37 6.01 6.64 7.23 7.74 8.17 8.5 8.76 8.93
-3.4e+38 -3.4e+38 -3.4e+38 -3.4e+38 -3.4e+38 -3.4e+38 -3.4e+38 -3.4e+38 -3.4e+38 -3.4e+38 -3.4e+38 -3.4e+38 -3.4e+38 -3.4e+38 -3.4e+38 -3.4e+38 -3.4e+38 -3.4e+38 -3.4e+38 -3.4e+38 -3.4e+38 -3.4e+38 -3.4e+38 -3.4e+38 -3.4e+38 -3.4e+38 -3.4e+38 -3.4e+38 0.0412 0.0387 0.0365 0.0343 0.0326 0.0307 0.0286 0.0262 0.0246 0.0264 0.0322 0.0422 0.0588 0.0819 0.0994 0.122 0.149 0.202 0.26 0.314 0.37 0.432 0.506 0.604 0.729 0.89 1.09 1.34 1.67 2.08 2.55 3.06 3.6 4.16 4.72 5.3 5.89 6.43 6.91 7.32 7.66 7.94 8.14
-3.4e+38 -3.4e+38 -3.4e+38 -3.4e+38 -3.4e+38 -3.4e+38 -3.4e+38 -3.4e+38 -3.4e+38 -3.4e+38 -3.4e+38 -3.4e+38 -3.4e+38 -3.4e+38 -3.4e+38 -3.4e+38 -3.4e+38 -3.4e+38 -3.4e+38 -3.4e+38 -3.4e+38 -3.4e+38 -3.4e+38 -3.4e+38 -3.4e+38 -3.4e+38 -3.4e+38 -3.4e+38 0.0406 0.0381 0.036 0.0341 0.0328 0.0313 0.029 0.0261 0.0238 0.0256 0.0305 0.0381 0.05 0.0646 0.0763 0.094 0.115 0.168 0.227 0.285 0.344 0.399 0.463 0.545 0.648 0.784 0.96 1.18 1.48 1.83 2.24 2.68 3.15 3.64 4.15 4.67 5.21 5.71 6.15 6.55 6.9 7.2 7.43
-3.4e+38 -3.4e+38 -3.4e+38 -3.4e+38 -3.4e+38 -3.4e+38 -3.4e+38 -3.4e+38 -3.4e+38 -3.4e+38 -3.4e+38 -3.4e+38 -3.4e+38 -3.4e+38 -3.4e+38 -3.4e+38 -3.4e+38 -3.4e+38 -3.4e+38 -3.4e+38 -3.4e+38 -3.4e+38 -3.4e+38 -3.4e+38 -3.4e+38 -3.4e+38 -3.4e+38 -3.4e+38 -3.4e+38 0.0374 0.0354 0.0336 0.0324 0.0312 0.0291 0.0267 0.0251 0.0258 0.029 0.0341 0.0415 0.0486 0.0538 0.0658 0.0807 0.13 0.185 0.25 0.312 0.364 0.42 0.488 0.57 0.682 0.837 1.04 1.31 1.62 1.98 2.37 2.78 3.21 3.65 4.12 4.61 5.07 5.49 5.87 6.22 6.54 6.8
-3.4e+38 -3.4e+38 -3.4e+38 -3.4e+38 -3.4e+38 -3.4e+38 -3.4e+38 -3.4e+38 -3.4e+38 -3.4e+38 -3.4e+38 -3.4e+38 -3.4e+38 -3.4e+38 -3.4e+38 -3.4e+38 -3.4e+38 -3.4e+38 -3.4e+38 -3.4e+38 -3.4e+38 -3.4e+38 -3.4e+38 -3.4e+38 -3.4e+38 -3.4e+38 -3.4e+38 -3.4e+38 -3.4e+38 -3.4e+38 0.0343 0.0325 0.0312 0.0298 0.0284 0.0268 0.0257 0.0257 0.0275 0.0304 0.0345 0.0374 0.039 0.0468 0.0573 0.101 0.149 0.217 0.281 0.33 0.38 0.434 0.497 0.584 0.721 0.912 1.16 1.44 1.75 2.1 2.45 2.83 3.23 3.64 4.08 4.5 4.89 5.26 5.6 5.92 6.22
-3.4e+38 -3.4e+38 -3.4e+38 -3.4e+38 -3.4e+38 -3.4e+38 -3.4e+38 -3.4e+38 -3.4e+38 -3.4e+38 -3.4e+38 -3.4e+38 -3.4e+38 -3.4e+38 -3.4e+38 -3.4e+38 -3.4e+38 -3.4e+38 -3.4e+38 -3.4e+38 -3.4e+38 -3.4e+38 -3.4e+38 -3.4e+38 -3.4e+38 -3.4e+38 -3.4e+38 -3.4e+38 -3.4e+38 -3.4e+38 -3.4e+38 0.0311 0.0298 0.0285 0.0274 0.0264 0.0254 0.0252 0.0262 0.0275 0.0293 0.0302 0.0306 0.0363 0.0445 0.0803 0.121 0.187 0.25 0.298 0.345 0.39 0.437 0.494 0.625 0.809 1.03 1.28 1.55 1.86 2.18 2.51 2.86 3.23 3.61 3.99 4.36 4.71 5.04 5.37 5.68
-3.4e+38 -3.4e+38 -3.4e+38 -3.4e+38 -3.4e+38 -3.4e+38 -3.4e+38 -3.4e+38 -3.4e+38 -3.4e+38 -3.4e+38 -3.4e+38 -3.4e+38 -3.4e+38 -3.4e+38 -3.4e+38 -3.4e+38 -3.4e+38 -3.4e+38 -3.4e+38 -3.4e+38 -3.4e+38 -3.4e+38 -3.4e+38 -3.4e+38 -3.4e+38 -3.4e+38 -3.4e+38 -3.4e+38 -3.4e+38 -3.4e+38 -3.4e+38 0.0284 0.0273 0.0265 0.0259 0.0255 0.0255 0.0265 0.0273 0.0276 0.0278 0.0294 0.0337 0.0394 0.0651 0.0944 0.156 0.216 0.267 0.314 0.358 0.403 0.462 0.577 0.737 0.928 1.14 1.38 1.65 1.93 2.23 2.53 2.86 3.2 3.54 3.87 4.2 4.52 4.85 5.17
-3.4e+38 -3.4e+38 -3.4e+38 -3.4e+38 -3.4e+38 -3.4e+38 -3.4e+38 -3.4e+38 -3.4e+38 -3.4e+38 -3.4e+38 -3.4e+38 -3.4e+38 -3.4e+38 -3.4e+38 -3.4e+38 -3.4e+38 -3.4e+38 -3.4e+38 -3.4e+38 -3.4e+38 -3.4e+38 -3.4e+38 -3.4e+38 -3.4e+38 -3.4e+38 -3.4e+38 -3.4e+38 -3.4e+38 -3.4e+38 -3.4e+38 -3.4e+38 -3.4e+38 0.0259 0.0255 0.0252 0.0255 0.0262 0.0279 0.0292 0.0297 0.0303 0.0326 0.0353 0.0382 0.0524 0.0689 0.125 0.179 0.235 0.286 0.332 0.384 0.453 0.553 0.685 0.842 1.02 1.23 1.46 1.7 1.96 2.23 2.52 2.82 3.12 3.42 3.72 4.03 4.35 4.67
-3.4e+38 -3.4e+38 -3.4e+38 -3.4e+38 -3.4e+38 -3.4e+38 -3.4e+38 -3.4e+38 -3.4e+38 -3.4e+38 -3.4e+38 -3.4e+38 -3.4e+38 -3.4e+38 -3.4e+38 -3.4e+38 -3.4e+38 -3.4e+38 -3.4e+38 -3.4e+38 -3.4e+38 -3.4e+38 -3.4e+38 -3.4e+38 -3.4e+38 -3.4e+38 -3.4e+38 -3.4e+38 -3.4e+38 -3.4e+38 -3.4e+38 -3.4e+38 -3.4e+38 -3.4e+38 -3.4e+38 0.0247 0.0255 0.0269 0.0294 0.0317 0.0324 0.0328 0.0341 0.0367 0.0399 0.0511 0.0639 0.104 0.146 0.201 0.254 0.301 0.357 0.43 0.522 0.637 0.77 0.919 1.1 1.29 1.5 1.73 1.96 2.22 2.48 2.74 3.01 3.28 3.55 3.86 4.19
