maui/input/month_year_rainfall/maui_prcp_04_2001.asc
ncols        361
nrows        320
xllcorner    -156.738000000000
yllcorner    20.343000000000
cellsize     0.002250000000
NODATA_value -3.4028234663852885981e+38
[rows 64 to 95 of 320, columns 72 to 143 of 361]
12.1 11.6 11.2 10.7 10.2 9.65 9.1 8.54 7.98 7.44 6.9 6.37 5.85 5.36 4.88 4.42 3.98 3.57 3.19 2.82 2.49 2.18 1.89 1.66 1.45 1.29 1.13 1.01 0.893 0.804 0.737 0.688 0.647 0.609 0.576 0.545 0.52 0.496 0.475 -3.4e+38 -3.4e+38 -3.4e+38 -3.4e+38 -3.4e+38 -3.4e+38 -3.4e+38 -3.4e+38 -3.4e+38 -3.4e+38 -3.4e+38 -3.4e+38 -3.4e+38 -3.4e+38 -3.4e+38 -3.4e+38 -3.4e+38 -3.4e+38 -3.4e+38 -3.4e+38 -3.4e+38 -3.4e+38 -3.4e+38 -3.4e+38 -3.4e+38 -3.4e+38 -3.4e+38 -3.4e+38 -3.4e+38 -3.4e+38 -3.4e+38 -3.4e+38 -3.4e+38
12.5 12 11.5 11 10.4 9.86 9.28 8.7 8.13 7.56 7 6.46 5.94 5.43 4.94 4.47 4.03 3.62 3.23 2.86 2.51 2.2 1.91 1.68 1.46 1.3 1.14 1.01 0.895 0.801 0.734 0.686 0.644 0.607 0.573 0.541 0.515 0.491 -3.4e+38 -3.4e+38 -3.4e+38 -3.4e+38 -3.4e+38 -3.4e+38 -3.4e+38 -3.4e+38 -3.4e+38 -3.4e+38 -3.4e+38 -3.4e+38 -3.4e+38 -3.4e+38 -3.4e+38 -3.4e+38 -3.4e+38 -3.4e+38 -3.4e+38 -3.4e+38 -3.4e+38 -3.4e+38 -3.4e+38 -3.4e+38 -3.4e+38 -3.4e+38 -3.4e+38 -3.4e+38 -3.4e+38 -3.4e+38 -3.4e+38 -3.4e+38 -3.4e+38 -3.4e+38
12.9 12.4 11.8 11.3 10.7 10.1 9.46 8.85 8.25 7.66 7.09 6.54 6 5.49 4.99 4.52 4.07 3.65 3.26 2.88 2.54 2.22 1.92 1.69 1.47 1.3 1.15 1.02 0.902 0.809 0.737 0.687 0.643 0.606 0.571 0.538 0.511 0.486 0.463 -3.4e+38 -3.4e+38 -3.4e+38 -3.4e+38 -3.4e+38 -3.4e+38 -3.4e+38 -3.4e+38 -3.4e+38 -3.4e+38 -3.4e+38 -3.4e+38 -3.4e+38 -3.4e+38 -3.4e+38 -3.4e+38 -3.4e+38 -3.4e+38 -3.4e+38 -3.4e+38 -3.4e+38 -3.4e+38 -3.4e+38 -3.4e+38 -3.4e+38 -3.4e+38 -3.4e+38 -3.4e+38 -3.4e+38 -3.4e+38 -3.4e+38 -3.4e+38 -3.4e+38
13.3 12.7 12.1 11.5 10.9 10.2 9.61 8.97 8.35 7.74 7.16 6.59 6.05 5.52 5.02 4.55 4.1 3.67 3.28 2.9 2.55 2.23 1.94 1.7 1.48 1.31 1.16 1.03 0.91 0.816 0.742 0.689 0.644 0.605 0.569 0.535 0.507 0.481 0.458 0.436 0.415 0.395 -3.4e+38 -3.4e+38 -3.4e+38 -3.4e+38 -3.4e+38 -3.4e+38 -3.4e+38 -3.4e+38 -3.4e+38 -3.4e+38 -3.4e+38 -3.4e+38 -3.4e+38 -3.4e+38 -3.4e+38 -3.4e+38 -3.4e+38 -3.4e+38 -3.4e+38 -3.4e+38 -3.4e+38 -3.4e+38 -3.4e+38 -3.4e+38 0.386 0.4 0.415 0.432 -3.4e+38 -3.4e+38
13.6 13 12.4 11.7 11.1 10.4 9.72 9.06 8.42 7.8 7.2 6.63 6.07 5.54 5.04 4.56 4.11 3.69 3.29 2.92 2.56 2.24 1.95 1.71 1.49 1.32 1.16 1.03 0.916 0.823 0.748 0.691 0.644 0.604 0.568 0.534 0.505 0.477 0.453 0.43 0.409 0.389 -3.4e+38 -3.4e+38 -3.4e+38 -3.4e+38 -3.4e+38 -3.4e+38 -3.4e+38 -3.4e+38 -3.4e+38 -3.4e+38 -3.4e+38 -3.4e+38 -3.4e+38 -3.4e+38 -3.4e+38 -3.4e+38 -3.4e+38 -3.4e+38 -3.4e+38 -3.4e+38 -3.4e+38 -3.4e+38 0.353 0.363 0.375 0.388 0.403 0.42 0.438 0.457
13.9 13.3 12.6 11.9 11.2 10.5 9.79 9.11 8.45 7.81 7.2 6.62 6.06 5.53 5.03 4.55 4.1 3.68 3.29 2.92 2.57 2.25 1.95 1.71 1.49 1.32 1.16 1.04 0.921 0.827 0.75 0.691 0.643 0.602 0.566 0.532 0.502 0.473 0.448 0.425 0.403 0.383 0.366 -3.4e+38 -3.4e+38 -3.4e+38 -3.4e+38 -3.4e+38 -3.4e+38 -3.4e+38 -3.4e+38 -3.4e+38 -3.4e+38 -3.4e+38 -3.4e+38 -3.4e+38 -3.4e+38 -3.4e+38 -3.4e+38 -3.4e+38 -3.4e+38 -3.4e+38 -3.4e+38 0.335 0.344 0.354 0.365 0.378 0.392 0.408 0.426 0.444
14.2 13.5 12.8 12 11.3 10.5 9.82 9.12 8.45 7.8 7.18 6.59 6.03 5.5 5 4.53 4.08 3.66 3.27 2.91 2.57 2.25 1.96 1.71 1.48 1.32 1.16 1.04 0.925 0.83 0.751 0.69 0.64 0.599 0.563 0.53 0.499 0.469 0.444 0.419 0.398 0.378 0.361 -3.4e+38 -3.4e+38 -3.4e+38 -3.4e+38 -3.4e+38 -3.4e+38 -3.4e+38 -3.4e+38 -3.4e+38 -3.4e+38 -3.4e+38 -3.4e+38 -3.4e+38 -3.4e+38 -3.4e+38 -3.4e+38 -3.4e+38 -3.4e+38 0.311 0.318 0.326 0.335 0.345 0.356 0.368 0.381 0.397 0.414 0.432
14.3 13.6 12.8 12 11.3 10.5 9.78 9.07 8.39 7.74 7.12 6.53 5.97 5.44 4.94 4.48 4.04 3.62 3.24 2.88 2.55 2.24 1.95 1.71 1.49 1.32 1.16 1.04 0.928 0.832 0.752 0.689 0.638 0.597 0.561 0.527 0.496 0.466 0.44 0.415 0.393 0.373 0.356 -3.4e+38 -3.4e+38 0.32 0.311 -3.4e+38 -3.4e+38 -3.4e+38 -3.4e+38 -3.4e+38 -3.4e+38 -3.4e+38 -3.4e+38 -3.4e+38 -3.4e+38 -3.4e+38 -3.4e+38 0.292 0.297 0.303 0.31 0.318 0.326 0.336 0.346 0.358 0.371 0.386 0.402 0.419
14.4 13.6 12.8 12 11.2 10.4 9.7 8.98 8.3 7.65 7.02 6.43 5.88 5.36 4.87 4.41 3.98 3.57 3.2 2.85 2.52 2.22 1.95 1.71 1.48 1.31 1.16 1.04 0.929 0.832 0.751 0.687 0.635 0.594 0.558 0.524 0.493 0.462 0.436 0.41 0.389 0.369 0.352 0.338 0.326 0.316 0.308 0.301 0.295 0.29 -3.4e+38 -3.4e+38 -3.4e+38 -3.4e+38 -3.4e+38 -3.4e+38 0.277 0.279 0.282 0.286 0.291 0.296 0.303 0.31 0.318 0.327 0.337 0.348 0.361 0.375 0.39 0.407
14.4 13.5 12.7 11.9 11.1 10.3 9.55 8.84 8.16 7.51 6.89 6.3 5.76 5.25 4.77 4.32 3.9 3.5 3.14 2.8 2.48 2.19 1.92 1.69 1.47 1.31 1.15 1.03 0.918 0.823 0.743 0.68 0.63 0.589 0.554 0.52 0.489 0.458 0.431 0.405 0.383 0.364 0.348 0.334 0.323 -3.4e+38 -3.4e+38 0.299 0.293 0.288 0.284 0.28 0.277 0.275 0.273 0.272 0.273 0.274 0.277 0.28 0.285 0.29 0.296 0.302 0.31 0.318 0.328 0.339 0.351 0.364 0.379 0.394
14.3 13.4 12.5 11.7 10.9 10.1 9.35 8.65 7.97 7.34 6.72 6.15 5.61 5.11 4.65 4.21 3.8 3.42 3.07 2.74 2.43 2.16 1.89 1.67 1.46 1.29 1.14 1.02 0.906 0.812 0.733 0.672 0.623 0.583 0.549 0.516 0.484 0.453 0.426 0.4 0.378 0.359 0.344 0.33 0.319 -3.4e+38 -3.4e+38 0.296 0.291 0.287 0.282 0.278 0.274 0.272 0.269 0.268 0.268 0.269 0.271 0.274 0.278 0.283 0.289 0.295 0.302 0.31 0.319 0.329 0.341 0.353 0.367 0.381
14 13.1 12.2 11.4 10.6 9.82 9.09 8.4 7.74 7.12 6.52 5.96 5.44 4.96 4.51 4.09 3.69 3.33 2.99 2.67 2.38 2.11 1.86 1.64 1.44 1.27 1.12 1 0.893 0.801 0.723 0.664 0.616 0.576 0.543 0.51 0.478 0.447 0.42 0.395 0.373 0.354 0.339 0.326 0.315 0.306 0.299 0.294 0.289 0.286 0.281 0.276 0.272 0.269 0.266 0.264 0.264 0.264 0.266 0.269 0.273 0.277 0.282 0.288 0.295 0.302 0.311 0.32 0.331 0.342 0.355 0.369
13.5 12.6 11.8 11 10.2 9.49 8.78 8.11 7.47 6.87 6.3 5.75 5.26 4.79 4.36 3.95 3.57 3.22 2.9 2.6 2.32 2.06 1.82 1.61 1.41 1.25 1.1 0.985 0.878 0.786 0.71 0.653 0.606 0.566 0.534 0.502 0.47 0.44 0.413 0.389 0.368 0.349 0.335 0.322 0.311 0.302 0.295 0.29 0.286 0.283 0.278 0.273 0.269 0.265 0.262 0.26 0.259 0.259 0.261 0.263 0.267 0.271 0.276 0.282 0.288 0.294 0.302 0.311 0.321 0.332 0.343 0.356
12.9 12.1 11.3 10.5 9.8 9.09 8.41 7.77 7.17 6.59 6.04 5.53 5.05 4.61 4.19 3.81 3.44 3.11 2.8 2.52 2.26 2.01 1.78 1.58 1.38 1.23 1.08 0.964 0.859 0.769 0.695 0.64 0.593 0.554 0.521 0.489 0.46 0.431 0.406 0.382 0.362 0.344 0.33 0.317 0.306 0.298 0.291 0.286 0.281 0.278 0.273 0.269 0.265 0.262 0.258 0.256 0.255 0.254 0.256 0.258 0.261 0.265 0.27 0.275 0.28 0.287 0.294 0.302 0.311 0.321 0.332 0.344
12.2 11.4 10.7 10 9.31 8.64 8.01 7.41 6.84 6.29 5.77 5.29 4.84 4.42 4.03 3.66 3.31 2.99 2.7 2.44 2.19 1.96 1.74 1.54 1.35 1.2 1.06 0.942 0.837 0.752 0.68 0.625 0.58 0.54 0.507 0.477 0.449 0.421 0.397 0.374 0.355 0.338 0.324 0.312 0.301 0.293 0.286 0.281 0.276 0.272 0.268 0.265 0.261 0.258 0.254 0.251 0.25 0.249 0.25 0.252 0.255 0.259 0.263 0.268 0.273 0.279 0.285 0.293 0.301 0.31 0.32 0.331
11.4 10.7 10.1 9.4 8.77 8.16 7.58 7.02 6.49 5.98 5.5 5.04 4.62 4.23 3.86 3.52 3.19 2.87 2.6 2.36 2.13 1.91 1.69 1.5 1.32 1.17 1.03 0.918 0.815 0.734 0.665 0.611 0.566 0.527 0.494 0.465 0.438 0.411 0.388 0.366 0.348 0.332 0.319 0.307 0.296 0.288 0.281 0.276 0.271 0.267 0.262 0.259 0.256 0.252 0.249 0.246 0.244 0.244 0.244 0.246 0.249 0.252 0.256 0.26 0.265 0.27 0.277 0.283 0.291 0.299 0.308 0.318
10.5 9.94 9.36 8.77 8.2 7.65 7.13 6.62 6.14 5.67 5.22 4.79 4.39 4.04 3.7 3.38 3.08 2.78 2.52 2.3 2.08 1.86 1.65 1.47 1.29 1.15 1.01 0.898 0.795 0.716 0.649 0.596 0.552 0.513 0.481 0.452 0.426 0.401 0.379 0.358 0.341 0.325 0.313 0.301 0.291 0.283 0.276 0.27 0.265 0.26 0.256 0.253 0.249 0.246 0.242 0.24 0.238 0.238 0.238 0.239 0.242 0.245 0.249 0.253 0.257 0.262 0.268 0.274 0.281 0.288 0.297 0.306
9.67 9.16 8.65 8.12 7.62 7.14 6.67 6.22 5.79 5.36 4.95 4.56 4.19 3.86 3.56 3.26 2.98 2.71 2.47 2.24 2.03 1.82 1.62 1.44 1.26 1.12 0.992 0.88 0.779 0.7 0.633 0.581 0.538 0.5 0.469 0.441 0.415 0.391 0.37 0.35 0.334 0.318 0.306 0.296 0.286 0.278 0.27 0.264 0.259 0.254 0.249 0.246 0.242 0.238 0.235 0.233 0.231 0.231 0.231 0.233 0.235 0.238 0.241 0.245 0.249 0.254 0.259 0.265 0.271 0.278 0.285 0.294
8.82 8.39 7.94 7.49 7.05 6.63 6.23 5.84 5.45 5.07 4.7 4.35 4.02 3.72 3.43 3.16 2.89 2.65 2.41 2.19 1.98 1.78 1.58 1.4 1.24 1.1 0.973 0.865 0.766 0.687 0.618 0.564 0.524 0.487 0.457 0.429 0.405 0.381 0.361 0.343 0.327 0.312 0.3 0.29 0.281 0.272 0.265 0.258 0.252 0.247 0.242 0.238 0.234 0.231 0.227 0.225 0.224 0.224 0.224 0.226 0.228 0.23 0.234 0.237 0.241 0.245 0.25 0.255 0.261 0.267 0.274 0.282
8 7.63 7.25 6.87 6.49 6.13 5.79 5.46 5.12 4.79 4.47 4.16 3.86 3.58 3.31 3.06 2.81 2.58 2.35 2.14 1.93 1.74 1.54 1.37 1.21 1.08 0.954 0.85 0.755 0.676 0.608 0.555 0.513 0.476 0.446 0.418 0.395 0.372 0.353 0.335 0.32 0.306 0.294 0.284 0.275 0.267 0.259 0.252 0.246 0.241 0.235 0.231 0.226 0.223 0.219 0.218 0.217 0.217 0.217 0.219 0.221 0.223 0.226 0.229 0.233 0.236 0.241 0.245 0.251 0.256 0.263 0.27
7.22 6.9 6.58 6.26 5.95 5.66 5.38 5.1 4.81 4.53 4.25 3.97 3.71 3.45 3.2 2.96 2.73 2.51 2.29 2.09 1.89 1.69 1.51 1.34 1.18 1.06 0.933 0.832 0.74 0.664 0.599 0.547 0.504 0.467 0.436 0.408 0.385 0.363 0.345 0.327 0.312 0.299 0.288 0.278 0.269 0.261 0.252 0.246 0.239 0.233 0.228 0.223 0.219 0.214 0.211 0.209 0.209 0.209 0.21 0.211 0.213 0.215 0.218 0.221 0.224 0.227 0.231 0.235 0.24 0.246 0.252 0.258
6.49 6.22 5.93 5.66 5.43 5.21 4.99 4.76 4.52 4.28 4.03 3.8 3.56 3.32 3.09 2.87 2.65 2.44 2.24 2.04 1.84 1.65 1.47 1.31 1.16 1.03 0.912 0.814 0.725 0.652 0.589 0.539 0.496 0.459 0.428 0.399 0.376 0.354 0.336 0.32 0.305 0.292 0.281 0.272 0.263 0.255 0.246 0.239 0.232 0.227 0.221 0.216 0.212 0.207 0.203 0.202 0.202 0.202 0.202 0.203 0.205 0.207 0.21 0.212 0.215 0.218 0.222 0.226 0.23 0.235 0.241 0.247
5.84 5.6 5.33 5.09 4.95 4.8 4.64 4.46 4.26 4.05 3.84 3.63 3.41 3.2 2.99 2.78 2.58 2.38 2.18 1.99 1.8 1.61 1.43 1.27 1.12 1 0.89 0.796 0.71 0.64 0.578 0.529 0.487 0.45 0.418 0.389 0.366 0.345 0.328 0.312 0.297 0.285 0.274 0.265 0.256 0.248 0.24 0.232 0.226 0.22 0.214 0.209 0.205 0.201 0.197 0.195 0.194 0.194 0.195 0.195 0.197 0.199 0.201 0.204 0.207 0.209 0.212 0.216 0.22 0.225 0.23 0.236
5.26 5.06 4.85 4.67 4.56 4.45 4.32 4.18 4.01 3.84 3.66 3.47 3.28 3.09 2.89 2.7 2.5 2.31 2.12 1.94 1.75 1.57 1.39 1.24 1.09 0.976 0.866 0.776 0.693 0.625 0.566 0.518 0.476 0.44 0.408 0.379 0.357 0.336 0.32 0.304 0.29 0.277 0.267 0.258 0.25 0.241 0.233 0.226 0.219 0.213 0.208 0.203 0.198 0.194 0.191 0.189 0.188 0.187 0.187 0.188 0.189 0.19 0.192 0.195 0.197 0.2 0.203 0.206 0.21 0.215 0.22 0.225
4.75 4.61 4.46 4.33 4.24 4.15 4.05 3.93 3.79 3.65 3.49 3.33 3.15 2.98 2.79 2.61 2.43 2.25 2.06 1.88 1.7 1.52 1.34 1.19 1.05 0.944 0.838 0.752 0.673 0.607 0.55 0.504 0.464 0.428 0.397 0.369 0.347 0.327 0.311 0.295 0.282 0.27 0.26 0.251 0.243 0.234 0.226 0.219 0.212 0.207 0.201 0.196 0.192 0.188 0.184 0.182 0.181 0.18 0.179 0.18 0.181 0.182 0.184 0.186 0.188 0.19 0.193 0.196 0.2 0.204 0.209 0.214
4.3 4.2 4.11 4.03 3.95 3.88 3.8 3.71 3.6 3.47 3.33 3.19 3.03 2.88 2.7 2.53 2.36 2.19 2.01 1.83 1.65 1.47 1.3 1.15 1.02 0.909 0.809 0.727 0.651 0.588 0.533 0.489 0.451 0.416 0.386 0.359 0.337 0.317 0.302 0.287 0.274 0.262 0.253 0.244 0.235 0.227 0.219 0.212 0.206 0.2 0.194 0.19 0.185 0.181 0.178 0.175 0.174 0.172 0.172 0.172 0.173 0.173 0.175 0.177 0.179 0.181 0.183 0.186 0.19 0.194 0.199 0.203
3.89 3.84 3.78 3.73 3.69 3.64 3.58 3.51 3.41 3.31 3.19 3.07 2.92 2.78 2.62 2.46 2.29 2.12 1.95 1.78 1.6 1.42 1.24 1.1 0.972 0.873 0.779 0.702 0.629 0.569 0.516 0.474 0.436 0.403 0.374 0.348 0.327 0.308 0.292 0.278 0.266 0.254 0.245 0.236 0.228 0.22 0.212 0.205 0.199 0.193 0.188 0.183 0.179 0.175 0.171 0.168 0.166 0.165 0.165 0.164 0.165 0.165 0.166 0.168 0.169 0.171 0.174 0.177 0.18 0.184 0.188 0.192
3.51 3.49 3.47 3.45 3.43 3.4 3.37 3.32 3.25 3.16 3.05 2.94 2.82 2.69 2.54 2.39 2.23 2.06 1.9 1.72 1.54 1.37 1.19 1.05 0.93 0.836 0.748 0.674 0.606 0.548 0.498 0.458 0.422 0.389 0.362 0.337 0.317 0.298 0.283 0.269 0.257 0.247 0.237 0.229 0.221 0.213 0.206 0.199 0.193 0.187 0.181 0.177 0.172 0.168 0.164 0.161 0.159 0.158 0.157 0.157 0.157 0.157 0.158 0.159 0.161 0.162 0.165 0.167 0.17 0.174 0.178 0.182
3.16 3.17 3.17 3.18 3.18 3.18 3.17 3.15 3.09 3.01 2.92 2.83 2.71 2.6 2.46 2.32 2.16 2 1.84 1.67 1.49 1.32 1.14 1.01 0.888 0.8 0.716 0.646 0.581 0.527 0.48 0.441 0.407 0.376 0.349 0.325 0.306 0.288 0.274 0.26 0.249 0.239 0.23 0.221 0.214 0.206 0.199 0.192 0.186 0.181 0.175 0.17 0.166 0.161 0.158 0.155 0.152 0.151 0.15 0.149 0.149 0.149 0.15 0.151 0.152 0.153 0.155 0.158 0.161 0.164 0.168 0.172
2.84 2.87 2.89 2.92 2.93 2.95 2.96 2.96 2.91 2.85 2.78 2.7 2.61 2.51 2.38 2.25 2.1 1.95 1.79 1.62 1.44 1.27 1.09 0.96 0.848 0.765 0.684 0.617 0.555 0.506 0.462 0.425 0.391 0.362 0.337 0.314 0.295 0.278 0.264 0.252 0.241 0.231 0.222 0.214 0.206 0.199 0.192 0.186 0.18 0.174 0.169 0.164 0.159 0.155 0.151 0.148 0.146 0.144 0.143 0.142 0.141 0.141 0.142 0.142 0.143 0.145 0.147 0.149 0.152 0.155 0.158 0.161
2.53 2.58 2.63 2.66 2.7 2.72 2.74 2.75 2.73 2.69 2.64 2.58 2.5 2.42 2.3 2.18 2.04 1.89 1.74 1.57 1.4 1.23 1.05 0.926 0.813 0.731 0.653 0.588 0.529 0.484 0.444 0.408 0.376 0.347 0.323 0.302 0.284 0.268 0.255 0.243 0.233 0.223 0.215 0.207 0.2 0.193 0.186 0.18 0.174 0.169 0.163 0.158 0.153 0.149 0.145 0.142 0.139 0.137 0.136 0.135 0.134 0.134 0.134 0.134 0.135 0.136 0.138 0.14 0.143 0.145 0.148 0.151
2.25 2.31 2.37 2.42 2.46 2.5 2.53 2.55 2.55 2.53 2.5 2.46 2.4 2.33 2.22 2.11 1.97 1.84 1.69 1.52 1.35 1.19 1.02 0.897 0.782 0.7 0.622 0.559 0.502 0.46 0.424 0.392 0.359 0.332 0.309 0.289 0.273 0.258 0.246 0.235 0.225 0.216 0.208 0.2 0.193 0.186 0.18 0.174 0.168 0.163 0.157 0.152 0.147 0.143 0.139 0.135 0.133 0.131 0.129 0.128 0.127 0.126 0.126 0.126 0.127 0.128 0.13 0.132 0.134 0.136 0.139 0.142
