maui/input/month_year_rainfall/maui_prcp_08_2002.asc
ncols        361
nrows        320
xllcorner    -156.738000000000
yllcorner    20.343000000000
cellsize     0.002250000000
NODATA_value -3.4028234663852885981e+38
[rows 128 to 159 of 320, columns 288 to 359 of 361]
18.9 18.5 18.1 17.8 17.4 17 16.6 16.2 15.7 15.3 14.9 14.5 14.1 13.7 13.2 12.7 12.2 11.7 11.1 10.6 10 9.49 8.97 8.45 7.97 7.5 7.03 6.56 6.09 5.65 5.23 4.87 4.54 4.25 3.97 3.73 3.51 3.35 3.21 3.1 2.99 2.9 2.83 2.76 2.72 2.68 2.65 2.62 -3.4e+38 -3.4e+38 -3.4e+38 -3.4e+38 -3.4e+38 -3.4e+38 -3.4e+38 -3.4e+38 -3.4e+38 -3.4e+38 -3.4e+38 -3.4e+38 -3.4e+38 -3.4e+38 -3.4e+38 -3.4e+38 -3.4e+38 -3.4e+38 -3.4e+38 -3.4e+38 -3.4e+38 -3.4e+38 -3.4e+38 -3.4e+38
19.8 19.5 19.2 18.8 18.4 18 17.5 17 16.5 16.1 15.6 15.2 14.7 14.3 13.8 13.3 12.8 12.2 11.7 11.1 10.5 9.96 9.37 8.8 8.28 7.78 7.32 6.85 6.36 5.9 5.45 5.07 4.71 4.4 4.1 3.84 3.61 3.43 3.27 3.15 3.04 2.94 2.86 2.79 2.74 2.69 2.66 2.63 -3.4e+38 -3.4e+38 -3.4e+38 -3.4e+38 -3.4e+38 -3.4e+38 -3.4e+38 -3.4e+38 -3.4e+38 -3.4e+38 -3.4e+38 -3.4e+38 -3.4e+38 -3.4e+38 -3.4e+38 -3.4e+38 -3.4e+38 -3.4e+38 -3.4e+38 -3.4e+38 -3.4e+38 -3.4e+38 -3.4e+38 -3.4e+38
20.8 20.5 20.2 19.8 19.4 19 18.5 18 17.5 16.9 16.4 15.9 15.4 14.9 14.4 13.9 13.4 12.8 12.2 11.6 11 10.4 9.78 9.17 8.6 8.07 7.58 7.09 6.59 6.12 5.65 5.25 4.87 4.54 4.22 3.95 3.69 3.5 3.33 3.2 3.08 2.97 2.89 2.81 2.76 2.71 2.68 2.64 -3.4e+38 -3.4e+38 -3.4e+38 -3.4e+38 -3.4e+38 -3.4e+38 -3.4e+38 -3.4e+38 -3.4e+38 -3.4e+38 -3.4e+38 -3.4e+38 -3.4e+38 -3.4e+38 -3.4e+38 -3.4e+38 -3.4e+38 -3.4e+38 -3.4e+38 -3.4e+38 -3.4e+38 -3.4e+38 -3.4e+38 -3.4e+38
21.8 21.5 21.2 20.8 20.4 20 19.5 19 18.4 17.9 17.3 16.8 16.2 15.6 15 14.5 13.9 13.4 12.8 12.1 11.5 10.9 10.2 9.55 8.94 8.35 7.82 7.3 6.81 6.32 5.83 5.41 5.02 4.67 4.34 4.05 3.78 3.58 3.39 3.26 3.13 3.02 2.92 2.84 2.78 2.73 2.7 2.66 2.63 2.61 -3.4e+38 -3.4e+38 -3.4e+38 -3.4e+38 -3.4e+38 -3.4e+38 -3.4e+38 -3.4e+38 -3.4e+38 -3.4e+38 -3.4e+38 -3.4e+38 -3.4e+38 -3.4e+38 -3.4e+38 -3.4e+38 -3.4e+38 -3.4e+38 -3.4e+38 -3.4e+38 -3.4e+38 -3.4e+38
22.7 22.5 22.2 21.8 21.4 20.9 20.4 19.9 19.4 18.8 18.2 17.6 17 16.4 15.8 15.2 14.6 13.9 13.3 12.6 12 11.3 10.6 9.93 9.28 8.65 8.06 7.51 6.98 6.48 5.99 5.55 5.14 4.79 4.45 4.15 3.87 3.65 3.46 3.31 3.18 3.06 2.96 2.87 2.81 2.76 2.72 2.68 2.65 2.63 -3.4e+38 -3.4e+38 -3.4e+38 -3.4e+38 -3.4e+38 -3.4e+38 -3.4e+38 -3.4e+38 -3.4e+38 -3.4e+38 -3.4e+38 -3.4e+38 -3.4e+38 -3.4e+38 -3.4e+38 -3.4e+38 -3.4e+38 -3.4e+38 -3.4e+38 -3.4e+38 -3.4e+38 -3.4e+38
23.7 23.5 23.2 22.8 22.3 21.9 21.4 20.8 20.3 19.7 19.1 18.5 17.8 17.2 16.6 15.9 15.2 14.5 13.8 13.1 12.4 11.7 11 10.3 9.62 8.95 8.31 7.71 7.14 6.62 6.13 5.68 5.25 4.9 4.55 4.24 3.95 3.72 3.52 3.36 3.23 3.11 3.01 2.91 2.84 2.78 2.74 2.7 2.67 2.65 -3.4e+38 -3.4e+38 -3.4e+38 -3.4e+38 -3.4e+38 -3.4e+38 -3.4e+38 -3.4e+38 -3.4e+38 -3.4e+38 -3.4e+38 -3.4e+38 -3.4e+38 -3.4e+38 -3.4e+38 -3.4e+38 -3.4e+38 -3.4e+38 -3.4e+38 -3.4e+38 -3.4e+38 -3.4e+38
24.7 24.5 24.2 23.8 23.3 22.8 22.3 21.8 21.2 20.6 19.9 19.3 18.6 18 17.3 16.6 15.9 15.1 14.4 13.6 12.9 12.2 11.4 10.7 9.96 9.24 8.56 7.92 7.3 6.75 6.25 5.79 5.35 4.99 4.63 4.32 4.03 3.79 3.59 3.42 3.28 3.16 3.05 2.95 2.88 2.81 2.77 -3.4e+38 -3.4e+38 -3.4e+38 -3.4e+38 -3.4e+38 -3.4e+38 -3.4e+38 -3.4e+38 -3.4e+38 -3.4e+38 -3.4e+38 -3.4e+38 -3.4e+38 -3.4e+38 -3.4e+38 -3.4e+38 -3.4e+38 -3.4e+38 -3.4e+38 -3.4e+38 -3.4e+38 -3.4e+38 -3.4e+38 -3.4e+38 -3.4e+38
25.7 25.5 25.2 24.8 24.3 23.8 23.3 22.7 22.1 21.4 20.8 20.1 19.4 18.7 18 17.3 16.6 15.8 15 14.1 13.4 12.6 11.8 11.1 10.3 9.53 8.81 8.12 7.46 6.88 6.36 5.89 5.45 5.07 4.71 4.4 4.1 3.86 3.65 3.47 3.32 3.2 3.09 3 2.92 2.84 2.8 2.75 2.72 2.69 -3.4e+38 -3.4e+38 -3.4e+38 -3.4e+38 -3.4e+38 -3.4e+38 -3.4e+38 -3.4e+38 -3.4e+38 -3.4e+38 -3.4e+38 -3.4e+38 -3.4e+38 -3.4e+38 -3.4e+38 -3.4e+38 -3.4e+38 -3.4e+38 -3.4e+38 -3.4e+38 -3.4e+38 -3.4e+38
26.6 26.4 26.2 25.8 25.3 24.8 24.2 23.6 23 22.3 21.6 20.9 20.2 19.4 18.7 18 17.2 16.4 15.6 14.7 13.9 13 12.2 11.4 10.6 9.8 9.04 8.32 7.62 7.01 6.45 5.97 5.51 5.14 4.78 4.46 4.17 3.92 3.7 3.52 3.37 3.24 3.13 3.03 2.95 2.87 2.82 2.77 2.74 2.71 -3.4e+38 -3.4e+38 -3.4e+38 -3.4e+38 -3.4e+38 -3.4e+38 -3.4e+38 -3.4e+38 -3.4e+38 -3.4e+38 -3.4e+38 -3.4e+38 -3.4e+38 -3.4e+38 -3.4e+38 -3.4e+38 -3.4e+38 -3.4e+38 -3.4e+38 -3.4e+38 -3.4e+38 -3.4e+38
27.4 27.3 27.1 26.7 26.3 25.7 25.1 24.5 23.8 23.1 22.4 21.6 20.9 20.2 19.4 18.6 17.8 17 16.1 15.3 14.4 13.5 12.6 11.8 10.9 10.1 9.27 8.51 7.78 7.12 6.54 6.04 5.57 5.2 4.84 4.53 4.23 3.98 3.75 3.57 3.41 3.29 3.17 3.07 2.98 2.9 2.85 2.79 2.76 2.73 -3.4e+38 -3.4e+38 -3.4e+38 -3.4e+38 -3.4e+38 -3.4e+38 -3.4e+38 -3.4e+38 -3.4e+38 -3.4e+38 -3.4e+38 -3.4e+38 -3.4e+38 -3.4e+38 -3.4e+38 -3.4e+38 -3.4e+38 -3.4e+38 -3.4e+38 -3.4e+38 -3.4e+38 -3.4e+38
28 28 27.8 27.5 27 26.5 25.9 25.3 24.6 23.9 23.2 22.4 21.6 20.8 20 19.2 18.4 17.6 16.7 15.8 14.9 14 13 12.1 11.2 10.3 9.49 8.69 7.93 7.24 6.63 6.11 5.63 5.25 4.89 4.58 4.28 4.03 3.8 3.61 3.45 3.32 3.21 3.1 3.01 2.93 2.87 2.81 2.77 2.74 -3.4e+38 -3.4e+38 -3.4e+38 -3.4e+38 -3.4e+38 -3.4e+38 -3.4e+38 -3.4e+38 -3.4e+38 -3.4e+38 -3.4e+38 -3.4e+38 -3.4e+38 -3.4e+38 -3.4e+38 -3.4e+38 -3.4e+38 -3.4e+38 -3.4e+38 -3.4e+38 -3.4e+38 -3.4e+38
28.6 28.6 28.5 28.2 27.8 27.3 26.7 26 25.4 24.6 23.9 23.1 22.3 21.5 20.7 19.8 19 18.1 17.3 16.4 15.4 14.5 13.5 12.5 11.5 10.6 9.71 8.88 8.09 7.38 6.73 6.19 5.68 5.3 4.93 4.63 4.33 4.08 3.85 3.65 3.48 3.35 3.24 3.13 3.04 2.95 2.89 2.83 2.79 -3.4e+38 -3.4e+38 -3.4e+38 -3.4e+38 -3.4e+38 -3.4e+38 -3.4e+38 -3.4e+38 -3.4e+38 -3.4e+38 -3.4e+38 -3.4e+38 -3.4e+38 -3.4e+38 -3.4e+38 -3.4e+38 -3.4e+38 -3.4e+38 -3.4e+38 -3.4e+38 -3.4e+38 -3.4e+38 -3.4e+38
29.1 29.1 29 28.8 28.4 27.9 27.3 26.6 25.9 25.2 24.5 23.7 22.9 22.1 21.3 20.4 19.6 18.7 17.8 16.8 15.9 14.9 13.9 12.9 11.8 10.8 9.91 9.05 8.23 7.5 6.82 6.25 5.72 5.34 4.97 4.67 4.37 4.12 3.88 3.68 3.51 3.38 3.26 3.15 3.06 2.97 2.9 2.84 2.8 -3.4e+38 -3.4e+38 -3.4e+38 -3.4e+38 -3.4e+38 -3.4e+38 -3.4e+38 -3.4e+38 -3.4e+38 -3.4e+38 -3.4e+38 -3.4e+38 -3.4e+38 -3.4e+38 -3.4e+38 -3.4e+38 -3.4e+38 -3.4e+38 -3.4e+38 -3.4e+38 -3.4e+38 -3.4e+38 -3.4e+38
29.5 29.6 29.5 29.3 28.9 28.4 27.8 27.2 26.4 25.7 25 24.2 23.5 22.6 21.8 21 20.1 19.2 18.2 17.3 16.3 15.3 14.3 13.2 12.1 11 10.1 9.2 8.36 7.6 6.9 6.31 5.76 5.37 5 4.69 4.4 4.14 3.91 3.71 3.54 3.4 3.28 3.16 3.07 2.97 2.91 2.85 -3.4e+38 -3.4e+38 -3.4e+38 -3.4e+38 -3.4e+38 -3.4e+38 -3.4e+38 -3.4e+38 -3.4e+38 -3.4e+38 -3.4e+38 -3.4e+38 -3.4e+38 -3.4e+38 -3.4e+38 -3.4e+38 -3.4e+38 -3.4e+38 -3.4e+38 -3.4e+38 -3.4e+38 -3.4e+38 -3.4e+38 -3.4e+38
29.9 30.1 30 29.8 29.4 29 28.4 27.7 26.9 26.2 25.4 24.7 23.9 23.1 22.3 21.5 20.6 19.6 18.7 17.7 16.7 15.7 14.6 13.5 12.4 11.2 10.3 9.32 8.46 7.68 6.95 6.35 5.78 5.39 5.02 4.71 4.42 4.16 3.93 3.73 3.56 3.41 3.29 3.17 3.07 2.98 2.91 2.85 2.8 -3.4e+38 -3.4e+38 -3.4e+38 -3.4e+38 -3.4e+38 -3.4e+38 -3.4e+38 -3.4e+38 -3.4e+38 -3.4e+38 -3.4e+38 -3.4e+38 -3.4e+38 -3.4e+38 -3.4e+38 -3.4e+38 -3.4e+38 -3.4e+38 -3.4e+38 -3.4e+38 -3.4e+38 -3.4e+38 -3.4e+38
30.2 30.4 30.4 30.2 29.9 29.4 28.8 28.1 27.4 26.6 25.8 25.1 24.3 23.5 22.8 21.9 21 20 19 18 17 15.9 14.9 13.8 12.6 11.4 10.4 9.39 8.51 7.72 6.98 6.36 5.78 5.38 5.01 4.71 4.42 4.16 3.93 3.74 3.57 3.42 3.29 3.17 3.07 2.98 2.91 2.85 2.8 -3.4e+38 -3.4e+38 -3.4e+38 -3.4e+38 -3.4e+38 -3.4e+38 -3.4e+38 -3.4e+38 -3.4e+38 -3.4e+38 -3.4e+38 -3.4e+38 -3.4e+38 -3.4e+38 -3.4e+38 -3.4e+38 -3.4e+38 -3.4e+38 -3.4e+38 -3.4e+38 -3.4e+38 -3.4e+38 -3.4e+38
30.4 30.6 30.7 30.5 30.3 29.8 29.2 28.5 27.8 27 26.2 25.4 24.6 23.9 23.1 22.3 21.4 20.4 19.4 18.3 17.2 16.2 15.1 13.9 12.7 11.6 10.4 9.43 8.53 7.73 6.99 6.36 5.76 5.37 5 4.69 4.41 4.16 3.93 3.74 3.57 3.42 3.29 3.17 3.07 2.98 2.91 2.84 2.79 -3.4e+38 -3.4e+38 -3.4e+38 -3.4e+38 -3.4e+38 -3.4e+38 -3.4e+38 -3.4e+38 -3.4e+38 -3.4e+38 -3.4e+38 -3.4e+38 -3.4e+38 -3.4e+38 -3.4e+38 -3.4e+38 -3.4e+38 -3.4e+38 -3.4e+38 -3.4e+38 -3.4e+38 -3.4e+38 -3.4e+38
30.4 30.7 30.8 30.7 30.5 30.1 29.5 28.8 28.1 27.3 26.5 25.7 24.9 24.1 23.4 22.6 21.7 20.6 19.5 18.5 17.4 16.3 15.2 14 12.8 11.6 10.4 9.39 8.48 7.68 6.95 6.32 5.73 5.33 4.96 4.66 4.38 4.14 3.92 3.73 3.57 3.42 3.28 3.16 3.06 2.97 2.9 2.83 -3.4e+38 -3.4e+38 -3.4e+38 -3.4e+38 -3.4e+38 -3.4e+38 -3.4e+38 -3.4e+38 -3.4e+38 -3.4e+38 -3.4e+38 -3.4e+38 -3.4e+38 -3.4e+38 -3.4e+38 -3.4e+38 -3.4e+38 -3.4e+38 -3.4e+38 -3.4e+38 -3.4e+38 -3.4e+38 -3.4e+38 -3.4e+38
30.4 30.7 30.8 30.8 30.6 30.2 29.7 29.1 28.3 27.5 26.7 25.9 25.1 24.4 23.6 22.8 21.9 20.8 19.7 18.6 17.5 16.4 15.2 14 12.8 11.5 10.4 9.32 8.41 7.61 6.89 6.27 5.68 5.28 4.92 4.63 4.35 4.12 3.9 3.72 3.56 3.41 3.27 3.15 3.05 2.95 2.89 2.83 -3.4e+38 -3.4e+38 -3.4e+38 -3.4e+38 -3.4e+38 -3.4e+38 -3.4e+38 -3.4e+38 -3.4e+38 -3.4e+38 -3.4e+38 -3.4e+38 -3.4e+38 -3.4e+38 -3.4e+38 -3.4e+38 -3.4e+38 -3.4e+38 -3.4e+38 -3.4e+38 -3.4e+38 -3.4e+38 -3.4e+38 -3.4e+38
30.2 30.5 30.7 30.8 30.6 30.3 29.8 29.1 28.4 27.6 26.8 26 25.2 24.5 23.7 22.9 21.9 20.8 19.7 18.5 17.4 16.3 15.1 13.9 12.6 11.3 10.2 9.14 8.25 7.47 6.76 6.16 5.6 5.22 4.86 4.58 4.31 4.09 3.88 3.7 3.54 3.39 3.26 3.14 3.03 2.94 2.88 -3.4e+38 -3.4e+38 -3.4e+38 -3.4e+38 -3.4e+38 -3.4e+38 -3.4e+38 -3.4e+38 -3.4e+38 -3.4e+38 -3.4e+38 -3.4e+38 -3.4e+38 -3.4e+38 -3.4e+38 -3.4e+38 -3.4e+38 -3.4e+38 -3.4e+38 -3.4e+38 -3.4e+38 -3.4e+38 -3.4e+38 -3.4e+38 -3.4e+38
29.9 30.3 30.6 30.6 30.5 30.2 29.8 29.1 28.4 27.7 26.9 26.1 25.3 24.5 23.7 22.8 21.8 20.8 19.6 18.4 17.3 16.1 15 13.7 12.4 11.1 9.95 8.92 8.06 7.3 6.61 6.04 5.52 5.15 4.8 4.53 4.27 4.05 3.85 3.67 3.51 3.37 3.24 3.12 3.02 2.93 2.86 2.81 -3.4e+38 -3.4e+38 -3.4e+38 -3.4e+38 -3.4e+38 -3.4e+38 -3.4e+38 -3.4e+38 -3.4e+38 -3.4e+38 -3.4e+38 -3.4e+38 -3.4e+38 -3.4e+38 -3.4e+38 -3.4e+38 -3.4e+38 -3.4e+38 -3.4e+38 -3.4e+38 -3.4e+38 -3.4e+38 -3.4e+38 -3.4e+38
29.6 30 30.3 30.4 30.3 30 29.6 29 28.3 27.6 26.8 26 25.3 24.5 23.6 22.7 21.6 20.5 19.4 18.2 17.1 15.9 14.7 13.4 12 10.8 9.62 8.63 7.82 7.1 6.45 5.91 5.41 5.06 4.73 4.47 4.22 4.01 3.81 3.64 3.48 3.34 3.21 3.1 3 2.91 2.85 2.8 2.76 -3.4e+38 -3.4e+38 -3.4e+38 -3.4e+38 -3.4e+38 -3.4e+38 -3.4e+38 -3.4e+38 -3.4e+38 -3.4e+38 -3.4e+38 -3.4e+38 -3.4e+38 -3.4e+38 -3.4e+38 -3.4e+38 -3.4e+38 -3.4e+38 -3.4e+38 -3.4e+38 -3.4e+38 -3.4e+38 -3.4e+38
29.2 29.6 29.9 30.1 30 29.7 29.4 28.8 28.1 27.4 26.7 25.9 25.1 24.3 23.4 22.5 21.4 20.3 19.1 18 16.8 15.6 14.3 13 11.6 10.3 9.27 8.33 7.56 6.88 6.26 5.76 5.29 4.96 4.65 4.4 4.16 3.96 3.77 3.6 3.45 3.31 3.19 3.08 2.98 2.9 2.84 2.79 -3.4e+38 -3.4e+38 -3.4e+38 -3.4e+38 -3.4e+38 -3.4e+38 -3.4e+38 -3.4e+38 -3.4e+38 -3.4e+38 -3.4e+38 -3.4e+38 -3.4e+38 -3.4e+38 -3.4e+38 -3.4e+38 -3.4e+38 -3.4e+38 -3.4e+38 -3.4e+38 -3.4e+38 -3.4e+38 -3.4e+38 -3.4e+38
28.7 29.2 29.5 29.6 29.6 29.4 29 28.5 27.9 27.2 26.5 25.7 24.9 24.1 23.2 22.1 21 19.9 18.7 17.6 16.4 15.1 13.8 12.4 11 9.81 8.87 8.03 7.3 6.66 6.07 5.59 5.16 4.85 4.57 4.33 4.1 3.9 3.72 3.56 3.41 3.28 3.17 3.06 2.97 2.89 2.83 2.78 -3.4e+38 -3.4e+38 -3.4e+38 -3.4e+38 -3.4e+38 -3.4e+38 -3.4e+38 -3.4e+38 -3.4e+38 -3.4e+38 -3.4e+38 -3.4e+38 -3.4e+38 -3.4e+38 -3.4e+38 -3.4e+38 -3.4e+38 -3.4e+38 -3.4e+38 -3.4e+38 -3.4e+38 -3.4e+38 -3.4e+38 -3.4e+38
28.2 28.7 29 29.2 29.1 28.9 28.6 28.1 27.5 26.9 26.2 25.4 24.6 23.8 22.8 21.7 20.6 19.5 18.3 17.1 15.9 14.6 13.2 11.8 10.5 9.32 8.48 7.72 7.03 6.42 5.86 5.42 5.03 4.74 4.48 4.25 4.04 3.85 3.67 3.52 3.38 3.25 3.14 3.04 2.95 2.88 2.82 2.77 -3.4e+38 -3.4e+38 -3.4e+38 -3.4e+38 -3.4e+38 -3.4e+38 -3.4e+38 -3.4e+38 -3.4e+38 -3.4e+38 -3.4e+38 -3.4e+38 -3.4e+38 -3.4e+38 -3.4e+38 -3.4e+38 -3.4e+38 -3.4e+38 -3.4e+38 -3.4e+38 -3.4e+38 -3.4e+38 -3.4e+38 -3.4e+38
27.6 28.2 28.5 28.7 28.6 28.4 28.1 27.6 27 26.5 25.8 25.1 24.3 23.4 22.4 21.3 20.1 19 17.8 16.6 15.3 14 12.5 11.1 9.94 8.9 8.12 7.4 6.75 6.17 5.64 5.25 4.9 4.63 4.38 4.17 3.97 3.79 3.63 3.48 3.34 3.22 3.12 3.02 2.94 2.87 2.81 2.76 -3.4e+38 -3.4e+38 -3.4e+38 -3.4e+38 -3.4e+38 -3.4e+38 -3.4e+38 -3.4e+38 -3.4e+38 -3.4e+38 -3.4e+38 -3.4e+38 -3.4e+38 -3.4e+38 -3.4e+38 -3.4e+38 -3.4e+38 -3.4e+38 -3.4e+38 -3.4e+38 -3.4e+38 -3.4e+38 -3.4e+38 -3.4e+38
27.1 27.6 28 28.1 28.1 27.9 27.6 27.1 26.6 26 25.4 24.7 23.8 22.9 21.8 20.7 19.6 18.4 17.2 16 14.7 13.3 11.8 10.3 9.37 8.47 7.75 7.08 6.45 5.91 5.43 5.07 4.77 4.52 4.3 4.1 3.91 3.74 3.58 3.44 3.31 3.19 3.09 3 2.93 2.86 -3.4e+38 -3.4e+38 -3.4e+38 -3.4e+38 -3.4e+38 -3.4e+38 -3.4e+38 -3.4e+38 -3.4e+38 -3.4e+38 -3.4e+38 -3.4e+38 -3.4e+38 -3.4e+38 -3.4e+38 -3.4e+38 -3.4e+38 -3.4e+38 -3.4e+38 -3.4e+38 -3.4e+38 -3.4e+38 -3.4e+38 -3.4e+38 -3.4e+38 -3.4e+38
26.5 27.1 27.4 27.6 27.6 27.4 27.1 26.6 26.1 25.5 24.9 24.2 23.3 22.3 21.2 20.1 19 17.8 16.6 15.4 13.9 12.5 11 9.56 8.77 8.03 7.38 6.75 6.15 5.65 5.22 4.9 4.64 4.42 4.21 4.02 3.85 3.68 3.53 3.39 3.27 3.16 3.07 2.99 2.92 2.86 -3.4e+38 -3.4e+38 -3.4e+38 -3.4e+38 -3.4e+38 -3.4e+38 -3.4e+38 -3.4e+38 -3.4e+38 -3.4e+38 -3.4e+38 -3.4e+38 -3.4e+38 -3.4e+38 -3.4e+38 -3.4e+38 -3.4e+38 -3.4e+38 -3.4e+38 -3.4e+38 -3.4e+38 -3.4e+38 -3.4e+38 -3.4e+38 -3.4e+38 -3.4e+38
25.9 26.5 26.9 27 27.1 26.9 26.6 26.1 25.6 25 24.3 23.5 22.6 21.6 20.5 19.4 18.2 17.1 15.9 14.6 13.2 11.7 10.3 8.99 8.31 7.64 7.02 6.43 5.87 5.41 5.03 4.76 4.52 4.32 4.13 3.95 3.78 3.63 3.48 3.35 3.24 3.14 3.05 2.97 2.91 2.85 -3.4e+38 -3.4e+38 -3.4e+38 -3.4e+38 -3.4e+38 -3.4e+38 -3.4e+38 -3.4e+38 -3.4e+38 -3.4e+38 -3.4e+38 -3.4e+38 -3.4e+38 -3.4e+38 -3.4e+38 -3.4e+38 -3.4e+38 -3.4e+38 -3.4e+38 -3.4e+38 -3.4e+38 -3.4e+38 -3.4e+38 -3.4e+38 -3.4e+38 -3.4e+38
25.3 25.9 26.3 26.5 26.5 26.3 26 25.6 25.1 24.4 23.7 22.8 21.9 20.8 19.7 18.6 17.5 16.3 15.1 13.9 12.4 10.8 9.62 8.51 7.88 7.27 6.67 6.1 5.58 5.18 4.86 4.61 4.41 4.22 4.04 3.87 3.72 3.57 3.43 3.31 3.2 3.12 3.04 2.96 2.9 2.85 -3.4e+38 -3.4e+38 -3.4e+38 -3.4e+38 -3.4e+38 -3.4e+38 -3.4e+38 -3.4e+38 -3.4e+38 -3.4e+38 -3.4e+38 -3.4e+38 -3.4e+38 -3.4e+38 -3.4e+38 -3.4e+38 -3.4e+38 -3.4e+38 -3.4e+38 -3.4e+38 -3.4e+38 -3.4e+38 -3.4e+38 -3.4e+38 -3.4e+38 -3.4e+38
24.8 25.3 25.7 25.9 25.9 25.7 25.3 24.8 24.2 23.5 22.8 21.8 20.9 19.9 18.8 17.7 16.6 15.5 14.3 13 11.5 9.99 9.01 8.1 7.5 6.91 6.33 5.81 5.34 4.99 4.71 4.49 4.3 4.12 3.96 3.8 3.65 3.51 3.38 3.27 3.18 3.1 3.02 2.96 2.9 2.84 -3.4e+38 -3.4e+38 -3.4e+38 -3.4e+38 -3.4e+38 -3.4e+38 -3.4e+38 -3.4e+38 -3.4e+38 -3.4e+38 -3.4e+38 -3.4e+38 -3.4e+38 -3.4e+38 -3.4e+38 -3.4e+38 -3.4e+38 -3.4e+38 -3.4e+38 -3.4e+38 -3.4e+38 -3.4e+38 -3.4e+38 -3.4e+38 -3.4e+38 -3.4e+38
24.2 24.8 25.1 25.3 25.2 25 24.6 24 23.4 22.6 21.8 20.9 19.9 18.9 17.9 16.8 15.8 14.7 13.4 12.1 10.6 9.15 8.41 7.69 7.13 6.56 6 5.51 5.11 4.8 4.56 4.36 4.19 4.02 3.87 3.72 3.58 3.45 3.34 3.24 3.15 3.08 3.01 2.95 -3.4e+38 -3.4e+38 -3.4e+38 -3.4e+38 -3.4e+38 -3.4e+38 -3.4e+38 -3.4e+38 -3.4e+38 -3.4e+38 -3.4e+38 -3.4e+38 -3.4e+38 -3.4e+38 -3.4e+38 -3.4e+38 -3.4e+38 -3.4e+38 -3.4e+38 -3.4e+38 -3.4e+38 -3.4e+38 -3.4e+38 -3.4e+38 -3.4e+38 -3.4e+38 -3.4e+38 -3.4e+38
