maui/input/month_year_rainfall/maui_prcp_10_2002.asc
ncols        361
nrows        320
xllcorner    -156.738000000000
yllcorner    20.343000000000
cellsize     0.002250000000
NODATA_value -3.4028234663852885981e+38
[rows 64 to 95 of 320, columns 144 to 215 of 361]
-3.4e+38 -3.4e+38 -3.4e+38 -3.4e+38 -3.4e+38 -3.4e+38 -3.4e+38 -3.4e+38 -3.4e+38 -3.4e+38 -3.4e+38 5.56 5.6 5.63 5.69 5.74 5.83 5.93 6.04 6.16 6.31 6.47 6.63 6.79 6.93 7.06 7.17 7.26 7.33 7.4 7.45 7.5 7.56 7.63 7.69 7.75 7.8 7.85 7.89 7.93 7.97 8.01 8.06 8.12 8.17 8.22 8.26 8.29 8.35 8.4 8.47 8.53 8.61 8.69 8.77 8.85 8.91 8.96 8.99 9.02 9.06 9.1 9.16 9.23 9.33 9.44 9.57 9.71 9.88 10 10.2 10.5
-3.4e+38 -3.4e+38 -3.4e+38 -3.4e+38 -3.4e+38 5.16 -3.4e+38 -3.4e+38 5.39 5.44 5.48 5.51 5.55 5.58 5.65 5.72 5.83 5.94 6.08 6.22 6.4 6.58 6.76 6.92 7.07 7.2 7.32 7.41 7.48 7.55 7.6 7.66 7.71 7.78 7.83 7.89 7.93 7.97 8 8.03 8.07 8.11 8.15 8.21 8.26 8.3 8.34 8.38 8.42 8.47 8.53 8.59 8.66 8.74 8.81 8.88 8.94 8.99 9.02 9.06 9.09 9.13 9.18 9.24 9.32 9.41 9.53 9.66 9.81 9.97 10.1 10.3
-3.4e+38 -3.4e+38 -3.4e+38 4.91 5.02 5.12 5.2 5.27 5.33 5.38 5.43 5.46 5.5 5.55 5.62 5.71 5.83 5.96 6.13 6.3 6.5 6.69 6.88 7.05 7.21 7.34 7.46 7.54 7.61 7.68 7.73 7.79 7.85 7.9 7.96 8 8.03 8.05 8.07 8.1 8.14 8.18 8.22 8.27 8.33 8.38 8.42 8.45 8.49 8.53 8.58 8.64 8.71 8.78 8.85 8.92 8.98 9.03 9.07 9.1 9.13 9.16 9.2 9.25 9.33 9.41 9.52 9.63 9.76 9.9 10.1 10.2
-3.4e+38 4.71 4.81 4.91 5 5.08 5.15 5.21 5.27 5.32 5.37 5.41 5.46 5.51 5.61 5.7 5.85 6 6.19 6.38 6.59 6.79 6.99 7.17 7.33 7.46 7.58 7.66 7.72 7.78 7.84 7.89 7.94 8 8.04 8.07 8.09 8.11 8.12 8.14 8.16 8.2 8.24 8.3 8.36 8.42 8.46 8.49 8.52 8.56 8.61 8.67 8.73 8.8 8.88 8.95 9.01 9.06 9.1 9.13 9.16 9.19 9.23 9.27 9.34 9.41 9.51 9.61 9.72 9.85 9.99 10.2
4.63 4.74 4.83 4.92 4.99 5.06 5.11 5.16 5.21 5.27 5.32 5.37 5.43 5.49 5.59 5.71 5.87 6.04 6.25 6.46 6.68 6.89 7.09 7.28 7.44 7.57 7.68 7.75 7.82 7.87 7.92 7.98 8.02 8.07 8.1 8.13 8.14 8.15 8.15 8.16 8.17 8.19 8.25 8.32 8.38 8.44 8.48 8.51 8.54 8.57 8.62 8.67 8.74 8.81 8.89 8.96 9.03 9.09 9.14 9.16 9.19 9.21 9.24 9.28 9.34 9.41 9.5 9.59 9.69 9.8 9.92 10.1
4.68 4.78 4.85 4.92 4.98 5.02 5.07 5.11 5.16 5.22 5.27 5.33 5.4 5.47 5.59 5.71 5.9 6.09 6.31 6.53 6.76 6.97 7.18 7.36 7.52 7.65 7.75 7.82 7.87 7.93 7.97 8.02 8.06 8.1 8.13 8.14 8.15 8.15 8.15 8.15 8.15 8.16 8.23 8.31 8.37 8.43 8.47 8.5 8.52 8.55 8.6 8.65 8.71 8.79 8.87 8.96 9.04 9.12 9.17 9.18 9.2 9.22 9.25 9.29 9.34 9.41 9.49 9.57 9.66 9.76 9.86 9.98
4.74 4.82 4.88 4.93 4.96 4.99 5.02 5.06 5.11 5.16 5.23 5.3 5.38 5.46 5.58 5.73 5.94 6.14 6.38 6.61 6.84 7.06 7.27 7.44 7.6 7.72 7.82 7.88 7.92 7.97 8.01 8.05 8.09 8.12 8.14 8.15 8.16 8.16 8.16 8.15 8.16 8.18 8.23 8.3 8.37 8.42 8.45 8.48 8.5 8.53 8.56 8.62 8.68 8.75 8.84 8.93 9.03 9.12 9.17 9.19 9.2 9.22 9.25 9.29 9.34 9.4 9.48 9.55 9.63 9.71 9.8 9.89
4.79 4.86 4.9 4.93 4.94 4.96 4.98 5.01 5.05 5.11 5.19 5.27 5.37 5.47 5.6 5.76 5.98 6.2 6.44 6.67 6.91 7.12 7.33 7.5 7.64 7.75 7.84 7.89 7.93 7.97 8.01 8.04 8.06 8.08 8.1 8.11 8.11 8.12 8.12 8.12 8.14 8.16 8.21 8.26 8.32 8.37 8.4 8.42 8.43 8.45 8.48 8.53 8.59 8.66 8.75 8.85 8.95 9.03 9.09 9.13 9.16 9.18 9.22 9.25 9.3 9.36 9.43 9.5 9.58 9.65 9.72 9.8
4.85 4.89 4.91 4.93 4.93 4.94 4.94 4.96 5 5.06 5.16 5.26 5.37 5.49 5.64 5.81 6.03 6.26 6.5 6.74 6.97 7.19 7.39 7.55 7.69 7.79 7.87 7.92 7.95 7.98 8 8.02 8.03 8.05 8.06 8.06 8.07 8.07 8.09 8.09 8.11 8.14 8.18 8.23 8.28 8.31 8.34 8.35 8.36 8.37 8.4 8.44 8.49 8.56 8.65 8.75 8.85 8.93 9 9.05 9.09 9.13 9.17 9.2 9.25 9.31 9.37 9.44 9.51 9.57 9.64 9.7
4.9 4.92 4.92 4.92 4.91 4.91 4.91 4.93 4.96 5.03 5.14 5.24 5.37 5.5 5.67 5.85 6.08 6.3 6.55 6.78 7.01 7.23 7.42 7.57 7.71 7.8 7.87 7.9 7.93 7.94 7.95 7.96 7.95 7.96 7.96 7.97 7.98 7.99 8.01 8.03 8.06 8.09 8.13 8.17 8.21 8.23 8.25 8.26 8.26 8.27 8.29 8.32 8.37 8.44 8.52 8.62 8.71 8.8 8.88 8.95 9 9.05 9.09 9.14 9.18 9.24 9.3 9.37 9.43 9.49 9.55 9.6
4.9 4.91 4.91 4.9 4.89 4.88 4.89 4.91 4.95 5.02 5.12 5.24 5.38 5.52 5.7 5.88 6.12 6.35 6.59 6.83 7.06 7.26 7.44 7.6 7.73 7.81 7.87 7.89 7.91 7.92 7.92 7.91 7.89 7.88 7.88 7.88 7.89 7.91 7.94 7.96 8 8.04 8.08 8.11 8.14 8.16 8.16 8.17 8.17 8.17 8.18 8.2 8.25 8.31 8.39 8.48 8.58 8.68 8.77 8.84 8.9 8.96 9.01 9.06 9.11 9.16 9.22 9.28 9.35 9.4 9.45 9.49
4.87 4.89 4.89 4.88 4.86 4.86 4.86 4.89 4.94 5.01 5.12 5.23 5.38 5.53 5.72 5.9 6.14 6.37 6.62 6.85 7.07 7.27 7.45 7.6 7.73 7.8 7.85 7.87 7.87 7.88 7.87 7.85 7.83 7.8 7.78 7.78 7.8 7.82 7.86 7.89 7.93 7.97 8.01 8.05 8.07 8.08 8.07 8.07 8.06 8.06 8.06 8.08 8.11 8.17 8.24 8.34 8.44 8.55 8.64 8.73 8.8 8.86 8.92 8.97 9.02 9.07 9.12 9.18 9.24 9.29 9.32 9.35
4.84 4.86 4.85 4.84 4.83 4.83 4.83 4.87 4.92 5 5.1 5.22 5.38 5.53 5.73 5.91 6.16 6.39 6.64 6.87 7.09 7.28 7.45 7.6 7.72 7.79 7.83 7.84 7.84 7.84 7.83 7.8 7.77 7.73 7.7 7.7 7.71 7.74 7.78 7.82 7.87 7.9 7.94 7.97 7.99 8 7.99 7.98 7.96 7.95 7.95 7.96 7.98 8.03 8.1 8.2 8.31 8.42 8.52 8.62 8.7 8.76 8.83 8.88 8.93 8.98 9.03 9.08 9.13 9.17 9.2 9.22
4.82 4.82 4.81 4.81 4.79 4.79 4.8 4.83 4.89 4.97 5.08 5.2 5.36 5.52 5.72 5.91 6.16 6.39 6.63 6.86 7.08 7.27 7.45 7.59 7.7 7.76 7.8 7.8 7.8 7.79 7.78 7.75 7.71 7.67 7.63 7.62 7.63 7.65 7.7 7.74 7.79 7.84 7.87 7.9 7.92 7.93 7.91 7.9 7.87 7.86 7.85 7.84 7.85 7.88 7.96 8.06 8.18 8.3 8.41 8.51 8.59 8.67 8.73 8.79 8.84 8.89 8.93 8.97 9.01 9.05 9.07 9.08
4.8 4.79 4.78 4.77 4.75 4.75 4.76 4.8 4.85 4.94 5.05 5.17 5.34 5.5 5.7 5.89 6.14 6.38 6.62 6.85 7.06 7.26 7.43 7.56 7.67 7.72 7.75 7.75 7.75 7.75 7.73 7.7 7.66 7.61 7.57 7.55 7.56 7.58 7.62 7.66 7.72 7.76 7.8 7.83 7.85 7.85 7.84 7.81 7.79 7.76 7.75 7.74 7.72 7.74 7.82 7.93 8.05 8.18 8.29 8.4 8.49 8.57 8.63 8.69 8.74 8.79 8.83 8.87 8.9 8.93 8.95 8.95
4.78 4.76 4.74 4.72 4.7 4.71 4.72 4.76 4.81 4.89 5 5.13 5.3 5.47 5.67 5.86 6.11 6.35 6.59 6.82 7.03 7.22 7.39 7.52 7.62 7.67 7.7 7.69 7.69 7.69 7.68 7.64 7.6 7.55 7.5 7.48 7.48 7.5 7.55 7.59 7.65 7.69 7.73 7.76 7.77 7.78 7.76 7.74 7.7 7.68 7.66 7.64 7.63 7.64 7.72 7.82 7.94 8.06 8.18 8.29 8.38 8.46 8.53 8.59 8.65 8.69 8.73 8.77 8.8 8.83 8.84 8.84
4.76 4.73 4.7 4.68 4.66 4.66 4.67 4.71 4.77 4.85 4.95 5.08 5.25 5.42 5.62 5.82 6.07 6.3 6.55 6.77 6.98 7.17 7.33 7.45 7.55 7.59 7.62 7.62 7.62 7.62 7.62 7.59 7.55 7.49 7.44 7.41 7.41 7.43 7.48 7.52 7.57 7.6 7.65 7.67 7.69 7.69 7.68 7.65 7.62 7.6 7.57 7.56 7.56 7.58 7.64 7.72 7.83 7.95 8.07 8.18 8.27 8.36 8.44 8.5 8.56 8.6 8.64 8.68 8.71 8.74 8.75 8.76
4.74 4.71 4.66 4.64 4.61 4.62 4.63 4.66 4.72 4.79 4.9 5.02 5.19 5.37 5.57 5.77 6.02 6.25 6.49 6.72 6.92 7.1 7.26 7.38 7.47 7.51 7.54 7.53 7.53 7.55 7.56 7.54 7.49 7.42 7.37 7.33 7.34 7.35 7.4 7.44 7.48 7.51 7.55 7.58 7.61 7.61 7.59 7.57 7.54 7.52 7.5 7.49 7.5 7.52 7.57 7.64 7.74 7.85 7.96 8.07 8.18 8.27 8.35 8.42 8.48 8.53 8.57 8.61 8.64 8.67 8.69 8.7
4.72 4.68 4.63 4.6 4.57 4.58 4.59 4.63 4.68 4.75 4.85 4.96 5.13 5.31 5.52 5.72 5.96 6.19 6.43 6.65 6.85 7.02 7.17 7.29 7.37 7.41 7.44 7.45 7.46 7.48 7.5 7.49 7.42 7.35 7.3 7.26 7.26 7.27 7.31 7.34 7.38 7.41 7.45 7.48 7.5 7.51 7.49 7.47 7.44 7.42 7.41 7.4 7.41 7.44 7.48 7.54 7.63 7.73 7.84 7.95 8.06 8.16 8.25 8.32 8.39 8.45 8.49 8.54 8.57 8.6 8.63 8.65
4.71 4.66 4.6 4.56 4.54 4.55 4.56 4.6 4.64 4.71 4.8 4.91 5.07 5.26 5.47 5.66 5.91 6.13 6.36 6.57 6.77 6.94 7.08 7.18 7.27 7.31 7.34 7.35 7.36 7.38 7.4 7.38 7.33 7.26 7.21 7.17 7.17 7.17 7.2 7.22 7.27 7.3 7.34 7.37 7.4 7.4 7.38 7.36 7.34 7.32 7.31 7.31 7.32 7.35 7.39 7.45 7.52 7.62 7.73 7.85 7.96 8.07 8.16 8.24 8.32 8.38 8.43 8.48 8.52 8.56 8.59 8.62
4.69 4.65 4.59 4.56 4.53 4.53 4.54 4.58 4.62 4.68 4.77 4.88 5.04 5.22 5.42 5.61 5.85 6.07 6.29 6.5 6.68 6.85 6.98 7.08 7.16 7.21 7.24 7.25 7.26 7.28 7.28 7.26 7.22 7.17 7.13 7.09 7.07 7.07 7.09 7.1 7.14 7.17 7.21 7.25 7.27 7.27 7.25 7.24 7.22 7.21 7.21 7.21 7.23 7.25 7.29 7.35 7.42 7.52 7.63 7.75 7.87 7.98 8.08 8.17 8.25 8.33 8.38 8.44 8.48 8.53 8.57 8.61
4.68 4.63 4.58 4.55 4.52 4.52 4.53 4.57 4.61 4.67 4.76 4.87 5.02 5.18 5.38 5.57 5.79 6.01 6.22 6.42 6.6 6.75 6.88 6.98 7.06 7.11 7.14 7.15 7.15 7.16 7.16 7.13 7.1 7.07 7.03 6.99 6.98 6.96 6.97 6.98 7.01 7.04 7.08 7.1 7.12 7.12 7.11 7.11 7.1 7.1 7.1 7.11 7.13 7.16 7.2 7.25 7.33 7.43 7.54 7.66 7.78 7.91 8.02 8.12 8.21 8.29 8.35 8.41 8.47 8.52 8.57 8.62
4.66 4.62 4.58 4.55 4.52 4.52 4.53 4.56 4.6 4.66 4.75 4.85 5 5.16 5.35 5.52 5.75 5.95 6.16 6.35 6.52 6.67 6.79 6.89 6.97 7.02 7.05 7.05 7.05 7.05 7.04 7.02 7 6.96 6.93 6.9 6.89 6.86 6.86 6.85 6.88 6.9 6.93 6.95 6.97 6.97 6.97 6.97 6.97 6.98 6.99 7.01 7.04 7.08 7.12 7.18 7.26 7.36 7.47 7.6 7.72 7.85 7.97 8.08 8.18 8.27 8.35 8.42 8.49 8.55 8.61 8.67
4.65 4.61 4.57 4.54 4.51 4.51 4.52 4.56 4.6 4.66 4.74 4.84 4.98 5.13 5.31 5.49 5.7 5.9 6.1 6.29 6.45 6.6 6.73 6.82 6.9 6.93 6.96 6.95 6.95 6.94 6.92 6.9 6.88 6.84 6.81 6.8 6.79 6.75 6.73 6.72 6.74 6.75 6.78 6.8 6.81 6.82 6.83 6.83 6.84 6.86 6.88 6.92 6.96 7 7.05 7.12 7.2 7.3 7.42 7.54 7.68 7.81 7.95 8.07 8.18 8.28 8.37 8.45 8.53 8.6 8.67 8.74
4.63 4.6 4.56 4.54 4.52 4.52 4.53 4.56 4.6 4.66 4.74 4.84 4.97 5.11 5.29 5.46 5.67 5.86 6.05 6.23 6.41 6.55 6.67 6.76 6.83 6.86 6.88 6.87 6.85 6.83 6.8 6.77 6.74 6.71 6.69 6.66 6.66 6.64 6.61 6.58 6.59 6.6 6.63 6.64 6.67 6.68 6.69 6.7 6.72 6.75 6.79 6.85 6.9 6.96 7.01 7.08 7.16 7.26 7.38 7.52 7.66 7.8 7.95 8.08 8.2 8.32 8.43 8.52 8.61 8.7 8.78 8.86
4.61 4.58 4.56 4.54 4.52 4.52 4.53 4.56 4.6 4.66 4.74 4.83 4.96 5.1 5.27 5.43 5.64 5.83 6.02 6.19 6.36 6.5 6.62 6.7 6.77 6.79 6.8 6.78 6.76 6.72 6.68 6.64 6.61 6.58 6.55 6.51 6.5 6.48 6.46 6.43 6.45 6.45 6.47 6.49 6.52 6.55 6.56 6.59 6.62 6.67 6.72 6.79 6.86 6.92 6.99 7.06 7.14 7.24 7.37 7.51 7.65 7.81 7.97 8.12 8.26 8.39 8.51 8.63 8.73 8.83 8.92 9.01
4.58 4.57 4.55 4.53 4.52 4.52 4.53 4.56 4.6 4.66 4.74 4.83 4.96 5.08 5.25 5.41 5.61 5.8 5.98 6.16 6.32 6.46 6.57 6.65 6.71 6.73 6.73 6.7 6.66 6.61 6.56 6.52 6.47 6.43 6.4 6.36 6.34 6.32 6.31 6.3 6.3 6.3 6.32 6.34 6.38 6.41 6.44 6.48 6.53 6.6 6.67 6.76 6.83 6.9 6.97 7.05 7.14 7.25 7.37 7.52 7.68 7.84 8.01 8.18 8.35 8.5 8.64 8.77 8.89 9 9.1 9.2
4.56 4.55 4.53 4.53 4.51 4.52 4.53 4.56 4.6 4.66 4.74 4.83 4.95 5.08 5.24 5.39 5.59 5.77 5.95 6.12 6.28 6.41 6.52 6.6 6.65 6.67 6.66 6.62 6.58 6.51 6.44 6.39 6.33 6.28 6.24 6.21 6.18 6.16 6.15 6.15 6.15 6.15 6.17 6.2 6.24 6.29 6.33 6.39 6.47 6.57 6.66 6.75 6.82 6.9 6.97 7.06 7.15 7.27 7.4 7.56 7.74 7.91 8.1 8.29 8.47 8.64 8.79 8.94 9.07 9.2 9.31 9.42
4.53 4.53 4.51 4.51 4.51 4.51 4.52 4.55 4.6 4.66 4.74 4.83 4.95 5.07 5.23 5.38 5.57 5.75 5.92 6.08 6.23 6.36 6.47 6.54 6.59 6.6 6.6 6.55 6.49 6.42 6.34 6.26 6.19 6.13 6.09 6.06 6.03 6.01 6 6 6.01 6 6.03 6.06 6.11 6.17 6.23 6.32 6.42 6.55 6.67 6.75 6.82 6.89 6.98 7.07 7.17 7.3 7.45 7.62 7.81 8.01 8.21 8.41 8.61 8.79 8.96 9.12 9.27 9.4 9.53 9.66
4.5 4.5 4.49 4.49 4.49 4.5 4.51 4.54 4.59 4.66 4.74 4.83 4.95 5.07 5.22 5.37 5.55 5.72 5.89 6.04 6.19 6.32 6.42 6.49 6.54 6.54 6.53 6.47 6.4 6.31 6.23 6.14 6.06 6.01 5.96 5.92 5.9 5.87 5.86 5.86 5.87 5.86 5.89 5.93 5.99 6.06 6.14 6.25 6.37 6.52 6.66 6.73 6.8 6.88 6.98 7.09 7.22 7.37 7.54 7.72 7.92 8.14 8.35 8.56 8.76 8.96 9.15 9.32 9.48 9.63 9.78 9.92
4.47 4.47 4.47 4.47 4.47 4.48 4.49 4.52 4.57 4.65 4.73 4.83 4.95 5.07 5.22 5.36 5.54 5.69 5.85 6 6.15 6.27 6.36 6.44 6.49 6.49 6.46 6.38 6.29 6.2 6.11 6.04 5.96 5.91 5.86 5.8 5.77 5.74 5.74 5.73 5.73 5.73 5.77 5.81 5.87 5.95 6.06 6.18 6.3 6.44 6.56 6.66 6.75 6.85 6.97 7.11 7.27 7.44 7.63 7.83 8.04 8.26 8.48 8.7 8.92 9.13 9.33 9.52 9.7 9.87 10 10.2
4.44 4.44 4.44 4.44 4.44 4.45 4.47 4.5 4.56 4.63 4.72 4.82 4.94 5.06 5.21 5.35 5.52 5.67 5.82 5.97 6.1 6.22 6.31 6.38 6.43 6.43 6.4 6.32 6.23 6.13 6.03 5.96 5.89 5.83 5.77 5.7 5.66 5.63 5.61 5.59 5.6 5.61 5.66 5.71 5.79 5.88 6 6.13 6.24 6.36 6.47 6.59 6.71 6.85 7 7.16 7.33 7.52 7.72 7.93 8.15 8.38 8.62 8.85 9.09 9.32 9.53 9.74 9.93 10.1 10.3 10.5
