maui/input/month_year_rainfall/maui_prcp_05_2002.asc
ncols        361
nrows        320
xllcorner    -156.738000000000
yllcorner    20.343000000000
cellsize     0.002250000000
NODATA_value -3.4028234663852885981e+38
[rows 64 to 95 of 320, columns 0 to 71 of 361]
-3.4e+38 -3.4e+38 -3.4e+38 -3.4e+38 -3.4e+38 -3.4e+38 -3.4e+38 -3.4e+38 -3.4e+38 -3.4e+38 -3.4e+38 -3.4e+38 -3.4e+38 -3.4e+38 -3.4e+38 -3.4e+38 -3.4e+38 1.52 1.53 1.55 1.58 1.62 1.65 1.65 1.63 1.63 1.64 1.68 1.75 1.83 1.95 2.09 2.25 2.42 2.62 2.81 3.05 3.3 3.58 3.82 4.05 4.27 4.48 4.71 4.93 5.15 5.39 5.62 5.86 6.1 6.35 6.6 6.86 7.12 7.35 7.57 7.77 7.94 8.05 8.12 8.13 8.09 8 7.89 7.91 8.54 9.53 10.6 11.6 12.6 13.6 14.5
-3.4e+38 -3.4e+38 -3.4e+38 -3.4e+38 -3.4e+38 -3.4e+38 -3.4e+38 -3.4e+38 -3.4e+38 -3.4e+38 -3.4e+38 -3.4e+38 -3.4e+38 -3.4e+38 -3.4e+38 -3.4e+38 -3.4e+38 1.52 1.53 1.55 1.57 1.61 1.64 1.62 1.59 1.58 1.58 1.62 1.69 1.79 1.91 2.04 2.2 2.35 2.53 2.7 2.92 3.13 3.36 3.58 3.8 4.01 4.22 4.42 4.63 4.82 5.03 5.22 5.43 5.65 5.88 6.12 6.37 6.62 6.86 7.09 7.31 7.49 7.64 7.73 7.77 7.75 7.67 7.55 7.47 8.23 9.32 10.4 11.5 12.6 13.5 14.4
-3.4e+38 -3.4e+38 -3.4e+38 -3.4e+38 -3.4e+38 -3.4e+38 -3.4e+38 -3.4e+38 -3.4e+38 -3.4e+38 -3.4e+38 -3.4e+38 -3.4e+38 -3.4e+38 -3.4e+38 -3.4e+38 -3.4e+38 -3.4e+38 1.53 1.54 1.55 1.57 1.57 1.55 1.52 1.51 1.51 1.56 1.64 1.74 1.86 2 2.15 2.28 2.45 2.59 2.77 2.94 3.13 3.33 3.53 3.73 3.93 4.12 4.31 4.48 4.65 4.82 5 5.19 5.4 5.62 5.87 6.12 6.38 6.64 6.87 7.09 7.26 7.4 7.49 7.54 7.56 7.6 7.81 8.45 9.41 10.5 11.5 12.5 13.4 14.2
-3.4e+38 -3.4e+38 -3.4e+38 -3.4e+38 -3.4e+38 -3.4e+38 -3.4e+38 -3.4e+38 -3.4e+38 -3.4e+38 -3.4e+38 -3.4e+38 -3.4e+38 -3.4e+38 -3.4e+38 -3.4e+38 -3.4e+38 -3.4e+38 -3.4e+38 1.52 1.52 1.52 1.51 1.48 1.45 1.43 1.43 1.49 1.58 1.69 1.83 1.96 2.11 2.23 2.37 2.48 2.62 2.75 2.9 3.07 3.26 3.46 3.64 3.81 3.98 4.12 4.27 4.41 4.56 4.73 4.91 5.13 5.37 5.63 5.91 6.18 6.45 6.7 6.92 7.11 7.28 7.43 7.58 7.8 8.18 8.8 9.66 10.6 11.6 12.6 13.4 14.1
-3.4e+38 -3.4e+38 -3.4e+38 -3.4e+38 -3.4e+38 -3.4e+38 -3.4e+38 -3.4e+38 -3.4e+38 -3.4e+38 -3.4e+38 -3.4e+38 -3.4e+38 -3.4e+38 -3.4e+38 -3.4e+38 -3.4e+38 -3.4e+38 -3.4e+38 -3.4e+38 1.49 1.48 1.46 1.43 1.39 1.35 1.34 1.42 1.54 1.66 1.8 1.94 2.09 2.2 2.33 2.41 2.51 2.57 2.67 2.83 3.02 3.2 3.37 3.52 3.66 3.78 3.9 4 4.12 4.27 4.44 4.65 4.89 5.16 5.45 5.75 6.04 6.33 6.6 6.86 7.11 7.37 7.65 8.01 8.5 9.16 9.97 10.9 11.8 12.7 13.5 14.1
-3.4e+38 -3.4e+38 -3.4e+38 -3.4e+38 -3.4e+38 -3.4e+38 -3.4e+38 -3.4e+38 -3.4e+38 -3.4e+38 -3.4e+38 -3.4e+38 -3.4e+38 -3.4e+38 -3.4e+38 -3.4e+38 -3.4e+38 -3.4e+38 -3.4e+38 -3.4e+38 -3.4e+38 1.45 1.42 1.39 1.35 1.3 1.29 1.39 1.52 1.65 1.79 1.92 2.07 2.2 2.32 2.39 2.45 2.45 2.48 2.65 2.82 2.97 3.11 3.23 3.35 3.44 3.53 3.61 3.7 3.82 3.96 4.16 4.41 4.69 5 5.32 5.65 5.98 6.3 6.63 6.96 7.32 7.72 8.2 8.78 9.48 10.3 11.2 12 12.8 13.6 14.2
-3.4e+38 -3.4e+38 -3.4e+38 -3.4e+38 -3.4e+38 -3.4e+38 -3.4e+38 -3.4e+38 -3.4e+38 -3.4e+38 -3.4e+38 -3.4e+38 -3.4e+38 -3.4e+38 -3.4e+38 -3.4e+38 -3.4e+38 -3.4e+38 -3.4e+38 -3.4e+38 -3.4e+38 -3.4e+38 1.4 1.38 1.35 1.33 1.34 1.42 1.54 1.66 1.79 1.9 2.06 2.21 2.33 2.39 2.43 2.43 2.47 2.56 2.67 2.78 2.89 2.98 3.06 3.13 3.19 3.25 3.32 3.39 3.5 3.69 3.95 4.26 4.59 4.93 5.28 5.65 6.02 6.41 6.83 7.28 7.79 8.37 9.04 9.79 10.6 11.5 12.3 13.1 13.8 14.3
-3.4e+38 -3.4e+38 -3.4e+38 -3.4e+38 -3.4e+38 -3.4e+38 -3.4e+38 -3.4e+38 -3.4e+38 -3.4e+38 -3.4e+38 -3.4e+38 -3.4e+38 -3.4e+38 -3.4e+38 -3.4e+38 -3.4e+38 -3.4e+38 -3.4e+38 -3.4e+38 -3.4e+38 -3.4e+38 1.39 1.38 1.37 1.37 1.4 1.47 1.57 1.68 1.8 1.92 2.06 2.18 2.25 2.27 2.36 2.42 2.44 2.48 2.54 2.61 2.67 2.73 2.78 2.83 2.87 2.9 2.94 2.99 3.05 3.24 3.53 3.85 4.19 4.55 4.93 5.32 5.74 6.19 6.68 7.22 7.82 8.51 9.27 10.1 11 11.8 12.7 13.4 14 14.5
-3.4e+38 -3.4e+38 -3.4e+38 -3.4e+38 -3.4e+38 -3.4e+38 -3.4e+38 -3.4e+38 -3.4e+38 -3.4e+38 -3.4e+38 -3.4e+38 -3.4e+38 -3.4e+38 -3.4e+38 -3.4e+38 -3.4e+38 -3.4e+38 -3.4e+38 -3.4e+38 -3.4e+38 -3.4e+38 -3.4e+38 1.39 1.39 1.41 1.45 1.51 1.6 1.7 1.82 1.94 2.07 2.16 2.2 2.18 2.29 2.38 2.38 2.39 2.41 2.44 2.47 2.5 2.53 2.55 2.57 2.59 2.62 2.67 2.73 2.91 3.18 3.49 3.83 4.2 4.59 5.01 5.47 5.97 6.53 7.15 7.85 8.62 9.49 10.4 11.4 12.3 13.1 13.8 14.3 14.7
-3.4e+38 -3.4e+38 -3.4e+38 -3.4e+38 -3.4e+38 -3.4e+38 -3.4e+38 -3.4e+38 -3.4e+38 -3.4e+38 -3.4e+38 -3.4e+38 -3.4e+38 -3.4e+38 -3.4e+38 -3.4e+38 -3.4e+38 -3.4e+38 -3.4e+38 -3.4e+38 -3.4e+38 -3.4e+38 1.39 1.4 1.41 1.44 1.48 1.54 1.62 1.71 1.82 1.93 2.09 2.23 2.27 2.23 2.27 2.29 2.28 2.27 2.26 2.26 2.27 2.27 2.28 2.28 2.29 2.31 2.34 2.4 2.49 2.65 2.88 3.17 3.5 3.86 4.27 4.71 5.2 5.75 6.37 7.07 7.84 8.72 9.7 10.7 11.8 12.8 13.6 14.2 14.6 14.9
-3.4e+38 -3.4e+38 -3.4e+38 -3.4e+38 -3.4e+38 -3.4e+38 -3.4e+38 -3.4e+38 -3.4e+38 -3.4e+38 -3.4e+38 -3.4e+38 -3.4e+38 -3.4e+38 -3.4e+38 -3.4e+38 -3.4e+38 -3.4e+38 -3.4e+38 -3.4e+38 -3.4e+38 -3.4e+38 1.39 1.4 1.42 1.45 1.49 1.55 1.62 1.71 1.8 1.89 2.03 2.16 2.22 2.19 2.18 2.15 2.14 2.11 2.09 2.08 2.07 2.05 2.05 2.04 2.04 2.06 2.09 2.15 2.25 2.4 2.61 2.88 3.19 3.55 3.96 4.42 4.94 5.53 6.2 6.96 7.82 8.79 9.89 11.1 12.3 13.4 14.1 14.6 14.9 15.1
-3.4e+38 -3.4e+38 -3.4e+38 -3.4e+38 -3.4e+38 -3.4e+38 -3.4e+38 -3.4e+38 -3.4e+38 -3.4e+38 -3.4e+38 -3.4e+38 -3.4e+38 -3.4e+38 -3.4e+38 -3.4e+38 -3.4e+38 -3.4e+38 -3.4e+38 -3.4e+38 -3.4e+38 -3.4e+38 1.38 1.4 1.42 1.46 1.5 1.56 1.62 1.68 1.75 1.82 1.92 1.98 2.03 2.01 2.01 1.99 1.97 1.94 1.91 1.89 1.87 1.84 1.82 1.81 1.81 1.83 1.86 1.91 2.01 2.15 2.35 2.6 2.9 3.26 3.67 4.14 4.68 5.3 6.01 6.83 7.75 8.81 10 11.4 12.9 14.2 14.7 15 15.2 15.3
-3.4e+38 -3.4e+38 -3.4e+38 -3.4e+38 -3.4e+38 -3.4e+38 -3.4e+38 -3.4e+38 -3.4e+38 -3.4e+38 -3.4e+38 -3.4e+38 -3.4e+38 -3.4e+38 -3.4e+38 -3.4e+38 -3.4e+38 -3.4e+38 -3.4e+38 -3.4e+38 -3.4e+38 -3.4e+38 1.37 1.39 1.41 1.45 1.5 1.55 1.6 1.65 1.69 1.73 1.78 1.8 1.82 1.81 1.81 1.79 1.77 1.75 1.72 1.7 1.67 1.64 1.62 1.6 1.6 1.61 1.63 1.69 1.77 1.9 2.09 2.33 2.62 2.97 3.39 3.87 4.43 5.08 5.83 6.68 7.65 8.77 10.1 11.5 13.3 15.1 15.1 15.2 15.3 15.3
-3.4e+38 -3.4e+38 -3.4e+38 -3.4e+38 -3.4e+38 -3.4e+38 -3.4e+38 -3.4e+38 -3.4e+38 -3.4e+38 -3.4e+38 -3.4e+38 -3.4e+38 -3.4e+38 -3.4e+38 -3.4e+38 -3.4e+38 -3.4e+38 -3.4e+38 -3.4e+38 -3.4e+38 1.33 1.35 1.37 1.4 1.43 1.48 1.54 1.58 1.6 1.62 1.62 1.63 1.62 1.63 1.6 1.59 1.58 1.58 1.56 1.54 1.51 1.48 1.46 1.43 1.41 1.4 1.4 1.42 1.46 1.54 1.66 1.83 2.06 2.35 2.71 3.13 3.62 4.2 4.86 5.63 6.51 7.51 8.64 9.95 11.4 13 14.3 14.9 15.1 15.2 15.3
-3.4e+38 -3.4e+38 -3.4e+38 -3.4e+38 -3.4e+38 -3.4e+38 -3.4e+38 -3.4e+38 -3.4e+38 -3.4e+38 -3.4e+38 -3.4e+38 -3.4e+38 -3.4e+38 -3.4e+38 -3.4e+38 -3.4e+38 -3.4e+38 -3.4e+38 -3.4e+38 -3.4e+38 1.3 1.32 1.34 1.37 1.41 1.46 1.52 1.56 1.55 1.53 1.5 1.48 1.45 1.43 1.39 1.38 1.37 1.38 1.38 1.36 1.34 1.32 1.29 1.26 1.24 1.22 1.21 1.22 1.25 1.32 1.43 1.59 1.81 2.1 2.46 2.89 3.39 3.98 4.66 5.45 6.34 7.34 8.47 9.74 11.1 12.4 13.6 14.3 14.7 15 15.1
-3.4e+38 -3.4e+38 -3.4e+38 -3.4e+38 -3.4e+38 -3.4e+38 -3.4e+38 -3.4e+38 -3.4e+38 -3.4e+38 -3.4e+38 -3.4e+38 -3.4e+38 -3.4e+38 -3.4e+38 -3.4e+38 -3.4e+38 -3.4e+38 -3.4e+38 -3.4e+38 -3.4e+38 1.27 1.28 1.3 1.33 1.36 1.41 1.48 1.53 1.49 1.43 1.37 1.32 1.27 1.23 1.18 1.16 1.17 1.19 1.21 1.21 1.2 1.18 1.15 1.11 1.09 1.06 1.05 1.04 1.06 1.1 1.2 1.36 1.58 1.88 2.24 2.68 3.2 3.8 4.49 5.29 6.19 7.19 8.29 9.48 10.7 11.9 12.9 13.7 14.3 14.6 14.8
-3.4e+38 -3.4e+38 -3.4e+38 -3.4e+38 -3.4e+38 -3.4e+38 -3.4e+38 -3.4e+38 -3.4e+38 -3.4e+38 -3.4e+38 -3.4e+38 -3.4e+38 -3.4e+38 -3.4e+38 -3.4e+38 -3.4e+38 -3.4e+38 -3.4e+38 -3.4e+38 -3.4e+38 1.23 1.24 1.25 1.27 1.3 1.34 1.4 1.44 1.38 1.3 1.23 1.17 1.11 1.06 1.01 0.98 1 1.04 1.06 1.07 1.07 1.05 1.03 0.993 0.961 0.931 0.906 0.889 0.888 0.915 0.995 1.15 1.38 1.68 2.06 2.5 3.03 3.65 4.35 5.16 6.06 7.04 8.11 9.24 10.4 11.5 12.4 13.2 13.8 14.2 14.4
-3.4e+38 -3.4e+38 -3.4e+38 -3.4e+38 -3.4e+38 -3.4e+38 -3.4e+38 -3.4e+38 -3.4e+38 -3.4e+38 -3.4e+38 -3.4e+38 -3.4e+38 -3.4e+38 -3.4e+38 -3.4e+38 -3.4e+38 -3.4e+38 -3.4e+38 -3.4e+38 -3.4e+38 -3.4e+38 1.19 1.2 1.2 1.22 1.24 1.26 1.26 1.21 1.14 1.07 1.01 0.954 0.912 0.871 0.861 0.879 0.915 0.941 0.953 0.952 0.944 0.923 0.894 0.859 0.824 0.794 0.768 0.749 0.75 0.807 0.965 1.21 1.53 1.92 2.38 2.91 3.54 4.26 5.06 5.95 6.92 7.95 9.03 10.1 11.1 12 12.8 13.4 13.8 14.1
-3.4e+38 -3.4e+38 -3.4e+38 -3.4e+38 -3.4e+38 -3.4e+38 -3.4e+38 -3.4e+38 -3.4e+38 -3.4e+38 -3.4e+38 -3.4e+38 -3.4e+38 -3.4e+38 -3.4e+38 -3.4e+38 -3.4e+38 -3.4e+38 -3.4e+38 -3.4e+38 -3.4e+38 -3.4e+38 -3.4e+38 1.13 1.13 1.13 1.13 1.12 1.09 1.04 0.983 0.917 0.862 0.808 0.774 0.749 0.753 0.776 0.815 0.845 0.862 0.863 0.858 0.84 0.812 0.777 0.743 0.711 0.682 0.655 0.633 0.647 0.841 1.11 1.44 1.83 2.3 2.85 3.49 4.21 5.01 5.89 6.84 7.84 8.86 9.87 10.8 11.7 12.4 13 13.5 13.8
-3.4e+38 -3.4e+38 -3.4e+38 -3.4e+38 -3.4e+38 -3.4e+38 -3.4e+38 -3.4e+38 -3.4e+38 -3.4e+38 -3.4e+38 -3.4e+38 -3.4e+38 -3.4e+38 -3.4e+38 -3.4e+38 -3.4e+38 -3.4e+38 -3.4e+38 -3.4e+38 -3.4e+38 -3.4e+38 -3.4e+38 -3.4e+38 1.06 1.04 1.02 0.993 0.951 0.894 0.832 0.765 0.715 0.67 0.642 0.628 0.647 0.683 0.731 0.767 0.787 0.789 0.784 0.77 0.743 0.711 0.682 0.654 0.631 0.613 0.606 0.65 0.822 1.08 1.41 1.8 2.28 2.83 3.47 4.2 4.99 5.87 6.79 7.76 8.73 9.68 10.6 11.4 12.1 12.7 13.1 13.4
-3.4e+38 -3.4e+38 -3.4e+38 -3.4e+38 -3.4e+38 -3.4e+38 -3.4e+38 -3.4e+38 -3.4e+38 -3.4e+38 -3.4e+38 -3.4e+38 -3.4e+38 -3.4e+38 -3.4e+38 -3.4e+38 -3.4e+38 -3.4e+38 -3.4e+38 -3.4e+38 -3.4e+38 -3.4e+38 -3.4e+38 -3.4e+38 -3.4e+38 0.961 0.928 0.886 0.833 0.77 0.701 0.63 0.582 0.544 0.521 0.514 0.549 0.602 0.666 0.705 0.715 0.714 0.712 0.705 0.683 0.66 0.64 0.624 0.615 0.616 0.641 0.717 0.874 1.11 1.43 1.82 2.3 2.85 3.5 4.23 5.02 5.89 6.78 7.72 8.64 9.55 10.4 11.1 11.8 12.4 12.9 13.1
-3.4e+38 -3.4e+38 -3.4e+38 -3.4e+38 -3.4e+38 -3.4e+38 -3.4e+38 -3.4e+38 -3.4e+38 -3.4e+38 -3.4e+38 -3.4e+38 -3.4e+38 -3.4e+38 -3.4e+38 -3.4e+38 -3.4e+38 -3.4e+38 -3.4e+38 -3.4e+38 -3.4e+38 -3.4e+38 -3.4e+38 -3.4e+38 -3.4e+38 0.888 0.846 0.795 0.736 0.668 0.593 0.514 0.472 0.444 0.426 0.425 0.463 0.522 0.605 0.64 0.632 0.628 0.63 0.629 0.623 0.617 0.613 0.612 0.621 0.643 0.693 0.789 0.947 1.18 1.49 1.88 2.35 2.91 3.56 4.29 5.08 5.93 6.8 7.7 8.59 9.45 10.2 11 11.6 12.2 12.6 12.9
-3.4e+38 -3.4e+38 -3.4e+38 -3.4e+38 -3.4e+38 -3.4e+38 -3.4e+38 -3.4e+38 -3.4e+38 -3.4e+38 -3.4e+38 -3.4e+38 -3.4e+38 -3.4e+38 -3.4e+38 -3.4e+38 -3.4e+38 -3.4e+38 -3.4e+38 -3.4e+38 -3.4e+38 -3.4e+38 -3.4e+38 -3.4e+38 -3.4e+38 -3.4e+38 0.779 0.723 0.662 0.594 0.522 0.451 0.406 0.376 0.362 0.363 0.39 0.436 0.499 0.53 0.529 0.532 0.542 0.556 0.569 0.585 0.602 0.62 0.648 0.69 0.759 0.868 1.03 1.26 1.57 1.96 2.43 3 3.65 4.38 5.16 5.99 6.85 7.71 8.56 9.38 10.1 10.8 11.4 12 12.4 12.6
-3.4e+38 -3.4e+38 -3.4e+38 -3.4e+38 -3.4e+38 -3.4e+38 -3.4e+38 -3.4e+38 -3.4e+38 -3.4e+38 -3.4e+38 -3.4e+38 -3.4e+38 -3.4e+38 -3.4e+38 -3.4e+38 -3.4e+38 -3.4e+38 -3.4e+38 -3.4e+38 -3.4e+38 -3.4e+38 -3.4e+38 -3.4e+38 -3.4e+38 -3.4e+38 -3.4e+38 0.667 0.606 0.541 0.475 0.412 0.364 0.327 0.31 0.306 0.321 0.351 0.391 0.417 0.426 0.437 0.459 0.489 0.522 0.563 0.606 0.643 0.69 0.75 0.834 0.955 1.13 1.36 1.67 2.06 2.54 3.11 3.76 4.49 5.27 6.08 6.91 7.74 8.55 9.33 10 10.7 11.3 11.8 12.2 12.5
-3.4e+38 -3.4e+38 -3.4e+38 -3.4e+38 -3.4e+38 -3.4e+38 -3.4e+38 -3.4e+38 -3.4e+38 -3.4e+38 -3.4e+38 -3.4e+38 -3.4e+38 -3.4e+38 -3.4e+38 -3.4e+38 -3.4e+38 -3.4e+38 -3.4e+38 -3.4e+38 -3.4e+38 -3.4e+38 -3.4e+38 -3.4e+38 -3.4e+38 -3.4e+38 -3.4e+38 -3.4e+38 0.565 0.504 0.443 0.384 0.334 0.293 0.271 0.261 0.265 0.284 0.313 0.336 0.349 0.36 0.387 0.432 0.48 0.552 0.627 0.685 0.75 0.826 0.923 1.05 1.23 1.47 1.78 2.18 2.67 3.25 3.91 4.63 5.4 6.19 6.99 7.79 8.55 9.29 9.96 10.6 11.2 11.7 12.1 12.3
-3.4e+38 -3.4e+38 -3.4e+38 -3.4e+38 -3.4e+38 -3.4e+38 -3.4e+38 -3.4e+38 -3.4e+38 -3.4e+38 -3.4e+38 -3.4e+38 -3.4e+38 -3.4e+38 -3.4e+38 -3.4e+38 -3.4e+38 -3.4e+38 -3.4e+38 -3.4e+38 -3.4e+38 -3.4e+38 -3.4e+38 -3.4e+38 -3.4e+38 -3.4e+38 -3.4e+38 -3.4e+38 0.536 0.479 0.422 0.366 0.314 0.267 0.244 0.232 0.229 0.242 0.266 0.286 0.302 0.319 0.348 0.398 0.458 0.556 0.659 0.741 0.828 0.918 1.03 1.16 1.34 1.57 1.9 2.31 2.82 3.42 4.08 4.79 5.54 6.31 7.08 7.83 8.56 9.25 9.9 10.5 11.1 11.6 12 12.2
-3.4e+38 -3.4e+38 -3.4e+38 -3.4e+38 -3.4e+38 -3.4e+38 -3.4e+38 -3.4e+38 -3.4e+38 -3.4e+38 -3.4e+38 -3.4e+38 -3.4e+38 -3.4e+38 -3.4e+38 -3.4e+38 -3.4e+38 -3.4e+38 -3.4e+38 -3.4e+38 -3.4e+38 -3.4e+38 -3.4e+38 -3.4e+38 -3.4e+38 -3.4e+38 -3.4e+38 -3.4e+38 -3.4e+38 0.465 0.412 0.359 0.308 0.261 0.239 0.227 0.224 0.23 0.246 0.262 0.281 0.304 0.335 0.389 0.455 0.573 0.699 0.811 0.923 1.03 1.15 1.28 1.45 1.68 2.01 2.46 3 3.61 4.28 4.98 5.71 6.44 7.16 7.87 8.55 9.21 9.83 10.4 11 11.5 11.9 12.2
-3.4e+38 -3.4e+38 -3.4e+38 -3.4e+38 -3.4e+38 -3.4e+38 -3.4e+38 -3.4e+38 -3.4e+38 -3.4e+38 -3.4e+38 -3.4e+38 -3.4e+38 -3.4e+38 -3.4e+38 -3.4e+38 -3.4e+38 -3.4e+38 -3.4e+38 -3.4e+38 -3.4e+38 -3.4e+38 -3.4e+38 -3.4e+38 -3.4e+38 -3.4e+38 -3.4e+38 -3.4e+38 -3.4e+38 -3.4e+38 0.41 0.362 0.318 0.279 0.255 0.239 0.233 0.233 0.242 0.255 0.274 0.3 0.338 0.398 0.472 0.604 0.748 0.893 1.04 1.16 1.29 1.42 1.57 1.78 2.13 2.62 3.2 3.83 4.5 5.2 5.89 6.58 7.24 7.89 8.52 9.13 9.74 10.3 10.9 11.4 11.8 12.1
-3.4e+38 -3.4e+38 -3.4e+38 -3.4e+38 -3.4e+38 -3.4e+38 -3.4e+38 -3.4e+38 -3.4e+38 -3.4e+38 -3.4e+38 -3.4e+38 -3.4e+38 -3.4e+38 -3.4e+38 -3.4e+38 -3.4e+38 -3.4e+38 -3.4e+38 -3.4e+38 -3.4e+38 -3.4e+38 -3.4e+38 -3.4e+38 -3.4e+38 -3.4e+38 -3.4e+38 -3.4e+38 -3.4e+38 -3.4e+38 -3.4e+38 0.371 0.334 0.301 0.277 0.259 0.25 0.245 0.249 0.258 0.276 0.307 0.355 0.425 0.507 0.646 0.799 0.985 1.16 1.31 1.45 1.59 1.73 1.88 2.28 2.83 3.43 4.08 4.74 5.42 6.09 6.73 7.31 7.88 8.45 9.02 9.6 10.2 10.7 11.2 11.7 12.1
-3.4e+38 -3.4e+38 -3.4e+38 -3.4e+38 -3.4e+38 -3.4e+38 -3.4e+38 -3.4e+38 -3.4e+38 -3.4e+38 -3.4e+38 -3.4e+38 -3.4e+38 -3.4e+38 -3.4e+38 -3.4e+38 -3.4e+38 -3.4e+38 -3.4e+38 -3.4e+38 -3.4e+38 -3.4e+38 -3.4e+38 -3.4e+38 -3.4e+38 -3.4e+38 -3.4e+38 -3.4e+38 -3.4e+38 -3.4e+38 -3.4e+38 -3.4e+38 0.355 0.326 0.304 0.285 0.274 0.266 0.267 0.273 0.287 0.321 0.386 0.468 0.561 0.709 0.87 1.08 1.29 1.47 1.64 1.81 1.97 2.17 2.57 3.11 3.7 4.33 4.98 5.64 6.3 6.87 7.35 7.84 8.34 8.88 9.44 10 10.6 11.1 11.6 12
-3.4e+38 -3.4e+38 -3.4e+38 -3.4e+38 -3.4e+38 -3.4e+38 -3.4e+38 -3.4e+38 -3.4e+38 -3.4e+38 -3.4e+38 -3.4e+38 -3.4e+38 -3.4e+38 -3.4e+38 -3.4e+38 -3.4e+38 -3.4e+38 -3.4e+38 -3.4e+38 -3.4e+38 -3.4e+38 -3.4e+38 -3.4e+38 -3.4e+38 -3.4e+38 -3.4e+38 -3.4e+38 -3.4e+38 -3.4e+38 -3.4e+38 -3.4e+38 -3.4e+38 0.354 0.334 0.316 0.303 0.294 0.292 0.298 0.317 0.36 0.432 0.526 0.631 0.784 0.95 1.18 1.41 1.63 1.85 2.05 2.28 2.55 2.94 3.43 3.99 4.58 5.19 5.81 6.41 6.91 7.3 7.72 8.17 8.68 9.24 9.81 10.4 10.9 11.4 11.9
-3.4e+38 -3.4e+38 -3.4e+38 -3.4e+38 -3.4e+38 -3.4e+38 -3.4e+38 -3.4e+38 -3.4e+38 -3.4e+38 -3.4e+38 -3.4e+38 -3.4e+38 -3.4e+38 -3.4e+38 -3.4e+38 -3.4e+38 -3.4e+38 -3.4e+38 -3.4e+38 -3.4e+38 -3.4e+38 -3.4e+38 -3.4e+38 -3.4e+38 -3.4e+38 -3.4e+38 -3.4e+38 -3.4e+38 -3.4e+38 -3.4e+38 -3.4e+38 -3.4e+38 -3.4e+38 -3.4e+38 0.351 0.34 0.331 0.33 0.34 0.371 0.422 0.491 0.589 0.705 0.862 1.03 1.26 1.5 1.77 2.03 2.29 2.56 2.88 3.27 3.74 4.26 4.81 5.36 5.9 6.4 6.81 7.16 7.52 7.94 8.44 9.01 9.61 10.2 10.8 11.3 11.8
