maui/input/month_year_rainfall/maui_prcp_02_2001.asc
ncols        361
nrows        320
xllcorner    -156.738000000000
yllcorner    20.343000000000
cellsize     0.002250000000
NODATA_value -3.4028234663852885981e+38
[rows 128 to 159 of 320, columns 144 to 215 of 361]
0.666 0.658 0.65 0.644 0.639 0.635 0.631 0.63 0.63 0.632 0.636 0.643 0.653 0.666 0.683 0.703 0.724 0.742 0.755 0.769 0.785 0.805 0.829 0.855 0.885 0.918 0.954 0.992 1.03 1.07 1.12 1.16 1.2 1.24 1.28 1.33 1.38 1.43 1.48 1.53 1.59 1.65 1.7 1.76 1.83 1.89 1.96 2.02 2.09 2.15 2.21 2.25 2.28 2.3 2.32 2.33 2.34 2.36 2.38 2.41 2.44 2.48 2.52 2.57 2.62 2.68 2.75 2.83 2.92 3.03 3.15 3.29
0.654 0.646 0.637 0.63 0.624 0.619 0.615 0.612 0.611 0.612 0.615 0.621 0.629 0.641 0.655 0.672 0.691 0.708 0.724 0.741 0.76 0.782 0.807 0.835 0.865 0.899 0.934 0.97 1.01 1.05 1.09 1.13 1.17 1.21 1.25 1.3 1.34 1.39 1.44 1.49 1.54 1.59 1.64 1.7 1.75 1.81 1.87 1.93 1.98 2.04 2.09 2.13 2.17 2.19 2.21 2.23 2.25 2.28 2.3 2.34 2.37 2.42 2.47 2.52 2.59 2.66 2.74 2.83 2.93 3.05 3.18 3.33
0.643 0.633 0.624 0.616 0.609 0.603 0.598 0.594 0.592 0.592 0.594 0.598 0.605 0.614 0.626 0.641 0.658 0.675 0.693 0.713 0.734 0.758 0.785 0.814 0.845 0.878 0.913 0.949 0.986 1.03 1.07 1.11 1.15 1.19 1.23 1.27 1.31 1.36 1.4 1.45 1.49 1.54 1.59 1.64 1.69 1.74 1.79 1.84 1.89 1.94 1.99 2.03 2.06 2.09 2.12 2.15 2.17 2.2 2.24 2.27 2.32 2.37 2.42 2.49 2.56 2.64 2.73 2.83 2.95 3.07 3.21 3.36
0.632 0.621 0.611 0.602 0.594 0.587 0.581 0.577 0.573 0.572 0.572 0.575 0.579 0.587 0.597 0.609 0.625 0.642 0.662 0.684 0.707 0.733 0.762 0.792 0.824 0.857 0.892 0.928 0.964 1.01 1.05 1.09 1.13 1.16 1.2 1.24 1.29 1.33 1.37 1.41 1.45 1.49 1.54 1.58 1.63 1.67 1.71 1.76 1.8 1.85 1.89 1.93 1.97 2 2.04 2.07 2.1 2.14 2.18 2.22 2.27 2.32 2.39 2.46 2.54 2.63 2.73 2.84 2.96 3.09 3.24 3.39
0.62 0.609 0.598 0.589 0.58 0.572 0.565 0.559 0.555 0.552 0.551 0.552 0.554 0.559 0.567 0.578 0.592 0.611 0.632 0.656 0.682 0.711 0.741 0.772 0.805 0.839 0.874 0.911 0.948 0.988 1.03 1.07 1.11 1.15 1.19 1.22 1.26 1.3 1.34 1.38 1.41 1.45 1.5 1.54 1.58 1.62 1.65 1.69 1.73 1.77 1.81 1.85 1.89 1.93 1.97 2.01 2.04 2.08 2.13 2.17 2.23 2.29 2.36 2.44 2.53 2.62 2.73 2.85 2.97 3.11 3.26 3.42
0.609 0.597 0.585 0.575 0.565 0.556 0.548 0.542 0.536 0.532 0.53 0.529 0.53 0.532 0.537 0.546 0.56 0.579 0.603 0.63 0.658 0.689 0.721 0.754 0.787 0.822 0.857 0.895 0.933 0.973 1.01 1.05 1.09 1.13 1.17 1.2 1.24 1.28 1.31 1.35 1.38 1.42 1.46 1.5 1.53 1.57 1.6 1.63 1.67 1.7 1.74 1.78 1.82 1.86 1.91 1.95 1.99 2.04 2.08 2.13 2.19 2.26 2.34 2.42 2.52 2.62 2.73 2.85 2.98 3.12 3.27 3.43
0.596 0.584 0.572 0.561 0.551 0.541 0.533 0.525 0.519 0.514 0.51 0.508 0.506 0.506 0.509 0.515 0.528 0.549 0.576 0.606 0.637 0.67 0.704 0.738 0.773 0.808 0.844 0.884 0.924 0.964 1 1.04 1.08 1.12 1.16 1.2 1.23 1.26 1.29 1.32 1.36 1.39 1.43 1.47 1.5 1.54 1.56 1.59 1.61 1.64 1.68 1.72 1.77 1.82 1.86 1.91 1.96 2.01 2.06 2.11 2.17 2.24 2.33 2.42 2.52 2.63 2.74 2.87 3 3.14 3.29 3.45
0.584 0.571 0.559 0.547 0.536 0.526 0.517 0.51 0.503 0.497 0.492 0.488 0.485 0.483 0.482 0.485 0.497 0.521 0.552 0.585 0.619 0.654 0.689 0.725 0.76 0.797 0.834 0.875 0.916 0.957 0.998 1.04 1.08 1.11 1.15 1.19 1.22 1.25 1.28 1.31 1.34 1.37 1.41 1.45 1.48 1.51 1.53 1.55 1.56 1.59 1.63 1.67 1.72 1.78 1.83 1.88 1.93 1.99 2.04 2.1 2.16 2.24 2.33 2.43 2.53 2.64 2.76 2.88 3.01 3.15 3.3 3.46
0.572 0.558 0.546 0.534 0.523 0.512 0.503 0.495 0.488 0.482 0.477 0.472 0.468 0.464 0.461 0.459 0.466 0.498 0.533 0.569 0.606 0.642 0.679 0.715 0.751 0.79 0.83 0.872 0.914 0.956 0.998 1.04 1.08 1.12 1.15 1.19 1.22 1.25 1.28 1.31 1.34 1.37 1.4 1.44 1.47 1.49 1.52 1.52 1.52 1.54 1.58 1.64 1.69 1.75 1.81 1.87 1.93 1.98 2.04 2.1 2.17 2.25 2.34 2.44 2.55 2.66 2.77 2.89 3.02 3.16 3.3 3.46
0.559 0.546 0.533 0.521 0.509 0.499 0.49 0.482 0.475 0.469 0.463 0.458 0.455 0.451 0.449 0.449 0.458 0.488 0.523 0.559 0.596 0.634 0.671 0.709 0.746 0.786 0.828 0.872 0.915 0.958 1 1.04 1.08 1.12 1.16 1.2 1.23 1.26 1.29 1.32 1.34 1.37 1.4 1.43 1.46 1.48 1.5 1.48 1.47 1.49 1.55 1.61 1.68 1.74 1.8 1.87 1.93 1.99 2.06 2.12 2.2 2.28 2.37 2.47 2.57 2.68 2.79 2.91 3.03 3.17 3.31 3.46
0.547 0.533 0.52 0.508 0.497 0.487 0.477 0.47 0.463 0.457 0.452 0.448 0.445 0.444 0.445 0.45 0.464 0.489 0.521 0.556 0.592 0.63 0.667 0.706 0.744 0.787 0.831 0.876 0.921 0.965 1.01 1.05 1.09 1.14 1.18 1.21 1.25 1.28 1.31 1.34 1.36 1.39 1.42 1.44 1.46 1.48 1.48 1.47 1.44 1.47 1.54 1.61 1.68 1.75 1.82 1.88 1.95 2.02 2.09 2.16 2.23 2.32 2.41 2.5 2.6 2.71 2.82 2.94 3.06 3.18 3.32 3.46
0.534 0.521 0.508 0.496 0.485 0.475 0.466 0.459 0.452 0.447 0.444 0.441 0.44 0.441 0.445 0.454 0.47 0.493 0.523 0.556 0.592 0.629 0.667 0.706 0.747 0.791 0.837 0.883 0.929 0.975 1.02 1.07 1.11 1.15 1.19 1.23 1.27 1.3 1.33 1.36 1.39 1.41 1.44 1.46 1.48 1.49 1.49 1.49 1.49 1.51 1.57 1.64 1.7 1.77 1.84 1.91 1.98 2.05 2.12 2.2 2.28 2.36 2.45 2.54 2.64 2.74 2.85 2.96 3.08 3.2 3.33 3.46
0.521 0.508 0.495 0.484 0.473 0.463 0.455 0.449 0.443 0.439 0.437 0.436 0.437 0.441 0.448 0.459 0.476 0.499 0.528 0.56 0.595 0.632 0.67 0.711 0.753 0.799 0.846 0.893 0.941 0.988 1.04 1.08 1.13 1.17 1.22 1.26 1.29 1.33 1.36 1.39 1.42 1.44 1.46 1.48 1.5 1.51 1.52 1.53 1.55 1.57 1.62 1.68 1.74 1.81 1.88 1.95 2.02 2.09 2.17 2.24 2.32 2.4 2.49 2.58 2.68 2.78 2.88 2.99 3.1 3.22 3.34 3.47
0.509 0.496 0.483 0.472 0.462 0.453 0.446 0.44 0.436 0.433 0.432 0.432 0.435 0.442 0.451 0.464 0.483 0.506 0.534 0.566 0.601 0.637 0.676 0.718 0.762 0.81 0.858 0.907 0.955 1 1.05 1.1 1.15 1.2 1.24 1.28 1.32 1.36 1.39 1.42 1.45 1.47 1.49 1.51 1.53 1.55 1.57 1.58 1.6 1.64 1.68 1.73 1.79 1.86 1.93 1.99 2.07 2.14 2.21 2.29 2.37 2.45 2.53 2.62 2.71 2.81 2.91 3.02 3.12 3.24 3.35 3.47
0.496 0.483 0.471 0.46 0.451 0.443 0.437 0.432 0.429 0.427 0.427 0.43 0.435 0.443 0.454 0.47 0.489 0.513 0.542 0.573 0.608 0.645 0.685 0.728 0.774 0.823 0.872 0.922 0.972 1.02 1.07 1.13 1.18 1.22 1.27 1.31 1.35 1.39 1.42 1.46 1.48 1.51 1.53 1.55 1.57 1.59 1.61 1.63 1.66 1.69 1.74 1.79 1.85 1.91 1.97 2.04 2.11 2.19 2.26 2.34 2.41 2.49 2.58 2.66 2.75 2.85 2.94 3.04 3.15 3.25 3.36 3.47
0.483 0.47 0.459 0.449 0.44 0.433 0.428 0.424 0.422 0.422 0.424 0.428 0.435 0.445 0.458 0.475 0.496 0.521 0.55 0.582 0.616 0.654 0.695 0.74 0.787 0.837 0.887 0.939 0.991 1.04 1.1 1.15 1.2 1.25 1.3 1.34 1.38 1.42 1.46 1.49 1.52 1.54 1.57 1.59 1.61 1.63 1.66 1.69 1.72 1.75 1.8 1.85 1.9 1.96 2.03 2.09 2.16 2.23 2.31 2.38 2.46 2.54 2.62 2.7 2.79 2.88 2.98 3.07 3.17 3.28 3.38 3.49
0.469 0.457 0.447 0.438 0.43 0.424 0.42 0.417 0.416 0.417 0.421 0.427 0.435 0.447 0.462 0.48 0.502 0.528 0.558 0.591 0.626 0.665 0.707 0.753 0.802 0.852 0.904 0.958 1.01 1.07 1.12 1.18 1.23 1.28 1.33 1.37 1.42 1.46 1.5 1.53 1.56 1.58 1.61 1.63 1.66 1.68 1.71 1.74 1.77 1.81 1.86 1.91 1.96 2.02 2.08 2.15 2.22 2.29 2.36 2.43 2.5 2.58 2.66 2.74 2.83 2.92 3.01 3.1 3.2 3.3 3.41 3.51
0.455 0.444 0.435 0.427 0.42 0.415 0.412 0.41 0.411 0.413 0.418 0.426 0.436 0.449 0.466 0.485 0.509 0.536 0.567 0.601 0.637 0.677 0.72 0.768 0.818 0.87 0.923 0.979 1.04 1.09 1.15 1.21 1.26 1.31 1.36 1.41 1.45 1.5 1.53 1.57 1.6 1.62 1.65 1.67 1.7 1.73 1.76 1.8 1.83 1.87 1.92 1.97 2.02 2.08 2.14 2.2 2.27 2.34 2.41 2.48 2.55 2.62 2.7 2.78 2.86 2.95 3.04 3.13 3.23 3.33 3.44 3.55
0.441 0.431 0.423 0.416 0.411 0.407 0.405 0.404 0.406 0.41 0.416 0.425 0.437 0.452 0.469 0.491 0.516 0.544 0.576 0.611 0.649 0.69 0.735 0.784 0.835 0.889 0.944 1 1.06 1.12 1.18 1.24 1.3 1.35 1.4 1.45 1.49 1.54 1.58 1.61 1.64 1.66 1.69 1.72 1.75 1.78 1.82 1.85 1.89 1.93 1.98 2.03 2.08 2.14 2.2 2.26 2.32 2.39 2.46 2.52 2.59 2.67 2.74 2.82 2.9 2.99 3.07 3.16 3.26 3.37 3.48 3.59
0.427 0.419 0.412 0.406 0.402 0.399 0.397 0.398 0.401 0.406 0.414 0.425 0.438 0.454 0.474 0.496 0.523 0.553 0.586 0.622 0.662 0.705 0.752 0.803 0.855 0.911 0.967 1.03 1.09 1.15 1.21 1.27 1.33 1.39 1.44 1.49 1.54 1.58 1.62 1.65 1.68 1.71 1.74 1.77 1.81 1.84 1.88 1.91 1.95 1.99 2.04 2.09 2.14 2.2 2.26 2.32 2.38 2.44 2.5 2.57 2.64 2.71 2.78 2.85 2.93 3.02 3.1 3.19 3.29 3.4 3.51 3.64
0.414 0.407 0.401 0.396 0.393 0.391 0.391 0.393 0.397 0.403 0.412 0.424 0.439 0.457 0.478 0.502 0.53 0.562 0.596 0.634 0.676 0.721 0.77 0.822 0.876 0.933 0.992 1.05 1.11 1.18 1.24 1.3 1.37 1.43 1.48 1.53 1.58 1.63 1.66 1.7 1.73 1.76 1.79 1.83 1.86 1.9 1.93 1.97 2.01 2.06 2.11 2.15 2.21 2.26 2.32 2.37 2.43 2.49 2.55 2.62 2.68 2.75 2.82 2.89 2.97 3.05 3.13 3.22 3.32 3.43 3.55 3.68
0.401 0.395 0.391 0.387 0.385 0.384 0.385 0.388 0.393 0.4 0.41 0.424 0.44 0.459 0.482 0.508 0.537 0.57 0.607 0.647 0.691 0.738 0.789 0.843 0.899 0.957 1.02 1.08 1.14 1.21 1.28 1.34 1.4 1.46 1.52 1.57 1.62 1.67 1.71 1.74 1.78 1.81 1.85 1.88 1.92 1.96 1.99 2.03 2.08 2.12 2.17 2.22 2.27 2.32 2.38 2.43 2.49 2.55 2.6 2.66 2.72 2.79 2.85 2.92 3 3.08 3.16 3.25 3.35 3.46 3.58 3.72
0.389 0.385 0.382 0.379 0.378 0.378 0.379 0.383 0.389 0.397 0.409 0.423 0.44 0.461 0.485 0.513 0.544 0.579 0.618 0.66 0.706 0.755 0.808 0.864 0.922 0.982 1.04 1.11 1.18 1.24 1.31 1.37 1.44 1.5 1.56 1.61 1.67 1.71 1.75 1.79 1.83 1.86 1.9 1.94 1.98 2.02 2.06 2.1 2.14 2.19 2.24 2.29 2.34 2.39 2.44 2.49 2.55 2.6 2.66 2.71 2.77 2.83 2.89 2.96 3.03 3.1 3.18 3.27 3.37 3.48 3.61 3.76
0.379 0.376 0.374 0.373 0.372 0.372 0.375 0.379 0.385 0.394 0.406 0.421 0.44 0.463 0.488 0.518 0.551 0.589 0.63 0.675 0.723 0.774 0.829 0.887 0.947 1.01 1.07 1.14 1.21 1.28 1.35 1.41 1.48 1.54 1.6 1.66 1.71 1.76 1.8 1.84 1.88 1.92 1.96 2 2.04 2.08 2.12 2.17 2.21 2.26 2.31 2.35 2.4 2.45 2.5 2.55 2.61 2.66 2.71 2.76 2.81 2.87 2.93 2.99 3.05 3.12 3.2 3.28 3.38 3.5 3.63 3.79
0.371 0.369 0.368 0.367 0.367 0.368 0.371 0.375 0.382 0.391 0.404 0.42 0.44 0.464 0.492 0.523 0.559 0.599 0.643 0.69 0.741 0.795 0.851 0.911 0.973 1.04 1.11 1.17 1.24 1.31 1.38 1.45 1.52 1.58 1.64 1.7 1.76 1.81 1.85 1.9 1.94 1.98 2.02 2.07 2.11 2.15 2.19 2.24 2.28 2.33 2.38 2.42 2.47 2.52 2.57 2.62 2.67 2.72 2.76 2.81 2.86 2.91 2.97 3.02 3.08 3.15 3.22 3.3 3.4 3.51 3.65 3.82
0.366 0.365 0.364 0.363 0.363 0.365 0.367 0.372 0.379 0.388 0.402 0.419 0.44 0.465 0.495 0.528 0.567 0.61 0.656 0.707 0.76 0.817 0.876 0.938 1 1.07 1.14 1.21 1.28 1.35 1.42 1.49 1.56 1.63 1.69 1.75 1.81 1.86 1.91 1.96 2 2.05 2.09 2.13 2.18 2.22 2.26 2.31 2.35 2.4 2.45 2.5 2.54 2.59 2.64 2.68 2.73 2.77 2.82 2.86 2.91 2.96 3 3.06 3.11 3.17 3.24 3.31 3.41 3.52 3.67 3.84
0.363 0.362 0.362 0.361 0.361 0.363 0.365 0.369 0.376 0.386 0.399 0.417 0.439 0.467 0.498 0.534 0.575 0.621 0.67 0.724 0.78 0.84 0.902 0.967 1.03 1.1 1.18 1.25 1.32 1.39 1.47 1.54 1.61 1.68 1.74 1.8 1.86 1.92 1.97 2.02 2.07 2.11 2.16 2.21 2.25 2.29 2.34 2.39 2.43 2.48 2.53 2.57 2.62 2.66 2.71 2.75 2.8 2.84 2.88 2.92 2.96 3.01 3.05 3.1 3.15 3.2 3.26 3.33 3.42 3.53 3.68 3.86
0.364 0.363 0.362 0.362 0.361 0.362 0.364 0.367 0.373 0.383 0.397 0.415 0.439 0.467 0.501 0.54 0.584 0.632 0.685 0.741 0.801 0.863 0.929 0.997 1.07 1.14 1.21 1.29 1.36 1.44 1.51 1.59 1.66 1.73 1.8 1.86 1.92 1.98 2.04 2.09 2.14 2.19 2.24 2.28 2.33 2.37 2.42 2.47 2.51 2.56 2.61 2.65 2.69 2.74 2.78 2.82 2.86 2.9 2.94 2.98 3.02 3.06 3.1 3.14 3.19 3.24 3.3 3.36 3.43 3.53 3.68 3.88
0.367 0.366 0.365 0.364 0.363 0.363 0.364 0.367 0.372 0.38 0.394 0.413 0.437 0.468 0.504 0.546 0.593 0.644 0.7 0.759 0.822 0.889 0.958 1.03 1.1 1.18 1.26 1.33 1.41 1.49 1.56 1.64 1.72 1.79 1.86 1.93 1.99 2.05 2.11 2.17 2.22 2.27 2.32 2.37 2.41 2.46 2.51 2.55 2.6 2.65 2.69 2.73 2.78 2.82 2.86 2.9 2.93 2.97 3.01 3.04 3.08 3.12 3.16 3.2 3.25 3.29 3.35 3.4 3.47 3.54 3.7 3.92
0.374 0.373 0.371 0.369 0.367 0.366 0.366 0.367 0.371 0.378 0.39 0.409 0.435 0.468 0.507 0.551 0.602 0.656 0.715 0.778 0.845 0.916 0.989 1.06 1.14 1.22 1.3 1.38 1.46 1.54 1.62 1.7 1.78 1.85 1.93 2 2.06 2.13 2.19 2.25 2.3 2.36 2.41 2.46 2.5 2.55 2.6 2.65 2.69 2.74 2.78 2.82 2.86 2.9 2.94 2.97 3.01 3.04 3.08 3.11 3.15 3.19 3.22 3.26 3.31 3.36 3.41 3.47 3.54 3.63 3.78 3.99
0.384 0.382 0.379 0.377 0.374 0.372 0.37 0.369 0.371 0.376 0.387 0.405 0.433 0.468 0.51 0.558 0.612 0.67 0.732 0.799 0.869 0.944 1.02 1.1 1.18 1.27 1.35 1.43 1.52 1.6 1.68 1.76 1.84 1.92 2 2.07 2.15 2.21 2.28 2.34 2.4 2.46 2.51 2.56 2.61 2.66 2.7 2.75 2.8 2.84 2.88 2.92 2.96 2.99 3.03 3.06 3.09 3.12 3.16 3.19 3.22 3.26 3.29 3.34 3.38 3.43 3.48 3.55 3.63 3.74 3.89 4.08
0.396 0.393 0.39 0.387 0.383 0.38 0.377 0.374 0.373 0.375 0.382 0.4 0.43 0.469 0.515 0.566 0.623 0.685 0.75 0.82 0.894 0.972 1.05 1.14 1.22 1.31 1.4 1.48 1.57 1.66 1.74 1.83 1.92 2 2.08 2.16 2.23 2.31 2.37 2.44 2.5 2.56 2.61 2.66 2.72 2.77 2.81 2.86 2.9 2.94 2.98 3.02 3.05 3.08 3.12 3.15 3.18 3.21 3.24 3.27 3.3 3.33 3.37 3.41 3.46 3.51 3.57 3.64 3.73 3.85 4 4.18
