maui/input/month_year_rainfall/maui_prcp_09_2001.asc
ncols        361
nrows        320
xllcorner    -156.738000000000
yllcorner    20.343000000000
cellsize     0.002250000000
NODATA_value -3.4028234663852885981e+38
[rows 31 to 61 of 320, columns 0 to 70 of 361]
-3.4e+38 -3.4e+38 -3.4e+38 -3.4e+38 -3.4e+38 -3.4e+38 -3.4e+38 -3.4e+38 -3.4e+38 -3.4e+38 -3.4e+38 -3.4e+38 -3.4e+38 -3.4e+38 -3.4e+38 -3.4e+38 -3.4e+38 -3.4e+38 -3.4e+38 -3.4e+38 -3.4e+38 -3.4e+38 -3.4e+38 -3.4e+38 -3.4e+38 -3.4e+38 -3.4e+38 -3.4e+38 -3.4e+38 0.514 0.556 0.603 0.66 0.723 0.805 0.892 0.997 1.11 1.23 1.38 1.55 1.73 1.91 2.1 2.28 2.45 2.61 2.75 2.87 2.97 3.06 3.13 3.2 3.26 3.31 3.36 3.4 3.45 3.48 3.51 3.54 3.56 3.56 3.56 3.54 3.51 3.46 3.39 3.31 3.2 3.08
-3.4e+38 -3.4e+38 -3.4e+38 -3.4e+38 -3.4e+38 -3.4e+38 -3.4e+38 -3.4e+38 -3.4e+38 -3.4e+38 -3.4e+38 -3.4e+38 -3.4e+38 -3.4e+38 -3.4e+38 -3.4e+38 -3.4e+38 -3.4e+38 -3.4e+38 -3.4e+38 -3.4e+38 -3.4e+38 -3.4e+38 -3.4e+38 -3.4e+38 -3.4e+38 -3.4e+38 -3.4e+38 -3.4e+38 0.513 0.558 0.608 0.672 0.741 0.831 0.928 1.04 1.17 1.31 1.47 1.66 1.85 2.05 2.25 2.45 2.64 2.81 2.96 3.09 3.2 3.29 3.37 3.44 3.5 3.55 3.61 3.66 3.71 3.76 3.8 3.83 3.85 3.86 3.86 3.85 3.81 3.76 3.69 3.6 3.48 3.35
-3.4e+38 -3.4e+38 -3.4e+38 -3.4e+38 -3.4e+38 -3.4e+38 -3.4e+38 -3.4e+38 -3.4e+38 -3.4e+38 -3.4e+38 -3.4e+38 -3.4e+38 -3.4e+38 -3.4e+38 -3.4e+38 -3.4e+38 -3.4e+38 -3.4e+38 -3.4e+38 -3.4e+38 -3.4e+38 -3.4e+38 -3.4e+38 -3.4e+38 -3.4e+38 -3.4e+38 -3.4e+38 0.469 0.511 0.559 0.614 0.683 0.759 0.857 0.964 1.09 1.23 1.39 1.57 1.77 1.98 2.2 2.41 2.63 2.82 3.01 3.17 3.31 3.43 3.53 3.61 3.68 3.74 3.8 3.86 3.93 3.99 4.04 4.09 4.13 4.16 4.17 4.18 4.17 4.14 4.08 4 3.9 3.78 3.64
-3.4e+38 -3.4e+38 -3.4e+38 -3.4e+38 -3.4e+38 -3.4e+38 -3.4e+38 -3.4e+38 -3.4e+38 -3.4e+38 -3.4e+38 -3.4e+38 -3.4e+38 -3.4e+38 -3.4e+38 -3.4e+38 -3.4e+38 -3.4e+38 -3.4e+38 -3.4e+38 -3.4e+38 -3.4e+38 -3.4e+38 -3.4e+38 -3.4e+38 -3.4e+38 -3.4e+38 0.426 0.464 0.507 0.558 0.616 0.69 0.771 0.877 0.992 1.13 1.28 1.46 1.66 1.87 2.09 2.33 2.56 2.79 3 3.2 3.38 3.53 3.66 3.76 3.84 3.91 3.97 4.04 4.11 4.18 4.26 4.32 4.38 4.43 4.47 4.49 4.51 4.51 4.48 4.42 4.34 4.23 4.1 3.95
-3.4e+38 -3.4e+38 -3.4e+38 -3.4e+38 -3.4e+38 -3.4e+38 -3.4e+38 -3.4e+38 -3.4e+38 -3.4e+38 -3.4e+38 -3.4e+38 -3.4e+38 -3.4e+38 -3.4e+38 -3.4e+38 -3.4e+38 -3.4e+38 -3.4e+38 -3.4e+38 -3.4e+38 -3.4e+38 -3.4e+38 -3.4e+38 -3.4e+38 -3.4e+38 -3.4e+38 0.419 0.459 0.503 0.556 0.617 0.695 0.782 0.895 1.02 1.17 1.33 1.53 1.74 1.97 2.21 2.46 2.7 2.95 3.18 3.4 3.59 3.76 3.89 4 4.08 4.14 4.21 4.28 4.36 4.44 4.53 4.61 4.68 4.74 4.79 4.83 4.86 4.86 4.84 4.78 4.69 4.58 4.43 4.27
-3.4e+38 -3.4e+38 -3.4e+38 -3.4e+38 -3.4e+38 -3.4e+38 -3.4e+38 -3.4e+38 -3.4e+38 -3.4e+38 -3.4e+38 -3.4e+38 -3.4e+38 -3.4e+38 -3.4e+38 -3.4e+38 -3.4e+38 -3.4e+38 -3.4e+38 -3.4e+38 -3.4e+38 -3.4e+38 -3.4e+38 -3.4e+38 -3.4e+38 -3.4e+38 -3.4e+38 0.41 0.451 0.496 0.551 0.614 0.696 0.786 0.904 1.03 1.19 1.37 1.57 1.8 2.04 2.3 2.56 2.82 3.08 3.33 3.58 3.79 3.98 4.13 4.24 4.3 4.35 4.41 4.5 4.59 4.7 4.8 4.9 4.99 5.06 5.13 5.18 5.22 5.23 5.21 5.16 5.06 4.95 4.79 4.61
-3.4e+38 -3.4e+38 -3.4e+38 -3.4e+38 -3.4e+38 -3.4e+38 -3.4e+38 -3.4e+38 -3.4e+38 -3.4e+38 -3.4e+38 -3.4e+38 -3.4e+38 -3.4e+38 -3.4e+38 -3.4e+38 -3.4e+38 -3.4e+38 -3.4e+38 -3.4e+38 -3.4e+38 -3.4e+38 -3.4e+38 -3.4e+38 -3.4e+38 -3.4e+38 0.362 0.4 0.441 0.488 0.544 0.61 0.693 0.787 0.909 1.04 1.21 1.39 1.61 1.85 2.11 2.38 2.66 2.93 3.21 3.48 3.75 3.99 4.21 4.38 4.49 4.54 4.56 4.61 4.71 4.83 4.95 5.07 5.19 5.3 5.39 5.48 5.55 5.6 5.62 5.61 5.55 5.46 5.34 5.17 4.98
-3.4e+38 -3.4e+38 -3.4e+38 -3.4e+38 -3.4e+38 -3.4e+38 -3.4e+38 -3.4e+38 -3.4e+38 -3.4e+38 -3.4e+38 -3.4e+38 -3.4e+38 -3.4e+38 -3.4e+38 -3.4e+38 -3.4e+38 -3.4e+38 -3.4e+38 -3.4e+38 -3.4e+38 -3.4e+38 -3.4e+38 -3.4e+38 -3.4e+38 0.317 0.35 0.388 0.43 0.477 0.535 0.602 0.687 0.782 0.906 1.04 1.21 1.4 1.63 1.88 2.16 2.44 2.73 3.01 3.31 3.6 3.9 4.17 4.43 4.64 4.77 4.79 4.74 4.78 4.92 5.06 5.2 5.35 5.48 5.61 5.72 5.83 5.92 6 6.04 6.03 5.98 5.88 5.75 5.57 5.36
-3.4e+38 -3.4e+38 -3.4e+38 -3.4e+38 -3.4e+38 -3.4e+38 -3.4e+38 -3.4e+38 -3.4e+38 -3.4e+38 -3.4e+38 -3.4e+38 -3.4e+38 -3.4e+38 -3.4e+38 -3.4e+38 -3.4e+38 -3.4e+38 -3.4e+38 -3.4e+38 -3.4e+38 -3.4e+38 -3.4e+38 -3.4e+38 -3.4e+38 0.304 0.337 0.376 0.418 0.465 0.523 0.591 0.677 0.772 0.896 1.03 1.2 1.39 1.62 1.89 2.19 2.47 2.77 3.07 3.38 3.69 4.02 4.33 4.64 4.91 5.09 5.12 5.03 5.04 5.17 5.31 5.47 5.62 5.77 5.91 6.05 6.18 6.3 6.4 6.46 6.47 6.43 6.33 6.17 5.97 5.74
-3.4e+38 -3.4e+38 -3.4e+38 -3.4e+38 -3.4e+38 -3.4e+38 -3.4e+38 -3.4e+38 -3.4e+38 -3.4e+38 -3.4e+38 -3.4e+38 -3.4e+38 -3.4e+38 -3.4e+38 -3.4e+38 -3.4e+38 -3.4e+38 -3.4e+38 -3.4e+38 -3.4e+38 -3.4e+38 -3.4e+38 -3.4e+38 -3.4e+38 0.289 0.322 0.361 0.403 0.45 0.509 0.578 0.663 0.757 0.881 1.02 1.18 1.36 1.59 1.87 2.18 2.47 2.78 3.09 3.41 3.75 4.1 4.45 4.81 5.16 5.46 5.5 5.41 5.39 5.45 5.58 5.72 5.88 6.04 6.21 6.37 6.53 6.68 6.81 6.9 6.94 6.9 6.79 6.61 6.38 6.13
-3.4e+38 -3.4e+38 -3.4e+38 -3.4e+38 -3.4e+38 -3.4e+38 -3.4e+38 -3.4e+38 -3.4e+38 -3.4e+38 -3.4e+38 -3.4e+38 -3.4e+38 -3.4e+38 -3.4e+38 -3.4e+38 -3.4e+38 -3.4e+38 -3.4e+38 -3.4e+38 -3.4e+38 -3.4e+38 -3.4e+38 -3.4e+38 0.247 0.274 0.306 0.343 0.386 0.433 0.493 0.562 0.646 0.74 0.862 0.994 1.15 1.32 1.53 1.79 2.1 2.42 2.74 3.07 3.41 3.76 4.13 4.5 4.9 5.3 5.7 5.75 5.68 5.65 5.7 5.81 5.96 6.13 6.3 6.48 6.67 6.86 7.05 7.22 7.34 7.42 7.4 7.27 7.05 6.79 6.51
-3.4e+38 -3.4e+38 -3.4e+38 -3.4e+38 -3.4e+38 -3.4e+38 -3.4e+38 -3.4e+38 -3.4e+38 -3.4e+38 -3.4e+38 -3.4e+38 -3.4e+38 -3.4e+38 -3.4e+38 -3.4e+38 -3.4e+38 -3.4e+38 -3.4e+38 -3.4e+38 -3.4e+38 -3.4e+38 -3.4e+38 0.209 0.232 0.258 0.289 0.325 0.367 0.415 0.475 0.543 0.628 0.721 0.842 0.972 1.12 1.28 1.47 1.71 2.03 2.35 2.69 3.02 3.37 3.73 4.1 4.48 4.87 5.26 5.58 5.74 5.78 5.81 5.88 5.99 6.15 6.33 6.52 6.72 6.93 7.15 7.37 7.59 7.77 7.91 7.92 7.74 7.47 7.17 6.86
-3.4e+38 -3.4e+38 -3.4e+38 -3.4e+38 -3.4e+38 -3.4e+38 -3.4e+38 -3.4e+38 -3.4e+38 -3.4e+38 -3.4e+38 -3.4e+38 -3.4e+38 -3.4e+38 -3.4e+38 -3.4e+38 -3.4e+38 -3.4e+38 -3.4e+38 -3.4e+38 -3.4e+38 -3.4e+38 -3.4e+38 0.194 0.216 0.242 0.271 0.307 0.348 0.396 0.455 0.523 0.608 0.702 0.824 0.954 1.1 1.26 1.45 1.68 1.97 2.29 2.62 2.96 3.31 3.66 4.03 4.4 4.78 5.13 5.43 5.63 5.76 5.86 5.98 6.11 6.29 6.5 6.7 6.92 7.16 7.4 7.65 7.9 8.12 8.35 8.42 8.15 7.84 7.51 7.18
-3.4e+38 -3.4e+38 -3.4e+38 -3.4e+38 -3.4e+38 -3.4e+38 -3.4e+38 -3.4e+38 -3.4e+38 -3.4e+38 -3.4e+38 -3.4e+38 -3.4e+38 -3.4e+38 -3.4e+38 -3.4e+38 -3.4e+38 -3.4e+38 -3.4e+38 -3.4e+38 -3.4e+38 -3.4e+38 -3.4e+38 0.179 0.2 0.225 0.253 0.288 0.328 0.375 0.433 0.501 0.586 0.683 0.806 0.939 1.09 1.25 1.45 1.67 1.94 2.23 2.55 2.88 3.22 3.57 3.93 4.28 4.64 4.97 5.26 5.5 5.69 5.85 6.01 6.18 6.38 6.61 6.84 7.08 7.34 7.6 7.86 8.12 8.34 8.54 8.59 8.39 8.1 7.79 7.47
-3.4e+38 -3.4e+38 -3.4e+38 -3.4e+38 -3.4e+38 -3.4e+38 -3.4e+38 -3.4e+38 -3.4e+38 -3.4e+38 -3.4e+38 -3.4e+38 -3.4e+38 -3.4e+38 -3.4e+38 -3.4e+38 -3.4e+38 -3.4e+38 -3.4e+38 -3.4e+38 -3.4e+38 -3.4e+38 -3.4e+38 0.164 0.184 0.207 0.235 0.269 0.308 0.354 0.41 0.477 0.564 0.662 0.789 0.927 1.09 1.25 1.44 1.65 1.9 2.17 2.48 2.79 3.12 3.45 3.8 4.14 4.48 4.79 5.09 5.35 5.58 5.79 5.99 6.2 6.43 6.68 6.93 7.19 7.47 7.75 8.01 8.26 8.47 8.61 8.64 8.52 8.3 8.02 7.72
-3.4e+38 -3.4e+38 -3.4e+38 -3.4e+38 -3.4e+38 -3.4e+38 -3.4e+38 -3.4e+38 -3.4e+38 -3.4e+38 -3.4e+38 -3.4e+38 -3.4e+38 -3.4e+38 -3.4e+38 -3.4e+38 -3.4e+38 -3.4e+38 -3.4e+38 -3.4e+38 -3.4e+38 -3.4e+38 0.133 0.149 0.168 0.19 0.217 0.249 0.288 0.332 0.388 0.454 0.539 0.638 0.768 0.913 1.08 1.24 1.42 1.62 1.85 2.11 2.39 2.69 3 3.32 3.65 3.98 4.31 4.62 4.91 5.19 5.44 5.69 5.93 6.17 6.43 6.7 6.97 7.26 7.56 7.84 8.1 8.33 8.53 8.65 8.68 8.6 8.44 8.2 7.92
-3.4e+38 -3.4e+38 -3.4e+38 -3.4e+38 -3.4e+38 -3.4e+38 -3.4e+38 -3.4e+38 -3.4e+38 -3.4e+38 -3.4e+38 -3.4e+38 -3.4e+38 -3.4e+38 -3.4e+38 -3.4e+38 -3.4e+38 -3.4e+38 -3.4e+38 -3.4e+38 -3.4e+38 -3.4e+38 0.12 0.135 0.152 0.173 0.199 0.23 0.267 0.31 0.364 0.429 0.512 0.609 0.739 0.89 1.07 1.21 1.38 1.56 1.78 2.02 2.29 2.58 2.88 3.18 3.5 3.81 4.13 4.43 4.73 5.02 5.3 5.57 5.84 6.11 6.4 6.69 7 7.31 7.61 7.91 8.16 8.39 8.58 8.7 8.73 8.67 8.55 8.35 8.1
-3.4e+38 -3.4e+38 -3.4e+38 -3.4e+38 -3.4e+38 -3.4e+38 -3.4e+38 -3.4e+38 -3.4e+38 -3.4e+38 -3.4e+38 -3.4e+38 -3.4e+38 -3.4e+38 -3.4e+38 -3.4e+38 -3.4e+38 -3.4e+38 -3.4e+38 -3.4e+38 -3.4e+38 0.0951 0.106 0.12 0.136 0.156 0.18 0.21 0.245 0.286 0.338 0.4 0.478 0.57 0.693 0.835 1 1.14 1.3 1.48 1.69 1.93 2.19 2.46 2.74 3.03 3.34 3.64 3.94 4.24 4.54 4.84 5.13 5.43 5.72 6.02 6.33 6.65 6.98 7.31 7.63 7.93 8.19 8.42 8.61 8.73 8.77 8.74 8.64 8.48 8.26
-3.4e+38 -3.4e+38 -3.4e+38 -3.4e+38 -3.4e+38 -3.4e+38 -3.4e+38 -3.4e+38 -3.4e+38 -3.4e+38 -3.4e+38 -3.4e+38 -3.4e+38 -3.4e+38 -3.4e+38 -3.4e+38 -3.4e+38 -3.4e+38 -3.4e+38 -3.4e+38 0.0756 0.0835 0.093 0.105 0.121 0.14 0.162 0.19 0.223 0.262 0.311 0.369 0.441 0.524 0.634 0.757 0.898 1.04 1.2 1.38 1.59 1.82 2.07 2.33 2.6 2.88 3.17 3.46 3.76 4.06 4.35 4.66 4.96 5.27 5.59 5.91 6.24 6.59 6.93 7.27 7.61 7.93 8.2 8.43 8.63 8.76 8.82 8.82 8.75 8.62 8.44
-3.4e+38 -3.4e+38 -3.4e+38 -3.4e+38 -3.4e+38 -3.4e+38 -3.4e+38 -3.4e+38 -3.4e+38 -3.4e+38 -3.4e+38 -3.4e+38 -3.4e+38 -3.4e+38 -3.4e+38 -3.4e+38 -3.4e+38 -3.4e+38 -3.4e+38 -3.4e+38 0.0662 0.0726 0.0804 0.0912 0.105 0.123 0.145 0.171 0.201 0.237 0.282 0.335 0.401 0.475 0.57 0.675 0.798 0.933 1.1 1.27 1.48 1.7 1.94 2.19 2.46 2.73 3.01 3.29 3.58 3.87 4.16 4.47 4.78 5.11 5.44 5.78 6.13 6.5 6.86 7.21 7.57 7.91 8.19 8.44 8.64 8.79 8.88 8.9 8.86 8.76 8.62
-3.4e+38 -3.4e+38 -3.4e+38 -3.4e+38 -3.4e+38 -3.4e+38 -3.4e+38 -3.4e+38 -3.4e+38 -3.4e+38 -3.4e+38 -3.4e+38 -3.4e+38 -3.4e+38 -3.4e+38 -3.4e+38 -3.4e+38 -3.4e+38 -3.4e+38 0.0533 0.0577 0.0626 0.0686 0.0777 0.0913 0.109 0.129 0.152 0.18 0.213 0.254 0.302 0.361 0.426 0.509 0.599 0.704 0.832 0.991 1.17 1.36 1.58 1.81 2.06 2.31 2.57 2.84 3.11 3.39 3.68 3.97 4.28 4.6 4.93 5.28 5.64 6.01 6.4 6.78 7.16 7.53 7.88 8.18 8.45 8.66 8.83 8.94 8.99 8.98 8.92 8.8
-3.4e+38 -3.4e+38 -3.4e+38 -3.4e+38 -3.4e+38 -3.4e+38 -3.4e+38 -3.4e+38 -3.4e+38 -3.4e+38 -3.4e+38 -3.4e+38 -3.4e+38 -3.4e+38 -3.4e+38 -3.4e+38 -3.4e+38 -3.4e+38 -3.4e+38 0.0468 0.0504 0.0543 0.0588 0.0662 0.0795 0.0955 0.114 0.136 0.161 0.191 0.228 0.271 0.323 0.381 0.454 0.534 0.63 0.747 0.894 1.06 1.25 1.46 1.69 1.93 2.17 2.42 2.69 2.95 3.22 3.49 3.78 4.09 4.41 4.75 5.11 5.48 5.88 6.29 6.69 7.09 7.49 7.86 8.17 8.46 8.69 8.88 9.01 9.09 9.12 9.08 8.98
-3.4e+38 -3.4e+38 -3.4e+38 -3.4e+38 -3.4e+38 -3.4e+38 -3.4e+38 -3.4e+38 -3.4e+38 -3.4e+38 -3.4e+38 -3.4e+38 -3.4e+38 -3.4e+38 -3.4e+38 -3.4e+38 -3.4e+38 -3.4e+38 -3.4e+38 0.0412 0.0443 0.0479 0.0524 0.0598 0.0709 0.0849 0.101 0.121 0.143 0.17 0.203 0.242 0.289 0.341 0.406 0.478 0.567 0.673 0.808 0.966 1.15 1.35 1.57 1.8 2.04 2.28 2.53 2.78 3.04 3.31 3.59 3.9 4.22 4.57 4.94 5.33 5.74 6.17 6.61 7.03 7.44 7.83 8.17 8.47 8.73 8.94 9.1 9.21 9.26 9.25 9.18
-3.4e+38 -3.4e+38 -3.4e+38 -3.4e+38 -3.4e+38 -3.4e+38 -3.4e+38 -3.4e+38 -3.4e+38 -3.4e+38 -3.4e+38 -3.4e+38 -3.4e+38 -3.4e+38 -3.4e+38 -3.4e+38 -3.4e+38 -3.4e+38 -3.4e+38 0.0365 0.0394 0.0428 0.0475 0.0545 0.064 0.076 0.0904 0.107 0.127 0.151 0.181 0.216 0.259 0.306 0.364 0.428 0.508 0.604 0.731 0.882 1.06 1.25 1.46 1.69 1.92 2.15 2.39 2.63 2.88 3.14 3.42 3.71 4.03 4.38 4.76 5.17 5.61 6.07 6.53 6.98 7.41 7.82 8.18 8.51 8.79 9.02 9.21 9.34 9.42 9.43 9.38
-3.4e+38 -3.4e+38 -3.4e+38 -3.4e+38 -3.4e+38 -3.4e+38 -3.4e+38 -3.4e+38 -3.4e+38 -3.4e+38 -3.4e+38 -3.4e+38 -3.4e+38 -3.4e+38 -3.4e+38 -3.4e+38 -3.4e+38 -3.4e+38 -3.4e+38 0.0325 0.0352 0.0386 0.0431 0.0496 0.0581 0.0686 0.0812 0.0962 0.114 0.134 0.161 0.194 0.234 0.276 0.33 0.387 0.456 0.54 0.663 0.81 0.978 1.16 1.37 1.58 1.8 2.03 2.27 2.5 2.73 2.99 3.25 3.54 3.85 4.2 4.59 5.02 5.5 5.98 6.47 6.95 7.39 7.82 8.2 8.55 8.86 9.12 9.33 9.49 9.59 9.62 9.61
-3.4e+38 -3.4e+38 -3.4e+38 -3.4e+38 -3.4e+38 -3.4e+38 -3.4e+38 -3.4e+38 -3.4e+38 -3.4e+38 -3.4e+38 -3.4e+38 -3.4e+38 -3.4e+38 -3.4e+38 -3.4e+38 -3.4e+38 -3.4e+38 -3.4e+38 0.029 0.0316 0.0348 0.0392 0.0452 0.0529 0.0623 0.0736 0.087 0.103 0.121 0.146 0.177 0.214 0.253 0.303 0.356 0.42 0.497 0.614 0.753 0.912 1.09 1.28 1.49 1.71 1.93 2.15 2.38 2.61 2.85 3.09 3.37 3.69 4.03 4.43 4.9 5.41 5.92 6.43 6.93 7.4 7.84 8.24 8.62 8.95 9.24 9.47 9.65 9.78 9.85 9.86
-3.4e+38 -3.4e+38 -3.4e+38 -3.4e+38 -3.4e+38 -3.4e+38 -3.4e+38 -3.4e+38 -3.4e+38 -3.4e+38 -3.4e+38 -3.4e+38 -3.4e+38 -3.4e+38 -3.4e+38 -3.4e+38 -3.4e+38 -3.4e+38 -3.4e+38 0.0259 0.0283 0.0315 0.0357 0.0413 0.0484 0.0569 0.0672 0.0797 0.0946 0.113 0.136 0.164 0.198 0.236 0.283 0.334 0.399 0.478 0.583 0.711 0.859 1.03 1.21 1.41 1.62 1.84 2.06 2.28 2.5 2.73 2.96 3.22 3.54 3.91 4.32 4.83 5.36 5.89 6.42 6.93 7.42 7.88 8.3 8.69 9.04 9.35 9.62 9.83 9.99 10.1 10.1
-3.4e+38 -3.4e+38 -3.4e+38 -3.4e+38 -3.4e+38 -3.4e+38 -3.4e+38 -3.4e+38 -3.4e+38 -3.4e+38 -3.4e+38 -3.4e+38 -3.4e+38 -3.4e+38 -3.4e+38 -3.4e+38 -3.4e+38 -3.4e+38 -3.4e+38 0.0232 0.0254 0.0285 0.0325 0.0378 0.0444 0.0522 0.0618 0.0737 0.0881 0.106 0.128 0.155 0.187 0.223 0.269 0.319 0.384 0.461 0.56 0.678 0.817 0.976 1.15 1.35 1.55 1.77 1.99 2.21 2.42 2.64 2.84 3.08 3.43 3.86 4.32 4.83 5.37 5.92 6.46 6.98 7.47 7.94 8.38 8.78 9.15 9.49 9.78 10 10.2 10.3 10.4
-3.4e+38 -3.4e+38 -3.4e+38 -3.4e+38 -3.4e+38 -3.4e+38 -3.4e+38 -3.4e+38 -3.4e+38 -3.4e+38 -3.4e+38 -3.4e+38 -3.4e+38 -3.4e+38 -3.4e+38 -3.4e+38 -3.4e+38 -3.4e+38 0.0193 0.0208 0.0229 0.026 0.0298 0.0348 0.0408 0.0482 0.0572 0.0685 0.0824 0.0995 0.121 0.146 0.178 0.213 0.258 0.307 0.37 0.444 0.538 0.65 0.78 0.932 1.1 1.29 1.49 1.71 1.93 2.16 2.38 2.6 2.8 3.02 3.41 3.87 4.37 4.88 5.44 6 6.54 7.06 7.55 8.03 8.46 8.88 9.26 9.61 9.93 10.2 10.4 10.6 10.7
-3.4e+38 -3.4e+38 -3.4e+38 -3.4e+38 -3.4e+38 -3.4e+38 -3.4e+38 -3.4e+38 -3.4e+38 -3.4e+38 -3.4e+38 -3.4e+38 -3.4e+38 -3.4e+38 -3.4e+38 -3.4e+38 -3.4e+38 0.0166 0.0175 0.0188 0.0208 0.0238 0.0274 0.0321 0.0377 0.0446 0.0532 0.0639 0.0772 0.0935 0.114 0.139 0.169 0.204 0.248 0.295 0.356 0.428 0.518 0.625 0.749 0.895 1.06 1.25 1.45 1.67 1.9 2.14 2.37 2.62 2.85 3.13 3.5 3.96 4.45 4.97 5.53 6.1 6.64 7.16 7.65 8.13 8.56 8.98 9.37 9.75 10.1 10.4 10.7 10.9 11
-3.4e+38 -3.4e+38 -3.4e+38 -3.4e+38 -3.4e+38 -3.4e+38 -3.4e+38 -3.4e+38 -3.4e+38 -3.4e+38 -3.4e+38 -3.4e+38 -3.4e+38 -3.4e+38 -3.4e+38 -3.4e+38 -3.4e+38 -3.4e+38 0.0161 0.0174 0.0192 0.022 0.0254 0.0297 0.0349 0.0414 0.0495 0.0596 0.0722 0.0876 0.107 0.131 0.16 0.194 0.236 0.282 0.34 0.41 0.497 0.6 0.72 0.861 1.02 1.21 1.41 1.64 1.88 2.14 2.4 2.67 2.94 3.26 3.64 4.08 4.58 5.09 5.64 6.22 6.77 7.29 7.78 8.24 8.67 9.08 9.48 9.87 10.2 10.6 10.9 11.1 11.3
