maui/input/month_year_rainfall/maui_prcp_02_2001.asc
ncols        361
nrows        320
xllcorner    -156.738000000000
yllcorner    20.343000000000
cellsize     0.002250000000
NODATA_value -3.4028234663852885981e+38
[rows 128 to 159 of 320, columns 288 to 359 of 361]
8.63 8.47 8.31 8.16 8 7.84 7.67 7.51 7.35 7.19 7.03 6.86 6.69 6.52 6.33 6.13 5.91 5.68 5.45 5.2 4.96 4.7 4.46 4.22 3.98 3.75 3.53 3.31 3.11 2.92 2.74 2.58 2.44 2.31 2.19 2.09 2 1.93 1.88 1.84 1.81 1.78 1.77 1.76 1.76 1.75 1.75 1.75 -3.4e+38 -3.4e+38 -3.4e+38 -3.4e+38 -3.4e+38 -3.4e+38 -3.4e+38 -3.4e+38 -3.4e+38 -3.4e+38 -3.4e+38 -3.4e+38 -3.4e+38 -3.4e+38 -3.4e+38 -3.4e+38 -3.4e+38 -3.4e+38 -3.4e+38 -3.4e+38 -3.4e+38 -3.4e+38 -3.4e+38 -3.4e+38
9 8.85 8.7 8.54 8.38 8.22 8.05 7.87 7.7 7.53 7.36 7.18 7.01 6.83 6.64 6.44 6.21 5.98 5.73 5.47 5.2 4.94 4.67 4.4 4.15 3.91 3.68 3.46 3.24 3.04 2.85 2.68 2.52 2.38 2.25 2.14 2.03 1.95 1.89 1.84 1.81 1.78 1.76 1.75 1.75 1.74 1.74 1.74 -3.4e+38 -3.4e+38 -3.4e+38 -3.4e+38 -3.4e+38 -3.4e+38 -3.4e+38 -3.4e+38 -3.4e+38 -3.4e+38 -3.4e+38 -3.4e+38 -3.4e+38 -3.4e+38 -3.4e+38 -3.4e+38 -3.4e+38 -3.4e+38 -3.4e+38 -3.4e+38 -3.4e+38 -3.4e+38 -3.4e+38 -3.4e+38
9.35 9.21 9.06 8.91 8.75 8.59 8.41 8.24 8.06 7.88 7.71 7.53 7.34 7.16 6.96 6.75 6.52 6.27 6 5.73 5.45 5.17 4.88 4.6 4.33 4.08 3.83 3.6 3.38 3.16 2.96 2.77 2.6 2.45 2.31 2.18 2.07 1.98 1.9 1.85 1.81 1.78 1.75 1.74 1.74 1.74 1.74 1.74 -3.4e+38 -3.4e+38 -3.4e+38 -3.4e+38 -3.4e+38 -3.4e+38 -3.4e+38 -3.4e+38 -3.4e+38 -3.4e+38 -3.4e+38 -3.4e+38 -3.4e+38 -3.4e+38 -3.4e+38 -3.4e+38 -3.4e+38 -3.4e+38 -3.4e+38 -3.4e+38 -3.4e+38 -3.4e+38 -3.4e+38 -3.4e+38
9.7 9.56 9.42 9.27 9.11 8.94 8.77 8.6 8.42 8.25 8.07 7.88 7.68 7.49 7.28 7.07 6.83 6.56 6.28 5.98 5.69 5.39 5.09 4.8 4.51 4.24 3.98 3.73 3.5 3.28 3.06 2.87 2.69 2.52 2.37 2.23 2.11 2.01 1.92 1.86 1.81 1.78 1.75 1.73 1.73 1.73 1.73 1.73 1.73 1.73 -3.4e+38 -3.4e+38 -3.4e+38 -3.4e+38 -3.4e+38 -3.4e+38 -3.4e+38 -3.4e+38 -3.4e+38 -3.4e+38 -3.4e+38 -3.4e+38 -3.4e+38 -3.4e+38 -3.4e+38 -3.4e+38 -3.4e+38 -3.4e+38 -3.4e+38 -3.4e+38 -3.4e+38 -3.4e+38
10 9.9 9.76 9.61 9.45 9.29 9.12 8.94 8.76 8.59 8.4 8.21 8.02 7.82 7.62 7.4 7.14 6.85 6.54 6.23 5.92 5.61 5.29 4.99 4.69 4.4 4.13 3.87 3.62 3.39 3.16 2.95 2.76 2.59 2.43 2.28 2.15 2.04 1.95 1.88 1.82 1.78 1.75 1.73 1.72 1.72 1.73 1.73 1.73 1.73 -3.4e+38 -3.4e+38 -3.4e+38 -3.4e+38 -3.4e+38 -3.4e+38 -3.4e+38 -3.4e+38 -3.4e+38 -3.4e+38 -3.4e+38 -3.4e+38 -3.4e+38 -3.4e+38 -3.4e+38 -3.4e+38 -3.4e+38 -3.4e+38 -3.4e+38 -3.4e+38 -3.4e+38 -3.4e+38
10.4 10.2 10.1 9.95 9.79 9.62 9.45 9.27 9.09 8.91 8.72 8.53 8.34 8.14 7.94 7.73 7.46 7.12 6.78 6.46 6.13 5.81 5.49 5.17 4.86 4.56 4.27 4 3.74 3.49 3.26 3.04 2.84 2.66 2.49 2.33 2.19 2.07 1.97 1.9 1.83 1.79 1.75 1.73 1.72 1.71 1.72 1.72 1.73 1.74 -3.4e+38 -3.4e+38 -3.4e+38 -3.4e+38 -3.4e+38 -3.4e+38 -3.4e+38 -3.4e+38 -3.4e+38 -3.4e+38 -3.4e+38 -3.4e+38 -3.4e+38 -3.4e+38 -3.4e+38 -3.4e+38 -3.4e+38 -3.4e+38 -3.4e+38 -3.4e+38 -3.4e+38 -3.4e+38
10.7 10.6 10.4 10.3 10.1 9.94 9.77 9.59 9.4 9.21 9.02 8.82 8.62 8.41 8.2 7.98 7.7 7.36 7.01 6.67 6.33 6 5.67 5.34 5.02 4.71 4.41 4.13 3.85 3.59 3.35 3.12 2.91 2.72 2.54 2.38 2.23 2.11 2 1.92 1.85 1.8 1.76 1.73 1.72 1.71 1.71 -3.4e+38 -3.4e+38 -3.4e+38 -3.4e+38 -3.4e+38 -3.4e+38 -3.4e+38 -3.4e+38 -3.4e+38 -3.4e+38 -3.4e+38 -3.4e+38 -3.4e+38 -3.4e+38 -3.4e+38 -3.4e+38 -3.4e+38 -3.4e+38 -3.4e+38 -3.4e+38 -3.4e+38 -3.4e+38 -3.4e+38 -3.4e+38 -3.4e+38
11 10.9 10.7 10.6 10.4 10.3 10.1 9.89 9.7 9.5 9.3 9.09 8.88 8.65 8.43 8.18 7.89 7.56 7.21 6.85 6.51 6.17 5.83 5.5 5.17 4.85 4.54 4.25 3.96 3.69 3.43 3.2 2.97 2.78 2.59 2.43 2.27 2.14 2.03 1.94 1.86 1.81 1.76 1.73 1.71 1.7 1.71 1.71 1.72 1.73 -3.4e+38 -3.4e+38 -3.4e+38 -3.4e+38 -3.4e+38 -3.4e+38 -3.4e+38 -3.4e+38 -3.4e+38 -3.4e+38 -3.4e+38 -3.4e+38 -3.4e+38 -3.4e+38 -3.4e+38 -3.4e+38 -3.4e+38 -3.4e+38 -3.4e+38 -3.4e+38 -3.4e+38 -3.4e+38
11.3 11.2 11 10.9 10.7 10.6 10.4 10.2 9.98 9.77 9.55 9.33 9.1 8.86 8.62 8.35 8.05 7.73 7.38 7.03 6.68 6.33 5.98 5.64 5.3 4.97 4.66 4.36 4.06 3.78 3.51 3.27 3.03 2.83 2.64 2.47 2.31 2.17 2.06 1.96 1.88 1.82 1.77 1.73 1.71 1.7 1.7 1.71 1.72 1.73 -3.4e+38 -3.4e+38 -3.4e+38 -3.4e+38 -3.4e+38 -3.4e+38 -3.4e+38 -3.4e+38 -3.4e+38 -3.4e+38 -3.4e+38 -3.4e+38 -3.4e+38 -3.4e+38 -3.4e+38 -3.4e+38 -3.4e+38 -3.4e+38 -3.4e+38 -3.4e+38 -3.4e+38 -3.4e+38
11.6 11.5 11.3 11.2 11 10.8 10.6 10.4 10.2 10 9.79 9.55 9.31 9.06 8.79 8.51 8.2 7.88 7.54 7.19 6.83 6.47 6.11 5.76 5.41 5.08 4.76 4.46 4.16 3.87 3.58 3.33 3.08 2.88 2.68 2.5 2.34 2.2 2.08 1.98 1.89 1.83 1.78 1.74 1.71 1.7 1.7 1.7 1.71 1.73 -3.4e+38 -3.4e+38 -3.4e+38 -3.4e+38 -3.4e+38 -3.4e+38 -3.4e+38 -3.4e+38 -3.4e+38 -3.4e+38 -3.4e+38 -3.4e+38 -3.4e+38 -3.4e+38 -3.4e+38 -3.4e+38 -3.4e+38 -3.4e+38 -3.4e+38 -3.4e+38 -3.4e+38 -3.4e+38
11.8 11.7 11.6 11.4 11.3 11.1 10.9 10.7 10.5 10.2 10 9.75 9.49 9.22 8.94 8.65 8.33 8.01 7.67 7.32 6.96 6.6 6.24 5.87 5.52 5.18 4.85 4.54 4.23 3.94 3.64 3.38 3.13 2.91 2.71 2.54 2.37 2.23 2.1 2 1.91 1.84 1.78 1.74 1.71 1.69 1.69 1.7 1.71 1.72 -3.4e+38 -3.4e+38 -3.4e+38 -3.4e+38 -3.4e+38 -3.4e+38 -3.4e+38 -3.4e+38 -3.4e+38 -3.4e+38 -3.4e+38 -3.4e+38 -3.4e+38 -3.4e+38 -3.4e+38 -3.4e+38 -3.4e+38 -3.4e+38 -3.4e+38 -3.4e+38 -3.4e+38 -3.4e+38
12.1 11.9 11.8 11.7 11.5 11.3 11.1 10.9 10.7 10.4 10.2 9.93 9.66 9.37 9.08 8.77 8.46 8.13 7.79 7.44 7.08 6.71 6.34 5.97 5.61 5.26 4.92 4.6 4.28 3.98 3.68 3.41 3.16 2.94 2.74 2.56 2.4 2.26 2.13 2.02 1.92 1.85 1.79 1.74 1.71 1.69 1.69 1.69 1.71 -3.4e+38 -3.4e+38 -3.4e+38 -3.4e+38 -3.4e+38 -3.4e+38 -3.4e+38 -3.4e+38 -3.4e+38 -3.4e+38 -3.4e+38 -3.4e+38 -3.4e+38 -3.4e+38 -3.4e+38 -3.4e+38 -3.4e+38 -3.4e+38 -3.4e+38 -3.4e+38 -3.4e+38 -3.4e+38 -3.4e+38
12.3 12.2 12 11.9 11.7 11.5 11.3 11.1 10.9 10.6 10.3 10.1 9.79 9.5 9.2 8.89 8.56 8.23 7.88 7.53 7.17 6.81 6.43 6.06 5.69 5.33 4.98 4.64 4.32 4.01 3.71 3.44 3.18 2.96 2.76 2.58 2.42 2.28 2.14 2.03 1.94 1.86 1.8 1.75 1.72 1.69 1.69 1.69 1.7 -3.4e+38 -3.4e+38 -3.4e+38 -3.4e+38 -3.4e+38 -3.4e+38 -3.4e+38 -3.4e+38 -3.4e+38 -3.4e+38 -3.4e+38 -3.4e+38 -3.4e+38 -3.4e+38 -3.4e+38 -3.4e+38 -3.4e+38 -3.4e+38 -3.4e+38 -3.4e+38 -3.4e+38 -3.4e+38 -3.4e+38
12.5 12.4 12.3 12.1 11.9 11.7 11.5 11.2 11 10.7 10.5 10.2 9.9 9.6 9.3 8.98 8.65 8.31 7.96 7.6 7.24 6.88 6.5 6.13 5.75 5.37 5.01 4.67 4.34 4.02 3.72 3.45 3.19 2.98 2.78 2.6 2.44 2.29 2.16 2.05 1.95 1.87 1.81 1.76 1.72 1.7 1.69 1.69 -3.4e+38 -3.4e+38 -3.4e+38 -3.4e+38 -3.4e+38 -3.4e+38 -3.4e+38 -3.4e+38 -3.4e+38 -3.4e+38 -3.4e+38 -3.4e+38 -3.4e+38 -3.4e+38 -3.4e+38 -3.4e+38 -3.4e+38 -3.4e+38 -3.4e+38 -3.4e+38 -3.4e+38 -3.4e+38 -3.4e+38 -3.4e+38
12.7 12.6 12.5 12.3 12.1 11.9 11.6 11.4 11.1 10.9 10.6 10.3 9.99 9.68 9.37 9.05 8.72 8.37 8.01 7.65 7.29 6.92 6.55 6.17 5.78 5.4 5.03 4.68 4.35 4.03 3.73 3.46 3.2 2.98 2.78 2.61 2.45 2.3 2.17 2.06 1.96 1.88 1.82 1.76 1.73 1.7 1.69 1.69 1.7 -3.4e+38 -3.4e+38 -3.4e+38 -3.4e+38 -3.4e+38 -3.4e+38 -3.4e+38 -3.4e+38 -3.4e+38 -3.4e+38 -3.4e+38 -3.4e+38 -3.4e+38 -3.4e+38 -3.4e+38 -3.4e+38 -3.4e+38 -3.4e+38 -3.4e+38 -3.4e+38 -3.4e+38 -3.4e+38 -3.4e+38
12.9 12.8 12.6 12.5 12.2 12 11.8 11.5 11.2 10.9 10.6 10.3 10 9.74 9.42 9.1 8.76 8.41 8.05 7.68 7.31 6.94 6.56 6.19 5.79 5.4 5.03 4.67 4.34 4.02 3.73 3.45 3.19 2.98 2.78 2.61 2.45 2.31 2.18 2.07 1.97 1.89 1.82 1.77 1.73 1.7 1.69 1.69 1.69 -3.4e+38 -3.4e+38 -3.4e+38 -3.4e+38 -3.4e+38 -3.4e+38 -3.4e+38 -3.4e+38 -3.4e+38 -3.4e+38 -3.4e+38 -3.4e+38 -3.4e+38 -3.4e+38 -3.4e+38 -3.4e+38 -3.4e+38 -3.4e+38 -3.4e+38 -3.4e+38 -3.4e+38 -3.4e+38 -3.4e+38
13.1 12.9 12.8 12.6 12.4 12.1 11.9 11.6 11.3 11 10.7 10.4 10.1 9.78 9.46 9.14 8.79 8.43 8.06 7.69 7.31 6.94 6.56 6.18 5.78 5.39 5.01 4.65 4.32 4.01 3.71 3.44 3.18 2.97 2.77 2.6 2.44 2.31 2.18 2.07 1.97 1.89 1.83 1.77 1.73 1.7 1.69 1.69 1.69 -3.4e+38 -3.4e+38 -3.4e+38 -3.4e+38 -3.4e+38 -3.4e+38 -3.4e+38 -3.4e+38 -3.4e+38 -3.4e+38 -3.4e+38 -3.4e+38 -3.4e+38 -3.4e+38 -3.4e+38 -3.4e+38 -3.4e+38 -3.4e+38 -3.4e+38 -3.4e+38 -3.4e+38 -3.4e+38 -3.4e+38
13.2 13.1 12.9 12.7 12.5 12.2 12 11.7 11.4 11.1 10.7 10.4 10.1 9.78 9.46 9.14 8.79 8.42 8.04 7.67 7.29 6.91 6.53 6.15 5.75 5.35 4.97 4.61 4.28 3.97 3.68 3.41 3.15 2.95 2.75 2.59 2.43 2.3 2.18 2.07 1.97 1.89 1.83 1.77 1.73 1.7 1.69 1.68 -3.4e+38 -3.4e+38 -3.4e+38 -3.4e+38 -3.4e+38 -3.4e+38 -3.4e+38 -3.4e+38 -3.4e+38 -3.4e+38 -3.4e+38 -3.4e+38 -3.4e+38 -3.4e+38 -3.4e+38 -3.4e+38 -3.4e+38 -3.4e+38 -3.4e+38 -3.4e+38 -3.4e+38 -3.4e+38 -3.4e+38 -3.4e+38
13.3 13.2 13 12.8 12.6 12.3 12 11.7 11.4 11.1 10.8 10.4 10.1 9.78 9.45 9.13 8.77 8.4 8.01 7.63 7.25 6.87 6.48 6.1 5.7 5.3 4.92 4.56 4.23 3.93 3.64 3.38 3.12 2.92 2.73 2.57 2.42 2.29 2.17 2.06 1.97 1.89 1.83 1.77 1.73 1.7 1.69 1.68 -3.4e+38 -3.4e+38 -3.4e+38 -3.4e+38 -3.4e+38 -3.4e+38 -3.4e+38 -3.4e+38 -3.4e+38 -3.4e+38 -3.4e+38 -3.4e+38 -3.4e+38 -3.4e+38 -3.4e+38 -3.4e+38 -3.4e+38 -3.4e+38 -3.4e+38 -3.4e+38 -3.4e+38 -3.4e+38 -3.4e+38 -3.4e+38
13.4 13.3 13.1 12.9 12.6 12.3 12 11.7 11.4 11.1 10.7 10.4 10.1 9.74 9.41 9.07 8.71 8.33 7.95 7.56 7.17 6.79 6.4 6.02 5.61 5.21 4.83 4.48 4.16 3.86 3.58 3.33 3.08 2.89 2.71 2.55 2.4 2.27 2.16 2.06 1.97 1.89 1.82 1.77 1.73 1.7 1.68 -3.4e+38 -3.4e+38 -3.4e+38 -3.4e+38 -3.4e+38 -3.4e+38 -3.4e+38 -3.4e+38 -3.4e+38 -3.4e+38 -3.4e+38 -3.4e+38 -3.4e+38 -3.4e+38 -3.4e+38 -3.4e+38 -3.4e+38 -3.4e+38 -3.4e+38 -3.4e+38 -3.4e+38 -3.4e+38 -3.4e+38 -3.4e+38 -3.4e+38
13.5 13.3 13.1 12.9 12.6 12.3 12 11.7 11.4 11 10.7 10.4 10 9.69 9.35 9 8.63 8.25 7.87 7.48 7.09 6.7 6.31 5.92 5.51 5.11 4.74 4.39 4.08 3.79 3.52 3.27 3.04 2.85 2.67 2.52 2.38 2.26 2.14 2.04 1.96 1.88 1.82 1.76 1.72 1.69 1.68 1.68 -3.4e+38 -3.4e+38 -3.4e+38 -3.4e+38 -3.4e+38 -3.4e+38 -3.4e+38 -3.4e+38 -3.4e+38 -3.4e+38 -3.4e+38 -3.4e+38 -3.4e+38 -3.4e+38 -3.4e+38 -3.4e+38 -3.4e+38 -3.4e+38 -3.4e+38 -3.4e+38 -3.4e+38 -3.4e+38 -3.4e+38 -3.4e+38
13.5 13.3 13.1 12.9 12.6 12.3 12 11.6 11.3 11 10.6 10.3 9.96 9.62 9.27 8.91 8.53 8.15 7.75 7.37 6.97 6.58 6.19 5.79 5.38 4.99 4.63 4.29 3.99 3.71 3.45 3.21 2.99 2.81 2.64 2.49 2.35 2.23 2.12 2.03 1.94 1.87 1.81 1.76 1.72 1.69 1.68 1.67 1.68 -3.4e+38 -3.4e+38 -3.4e+38 -3.4e+38 -3.4e+38 -3.4e+38 -3.4e+38 -3.4e+38 -3.4e+38 -3.4e+38 -3.4e+38 -3.4e+38 -3.4e+38 -3.4e+38 -3.4e+38 -3.4e+38 -3.4e+38 -3.4e+38 -3.4e+38 -3.4e+38 -3.4e+38 -3.4e+38 -3.4e+38
13.4 13.2 13 12.8 12.5 12.2 11.9 11.6 11.2 10.9 10.6 10.2 9.87 9.52 9.17 8.8 8.41 8.02 7.63 7.24 6.84 6.45 6.05 5.65 5.24 4.86 4.51 4.19 3.9 3.63 3.37 3.14 2.93 2.76 2.6 2.46 2.32 2.21 2.1 2.01 1.93 1.86 1.8 1.75 1.71 1.69 1.68 1.67 -3.4e+38 -3.4e+38 -3.4e+38 -3.4e+38 -3.4e+38 -3.4e+38 -3.4e+38 -3.4e+38 -3.4e+38 -3.4e+38 -3.4e+38 -3.4e+38 -3.4e+38 -3.4e+38 -3.4e+38 -3.4e+38 -3.4e+38 -3.4e+38 -3.4e+38 -3.4e+38 -3.4e+38 -3.4e+38 -3.4e+38 -3.4e+38
13.2 13.1 12.9 12.7 12.4 12.1 11.8 11.5 11.1 10.8 10.4 10.1 9.76 9.41 9.05 8.67 8.28 7.88 7.49 7.1 6.7 6.3 5.88 5.47 5.08 4.71 4.38 4.08 3.79 3.53 3.29 3.07 2.87 2.71 2.55 2.42 2.29 2.18 2.08 1.99 1.91 1.85 1.79 1.74 1.71 1.68 1.67 1.67 -3.4e+38 -3.4e+38 -3.4e+38 -3.4e+38 -3.4e+38 -3.4e+38 -3.4e+38 -3.4e+38 -3.4e+38 -3.4e+38 -3.4e+38 -3.4e+38 -3.4e+38 -3.4e+38 -3.4e+38 -3.4e+38 -3.4e+38 -3.4e+38 -3.4e+38 -3.4e+38 -3.4e+38 -3.4e+38 -3.4e+38 -3.4e+38
13 12.9 12.7 12.5 12.2 12 11.6 11.3 11 10.7 10.3 9.99 9.64 9.28 8.91 8.52 8.13 7.73 7.33 6.94 6.53 6.13 5.7 5.28 4.91 4.56 4.25 3.96 3.69 3.44 3.2 3 2.81 2.65 2.51 2.38 2.25 2.15 2.05 1.97 1.9 1.83 1.78 1.73 1.7 1.68 1.67 1.67 -3.4e+38 -3.4e+38 -3.4e+38 -3.4e+38 -3.4e+38 -3.4e+38 -3.4e+38 -3.4e+38 -3.4e+38 -3.4e+38 -3.4e+38 -3.4e+38 -3.4e+38 -3.4e+38 -3.4e+38 -3.4e+38 -3.4e+38 -3.4e+38 -3.4e+38 -3.4e+38 -3.4e+38 -3.4e+38 -3.4e+38 -3.4e+38
12.8 12.7 12.5 12.3 12.1 11.8 11.5 11.2 10.8 10.5 10.2 9.84 9.49 9.13 8.75 8.35 7.96 7.57 7.17 6.77 6.35 5.94 5.5 5.08 4.75 4.42 4.12 3.84 3.58 3.33 3.11 2.92 2.75 2.59 2.45 2.33 2.22 2.12 2.03 1.95 1.88 1.82 1.77 1.72 1.7 1.68 1.67 1.68 -3.4e+38 -3.4e+38 -3.4e+38 -3.4e+38 -3.4e+38 -3.4e+38 -3.4e+38 -3.4e+38 -3.4e+38 -3.4e+38 -3.4e+38 -3.4e+38 -3.4e+38 -3.4e+38 -3.4e+38 -3.4e+38 -3.4e+38 -3.4e+38 -3.4e+38 -3.4e+38 -3.4e+38 -3.4e+38 -3.4e+38 -3.4e+38
12.6 12.5 12.3 12.1 11.9 11.6 11.3 11 10.7 10.4 10 9.69 9.34 8.96 8.58 8.18 7.78 7.39 6.99 6.59 6.16 5.74 5.31 4.91 4.59 4.28 3.99 3.72 3.46 3.23 3.02 2.84 2.68 2.54 2.4 2.29 2.18 2.08 2 1.92 1.86 1.8 1.76 1.72 1.69 1.68 -3.4e+38 -3.4e+38 -3.4e+38 -3.4e+38 -3.4e+38 -3.4e+38 -3.4e+38 -3.4e+38 -3.4e+38 -3.4e+38 -3.4e+38 -3.4e+38 -3.4e+38 -3.4e+38 -3.4e+38 -3.4e+38 -3.4e+38 -3.4e+38 -3.4e+38 -3.4e+38 -3.4e+38 -3.4e+38 -3.4e+38 -3.4e+38 -3.4e+38 -3.4e+38
12.4 12.3 12.1 11.9 11.7 11.4 11.1 10.8 10.5 10.2 9.87 9.53 9.17 8.79 8.4 8 7.6 7.2 6.8 6.39 5.96 5.52 5.12 4.74 4.43 4.14 3.86 3.59 3.35 3.13 2.93 2.76 2.61 2.48 2.35 2.24 2.14 2.05 1.97 1.9 1.84 1.78 1.74 1.71 1.69 1.68 -3.4e+38 -3.4e+38 -3.4e+38 -3.4e+38 -3.4e+38 -3.4e+38 -3.4e+38 -3.4e+38 -3.4e+38 -3.4e+38 -3.4e+38 -3.4e+38 -3.4e+38 -3.4e+38 -3.4e+38 -3.4e+38 -3.4e+38 -3.4e+38 -3.4e+38 -3.4e+38 -3.4e+38 -3.4e+38 -3.4e+38 -3.4e+38 -3.4e+38 -3.4e+38
12.2 12.1 11.9 11.7 11.5 11.2 10.9 10.6 10.3 10 9.69 9.34 8.98 8.59 8.2 7.8 7.4 7 6.6 6.19 5.74 5.3 4.93 4.58 4.28 4 3.73 3.47 3.24 3.03 2.85 2.69 2.55 2.42 2.3 2.2 2.1 2.01 1.94 1.87 1.82 1.77 1.73 1.71 1.69 1.69 -3.4e+38 -3.4e+38 -3.4e+38 -3.4e+38 -3.4e+38 -3.4e+38 -3.4e+38 -3.4e+38 -3.4e+38 -3.4e+38 -3.4e+38 -3.4e+38 -3.4e+38 -3.4e+38 -3.4e+38 -3.4e+38 -3.4e+38 -3.4e+38 -3.4e+38 -3.4e+38 -3.4e+38 -3.4e+38 -3.4e+38 -3.4e+38 -3.4e+38 -3.4e+38
11.9 11.8 11.7 11.5 11.3 11 10.8 10.5 10.2 9.84 9.51 9.14 8.77 8.38 7.99 7.59 7.2 6.8 6.39 5.98 5.52 5.08 4.74 4.42 4.14 3.86 3.6 3.35 3.13 2.93 2.77 2.62 2.49 2.37 2.25 2.15 2.06 1.98 1.91 1.85 1.8 1.76 1.73 1.7 1.69 1.69 -3.4e+38 -3.4e+38 -3.4e+38 -3.4e+38 -3.4e+38 -3.4e+38 -3.4e+38 -3.4e+38 -3.4e+38 -3.4e+38 -3.4e+38 -3.4e+38 -3.4e+38 -3.4e+38 -3.4e+38 -3.4e+38 -3.4e+38 -3.4e+38 -3.4e+38 -3.4e+38 -3.4e+38 -3.4e+38 -3.4e+38 -3.4e+38 -3.4e+38 -3.4e+38
11.7 11.6 11.5 11.3 11.1 10.8 10.5 10.2 9.93 9.6 9.26 8.9 8.53 8.15 7.76 7.37 6.98 6.58 6.17 5.75 5.32 4.89 4.58 4.27 3.99 3.72 3.47 3.23 3.03 2.85 2.69 2.55 2.42 2.31 2.2 2.11 2.02 1.94 1.88 1.82 1.78 1.74 1.72 1.7 1.69 1.69 -3.4e+38 -3.4e+38 -3.4e+38 -3.4e+38 -3.4e+38 -3.4e+38 -3.4e+38 -3.4e+38 -3.4e+38 -3.4e+38 -3.4e+38 -3.4e+38 -3.4e+38 -3.4e+38 -3.4e+38 -3.4e+38 -3.4e+38 -3.4e+38 -3.4e+38 -3.4e+38 -3.4e+38 -3.4e+38 -3.4e+38 -3.4e+38 -3.4e+38 -3.4e+38
11.5 11.4 11.3 11.1 10.9 10.6 10.3 10 9.7 9.35 9.01 8.65 8.28 7.9 7.52 7.14 6.75 6.36 5.94 5.52 5.11 4.71 4.41 4.12 3.85 3.59 3.34 3.12 2.93 2.76 2.61 2.48 2.36 2.25 2.15 2.06 1.98 1.91 1.85 1.8 1.76 1.73 1.71 1.7 -3.4e+38 -3.4e+38 -3.4e+38 -3.4e+38 -3.4e+38 -3.4e+38 -3.4e+38 -3.4e+38 -3.4e+38 -3.4e+38 -3.4e+38 -3.4e+38 -3.4e+38 -3.4e+38 -3.4e+38 -3.4e+38 -3.4e+38 -3.4e+38 -3.4e+38 -3.4e+38 -3.4e+38 -3.4e+38 -3.4e+38 -3.4e+38 -3.4e+38 -3.4e+38 -3.4e+38 -3.4e+38
