maui/input/month_year_rainfall/maui_prcp_02_2002.asc
ncols        361
nrows        320
xllcorner    -156.738000000000
yllcorner    20.343000000000
cellsize     0.002250000000
NODATA_value -3.4028234663852885981e+38
[rows 160 to 191 of 320, columns 144 to 215 of 361]
4.2 4.22 4.24 4.25 4.26 4.27 4.26 4.25 4.23 4.2 4.17 4.19 4.26 4.36 4.46 4.56 4.65 4.74 4.82 4.88 4.94 5 5.1 5.28 5.48 5.67 5.81 5.89 5.96 6.02 6.06 6.11 6.14 6.18 6.22 6.25 6.29 6.33 6.38 6.42 6.48 6.54 6.61 6.68 6.76 6.85 6.94 7.03 7.13 7.21 7.3 7.39 7.48 7.56 7.65 7.74 7.84 7.93 8.02 8.11 8.2 8.29 8.38 8.47 8.56 8.65 8.75 8.86 8.99 9.14 9.32 9.51
4.22 4.24 4.26 4.28 4.29 4.29 4.29 4.28 4.26 4.22 4.19 4.2 4.29 4.4 4.51 4.62 4.72 4.82 4.9 4.97 5.03 5.08 5.17 5.38 5.59 5.8 5.95 6.03 6.09 6.15 6.19 6.23 6.27 6.3 6.34 6.38 6.42 6.46 6.51 6.57 6.63 6.7 6.77 6.85 6.93 7.02 7.11 7.21 7.3 7.38 7.47 7.56 7.65 7.73 7.82 7.91 8 8.09 8.19 8.28 8.37 8.46 8.55 8.64 8.74 8.84 8.95 9.07 9.2 9.35 9.53 9.72
4.25 4.27 4.29 4.31 4.32 4.33 4.33 4.33 4.31 4.3 4.29 4.32 4.38 4.48 4.6 4.72 4.83 4.94 5.02 5.1 5.18 5.25 5.36 5.54 5.73 5.91 6.05 6.15 6.22 6.27 6.32 6.35 6.39 6.43 6.47 6.51 6.55 6.6 6.66 6.72 6.79 6.86 6.93 7.01 7.1 7.19 7.28 7.37 7.46 7.54 7.63 7.71 7.8 7.89 7.98 8.07 8.16 8.25 8.34 8.44 8.53 8.62 8.71 8.8 8.9 9.01 9.12 9.25 9.39 9.55 9.72 9.92
4.27 4.3 4.32 4.34 4.36 4.38 4.39 4.39 4.39 4.4 4.42 4.46 4.53 4.61 4.73 4.86 4.97 5.08 5.18 5.27 5.36 5.46 5.58 5.73 5.89 6.05 6.17 6.27 6.35 6.4 6.44 6.48 6.52 6.56 6.6 6.64 6.69 6.74 6.8 6.87 6.94 7.02 7.1 7.18 7.26 7.35 7.44 7.53 7.62 7.7 7.78 7.86 7.95 8.04 8.13 8.22 8.31 8.4 8.49 8.59 8.68 8.77 8.86 8.95 9.06 9.17 9.29 9.42 9.57 9.73 9.9 10.1
4.3 4.33 4.36 4.39 4.42 4.44 4.46 4.48 4.5 4.53 4.57 4.62 4.7 4.79 4.9 5.03 5.14 5.26 5.36 5.47 5.57 5.68 5.79 5.93 6.07 6.2 6.31 6.4 6.47 6.53 6.57 6.61 6.65 6.69 6.73 6.78 6.83 6.88 6.95 7.02 7.09 7.17 7.25 7.33 7.41 7.5 7.59 7.68 7.76 7.84 7.93 8.01 8.09 8.18 8.27 8.35 8.44 8.54 8.63 8.72 8.81 8.9 8.99 9.09 9.19 9.3 9.43 9.57 9.72 9.88 10.1 10.3
4.34 4.37 4.41 4.44 4.48 4.52 4.55 4.58 4.62 4.67 4.73 4.8 4.88 4.98 5.09 5.22 5.34 5.46 5.57 5.68 5.79 5.9 6.01 6.13 6.26 6.37 6.46 6.54 6.61 6.66 6.7 6.74 6.78 6.82 6.87 6.92 6.97 7.03 7.09 7.16 7.24 7.32 7.39 7.47 7.56 7.64 7.73 7.81 7.9 7.98 8.06 8.14 8.22 8.3 8.39 8.48 8.57 8.66 8.75 8.84 8.93 9.01 9.11 9.2 9.31 9.42 9.55 9.69 9.85 10 10.2 10.4
4.37 4.41 4.46 4.5 4.55 4.6 4.65 4.71 4.77 4.83 4.91 4.99 5.08 5.18 5.3 5.42 5.54 5.67 5.78 5.9 6.01 6.13 6.24 6.35 6.45 6.54 6.63 6.69 6.75 6.8 6.84 6.88 6.92 6.96 7 7.06 7.11 7.16 7.23 7.3 7.37 7.46 7.53 7.61 7.69 7.77 7.86 7.94 8.02 8.1 8.18 8.25 8.34 8.41 8.49 8.58 8.67 8.76 8.84 8.93 9.02 9.1 9.2 9.3 9.4 9.51 9.65 9.8 9.96 10.1 10.3 10.5
4.4 4.45 4.51 4.57 4.63 4.69 4.76 4.83 4.91 5 5.09 5.18 5.28 5.39 5.51 5.63 5.76 5.88 6 6.12 6.23 6.34 6.45 6.55 6.64 6.72 6.79 6.84 6.9 6.94 6.98 7.02 7.05 7.09 7.13 7.18 7.23 7.29 7.35 7.42 7.5 7.58 7.66 7.74 7.82 7.89 7.97 8.05 8.13 8.21 8.28 8.35 8.43 8.5 8.58 8.66 8.75 8.83 8.92 9 9.09 9.17 9.27 9.37 9.47 9.58 9.73 9.88 10 10.2 10.4 10.6
4.44 4.49 4.56 4.63 4.71 4.79 4.87 4.97 5.07 5.17 5.28 5.38 5.49 5.59 5.72 5.84 5.97 6.1 6.22 6.34 6.45 6.56 6.65 6.74 6.82 6.89 6.95 7 7.04 7.08 7.12 7.15 7.19 7.22 7.26 7.31 7.35 7.4 7.46 7.54 7.62 7.71 7.78 7.86 7.94 8.01 8.08 8.16 8.24 8.31 8.37 8.44 8.51 8.58 8.65 8.73 8.81 8.89 8.97 9.05 9.14 9.22 9.32 9.42 9.53 9.64 9.78 9.94 10.1 10.3 10.5 10.7
4.47 4.53 4.61 4.7 4.8 4.89 4.99 5.1 5.22 5.35 5.47 5.58 5.68 5.79 5.92 6.04 6.17 6.3 6.42 6.54 6.65 6.75 6.84 6.93 7 7.05 7.1 7.14 7.17 7.21 7.24 7.27 7.31 7.34 7.38 7.41 7.45 7.5 7.56 7.64 7.73 7.81 7.89 7.97 8.04 8.11 8.18 8.25 8.32 8.38 8.45 8.5 8.57 8.63 8.69 8.77 8.85 8.92 9 9.07 9.16 9.24 9.33 9.44 9.54 9.65 9.8 9.96 10.1 10.3 10.5 10.7
4.52 4.59 4.68 4.78 4.89 5 5.11 5.24 5.37 5.52 5.65 5.76 5.87 5.98 6.11 6.24 6.36 6.49 6.62 6.74 6.85 6.94 7.03 7.11 7.16 7.21 7.24 7.27 7.3 7.33 7.36 7.4 7.43 7.46 7.49 7.53 7.55 7.59 7.65 7.75 7.84 7.92 8 8.07 8.14 8.2 8.27 8.33 8.39 8.45 8.51 8.56 8.62 8.67 8.72 8.79 8.86 8.93 9 9.08 9.16 9.24 9.34 9.44 9.55 9.66 9.81 9.96 10.1 10.3 10.5 10.7
4.59 4.67 4.76 4.87 4.99 5.1 5.23 5.36 5.51 5.66 5.81 5.92 6.03 6.14 6.26 6.4 6.53 6.66 6.79 6.91 7.02 7.12 7.2 7.26 7.3 7.33 7.36 7.38 7.4 7.43 7.46 7.49 7.53 7.56 7.59 7.62 7.65 7.69 7.75 7.84 7.93 8.01 8.07 8.14 8.21 8.27 8.33 8.38 8.44 8.49 8.55 8.59 8.64 8.68 8.72 8.78 8.85 8.91 8.98 9.06 9.14 9.22 9.31 9.4 9.51 9.63 9.77 9.92 10.1 10.3 10.5 10.7
4.66 4.75 4.85 4.96 5.08 5.21 5.34 5.48 5.63 5.78 5.92 6.04 6.16 6.27 6.4 6.54 6.67 6.81 6.95 7.08 7.2 7.29 7.37 7.41 7.44 7.45 7.47 7.48 7.5 7.52 7.55 7.59 7.62 7.65 7.69 7.73 7.77 7.82 7.88 7.95 8.02 8.09 8.15 8.21 8.28 8.33 8.39 8.44 8.48 8.53 8.58 8.62 8.66 8.68 8.72 8.77 8.83 8.89 8.95 9.03 9.1 9.18 9.27 9.36 9.47 9.58 9.72 9.87 10 10.2 10.4 10.6
4.72 4.82 4.93 5.05 5.18 5.3 5.44 5.58 5.72 5.86 6 6.12 6.25 6.37 6.5 6.64 6.78 6.93 7.08 7.22 7.35 7.44 7.5 7.53 7.54 7.54 7.55 7.55 7.56 7.59 7.62 7.65 7.69 7.72 7.76 7.81 7.85 7.91 7.97 8.03 8.09 8.15 8.21 8.26 8.32 8.37 8.42 8.46 8.5 8.54 8.58 8.61 8.64 8.66 8.68 8.73 8.78 8.84 8.9 8.97 9.04 9.12 9.2 9.29 9.4 9.51 9.65 9.8 9.96 10.1 10.3 10.5
4.78 4.89 5.01 5.13 5.26 5.39 5.52 5.66 5.8 5.93 6.06 6.19 6.31 6.44 6.58 6.72 6.87 7.02 7.19 7.35 7.49 7.58 7.61 7.62 7.61 7.61 7.61 7.61 7.61 7.64 7.67 7.7 7.74 7.78 7.83 7.88 7.93 7.99 8.04 8.1 8.16 8.21 8.26 8.31 8.36 8.41 8.44 8.48 8.51 8.54 8.57 8.59 8.61 8.62 8.64 8.68 8.73 8.78 8.84 8.91 8.98 9.05 9.13 9.22 9.33 9.44 9.58 9.72 9.87 10 10.2 10.4
4.84 4.96 5.08 5.21 5.34 5.46 5.59 5.73 5.85 5.98 6.1 6.23 6.35 6.48 6.62 6.76 6.91 7.07 7.25 7.43 7.61 7.68 7.67 7.66 7.64 7.63 7.62 7.62 7.63 7.65 7.68 7.72 7.76 7.81 7.86 7.91 7.97 8.03 8.09 8.15 8.2 8.25 8.29 8.34 8.38 8.42 8.45 8.47 8.49 8.51 8.53 8.55 8.56 8.57 8.58 8.62 8.66 8.71 8.77 8.84 8.91 8.98 9.07 9.15 9.26 9.36 9.49 9.63 9.79 9.95 10.1 10.3
4.89 5.01 5.14 5.27 5.4 5.53 5.65 5.78 5.9 6.02 6.13 6.25 6.37 6.5 6.63 6.77 6.91 7.07 7.25 7.44 7.64 7.69 7.67 7.64 7.62 7.61 7.61 7.61 7.62 7.64 7.68 7.72 7.77 7.82 7.87 7.93 7.99 8.06 8.11 8.18 8.23 8.28 8.32 8.36 8.4 8.43 8.45 8.46 8.47 8.48 8.49 8.5 8.51 8.51 8.52 8.56 8.6 8.65 8.71 8.78 8.85 8.91 9 9.08 9.18 9.29 9.41 9.55 9.7 9.86 10 10.2
4.93 5.06 5.19 5.32 5.45 5.58 5.7 5.81 5.92 6.03 6.14 6.25 6.37 6.49 6.61 6.74 6.88 7.03 7.18 7.35 7.49 7.56 7.56 7.56 7.55 7.55 7.55 7.56 7.58 7.6 7.64 7.69 7.74 7.8 7.85 7.92 7.98 8.05 8.12 8.18 8.23 8.29 8.32 8.36 8.4 8.42 8.43 8.43 8.43 8.44 8.44 8.45 8.46 8.46 8.47 8.5 8.54 8.59 8.64 8.72 8.78 8.85 8.93 9.02 9.11 9.21 9.34 9.47 9.62 9.78 9.95 10.1
4.96 5.09 5.23 5.36 5.49 5.61 5.72 5.82 5.93 6.03 6.13 6.24 6.34 6.45 6.56 6.68 6.8 6.93 7.07 7.2 7.3 7.37 7.41 7.43 7.44 7.45 7.47 7.48 7.51 7.54 7.58 7.63 7.69 7.75 7.82 7.88 7.95 8.03 8.1 8.17 8.23 8.28 8.32 8.35 8.39 8.4 8.4 8.4 8.4 8.4 8.39 8.4 8.4 8.41 8.41 8.44 8.48 8.53 8.59 8.65 8.72 8.78 8.86 8.95 9.05 9.15 9.28 9.42 9.57 9.73 9.91 10.1
4.99 5.12 5.25 5.38 5.52 5.62 5.73 5.83 5.92 6.02 6.11 6.2 6.3 6.39 6.49 6.6 6.7 6.81 6.92 7.02 7.11 7.18 7.23 7.27 7.3 7.33 7.36 7.38 7.41 7.45 7.5 7.55 7.61 7.68 7.76 7.83 7.91 7.99 8.07 8.14 8.2 8.26 8.3 8.34 8.36 8.38 8.38 8.37 8.37 8.36 8.35 8.35 8.35 8.35 8.36 8.39 8.43 8.47 8.53 8.59 8.66 8.72 8.8 8.89 8.99 9.1 9.24 9.38 9.55 9.72 9.92 10.1
5 5.13 5.26 5.39 5.52 5.62 5.72 5.81 5.9 5.98 6.07 6.16 6.24 6.32 6.41 6.5 6.58 6.67 6.76 6.85 6.92 6.99 7.06 7.11 7.15 7.19 7.23 7.27 7.3 7.34 7.39 7.45 7.52 7.6 7.68 7.76 7.84 7.94 8.02 8.1 8.17 8.24 8.28 8.32 8.35 8.36 8.36 8.35 8.34 8.32 8.31 8.3 8.3 8.3 8.31 8.33 8.37 8.41 8.47 8.53 8.6 8.67 8.76 8.86 8.97 9.09 9.24 9.39 9.57 9.75 9.96 10.2
5.01 5.14 5.26 5.39 5.52 5.61 5.71 5.79 5.87 5.94 6.02 6.1 6.17 6.24 6.31 6.39 6.46 6.53 6.61 6.68 6.74 6.81 6.88 6.95 7 7.05 7.1 7.14 7.18 7.22 7.27 7.34 7.41 7.49 7.58 7.67 7.77 7.87 7.96 8.06 8.13 8.2 8.26 8.3 8.34 8.35 8.35 8.33 8.31 8.29 8.27 8.25 8.24 8.24 8.24 8.27 8.3 8.35 8.41 8.47 8.55 8.63 8.73 8.85 8.97 9.1 9.26 9.42 9.61 9.8 10 10.2
5 5.13 5.25 5.37 5.49 5.59 5.67 5.75 5.82 5.89 5.96 6.03 6.09 6.16 6.22 6.28 6.34 6.41 6.47 6.54 6.59 6.65 6.72 6.79 6.85 6.91 6.96 7.01 7.05 7.1 7.15 7.22 7.3 7.38 7.48 7.58 7.69 7.8 7.9 8.01 8.1 8.18 8.24 8.3 8.34 8.35 8.35 8.33 8.3 8.27 8.23 8.21 8.19 8.18 8.18 8.21 8.25 8.3 8.37 8.45 8.53 8.62 8.74 8.86 8.99 9.12 9.28 9.45 9.64 9.84 10 10.3
4.99 5.12 5.23 5.35 5.47 5.56 5.64 5.71 5.78 5.84 5.9 5.96 6.01 6.07 6.12 6.17 6.23 6.29 6.34 6.4 6.45 6.51 6.57 6.64 6.71 6.77 6.83 6.87 6.92 6.97 7.02 7.09 7.18 7.27 7.38 7.49 7.61 7.73 7.84 7.95 8.05 8.15 8.22 8.29 8.34 8.36 8.35 8.32 8.28 8.23 8.19 8.15 8.12 8.11 8.11 8.14 8.19 8.26 8.34 8.42 8.52 8.63 8.75 8.88 9.02 9.15 9.31 9.48 9.67 9.87 10.1 10.3
4.98 5.09 5.21 5.32 5.43 5.52 5.6 5.66 5.73 5.78 5.83 5.88 5.93 5.98 6.02 6.07 6.11 6.17 6.23 6.29 6.35 6.41 6.47 6.54 6.6 6.66 6.72 6.77 6.81 6.86 6.91 6.98 7.07 7.18 7.3 7.42 7.55 7.67 7.79 7.91 8.02 8.12 8.22 8.3 8.36 8.39 8.38 8.34 8.28 8.22 8.17 8.12 8.08 8.05 8.05 8.08 8.14 8.22 8.31 8.4 8.51 8.62 8.75 8.88 9.02 9.16 9.32 9.48 9.67 9.87 10.1 10.3
4.96 5.07 5.18 5.29 5.4 5.48 5.56 5.62 5.68 5.72 5.77 5.81 5.85 5.89 5.92 5.96 6 6.06 6.12 6.18 6.25 6.31 6.38 6.44 6.5 6.57 6.62 6.67 6.72 6.77 6.82 6.87 6.97 7.09 7.23 7.35 7.48 7.61 7.73 7.85 7.97 8.09 8.19 8.3 8.39 8.42 8.4 8.34 8.27 8.2 8.13 8.07 8.03 7.99 7.97 8.01 8.08 8.17 8.28 8.38 8.5 8.62 8.75 8.89 9.03 9.17 9.32 9.49 9.67 9.87 10.1 10.3
4.94 5.05 5.15 5.26 5.35 5.43 5.51 5.57 5.62 5.66 5.7 5.73 5.76 5.79 5.81 5.85 5.89 5.95 6.01 6.09 6.16 6.23 6.3 6.37 6.44 6.5 6.56 6.62 6.67 6.72 6.77 6.82 6.92 7.05 7.18 7.31 7.44 7.57 7.69 7.82 7.94 8.06 8.17 8.28 8.4 8.46 8.4 8.32 8.24 8.17 8.1 8.03 7.97 7.92 7.89 7.93 8.02 8.13 8.24 8.36 8.48 8.6 8.73 8.87 9.01 9.16 9.31 9.47 9.66 9.86 10.1 10.3
4.91 5.02 5.12 5.22 5.31 5.38 5.45 5.51 5.56 5.6 5.63 5.66 5.68 5.7 5.71 5.74 5.77 5.84 5.92 6 6.08 6.16 6.24 6.31 6.38 6.45 6.51 6.57 6.63 6.68 6.74 6.81 6.91 7.02 7.14 7.27 7.4 7.52 7.64 7.77 7.89 8.01 8.12 8.23 8.34 8.39 8.35 8.27 8.19 8.12 8.05 7.99 7.92 7.86 7.8 7.86 7.98 8.1 8.22 8.34 8.46 8.59 8.72 8.86 9 9.14 9.29 9.45 9.64 9.83 10 10.2
4.89 4.99 5.08 5.17 5.25 5.33 5.39 5.45 5.5 5.53 5.56 5.59 5.6 5.62 5.63 5.63 5.66 5.74 5.84 5.93 6.02 6.1 6.19 6.26 6.33 6.4 6.47 6.54 6.6 6.66 6.73 6.8 6.9 7 7.12 7.24 7.36 7.48 7.59 7.71 7.83 7.94 8.04 8.14 8.22 8.26 8.24 8.19 8.12 8.06 7.99 7.94 7.89 7.83 7.81 7.86 7.97 8.08 8.2 8.32 8.45 8.57 8.7 8.84 8.98 9.11 9.26 9.41 9.59 9.76 9.96 10.1
4.86 4.96 5.04 5.12 5.2 5.27 5.33 5.38 5.43 5.46 5.49 5.51 5.53 5.55 5.56 5.57 5.59 5.68 5.78 5.87 5.97 6.05 6.14 6.22 6.29 6.36 6.44 6.51 6.58 6.64 6.71 6.79 6.88 6.98 7.08 7.2 7.31 7.42 7.53 7.65 7.75 7.85 7.95 8.03 8.09 8.12 8.12 8.09 8.04 7.99 7.94 7.89 7.86 7.83 7.84 7.88 7.97 8.08 8.19 8.31 8.43 8.55 8.68 8.81 8.94 9.07 9.2 9.34 9.49 9.65 9.82 9.98
4.83 4.92 5 5.07 5.14 5.2 5.25 5.31 5.35 5.39 5.42 5.44 5.47 5.49 5.51 5.54 5.58 5.65 5.74 5.83 5.92 6.01 6.09 6.17 6.25 6.32 6.4 6.47 6.54 6.61 6.69 6.76 6.85 6.94 7.04 7.15 7.25 7.36 7.46 7.56 7.66 7.75 7.84 7.91 7.96 7.99 7.99 7.97 7.94 7.91 7.88 7.85 7.83 7.83 7.85 7.9 7.97 8.07 8.18 8.29 8.4 8.51 8.64 8.76 8.87 8.98 9.1 9.21 9.34 9.47 9.61 9.75
4.8 4.88 4.95 5.01 5.06 5.12 5.17 5.22 5.27 5.3 5.34 5.37 5.4 5.43 5.47 5.51 5.56 5.63 5.71 5.79 5.88 5.97 6.05 6.13 6.2 6.28 6.35 6.42 6.5 6.57 6.64 6.72 6.8 6.89 6.98 7.08 7.18 7.28 7.37 7.47 7.56 7.64 7.72 7.78 7.83 7.85 7.86 7.86 7.84 7.83 7.82 7.8 7.8 7.81 7.84 7.89 7.96 8.05 8.15 8.25 8.35 8.45 8.56 8.67 8.77 8.87 8.96 9.05 9.15 9.25 9.36 9.47
