maui/input/month_year_rainfall/maui_prcp_05_2001.asc
ncols        361
nrows        320
xllcorner    -156.738000000000
yllcorner    20.343000000000
cellsize     0.002250000000
NODATA_value -3.4028234663852885981e+38
[rows 128 to 159 of 320, columns 213 to 283 of 361]
1.5 1.54 1.58 1.64 1.7 1.77 1.85 1.93 2.03 2.14 2.25 2.37 2.51 2.65 2.8 2.97 3.16 3.37 3.59 3.83 4.07 4.31 4.55 4.79 5.03 5.27 5.51 5.74 5.95 6.16 6.36 6.55 6.73 6.91 7.08 7.24 7.41 7.57 7.71 7.85 7.99 8.12 8.23 8.36 8.5 8.65 8.81 8.99 9.18 9.38 9.6 9.82 10.1 10.3 10.6 10.8 11.1 11.4 11.6 11.9 12.2 12.5 12.7 13 13.2 13.4 13.5 13.5 13.5 13.4 13.4
1.45 1.48 1.52 1.57 1.62 1.68 1.74 1.82 1.9 1.99 2.1 2.2 2.33 2.46 2.61 2.77 2.95 3.14 3.35 3.57 3.79 4.03 4.27 4.51 4.74 4.98 5.21 5.44 5.65 5.86 6.07 6.27 6.45 6.64 6.81 6.98 7.16 7.34 7.5 7.66 7.81 7.95 8.08 8.23 8.38 8.54 8.71 8.89 9.08 9.28 9.5 9.73 9.97 10.2 10.5 10.8 11 11.3 11.6 11.9 12.2 12.4 12.7 12.9 13.2 13.3 13.5 13.5 13.5 13.5 13.5
1.4 1.42 1.45 1.49 1.53 1.58 1.64 1.7 1.77 1.85 1.94 2.04 2.15 2.28 2.42 2.57 2.74 2.92 3.11 3.32 3.53 3.77 4 4.23 4.46 4.69 4.92 5.14 5.35 5.57 5.77 5.97 6.16 6.35 6.52 6.7 6.89 7.08 7.25 7.42 7.59 7.74 7.89 8.05 8.21 8.39 8.57 8.77 8.97 9.18 9.4 9.63 9.88 10.1 10.4 10.7 11 11.3 11.6 11.9 12.1 12.4 12.6 12.9 13.1 13.3 13.4 13.5 13.6 13.6 13.6
1.34 1.36 1.38 1.41 1.44 1.48 1.53 1.58 1.65 1.71 1.79 1.88 1.98 2.09 2.23 2.38 2.54 2.71 2.88 3.08 3.29 3.51 3.73 3.96 4.19 4.41 4.63 4.84 5.06 5.27 5.47 5.66 5.86 6.05 6.23 6.41 6.61 6.8 6.98 7.16 7.34 7.51 7.67 7.84 8.03 8.23 8.43 8.64 8.85 9.07 9.3 9.54 9.78 10 10.3 10.6 10.9 11.2 11.5 11.8 12.1 12.4 12.6 12.8 13.1 13.3 13.4 13.5 13.6 13.7 13.7
1.28 1.3 1.32 1.34 1.36 1.39 1.43 1.47 1.53 1.59 1.66 1.73 1.83 1.93 2.06 2.2 2.35 2.5 2.65 2.85 3.06 3.28 3.5 3.71 3.93 4.14 4.35 4.56 4.76 4.97 5.16 5.36 5.55 5.74 5.92 6.1 6.3 6.49 6.68 6.87 7.05 7.22 7.39 7.58 7.78 7.99 8.2 8.41 8.63 8.86 9.1 9.35 9.6 9.87 10.2 10.4 10.7 11 11.3 11.6 11.9 12.2 12.5 12.7 13 13.2 13.4 13.5 13.6 13.7 13.8
1.23 1.24 1.25 1.26 1.28 1.3 1.33 1.36 1.41 1.46 1.53 1.6 1.68 1.78 1.9 2.02 2.15 2.29 2.43 2.63 2.83 3.05 3.27 3.47 3.68 3.88 4.08 4.27 4.47 4.66 4.86 5.05 5.24 5.43 5.6 5.78 5.98 6.18 6.38 6.57 6.75 6.93 7.1 7.3 7.5 7.72 7.94 8.16 8.39 8.62 8.87 9.13 9.4 9.67 9.96 10.3 10.5 10.8 11.2 11.5 11.8 12.1 12.4 12.6 12.9 13.1 13.3 13.5 13.7 13.8 13.9
1.18 1.18 1.19 1.19 1.2 1.22 1.25 1.27 1.31 1.36 1.42 1.48 1.56 1.65 1.77 1.89 2.01 2.15 2.29 2.47 2.66 2.87 3.07 3.26 3.45 3.63 3.82 4 4.18 4.36 4.54 4.71 4.9 5.08 5.25 5.43 5.63 5.83 6.03 6.22 6.41 6.59 6.76 6.96 7.17 7.38 7.6 7.82 8.05 8.29 8.54 8.8 9.08 9.36 9.65 9.95 10.3 10.6 10.9 11.2 11.5 11.8 12.1 12.4 12.7 12.9 13.2 13.4 13.6 13.8 13.9
1.12 1.12 1.12 1.12 1.13 1.14 1.16 1.18 1.21 1.25 1.31 1.36 1.44 1.53 1.64 1.75 1.88 2.02 2.16 2.33 2.5 2.68 2.87 3.05 3.22 3.39 3.56 3.73 3.89 4.05 4.22 4.38 4.55 4.72 4.9 5.08 5.28 5.48 5.68 5.87 6.06 6.24 6.42 6.62 6.82 7.04 7.25 7.47 7.7 7.94 8.2 8.46 8.74 9.03 9.32 9.62 9.93 10.3 10.6 10.9 11.2 11.6 11.9 12.2 12.5 12.8 13 13.3 13.5 13.7 13.9
1.07 1.07 1.06 1.06 1.06 1.06 1.08 1.09 1.13 1.16 1.21 1.26 1.34 1.42 1.52 1.64 1.76 1.89 2.02 2.18 2.34 2.51 2.68 2.85 3 3.16 3.31 3.46 3.61 3.76 3.91 4.06 4.21 4.37 4.53 4.7 4.89 5.08 5.27 5.46 5.65 5.83 6.01 6.21 6.42 6.63 6.84 7.06 7.29 7.53 7.78 8.04 8.32 8.62 8.91 9.21 9.53 9.85 10.2 10.5 10.9 11.2 11.5 11.9 12.2 12.5 12.8 13.1 13.4 13.6 13.8
1.03 1.01 1 0.994 0.989 0.988 0.999 1.01 1.04 1.07 1.12 1.17 1.24 1.32 1.42 1.52 1.64 1.76 1.89 2.04 2.19 2.34 2.5 2.64 2.79 2.93 3.07 3.2 3.33 3.47 3.6 3.73 3.87 4.01 4.16 4.31 4.49 4.67 4.85 5.04 5.23 5.41 5.58 5.78 5.99 6.2 6.4 6.62 6.85 7.09 7.34 7.61 7.89 8.18 8.48 8.78 9.1 9.43 9.77 10.1 10.5 10.8 11.2 11.5 11.9 12.2 12.5 12.9 13.2 13.4 13.7
0.993 0.975 0.959 0.944 0.935 0.929 0.936 0.946 0.971 0.998 1.04 1.09 1.16 1.24 1.33 1.43 1.54 1.66 1.78 1.91 2.04 2.18 2.31 2.44 2.57 2.69 2.81 2.93 3.04 3.15 3.26 3.37 3.49 3.61 3.74 3.88 4.04 4.2 4.37 4.55 4.73 4.92 5.1 5.29 5.5 5.7 5.91 6.13 6.35 6.59 6.84 7.11 7.39 7.68 7.97 8.28 8.61 8.95 9.3 9.66 10 10.4 10.8 11.1 11.5 11.9 12.3 12.6 12.9 13.3 13.5
0.963 0.941 0.919 0.9 0.886 0.876 0.878 0.885 0.907 0.932 0.972 1.02 1.08 1.16 1.24 1.34 1.44 1.56 1.67 1.79 1.9 2.02 2.13 2.25 2.36 2.46 2.56 2.66 2.75 2.84 2.93 3.02 3.12 3.22 3.33 3.44 3.57 3.72 3.87 4.04 4.22 4.4 4.58 4.77 4.97 5.17 5.38 5.6 5.82 6.06 6.31 6.58 6.86 7.15 7.45 7.77 8.1 8.45 8.81 9.18 9.55 9.94 10.3 10.7 11.1 11.5 11.9 12.3 12.7 13 13.4
0.943 0.915 0.889 0.864 0.845 0.831 0.83 0.834 0.853 0.875 0.913 0.958 1.02 1.09 1.18 1.27 1.37 1.47 1.57 1.68 1.77 1.87 1.97 2.06 2.15 2.24 2.32 2.39 2.46 2.53 2.6 2.67 2.74 2.81 2.9 2.99 3.09 3.21 3.34 3.49 3.66 3.83 4.01 4.2 4.4 4.6 4.8 5.02 5.24 5.48 5.73 6 6.28 6.57 6.88 7.21 7.55 7.91 8.28 8.66 9.05 9.45 9.87 10.3 10.7 11.2 11.6 12 12.4 12.8 13.2
0.925 0.893 0.863 0.834 0.812 0.794 0.79 0.79 0.806 0.826 0.863 0.906 0.967 1.04 1.11 1.2 1.29 1.39 1.49 1.58 1.66 1.74 1.82 1.89 1.96 2.03 2.09 2.15 2.2 2.25 2.3 2.35 2.4 2.45 2.52 2.59 2.67 2.76 2.87 3 3.14 3.3 3.46 3.64 3.82 4.01 4.21 4.41 4.63 4.86 5.11 5.38 5.66 5.96 6.29 6.63 6.98 7.35 7.73 8.11 8.52 8.94 9.37 9.82 10.3 10.8 11.2 11.7 12.1 12.5 12.9
0.91 0.874 0.84 0.808 0.784 0.765 0.756 0.752 0.766 0.784 0.822 0.864 0.921 0.984 1.06 1.14 1.23 1.32 1.41 1.48 1.55 1.61 1.68 1.73 1.79 1.84 1.88 1.92 1.96 1.99 2.03 2.06 2.1 2.14 2.19 2.24 2.3 2.37 2.45 2.55 2.67 2.8 2.94 3.1 3.26 3.43 3.6 3.79 3.99 4.22 4.46 4.72 5.01 5.33 5.66 6.02 6.39 6.77 7.16 7.55 7.97 8.4 8.86 9.33 9.82 10.3 10.8 11.3 11.8 12.2 12.7
0.898 0.859 0.823 0.789 0.763 0.742 0.732 0.727 0.74 0.756 0.792 0.832 0.885 0.943 1.01 1.08 1.16 1.25 1.32 1.39 1.44 1.5 1.55 1.59 1.64 1.67 1.71 1.74 1.76 1.78 1.81 1.83 1.86 1.89 1.93 1.98 2.03 2.08 2.15 2.23 2.33 2.44 2.55 2.68 2.82 2.97 3.12 3.29 3.46 3.67 3.89 4.14 4.43 4.74 5.08 5.44 5.82 6.21 6.59 6.98 7.4 7.84 8.31 8.8 9.31 9.84 10.4 10.9 11.4 11.9 12.4
0.888 0.847 0.809 0.773 0.746 0.723 0.714 0.709 0.721 0.736 0.769 0.806 0.855 0.907 0.965 1.03 1.1 1.17 1.24 1.29 1.34 1.39 1.43 1.47 1.5 1.53 1.55 1.57 1.59 1.6 1.62 1.64 1.66 1.69 1.72 1.75 1.8 1.84 1.9 1.96 2.04 2.13 2.23 2.33 2.44 2.57 2.69 2.84 2.99 3.17 3.37 3.61 3.88 4.19 4.53 4.9 5.27 5.66 6.02 6.4 6.83 7.28 7.77 8.27 8.81 9.35 9.92 10.5 11.1 11.6 12.1
0.88 0.837 0.797 0.762 0.734 0.712 0.702 0.697 0.708 0.722 0.752 0.786 0.831 0.878 0.931 0.987 1.05 1.11 1.16 1.21 1.25 1.29 1.32 1.35 1.38 1.4 1.41 1.43 1.44 1.45 1.46 1.48 1.49 1.51 1.54 1.57 1.6 1.64 1.69 1.75 1.81 1.89 1.97 2.06 2.15 2.26 2.37 2.49 2.63 2.79 2.97 3.18 3.44 3.74 4.08 4.44 4.81 5.19 5.55 5.92 6.35 6.81 7.31 7.82 8.36 8.92 9.5 10.1 10.7 11.2 11.8
0.873 0.828 0.787 0.751 0.724 0.702 0.692 0.686 0.696 0.71 0.737 0.768 0.809 0.852 0.898 0.947 0.996 1.04 1.09 1.13 1.17 1.19 1.22 1.24 1.26 1.27 1.28 1.29 1.3 1.3 1.31 1.32 1.33 1.35 1.37 1.39 1.42 1.46 1.5 1.55 1.6 1.67 1.73 1.81 1.89 1.98 2.07 2.19 2.31 2.45 2.6 2.79 3.03 3.33 3.67 4.02 4.38 4.75 5.11 5.47 5.91 6.38 6.88 7.39 7.94 8.51 9.1 9.7 10.3 10.9 11.5
0.868 0.822 0.781 0.745 0.718 0.696 0.687 0.682 0.691 0.703 0.728 0.756 0.793 0.832 0.875 0.918 0.961 1 1.04 1.07 1.1 1.12 1.14 1.16 1.17 1.18 1.19 1.19 1.2 1.2 1.21 1.21 1.22 1.23 1.25 1.27 1.3 1.33 1.36 1.4 1.45 1.5 1.56 1.62 1.69 1.77 1.85 1.96 2.07 2.21 2.36 2.52 2.74 3.05 3.38 3.72 4.07 4.43 4.79 5.15 5.59 6.04 6.53 7.04 7.58 8.14 8.74 9.35 9.98 10.6 11.2
0.862 0.816 0.775 0.739 0.712 0.691 0.682 0.678 0.686 0.697 0.72 0.745 0.779 0.814 0.853 0.891 0.928 0.963 0.994 1.02 1.04 1.06 1.07 1.08 1.09 1.09 1.1 1.1 1.1 1.11 1.11 1.11 1.12 1.13 1.14 1.16 1.18 1.21 1.24 1.27 1.31 1.35 1.4 1.45 1.51 1.58 1.65 1.75 1.86 2 2.15 2.33 2.55 2.83 3.14 3.46 3.8 4.14 4.49 4.86 5.28 5.71 6.19 6.69 7.23 7.79 8.38 9 9.64 10.3 10.9
0.858 0.813 0.772 0.736 0.71 0.689 0.681 0.677 0.684 0.694 0.715 0.738 0.769 0.801 0.835 0.869 0.901 0.931 0.958 0.979 0.998 1.01 1.02 1.02 1.03 1.03 1.03 1.03 1.03 1.03 1.04 1.04 1.05 1.05 1.06 1.08 1.1 1.12 1.14 1.17 1.21 1.25 1.29 1.33 1.38 1.44 1.51 1.6 1.71 1.85 2.02 2.21 2.43 2.69 2.97 3.27 3.59 3.92 4.26 4.61 5.02 5.44 5.9 6.39 6.91 7.47 8.06 8.67 9.31 9.93 10.6
0.853 0.808 0.768 0.733 0.707 0.687 0.679 0.676 0.683 0.693 0.712 0.733 0.76 0.789 0.82 0.849 0.877 0.902 0.925 0.942 0.957 0.964 0.97 0.972 0.972 0.97 0.968 0.968 0.969 0.97 0.971 0.973 0.977 0.982 0.992 1 1.02 1.04 1.06 1.09 1.12 1.15 1.19 1.23 1.27 1.32 1.38 1.46 1.57 1.73 1.91 2.11 2.33 2.58 2.84 3.12 3.41 3.72 4.05 4.39 4.78 5.19 5.63 6.1 6.61 7.16 7.74 8.35 8.98 9.6 10.2
0.846 0.802 0.763 0.73 0.705 0.686 0.679 0.676 0.683 0.692 0.71 0.729 0.754 0.78 0.807 0.833 0.857 0.879 0.897 0.911 0.923 0.927 0.931 0.929 0.927 0.923 0.919 0.918 0.918 0.918 0.918 0.919 0.922 0.925 0.934 0.944 0.959 0.976 0.998 1.02 1.05 1.08 1.12 1.15 1.19 1.24 1.29 1.36 1.47 1.64 1.84 2.05 2.28 2.51 2.75 3 3.28 3.56 3.88 4.2 4.58 4.97 5.4 5.86 6.35 6.89 7.45 8.05 8.67 9.28 9.88
0.838 0.795 0.758 0.727 0.703 0.685 0.679 0.676 0.683 0.692 0.709 0.727 0.749 0.772 0.795 0.818 0.84 0.857 0.873 0.883 0.892 0.894 0.895 0.891 0.887 0.881 0.876 0.873 0.872 0.871 0.87 0.869 0.871 0.874 0.882 0.89 0.905 0.921 0.943 0.967 0.995 1.03 1.06 1.1 1.14 1.18 1.23 1.28 1.38 1.58 1.79 2.02 2.24 2.46 2.67 2.9 3.16 3.43 3.72 4.03 4.39 4.77 5.18 5.63 6.11 6.63 7.18 7.76 8.36 8.95 9.55
0.827 0.787 0.752 0.723 0.701 0.685 0.679 0.676 0.684 0.693 0.709 0.725 0.745 0.765 0.786 0.806 0.824 0.838 0.851 0.859 0.864 0.864 0.863 0.858 0.853 0.846 0.839 0.834 0.831 0.828 0.826 0.824 0.826 0.829 0.836 0.844 0.858 0.874 0.896 0.921 0.951 0.984 1.02 1.06 1.1 1.15 1.2 1.28 1.39 1.57 1.77 1.99 2.23 2.41 2.61 2.82 3.05 3.31 3.59 3.89 4.23 4.59 4.99 5.42 5.89 6.39 6.93 7.49 8.08 8.66 9.23
0.815 0.777 0.745 0.719 0.699 0.685 0.68 0.677 0.685 0.695 0.71 0.726 0.743 0.761 0.779 0.796 0.811 0.823 0.833 0.838 0.841 0.839 0.837 0.83 0.824 0.815 0.808 0.801 0.796 0.791 0.788 0.785 0.786 0.788 0.794 0.802 0.816 0.833 0.856 0.882 0.914 0.95 0.99 1.04 1.08 1.14 1.2 1.29 1.41 1.57 1.75 1.96 2.17 2.35 2.53 2.73 2.96 3.2 3.47 3.75 4.08 4.42 4.81 5.22 5.68 6.17 6.68 7.23 7.8 8.36 8.93
0.803 0.767 0.738 0.715 0.698 0.685 0.681 0.68 0.688 0.698 0.713 0.728 0.743 0.758 0.774 0.788 0.8 0.81 0.818 0.821 0.822 0.818 0.813 0.806 0.798 0.789 0.78 0.771 0.765 0.759 0.754 0.75 0.75 0.751 0.757 0.764 0.78 0.797 0.821 0.85 0.884 0.923 0.967 1.02 1.07 1.14 1.21 1.3 1.42 1.57 1.73 1.91 2.09 2.27 2.46 2.65 2.86 3.09 3.35 3.62 3.93 4.26 4.63 5.03 5.47 5.94 6.45 6.98 7.53 8.08 8.63
0.795 0.762 0.736 0.715 0.7 0.688 0.686 0.685 0.694 0.704 0.718 0.732 0.746 0.76 0.772 0.784 0.794 0.801 0.807 0.807 0.807 0.801 0.795 0.787 0.778 0.767 0.757 0.748 0.739 0.732 0.726 0.721 0.72 0.719 0.725 0.732 0.747 0.765 0.79 0.82 0.857 0.899 0.947 1 1.06 1.13 1.21 1.31 1.42 1.55 1.71 1.87 2.03 2.2 2.38 2.56 2.77 2.99 3.23 3.49 3.79 4.1 4.46 4.84 5.27 5.73 6.22 6.74 7.27 7.8 8.34
0.794 0.762 0.737 0.717 0.703 0.693 0.691 0.692 0.701 0.71 0.724 0.737 0.75 0.762 0.773 0.782 0.789 0.794 0.798 0.796 0.794 0.787 0.78 0.77 0.76 0.749 0.738 0.727 0.717 0.708 0.701 0.695 0.692 0.691 0.696 0.702 0.717 0.736 0.762 0.794 0.832 0.877 0.928 0.987 1.05 1.13 1.21 1.3 1.41 1.54 1.68 1.82 1.98 2.13 2.3 2.48 2.67 2.88 3.12 3.36 3.65 3.95 4.29 4.66 5.08 5.52 6 6.5 7.02 7.54 8.06
0.799 0.768 0.744 0.726 0.714 0.704 0.703 0.705 0.714 0.723 0.735 0.747 0.759 0.77 0.779 0.786 0.791 0.794 0.795 0.792 0.789 0.781 0.772 0.762 0.751 0.739 0.727 0.715 0.704 0.694 0.686 0.679 0.675 0.673 0.676 0.681 0.696 0.714 0.741 0.773 0.812 0.859 0.911 0.973 1.04 1.12 1.2 1.29 1.4 1.52 1.64 1.78 1.92 2.07 2.23 2.4 2.59 2.78 3.01 3.24 3.51 3.8 4.13 4.49 4.89 5.32 5.78 6.27 6.78 7.28 7.79
0.805 0.776 0.753 0.737 0.725 0.717 0.717 0.719 0.728 0.736 0.747 0.757 0.768 0.777 0.786 0.792 0.794 0.795 0.793 0.79 0.785 0.776 0.766 0.755 0.743 0.731 0.718 0.706 0.694 0.682 0.673 0.665 0.66 0.657 0.659 0.663 0.678 0.695 0.722 0.754 0.794 0.841 0.894 0.958 1.03 1.11 1.19 1.28 1.38 1.49 1.61 1.74 1.87 2.01 2.16 2.32 2.5 2.69 2.9 3.12 3.38 3.66 3.98 4.32 4.71 5.13 5.57 6.05 6.54 7.03 7.53
