maui/input/month_year_rainfall/maui_prcp_03_2002.asc
ncols        361
nrows        320
xllcorner    -156.738000000000
yllcorner    20.343000000000
cellsize     0.002250000000
NODATA_value -3.4028234663852885981e+38
[rows 32 to 63 of 320, columns 0 to 71 of 361]
-3.4e+38 -3.4e+38 -3.4e+38 -3.4e+38 -3.4e+38 -3.4e+38 -3.4e+38 -3.4e+38 -3.4e+38 -3.4e+38 -3.4e+38 -3.4e+38 -3.4e+38 -3.4e+38 -3.4e+38 -3.4e+38 -3.4e+38 -3.4e+38 -3.4e+38 -3.4e+38 -3.4e+38 -3.4e+38 -3.4e+38 -3.4e+38 -3.4e+38 -3.4e+38 -3.4e+38 -3.4e+38 -3.4e+38 2.56 2.58 2.62 2.68 2.74 2.84 2.94 3.07 3.2 3.35 3.52 3.71 3.9 4.09 4.27 4.44 4.58 4.71 4.8 4.88 4.93 4.97 5 5.02 5.04 5.04 5.05 5.05 5.04 5.04 5.03 5.03 5.02 5.02 5.01 5 4.98 4.95 4.9 4.85 4.79 4.72 4.63
-3.4e+38 -3.4e+38 -3.4e+38 -3.4e+38 -3.4e+38 -3.4e+38 -3.4e+38 -3.4e+38 -3.4e+38 -3.4e+38 -3.4e+38 -3.4e+38 -3.4e+38 -3.4e+38 -3.4e+38 -3.4e+38 -3.4e+38 -3.4e+38 -3.4e+38 -3.4e+38 -3.4e+38 -3.4e+38 -3.4e+38 -3.4e+38 -3.4e+38 -3.4e+38 -3.4e+38 -3.4e+38 2.55 2.58 2.62 2.66 2.74 2.82 2.93 3.05 3.2 3.35 3.53 3.72 3.92 4.12 4.31 4.49 4.67 4.81 4.94 5.02 5.1 5.15 5.19 5.21 5.23 5.24 5.24 5.24 5.24 5.24 5.23 5.22 5.22 5.21 5.21 5.2 5.19 5.17 5.14 5.09 5.04 4.97 4.91 4.82
-3.4e+38 -3.4e+38 -3.4e+38 -3.4e+38 -3.4e+38 -3.4e+38 -3.4e+38 -3.4e+38 -3.4e+38 -3.4e+38 -3.4e+38 -3.4e+38 -3.4e+38 -3.4e+38 -3.4e+38 -3.4e+38 -3.4e+38 -3.4e+38 -3.4e+38 -3.4e+38 -3.4e+38 -3.4e+38 -3.4e+38 -3.4e+38 -3.4e+38 -3.4e+38 -3.4e+38 2.54 2.57 2.6 2.64 2.7 2.79 2.89 3.02 3.16 3.32 3.5 3.7 3.9 4.11 4.31 4.51 4.69 4.87 5.01 5.14 5.22 5.3 5.34 5.38 5.41 5.42 5.43 5.43 5.43 5.43 5.42 5.41 5.4 5.39 5.38 5.37 5.36 5.35 5.34 5.31 5.27 5.22 5.16 5.09 5
-3.4e+38 -3.4e+38 -3.4e+38 -3.4e+38 -3.4e+38 -3.4e+38 -3.4e+38 -3.4e+38 -3.4e+38 -3.4e+38 -3.4e+38 -3.4e+38 -3.4e+38 -3.4e+38 -3.4e+38 -3.4e+38 -3.4e+38 -3.4e+38 -3.4e+38 -3.4e+38 -3.4e+38 -3.4e+38 -3.4e+38 -3.4e+38 -3.4e+38 -3.4e+38 -3.4e+38 2.55 2.58 2.62 2.67 2.74 2.85 2.96 3.11 3.26 3.45 3.64 3.86 4.08 4.3 4.52 4.72 4.9 5.07 5.2 5.34 5.42 5.49 5.54 5.58 5.6 5.62 5.62 5.62 5.62 5.61 5.61 5.6 5.59 5.57 5.56 5.55 5.54 5.53 5.51 5.49 5.45 5.41 5.35 5.29 5.2
-3.4e+38 -3.4e+38 -3.4e+38 -3.4e+38 -3.4e+38 -3.4e+38 -3.4e+38 -3.4e+38 -3.4e+38 -3.4e+38 -3.4e+38 -3.4e+38 -3.4e+38 -3.4e+38 -3.4e+38 -3.4e+38 -3.4e+38 -3.4e+38 -3.4e+38 -3.4e+38 -3.4e+38 -3.4e+38 -3.4e+38 -3.4e+38 -3.4e+38 -3.4e+38 -3.4e+38 2.56 2.59 2.63 2.7 2.78 2.89 3.02 3.19 3.36 3.56 3.77 4 4.23 4.47 4.69 4.89 5.07 5.23 5.37 5.5 5.58 5.66 5.71 5.75 5.77 5.78 5.79 5.79 5.79 5.79 5.79 5.78 5.77 5.77 5.76 5.75 5.73 5.72 5.7 5.68 5.64 5.6 5.55 5.49 5.4
-3.4e+38 -3.4e+38 -3.4e+38 -3.4e+38 -3.4e+38 -3.4e+38 -3.4e+38 -3.4e+38 -3.4e+38 -3.4e+38 -3.4e+38 -3.4e+38 -3.4e+38 -3.4e+38 -3.4e+38 -3.4e+38 -3.4e+38 -3.4e+38 -3.4e+38 -3.4e+38 -3.4e+38 -3.4e+38 -3.4e+38 -3.4e+38 -3.4e+38 -3.4e+38 2.53 2.56 2.6 2.65 2.73 2.82 2.94 3.08 3.26 3.45 3.66 3.89 4.14 4.38 4.63 4.85 5.06 5.23 5.4 5.53 5.66 5.75 5.83 5.88 5.92 5.94 5.95 5.95 5.95 5.96 5.96 5.97 5.97 5.97 5.97 5.96 5.95 5.94 5.93 5.91 5.89 5.86 5.82 5.77 5.71 5.63
-3.4e+38 -3.4e+38 -3.4e+38 -3.4e+38 -3.4e+38 -3.4e+38 -3.4e+38 -3.4e+38 -3.4e+38 -3.4e+38 -3.4e+38 -3.4e+38 -3.4e+38 -3.4e+38 -3.4e+38 -3.4e+38 -3.4e+38 -3.4e+38 -3.4e+38 -3.4e+38 -3.4e+38 -3.4e+38 -3.4e+38 -3.4e+38 -3.4e+38 2.5 2.53 2.57 2.61 2.67 2.75 2.85 2.99 3.13 3.33 3.52 3.75 3.99 4.25 4.51 4.77 5 5.2 5.38 5.54 5.67 5.81 5.9 5.98 6.03 6.07 6.08 6.1 6.11 6.12 6.13 6.14 6.16 6.17 6.18 6.18 6.19 6.19 6.18 6.18 6.16 6.13 6.1 6.06 6.01 5.95 5.87
-3.4e+38 -3.4e+38 -3.4e+38 -3.4e+38 -3.4e+38 -3.4e+38 -3.4e+38 -3.4e+38 -3.4e+38 -3.4e+38 -3.4e+38 -3.4e+38 -3.4e+38 -3.4e+38 -3.4e+38 -3.4e+38 -3.4e+38 -3.4e+38 -3.4e+38 -3.4e+38 -3.4e+38 -3.4e+38 -3.4e+38 -3.4e+38 -3.4e+38 2.5 2.53 2.57 2.62 2.69 2.78 2.89 3.03 3.18 3.39 3.59 3.83 4.08 4.35 4.63 4.9 5.13 5.34 5.51 5.67 5.81 5.95 6.04 6.14 6.18 6.22 6.24 6.26 6.27 6.29 6.31 6.34 6.37 6.39 6.41 6.42 6.43 6.44 6.45 6.45 6.44 6.42 6.38 6.33 6.28 6.22 6.14
-3.4e+38 -3.4e+38 -3.4e+38 -3.4e+38 -3.4e+38 -3.4e+38 -3.4e+38 -3.4e+38 -3.4e+38 -3.4e+38 -3.4e+38 -3.4e+38 -3.4e+38 -3.4e+38 -3.4e+38 -3.4e+38 -3.4e+38 -3.4e+38 -3.4e+38 -3.4e+38 -3.4e+38 -3.4e+38 -3.4e+38 -3.4e+38 -3.4e+38 2.51 2.54 2.59 2.65 2.71 2.81 2.92 3.07 3.23 3.44 3.65 3.89 4.15 4.43 4.71 5 5.23 5.44 5.62 5.79 5.93 6.08 6.18 6.28 6.33 6.37 6.39 6.43 6.46 6.49 6.52 6.56 6.6 6.63 6.66 6.69 6.72 6.74 6.75 6.77 6.77 6.74 6.71 6.65 6.59 6.52 6.43
-3.4e+38 -3.4e+38 -3.4e+38 -3.4e+38 -3.4e+38 -3.4e+38 -3.4e+38 -3.4e+38 -3.4e+38 -3.4e+38 -3.4e+38 -3.4e+38 -3.4e+38 -3.4e+38 -3.4e+38 -3.4e+38 -3.4e+38 -3.4e+38 -3.4e+38 -3.4e+38 -3.4e+38 -3.4e+38 -3.4e+38 -3.4e+38 2.5 2.53 2.56 2.61 2.67 2.75 2.85 2.96 3.11 3.27 3.48 3.69 3.94 4.2 4.48 4.76 5.04 5.29 5.51 5.71 5.89 6.05 6.21 6.32 6.44 6.49 6.54 6.58 6.62 6.67 6.71 6.76 6.81 6.86 6.9 6.94 6.98 7.03 7.06 7.1 7.13 7.14 7.13 7.08 7.02 6.94 6.85 6.76
-3.4e+38 -3.4e+38 -3.4e+38 -3.4e+38 -3.4e+38 -3.4e+38 -3.4e+38 -3.4e+38 -3.4e+38 -3.4e+38 -3.4e+38 -3.4e+38 -3.4e+38 -3.4e+38 -3.4e+38 -3.4e+38 -3.4e+38 -3.4e+38 -3.4e+38 -3.4e+38 -3.4e+38 -3.4e+38 -3.4e+38 2.5 2.52 2.55 2.58 2.64 2.7 2.78 2.88 3 3.14 3.3 3.51 3.73 3.98 4.24 4.51 4.79 5.07 5.33 5.57 5.78 5.98 6.16 6.33 6.47 6.59 6.67 6.74 6.79 6.85 6.91 6.96 7.02 7.08 7.14 7.19 7.25 7.3 7.36 7.42 7.47 7.53 7.57 7.56 7.5 7.41 7.32 7.22 7.11
-3.4e+38 -3.4e+38 -3.4e+38 -3.4e+38 -3.4e+38 -3.4e+38 -3.4e+38 -3.4e+38 -3.4e+38 -3.4e+38 -3.4e+38 -3.4e+38 -3.4e+38 -3.4e+38 -3.4e+38 -3.4e+38 -3.4e+38 -3.4e+38 -3.4e+38 -3.4e+38 -3.4e+38 -3.4e+38 -3.4e+38 2.52 2.54 2.57 2.6 2.66 2.73 2.82 2.92 3.03 3.18 3.33 3.54 3.76 4.01 4.27 4.54 4.82 5.1 5.37 5.62 5.85 6.06 6.26 6.46 6.62 6.77 6.87 6.97 7.04 7.11 7.18 7.25 7.32 7.39 7.46 7.52 7.59 7.65 7.73 7.79 7.86 7.94 8.03 8.05 7.94 7.84 7.73 7.62 7.5
-3.4e+38 -3.4e+38 -3.4e+38 -3.4e+38 -3.4e+38 -3.4e+38 -3.4e+38 -3.4e+38 -3.4e+38 -3.4e+38 -3.4e+38 -3.4e+38 -3.4e+38 -3.4e+38 -3.4e+38 -3.4e+38 -3.4e+38 -3.4e+38 -3.4e+38 -3.4e+38 -3.4e+38 -3.4e+38 -3.4e+38 2.53 2.56 2.59 2.63 2.69 2.76 2.85 2.96 3.07 3.22 3.36 3.57 3.79 4.04 4.3 4.57 4.85 5.13 5.4 5.66 5.91 6.15 6.37 6.59 6.77 6.95 7.08 7.2 7.3 7.39 7.47 7.55 7.63 7.71 7.79 7.86 7.94 8.02 8.09 8.17 8.25 8.34 8.42 8.43 8.36 8.25 8.14 8.03 7.91
-3.4e+38 -3.4e+38 -3.4e+38 -3.4e+38 -3.4e+38 -3.4e+38 -3.4e+38 -3.4e+38 -3.4e+38 -3.4e+38 -3.4e+38 -3.4e+38 -3.4e+38 -3.4e+38 -3.4e+38 -3.4e+38 -3.4e+38 -3.4e+38 -3.4e+38 -3.4e+38 -3.4e+38 -3.4e+38 -3.4e+38 2.55 2.57 2.61 2.65 2.72 2.79 2.88 2.99 3.11 3.25 3.4 3.61 3.82 4.07 4.32 4.6 4.88 5.16 5.44 5.72 5.98 6.24 6.49 6.73 6.94 7.15 7.31 7.46 7.58 7.69 7.79 7.89 7.98 8.07 8.15 8.24 8.33 8.41 8.49 8.58 8.66 8.74 8.8 8.81 8.77 8.69 8.59 8.47 8.35
-3.4e+38 -3.4e+38 -3.4e+38 -3.4e+38 -3.4e+38 -3.4e+38 -3.4e+38 -3.4e+38 -3.4e+38 -3.4e+38 -3.4e+38 -3.4e+38 -3.4e+38 -3.4e+38 -3.4e+38 -3.4e+38 -3.4e+38 -3.4e+38 -3.4e+38 -3.4e+38 -3.4e+38 -3.4e+38 2.55 2.57 2.59 2.63 2.68 2.75 2.83 2.92 3.03 3.14 3.28 3.43 3.64 3.85 4.1 4.35 4.63 4.91 5.19 5.48 5.77 6.06 6.34 6.61 6.88 7.12 7.35 7.54 7.72 7.87 8 8.12 8.23 8.34 8.43 8.53 8.62 8.72 8.8 8.89 8.98 9.07 9.13 9.18 9.2 9.17 9.11 9.02 8.92 8.79
-3.4e+38 -3.4e+38 -3.4e+38 -3.4e+38 -3.4e+38 -3.4e+38 -3.4e+38 -3.4e+38 -3.4e+38 -3.4e+38 -3.4e+38 -3.4e+38 -3.4e+38 -3.4e+38 -3.4e+38 -3.4e+38 -3.4e+38 -3.4e+38 -3.4e+38 -3.4e+38 -3.4e+38 -3.4e+38 2.56 2.59 2.61 2.65 2.71 2.77 2.86 2.95 3.06 3.17 3.32 3.46 3.67 3.88 4.12 4.37 4.65 4.93 5.23 5.53 5.83 6.14 6.45 6.74 7.04 7.3 7.56 7.78 7.99 8.16 8.32 8.46 8.59 8.71 8.82 8.93 9.03 9.13 9.23 9.32 9.42 9.51 9.57 9.62 9.64 9.63 9.59 9.52 9.42 9.29
-3.4e+38 -3.4e+38 -3.4e+38 -3.4e+38 -3.4e+38 -3.4e+38 -3.4e+38 -3.4e+38 -3.4e+38 -3.4e+38 -3.4e+38 -3.4e+38 -3.4e+38 -3.4e+38 -3.4e+38 -3.4e+38 -3.4e+38 -3.4e+38 -3.4e+38 -3.4e+38 -3.4e+38 2.56 2.58 2.61 2.64 2.68 2.73 2.8 2.88 2.98 3.09 3.21 3.35 3.49 3.7 3.9 4.14 4.39 4.67 4.96 5.26 5.57 5.89 6.22 6.55 6.87 7.2 7.48 7.77 8.02 8.25 8.45 8.63 8.8 8.94 9.08 9.2 9.33 9.44 9.55 9.65 9.76 9.86 9.95 10 10.1 10.1 10.1 10.1 10 9.92 9.79
-3.4e+38 -3.4e+38 -3.4e+38 -3.4e+38 -3.4e+38 -3.4e+38 -3.4e+38 -3.4e+38 -3.4e+38 -3.4e+38 -3.4e+38 -3.4e+38 -3.4e+38 -3.4e+38 -3.4e+38 -3.4e+38 -3.4e+38 -3.4e+38 -3.4e+38 -3.4e+38 2.56 2.58 2.6 2.63 2.66 2.71 2.77 2.83 2.91 3.01 3.12 3.24 3.38 3.53 3.72 3.93 4.16 4.41 4.69 4.98 5.29 5.61 5.95 6.3 6.66 7 7.35 7.67 7.98 8.26 8.52 8.74 8.94 9.13 9.29 9.45 9.58 9.72 9.85 9.97 10.1 10.2 10.3 10.4 10.5 10.6 10.6 10.6 10.6 10.5 10.4 10.3
-3.4e+38 -3.4e+38 -3.4e+38 -3.4e+38 -3.4e+38 -3.4e+38 -3.4e+38 -3.4e+38 -3.4e+38 -3.4e+38 -3.4e+38 -3.4e+38 -3.4e+38 -3.4e+38 -3.4e+38 -3.4e+38 -3.4e+38 -3.4e+38 -3.4e+38 -3.4e+38 2.58 2.6 2.62 2.66 2.69 2.74 2.8 2.86 2.94 3.03 3.15 3.27 3.41 3.56 3.75 3.95 4.18 4.43 4.71 5.01 5.32 5.66 6.01 6.38 6.76 7.13 7.5 7.85 8.19 8.49 8.78 9.02 9.25 9.46 9.64 9.81 9.96 10.1 10.3 10.4 10.5 10.7 10.8 10.9 11 11.1 11.1 11.1 11.1 11 10.9 10.8
-3.4e+38 -3.4e+38 -3.4e+38 -3.4e+38 -3.4e+38 -3.4e+38 -3.4e+38 -3.4e+38 -3.4e+38 -3.4e+38 -3.4e+38 -3.4e+38 -3.4e+38 -3.4e+38 -3.4e+38 -3.4e+38 -3.4e+38 -3.4e+38 -3.4e+38 2.58 2.6 2.62 2.64 2.68 2.72 2.77 2.83 2.89 2.97 3.06 3.18 3.3 3.44 3.59 3.78 3.97 4.2 4.45 4.73 5.03 5.35 5.7 6.07 6.46 6.86 7.26 7.65 8.02 8.38 8.7 9.01 9.28 9.53 9.76 9.96 10.2 10.3 10.5 10.7 10.8 11 11.1 11.3 11.4 11.5 11.6 11.6 11.6 11.6 11.5 11.4 11.3
-3.4e+38 -3.4e+38 -3.4e+38 -3.4e+38 -3.4e+38 -3.4e+38 -3.4e+38 -3.4e+38 -3.4e+38 -3.4e+38 -3.4e+38 -3.4e+38 -3.4e+38 -3.4e+38 -3.4e+38 -3.4e+38 -3.4e+38 -3.4e+38 -3.4e+38 2.6 2.62 2.64 2.66 2.7 2.74 2.8 2.86 2.93 3.01 3.1 3.21 3.34 3.48 3.62 3.81 4 4.22 4.47 4.75 5.05 5.38 5.74 6.12 6.53 6.94 7.37 7.79 8.18 8.56 8.9 9.23 9.53 9.8 10.1 10.3 10.5 10.7 10.9 11.1 11.3 11.4 11.6 11.7 11.9 12 12.1 12.1 12.2 12.1 12.1 12 11.8
-3.4e+38 -3.4e+38 -3.4e+38 -3.4e+38 -3.4e+38 -3.4e+38 -3.4e+38 -3.4e+38 -3.4e+38 -3.4e+38 -3.4e+38 -3.4e+38 -3.4e+38 -3.4e+38 -3.4e+38 -3.4e+38 -3.4e+38 -3.4e+38 -3.4e+38 2.62 2.64 2.66 2.68 2.73 2.77 2.82 2.88 2.96 3.04 3.14 3.25 3.37 3.51 3.66 3.84 4.02 4.24 4.48 4.76 5.07 5.41 5.77 6.16 6.58 7.01 7.46 7.9 8.32 8.72 9.09 9.44 9.77 10.1 10.3 10.6 10.9 11.1 11.3 11.5 11.7 11.9 12.1 12.2 12.4 12.5 12.6 12.7 12.7 12.7 12.6 12.5 12.4
-3.4e+38 -3.4e+38 -3.4e+38 -3.4e+38 -3.4e+38 -3.4e+38 -3.4e+38 -3.4e+38 -3.4e+38 -3.4e+38 -3.4e+38 -3.4e+38 -3.4e+38 -3.4e+38 -3.4e+38 -3.4e+38 -3.4e+38 -3.4e+38 -3.4e+38 2.65 2.66 2.68 2.7 2.75 2.79 2.85 2.92 2.99 3.07 3.17 3.28 3.4 3.54 3.69 3.86 4.04 4.26 4.49 4.77 5.08 5.42 5.79 6.19 6.62 7.07 7.53 7.99 8.43 8.85 9.24 9.6 9.93 10.3 10.6 10.9 11.2 11.4 11.7 11.9 12.1 12.3 12.6 12.7 12.9 13.1 13.2 13.2 13.3 13.3 13.2 13.1 12.9
-3.4e+38 -3.4e+38 -3.4e+38 -3.4e+38 -3.4e+38 -3.4e+38 -3.4e+38 -3.4e+38 -3.4e+38 -3.4e+38 -3.4e+38 -3.4e+38 -3.4e+38 -3.4e+38 -3.4e+38 -3.4e+38 -3.4e+38 -3.4e+38 -3.4e+38 2.67 2.69 2.71 2.73 2.78 2.82 2.88 2.95 3.02 3.11 3.19 3.3 3.43 3.57 3.72 3.89 4.06 4.28 4.51 4.78 5.09 5.43 5.8 6.21 6.65 7.11 7.58 8.06 8.51 8.96 9.37 9.74 10 10.4 10.7 11.1 11.5 11.8 12.1 12.3 12.6 12.8 13.1 13.3 13.5 13.6 13.8 13.8 13.9 13.9 13.8 13.7 13.5
-3.4e+38 -3.4e+38 -3.4e+38 -3.4e+38 -3.4e+38 -3.4e+38 -3.4e+38 -3.4e+38 -3.4e+38 -3.4e+38 -3.4e+38 -3.4e+38 -3.4e+38 -3.4e+38 -3.4e+38 -3.4e+38 -3.4e+38 -3.4e+38 -3.4e+38 2.69 2.71 2.74 2.76 2.81 2.86 2.92 2.98 3.06 3.14 3.22 3.33 3.46 3.6 3.74 3.91 4.08 4.29 4.52 4.79 5.09 5.43 5.8 6.21 6.66 7.13 7.61 8.1 8.57 9.03 9.46 9.87 10.2 10.6 11 11.4 11.8 12.1 12.5 12.8 13 13.3 13.6 13.8 14 14.2 14.3 14.4 14.5 14.5 14.4 14.3 14.1
-3.4e+38 -3.4e+38 -3.4e+38 -3.4e+38 -3.4e+38 -3.4e+38 -3.4e+38 -3.4e+38 -3.4e+38 -3.4e+38 -3.4e+38 -3.4e+38 -3.4e+38 -3.4e+38 -3.4e+38 -3.4e+38 -3.4e+38 -3.4e+38 -3.4e+38 2.72 2.74 2.77 2.8 2.85 2.9 2.96 3.02 3.09 3.17 3.26 3.37 3.48 3.62 3.76 3.93 4.09 4.3 4.52 4.79 5.08 5.42 5.8 6.21 6.67 7.14 7.64 8.13 8.61 9.09 9.54 9.99 10.4 10.8 11.2 11.6 12.1 12.5 12.9 13.2 13.5 13.8 14.1 14.4 14.6 14.8 15 15.1 15.1 15.1 15 14.9 14.7
-3.4e+38 -3.4e+38 -3.4e+38 -3.4e+38 -3.4e+38 -3.4e+38 -3.4e+38 -3.4e+38 -3.4e+38 -3.4e+38 -3.4e+38 -3.4e+38 -3.4e+38 -3.4e+38 -3.4e+38 -3.4e+38 -3.4e+38 -3.4e+38 -3.4e+38 2.75 2.77 2.8 2.83 2.88 2.93 2.99 3.05 3.12 3.2 3.29 3.39 3.51 3.64 3.77 3.93 4.1 4.31 4.53 4.79 5.08 5.42 5.8 6.21 6.67 7.14 7.65 8.15 8.64 9.13 9.61 10.1 10.5 10.9 11.4 11.9 12.4 12.8 13.2 13.6 14 14.3 14.6 14.9 15.2 15.4 15.6 15.7 15.8 15.8 15.7 15.6 15.3
-3.4e+38 -3.4e+38 -3.4e+38 -3.4e+38 -3.4e+38 -3.4e+38 -3.4e+38 -3.4e+38 -3.4e+38 -3.4e+38 -3.4e+38 -3.4e+38 -3.4e+38 -3.4e+38 -3.4e+38 -3.4e+38 -3.4e+38 -3.4e+38 2.76 2.78 2.79 2.83 2.86 2.92 2.97 3.03 3.09 3.16 3.23 3.32 3.42 3.53 3.66 3.78 3.94 4.11 4.31 4.53 4.79 5.08 5.42 5.79 6.21 6.67 7.14 7.66 8.17 8.67 9.18 9.68 10.1 10.5 11 11.6 12.1 12.7 13.2 13.6 14.1 14.5 14.9 15.2 15.5 15.8 16.1 16.3 16.4 16.4 16.4 16.4 16.2 16
-3.4e+38 -3.4e+38 -3.4e+38 -3.4e+38 -3.4e+38 -3.4e+38 -3.4e+38 -3.4e+38 -3.4e+38 -3.4e+38 -3.4e+38 -3.4e+38 -3.4e+38 -3.4e+38 -3.4e+38 -3.4e+38 -3.4e+38 2.77 2.79 2.81 2.82 2.86 2.9 2.96 3.01 3.07 3.13 3.19 3.27 3.35 3.44 3.55 3.67 3.79 3.94 4.1 4.31 4.53 4.79 5.08 5.42 5.79 6.21 6.67 7.15 7.66 8.18 8.7 9.22 9.72 10.2 10.7 11.3 11.8 12.4 13 13.5 14.1 14.5 15 15.4 15.8 16.2 16.5 16.7 16.9 17.1 17.1 17.1 17.1 16.9 16.7
-3.4e+38 -3.4e+38 -3.4e+38 -3.4e+38 -3.4e+38 -3.4e+38 -3.4e+38 -3.4e+38 -3.4e+38 -3.4e+38 -3.4e+38 -3.4e+38 -3.4e+38 -3.4e+38 -3.4e+38 -3.4e+38 -3.4e+38 -3.4e+38 2.82 2.83 2.85 2.89 2.93 3 3.05 3.12 3.17 3.23 3.29 3.37 3.46 3.56 3.68 3.79 3.94 4.11 4.31 4.53 4.8 5.09 5.42 5.8 6.21 6.68 7.16 7.68 8.2 8.74 9.28 9.83 10.4 10.9 11.5 12.1 12.8 13.4 13.9 14.5 15 15.5 16 16.4 16.8 17.2 17.4 17.7 17.8 17.9 17.9 17.8 17.6 17.4
-3.4e+38 -3.4e+38 -3.4e+38 -3.4e+38 -3.4e+38 -3.4e+38 -3.4e+38 -3.4e+38 -3.4e+38 -3.4e+38 -3.4e+38 -3.4e+38 -3.4e+38 -3.4e+38 -3.4e+38 -3.4e+38 -3.4e+38 -3.4e+38 2.84 2.86 2.87 2.91 2.96 3.02 3.09 3.15 3.19 3.25 3.31 3.39 3.48 3.57 3.68 3.8 3.95 4.11 4.32 4.54 4.8 5.1 5.44 5.82 6.24 6.7 7.18 7.72 8.25 8.79 9.35 9.97 10.6 11.2 11.8 12.4 13.1 13.7 14.4 15 15.5 16.1 16.6 17.1 17.5 17.9 18.2 18.4 18.6 18.6 18.6 18.5 18.4 18.1
-3.4e+38 -3.4e+38 -3.4e+38 -3.4e+38 -3.4e+38 -3.4e+38 -3.4e+38 -3.4e+38 -3.4e+38 -3.4e+38 -3.4e+38 -3.4e+38 -3.4e+38 -3.4e+38 -3.4e+38 -3.4e+38 -3.4e+38 2.84 2.85 2.87 2.89 2.93 2.97 3.03 3.1 3.16 3.21 3.26 3.33 3.39 3.48 3.57 3.68 3.79 3.95 4.12 4.32 4.55 4.81 5.11 5.46 5.85 6.27 6.74 7.22 7.77 8.31 8.87 9.45 10.1 10.8 11.4 12.1 12.8 13.4 14.1 14.8 15.5 16.1 16.7 17.2 17.7 18.2 18.6 18.9 19.2 19.3 19.4 19.4 19.3 19.1 18.8
