maui/input/month_year_rainfall/maui_prcp_02_2001.asc
ncols        361
nrows        320
xllcorner    -156.738000000000
yllcorner    20.343000000000
cellsize     0.002250000000
NODATA_value -3.4028234663852885981e+38
[rows 32 to 63 of 320, columns 0 to 71 of 361]
-3.4e+38 -3.4e+38 -3.4e+38 -3.4e+38 -3.4e+38 -3.4e+38 -3.4e+38 -3.4e+38 -3.4e+38 -3.4e+38 -3.4e+38 -3.4e+38 -3.4e+38 -3.4e+38 -3.4e+38 -3.4e+38 -3.4e+38 -3.4e+38 -3.4e+38 -3.4e+38 -3.4e+38 -3.4e+38 -3.4e+38 -3.4e+38 -3.4e+38 -3.4e+38 -3.4e+38 -3.4e+38 -3.4e+38 1.28 1.3 1.32 1.35 1.38 1.42 1.46 1.5 1.54 1.58 1.63 1.69 1.74 1.79 1.84 1.88 1.91 1.94 1.96 1.98 1.99 2.01 2.02 2.04 2.05 2.07 2.09 2.1 2.12 2.13 2.15 2.16 2.17 2.17 2.17 2.16 2.15 2.13 2.11 2.07 2.04 2 1.95
-3.4e+38 -3.4e+38 -3.4e+38 -3.4e+38 -3.4e+38 -3.4e+38 -3.4e+38 -3.4e+38 -3.4e+38 -3.4e+38 -3.4e+38 -3.4e+38 -3.4e+38 -3.4e+38 -3.4e+38 -3.4e+38 -3.4e+38 -3.4e+38 -3.4e+38 -3.4e+38 -3.4e+38 -3.4e+38 -3.4e+38 -3.4e+38 -3.4e+38 -3.4e+38 -3.4e+38 -3.4e+38 1.27 1.29 1.31 1.34 1.37 1.4 1.45 1.49 1.54 1.58 1.64 1.69 1.75 1.8 1.85 1.9 1.94 1.97 2 2.02 2.04 2.05 2.06 2.07 2.08 2.09 2.1 2.12 2.13 2.14 2.16 2.17 2.18 2.19 2.2 2.2 2.19 2.18 2.16 2.14 2.11 2.08 2.04 1.99
-3.4e+38 -3.4e+38 -3.4e+38 -3.4e+38 -3.4e+38 -3.4e+38 -3.4e+38 -3.4e+38 -3.4e+38 -3.4e+38 -3.4e+38 -3.4e+38 -3.4e+38 -3.4e+38 -3.4e+38 -3.4e+38 -3.4e+38 -3.4e+38 -3.4e+38 -3.4e+38 -3.4e+38 -3.4e+38 -3.4e+38 -3.4e+38 -3.4e+38 -3.4e+38 -3.4e+38 1.26 1.28 1.3 1.33 1.35 1.39 1.42 1.47 1.51 1.57 1.62 1.68 1.74 1.8 1.85 1.91 1.95 1.99 2.03 2.06 2.07 2.09 2.1 2.11 2.11 2.12 2.12 2.13 2.14 2.15 2.16 2.18 2.19 2.2 2.21 2.22 2.22 2.21 2.21 2.2 2.18 2.15 2.12 2.08 2.04
-3.4e+38 -3.4e+38 -3.4e+38 -3.4e+38 -3.4e+38 -3.4e+38 -3.4e+38 -3.4e+38 -3.4e+38 -3.4e+38 -3.4e+38 -3.4e+38 -3.4e+38 -3.4e+38 -3.4e+38 -3.4e+38 -3.4e+38 -3.4e+38 -3.4e+38 -3.4e+38 -3.4e+38 -3.4e+38 -3.4e+38 -3.4e+38 -3.4e+38 -3.4e+38 -3.4e+38 1.28 1.3 1.32 1.34 1.37 1.4 1.44 1.49 1.54 1.6 1.66 1.72 1.78 1.84 1.9 1.96 2 2.04 2.07 2.1 2.12 2.14 2.15 2.15 2.15 2.15 2.16 2.16 2.17 2.18 2.19 2.2 2.21 2.22 2.23 2.24 2.24 2.24 2.24 2.23 2.21 2.19 2.16 2.13 2.08
-3.4e+38 -3.4e+38 -3.4e+38 -3.4e+38 -3.4e+38 -3.4e+38 -3.4e+38 -3.4e+38 -3.4e+38 -3.4e+38 -3.4e+38 -3.4e+38 -3.4e+38 -3.4e+38 -3.4e+38 -3.4e+38 -3.4e+38 -3.4e+38 -3.4e+38 -3.4e+38 -3.4e+38 -3.4e+38 -3.4e+38 -3.4e+38 -3.4e+38 -3.4e+38 -3.4e+38 1.29 1.31 1.33 1.35 1.38 1.42 1.45 1.5 1.56 1.62 1.68 1.75 1.81 1.88 1.94 1.99 2.04 2.08 2.11 2.15 2.17 2.19 2.19 2.19 2.19 2.18 2.18 2.18 2.19 2.2 2.21 2.22 2.23 2.25 2.26 2.27 2.28 2.28 2.28 2.27 2.26 2.23 2.21 2.17 2.13
-3.4e+38 -3.4e+38 -3.4e+38 -3.4e+38 -3.4e+38 -3.4e+38 -3.4e+38 -3.4e+38 -3.4e+38 -3.4e+38 -3.4e+38 -3.4e+38 -3.4e+38 -3.4e+38 -3.4e+38 -3.4e+38 -3.4e+38 -3.4e+38 -3.4e+38 -3.4e+38 -3.4e+38 -3.4e+38 -3.4e+38 -3.4e+38 -3.4e+38 -3.4e+38 1.28 1.3 1.32 1.34 1.36 1.39 1.42 1.46 1.51 1.57 1.63 1.7 1.77 1.84 1.91 1.97 2.02 2.07 2.11 2.15 2.18 2.21 2.23 2.24 2.23 2.22 2.21 2.2 2.21 2.21 2.22 2.23 2.25 2.26 2.28 2.3 2.31 2.32 2.32 2.32 2.32 2.3 2.29 2.26 2.23 2.18
-3.4e+38 -3.4e+38 -3.4e+38 -3.4e+38 -3.4e+38 -3.4e+38 -3.4e+38 -3.4e+38 -3.4e+38 -3.4e+38 -3.4e+38 -3.4e+38 -3.4e+38 -3.4e+38 -3.4e+38 -3.4e+38 -3.4e+38 -3.4e+38 -3.4e+38 -3.4e+38 -3.4e+38 -3.4e+38 -3.4e+38 -3.4e+38 -3.4e+38 1.25 1.28 1.31 1.33 1.34 1.36 1.39 1.42 1.46 1.52 1.57 1.64 1.71 1.78 1.85 1.92 1.98 2.04 2.09 2.13 2.17 2.21 2.24 2.27 2.28 2.27 2.26 2.23 2.22 2.23 2.24 2.25 2.26 2.28 2.3 2.32 2.34 2.36 2.37 2.38 2.38 2.38 2.37 2.34 2.32 2.28 2.24
-3.4e+38 -3.4e+38 -3.4e+38 -3.4e+38 -3.4e+38 -3.4e+38 -3.4e+38 -3.4e+38 -3.4e+38 -3.4e+38 -3.4e+38 -3.4e+38 -3.4e+38 -3.4e+38 -3.4e+38 -3.4e+38 -3.4e+38 -3.4e+38 -3.4e+38 -3.4e+38 -3.4e+38 -3.4e+38 -3.4e+38 -3.4e+38 -3.4e+38 1.25 1.29 1.32 1.33 1.34 1.36 1.38 1.41 1.45 1.51 1.57 1.64 1.71 1.79 1.86 1.94 2 2.06 2.1 2.15 2.19 2.24 2.27 2.3 2.32 2.32 2.3 2.27 2.25 2.26 2.27 2.28 2.3 2.32 2.34 2.37 2.39 2.41 2.43 2.44 2.45 2.45 2.43 2.41 2.38 2.35 2.3
-3.4e+38 -3.4e+38 -3.4e+38 -3.4e+38 -3.4e+38 -3.4e+38 -3.4e+38 -3.4e+38 -3.4e+38 -3.4e+38 -3.4e+38 -3.4e+38 -3.4e+38 -3.4e+38 -3.4e+38 -3.4e+38 -3.4e+38 -3.4e+38 -3.4e+38 -3.4e+38 -3.4e+38 -3.4e+38 -3.4e+38 -3.4e+38 -3.4e+38 1.25 1.28 1.31 1.32 1.33 1.34 1.36 1.39 1.43 1.49 1.56 1.63 1.71 1.79 1.87 1.94 2 2.06 2.11 2.16 2.21 2.26 2.3 2.33 2.36 2.38 2.35 2.32 2.31 2.3 2.31 2.32 2.34 2.36 2.39 2.42 2.45 2.47 2.5 2.52 2.53 2.53 2.51 2.49 2.45 2.42 2.37
-3.4e+38 -3.4e+38 -3.4e+38 -3.4e+38 -3.4e+38 -3.4e+38 -3.4e+38 -3.4e+38 -3.4e+38 -3.4e+38 -3.4e+38 -3.4e+38 -3.4e+38 -3.4e+38 -3.4e+38 -3.4e+38 -3.4e+38 -3.4e+38 -3.4e+38 -3.4e+38 -3.4e+38 -3.4e+38 -3.4e+38 -3.4e+38 1.21 1.24 1.26 1.28 1.3 1.3 1.31 1.33 1.37 1.41 1.47 1.54 1.62 1.7 1.78 1.86 1.93 2 2.06 2.11 2.16 2.21 2.27 2.31 2.36 2.39 2.42 2.4 2.37 2.35 2.35 2.35 2.37 2.39 2.41 2.44 2.48 2.51 2.54 2.57 2.6 2.62 2.62 2.6 2.57 2.53 2.49 2.44
-3.4e+38 -3.4e+38 -3.4e+38 -3.4e+38 -3.4e+38 -3.4e+38 -3.4e+38 -3.4e+38 -3.4e+38 -3.4e+38 -3.4e+38 -3.4e+38 -3.4e+38 -3.4e+38 -3.4e+38 -3.4e+38 -3.4e+38 -3.4e+38 -3.4e+38 -3.4e+38 -3.4e+38 -3.4e+38 -3.4e+38 1.18 1.21 1.23 1.25 1.26 1.27 1.28 1.29 1.3 1.33 1.38 1.45 1.52 1.6 1.68 1.77 1.85 1.92 1.98 2.05 2.1 2.16 2.21 2.27 2.32 2.36 2.4 2.42 2.42 2.41 2.39 2.39 2.4 2.41 2.43 2.46 2.5 2.54 2.57 2.61 2.64 2.69 2.71 2.71 2.69 2.65 2.61 2.56 2.51
-3.4e+38 -3.4e+38 -3.4e+38 -3.4e+38 -3.4e+38 -3.4e+38 -3.4e+38 -3.4e+38 -3.4e+38 -3.4e+38 -3.4e+38 -3.4e+38 -3.4e+38 -3.4e+38 -3.4e+38 -3.4e+38 -3.4e+38 -3.4e+38 -3.4e+38 -3.4e+38 -3.4e+38 -3.4e+38 -3.4e+38 1.17 1.2 1.22 1.23 1.25 1.25 1.26 1.26 1.27 1.3 1.35 1.42 1.49 1.57 1.66 1.74 1.82 1.9 1.97 2.03 2.09 2.16 2.21 2.27 2.32 2.37 2.4 2.43 2.44 2.43 2.43 2.44 2.45 2.46 2.48 2.52 2.56 2.59 2.63 2.67 2.72 2.77 2.81 2.82 2.78 2.74 2.69 2.64 2.58
-3.4e+38 -3.4e+38 -3.4e+38 -3.4e+38 -3.4e+38 -3.4e+38 -3.4e+38 -3.4e+38 -3.4e+38 -3.4e+38 -3.4e+38 -3.4e+38 -3.4e+38 -3.4e+38 -3.4e+38 -3.4e+38 -3.4e+38 -3.4e+38 -3.4e+38 -3.4e+38 -3.4e+38 -3.4e+38 -3.4e+38 1.17 1.19 1.21 1.22 1.23 1.24 1.24 1.24 1.24 1.28 1.34 1.4 1.47 1.55 1.63 1.71 1.79 1.87 1.94 2.02 2.08 2.15 2.21 2.27 2.32 2.37 2.41 2.44 2.45 2.46 2.46 2.47 2.49 2.51 2.53 2.57 2.61 2.65 2.69 2.74 2.78 2.83 2.87 2.87 2.85 2.81 2.76 2.71 2.65
-3.4e+38 -3.4e+38 -3.4e+38 -3.4e+38 -3.4e+38 -3.4e+38 -3.4e+38 -3.4e+38 -3.4e+38 -3.4e+38 -3.4e+38 -3.4e+38 -3.4e+38 -3.4e+38 -3.4e+38 -3.4e+38 -3.4e+38 -3.4e+38 -3.4e+38 -3.4e+38 -3.4e+38 -3.4e+38 -3.4e+38 1.16 1.19 1.2 1.22 1.23 1.24 1.24 1.24 1.25 1.28 1.33 1.39 1.46 1.53 1.61 1.69 1.77 1.85 1.92 2 2.07 2.14 2.2 2.27 2.32 2.37 2.42 2.45 2.47 2.49 2.5 2.51 2.53 2.56 2.58 2.62 2.66 2.71 2.75 2.8 2.85 2.89 2.91 2.92 2.9 2.87 2.82 2.77 2.71
-3.4e+38 -3.4e+38 -3.4e+38 -3.4e+38 -3.4e+38 -3.4e+38 -3.4e+38 -3.4e+38 -3.4e+38 -3.4e+38 -3.4e+38 -3.4e+38 -3.4e+38 -3.4e+38 -3.4e+38 -3.4e+38 -3.4e+38 -3.4e+38 -3.4e+38 -3.4e+38 -3.4e+38 -3.4e+38 1.14 1.16 1.18 1.2 1.21 1.23 1.24 1.25 1.25 1.27 1.3 1.34 1.39 1.44 1.51 1.59 1.67 1.75 1.83 1.91 1.98 2.06 2.13 2.2 2.26 2.32 2.38 2.42 2.46 2.49 2.51 2.53 2.55 2.57 2.6 2.63 2.67 2.71 2.76 2.8 2.85 2.9 2.93 2.96 2.96 2.95 2.92 2.88 2.83 2.77
-3.4e+38 -3.4e+38 -3.4e+38 -3.4e+38 -3.4e+38 -3.4e+38 -3.4e+38 -3.4e+38 -3.4e+38 -3.4e+38 -3.4e+38 -3.4e+38 -3.4e+38 -3.4e+38 -3.4e+38 -3.4e+38 -3.4e+38 -3.4e+38 -3.4e+38 -3.4e+38 -3.4e+38 -3.4e+38 1.13 1.16 1.18 1.2 1.22 1.23 1.24 1.26 1.27 1.29 1.31 1.35 1.39 1.44 1.5 1.57 1.65 1.73 1.82 1.9 1.97 2.05 2.13 2.2 2.27 2.33 2.38 2.43 2.47 2.51 2.53 2.56 2.58 2.61 2.64 2.67 2.71 2.76 2.8 2.85 2.9 2.95 2.98 3 3 2.99 2.96 2.92 2.88 2.82
-3.4e+38 -3.4e+38 -3.4e+38 -3.4e+38 -3.4e+38 -3.4e+38 -3.4e+38 -3.4e+38 -3.4e+38 -3.4e+38 -3.4e+38 -3.4e+38 -3.4e+38 -3.4e+38 -3.4e+38 -3.4e+38 -3.4e+38 -3.4e+38 -3.4e+38 -3.4e+38 -3.4e+38 1.1 1.13 1.15 1.18 1.2 1.22 1.24 1.25 1.27 1.29 1.3 1.33 1.36 1.4 1.44 1.5 1.57 1.65 1.73 1.81 1.89 1.97 2.05 2.13 2.2 2.27 2.33 2.39 2.43 2.48 2.52 2.55 2.58 2.61 2.64 2.67 2.71 2.75 2.8 2.84 2.89 2.95 2.99 3.02 3.03 3.04 3.03 3.01 2.97 2.93 2.87
-3.4e+38 -3.4e+38 -3.4e+38 -3.4e+38 -3.4e+38 -3.4e+38 -3.4e+38 -3.4e+38 -3.4e+38 -3.4e+38 -3.4e+38 -3.4e+38 -3.4e+38 -3.4e+38 -3.4e+38 -3.4e+38 -3.4e+38 -3.4e+38 -3.4e+38 -3.4e+38 1.07 1.1 1.13 1.15 1.18 1.2 1.22 1.24 1.27 1.28 1.3 1.32 1.35 1.38 1.41 1.46 1.51 1.57 1.65 1.73 1.81 1.89 1.97 2.05 2.13 2.2 2.27 2.33 2.39 2.44 2.48 2.52 2.56 2.59 2.63 2.66 2.7 2.74 2.79 2.83 2.89 2.94 2.99 3.03 3.06 3.08 3.08 3.07 3.05 3.01 2.97 2.92
-3.4e+38 -3.4e+38 -3.4e+38 -3.4e+38 -3.4e+38 -3.4e+38 -3.4e+38 -3.4e+38 -3.4e+38 -3.4e+38 -3.4e+38 -3.4e+38 -3.4e+38 -3.4e+38 -3.4e+38 -3.4e+38 -3.4e+38 -3.4e+38 -3.4e+38 -3.4e+38 1.06 1.09 1.12 1.15 1.18 1.2 1.23 1.25 1.28 1.3 1.32 1.34 1.37 1.39 1.43 1.47 1.52 1.58 1.66 1.73 1.81 1.89 1.97 2.05 2.13 2.2 2.27 2.33 2.39 2.44 2.48 2.53 2.57 2.6 2.64 2.68 2.72 2.77 2.82 2.86 2.92 2.98 3.03 3.07 3.1 3.11 3.12 3.11 3.09 3.05 3.01 2.96
-3.4e+38 -3.4e+38 -3.4e+38 -3.4e+38 -3.4e+38 -3.4e+38 -3.4e+38 -3.4e+38 -3.4e+38 -3.4e+38 -3.4e+38 -3.4e+38 -3.4e+38 -3.4e+38 -3.4e+38 -3.4e+38 -3.4e+38 -3.4e+38 -3.4e+38 1.03 1.06 1.09 1.12 1.15 1.17 1.2 1.23 1.26 1.29 1.31 1.34 1.36 1.38 1.41 1.45 1.48 1.53 1.59 1.66 1.74 1.81 1.89 1.97 2.05 2.13 2.2 2.27 2.33 2.39 2.43 2.48 2.52 2.56 2.6 2.65 2.69 2.74 2.79 2.84 2.89 2.96 3.01 3.07 3.11 3.14 3.15 3.16 3.15 3.13 3.1 3.06 3.01
-3.4e+38 -3.4e+38 -3.4e+38 -3.4e+38 -3.4e+38 -3.4e+38 -3.4e+38 -3.4e+38 -3.4e+38 -3.4e+38 -3.4e+38 -3.4e+38 -3.4e+38 -3.4e+38 -3.4e+38 -3.4e+38 -3.4e+38 -3.4e+38 -3.4e+38 1.02 1.05 1.08 1.11 1.14 1.17 1.2 1.23 1.26 1.29 1.32 1.35 1.37 1.4 1.43 1.46 1.5 1.55 1.6 1.67 1.74 1.82 1.9 1.97 2.05 2.13 2.2 2.27 2.33 2.38 2.43 2.48 2.52 2.56 2.6 2.65 2.7 2.75 2.81 2.87 2.92 2.99 3.05 3.1 3.15 3.18 3.19 3.2 3.19 3.17 3.14 3.1 3.05
-3.4e+38 -3.4e+38 -3.4e+38 -3.4e+38 -3.4e+38 -3.4e+38 -3.4e+38 -3.4e+38 -3.4e+38 -3.4e+38 -3.4e+38 -3.4e+38 -3.4e+38 -3.4e+38 -3.4e+38 -3.4e+38 -3.4e+38 -3.4e+38 -3.4e+38 1.02 1.04 1.07 1.1 1.13 1.16 1.19 1.22 1.26 1.29 1.32 1.35 1.38 1.41 1.44 1.47 1.51 1.56 1.62 1.68 1.75 1.83 1.9 1.98 2.06 2.13 2.2 2.27 2.33 2.38 2.43 2.47 2.51 2.55 2.6 2.65 2.7 2.76 2.83 2.89 2.95 3.02 3.09 3.14 3.19 3.21 3.23 3.24 3.23 3.21 3.19 3.15 3.1
-3.4e+38 -3.4e+38 -3.4e+38 -3.4e+38 -3.4e+38 -3.4e+38 -3.4e+38 -3.4e+38 -3.4e+38 -3.4e+38 -3.4e+38 -3.4e+38 -3.4e+38 -3.4e+38 -3.4e+38 -3.4e+38 -3.4e+38 -3.4e+38 -3.4e+38 1.01 1.03 1.06 1.09 1.12 1.15 1.18 1.21 1.25 1.29 1.32 1.36 1.39 1.42 1.45 1.49 1.52 1.57 1.63 1.69 1.76 1.83 1.91 1.98 2.06 2.13 2.2 2.27 2.32 2.38 2.42 2.47 2.53 2.58 2.63 2.68 2.74 2.8 2.85 2.92 2.99 3.06 3.13 3.18 3.23 3.26 3.28 3.28 3.28 3.26 3.23 3.2 3.15
-3.4e+38 -3.4e+38 -3.4e+38 -3.4e+38 -3.4e+38 -3.4e+38 -3.4e+38 -3.4e+38 -3.4e+38 -3.4e+38 -3.4e+38 -3.4e+38 -3.4e+38 -3.4e+38 -3.4e+38 -3.4e+38 -3.4e+38 -3.4e+38 -3.4e+38 1 1.02 1.05 1.07 1.1 1.13 1.17 1.2 1.24 1.28 1.32 1.36 1.39 1.42 1.46 1.49 1.53 1.58 1.63 1.7 1.77 1.84 1.92 1.99 2.06 2.14 2.2 2.27 2.32 2.37 2.42 2.47 2.55 2.61 2.66 2.72 2.78 2.84 2.87 2.95 3.03 3.11 3.17 3.23 3.27 3.3 3.32 3.33 3.33 3.31 3.29 3.25 3.2
-3.4e+38 -3.4e+38 -3.4e+38 -3.4e+38 -3.4e+38 -3.4e+38 -3.4e+38 -3.4e+38 -3.4e+38 -3.4e+38 -3.4e+38 -3.4e+38 -3.4e+38 -3.4e+38 -3.4e+38 -3.4e+38 -3.4e+38 -3.4e+38 -3.4e+38 0.991 1.01 1.04 1.06 1.09 1.12 1.15 1.19 1.23 1.27 1.31 1.35 1.39 1.42 1.46 1.5 1.54 1.59 1.64 1.71 1.77 1.85 1.92 1.99 2.07 2.14 2.2 2.27 2.32 2.37 2.41 2.47 2.54 2.6 2.66 2.72 2.8 2.87 2.93 3 3.07 3.15 3.22 3.27 3.32 3.35 3.37 3.38 3.38 3.37 3.34 3.3 3.25
-3.4e+38 -3.4e+38 -3.4e+38 -3.4e+38 -3.4e+38 -3.4e+38 -3.4e+38 -3.4e+38 -3.4e+38 -3.4e+38 -3.4e+38 -3.4e+38 -3.4e+38 -3.4e+38 -3.4e+38 -3.4e+38 -3.4e+38 -3.4e+38 -3.4e+38 0.98 1 1.02 1.05 1.07 1.1 1.14 1.17 1.21 1.25 1.29 1.34 1.38 1.42 1.45 1.5 1.54 1.59 1.65 1.71 1.78 1.85 1.92 2 2.07 2.14 2.2 2.27 2.32 2.37 2.42 2.46 2.52 2.59 2.67 2.73 2.82 2.91 2.99 3.06 3.12 3.2 3.27 3.32 3.37 3.41 3.43 3.44 3.44 3.43 3.4 3.37 3.31
-3.4e+38 -3.4e+38 -3.4e+38 -3.4e+38 -3.4e+38 -3.4e+38 -3.4e+38 -3.4e+38 -3.4e+38 -3.4e+38 -3.4e+38 -3.4e+38 -3.4e+38 -3.4e+38 -3.4e+38 -3.4e+38 -3.4e+38 -3.4e+38 -3.4e+38 0.969 0.989 1.01 1.03 1.06 1.09 1.12 1.15 1.19 1.23 1.27 1.32 1.36 1.4 1.45 1.5 1.54 1.6 1.65 1.71 1.78 1.85 1.92 2 2.07 2.14 2.2 2.26 2.32 2.37 2.42 2.48 2.53 2.6 2.7 2.78 2.86 2.95 3.04 3.11 3.17 3.25 3.32 3.38 3.43 3.47 3.49 3.51 3.51 3.5 3.47 3.43 3.38
-3.4e+38 -3.4e+38 -3.4e+38 -3.4e+38 -3.4e+38 -3.4e+38 -3.4e+38 -3.4e+38 -3.4e+38 -3.4e+38 -3.4e+38 -3.4e+38 -3.4e+38 -3.4e+38 -3.4e+38 -3.4e+38 -3.4e+38 -3.4e+38 0.936 0.956 0.976 0.998 1.02 1.05 1.07 1.1 1.13 1.16 1.21 1.25 1.3 1.34 1.39 1.44 1.49 1.54 1.6 1.65 1.72 1.78 1.85 1.92 2 2.07 2.14 2.2 2.26 2.32 2.37 2.43 2.49 2.55 2.63 2.74 2.82 2.91 3 3.08 3.16 3.23 3.31 3.39 3.45 3.5 3.54 3.57 3.58 3.59 3.58 3.55 3.5 3.45
-3.4e+38 -3.4e+38 -3.4e+38 -3.4e+38 -3.4e+38 -3.4e+38 -3.4e+38 -3.4e+38 -3.4e+38 -3.4e+38 -3.4e+38 -3.4e+38 -3.4e+38 -3.4e+38 -3.4e+38 -3.4e+38 -3.4e+38 0.909 0.924 0.939 0.959 0.983 1.01 1.03 1.06 1.09 1.11 1.15 1.19 1.23 1.28 1.33 1.38 1.43 1.48 1.53 1.59 1.65 1.71 1.78 1.85 1.92 1.99 2.06 2.13 2.19 2.26 2.32 2.38 2.44 2.52 2.61 2.7 2.78 2.87 2.96 3.05 3.14 3.23 3.31 3.39 3.46 3.52 3.57 3.62 3.65 3.66 3.67 3.66 3.63 3.59 3.53
-3.4e+38 -3.4e+38 -3.4e+38 -3.4e+38 -3.4e+38 -3.4e+38 -3.4e+38 -3.4e+38 -3.4e+38 -3.4e+38 -3.4e+38 -3.4e+38 -3.4e+38 -3.4e+38 -3.4e+38 -3.4e+38 -3.4e+38 -3.4e+38 0.913 0.929 0.947 0.97 0.993 1.02 1.05 1.07 1.1 1.13 1.17 1.21 1.26 1.31 1.36 1.41 1.47 1.53 1.59 1.64 1.71 1.78 1.85 1.92 1.99 2.06 2.12 2.19 2.25 2.31 2.38 2.45 2.54 2.65 2.74 2.83 2.91 3.01 3.1 3.2 3.3 3.38 3.47 3.54 3.6 3.66 3.7 3.73 3.76 3.77 3.76 3.73 3.68 3.61
-3.4e+38 -3.4e+38 -3.4e+38 -3.4e+38 -3.4e+38 -3.4e+38 -3.4e+38 -3.4e+38 -3.4e+38 -3.4e+38 -3.4e+38 -3.4e+38 -3.4e+38 -3.4e+38 -3.4e+38 -3.4e+38 -3.4e+38 -3.4e+38 0.906 0.921 0.938 0.96 0.982 1.01 1.03 1.06 1.09 1.12 1.16 1.19 1.24 1.29 1.34 1.39 1.45 1.51 1.57 1.64 1.7 1.77 1.84 1.91 1.98 2.05 2.12 2.18 2.24 2.31 2.38 2.46 2.55 2.65 2.75 2.86 2.96 3.06 3.16 3.27 3.37 3.46 3.55 3.63 3.7 3.76 3.8 3.84 3.87 3.88 3.87 3.83 3.78 3.71
-3.4e+38 -3.4e+38 -3.4e+38 -3.4e+38 -3.4e+38 -3.4e+38 -3.4e+38 -3.4e+38 -3.4e+38 -3.4e+38 -3.4e+38 -3.4e+38 -3.4e+38 -3.4e+38 -3.4e+38 -3.4e+38 -3.4e+38 0.885 0.898 0.913 0.929 0.949 0.97 0.995 1.02 1.05 1.07 1.1 1.14 1.17 1.22 1.27 1.32 1.37 1.43 1.49 1.56 1.62 1.69 1.76 1.83 1.9 1.97 2.04 2.11 2.17 2.23 2.31 2.39 2.47 2.56 2.65 2.76 2.88 3 3.11 3.23 3.34 3.45 3.55 3.65 3.74 3.81 3.87 3.91 3.96 4 4.01 4 3.96 3.91 3.83
