maui/input/month_year_rainfall/maui_prcp_04_2001.asc
ncols        361
nrows        320
xllcorner    -156.738000000000
yllcorner    20.343000000000
cellsize     0.002250000000
NODATA_value -3.4028234663852885981e+38
[rows 64 to 95 of 320, columns 144 to 215 of 361]
-3.4e+38 -3.4e+38 -3.4e+38 -3.4e+38 -3.4e+38 -3.4e+38 -3.4e+38 -3.4e+38 -3.4e+38 -3.4e+38 -3.4e+38 0.869 0.917 0.967 1.02 1.08 1.15 1.23 1.31 1.4 1.5 1.61 1.73 1.86 1.99 2.14 2.29 2.46 2.62 2.8 2.98 3.17 3.37 3.58 3.78 3.99 4.19 4.39 4.58 4.76 4.92 5.07 5.19 5.29 5.36 5.43 5.47 5.52 5.57 5.62 5.67 5.72 5.77 5.82 5.87 5.92 5.98 6.05 6.13 6.21 6.3 6.4 6.51 6.62 6.74 6.86 7 7.13 7.26 7.39 7.51 7.62
-3.4e+38 -3.4e+38 -3.4e+38 -3.4e+38 -3.4e+38 0.642 -3.4e+38 -3.4e+38 0.736 0.77 0.809 0.851 0.899 0.95 1.01 1.07 1.14 1.21 1.3 1.39 1.5 1.62 1.74 1.88 2.02 2.17 2.33 2.49 2.66 2.84 3.03 3.22 3.42 3.63 3.84 4.05 4.25 4.45 4.65 4.83 5 5.16 5.28 5.39 5.47 5.54 5.6 5.65 5.7 5.76 5.81 5.86 5.91 5.96 6.02 6.07 6.14 6.22 6.3 6.39 6.5 6.61 6.73 6.86 7 7.13 7.27 7.41 7.56 7.69 7.83 7.95
-3.4e+38 -3.4e+38 -3.4e+38 0.572 0.599 0.627 0.656 0.686 0.718 0.753 0.792 0.835 0.883 0.934 0.993 1.06 1.13 1.21 1.3 1.4 1.51 1.63 1.76 1.9 2.04 2.2 2.35 2.52 2.7 2.87 3.06 3.26 3.46 3.66 3.87 4.08 4.29 4.49 4.69 4.89 5.06 5.23 5.35 5.47 5.56 5.64 5.7 5.76 5.82 5.88 5.93 5.99 6.05 6.11 6.17 6.23 6.3 6.38 6.48 6.59 6.7 6.83 6.97 7.11 7.26 7.41 7.56 7.71 7.86 8.01 8.15 8.29
-3.4e+38 0.511 0.533 0.558 0.584 0.611 0.639 0.669 0.701 0.736 0.775 0.818 0.867 0.918 0.979 1.04 1.12 1.2 1.29 1.4 1.51 1.63 1.77 1.91 2.06 2.21 2.37 2.54 2.71 2.89 3.07 3.27 3.47 3.67 3.88 4.09 4.3 4.51 4.71 4.91 5.1 5.27 5.4 5.52 5.62 5.71 5.78 5.85 5.91 5.97 6.04 6.1 6.17 6.23 6.3 6.37 6.45 6.55 6.66 6.78 6.91 7.06 7.21 7.36 7.53 7.69 7.86 8.02 8.19 8.35 8.5 8.65
0.476 0.498 0.52 0.544 0.569 0.595 0.622 0.652 0.684 0.719 0.759 0.801 0.85 0.903 0.965 1.03 1.11 1.19 1.29 1.39 1.51 1.64 1.77 1.91 2.06 2.22 2.38 2.54 2.71 2.89 3.07 3.26 3.46 3.66 3.86 4.07 4.28 4.5 4.71 4.92 5.11 5.29 5.43 5.56 5.66 5.76 5.84 5.92 5.98 6.05 6.12 6.19 6.27 6.35 6.42 6.51 6.6 6.71 6.83 6.97 7.13 7.28 7.45 7.62 7.8 7.98 8.17 8.35 8.53 8.7 8.87 9.02
0.463 0.484 0.506 0.529 0.553 0.578 0.605 0.635 0.667 0.702 0.742 0.785 0.834 0.888 0.951 1.02 1.1 1.18 1.28 1.39 1.51 1.63 1.77 1.91 2.06 2.21 2.37 2.53 2.69 2.86 3.04 3.22 3.41 3.61 3.81 4.02 4.23 4.45 4.66 4.88 5.08 5.28 5.42 5.55 5.66 5.77 5.86 5.95 6.03 6.1 6.18 6.27 6.36 6.44 6.54 6.64 6.74 6.86 7.01 7.17 7.35 7.52 7.71 7.9 8.1 8.3 8.5 8.69 8.89 9.08 9.26 9.43
0.451 0.471 0.491 0.513 0.536 0.561 0.588 0.618 0.65 0.685 0.724 0.768 0.817 0.871 0.935 1 1.08 1.17 1.27 1.38 1.49 1.62 1.76 1.9 2.04 2.19 2.34 2.5 2.66 2.83 3 3.18 3.36 3.55 3.75 3.95 4.17 4.38 4.6 4.81 5.02 5.22 5.38 5.52 5.64 5.76 5.87 5.97 6.06 6.15 6.24 6.33 6.43 6.54 6.64 6.76 6.88 7.02 7.19 7.37 7.57 7.77 7.97 8.18 8.4 8.62 8.84 9.05 9.26 9.46 9.66 9.84
0.437 0.456 0.476 0.498 0.52 0.545 0.571 0.6 0.632 0.667 0.706 0.749 0.798 0.852 0.916 0.983 1.06 1.15 1.25 1.36 1.47 1.6 1.73 1.87 2.01 2.16 2.31 2.45 2.61 2.76 2.93 3.1 3.27 3.46 3.66 3.86 4.07 4.28 4.5 4.71 4.92 5.11 5.29 5.44 5.59 5.72 5.84 5.95 6.05 6.16 6.26 6.37 6.49 6.61 6.73 6.87 7.01 7.18 7.37 7.57 7.79 8.01 8.24 8.47 8.71 8.95 9.18 9.41 9.64 9.86 10.1 10.3
0.424 0.442 0.461 0.482 0.503 0.527 0.553 0.582 0.614 0.649 0.687 0.728 0.778 0.83 0.895 0.962 1.04 1.13 1.23 1.33 1.45 1.57 1.71 1.84 1.98 2.12 2.26 2.4 2.55 2.7 2.85 3.01 3.18 3.36 3.56 3.76 3.96 4.18 4.39 4.6 4.81 5.01 5.19 5.36 5.52 5.66 5.8 5.92 6.04 6.16 6.28 6.41 6.54 6.67 6.82 6.98 7.14 7.34 7.54 7.77 8 8.25 8.5 8.75 9.01 9.27 9.53 9.78 10 10.3 10.5 10.7
0.41 0.428 0.445 0.465 0.486 0.51 0.535 0.563 0.594 0.627 0.664 0.705 0.754 0.806 0.869 0.935 1.02 1.1 1.2 1.3 1.42 1.54 1.66 1.79 1.92 2.06 2.2 2.33 2.47 2.61 2.76 2.9 3.06 3.24 3.43 3.63 3.83 4.04 4.25 4.46 4.67 4.87 5.07 5.25 5.42 5.58 5.73 5.87 6 6.14 6.28 6.42 6.57 6.73 6.89 7.07 7.26 7.47 7.7 7.94 8.2 8.47 8.74 9.02 9.3 9.59 9.87 10.1 10.4 10.7 10.9 11.1
0.397 0.413 0.43 0.449 0.469 0.491 0.515 0.542 0.572 0.604 0.641 0.681 0.729 0.78 0.842 0.907 0.986 1.07 1.17 1.27 1.38 1.49 1.61 1.74 1.87 2 2.13 2.26 2.39 2.52 2.66 2.8 2.96 3.12 3.31 3.5 3.7 3.9 4.11 4.32 4.53 4.74 4.94 5.14 5.32 5.49 5.65 5.81 5.96 6.12 6.27 6.43 6.6 6.77 6.95 7.15 7.37 7.6 7.85 8.11 8.39 8.68 8.98 9.29 9.59 9.9 10.2 10.5 10.8 11.1 11.3 11.6
0.383 0.399 0.415 0.433 0.451 0.472 0.495 0.52 0.549 0.58 0.616 0.655 0.701 0.751 0.811 0.875 0.952 1.03 1.13 1.22 1.33 1.44 1.55 1.68 1.8 1.92 2.05 2.17 2.3 2.43 2.56 2.7 2.85 3.01 3.18 3.36 3.55 3.75 3.95 4.16 4.38 4.6 4.81 5.02 5.21 5.39 5.57 5.74 5.91 6.08 6.24 6.42 6.6 6.79 7 7.22 7.46 7.71 7.98 8.26 8.56 8.88 9.2 9.53 9.86 10.2 10.5 10.8 11.1 11.4 11.7 12
0.37 0.384 0.4 0.416 0.434 0.453 0.474 0.498 0.525 0.555 0.59 0.628 0.672 0.721 0.779 0.841 0.916 0.994 1.08 1.18 1.28 1.38 1.5 1.61 1.73 1.85 1.97 2.08 2.2 2.33 2.46 2.59 2.73 2.89 3.05 3.23 3.41 3.6 3.81 4.01 4.24 4.46 4.68 4.9 5.1 5.3 5.49 5.67 5.85 6.03 6.21 6.4 6.59 6.8 7.03 7.27 7.53 7.8 8.09 8.4 8.72 9.06 9.4 9.75 10.1 10.5 10.8 11.2 11.5 11.8 12.1 12.4
0.356 0.37 0.384 0.399 0.415 0.434 0.453 0.476 0.501 0.53 0.562 0.599 0.642 0.688 0.745 0.804 0.876 0.951 1.04 1.13 1.23 1.33 1.43 1.54 1.66 1.77 1.88 1.99 2.11 2.22 2.35 2.48 2.62 2.76 2.92 3.09 3.27 3.45 3.66 3.87 4.09 4.32 4.55 4.77 4.99 5.2 5.4 5.59 5.79 5.98 6.17 6.36 6.57 6.79 7.04 7.3 7.58 7.87 8.18 8.51 8.85 9.21 9.57 9.95 10.3 10.7 11.1 11.4 11.8 12.1 12.4 12.7
0.343 0.355 0.368 0.382 0.397 0.414 0.432 0.453 0.477 0.504 0.535 0.569 0.61 0.655 0.709 0.765 0.834 0.906 0.988 1.08 1.17 1.27 1.37 1.47 1.58 1.68 1.79 1.9 2.01 2.12 2.24 2.36 2.5 2.64 2.79 2.95 3.13 3.31 3.51 3.73 3.96 4.19 4.42 4.65 4.88 5.09 5.3 5.51 5.71 5.92 6.12 6.32 6.53 6.76 7.03 7.32 7.62 7.93 8.25 8.6 8.96 9.34 9.72 10.1 10.5 10.9 11.3 11.7 12 12.4 12.7 13
0.329 0.34 0.353 0.365 0.379 0.394 0.411 0.43 0.452 0.477 0.507 0.539 0.578 0.62 0.672 0.726 0.791 0.86 0.938 1.02 1.11 1.21 1.3 1.4 1.5 1.6 1.7 1.8 1.91 2.01 2.13 2.25 2.38 2.51 2.66 2.82 2.99 3.18 3.38 3.59 3.82 4.06 4.3 4.54 4.77 4.99 5.21 5.42 5.64 5.85 6.06 6.28 6.5 6.74 7.03 7.33 7.64 7.97 8.31 8.67 9.05 9.44 9.84 10.3 10.7 11.1 11.5 11.9 12.3 12.6 13 13.3
0.315 0.326 0.337 0.348 0.361 0.375 0.39 0.408 0.429 0.452 0.479 0.509 0.546 0.585 0.634 0.685 0.747 0.811 0.886 0.966 1.05 1.14 1.23 1.33 1.42 1.51 1.61 1.7 1.8 1.91 2.02 2.13 2.26 2.39 2.54 2.69 2.86 3.04 3.24 3.45 3.69 3.93 4.18 4.42 4.66 4.89 5.11 5.33 5.55 5.77 5.99 6.22 6.46 6.73 7.02 7.33 7.65 7.99 8.34 8.72 9.11 9.52 9.94 10.4 10.8 11.2 11.7 12.1 12.5 12.9 13.2 13.6
0.302 0.312 0.321 0.332 0.343 0.356 0.37 0.387 0.406 0.427 0.452 0.48 0.514 0.551 0.597 0.646 0.703 0.764 0.834 0.91 0.992 1.08 1.16 1.25 1.34 1.43 1.52 1.61 1.7 1.8 1.91 2.02 2.14 2.27 2.42 2.57 2.74 2.92 3.11 3.32 3.56 3.81 4.06 4.31 4.56 4.79 5.01 5.24 5.46 5.69 5.92 6.16 6.42 6.7 7 7.32 7.66 8 8.37 8.76 9.16 9.59 10 10.5 10.9 11.4 11.8 12.2 12.6 13 13.4 13.8
0.289 0.298 0.306 0.315 0.325 0.338 0.351 0.366 0.383 0.403 0.425 0.451 0.483 0.519 0.562 0.608 0.661 0.718 0.784 0.855 0.931 1.01 1.09 1.18 1.26 1.35 1.43 1.52 1.61 1.7 1.8 1.9 2.02 2.16 2.3 2.45 2.61 2.79 2.99 3.2 3.43 3.68 3.94 4.2 4.45 4.69 4.91 5.13 5.36 5.6 5.83 6.09 6.36 6.65 6.96 7.29 7.64 7.99 8.37 8.77 9.19 9.63 10.1 10.5 11 11.4 11.9 12.4 12.8 13.2 13.6 14
0.277 0.284 0.291 0.299 0.309 0.32 0.333 0.347 0.363 0.38 0.401 0.424 0.454 0.488 0.529 0.572 0.622 0.675 0.736 0.802 0.873 0.947 1.02 1.1 1.18 1.26 1.35 1.43 1.51 1.6 1.7 1.8 1.92 2.04 2.18 2.33 2.49 2.66 2.86 3.07 3.3 3.55 3.82 4.09 4.35 4.58 4.8 5.02 5.26 5.49 5.74 6.01 6.29 6.6 6.92 7.26 7.61 7.98 8.37 8.78 9.21 9.66 10.1 10.6 11.1 11.5 12 12.5 12.9 13.4 13.8 14.2
0.265 0.271 0.278 0.286 0.294 0.305 0.316 0.329 0.343 0.36 0.379 0.401 0.428 0.459 0.497 0.537 0.584 0.634 0.69 0.751 0.817 0.886 0.958 1.03 1.11 1.19 1.27 1.34 1.43 1.51 1.61 1.7 1.81 1.94 2.08 2.22 2.38 2.54 2.73 2.93 3.17 3.41 3.67 3.95 4.22 4.45 4.67 4.9 5.14 5.39 5.65 5.92 6.22 6.54 6.87 7.21 7.57 7.95 8.35 8.77 9.22 9.68 10.2 10.6 11.1 11.6 12.1 12.6 13.1 13.5 14 14.4
0.253 0.259 0.266 0.273 0.281 0.29 0.3 0.312 0.325 0.34 0.359 0.379 0.405 0.433 0.467 0.504 0.548 0.595 0.646 0.701 0.762 0.827 0.895 0.965 1.04 1.11 1.19 1.26 1.34 1.43 1.51 1.61 1.72 1.84 1.97 2.12 2.26 2.42 2.6 2.8 3.03 3.26 3.52 3.78 4.04 4.29 4.52 4.76 5.02 5.28 5.55 5.84 6.14 6.47 6.81 7.17 7.54 7.93 8.34 8.77 9.23 9.71 10.2 10.7 11.2 11.7 12.2 12.7 13.2 13.7 14.1 14.6
0.241 0.247 0.254 0.26 0.268 0.276 0.285 0.296 0.308 0.323 0.339 0.359 0.382 0.408 0.439 0.473 0.514 0.557 0.605 0.655 0.71 0.769 0.834 0.9 0.969 1.04 1.11 1.18 1.26 1.34 1.43 1.52 1.62 1.74 1.87 2 2.15 2.3 2.48 2.68 2.89 3.12 3.36 3.61 3.87 4.12 4.37 4.62 4.89 5.16 5.44 5.75 6.07 6.41 6.77 7.13 7.52 7.92 8.34 8.79 9.26 9.76 10.3 10.8 11.3 11.8 12.3 12.9 13.4 13.9 14.4 14.8
0.23 0.236 0.242 0.248 0.255 0.263 0.271 0.281 0.292 0.305 0.321 0.339 0.36 0.384 0.413 0.444 0.481 0.521 0.565 0.611 0.661 0.716 0.776 0.838 0.902 0.968 1.04 1.11 1.18 1.26 1.34 1.43 1.53 1.64 1.76 1.89 2.04 2.19 2.36 2.55 2.76 2.98 3.21 3.45 3.7 3.96 4.21 4.48 4.76 5.04 5.34 5.66 5.99 6.35 6.72 7.1 7.5 7.91 8.35 8.81 9.3 9.81 10.3 10.9 11.4 12 12.5 13 13.6 14.1 14.6 15.1
0.219 0.224 0.23 0.236 0.243 0.25 0.257 0.266 0.277 0.289 0.303 0.32 0.339 0.361 0.387 0.415 0.45 0.486 0.527 0.57 0.617 0.667 0.721 0.779 0.84 0.902 0.967 1.03 1.1 1.18 1.26 1.34 1.44 1.54 1.66 1.79 1.92 2.07 2.24 2.42 2.62 2.83 3.05 3.29 3.54 3.8 4.06 4.34 4.63 4.93 5.24 5.58 5.93 6.3 6.69 7.08 7.49 7.92 8.37 8.85 9.36 9.89 10.4 11 11.6 12.1 12.7 13.2 13.8 14.3 14.9 15.4
0.208 0.213 0.218 0.225 0.231 0.237 0.244 0.252 0.262 0.273 0.286 0.301 0.319 0.339 0.363 0.389 0.421 0.454 0.491 0.53 0.574 0.62 0.67 0.723 0.78 0.837 0.898 0.96 1.03 1.1 1.17 1.26 1.35 1.45 1.56 1.68 1.81 1.95 2.11 2.28 2.48 2.69 2.9 3.13 3.38 3.64 3.92 4.21 4.51 4.82 5.15 5.5 5.87 6.25 6.65 7.06 7.49 7.94 8.41 8.9 9.43 9.98 10.6 11.1 11.7 12.3 12.9 13.5 14.1 14.6 15.2 15.7
0.197 0.202 0.207 0.213 0.219 0.225 0.231 0.239 0.247 0.257 0.27 0.285 0.301 0.318 0.34 0.365 0.393 0.423 0.457 0.493 0.533 0.575 0.621 0.67 0.722 0.775 0.831 0.889 0.952 1.02 1.09 1.17 1.25 1.35 1.46 1.57 1.7 1.83 1.99 2.15 2.34 2.54 2.75 2.98 3.23 3.5 3.78 4.08 4.39 4.72 5.06 5.42 5.81 6.21 6.63 7.06 7.5 7.96 8.45 8.97 9.52 10.1 10.7 11.3 11.9 12.5 13.2 13.8 14.4 15 15.5 16.1
0.186 0.191 0.196 0.201 0.207 0.213 0.219 0.225 0.233 0.243 0.254 0.267 0.282 0.298 0.319 0.341 0.367 0.394 0.425 0.458 0.494 0.532 0.574 0.619 0.666 0.715 0.767 0.821 0.879 0.942 1.01 1.08 1.16 1.26 1.36 1.46 1.58 1.71 1.86 2.02 2.2 2.4 2.61 2.83 3.09 3.36 3.65 3.95 4.28 4.62 4.97 5.36 5.75 6.17 6.61 7.05 7.51 8 8.51 9.05 9.63 10.2 10.9 11.5 12.2 12.8 13.4 14.1 14.7 15.3 15.9 16.5
0.175 0.18 0.184 0.19 0.195 0.201 0.206 0.212 0.219 0.228 0.239 0.251 0.264 0.279 0.298 0.318 0.341 0.366 0.394 0.424 0.457 0.492 0.529 0.57 0.613 0.658 0.706 0.755 0.809 0.867 0.931 0.999 1.08 1.16 1.26 1.36 1.47 1.6 1.74 1.89 2.07 2.26 2.46 2.69 2.95 3.22 3.52 3.84 4.17 4.52 4.9 5.29 5.7 6.13 6.58 7.04 7.53 8.03 8.56 9.14 9.75 10.4 11 11.7 12.4 13.1 13.7 14.4 15 15.7 16.3 16.9
0.165 0.169 0.173 0.178 0.183 0.189 0.194 0.2 0.206 0.214 0.224 0.235 0.247 0.261 0.278 0.296 0.318 0.34 0.365 0.392 0.421 0.453 0.487 0.524 0.563 0.604 0.647 0.692 0.742 0.795 0.854 0.917 0.988 1.07 1.16 1.26 1.36 1.48 1.61 1.76 1.93 2.11 2.33 2.56 2.81 3.09 3.4 3.73 4.07 4.43 4.82 5.22 5.65 6.09 6.55 7.03 7.54 8.07 8.64 9.25 9.89 10.6 11.2 12 12.7 13.4 14 14.7 15.4 16 16.7 17.3
0.155 0.159 0.162 0.167 0.172 0.177 0.182 0.188 0.194 0.201 0.21 0.219 0.231 0.244 0.26 0.276 0.295 0.315 0.338 0.362 0.388 0.417 0.448 0.48 0.516 0.552 0.591 0.632 0.677 0.726 0.781 0.838 0.903 0.979 1.06 1.16 1.26 1.37 1.5 1.63 1.79 1.97 2.19 2.43 2.68 2.97 3.28 3.62 3.97 4.34 4.73 5.15 5.58 6.03 6.51 7.01 7.54 8.11 8.71 9.35 10 10.7 11.4 12.2 12.9 13.6 14.3 15 15.7 16.4 17 17.7
0.145 0.148 0.152 0.157 0.161 0.166 0.171 0.176 0.182 0.188 0.196 0.205 0.215 0.227 0.241 0.256 0.273 0.292 0.312 0.333 0.357 0.382 0.41 0.44 0.471 0.504 0.539 0.576 0.616 0.662 0.712 0.765 0.825 0.895 0.973 1.06 1.15 1.26 1.38 1.51 1.67 1.83 2.05 2.29 2.55 2.84 3.17 3.51 3.87 4.24 4.64 5.06 5.5 5.96 6.45 6.98 7.53 8.12 8.75 9.42 10.1 10.9 11.6 12.4 13.2 13.9 14.6 15.3 16 16.7 17.3 18
