maui/input/month_year_rainfall/maui_prcp_04_2002.asc
ncols        361
nrows        320
xllcorner    -156.738000000000
yllcorner    20.343000000000
cellsize     0.002250000000
NODATA_value -3.4028234663852885981e+38
[rows 224 to 255 of 320, columns 0 to 71 of 361]
-3.4e+38 -3.4e+38 -3.4e+38 -3.4e+38 -3.4e+38 -3.4e+38 -3.4e+38 -3.4e+38 -3.4e+38 -3.4e+38 -3.4e+38 -3.4e+38 -3.4e+38 -3.4e+38 -3.4e+38 -3.4e+38 -3.4e+38 -3.4e+38 -3.4e+38 -3.4e+38 -3.4e+38 -3.4e+38 -3.4e+38 -3.4e+38 -3.4e+38 -3.4e+38 -3.4e+38 2.04 2.06 2.08 2.11 2.14 2.18 2.22 2.26 2.3 2.35 2.39 2.45 2.51 2.56 2.62 2.68 2.74 2.81 2.88 2.95 3.02 3.1 3.18 3.26 3.34 3.42 3.52 3.61 3.71 3.8 3.9 4.01 4.11 4.21 4.32 4.42 4.51 4.61 4.69 4.77 4.83 4.89 4.92 4.95 4.94
-3.4e+38 -3.4e+38 -3.4e+38 -3.4e+38 -3.4e+38 -3.4e+38 -3.4e+38 -3.4e+38 -3.4e+38 -3.4e+38 -3.4e+38 -3.4e+38 -3.4e+38 -3.4e+38 -3.4e+38 -3.4e+38 -3.4e+38 -3.4e+38 -3.4e+38 -3.4e+38 -3.4e+38 -3.4e+38 -3.4e+38 -3.4e+38 -3.4e+38 -3.4e+38 2.06 2.08 2.11 2.14 2.17 2.2 2.24 2.28 2.33 2.38 2.44 2.49 2.55 2.61 2.67 2.73 2.8 2.86 2.92 2.99 3.06 3.13 3.2 3.28 3.35 3.43 3.51 3.59 3.68 3.77 3.86 3.95 4.05 4.15 4.24 4.34 4.43 4.53 4.61 4.7 4.77 4.83 4.89 4.92 4.94 4.93
-3.4e+38 -3.4e+38 -3.4e+38 -3.4e+38 -3.4e+38 -3.4e+38 -3.4e+38 -3.4e+38 -3.4e+38 -3.4e+38 -3.4e+38 -3.4e+38 -3.4e+38 -3.4e+38 -3.4e+38 -3.4e+38 -3.4e+38 -3.4e+38 -3.4e+38 -3.4e+38 -3.4e+38 -3.4e+38 -3.4e+38 -3.4e+38 -3.4e+38 -3.4e+38 2.1 2.13 2.16 2.19 2.23 2.26 2.31 2.35 2.41 2.47 2.53 2.59 2.65 2.72 2.78 2.85 2.91 2.97 3.03 3.1 3.16 3.23 3.3 3.37 3.44 3.51 3.58 3.66 3.74 3.82 3.91 3.99 4.08 4.17 4.26 4.35 4.44 4.53 4.62 4.69 4.76 4.82 4.87 4.9 4.92 4.9
-3.4e+38 -3.4e+38 -3.4e+38 -3.4e+38 -3.4e+38 -3.4e+38 -3.4e+38 -3.4e+38 -3.4e+38 -3.4e+38 -3.4e+38 -3.4e+38 -3.4e+38 -3.4e+38 -3.4e+38 -3.4e+38 -3.4e+38 -3.4e+38 -3.4e+38 -3.4e+38 -3.4e+38 -3.4e+38 -3.4e+38 -3.4e+38 -3.4e+38 2.12 2.15 2.18 2.22 2.25 2.29 2.33 2.39 2.45 2.51 2.57 2.64 2.7 2.76 2.83 2.89 2.95 3.01 3.07 3.13 3.19 3.26 3.32 3.38 3.44 3.51 3.57 3.64 3.71 3.79 3.86 3.94 4.02 4.1 4.18 4.27 4.35 4.44 4.52 4.6 4.67 4.74 4.79 4.84 4.86 4.88 4.86
-3.4e+38 -3.4e+38 -3.4e+38 -3.4e+38 -3.4e+38 -3.4e+38 -3.4e+38 -3.4e+38 -3.4e+38 -3.4e+38 -3.4e+38 -3.4e+38 -3.4e+38 -3.4e+38 -3.4e+38 -3.4e+38 -3.4e+38 -3.4e+38 -3.4e+38 -3.4e+38 -3.4e+38 -3.4e+38 -3.4e+38 2.11 2.13 2.16 2.2 2.23 2.27 2.31 2.36 2.41 2.47 2.54 2.6 2.67 2.74 2.8 2.86 2.93 2.99 3.05 3.11 3.17 3.22 3.28 3.34 3.4 3.45 3.51 3.57 3.63 3.69 3.75 3.82 3.89 3.96 4.03 4.11 4.18 4.26 4.34 4.42 4.5 4.57 4.64 4.7 4.75 4.79 4.81 4.82 4.8
-3.4e+38 -3.4e+38 -3.4e+38 -3.4e+38 -3.4e+38 -3.4e+38 -3.4e+38 -3.4e+38 -3.4e+38 -3.4e+38 -3.4e+38 -3.4e+38 -3.4e+38 -3.4e+38 -3.4e+38 -3.4e+38 -3.4e+38 -3.4e+38 -3.4e+38 -3.4e+38 -3.4e+38 -3.4e+38 2.11 2.14 2.17 2.21 2.24 2.29 2.33 2.37 2.43 2.49 2.56 2.62 2.69 2.76 2.83 2.89 2.96 3.02 3.08 3.14 3.19 3.25 3.3 3.36 3.41 3.46 3.51 3.56 3.62 3.67 3.72 3.78 3.84 3.9 3.96 4.03 4.1 4.17 4.25 4.33 4.4 4.47 4.54 4.6 4.65 4.7 4.73 4.74 4.75 4.72
-3.4e+38 -3.4e+38 -3.4e+38 -3.4e+38 -3.4e+38 -3.4e+38 -3.4e+38 -3.4e+38 -3.4e+38 -3.4e+38 -3.4e+38 -3.4e+38 -3.4e+38 -3.4e+38 -3.4e+38 -3.4e+38 -3.4e+38 -3.4e+38 -3.4e+38 -3.4e+38 -3.4e+38 -3.4e+38 2.13 2.17 2.2 2.24 2.29 2.33 2.38 2.44 2.5 2.56 2.63 2.7 2.77 2.84 2.91 2.97 3.03 3.09 3.15 3.2 3.26 3.31 3.36 3.41 3.46 3.5 3.55 3.6 3.64 3.69 3.74 3.79 3.84 3.9 3.96 4.02 4.08 4.15 4.22 4.29 4.36 4.42 4.48 4.54 4.59 4.62 4.65 4.66 4.66 4.63
-3.4e+38 -3.4e+38 -3.4e+38 -3.4e+38 -3.4e+38 -3.4e+38 -3.4e+38 -3.4e+38 -3.4e+38 -3.4e+38 -3.4e+38 -3.4e+38 -3.4e+38 -3.4e+38 -3.4e+38 -3.4e+38 -3.4e+38 -3.4e+38 -3.4e+38 -3.4e+38 2.09 2.12 2.16 2.2 2.24 2.28 2.33 2.38 2.43 2.5 2.57 2.63 2.7 2.77 2.84 2.91 2.97 3.04 3.1 3.16 3.21 3.26 3.31 3.36 3.41 3.45 3.49 3.54 3.58 3.62 3.66 3.7 3.74 3.79 3.84 3.89 3.94 4 4.06 4.12 4.18 4.25 4.31 4.37 4.42 4.47 4.51 4.54 4.56 4.57 4.56 4.53
-3.4e+38 -3.4e+38 -3.4e+38 -3.4e+38 -3.4e+38 -3.4e+38 -3.4e+38 -3.4e+38 -3.4e+38 -3.4e+38 -3.4e+38 -3.4e+38 -3.4e+38 -3.4e+38 -3.4e+38 -3.4e+38 -3.4e+38 -3.4e+38 -3.4e+38 2.07 2.1 2.14 2.18 2.22 2.26 2.31 2.36 2.42 2.48 2.55 2.62 2.69 2.76 2.82 2.89 2.96 3.02 3.09 3.14 3.2 3.25 3.3 3.35 3.39 3.43 3.47 3.51 3.54 3.58 3.61 3.65 3.69 3.73 3.77 3.81 3.86 3.91 3.96 4.01 4.07 4.12 4.18 4.23 4.29 4.33 4.37 4.41 4.43 4.45 4.45 4.45 4.41
-3.4e+38 -3.4e+38 -3.4e+38 -3.4e+38 -3.4e+38 -3.4e+38 -3.4e+38 -3.4e+38 -3.4e+38 -3.4e+38 -3.4e+38 -3.4e+38 -3.4e+38 -3.4e+38 -3.4e+38 -3.4e+38 -3.4e+38 -3.4e+38 2.05 2.08 2.11 2.15 2.19 2.24 2.28 2.33 2.39 2.46 2.53 2.59 2.66 2.73 2.8 2.87 2.94 3 3.07 3.13 3.18 3.23 3.28 3.33 3.37 3.41 3.45 3.48 3.52 3.55 3.58 3.61 3.64 3.67 3.71 3.74 3.78 3.82 3.86 3.91 3.96 4.01 4.06 4.11 4.15 4.2 4.24 4.28 4.31 4.32 4.34 4.33 4.33 4.29
-3.4e+38 -3.4e+38 -3.4e+38 -3.4e+38 -3.4e+38 -3.4e+38 -3.4e+38 -3.4e+38 -3.4e+38 -3.4e+38 -3.4e+38 -3.4e+38 -3.4e+38 -3.4e+38 -3.4e+38 -3.4e+38 -3.4e+38 2.04 2.06 2.09 2.12 2.16 2.2 2.25 2.3 2.36 2.42 2.49 2.56 2.63 2.7 2.76 2.83 2.9 2.96 3.02 3.08 3.14 3.19 3.24 3.28 3.32 3.36 3.4 3.43 3.46 3.49 3.52 3.54 3.57 3.6 3.62 3.65 3.68 3.72 3.75 3.79 3.83 3.87 3.92 3.96 4.01 4.05 4.09 4.12 4.15 4.18 4.2 4.2 4.2 4.19 4.15
-3.4e+38 -3.4e+38 -3.4e+38 -3.4e+38 -3.4e+38 -3.4e+38 -3.4e+38 -3.4e+38 -3.4e+38 -3.4e+38 -3.4e+38 -3.4e+38 -3.4e+38 -3.4e+38 -3.4e+38 -3.4e+38 -3.4e+38 2.04 2.06 2.09 2.12 2.16 2.21 2.26 2.31 2.38 2.45 2.51 2.58 2.65 2.72 2.79 2.86 2.92 2.98 3.04 3.1 3.15 3.2 3.24 3.28 3.32 3.35 3.38 3.41 3.43 3.46 3.48 3.51 3.53 3.55 3.58 3.6 3.63 3.65 3.68 3.72 3.75 3.79 3.83 3.87 3.91 3.94 3.98 4.01 4.03 4.05 4.07 4.07 4.06 4.05 4.01
-3.4e+38 -3.4e+38 -3.4e+38 -3.4e+38 -3.4e+38 -3.4e+38 -3.4e+38 -3.4e+38 -3.4e+38 -3.4e+38 -3.4e+38 -3.4e+38 -3.4e+38 -3.4e+38 -3.4e+38 -3.4e+38 2.03 2.05 2.06 2.09 2.12 2.16 2.21 2.26 2.32 2.39 2.45 2.52 2.59 2.66 2.72 2.79 2.85 2.91 2.97 3.03 3.08 3.13 3.17 3.21 3.24 3.28 3.31 3.33 3.36 3.38 3.4 3.42 3.44 3.46 3.48 3.5 3.52 3.54 3.56 3.59 3.62 3.65 3.68 3.72 3.75 3.79 3.82 3.85 3.88 3.9 3.92 3.93 3.93 3.92 3.9 3.87
-3.4e+38 -3.4e+38 -3.4e+38 -3.4e+38 -3.4e+38 -3.4e+38 -3.4e+38 -3.4e+38 -3.4e+38 -3.4e+38 -3.4e+38 -3.4e+38 -3.4e+38 -3.4e+38 -3.4e+38 -3.4e+38 2.03 2.05 2.06 2.09 2.12 2.16 2.2 2.26 2.33 2.39 2.46 2.52 2.59 2.65 2.72 2.78 2.84 2.9 2.95 3.01 3.05 3.1 3.13 3.17 3.2 3.23 3.26 3.28 3.3 3.32 3.34 3.35 3.37 3.38 3.4 3.41 3.43 3.45 3.47 3.49 3.51 3.54 3.57 3.6 3.63 3.66 3.69 3.72 3.75 3.77 3.79 3.79 3.79 3.78 3.77 3.73
-3.4e+38 -3.4e+38 -3.4e+38 -3.4e+38 -3.4e+38 -3.4e+38 -3.4e+38 -3.4e+38 -3.4e+38 -3.4e+38 -3.4e+38 -3.4e+38 -3.4e+38 -3.4e+38 -3.4e+38 -3.4e+38 2.03 2.04 2.06 2.09 2.11 2.16 2.2 2.26 2.32 2.38 2.44 2.51 2.57 2.63 2.69 2.75 2.81 2.86 2.91 2.96 3 3.04 3.08 3.11 3.14 3.16 3.19 3.2 3.22 3.24 3.25 3.27 3.28 3.29 3.3 3.31 3.33 3.34 3.36 3.38 3.4 3.42 3.45 3.48 3.51 3.54 3.56 3.59 3.61 3.63 3.65 3.65 3.65 3.64 3.63 3.59
-3.4e+38 -3.4e+38 -3.4e+38 -3.4e+38 -3.4e+38 -3.4e+38 -3.4e+38 -3.4e+38 -3.4e+38 -3.4e+38 -3.4e+38 -3.4e+38 -3.4e+38 -3.4e+38 -3.4e+38 -3.4e+38 2.02 2.04 2.05 2.08 2.11 2.15 2.2 2.25 2.3 2.36 2.42 2.48 2.55 2.6 2.66 2.72 2.77 2.82 2.86 2.91 2.94 2.98 3.01 3.04 3.06 3.09 3.11 3.12 3.14 3.15 3.16 3.17 3.18 3.19 3.2 3.21 3.22 3.23 3.25 3.27 3.29 3.31 3.33 3.35 3.38 3.41 3.43 3.45 3.47 3.49 3.51 3.51 3.51 3.5 3.49 3.46
-3.4e+38 -3.4e+38 -3.4e+38 -3.4e+38 -3.4e+38 -3.4e+38 -3.4e+38 -3.4e+38 -3.4e+38 -3.4e+38 -3.4e+38 -3.4e+38 -3.4e+38 -3.4e+38 -3.4e+38 -3.4e+38 2.01 2.03 2.04 2.07 2.11 2.15 2.19 2.23 2.28 2.34 2.39 2.45 2.51 2.56 2.61 2.66 2.71 2.76 2.8 2.84 2.87 2.91 2.93 2.96 2.98 3 3.01 3.03 3.04 3.05 3.06 3.07 3.07 3.08 3.09 3.1 3.11 3.12 3.13 3.15 3.17 3.19 3.21 3.23 3.25 3.27 3.3 3.32 3.34 3.35 3.37 3.37 3.37 3.36 3.35 3.32
-3.4e+38 -3.4e+38 -3.4e+38 -3.4e+38 -3.4e+38 -3.4e+38 -3.4e+38 -3.4e+38 -3.4e+38 -3.4e+38 -3.4e+38 -3.4e+38 -3.4e+38 -3.4e+38 -3.4e+38 -3.4e+38 -3.4e+38 -3.4e+38 2.04 2.07 2.1 2.14 2.17 2.22 2.26 2.31 2.36 2.41 2.46 2.51 2.56 2.6 2.65 2.69 2.73 2.76 2.79 2.82 2.84 2.87 2.88 2.9 2.91 2.92 2.93 2.94 2.95 2.96 2.96 2.97 2.98 2.98 2.99 3 3.02 3.03 3.05 3.07 3.09 3.11 3.13 3.15 3.17 3.19 3.21 3.22 3.23 3.23 3.23 3.22 3.21 3.19
-3.4e+38 -3.4e+38 -3.4e+38 -3.4e+38 -3.4e+38 -3.4e+38 -3.4e+38 -3.4e+38 -3.4e+38 -3.4e+38 -3.4e+38 -3.4e+38 -3.4e+38 -3.4e+38 -3.4e+38 -3.4e+38 -3.4e+38 -3.4e+38 -3.4e+38 2.06 2.09 2.13 2.16 2.2 2.23 2.28 2.32 2.37 2.41 2.46 2.5 2.54 2.58 2.62 2.65 2.68 2.71 2.73 2.75 2.77 2.78 2.8 2.81 2.82 2.83 2.83 2.84 2.84 2.85 2.86 2.86 2.87 2.88 2.89 2.9 2.91 2.93 2.95 2.97 2.99 3.01 -3.4e+38 -3.4e+38 3.07 3.08 3.09 3.1 3.1 3.1 3.09 3.08 3.06
-3.4e+38 -3.4e+38 -3.4e+38 -3.4e+38 -3.4e+38 -3.4e+38 -3.4e+38 -3.4e+38 -3.4e+38 -3.4e+38 -3.4e+38 -3.4e+38 -3.4e+38 -3.4e+38 -3.4e+38 -3.4e+38 -3.4e+38 -3.4e+38 -3.4e+38 -3.4e+38 -3.4e+38 2.11 2.14 2.18 2.21 2.24 2.28 2.32 2.36 2.4 2.43 2.47 2.5 2.54 2.57 2.6 2.62 2.64 2.66 2.67 2.69 2.7 2.7 2.71 2.71 2.72 2.73 2.74 2.74 2.75 2.76 2.77 2.78 2.79 2.8 2.81 2.83 2.85 2.87 2.89 2.91 -3.4e+38 -3.4e+38 2.96 2.97 2.98 2.98 2.98 2.98 2.98 2.97 2.95
-3.4e+38 -3.4e+38 -3.4e+38 -3.4e+38 -3.4e+38 -3.4e+38 -3.4e+38 -3.4e+38 -3.4e+38 -3.4e+38 -3.4e+38 -3.4e+38 -3.4e+38 -3.4e+38 -3.4e+38 -3.4e+38 -3.4e+38 -3.4e+38 -3.4e+38 -3.4e+38 -3.4e+38 -3.4e+38 -3.4e+38 2.15 2.18 2.21 2.24 2.27 2.3 2.33 2.37 2.4 2.43 2.46 2.49 2.51 2.53 2.55 2.56 2.58 2.59 2.6 2.6 2.6 2.6 2.61 2.62 2.63 2.64 2.65 2.66 2.67 2.68 2.7 2.71 -3.4e+38 -3.4e+38 2.76 2.78 2.8 2.82 -3.4e+38 -3.4e+38 -3.4e+38 2.87 2.87 2.87 2.87 2.87 2.87 2.87 2.85
-3.4e+38 -3.4e+38 -3.4e+38 -3.4e+38 -3.4e+38 -3.4e+38 -3.4e+38 -3.4e+38 -3.4e+38 -3.4e+38 -3.4e+38 -3.4e+38 -3.4e+38 -3.4e+38 -3.4e+38 -3.4e+38 -3.4e+38 -3.4e+38 -3.4e+38 -3.4e+38 -3.4e+38 -3.4e+38 -3.4e+38 2.13 2.15 2.18 2.2 2.22 2.25 2.27 2.3 2.33 2.36 2.39 2.41 2.44 2.45 2.47 2.48 2.49 2.5 2.51 2.51 2.51 2.52 2.52 2.53 2.54 2.55 2.56 2.58 2.59 -3.4e+38 -3.4e+38 -3.4e+38 -3.4e+38 -3.4e+38 -3.4e+38 -3.4e+38 -3.4e+38 -3.4e+38 -3.4e+38 -3.4e+38 -3.4e+38 2.78 2.79 2.79 2.79 2.79 2.79 2.78 2.77
-3.4e+38 -3.4e+38 -3.4e+38 -3.4e+38 -3.4e+38 -3.4e+38 -3.4e+38 -3.4e+38 -3.4e+38 -3.4e+38 -3.4e+38 -3.4e+38 -3.4e+38 -3.4e+38 -3.4e+38 -3.4e+38 -3.4e+38 -3.4e+38 -3.4e+38 -3.4e+38 -3.4e+38 -3.4e+38 -3.4e+38 2.11 2.13 2.14 2.16 2.18 2.2 2.22 2.24 2.26 2.29 2.32 2.34 2.36 2.38 2.39 2.4 -3.4e+38 2.41 2.42 2.42 2.42 2.43 2.44 2.44 2.45 2.47 -3.4e+38 -3.4e+38 -3.4e+38 -3.4e+38 -3.4e+38 -3.4e+38 -3.4e+38 -3.4e+38 -3.4e+38 -3.4e+38 -3.4e+38 -3.4e+38 -3.4e+38 -3.4e+38 -3.4e+38 -3.4e+38 2.71 2.72 2.72 2.73 2.72 -3.4e+38 -3.4e+38
-3.4e+38 -3.4e+38 -3.4e+38 -3.4e+38 -3.4e+38 -3.4e+38 -3.4e+38 -3.4e+38 -3.4e+38 -3.4e+38 -3.4e+38 -3.4e+38 -3.4e+38 -3.4e+38 -3.4e+38 -3.4e+38 -3.4e+38 -3.4e+38 -3.4e+38 -3.4e+38 -3.4e+38 -3.4e+38 -3.4e+38 -3.4e+38 2.1 2.12 2.13 2.15 2.16 2.18 2.2 2.22 2.24 2.26 2.28 2.3 2.31 2.32 -3.4e+38 -3.4e+38 -3.4e+38 2.35 2.35 2.36 2.36 2.37 2.37 -3.4e+38 -3.4e+38 -3.4e+38 -3.4e+38 -3.4e+38 -3.4e+38 -3.4e+38 -3.4e+38 -3.4e+38 -3.4e+38 -3.4e+38 -3.4e+38 -3.4e+38 -3.4e+38 -3.4e+38 -3.4e+38 -3.4e+38 -3.4e+38 -3.4e+38 -3.4e+38 2.67 2.67 -3.4e+38 -3.4e+38 -3.4e+38
-3.4e+38 -3.4e+38 -3.4e+38 -3.4e+38 -3.4e+38 -3.4e+38 -3.4e+38 -3.4e+38 -3.4e+38 -3.4e+38 -3.4e+38 -3.4e+38 -3.4e+38 -3.4e+38 -3.4e+38 -3.4e+38 -3.4e+38 -3.4e+38 -3.4e+38 -3.4e+38 -3.4e+38 -3.4e+38 -3.4e+38 -3.4e+38 2.08 2.09 2.1 2.11 2.13 2.14 2.15 2.17 2.19 2.21 2.22 2.24 2.25 -3.4e+38 -3.4e+38 -3.4e+38 -3.4e+38 -3.4e+38 2.29 2.29 2.3 -3.4e+38 -3.4e+38 -3.4e+38 -3.4e+38 -3.4e+38 -3.4e+38 -3.4e+38 -3.4e+38 -3.4e+38 -3.4e+38 -3.4e+38 -3.4e+38 -3.4e+38 -3.4e+38 -3.4e+38 -3.4e+38 -3.4e+38 -3.4e+38 -3.4e+38 -3.4e+38 -3.4e+38 -3.4e+38 -3.4e+38 -3.4e+38 -3.4e+38 -3.4e+38 -3.4e+38
-3.4e+38 -3.4e+38 -3.4e+38 -3.4e+38 -3.4e+38 -3.4e+38 -3.4e+38 -3.4e+38 -3.4e+38 -3.4e+38 -3.4e+38 -3.4e+38 -3.4e+38 -3.4e+38 -3.4e+38 -3.4e+38 -3.4e+38 -3.4e+38 -3.4e+38 -3.4e+38 -3.4e+38 -3.4e+38 -3.4e+38 -3.4e+38 -3.4e+38 -3.4e+38 2.08 2.09 2.1 2.11 2.12 2.14 2.15 2.16 2.17 -3.4e+38 -3.4e+38 -3.4e+38 -3.4e+38 -3.4e+38 -3.4e+38 -3.4e+38 -3.4e+38 -3.4e+38 -3.4e+38 -3.4e+38 -3.4e+38 -3.4e+38 -3.4e+38 -3.4e+38 -3.4e+38 -3.4e+38 -3.4e+38 -3.4e+38 -3.4e+38 -3.4e+38 -3.4e+38 -3.4e+38 -3.4e+38 -3.4e+38 -3.4e+38 -3.4e+38 -3.4e+38 -3.4e+38 -3.4e+38 -3.4e+38 -3.4e+38 -3.4e+38 -3.4e+38 -3.4e+38 -3.4e+38 -3.4e+38
-3.4e+38 -3.4e+38 -3.4e+38 -3.4e+38 -3.4e+38 -3.4e+38 -3.4e+38 -3.4e+38 -3.4e+38 -3.4e+38 -3.4e+38 -3.4e+38 -3.4e+38 -3.4e+38 -3.4e+38 -3.4e+38 -3.4e+38 -3.4e+38 -3.4e+38 -3.4e+38 -3.4e+38 -3.4e+38 -3.4e+38 -3.4e+38 -3.4e+38 -3.4e+38 -3.4e+38 -3.4e+38 2.07 2.08 -3.4e+38 2.1 2.11 2.12 -3.4e+38 -3.4e+38 -3.4e+38 -3.4e+38 -3.4e+38 -3.4e+38 -3.4e+38 -3.4e+38 -3.4e+38 -3.4e+38 -3.4e+38 -3.4e+38 -3.4e+38 -3.4e+38 -3.4e+38 -3.4e+38 -3.4e+38 -3.4e+38 -3.4e+38 -3.4e+38 -3.4e+38 -3.4e+38 -3.4e+38 -3.4e+38 -3.4e+38 -3.4e+38 -3.4e+38 -3.4e+38 -3.4e+38 -3.4e+38 -3.4e+38 -3.4e+38 -3.4e+38 -3.4e+38 -3.4e+38 -3.4e+38 -3.4e+38 -3.4e+38
-3.4e+38 -3.4e+38 -3.4e+38 -3.4e+38 -3.4e+38 -3.4e+38 -3.4e+38 -3.4e+38 -3.4e+38 -3.4e+38 -3.4e+38 -3.4e+38 -3.4e+38 -3.4e+38 -3.4e+38 -3.4e+38 -3.4e+38 -3.4e+38 -3.4e+38 -3.4e+38 -3.4e+38 -3.4e+38 -3.4e+38 -3.4e+38 -3.4e+38 -3.4e+38 -3.4e+38 -3.4e+38 -3.4e+38 -3.4e+38 -3.4e+38 -3.4e+38 -3.4e+38 -3.4e+38 -3.4e+38 -3.4e+38 -3.4e+38 -3.4e+38 -3.4e+38 -3.4e+38 -3.4e+38 -3.4e+38 -3.4e+38 -3.4e+38 -3.4e+38 -3.4e+38 -3.4e+38 -3.4e+38 -3.4e+38 -3.4e+38 -3.4e+38 -3.4e+38 -3.4e+38 -3.4e+38 -3.4e+38 -3.4e+38 -3.4e+38 -3.4e+38 -3.4e+38 -3.4e+38 -3.4e+38 -3.4e+38 -3.4e+38 -3.4e+38 -3.4e+38 -3.4e+38 -3.4e+38 -3.4e+38 -3.4e+38 -3.4e+38 -3.4e+38 -3.4e+38
-3.4e+38 -3.4e+38 -3.4e+38 -3.4e+38 -3.4e+38 -3.4e+38 -3.4e+38 -3.4e+38 -3.4e+38 -3.4e+38 -3.4e+38 -3.4e+38 -3.4e+38 -3.4e+38 -3.4e+38 -3.4e+38 -3.4e+38 -3.4e+38 -3.4e+38 -3.4e+38 -3.4e+38 -3.4e+38 -3.4e+38 -3.4e+38 -3.4e+38 -3.4e+38 -3.4e+38 -3.4e+38 -3.4e+38 -3.4e+38 -3.4e+38 -3.4e+38 -3.4e+38 -3.4e+38 -3.4e+38 -3.4e+38 -3.4e+38 -3.4e+38 -3.4e+38 -3.4e+38 -3.4e+38 -3.4e+38 -3.4e+38 -3.4e+38 -3.4e+38 -3.4e+38 -3.4e+38 -3.4e+38 -3.4e+38 -3.4e+38 -3.4e+38 -3.4e+38 -3.4e+38 -3.4e+38 -3.4e+38 -3.4e+38 -3.4e+38 -3.4e+38 -3.4e+38 -3.4e+38 -3.4e+38 -3.4e+38 -3.4e+38 -3.4e+38 -3.4e+38 -3.4e+38 -3.4e+38 -3.4e+38 -3.4e+38 -3.4e+38 -3.4e+38 -3.4e+38
-3.4e+38 -3.4e+38 -3.4e+38 -3.4e+38 -3.4e+38 -3.4e+38 -3.4e+38 -3.4e+38 -3.4e+38 -3.4e+38 -3.4e+38 -3.4e+38 -3.4e+38 -3.4e+38 -3.4e+38 -3.4e+38 -3.4e+38 -3.4e+38 -3.4e+38 -3.4e+38 -3.4e+38 -3.4e+38 -3.4e+38 -3.4e+38 -3.4e+38 -3.4e+38 -3.4e+38 -3.4e+38 -3.4e+38 -3.4e+38 -3.4e+38 -3.4e+38 -3.4e+38 -3.4e+38 -3.4e+38 -3.4e+38 -3.4e+38 -3.4e+38 -3.4e+38 -3.4e+38 -3.4e+38 -3.4e+38 -3.4e+38 -3.4e+38 -3.4e+38 -3.4e+38 -3.4e+38 -3.4e+38 -3.4e+38 -3.4e+38 -3.4e+38 -3.4e+38 -3.4e+38 -3.4e+38 -3.4e+38 -3.4e+38 -3.4e+38 -3.4e+38 -3.4e+38 -3.4e+38 -3.4e+38 -3.4e+38 -3.4e+38 -3.4e+38 -3.4e+38 -3.4e+38 -3.4e+38 -3.4e+38 -3.4e+38 -3.4e+38 -3.4e+38 -3.4e+38
-3.4e+38 -3.4e+38 -3.4e+38 -3.4e+38 -3.4e+38 -3.4e+38 -3.4e+38 -3.4e+38 -3.4e+38 -3.4e+38 -3.4e+38 -3.4e+38 -3.4e+38 -3.4e+38 -3.4e+38 -3.4e+38 -3.4e+38 -3.4e+38 -3.4e+38 -3.4e+38 -3.4e+38 -3.4e+38 -3.4e+38 -3.4e+38 -3.4e+38 -3.4e+38 -3.4e+38 -3.4e+38 -3.4e+38 -3.4e+38 -3.4e+38 -3.4e+38 -3.4e+38 -3.4e+38 -3.4e+38 -3.4e+38 -3.4e+38 -3.4e+38 -3.4e+38 -3.4e+38 -3.4e+38 -3.4e+38 -3.4e+38 -3.4e+38 -3.4e+38 -3.4e+38 -3.4e+38 -3.4e+38 -3.4e+38 -3.4e+38 -3.4e+38 -3.4e+38 -3.4e+38 -3.4e+38 -3.4e+38 -3.4e+38 -3.4e+38 -3.4e+38 -3.4e+38 -3.4e+38 -3.4e+38 -3.4e+38 -3.4e+38 -3.4e+38 -3.4e+38 -3.4e+38 -3.4e+38 -3.4e+38 -3.4e+38 -3.4e+38 -3.4e+38 -3.4e+38
-3.4e+38 -3.4e+38 -3.4e+38 -3.4e+38 -3.4e+38 -3.4e+38 -3.4e+38 -3.4e+38 -3.4e+38 -3.4e+38 -3.4e+38 -3.4e+38 -3.4e+38 -3.4e+38 -3.4e+38 -3.4e+38 -3.4e+38 -3.4e+38 -3.4e+38 -3.4e+38 -3.4e+38 -3.4e+38 -3.4e+38 -3.4e+38 -3.4e+38 -3.4e+38 -3.4e+38 -3.4e+38 -3.4e+38 -3.4e+38 -3.4e+38 -3.4e+38 -3.4e+38 -3.4e+38 -3.4e+38 -3.4e+38 -3.4e+38 -3.4e+38 -3.4e+38 -3.4e+38 -3.4e+38 -3.4e+38 -3.4e+38 -3.4e+38 -3.4e+38 -3.4e+38 -3.4e+38 -3.4e+38 -3.4e+38 -3.4e+38 -3.4e+38 -3.4e+38 -3.4e+38 -3.4e+38 -3.4e+38 -3.4e+38 -3.4e+38 -3.4e+38 -3.4e+38 -3.4e+38 -3.4e+38 -3.4e+38 -3.4e+38 -3.4e+38 -3.4e+38 -3.4e+38 -3.4e+38 -3.4e+38 -3.4e+38 -3.4e+38 -3.4e+38 -3.4e+38
