maui/input/month_year_rainfall/maui_prcp_08_2001.asc
ncols        361
nrows        320
xllcorner    -156.738000000000
yllcorner    20.343000000000
cellsize     0.002250000000
NODATA_value -3.4028234663852885981e+38
[rows 93 to 123 of 320, columns 71 to 141 of 361]
8.28 8.68 9.09 9.47 9.85 10.2 10.6 10.9 11.2 11.2 11.1 10.9 10.6 10.2 9.8 9.15 8.47 7.7 6.88 5.99 4.97 3.85 2.74 1.61 1.12 0.886 0.82 0.765 0.718 0.669 0.608 0.554 0.508 0.471 0.44 0.415 0.392 0.373 0.353 0.336 0.32 0.306 0.293 0.282 0.273 0.267 0.264 0.262 0.261 0.261 0.263 0.265 0.27 0.276 0.283 0.29 0.297 0.305 0.314 0.324 0.333 0.343 0.352 0.361 0.369 0.378 0.387 0.395 0.403 0.41 0.417
7.58 8.04 8.5 8.95 9.39 9.83 10.3 10.6 10.9 11 11.1 10.9 10.7 10.4 10 9.37 8.68 7.89 7.05 6.11 5.06 3.89 2.77 1.66 1.16 0.887 0.81 0.745 0.697 0.648 0.586 0.531 0.485 0.448 0.417 0.393 0.372 0.353 0.334 0.319 0.305 0.291 0.279 0.268 0.26 0.254 0.251 0.25 0.249 0.249 0.251 0.253 0.258 0.263 0.27 0.277 0.284 0.292 0.301 0.31 0.32 0.329 0.338 0.346 0.355 0.364 0.372 0.38 0.388 0.394 0.401
6.88 7.37 7.89 8.4 8.89 9.38 9.85 10.3 10.6 10.8 10.9 10.9 10.8 10.5 10.1 9.49 8.8 8 7.14 6.18 5.11 3.93 2.81 1.72 1.23 0.916 0.816 0.737 0.683 0.629 0.566 0.51 0.463 0.426 0.395 0.372 0.351 0.333 0.316 0.302 0.289 0.276 0.264 0.255 0.246 0.241 0.238 0.237 0.237 0.238 0.239 0.241 0.246 0.251 0.257 0.264 0.271 0.279 0.288 0.297 0.306 0.316 0.324 0.333 0.341 0.349 0.358 0.365 0.372 0.379 0.385
6.19 6.71 7.27 7.83 8.38 8.91 9.43 9.88 10.3 10.6 10.8 10.8 10.8 10.6 10.2 9.57 8.89 8.07 7.2 6.22 5.14 3.94 2.83 1.75 1.27 0.936 0.819 0.729 0.668 0.61 0.545 0.488 0.44 0.403 0.373 0.35 0.33 0.314 0.299 0.286 0.273 0.262 0.251 0.242 0.234 0.229 0.227 0.226 0.226 0.226 0.228 0.23 0.234 0.239 0.245 0.252 0.259 0.267 0.275 0.284 0.293 0.302 0.311 0.319 0.327 0.335 0.343 0.35 0.357 0.364 0.37
5.51 6.02 6.62 7.21 7.79 8.36 8.92 9.43 9.87 10.2 10.5 10.6 10.7 10.5 10.1 9.5 8.83 8.02 7.15 6.18 5.1 3.92 2.82 1.75 1.28 0.943 0.816 0.714 0.649 0.588 0.522 0.465 0.417 0.38 0.351 0.33 0.311 0.296 0.282 0.269 0.258 0.247 0.238 0.229 0.223 0.218 0.216 0.215 0.215 0.215 0.217 0.219 0.223 0.228 0.234 0.24 0.247 0.255 0.263 0.272 0.281 0.289 0.298 0.306 0.313 0.321 0.328 0.336 0.343 0.349 0.354
4.84 5.34 5.96 6.57 7.19 7.8 8.4 8.95 9.44 9.83 10.2 10.3 10.4 10.3 9.94 9.35 8.72 7.91 7.05 6.09 5.03 3.87 2.79 1.72 1.26 0.93 0.798 0.689 0.623 0.562 0.497 0.44 0.394 0.358 0.33 0.31 0.292 0.278 0.265 0.254 0.243 0.233 0.225 0.217 0.212 0.208 0.205 0.204 0.205 0.205 0.207 0.209 0.213 0.217 0.223 0.229 0.236 0.243 0.251 0.26 0.268 0.277 0.285 0.292 0.3 0.307 0.314 0.322 0.328 0.334 0.339
4.21 4.66 5.28 5.89 6.52 7.14 7.78 8.36 8.88 9.29 9.64 9.82 9.93 9.79 9.54 9.02 8.43 7.66 6.83 5.91 4.89 3.77 2.71 1.66 1.22 0.905 0.77 0.656 0.59 0.531 0.468 0.414 0.37 0.336 0.309 0.29 0.274 0.261 0.249 0.238 0.228 0.22 0.212 0.206 0.201 0.197 0.196 0.195 0.195 0.196 0.198 0.199 0.203 0.207 0.213 0.219 0.225 0.232 0.24 0.248 0.256 0.264 0.272 0.28 0.287 0.294 0.301 0.308 0.315 0.32 0.325
3.62 4.01 4.61 5.2 5.83 6.46 7.13 7.74 8.28 8.71 9.07 9.26 9.38 9.26 9.07 8.61 8.08 7.35 6.56 5.67 4.7 3.64 2.61 1.58 1.16 0.862 0.729 0.614 0.552 0.495 0.438 0.388 0.346 0.314 0.29 0.272 0.256 0.244 0.233 0.224 0.215 0.207 0.2 0.195 0.19 0.187 0.186 0.185 0.186 0.187 0.188 0.19 0.194 0.198 0.203 0.209 0.215 0.222 0.229 0.237 0.245 0.252 0.26 0.267 0.274 0.281 0.288 0.295 0.301 0.306 0.311
3.14 3.43 3.97 4.52 5.12 5.75 6.43 7.04 7.6 8.04 8.4 8.59 8.72 8.63 8.47 8.07 7.6 6.92 6.19 5.36 4.45 3.46 2.48 1.49 1.08 0.8 0.676 0.569 0.51 0.458 0.407 0.361 0.323 0.293 0.27 0.254 0.24 0.229 0.219 0.21 0.202 0.195 0.189 0.184 0.181 0.178 0.177 0.177 0.178 0.178 0.18 0.181 0.185 0.189 0.194 0.2 0.206 0.212 0.219 0.226 0.233 0.241 0.248 0.255 0.262 0.268 0.275 0.282 0.288 0.293 0.298
2.71 2.94 3.39 3.86 4.43 5.03 5.7 6.32 6.89 7.32 7.69 7.89 8.03 7.95 7.83 7.48 7.07 6.45 5.77 5 4.16 3.25 2.32 1.38 0.996 0.733 0.621 0.523 0.47 0.423 0.376 0.335 0.3 0.273 0.252 0.237 0.224 0.215 0.205 0.198 0.19 0.184 0.179 0.175 0.171 0.169 0.168 0.168 0.169 0.17 0.172 0.173 0.177 0.181 0.186 0.191 0.197 0.203 0.209 0.216 0.222 0.229 0.236 0.243 0.249 0.256 0.262 0.269 0.275 0.28 0.285
2.36 2.58 2.9 3.25 3.77 4.33 4.97 5.57 6.13 6.56 6.94 7.14 7.28 7.23 7.13 6.83 6.46 5.91 5.3 4.6 3.83 2.99 2.13 1.26 0.905 0.664 0.565 0.479 0.432 0.388 0.346 0.309 0.278 0.253 0.234 0.221 0.21 0.201 0.193 0.186 0.179 0.174 0.169 0.165 0.162 0.16 0.16 0.159 0.161 0.162 0.164 0.166 0.17 0.173 0.178 0.183 0.188 0.193 0.199 0.205 0.211 0.218 0.224 0.231 0.237 0.243 0.249 0.256 0.262 0.267 0.272
1.98 2.19 2.45 2.74 3.17 3.66 4.26 4.82 5.35 5.78 6.15 6.35 6.51 6.47 6.4 6.14 5.82 5.33 4.79 4.16 3.46 2.71 1.95 1.18 0.855 0.623 0.523 0.437 0.394 0.355 0.318 0.285 0.257 0.235 0.218 0.206 0.196 0.188 0.18 0.174 0.168 0.164 0.159 0.156 0.154 0.152 0.152 0.151 0.153 0.154 0.157 0.159 0.163 0.166 0.171 0.175 0.18 0.184 0.19 0.195 0.201 0.207 0.213 0.219 0.224 0.231 0.237 0.243 0.249 0.254 0.259
1.59 1.77 2.05 2.33 2.63 3.02 3.56 4.08 4.57 4.98 5.33 5.54 5.7 5.68 5.63 5.41 5.14 4.72 4.25 3.69 3.08 2.41 1.77 1.14 0.838 0.604 0.493 0.396 0.359 0.325 0.292 0.262 0.237 0.218 0.202 0.192 0.182 0.176 0.169 0.163 0.158 0.154 0.15 0.148 0.145 0.144 0.144 0.144 0.145 0.147 0.15 0.153 0.156 0.16 0.164 0.167 0.171 0.176 0.18 0.185 0.191 0.196 0.201 0.207 0.212 0.218 0.224 0.231 0.236 0.242 0.247
1.22 1.41 1.65 1.9 2.15 2.48 2.93 3.39 3.84 4.22 4.56 4.75 4.91 4.9 4.88 4.7 4.47 4.12 3.71 3.23 2.7 2.13 1.59 1.05 0.787 0.581 0.465 0.362 0.328 0.297 0.268 0.242 0.219 0.202 0.188 0.178 0.17 0.164 0.158 0.153 0.148 0.145 0.142 0.14 0.138 0.137 0.136 0.136 0.138 0.14 0.143 0.146 0.15 0.153 0.157 0.16 0.163 0.167 0.171 0.176 0.18 0.185 0.19 0.195 0.201 0.207 0.212 0.218 0.224 0.229 0.235
0.874 1.06 1.26 1.46 1.7 1.98 2.34 2.72 3.13 3.48 3.79 3.97 4.11 4.13 4.12 3.98 3.8 3.51 3.17 2.78 2.33 1.85 1.39 0.939 0.724 0.559 0.439 0.332 0.3 0.272 0.246 0.223 0.202 0.186 0.174 0.165 0.158 0.153 0.148 0.143 0.139 0.137 0.134 0.132 0.13 0.13 0.129 0.13 0.131 0.133 0.136 0.138 0.142 0.146 0.15 0.152 0.155 0.158 0.162 0.166 0.17 0.175 0.179 0.184 0.189 0.195 0.201 0.206 0.212 0.217 0.222
0.653 0.79 0.99 1.19 1.38 1.62 1.93 2.25 2.59 2.88 3.15 3.31 3.44 3.46 3.46 3.35 3.21 2.97 2.7 2.38 2.02 1.62 1.25 0.895 0.69 0.517 0.404 0.305 0.275 0.249 0.226 0.205 0.187 0.172 0.161 0.153 0.147 0.142 0.138 0.134 0.131 0.129 0.127 0.125 0.124 0.123 0.123 0.123 0.125 0.127 0.129 0.132 0.135 0.138 0.141 0.143 0.146 0.149 0.152 0.156 0.16 0.164 0.168 0.173 0.177 0.183 0.189 0.195 0.2 0.205 0.21
0.46 0.536 0.749 0.949 1.11 1.3 1.56 1.82 2.07 2.31 2.54 2.67 2.78 2.8 2.82 2.73 2.63 2.45 2.25 2 1.72 1.39 1.12 0.862 0.662 0.473 0.371 0.28 0.254 0.23 0.208 0.189 0.172 0.159 0.148 0.141 0.136 0.132 0.128 0.126 0.123 0.121 0.119 0.118 0.117 0.117 0.117 0.117 0.119 0.12 0.123 0.125 0.127 0.13 0.132 0.135 0.137 0.139 0.143 0.146 0.15 0.154 0.157 0.162 0.166 0.172 0.177 0.183 0.189 0.194 0.199
0.374 0.424 0.565 0.717 0.921 1.13 1.34 1.54 1.74 1.93 2.12 2.24 2.33 2.36 2.37 2.29 2.19 2.06 1.9 1.7 1.48 1.23 1 0.787 0.606 0.431 0.339 0.258 0.234 0.212 0.192 0.174 0.159 0.147 0.138 0.131 0.126 0.123 0.12 0.118 0.116 0.114 0.112 0.111 0.111 0.11 0.111 0.112 0.113 0.115 0.117 0.118 0.12 0.122 0.124 0.126 0.128 0.131 0.133 0.136 0.14 0.143 0.147 0.151 0.155 0.161 0.166 0.172 0.177 0.183 0.187
0.303 0.332 0.408 0.518 0.755 0.965 1.13 1.28 1.43 1.58 1.73 1.83 1.91 1.93 1.94 1.87 1.79 1.69 1.57 1.42 1.26 1.07 0.892 0.714 0.551 0.391 0.309 0.237 0.215 0.195 0.177 0.161 0.147 0.136 0.128 0.122 0.117 0.114 0.111 0.11 0.108 0.107 0.105 0.105 0.104 0.105 0.105 0.106 0.108 0.109 0.111 0.112 0.113 0.115 0.116 0.118 0.12 0.122 0.124 0.127 0.13 0.133 0.137 0.14 0.145 0.15 0.155 0.161 0.166 0.172 0.176
0.264 0.296 0.363 0.455 0.643 0.815 0.96 1.09 1.22 1.33 1.44 1.53 1.6 1.62 1.63 1.58 1.52 1.43 1.33 1.21 1.08 0.937 0.789 0.639 0.496 0.355 0.282 0.217 0.198 0.18 0.165 0.15 0.137 0.127 0.119 0.114 0.11 0.107 0.104 0.103 0.102 0.1 0.0993 0.0987 0.0986 0.0991 0.1 0.101 0.103 0.104 0.105 0.106 0.107 0.108 0.109 0.11 0.112 0.114 0.116 0.118 0.121 0.124 0.127 0.131 0.135 0.14 0.145 0.151 0.156 0.161 0.166
0.232 0.265 0.321 0.395 0.541 0.68 0.809 0.924 1.03 1.11 1.19 1.26 1.33 1.35 1.36 1.33 1.29 1.21 1.12 1.03 0.925 0.815 0.695 0.57 0.445 0.321 0.259 0.204 0.184 0.166 0.153 0.14 0.127 0.118 0.111 0.106 0.102 0.0997 0.0977 0.0964 0.0952 0.0942 0.0935 0.0931 0.0932 0.094 0.0951 0.0963 0.0973 0.0981 0.0989 0.0994 0.1 0.101 0.102 0.103 0.104 0.106 0.108 0.11 0.113 0.116 0.119 0.122 0.126 0.13 0.135 0.141 0.146 0.151 0.155
0.205 0.234 0.277 0.335 0.452 0.569 0.689 0.794 0.885 0.96 1.03 1.08 1.14 1.15 1.17 1.14 1.11 1.05 0.977 0.9 0.816 0.724 0.62 0.511 0.401 0.291 0.246 0.204 0.176 0.153 0.141 0.129 0.118 0.11 0.103 0.0988 0.0948 0.093 0.0915 0.0904 0.0894 0.0886 0.0882 0.0881 0.0885 0.0894 0.0904 0.0914 0.092 0.0925 0.093 0.0933 0.0938 0.0941 0.0949 0.0958 0.0972 0.0987 0.1 0.103 0.105 0.108 0.111 0.114 0.118 0.122 0.127 0.132 0.136 0.141 0.146
0.183 0.209 0.242 0.288 0.379 0.476 0.583 0.677 0.757 0.822 0.877 0.921 0.964 0.981 0.994 0.977 0.952 0.903 0.849 0.786 0.717 0.642 0.555 0.462 0.367 0.273 0.234 0.197 0.168 0.144 0.132 0.121 0.11 0.102 0.0964 0.0921 0.0884 0.087 0.0859 0.085 0.0842 0.0837 0.0835 0.0838 0.0844 0.0852 0.0861 0.0866 0.087 0.0871 0.0874 0.0874 0.0877 0.0879 0.0885 0.0893 0.0906 0.092 0.0936 0.0956 0.0978 0.101 0.103 0.107 0.11 0.114 0.118 0.123 0.128 0.132 0.136
0.163 0.187 0.216 0.253 0.324 0.402 0.493 0.574 0.644 0.701 0.749 0.784 0.816 0.832 0.844 0.832 0.814 0.777 0.735 0.686 0.631 0.57 0.499 0.423 0.345 0.268 0.223 0.182 0.159 0.139 0.126 0.114 0.103 0.0958 0.0901 0.0862 0.083 0.0819 0.0812 0.0805 0.0799 0.0797 0.0797 0.0801 0.0808 0.0816 0.082 0.0821 0.0821 0.082 0.082 0.0818 0.082 0.0821 0.0827 0.0834 0.0844 0.0857 0.0873 0.0892 0.0912 0.0938 0.0964 0.0996 0.103 0.107 0.111 0.115 0.12 0.124 0.128
0.148 0.17 0.194 0.225 0.277 0.338 0.413 0.482 0.545 0.597 0.642 0.672 0.699 0.712 0.723 0.715 0.701 0.672 0.639 0.6 0.554 0.505 0.445 0.382 0.318 0.255 0.211 0.171 0.152 0.134 0.12 0.108 0.0978 0.0905 0.0852 0.0819 0.0794 0.0784 0.0776 0.077 0.0765 0.0764 0.0766 0.0772 0.0778 0.0782 0.0783 0.078 0.0777 0.0772 0.077 0.0768 0.0768 0.0769 0.0775 0.0781 0.0791 0.0803 0.0818 0.0835 0.0853 0.0878 0.0903 0.0933 0.0963 0.0999 0.104 0.108 0.112 0.116 0.12
0.136 0.155 0.176 0.2 0.234 0.278 0.339 0.398 0.456 0.504 0.548 0.577 0.601 0.613 0.622 0.615 0.605 0.581 0.554 0.522 0.485 0.443 0.394 0.34 0.288 0.237 0.199 0.163 0.146 0.129 0.115 0.102 0.0932 0.0864 0.0815 0.079 0.0773 0.0761 0.075 0.0744 0.0739 0.0739 0.0742 0.0748 0.0751 0.0751 0.0748 0.0742 0.0735 0.0726 0.0724 0.0721 0.0722 0.0723 0.0728 0.0734 0.0743 0.0754 0.0768 0.0784 0.0801 0.0824 0.0847 0.0875 0.0903 0.0937 0.0972 0.101 0.105 0.109 0.112
0.127 0.144 0.162 0.182 0.209 0.244 0.292 0.341 0.391 0.435 0.475 0.502 0.526 0.536 0.544 0.539 0.531 0.511 0.489 0.46 0.427 0.391 0.349 0.303 0.259 0.215 0.185 0.157 0.141 0.125 0.11 0.0986 0.0902 0.084 0.0795 -3.4e+38 -3.4e+38 0.0746 0.0736 0.0731 0.0725 0.0726 0.0728 0.0731 0.073 0.0724 0.0717 0.0709 0.0699 0.0688 0.0685 0.0681 0.0682 0.0682 0.0687 0.0692 0.0701 0.0712 0.0725 0.0741 0.0757 0.0778 0.0799 0.0825 0.085 0.0882 0.0914 0.095 0.0985 0.102 0.105
0.119 0.135 0.15 0.166 0.189 0.218 0.256 0.295 0.336 0.373 0.409 0.434 0.457 0.466 0.474 0.47 0.464 0.448 0.429 0.402 0.373 0.341 0.306 0.268 0.23 0.192 0.172 0.152 0.136 0.12 0.107 0.0958 -3.4e+38 -3.4e+38 -3.4e+38 -3.4e+38 -3.4e+38 -3.4e+38 -3.4e+38 -3.4e+38 -3.4e+38 -3.4e+38 0.0719 0.0717 0.071 0.07 0.0689 0.0677 0.0666 0.0654 0.0649 0.0645 0.0645 0.0645 0.0649 0.0654 0.0662 0.0673 0.0686 0.0701 0.0716 0.0736 0.0756 0.0779 0.0802 0.0831 0.086 0.0893 0.0924 0.0954 0.0985
-3.4e+38 -3.4e+38 -3.4e+38 -3.4e+38 -3.4e+38 0.2 0.23 0.262 0.297 0.33 0.362 0.385 0.405 0.413 0.42 0.418 0.413 0.401 0.384 0.361 0.334 0.305 0.274 0.242 0.212 0.182 0.164 0.146 0.131 0.116 0.104 -3.4e+38 -3.4e+38 -3.4e+38 -3.4e+38 -3.4e+38 -3.4e+38 -3.4e+38 -3.4e+38 -3.4e+38 -3.4e+38 -3.4e+38 -3.4e+38 -3.4e+38 0.0695 0.0681 0.0666 0.065 0.0638 0.0626 0.0621 0.0616 0.0615 0.0615 0.0618 0.0622 0.0629 0.0639 0.0652 0.0666 0.0681 0.0699 0.0718 0.0739 0.076 0.0787 0.0814 0.0844 0.0872 0.0899 0.0927
-3.4e+38 -3.4e+38 -3.4e+38 -3.4e+38 -3.4e+38 -3.4e+38 -3.4e+38 0.233 0.262 0.291 0.319 0.338 0.355 0.362 0.368 0.368 0.365 0.355 0.341 0.321 0.298 0.271 0.244 0.218 0.196 0.174 0.157 0.14 0.126 -3.4e+38 -3.4e+38 -3.4e+38 -3.4e+38 -3.4e+38 -3.4e+38 -3.4e+38 -3.4e+38 -3.4e+38 -3.4e+38 -3.4e+38 -3.4e+38 -3.4e+38 -3.4e+38 -3.4e+38 -3.4e+38 -3.4e+38 0.0644 0.0625 0.0612 0.06 0.0594 0.0589 0.0588 0.0587 0.059 0.0592 0.0597 0.0607 0.0621 0.0635 0.0649 0.0665 0.0682 0.0701 0.0721 0.0746 0.0771 0.0798 0.0824 0.0848 0.0872
-3.4e+38 -3.4e+38 -3.4e+38 -3.4e+38 -3.4e+38 -3.4e+38 -3.4e+38 -3.4e+38 -3.4e+38 0.27 0.292 0.308 0.321 0.327 0.332 0.331 0.328 0.32 0.308 0.291 0.272 0.249 0.227 0.205 0.185 0.167 0.151 0.136 0.124 -3.4e+38 -3.4e+38 -3.4e+38 -3.4e+38 -3.4e+38 -3.4e+38 -3.4e+38 -3.4e+38 -3.4e+38 -3.4e+38 -3.4e+38 -3.4e+38 -3.4e+38 -3.4e+38 -3.4e+38 -3.4e+38 -3.4e+38 -3.4e+38 0.06 0.0588 0.0577 0.0571 0.0566 0.0566 0.0565 0.0567 0.0569 0.0572 0.0582 0.0595 0.0609 0.0623 0.0638 0.0654 0.0672 0.069 0.0713 0.0736 0.0762 0.0786 0.0807 0.083
