maui/input/month_year_rainfall/maui_prcp_05_2001.asc
ncols        361
nrows        320
xllcorner    -156.738000000000
yllcorner    20.343000000000
cellsize     0.002250000000
NODATA_value -3.4028234663852885981e+38
[rows 192 to 223 of 320, columns 142 to 212 of 361]
1.13 1.18 1.24 1.31 1.37 1.43 1.49 1.55 1.6 1.65 1.69 1.72 1.75 1.76 1.77 1.77 1.76 1.75 1.73 1.71 1.68 1.64 1.61 1.58 1.55 1.52 1.49 1.46 1.43 1.4 1.38 1.35 1.32 1.29 1.26 1.23 1.21 1.18 1.15 1.12 1.09 1.07 1.04 1.02 0.993 0.967 0.942 0.917 0.892 0.868 0.844 0.821 0.798 0.776 0.754 0.735 0.716 0.699 0.683 0.667 0.653 0.64 0.628 0.617 0.608 0.6 0.594 0.588 0.584 0.581 0.578
1.09 1.14 1.2 1.25 1.31 1.37 1.43 1.48 1.53 1.57 1.61 1.64 1.66 1.68 1.68 1.69 1.68 1.67 1.65 1.63 1.6 1.57 1.54 1.51 1.49 1.46 1.43 1.4 1.37 1.35 1.32 1.3 1.27 1.24 1.21 1.19 1.16 1.13 1.1 1.08 1.05 1.03 1 0.98 0.956 0.933 0.909 0.885 0.862 0.839 0.816 0.794 0.772 0.751 0.731 0.712 0.694 0.677 0.66 0.645 0.631 0.617 0.605 0.594 0.584 0.575 0.568 0.562 0.557 0.553 0.549
1.05 1.1 1.15 1.2 1.25 1.3 1.36 1.4 1.45 1.49 1.53 1.56 1.58 1.59 1.6 1.6 1.6 1.59 1.57 1.55 1.53 1.5 1.47 1.45 1.42 1.4 1.37 1.34 1.32 1.29 1.27 1.24 1.22 1.19 1.16 1.14 1.11 1.08 1.06 1.03 1.01 0.985 0.963 0.942 0.92 0.899 0.876 0.854 0.832 0.811 0.789 0.768 0.747 0.727 0.707 0.689 0.671 0.654 0.638 0.623 0.609 0.595 0.582 0.57 0.56 0.55 0.542 0.535 0.53 0.525 0.52
1.01 1.05 1.1 1.14 1.19 1.24 1.28 1.33 1.37 1.41 1.44 1.47 1.49 1.5 1.51 1.51 1.51 1.5 1.49 1.47 1.45 1.43 1.4 1.38 1.36 1.34 1.31 1.29 1.26 1.24 1.22 1.19 1.17 1.14 1.12 1.09 1.07 1.04 1.01 0.987 0.964 0.945 0.925 0.906 0.886 0.866 0.845 0.824 0.804 0.783 0.763 0.742 0.722 0.703 0.684 0.666 0.648 0.631 0.615 0.6 0.585 0.571 0.558 0.546 0.534 0.522 0.513 0.505 0.499 0.493 0.487
0.965 1.01 1.05 1.09 1.13 1.17 1.21 1.25 1.29 1.32 1.35 1.38 1.4 1.42 1.42 1.43 1.42 1.42 1.41 1.39 1.38 1.36 1.34 1.32 1.3 1.28 1.25 1.23 1.21 1.19 1.17 1.14 1.12 1.1 1.07 1.05 1.02 0.997 0.97 0.944 0.924 0.907 0.889 0.872 0.853 0.834 0.815 0.796 0.776 0.756 0.737 0.718 0.698 0.68 0.662 0.644 0.626 0.609 0.592 0.577 0.562 0.548 0.535 0.522 0.509 0.496 0.485 0.476 0.469 0.462 0.454
0.924 0.961 0.997 1.04 1.07 1.11 1.15 1.18 1.21 1.24 1.27 1.29 1.31 1.33 1.34 1.34 1.34 1.34 1.33 1.32 1.3 1.29 1.27 1.25 1.24 1.22 1.2 1.18 1.16 1.14 1.12 1.09 1.07 1.05 1.03 1 0.981 0.956 0.932 0.908 0.888 0.872 0.856 0.839 0.821 0.804 0.786 0.767 0.749 0.73 0.712 0.693 0.675 0.656 0.638 0.621 0.603 0.586 0.57 0.554 0.538 0.524 0.51 0.496 0.483 0.47 0.457 0.448 0.44 0.431 0.423
0.884 0.917 0.949 0.983 1.02 1.05 1.08 1.11 1.14 1.16 1.19 1.21 1.23 1.24 1.25 1.26 1.26 1.26 1.25 1.24 1.23 1.22 1.21 1.19 1.18 1.16 1.14 1.12 1.1 1.09 1.07 1.05 1.03 1.01 0.985 0.963 0.941 0.919 0.897 0.876 0.857 0.841 0.824 0.808 0.791 0.774 0.757 0.74 0.723 0.705 0.687 0.67 0.652 0.634 0.616 0.598 0.581 0.564 0.548 0.531 0.515 0.5 0.486 0.472 0.458 0.445 0.433 0.422 0.413 0.403 0.394
0.847 0.875 0.904 0.934 0.963 0.992 1.02 1.04 1.07 1.09 1.12 1.14 1.15 1.17 1.18 1.18 1.19 1.19 1.18 1.18 1.17 1.16 1.15 1.13 1.12 1.1 1.09 1.07 1.05 1.04 1.02 1 0.982 0.963 0.944 0.924 0.903 0.883 0.863 0.845 0.827 0.81 0.794 0.778 0.763 0.747 0.73 0.714 0.697 0.68 0.663 0.646 0.628 0.611 0.593 0.576 0.559 0.542 0.525 0.509 0.493 0.478 0.464 0.45 0.436 0.424 0.412 0.401 0.39 0.38 0.371
0.811 0.836 0.861 0.887 0.913 0.938 0.962 0.986 1.01 1.03 1.05 1.07 1.08 1.1 1.11 1.11 1.12 1.12 1.12 1.11 1.11 1.1 1.09 1.08 1.06 1.05 1.04 1.02 1.01 0.99 0.973 0.956 0.939 0.922 0.904 0.886 0.867 0.849 0.831 0.814 0.797 0.781 0.765 0.75 0.735 0.72 0.704 0.688 0.672 0.655 0.639 0.622 0.606 0.588 0.571 0.554 0.537 0.521 0.504 0.488 0.472 0.457 0.443 0.429 0.416 0.403 0.391 0.38 0.369 0.359 0.349
0.778 0.8 0.822 0.845 0.867 0.89 0.912 0.933 0.954 0.973 0.992 1.01 1.02 1.03 1.04 1.05 1.05 1.05 1.05 1.05 1.05 1.04 1.03 1.02 1.01 0.999 0.986 0.973 0.959 0.944 0.929 0.914 0.898 0.882 0.865 0.849 0.832 0.815 0.799 0.783 0.767 0.752 0.737 0.723 0.708 0.693 0.678 0.662 0.647 0.631 0.615 0.599 0.582 0.566 0.549 0.532 0.516 0.499 0.483 0.468 0.452 0.437 0.423 0.41 0.397 0.384 0.372 0.361 0.35 0.34 0.33
0.748 0.767 0.786 0.806 0.825 0.845 0.865 0.884 0.903 0.92 0.936 0.951 0.964 0.974 0.983 0.99 0.994 0.996 0.996 0.995 0.991 0.986 0.978 0.97 0.96 0.95 0.938 0.926 0.914 0.901 0.887 0.873 0.859 0.844 0.829 0.814 0.798 0.783 0.768 0.753 0.739 0.724 0.71 0.696 0.682 0.668 0.653 0.638 0.623 0.607 0.592 0.576 0.56 0.544 0.528 0.511 0.495 0.479 0.463 0.448 0.433 0.419 0.405 0.392 0.379 0.367 0.355 0.344 0.333 0.323 0.313
0.721 0.738 0.754 0.771 0.788 0.805 0.823 0.84 0.856 0.872 0.886 0.9 0.911 0.921 0.929 0.936 0.941 0.944 0.944 0.943 0.94 0.936 0.929 0.922 0.913 0.904 0.894 0.883 0.871 0.86 0.847 0.834 0.821 0.808 0.794 0.781 0.767 0.753 0.739 0.725 0.711 0.698 0.684 0.671 0.657 0.643 0.629 0.615 0.6 0.585 0.57 0.554 0.539 0.523 0.508 0.492 0.476 0.46 0.445 0.43 0.415 0.401 0.388 0.375 0.362 0.35 0.339 0.328 0.317 0.308 0.298
0.697 0.711 0.726 0.741 0.755 0.77 0.785 0.8 0.814 0.828 0.841 0.853 0.864 0.873 0.881 0.888 0.892 0.896 0.896 0.896 0.894 0.89 0.884 0.878 0.87 0.862 0.852 0.842 0.831 0.821 0.809 0.798 0.786 0.774 0.761 0.749 0.736 0.723 0.71 0.697 0.685 0.672 0.659 0.646 0.633 0.62 0.606 0.592 0.578 0.563 0.549 0.534 0.519 0.504 0.489 0.473 0.458 0.443 0.428 0.413 0.399 0.386 0.372 0.36 0.348 0.336 0.325 0.314 0.304 0.295 0.286
0.675 0.688 0.7 0.713 0.725 0.738 0.75 0.763 0.776 0.788 0.799 0.81 0.82 0.829 0.837 0.844 0.848 0.851 0.853 0.853 0.851 0.847 0.842 0.836 0.829 0.822 0.813 0.803 0.794 0.783 0.773 0.763 0.752 0.741 0.73 0.718 0.707 0.695 0.683 0.671 0.659 0.647 0.635 0.623 0.61 0.598 0.585 0.571 0.557 0.543 0.529 0.515 0.5 0.486 0.471 0.456 0.441 0.427 0.412 0.398 0.384 0.371 0.358 0.346 0.334 0.323 0.313 0.303 0.293 0.284 0.276
0.656 0.667 0.678 0.689 0.7 0.711 0.722 0.733 0.744 0.755 0.765 0.775 0.784 0.792 0.799 0.805 0.809 0.812 0.813 0.813 0.811 0.808 0.804 0.798 0.792 0.784 0.776 0.767 0.758 0.749 0.739 0.73 0.72 0.71 0.7 0.689 0.679 0.668 0.656 0.645 0.634 0.623 0.612 0.6 0.589 0.577 0.564 0.551 0.538 0.524 0.511 0.497 0.483 0.469 0.455 0.441 0.427 0.412 0.399 0.385 0.372 0.359 0.347 0.335 0.324 0.314 0.304 0.294 0.285 0.276 0.268
0.639 0.648 0.657 0.666 0.676 0.686 0.695 0.706 0.715 0.725 0.734 0.743 0.751 0.759 0.765 0.77 0.773 0.776 0.777 0.776 0.774 0.771 0.767 0.762 0.756 0.749 0.741 0.733 0.724 0.716 0.707 0.698 0.689 0.68 0.671 0.661 0.651 0.641 0.631 0.62 0.61 0.6 0.59 0.579 0.568 0.556 0.544 0.532 0.519 0.506 0.493 0.48 0.467 0.453 0.439 0.426 0.413 0.399 0.386 0.373 0.361 0.349 0.337 0.326 0.316 0.306 0.296 0.286 -3.4e+38 0.269 -3.4e+38
-3.4e+38 0.633 0.641 0.649 0.657 0.665 0.674 0.683 0.691 0.7 0.708 0.716 0.723 0.729 0.734 0.738 0.741 0.743 0.744 0.743 0.741 0.738 0.734 0.729 0.723 0.717 0.71 0.702 0.694 0.686 0.678 0.67 0.661 0.653 0.644 0.636 0.626 0.617 0.607 0.598 0.588 0.579 0.569 0.559 0.548 0.538 0.526 0.514 0.502 0.49 0.478 0.465 0.453 0.44 0.427 0.414 0.401 0.389 0.376 0.364 0.353 0.341 0.33 0.319 0.309 0.299 -3.4e+38 -3.4e+38 -3.4e+38 -3.4e+38 -3.4e+38
-3.4e+38 0.619 0.625 0.632 0.638 0.646 0.654 0.661 0.668 0.676 0.683 0.69 0.696 0.701 0.705 0.709 0.711 0.712 0.712 0.712 0.709 0.706 0.702 0.698 0.692 0.686 0.679 0.672 0.665 0.657 0.649 0.642 0.634 0.626 0.618 0.611 0.602 0.593 0.584 0.575 0.567 0.559 0.549 0.54 0.53 0.52 0.509 0.498 0.486 0.475 0.463 0.451 0.439 0.427 0.415 0.402 0.391 0.379 0.367 0.356 0.345 0.334 0.324 0.313 -3.4e+38 -3.4e+38 -3.4e+38 -3.4e+38 -3.4e+38 -3.4e+38 -3.4e+38
-3.4e+38 0.607 0.613 0.619 0.624 0.63 0.636 0.643 0.649 0.656 0.662 0.667 0.672 0.676 0.68 0.682 0.684 0.685 0.685 0.684 0.682 0.679 0.675 0.671 0.665 0.66 0.653 0.647 0.639 0.632 0.625 0.618 0.61 0.603 0.596 0.589 0.581 0.573 0.565 0.556 0.549 0.541 0.532 0.523 0.514 0.504 0.494 0.484 0.473 0.462 0.451 0.439 0.428 0.417 0.405 0.394 0.383 0.372 0.361 0.35 0.339 -3.4e+38 -3.4e+38 -3.4e+38 -3.4e+38 -3.4e+38 -3.4e+38 -3.4e+38 -3.4e+38 -3.4e+38 -3.4e+38
-3.4e+38 0.596 0.601 0.606 0.611 0.615 0.62 0.626 0.631 0.636 0.641 0.646 0.649 0.653 0.655 0.657 0.659 0.659 0.659 0.657 0.655 0.653 0.649 0.645 0.64 0.634 0.628 0.622 0.616 0.609 0.601 0.595 0.588 0.582 0.575 0.568 0.561 0.554 0.546 0.539 0.531 0.524 0.516 0.508 0.499 0.49 0.481 0.471 0.46 0.45 0.439 0.429 0.418 0.408 0.397 0.387 0.376 0.365 0.355 0.344 -3.4e+38 -3.4e+38 -3.4e+38 -3.4e+38 -3.4e+38 -3.4e+38 -3.4e+38 -3.4e+38 -3.4e+38 -3.4e+38 -3.4e+38
-3.4e+38 0.587 0.591 0.595 0.599 0.604 0.608 0.612 0.616 0.62 0.624 0.627 0.63 0.633 0.635 0.636 0.637 0.637 0.636 0.635 0.633 0.63 0.626 0.622 0.618 0.613 0.607 0.601 0.595 0.589 0.583 0.576 0.57 0.564 0.558 0.552 0.546 0.539 0.532 0.525 0.518 0.512 0.504 0.496 0.488 0.48 0.471 0.461 0.451 0.441 0.431 0.421 0.411 0.401 0.391 0.381 0.371 0.36 0.35 -3.4e+38 -3.4e+38 -3.4e+38 -3.4e+38 -3.4e+38 -3.4e+38 -3.4e+38 -3.4e+38 -3.4e+38 -3.4e+38 -3.4e+38 -3.4e+38
-3.4e+38 -3.4e+38 0.582 0.585 0.589 0.592 0.596 0.599 0.602 0.605 0.608 0.61 0.613 0.615 0.616 0.616 0.617 0.616 0.615 0.614 0.612 0.609 0.605 0.601 0.597 0.593 0.588 0.582 0.577 0.572 0.566 0.56 0.554 0.549 0.543 0.537 0.531 0.525 0.519 0.513 0.506 0.5 0.493 0.486 0.479 0.471 0.462 0.452 0.443 0.434 0.424 0.414 0.405 0.395 0.385 0.376 -3.4e+38 -3.4e+38 -3.4e+38 -3.4e+38 -3.4e+38 -3.4e+38 -3.4e+38 -3.4e+38 -3.4e+38 -3.4e+38 -3.4e+38 -3.4e+38 -3.4e+38 -3.4e+38 -3.4e+38
-3.4e+38 -3.4e+38 -3.4e+38 0.576 0.579 -3.4e+38 0.585 0.588 0.59 0.593 0.595 0.597 0.598 0.599 0.6 0.6 0.6 0.599 0.598 0.596 0.594 0.591 0.588 0.584 0.58 0.576 0.572 0.567 0.562 0.557 0.552 0.547 -3.4e+38 -3.4e+38 0.531 0.525 0.519 0.514 -3.4e+38 -3.4e+38 -3.4e+38 -3.4e+38 -3.4e+38 -3.4e+38 -3.4e+38 -3.4e+38 -3.4e+38 -3.4e+38 -3.4e+38 -3.4e+38 -3.4e+38 -3.4e+38 -3.4e+38 -3.4e+38 -3.4e+38 -3.4e+38 -3.4e+38 -3.4e+38 -3.4e+38 -3.4e+38 -3.4e+38 -3.4e+38 -3.4e+38 -3.4e+38 -3.4e+38 -3.4e+38 -3.4e+38 -3.4e+38 -3.4e+38 -3.4e+38 -3.4e+38
-3.4e+38 -3.4e+38 -3.4e+38 -3.4e+38 -3.4e+38 -3.4e+38 0.575 0.577 0.579 0.581 0.583 0.584 0.585 0.586 0.586 0.586 0.585 0.584 0.582 0.58 0.578 0.575 0.572 0.569 0.565 0.562 0.558 0.553 0.549 0.544 -3.4e+38 -3.4e+38 -3.4e+38 -3.4e+38 -3.4e+38 0.513 -3.4e+38 -3.4e+38 -3.4e+38 -3.4e+38 -3.4e+38 -3.4e+38 -3.4e+38 -3.4e+38 -3.4e+38 -3.4e+38 -3.4e+38 -3.4e+38 -3.4e+38 -3.4e+38 -3.4e+38 -3.4e+38 -3.4e+38 -3.4e+38 -3.4e+38 -3.4e+38 -3.4e+38 -3.4e+38 -3.4e+38 -3.4e+38 -3.4e+38 -3.4e+38 -3.4e+38 -3.4e+38 -3.4e+38 -3.4e+38 -3.4e+38 -3.4e+38 -3.4e+38 -3.4e+38 -3.4e+38
-3.4e+38 -3.4e+38 -3.4e+38 -3.4e+38 -3.4e+38 -3.4e+38 -3.4e+38 -3.4e+38 -3.4e+38 -3.4e+38 -3.4e+38 -3.4e+38 -3.4e+38 -3.4e+38 -3.4e+38 -3.4e+38 0.571 0.57 0.569 0.567 0.565 0.562 0.559 0.556 0.552 0.549 0.545 -3.4e+38 -3.4e+38 -3.4e+38 -3.4e+38 -3.4e+38 -3.4e+38 -3.4e+38 -3.4e+38 -3.4e+38 -3.4e+38 -3.4e+38 -3.4e+38 -3.4e+38 -3.4e+38 -3.4e+38 -3.4e+38 -3.4e+38 -3.4e+38 -3.4e+38 -3.4e+38 -3.4e+38 -3.4e+38 -3.4e+38 -3.4e+38 -3.4e+38 -3.4e+38 -3.4e+38 -3.4e+38 -3.4e+38 -3.4e+38 -3.4e+38 -3.4e+38 -3.4e+38 -3.4e+38 -3.4e+38 -3.4e+38 -3.4e+38 -3.4e+38 -3.4e+38 -3.4e+38 -3.4e+38 -3.4e+38 -3.4e+38 -3.4e+38
-3.4e+38 -3.4e+38 -3.4e+38 -3.4e+38 -3.4e+38 -3.4e+38 -3.4e+38 -3.4e+38 -3.4e+38 -3.4e+38 -3.4e+38 -3.4e+38 -3.4e+38 -3.4e+38 -3.4e+38 -3.4e+38 -3.4e+38 -3.4e+38 0.557 0.555 0.553 0.55 0.547 -3.4e+38 -3.4e+38 -3.4e+38 -3.4e+38 -3.4e+38 -3.4e+38 -3.4e+38 -3.4e+38 -3.4e+38 -3.4e+38 -3.4e+38 -3.4e+38 -3.4e+38 -3.4e+38 -3.4e+38 -3.4e+38 -3.4e+38 -3.4e+38 -3.4e+38 -3.4e+38 -3.4e+38 -3.4e+38 -3.4e+38 -3.4e+38 -3.4e+38 -3.4e+38 -3.4e+38 -3.4e+38 -3.4e+38 -3.4e+38 -3.4e+38 -3.4e+38 -3.4e+38 -3.4e+38 -3.4e+38 -3.4e+38 -3.4e+38 -3.4e+38 -3.4e+38 -3.4e+38 -3.4e+38 -3.4e+38 -3.4e+38 -3.4e+38 -3.4e+38 -3.4e+38 -3.4e+38 -3.4e+38
-3.4e+38 -3.4e+38 -3.4e+38 -3.4e+38 -3.4e+38 -3.4e+38 -3.4e+38 -3.4e+38 -3.4e+38 -3.4e+38 -3.4e+38 -3.4e+38 -3.4e+38 -3.4e+38 -3.4e+38 -3.4e+38 -3.4e+38 -3.4e+38 -3.4e+38 -3.4e+38 -3.4e+38 -3.4e+38 -3.4e+38 -3.4e+38 -3.4e+38 -3.4e+38 -3.4e+38 -3.4e+38 -3.4e+38 -3.4e+38 -3.4e+38 -3.4e+38 -3.4e+38 -3.4e+38 -3.4e+38 -3.4e+38 -3.4e+38 -3.4e+38 -3.4e+38 -3.4e+38 -3.4e+38 -3.4e+38 -3.4e+38 -3.4e+38 -3.4e+38 -3.4e+38 -3.4e+38 -3.4e+38 -3.4e+38 -3.4e+38 -3.4e+38 -3.4e+38 -3.4e+38 -3.4e+38 -3.4e+38 -3.4e+38 -3.4e+38 -3.4e+38 -3.4e+38 -3.4e+38 -3.4e+38 -3.4e+38 -3.4e+38 -3.4e+38 -3.4e+38 -3.4e+38 -3.4e+38 -3.4e+38 -3.4e+38 -3.4e+38 -3.4e+38
-3.4e+38 -3.4e+38 -3.4e+38 -3.4e+38 -3.4e+38 -3.4e+38 -3.4e+38 -3.4e+38 -3.4e+38 -3.4e+38 -3.4e+38 -3.4e+38 -3.4e+38 -3.4e+38 -3.4e+38 -3.4e+38 -3.4e+38 -3.4e+38 -3.4e+38 -3.4e+38 -3.4e+38 -3.4e+38 -3.4e+38 -3.4e+38 -3.4e+38 -3.4e+38 -3.4e+38 -3.4e+38 -3.4e+38 -3.4e+38 -3.4e+38 -3.4e+38 -3.4e+38 -3.4e+38 -3.4e+38 -3.4e+38 -3.4e+38 -3.4e+38 -3.4e+38 -3.4e+38 -3.4e+38 -3.4e+38 -3.4e+38 -3.4e+38 -3.4e+38 -3.4e+38 -3.4e+38 -3.4e+38 -3.4e+38 -3.4e+38 -3.4e+38 -3.4e+38 -3.4e+38 -3.4e+38 -3.4e+38 -3.4e+38 -3.4e+38 -3.4e+38 -3.4e+38 -3.4e+38 -3.4e+38 -3.4e+38 -3.4e+38 -3.4e+38 -3.4e+38 -3.4e+38 -3.4e+38 -3.4e+38 -3.4e+38 -3.4e+38 -3.4e+38
-3.4e+38 -3.4e+38 -3.4e+38 -3.4e+38 -3.4e+38 -3.4e+38 -3.4e+38 -3.4e+38 -3.4e+38 -3.4e+38 -3.4e+38 -3.4e+38 -3.4e+38 -3.4e+38 -3.4e+38 -3.4e+38 -3.4e+38 -3.4e+38 -3.4e+38 -3.4e+38 -3.4e+38 -3.4e+38 -3.4e+38 -3.4e+38 -3.4e+38 -3.4e+38 -3.4e+38 -3.4e+38 -3.4e+38 -3.4e+38 -3.4e+38 -3.4e+38 -3.4e+38 -3.4e+38 -3.4e+38 -3.4e+38 -3.4e+38 -3.4e+38 -3.4e+38 -3.4e+38 -3.4e+38 -3.4e+38 -3.4e+38 -3.4e+38 -3.4e+38 -3.4e+38 -3.4e+38 -3.4e+38 -3.4e+38 -3.4e+38 -3.4e+38 -3.4e+38 -3.4e+38 -3.4e+38 -3.4e+38 -3.4e+38 -3.4e+38 -3.4e+38 -3.4e+38 -3.4e+38 -3.4e+38 -3.4e+38 -3.4e+38 -3.4e+38 -3.4e+38 -3.4e+38 -3.4e+38 -3.4e+38 -3.4e+38 -3.4e+38 -3.4e+38
-3.4e+38 -3.4e+38 -3.4e+38 -3.4e+38 -3.4e+38 -3.4e+38 -3.4e+38 -3.4e+38 -3.4e+38 -3.4e+38 -3.4e+38 -3.4e+38 -3.4e+38 -3.4e+38 -3.4e+38 -3.4e+38 -3.4e+38 -3.4e+38 -3.4e+38 -3.4e+38 -3.4e+38 -3.4e+38 -3.4e+38 -3.4e+38 -3.4e+38 -3.4e+38 -3.4e+38 -3.4e+38 -3.4e+38 -3.4e+38 -3.4e+38 -3.4e+38 -3.4e+38 -3.4e+38 -3.4e+38 -3.4e+38 -3.4e+38 -3.4e+38 -3.4e+38 -3.4e+38 -3.4e+38 -3.4e+38 -3.4e+38 -3.4e+38 -3.4e+38 -3.4e+38 -3.4e+38 -3.4e+38 -3.4e+38 -3.4e+38 -3.4e+38 -3.4e+38 -3.4e+38 -3.4e+38 -3.4e+38 -3.4e+38 -3.4e+38 -3.4e+38 -3.4e+38 -3.4e+38 -3.4e+38 -3.4e+38 -3.4e+38 -3.4e+38 -3.4e+38 -3.4e+38 -3.4e+38 -3.4e+38 -3.4e+38 -3.4e+38 -3.4e+38
-3.4e+38 -3.4e+38 -3.4e+38 -3.4e+38 -3.4e+38 -3.4e+38 -3.4e+38 -3.4e+38 -3.4e+38 -3.4e+38 -3.4e+38 -3.4e+38 -3.4e+38 -3.4e+38 -3.4e+38 -3.4e+38 -3.4e+38 -3.4e+38 -3.4e+38 -3.4e+38 -3.4e+38 -3.4e+38 -3.4e+38 -3.4e+38 -3.4e+38 -3.4e+38 -3.4e+38 -3.4e+38 -3.4e+38 -3.4e+38 -3.4e+38 -3.4e+38 -3.4e+38 -3.4e+38 -3.4e+38 -3.4e+38 -3.4e+38 -3.4e+38 -3.4e+38 -3.4e+38 -3.4e+38 -3.4e+38 -3.4e+38 -3.4e+38 -3.4e+38 -3.4e+38 -3.4e+38 -3.4e+38 -3.4e+38 -3.4e+38 -3.4e+38 -3.4e+38 -3.4e+38 -3.4e+38 -3.4e+38 -3.4e+38 -3.4e+38 -3.4e+38 -3.4e+38 -3.4e+38 -3.4e+38 -3.4e+38 -3.4e+38 -3.4e+38 -3.4e+38 -3.4e+38 -3.4e+38 -3.4e+38 -3.4e+38 -3.4e+38 -3.4e+38
-3.4e+38 -3.4e+38 -3.4e+38 -3.4e+38 -3.4e+38 -3.4e+38 -3.4e+38 -3.4e+38 -3.4e+38 -3.4e+38 -3.4e+38 -3.4e+38 -3.4e+38 -3.4e+38 -3.4e+38 -3.4e+38 -3.4e+38 -3.4e+38 -3.4e+38 -3.4e+38 -3.4e+38 -3.4e+38 -3.4e+38 -3.4e+38 -3.4e+38 -3.4e+38 -3.4e+38 -3.4e+38 -3.4e+38 -3.4e+38 -3.4e+38 -3.4e+38 -3.4e+38 -3.4e+38 -3.4e+38 -3.4e+38 -3.4e+38 -3.4e+38 -3.4e+38 -3.4e+38 -3.4e+38 -3.4e+38 -3.4e+38 -3.4e+38 -3.4e+38 -3.4e+38 -3.4e+38 -3.4e+38 -3.4e+38 -3.4e+38 -3.4e+38 -3.4e+38 -3.4e+38 -3.4e+38 -3.4e+38 -3.4e+38 -3.4e+38 -3.4e+38 -3.4e+38 -3.4e+38 -3.4e+38 -3.4e+38 -3.4e+38 -3.4e+38 -3.4e+38 -3.4e+38 -3.4e+38 -3.4e+38 -3.4e+38 -3.4e+38 -3.4e+38
