maui/input/month_year_rainfall/maui_prcp_04_2001.asc
ncols        361
nrows        320
xllcorner    -156.738000000000
yllcorner    20.343000000000
cellsize     0.002250000000
NODATA_value -3.4028234663852885981e+38
[rows 96 to 127 of 320, columns 216 to 287 of 361]
19 19.7 20.3 20.9 21.5 22.1 22.6 23 23.4 23.7 23.9 24.2 24.3 24.4 24.4 24.4 24.4 24.4 24.3 24.2 24.1 24 23.8 23.7 23.5 23.3 23.1 22.8 22.5 22.2 21.9 21.5 21.2 20.9 20.6 20.4 20.1 19.8 19.5 19.2 19 18.7 18.4 18.1 17.8 17.5 17.1 16.8 16.3 15.9 15.4 14.8 14.2 13.7 13.2 12.7 -3.4e+38 -3.4e+38 -3.4e+38 -3.4e+38 -3.4e+38 -3.4e+38 -3.4e+38 -3.4e+38 -3.4e+38 -3.4e+38 -3.4e+38 -3.4e+38 -3.4e+38 -3.4e+38 -3.4e+38 -3.4e+38
19.2 19.9 20.6 21.2 21.9 22.4 23 23.4 23.9 24.2 24.5 24.6 24.8 24.9 24.9 25 24.9 24.9 24.8 24.8 24.7 24.6 24.5 24.3 24.2 23.9 23.7 23.4 23.1 22.7 22.4 22.1 21.8 21.5 21.2 20.9 20.7 20.4 20.1 19.9 19.6 19.4 19.2 18.9 18.6 18.4 18.1 17.7 17.3 16.9 16.4 15.9 15.3 14.8 14.3 13.7 13.2 -3.4e+38 -3.4e+38 -3.4e+38 -3.4e+38 -3.4e+38 -3.4e+38 -3.4e+38 -3.4e+38 -3.4e+38 -3.4e+38 -3.4e+38 -3.4e+38 -3.4e+38 -3.4e+38 -3.4e+38
19.3 20.1 20.8 21.5 22.1 22.7 23.3 23.8 24.3 24.6 24.9 25.1 25.3 25.4 25.4 25.5 25.5 25.4 25.4 25.3 25.3 25.2 25.1 25 24.8 24.6 24.3 24 23.7 23.3 23 22.6 22.3 22 21.7 21.4 21.2 21 20.7 20.5 20.3 20.1 19.9 19.7 19.5 19.2 19 18.7 18.3 17.9 17.5 17 16.4 15.9 15.3 14.7 14.2 -3.4e+38 -3.4e+38 -3.4e+38 -3.4e+38 -3.4e+38 -3.4e+38 -3.4e+38 -3.4e+38 -3.4e+38 -3.4e+38 -3.4e+38 -3.4e+38 -3.4e+38 -3.4e+38 -3.4e+38
19.3 20.1 20.9 21.6 22.3 22.9 23.5 24.1 24.5 24.9 25.3 25.5 25.7 25.8 25.9 26 26 26 26 25.9 25.9 25.8 25.7 25.6 25.4 25.2 24.9 24.6 24.2 23.9 23.5 23.1 22.8 22.5 22.2 21.9 21.7 21.5 21.3 21.1 20.9 20.7 20.6 20.4 20.2 20 19.8 19.6 19.3 18.9 18.5 18 17.5 17 16.4 15.8 15.3 14.7 14 -3.4e+38 -3.4e+38 -3.4e+38 -3.4e+38 -3.4e+38 -3.4e+38 -3.4e+38 -3.4e+38 -3.4e+38 -3.4e+38 -3.4e+38 -3.4e+38 -3.4e+38
19.3 20.1 20.9 21.6 22.3 23 23.7 24.2 24.7 25.2 25.5 25.8 26.1 26.2 26.3 26.4 26.5 26.5 26.5 26.5 26.5 26.4 26.3 26.1 26 25.8 25.5 25.2 24.8 24.4 24 23.7 23.3 23 22.7 22.4 22.2 22 21.8 21.6 21.5 21.3 21.2 21.1 21 20.8 20.7 20.4 20.2 19.9 19.5 19 18.6 18 17.5 16.9 16.4 15.7 15.1 14.4 -3.4e+38 -3.4e+38 -3.4e+38 -3.4e+38 -3.4e+38 -3.4e+38 -3.4e+38 -3.4e+38 -3.4e+38 -3.4e+38 -3.4e+38 -3.4e+38
19.1 19.9 20.8 21.6 22.3 23 23.7 24.3 24.9 25.4 25.8 26.1 26.4 26.6 26.7 26.8 26.9 27 27 27 27 26.9 26.8 26.7 26.5 26.3 26.1 25.8 25.4 25 24.5 24.2 23.8 23.5 23.2 22.9 22.6 22.5 22.3 22.1 22 21.9 21.8 21.7 21.6 21.5 21.4 21.3 21 20.8 20.4 20 19.6 19.1 18.5 18 17.4 16.8 16.2 15.5 -3.4e+38 -3.4e+38 -3.4e+38 -3.4e+38 -3.4e+38 -3.4e+38 -3.4e+38 -3.4e+38 -3.4e+38 -3.4e+38 -3.4e+38 -3.4e+38
18.8 19.7 20.6 21.4 22.2 23 23.7 24.4 25 25.5 25.9 26.3 26.6 26.8 27.1 27.2 27.4 27.5 27.6 27.5 27.5 27.4 27.3 27.2 27 26.8 26.6 26.3 25.9 25.5 25 24.6 24.3 23.9 23.6 23.3 23.1 22.9 22.8 22.6 22.5 22.4 22.3 22.3 22.2 22.2 22.1 22 21.8 21.6 21.3 21 20.6 20.1 19.6 19 18.4 17.8 17.2 16.5 15.8 -3.4e+38 -3.4e+38 -3.4e+38 -3.4e+38 -3.4e+38 -3.4e+38 -3.4e+38 -3.4e+38 -3.4e+38 -3.4e+38 -3.4e+38
18.5 19.4 20.3 21.2 22 22.8 23.6 24.3 25 25.5 26 26.4 26.7 27 27.3 27.6 27.8 28 28.1 28.1 28 27.9 27.7 27.6 27.5 27.3 27.1 26.8 26.4 26 25.5 25.1 24.7 24.3 24 23.8 23.5 23.4 23.3 23.1 23 22.9 22.8 22.8 22.8 22.8 22.7 22.7 22.6 22.4 22.2 21.9 21.5 21 20.6 20 19.4 18.8 18.2 17.5 16.8 16.1 -3.4e+38 -3.4e+38 -3.4e+38 -3.4e+38 -3.4e+38 -3.4e+38 -3.4e+38 -3.4e+38 11.2 10.8
18 18.9 19.9 20.8 21.7 22.6 23.4 24.2 24.9 25.5 26 26.4 26.8 27.1 27.5 27.8 28.2 28.6 28.6 28.5 28.4 28.3 28.2 28 27.9 27.7 27.5 27.2 26.9 26.5 26 25.5 25.1 24.7 24.4 24.2 24 23.8 23.7 23.6 23.5 23.4 23.3 23.3 23.3 23.3 23.3 23.3 23.2 23.1 22.9 22.7 22.4 21.9 21.5 20.9 20.3 19.7 19.1 18.4 17.8 17.1 -3.4e+38 -3.4e+38 -3.4e+38 -3.4e+38 -3.4e+38 -3.4e+38 -3.4e+38 12.4 11.9 11.5
17.5 18.5 19.4 20.4 21.3 22.3 23.1 24 24.7 25.3 25.9 26.3 26.8 27.2 27.6 28 28.5 28.9 29 28.9 28.8 28.7 28.5 28.4 28.2 28.1 27.9 27.6 27.3 26.9 26.5 26 25.5 25.1 24.8 24.5 24.3 24.2 24.1 24 23.9 23.8 23.8 23.8 23.8 23.8 23.8 23.8 23.8 23.7 23.6 23.4 23.2 22.8 22.4 21.8 21.3 20.6 20 19.3 18.7 18 17.4 16.7 16.1 15.5 14.9 14.4 13.8 13.2 12.7 12.3
16.9 17.9 18.9 19.9 20.9 21.8 22.8 23.6 24.4 25.1 25.7 26.2 26.6 27.1 27.5 28 28.5 28.9 29.2 29.2 29 28.9 28.8 28.7 28.5 28.3 28.2 27.9 27.7 27.3 26.9 26.4 25.9 25.5 25.1 24.9 24.7 24.5 24.4 24.4 24.3 24.3 24.2 24.2 24.3 24.3 24.3 24.4 24.4 24.3 24.2 24.1 23.9 23.5 23.2 22.7 22.1 21.5 20.9 20.3 19.6 19 18.4 17.7 17.1 16.5 16 15.4 14.8 14.2 13.7 13.2
16.3 17.3 18.3 19.3 20.4 21.4 22.3 23.2 24 24.8 25.4 25.9 26.4 26.9 27.3 27.8 28.3 28.8 29.2 29.3 29.1 28.9 28.9 28.8 28.7 28.5 28.4 28.2 28 27.6 27.3 26.8 26.3 25.9 25.5 25.2 25 24.8 24.7 24.7 24.7 24.6 24.7 24.7 24.7 24.8 24.8 24.9 24.9 24.9 24.8 24.7 24.5 24.2 23.9 23.4 23 22.4 21.8 21.2 20.6 19.9 19.3 18.7 18.2 17.6 17 16.4 15.8 15.3 14.7 14.1
15.6 16.6 17.7 18.7 19.8 20.8 21.8 22.8 23.6 24.4 25 25.5 26 26.5 27 27.5 28 28.4 28.9 29 28.9 28.7 28.8 28.8 28.7 28.6 28.4 28.3 28.1 27.9 27.6 27.1 26.7 26.3 25.9 25.6 25.3 25.2 25.1 25 25 25 25 25.1 25.1 25.2 25.3 25.3 25.3 25.4 25.3 25.2 25.1 24.8 24.5 24.1 23.6 23.1 22.6 22 21.4 20.9 20.4 19.8 19.3 18.7 18.2 17.6 17.1 16.5 15.9 15.3
14.9 16 17 18.1 19.2 20.2 21.3 22.3 23.2 24 24.6 25.1 25.6 26.1 26.5 27 27.4 27.9 28.2 28.4 28.4 28.4 28.5 28.6 28.6 28.6 28.5 28.3 28.2 28 27.8 27.4 27 26.7 26.3 26 25.7 25.5 25.4 25.3 25.3 25.3 25.4 25.4 25.5 25.6 25.7 25.7 25.8 25.8 25.8 25.8 25.6 25.4 25.1 24.7 24.3 23.8 23.3 22.7 22.3 21.8 21.3 20.9 20.4 19.9 19.4 18.8 18.3 17.7 17.1 16.5
14.2 15.2 16.3 17.4 18.5 19.6 20.7 21.7 22.7 23.5 24.1 24.6 25 25.4 25.8 26.3 26.7 27.1 27.5 27.7 27.8 27.9 28.1 28.2 28.3 28.4 28.3 28.2 28.2 28 27.9 27.6 27.3 26.9 26.6 26.3 26.1 25.9 25.8 25.7 25.7 25.7 25.7 25.8 25.9 26 26 26.1 26.2 26.2 26.2 26.2 26.1 25.9 25.6 25.3 24.9 24.4 23.9 23.4 23 22.6 22.3 21.9 21.5 21 20.6 20.1 19.5 19 18.4 17.8
13.4 14.5 15.5 16.6 17.7 18.9 20 21.1 22.2 23.1 23.7 24.1 24.4 24.7 25 25.5 25.9 26.3 26.7 27 27.2 27.4 27.6 27.8 28 28.1 28.1 28.1 28.1 28 27.9 27.7 27.5 27.2 26.9 26.7 26.4 26.3 26.1 26.1 26.1 26 26.1 26.1 26.2 26.3 26.4 26.4 26.5 26.6 26.6 26.6 26.5 26.3 26.1 25.8 25.5 25 24.6 24.1 23.7 23.5 23.2 22.9 22.6 22.2 21.8 21.3 20.8 20.2 19.6 19
12.6 13.6 14.7 15.8 16.9 18.1 19.3 20.4 21.6 22.6 23.2 23.5 23.7 23.9 24.2 24.5 25 25.4 25.8 26.1 26.4 26.7 27 27.2 27.4 27.6 27.8 27.8 27.8 27.8 27.8 27.7 27.5 27.3 27.1 26.9 26.7 26.6 26.5 26.4 26.4 26.4 26.4 26.5 26.5 26.6 26.7 26.8 26.9 26.9 27 26.9 26.9 26.7 26.6 26.3 26 25.6 25.3 24.9 24.6 24.4 24.2 23.9 23.6 23.3 22.9 22.5 22 21.4 20.9 20.3
11.8 12.8 13.8 14.9 16 17.2 18.3 19.6 20.9 22.1 22.5 22.6 22.8 22.9 23.2 23.5 24 24.4 24.8 25.2 25.6 25.9 26.3 26.6 26.8 27.1 27.4 27.5 27.5 27.6 27.7 27.6 27.5 27.4 27.3 27.1 27 26.8 26.7 26.7 26.7 26.7 26.7 26.8 26.9 26.9 27 27.1 27.2 27.3 27.3 27.3 27.2 27.1 27 26.8 26.6 26.3 26 25.7 25.5 25.3 25.1 24.9 24.7 24.4 24 23.6 23.2 22.6 22.1 21.5
11 11.9 12.9 13.9 15 16.1 17.3 18.5 19.8 20.8 21.3 21.5 21.7 21.9 22.2 22.5 22.9 23.3 23.8 24.3 24.7 25.1 25.5 25.8 26.1 26.5 26.8 27 27.1 27.3 27.4 27.4 27.4 27.4 27.3 27.3 27.2 27.1 27 26.9 26.9 26.9 27 27 27.1 27.2 27.3 27.4 27.5 27.6 27.6 27.6 27.6 27.5 27.4 27.3 27.2 27 26.8 26.6 26.4 26.3 26.1 25.9 25.7 25.4 25.1 24.7 24.3 23.8 23.3 22.7
10.1 11 11.9 12.9 13.9 15 16.1 17.2 18.3 19.1 19.7 20.1 20.4 20.7 21 21.3 21.8 22.2 22.7 23.2 23.7 24.2 24.6 25 25.4 25.8 26.1 26.4 26.7 26.9 27.1 27.2 27.3 27.3 27.4 27.3 27.3 27.2 27.2 27.1 27.1 27.1 27.2 27.2 27.3 27.4 27.5 27.6 27.7 27.8 27.9 27.9 27.9 27.9 27.9 27.8 27.8 27.7 27.6 27.4 27.3 27.2 27.1 26.9 26.7 26.5 26.2 25.8 25.4 25 24.4 23.9
9.27 10.1 11 11.9 12.8 13.8 14.8 15.8 16.7 17.5 18.2 18.7 19.1 19.5 19.8 20.2 20.6 21.1 21.6 22.2 22.7 23.2 23.7 24.1 24.6 25 25.4 25.8 26.2 26.5 26.8 26.9 27.1 27.2 27.3 27.3 27.3 27.3 27.3 27.3 27.3 27.3 27.4 27.4 27.5 27.6 27.8 27.9 28 28.1 28.1 28.2 28.3 28.3 28.3 28.3 28.3 28.3 28.3 28.2 28.2 28.1 28 27.9 27.7 27.5 27.2 26.9 26.5 26 25.5 25
8.4 9.17 9.98 10.8 11.7 12.6 13.5 14.4 15.2 16 16.6 17.2 17.7 18.2 18.6 19 19.5 19.9 20.5 21.1 21.6 22.2 22.7 23.2 23.8 24.2 24.7 25.2 25.6 26 26.4 26.6 26.9 27 27.2 27.2 27.3 27.3 27.3 27.3 27.4 27.4 27.5 27.6 27.7 27.8 27.9 28 28.2 28.3 28.4 28.5 28.6 28.7 28.8 28.9 28.9 29 29 29.1 29.1 29 29 28.9 28.7 28.5 28.2 27.9 27.5 27.1 26.6 26
7.54 8.26 9.01 9.8 10.6 11.4 12.3 13.1 13.8 14.5 15.2 15.8 16.3 16.9 17.4 17.8 18.3 18.8 19.4 20 20.6 21.2 21.8 22.3 22.9 23.5 24 24.6 25.1 25.5 25.9 26.3 26.6 26.8 26.9 27 27.1 27.2 27.3 27.4 27.4 27.5 27.6 27.7 27.8 27.9 28 28.2 28.3 28.5 28.6 28.8 28.9 29.1 29.3 29.4 29.6 29.7 29.8 29.9 30 30 29.9 29.9 29.7 29.5 29.2 28.9 28.5 28.1 27.6 27
6.7 7.39 8.1 8.83 9.56 10.3 11.1 11.8 12.5 13.2 13.8 14.4 15 15.6 16.1 16.6 17.2 17.7 18.3 18.9 19.5 20.2 20.8 21.4 22 22.7 23.3 23.9 24.4 24.9 25.4 25.8 26.2 26.4 26.7 26.8 26.9 27.1 27.2 27.3 27.4 27.4 27.5 27.6 27.8 27.9 28.1 28.2 28.4 28.6 28.8 29 29.2 29.5 29.7 29.9 30.2 30.4 30.6 30.7 30.8 30.9 30.9 30.8 30.7 30.5 30.2 29.9 29.5 29 28.5 28
5.92 6.59 7.25 7.92 8.59 9.27 9.93 10.6 11.2 11.9 12.5 13.1 13.7 14.3 14.9 15.4 16 16.6 17.2 17.8 18.5 19.1 19.8 20.5 21.2 21.8 22.5 23.1 23.7 24.3 24.8 25.3 25.7 26.1 26.4 26.5 26.7 26.9 27 27.1 27.3 27.4 27.5 27.6 27.8 27.9 28.1 28.3 28.5 28.7 29 29.3 29.6 29.8 30.2 30.5 30.8 31 31.3 31.5 31.7 31.8 31.9 31.8 31.7 31.5 31.2 30.9 30.4 30 29.5 28.9
5.35 5.91 6.5 7.1 7.7 8.31 8.9 9.49 10.1 10.7 11.3 11.9 12.5 13.1 13.7 14.3 14.9 15.5 16.1 16.8 17.4 18.1 18.8 19.5 20.2 20.9 21.6 22.2 22.9 23.5 24 24.6 25.1 25.5 25.8 26.1 26.3 26.5 26.7 26.9 27 27.1 27.3 27.4 27.6 27.8 28 28.3 28.5 28.8 29.1 29.5 29.8 30.2 30.6 31 31.3 31.7 32 32.3 32.6 32.8 32.9 32.8 32.7 32.5 32.2 31.8 31.4 30.9 30.4 29.8
4.86 5.33 5.83 6.35 6.88 7.42 7.94 8.48 9 9.55 10.1 10.7 11.3 11.9 12.5 13.1 13.8 14.4 15.1 15.8 16.4 17.1 17.8 18.5 19.2 20 20.7 21.4 22 22.6 23.2 23.8 24.4 24.9 25.3 25.6 25.9 26.2 26.4 26.6 26.7 26.9 27.1 27.3 27.5 27.7 28 28.2 28.5 28.9 29.3 29.7 30.1 30.5 31 31.4 31.9 32.3 32.7 33.1 33.5 33.7 33.8 33.9 33.7 33.5 33.1 32.7 32.3 31.8 31.3 30.7
4.41 4.81 5.23 5.69 6.14 6.61 7.07 7.55 8.01 8.51 9.02 9.56 10.1 10.7 11.4 12 12.7 13.4 14.1 14.7 15.4 16.1 16.8 17.5 18.3 19 19.7 20.4 21.1 21.8 22.4 23.1 23.7 24.2 24.7 25.1 25.4 25.7 25.9 26.1 26.4 26.6 26.8 27 27.3 27.5 27.8 28.1 28.5 28.9 29.3 29.8 30.3 30.8 31.3 31.9 32.4 32.9 33.4 33.9 34.4 34.7 34.9 34.9 34.7 34.5 34.1 33.6 33.1 32.6 32.1 31.5
4 4.34 4.7 5.09 5.48 5.89 6.29 6.7 7.11 7.55 8.01 8.51 9.06 9.66 10.3 11 11.7 12.4 13.1 13.7 14.4 15.1 15.8 16.6 17.3 18 18.8 19.5 20.2 20.9 21.6 22.3 23 23.6 24.1 24.5 24.8 25.2 25.4 25.7 26 26.2 26.5 26.7 27 27.4 27.7 28 28.4 28.9 29.4 29.9 30.5 31 31.6 32.3 32.9 33.5 34.1 34.7 35.2 35.6 35.9 35.9 35.7 35.4 35 34.5 34 33.4 32.9 32.3
3.64 3.93 4.24 4.57 4.91 5.26 5.61 5.97 6.33 6.71 7.11 7.55 8.06 8.65 9.31 9.99 10.7 11.4 12.1 12.8 13.5 14.2 14.9 15.6 16.4 17.1 17.9 18.6 19.4 20.1 20.8 21.5 22.2 22.8 23.3 23.8 24.2 24.6 24.9 25.2 25.5 25.8 26.1 26.4 26.8 27.1 27.5 27.9 28.3 28.8 29.4 30 30.6 31.2 31.9 32.6 33.3 34 34.6 35.3 36 36.5 36.9 37 36.7 36.3 35.8 35.3 34.8 34.2 33.6 33
3.32 3.57 3.83 4.12 4.41 4.71 5.01 5.33 5.64 5.98 6.32 6.69 7.12 7.73 8.41 9.09 9.78 10.5 11.2 11.9 12.6 13.3 14 14.7 15.5 16.2 17 17.7 18.5 19.2 20 20.7 21.4 22 22.6 23.1 23.6 24 24.4 24.7 25.1 25.4 25.8 26.1 26.5 26.9 27.3 27.7 28.2 28.8 29.4 30 30.7 31.4 32.1 32.8 33.6 34.3 35.1 35.9 36.6 37.3 37.9 38 37.6 37.1 36.6 36 35.5 34.9 34.3 33.7
3.03 3.25 3.48 3.73 3.98 4.24 4.51 4.79 5.07 5.37 5.67 5.99 6.37 6.97 7.63 8.28 8.95 9.62 10.3 11 11.7 12.4 13.1 13.9 14.6 15.4 16.1 16.9 17.6 18.4 19.2 19.9 20.6 21.2 21.9 22.5 23 23.4 23.8 24.3 24.6 25 25.4 25.8 26.2 26.6 27.1 27.5 28.1 28.7 29.3 30 30.7 31.5 32.2 33 33.8 34.6 35.5 36.3 37.1 37.9 38.6 38.7 38.2 37.8 37.2 36.7 36.1 35.6 35 34.4
