maui/input/gr0_in_month_ascii/gr0_in_nov__maui.asc
ncols        356
nrows        236
xllcorner    -156.702000000000
yllcorner    20.529750000000
cellsize     0.002250000000
NODATA_value  -99.00
[rows 99 to 131 of 236, columns 75 to 149 of 356]
4.58 4.47 4.68 4.91 5.15 5.49 5.84 6.12 6.36 6.41 6.59 6.71 6.80 6.88 6.96 7.03 7.07 7.11 7.16 7.22 7.27 7.22 7.24 7.24 7.24 7.26 7.27 7.27 7.36 7.26 7.25 7.20 7.18 7.17 7.17 7.14 7.13 7.08 7.11 7.00 6.98 6.96 6.93 6.90 6.87 6.90 6.81 6.79 6.78 6.76 6.72 6.69 6.67 6.61 6.90 6.51 6.45 6.44 6.48 6.42 6.40 6.18 6.27 6.25 6.18 6.14 6.12 6.16 6.05 5.92 5.84 5.79 5.74 5.68 5.62
4.08 4.37 4.78 5.11 5.34 5.61 5.89 6.18 6.48 6.54 6.64 6.75 6.83 6.93 6.99 7.05 7.09 7.14 7.27 7.25 7.29 7.27 7.28 7.29 7.28 7.28 7.30 7.29 7.36 7.30 7.25 7.21 7.19 7.18 7.16 7.14 7.17 7.11 7.05 7.02 6.99 7.00 6.91 6.88 6.87 6.79 6.78 6.76 6.73 6.73 6.71 6.68 6.66 6.60 6.55 6.55 6.43 6.41 6.40 6.36 6.33 6.28 6.26 6.24 6.18 6.14 6.17 6.09 5.99 5.93 5.86 5.80 5.70 5.81 5.60
3.92 4.16 4.43 4.70 5.15 5.64 5.99 6.19 6.23 6.74 6.75 6.84 6.89 6.98 7.05 7.09 7.12 7.18 7.34 7.33 7.30 7.39 7.29 7.34 7.31 7.33 7.34 7.41 7.34 7.39 7.04 7.26 7.22 7.20 7.16 7.14 7.14 7.18 7.04 7.00 6.97 6.94 6.90 6.88 6.87 6.82 6.80 6.76 6.76 6.71 6.71 6.67 6.62 6.58 6.53 6.47 6.44 6.38 6.34 6.29 6.24 6.24 6.30 6.20 6.08 6.03 6.02 6.03 5.92 6.01 5.84 5.72 5.67 5.60 5.57
3.89 4.28 4.57 4.95 5.40 5.80 5.96 6.36 6.66 6.67 6.82 6.93 6.98 7.03 7.08 7.13 7.16 7.24 7.27 7.32 7.34 7.36 7.45 7.37 7.33 7.36 7.36 7.37 7.38 7.30 7.26 7.23 7.20 7.20 6.96 7.15 7.13 7.11 7.05 7.01 6.97 6.94 6.89 6.86 6.85 6.81 6.79 6.74 6.69 6.80 6.65 6.63 6.61 6.57 6.53 6.48 6.43 6.16 6.28 6.21 6.17 6.14 6.16 6.14 6.05 5.99 5.95 5.95 5.91 5.92 5.78 5.79 5.68 5.55 5.48
4.13 4.29 4.55 4.88 5.23 5.77 6.03 6.26 6.78 6.72 6.85 6.97 7.05 7.09 7.13 7.17 7.20 7.34 7.11 7.35 7.38 7.40 7.49 7.47 7.38 7.45 7.39 7.40 7.35 7.33 7.27 7.24 7.22 7.19 7.18 7.13 7.13 7.08 7.07 6.97 6.95 6.92 6.91 6.86 6.84 6.79 6.77 6.72 6.70 6.76 6.65 6.54 6.55 6.51 6.49 6.43 6.39 6.32 6.22 6.16 6.13 6.11 6.11 6.08 6.02 5.92 5.90 5.82 5.83 5.72 5.65 5.63 5.68 5.54 5.42
4.18 4.82 4.77 5.14 5.45 5.80 6.00 6.40 6.79 6.81 6.89 7.00 7.07 7.14 7.17 7.26 7.27 7.36 7.32 7.37 7.42 7.49 7.51 7.55 7.45 7.42 7.41 7.41 7.39 7.34 7.29 7.26 7.22 7.19 7.18 7.12 7.08 7.06 7.01 6.99 6.97 6.95 6.87 6.85 6.84 6.78 6.76 6.73 6.72 6.67 6.65 6.62 6.55 6.58 6.59 6.44 6.41 6.32 6.25 6.18 6.10 6.07 5.99 6.01 6.03 5.87 5.81 5.76 5.73 5.70 5.61 5.56 5.52 5.48 5.44
4.39 4.86 4.90 4.90 5.34 5.83 6.07 6.42 6.78 6.94 6.98 7.06 7.14 7.18 7.25 7.28 7.31 7.34 7.39 7.40 7.44 7.41 7.47 7.45 7.42 7.43 7.43 7.50 7.39 7.42 7.31 7.26 7.23 7.20 7.24 7.10 7.11 7.04 6.97 6.95 6.97 6.93 6.90 6.88 6.87 6.83 6.74 6.79 6.71 6.72 6.60 6.57 6.52 6.50 6.46 6.42 6.40 6.15 6.22 6.13 6.02 6.01 6.00 5.93 5.99 5.82 5.79 5.74 5.70 5.98 5.57 5.54 5.47 5.45 5.41
4.20 4.47 4.84 5.29 5.51 5.61 5.87 6.31 6.74 6.91 7.00 7.11 7.18 7.24 7.33 7.37 7.36 7.40 7.44 7.47 7.51 7.51 7.54 7.46 7.48 7.45 7.47 7.45 7.41 7.38 7.30 7.27 7.20 7.21 7.23 7.62 7.12 6.97 6.99 6.95 6.99 6.92 6.87 6.84 6.81 6.77 6.74 6.71 6.68 6.66 6.59 6.54 6.51 6.46 6.43 6.38 6.34 6.28 6.28 6.19 6.04 5.99 5.91 5.91 5.92 5.82 5.70 5.65 5.66 5.60 5.55 5.50 5.43 5.41 5.28
4.29 4.47 4.71 4.84 5.22 5.62 5.86 6.38 6.87 6.98 7.05 7.17 7.24 7.30 7.31 7.70 7.41 7.46 7.48 7.58 7.55 7.53 7.59 7.50 7.48 7.50 7.51 7.46 7.44 7.42 7.30 7.30 7.22 7.19 7.16 7.16 7.50 7.08 6.78 7.02 6.96 6.87 6.83 6.81 6.79 6.76 6.72 6.69 6.66 6.67 6.62 6.62 6.47 6.43 6.47 6.33 6.32 6.28 6.23 6.14 6.19 6.05 5.90 5.82 5.83 5.78 5.67 5.62 5.59 5.53 5.46 5.60 5.47 5.37 5.31
4.49 4.64 4.83 4.97 5.43 5.82 6.24 6.54 6.77 6.99 7.18 7.22 7.08 7.17 7.39 7.42 7.46 7.51 7.54 7.56 7.58 7.57 7.55 7.54 7.54 7.53 7.51 7.52 7.49 7.48 7.41 7.38 7.39 7.01 7.17 7.18 7.13 7.11 6.97 6.96 6.72 6.86 6.84 6.81 6.78 6.78 6.75 6.68 6.64 6.62 6.59 6.51 6.47 6.42 6.36 6.32 6.29 6.19 6.16 6.15 6.07 6.00 5.96 5.85 5.74 5.73 5.66 5.61 5.59 5.54 5.48 5.42 5.35 5.27 5.15
4.92 5.19 5.36 5.63 5.84 6.05 6.26 6.57 6.85 7.07 7.24 7.30 7.33 7.38 7.45 7.49 7.53 7.57 7.59 7.61 7.61 7.60 7.61 7.68 7.57 7.57 7.54 7.54 7.52 7.52 7.21 7.36 7.32 7.27 7.22 7.14 7.12 7.10 7.04 7.00 7.01 6.91 6.87 6.79 6.59 6.74 6.70 6.74 6.65 6.59 6.52 6.54 6.88 6.41 6.34 6.28 6.24 6.02 6.19 6.09 6.05 5.98 5.91 5.84 5.74 5.66 5.66 5.60 5.54 5.48 5.44 5.41 5.26 5.34 5.60
4.45 4.69 4.74 5.05 5.30 5.81 5.97 6.33 6.95 7.09 7.24 7.41 7.49 7.44 7.57 7.58 7.57 7.61 7.66 7.61 7.60 7.64 7.65 7.61 7.61 7.60 7.57 7.56 7.61 7.53 7.44 7.46 7.33 7.30 7.10 7.18 7.15 7.10 7.04 7.02 7.01 6.93 6.89 6.86 6.80 6.75 6.72 6.69 6.65 6.65 6.53 6.47 6.82 6.41 6.34 6.27 6.19 6.13 6.10 6.06 6.00 5.94 5.86 5.81 5.70 5.65 5.62 5.69 5.51 5.46 5.38 5.37 5.35 5.18 5.23
4.78 4.78 5.01 5.28 5.49 5.92 6.35 6.84 7.12 7.21 7.31 7.43 7.46 7.53 7.59 7.66 7.64 7.65 7.69 7.70 7.64 7.68 7.66 7.70 7.66 7.64 7.61 7.58 7.57 7.61 7.55 7.41 7.35 7.30 7.31 7.19 7.18 7.18 7.07 7.05 7.03 6.98 6.91 6.86 6.84 6.80 6.76 6.71 6.64 7.00 6.82 6.49 6.42 6.20 6.30 6.23 6.27 6.19 6.41 6.03 5.98 6.21 5.82 5.76 5.78 5.64 5.58 5.53 5.47 5.46 5.36 5.29 5.31 5.34 5.15
4.64 4.85 4.97 5.23 5.80 6.27 6.48 6.86 7.15 7.22 7.39 7.54 7.54 7.64 7.62 7.64 7.67 7.70 7.73 7.74 7.68 7.71 7.70 7.67 7.66 7.72 7.66 7.57 7.59 7.55 7.50 7.48 7.41 7.34 7.29 7.28 7.20 7.16 7.12 7.11 7.05 6.98 6.95 6.90 6.85 6.76 6.71 6.68 6.58 6.54 6.49 6.42 6.37 6.34 6.30 6.24 6.16 6.22 6.14 5.87 6.07 5.91 5.90 5.83 5.75 5.62 5.58 5.53 5.47 5.39 5.35 5.28 5.32 5.20 5.16
4.78 5.00 5.21 5.34 5.68 6.07 6.62 7.01 7.22 7.36 7.48 7.57 7.62 7.67 7.69 7.68 7.71 7.70 7.74 7.74 7.73 7.71 7.71 7.70 7.68 7.69 7.67 7.67 7.61 7.59 7.51 7.47 7.42 7.37 7.31 7.26 7.22 7.18 7.19 7.12 7.06 6.96 6.91 6.86 6.85 6.74 6.68 6.65 6.60 6.53 6.38 6.35 6.39 6.29 6.24 6.21 6.12 6.07 6.11 5.99 5.92 5.99 5.80 5.66 5.62 5.57 5.50 5.46 5.45 5.37 5.29 5.20 5.18 5.20 5.10
4.91 5.07 5.31 5.55 5.89 6.13 6.47 6.93 7.31 7.43 7.54 7.41 7.68 7.70 7.73 7.69 7.75 7.77 7.77 7.74 7.66 7.74 7.65 7.69 7.68 7.61 7.64 7.62 7.64 7.59 7.51 7.54 7.43 7.37 7.33 7.29 7.24 7.22 7.15 7.03 7.08 7.03 6.95 6.86 6.79 6.69 6.63 6.59 6.56 6.45 6.28 6.25 6.57 6.22 6.15 6.11 6.08 6.08 5.97 6.02 5.88 5.80 5.76 5.70 5.67 5.46 5.47 5.50 5.45 5.35 5.24 5.22 5.04 4.99 4.92
5.01 5.32 5.41 5.61 5.87 6.29 6.71 7.15 7.39 7.49 7.64 7.47 7.71 7.75 7.78 7.75 7.83 7.74 7.75 7.74 7.77 7.83 7.76 7.68 7.73 7.73 7.70 7.63 7.62 7.55 7.55 7.48 7.45 7.37 7.35 7.29 7.23 7.23 7.17 7.08 7.06 6.99 6.93 6.83 6.79 6.67 6.62 6.57 6.42 6.32 6.26 6.18 6.13 6.13 6.09 6.04 6.01 6.04 5.93 5.87 5.84 5.69 5.68 5.64 5.54 5.50 5.46 5.31 5.30 5.22 5.18 5.16 5.10 4.95 4.99
5.12 5.31 5.59 5.82 5.99 6.36 6.76 7.14 7.44 7.57 7.68 7.75 7.74 7.79 7.74 7.86 7.96 7.82 7.84 7.71 7.70 7.68 7.92 7.80 7.73 7.83 7.67 7.68 7.61 7.62 7.57 7.50 7.45 7.44 7.36 7.33 7.28 7.25 7.15 7.07 7.03 7.02 6.86 6.80 6.76 6.70 6.59 6.56 6.47 6.30 6.22 6.13 6.09 6.05 6.03 6.01 5.98 5.94 5.87 5.89 5.77 5.65 5.72 5.58 5.58 5.46 5.36 5.32 5.23 5.16 5.14 5.02 5.02 4.97 4.82
5.28 5.48 5.65 5.95 6.34 6.48 6.81 7.19 7.50 7.66 7.70 7.82 7.85 7.80 7.80 7.80 7.82 7.83 7.99 8.05 7.93 7.78 7.93 7.97 8.03 7.81 7.68 7.58 7.60 7.57 7.57 7.52 7.45 7.42 7.34 7.28 7.32 7.23 7.15 7.09 6.99 6.93 6.86 6.78 6.79 6.62 6.61 6.59 6.43 6.26 6.20 6.13 6.08 6.04 5.98 5.95 5.95 5.89 5.84 5.85 5.78 5.59 5.49 5.53 5.47 5.34 5.39 5.20 5.25 5.15 5.10 5.02 4.93 4.92 4.83
5.50 5.67 5.80 6.03 6.36 6.65 6.91 7.32 7.54 7.81 7.56 7.74 7.75 7.79 7.81 -9999.00 -9999.00 7.87 7.86 7.84 7.85 7.84 7.85 7.83 7.93 7.48 7.86 7.57 7.55 7.61 7.67 7.59 7.50 7.42 7.36 7.33 7.25 7.21 7.15 7.10 7.00 6.93 6.86 6.73 6.68 6.63 6.64 6.54 6.42 6.38 6.35 6.24 6.24 6.03 5.98 5.92 5.91 5.93 5.80 5.70 5.66 5.56 5.59 5.41 5.36 5.38 5.31 5.25 5.20 5.15 5.07 4.97 4.90 4.86 4.78
5.91 5.83 5.97 6.23 6.45 6.89 7.14 7.42 7.78 7.93 7.72 7.76 -9999.00 -9999.00 -9999.00 -9999.00 -9999.00 -9999.00 -9999.00 -9999.00 -9999.00 -9999.00 7.89 7.86 7.85 7.90 7.89 7.71 7.60 7.58 7.61 7.52 7.28 7.44 7.39 7.30 7.24 7.22 7.15 7.11 7.00 6.96 6.88 6.87 6.78 6.68 6.65 6.54 6.48 6.46 6.31 6.22 6.14 6.15 5.97 5.94 5.95 5.81 5.73 5.76 5.55 5.52 5.59 5.44 5.32 5.43 5.22 5.25 5.24 5.11 4.98 4.99 4.94 4.91 4.78
5.80 6.28 6.27 6.41 6.60 6.92 7.28 7.73 7.51 7.65 7.71 -9999.00 -9999.00 -9999.00 -9999.00 -9999.00 -9999.00 -9999.00 -9999.00 -9999.00 -9999.00 -9999.00 -9999.00 -9999.00 7.83 7.80 7.72 7.86 7.68 7.58 7.54 7.44 7.41 7.50 7.41 7.30 7.25 7.24 7.15 7.05 7.02 6.92 6.83 6.75 6.68 6.61 6.58 6.50 6.45 6.38 6.30 6.18 6.17 5.96 5.97 5.97 5.93 5.80 5.74 5.63 5.62 5.54 5.49 5.38 5.29 5.23 5.20 5.17 5.11 5.04 4.96 4.90 4.92 4.95 4.89
6.16 6.24 6.50 6.64 6.79 7.09 7.33 7.65 7.57 -9999.00 -9999.00 -9999.00 -9999.00 -9999.00 -9999.00 -9999.00 -9999.00 -9999.00 -9999.00 -9999.00 -9999.00 -9999.00 -9999.00 -9999.00 -9999.00 -9999.00 7.74 7.68 7.33 7.65 7.70 7.52 7.42 7.32 7.40 7.27 7.24 7.19 7.14 7.05 7.02 6.89 6.79 6.70 6.62 6.55 6.54 6.48 6.42 6.25 6.24 6.19 6.14 6.08 5.92 5.90 5.88 5.80 5.75 5.62 5.61 5.55 5.43 5.34 5.33 5.31 5.21 5.14 5.07 5.09 5.03 5.03 4.91 4.92 4.82
6.30 6.49 6.59 6.84 6.99 7.21 7.54 7.41 7.54 -9999.00 -9999.00 -9999.00 -9999.00 -9999.00 -9999.00 -9999.00 -9999.00 -9999.00 -9999.00 -9999.00 -9999.00 -9999.00 -9999.00 -9999.00 -9999.00 -9999.00 -9999.00 7.66 7.64 7.51 7.64 7.36 7.44 7.27 7.38 7.22 7.26 7.12 7.11 7.07 6.93 6.88 6.81 6.70 6.57 6.52 6.50 6.46 6.38 6.32 6.27 6.27 6.15 6.10 5.94 5.96 5.80 5.74 5.69 5.59 5.59 5.58 5.43 5.28 5.28 5.22 5.30 5.24 5.08 5.00 4.99 4.92 4.93 4.78 4.78
6.71 6.86 6.96 7.23 7.28 7.39 7.37 7.41 -9999.00 -9999.00 -9999.00 -9999.00 -9999.00 -9999.00 -9999.00 -9999.00 -9999.00 -9999.00 -9999.00 -9999.00 -9999.00 -9999.00 -9999.00 -9999.00 -9999.00 -9999.00 -9999.00 -9999.00 7.62 7.55 7.50 7.29 7.43 7.60 7.39 7.26 7.24 7.20 6.99 6.91 6.98 6.84 6.77 6.69 6.51 6.46 6.43 6.38 6.33 6.28 6.20 6.16 6.11 6.05 5.96 5.88 6.26 5.75 5.63 5.64 5.48 5.50 5.47 5.35 5.27 5.24 5.18 5.14 5.05 4.99 4.97 4.82 4.82 4.84 4.79
6.95 7.18 7.17 7.19 7.64 7.36 7.41 -9999.00 -9999.00 -9999.00 -9999.00 -9999.00 -9999.00 -9999.00 -9999.00 -9999.00 -9999.00 -9999.00 -9999.00 -9999.00 -9999.00 -9999.00 -9999.00 -9999.00 -9999.00 -9999.00 -9999.00 -9999.00 -9999.00 -9999.00 7.46 7.38 7.69 7.14 7.19 6.95 6.83 6.78 6.73 7.01 6.87 6.84 6.73 6.62 6.61 6.51 6.43 6.39 6.31 6.26 6.17 6.20 6.08 6.13 6.01 5.94 5.88 5.75 5.65 5.63 5.57 5.51 5.41 5.46 5.21 5.17 5.07 5.08 4.99 4.95 4.98 4.85 4.89 4.82 4.77
7.23 7.37 7.47 7.68 7.78 7.43 -9999.00 -9999.00 -9999.00 -9999.00 -9999.00 -9999.00 -9999.00 -9999.00 -9999.00 -9999.00 -9999.00 -9999.00 -9999.00 -9999.00 -9999.00 -9999.00 -9999.00 -9999.00 -9999.00 -9999.00 -9999.00 -9999.00 -9999.00 -9999.00 -9999.00 7.36 7.19 7.12 7.30 6.93 6.83 6.78 6.71 6.69 6.91 6.94 6.80 6.64 6.54 6.52 6.49 6.41 6.30 6.31 6.21 6.29 6.17 5.97 5.82 5.88 5.74 5.75 5.68 5.69 5.55 5.55 5.54 5.45 5.30 5.22 5.29 5.07 5.13 4.93 5.03 4.89 4.75 4.83 4.77
7.56 7.29 7.38 7.41 7.45 7.48 -9999.00 -9999.00 -9999.00 -9999.00 -9999.00 -9999.00 -9999.00 -9999.00 -9999.00 -9999.00 -9999.00 -9999.00 -9999.00 -9999.00 -9999.00 -9999.00 -9999.00 -9999.00 -9999.00 -9999.00 -9999.00 -9999.00 -9999.00 -9999.00 -9999.00 7.33 7.16 7.09 7.02 6.95 6.85 6.78 6.71 6.70 7.02 6.84 6.88 6.73 6.63 6.65 6.59 6.48 6.43 6.27 6.21 6.11 6.04 5.89 5.91 5.79 5.70 5.65 5.61 5.60 5.53 5.45 5.39 5.29 5.21 5.24 5.09 5.05 4.96 5.05 4.96 4.85 4.88 4.75 4.57
7.33 7.40 -9999.00 -9999.00 -9999.00 -9999.00 -9999.00 -9999.00 -9999.00 -9999.00 -9999.00 -9999.00 -9999.00 -9999.00 -9999.00 -9999.00 -9999.00 -9999.00 -9999.00 -9999.00 -9999.00 -9999.00 -9999.00 -9999.00 -9999.00 -9999.00 -9999.00 -9999.00 -9999.00 -9999.00 -9999.00 7.27 7.65 7.09 7.04 6.90 6.85 6.78 6.81 6.67 6.87 6.76 6.72 6.78 6.61 6.49 6.50 6.53 6.43 6.33 6.18 6.11 6.07 5.95 5.90 5.87 5.72 5.69 5.69 5.56 5.50 5.42 5.28 5.21 5.30 5.16 5.08 4.95 5.11 5.02 4.87 4.80 4.74 4.58 4.67
-9999.00 -9999.00 -9999.00 -9999.00 -9999.00 -9999.00 -9999.00 -9999.00 -9999.00 -9999.00 -9999.00 -9999.00 -9999.00 -9999.00 -9999.00 -9999.00 -9999.00 -9999.00 -9999.00 -9999.00 -9999.00 -9999.00 -9999.00 -9999.00 -9999.00 -9999.00 -9999.00 -9999.00 -9999.00 -9999.00 -9999.00 7.30 7.22 7.61 7.06 6.92 7.28 7.10 7.01 6.88 6.82 6.76 6.72 6.64 6.60 6.63 6.52 6.47 6.43 6.32 6.28 6.09 5.98 5.94 5.85 5.78 5.80 5.64 5.71 5.60 5.56 5.47 5.41 5.30 5.19 5.09 4.94 5.09 5.00 4.95 4.81 4.78 4.69 4.70 4.57
-9999.00 -9999.00 -9999.00 -9999.00 -9999.00 -9999.00 -9999.00 -9999.00 -9999.00 -9999.00 -9999.00 -9999.00 -9999.00 -9999.00 -9999.00 -9999.00 -9999.00 -9999.00 -9999.00 -9999.00 -9999.00 -9999.00 -9999.00 -9999.00 -9999.00 -9999.00 -9999.00 -9999.00 -9999.00 -9999.00 -9999.00 -9999.00 7.27 7.12 7.05 6.96 6.98 7.23 7.11 7.14 7.05 6.78 6.89 6.77 6.66 6.52 6.47 6.32 6.35 6.19 6.25 6.15 6.11 5.94 5.87 5.85 5.80 5.85 5.71 5.63 5.40 5.45 5.32 5.30 5.16 5.24 5.02 4.90 4.87 4.87 4.82 4.69 4.59 4.50 4.54
-9999.00 -9999.00 -9999.00 -9999.00 -9999.00 -9999.00 -9999.00 -9999.00 -9999.00 -9999.00 -9999.00 -9999.00 -9999.00 -9999.00 -9999.00 -9999.00 -9999.00 -9999.00 -9999.00 -9999.00 -9999.00 -9999.00 -9999.00 -9999.00 -9999.00 -9999.00 -9999.00 -9999.00 -9999.00 -9999.00 -9999.00 -9999.00 7.28 7.36 7.06 6.99 6.90 7.27 7.10 7.09 6.97 6.86 6.74 6.79 6.67 6.52 6.51 6.38 6.37 6.21 6.21 6.16 6.08 6.01 5.88 5.82 5.78 5.68 5.72 5.50 5.41 5.42 5.27 5.31 5.07 5.05 5.01 4.96 4.89 4.70 4.66 4.70 4.53 4.63 4.57
-9999.00 -9999.00 -9999.00 -9999.00 -9999.00 -9999.00 -9999.00 -9999.00 -9999.00 -9999.00 -9999.00 -9999.00 -9999.00 -9999.00 -9999.00 -9999.00 -9999.00 -9999.00 -9999.00 -9999.00 -9999.00 -9999.00 -9999.00 -9999.00 -9999.00 -9999.00 -9999.00 -9999.00 -9999.00 -9999.00 -9999.00 -9999.00 7.29 7.24 7.69 7.03 7.02 7.24 7.21 6.96 6.97 6.96 6.96 6.76 6.75 6.53 6.40 6.34 6.26 6.14 6.25 6.00 6.07 5.94 5.93 5.80 5.80 5.82 5.74 5.52 5.43 5.41 5.25 5.20 5.07 5.23 4.95 4.97 4.84 4.77 4.79 4.75 4.60 4.47 4.44
