maui/input/gr0_in_month_ascii/gr0_in_oct__maui.asc
ncols        356
nrows        236
xllcorner    -156.702000000000
yllcorner    20.529750000000
cellsize     0.002250000000
NODATA_value  -99.00
[rows 66 to 98 of 236, columns 150 to 224 of 356]
8.53 8.46 8.52 8.45 8.48 8.36 8.30 8.22 8.31 8.03 8.02 7.77 7.75 7.61 7.62 7.75 7.58 7.61 7.42 7.43 7.11 6.83 7.45 7.67 7.13 7.04 7.30 6.89 7.03 7.01 7.31 7.39 6.97 7.07 6.52 6.52 6.84 6.97 6.75 6.69 6.76 6.77 6.65 7.22 7.07 7.09 7.07 7.00 7.25 7.01 7.13 7.36 6.72 7.36 6.90 7.34 7.40 7.53 7.70 7.57 7.77 7.84 8.05 8.07 7.76 8.18 7.70 7.90 -9999.00 -9999.00 -9999.00 -9999.00 -9999.00 -9999.00 -9999.00
8.47 8.41 8.31 8.36 8.40 8.32 8.24 8.19 8.02 7.91 7.77 7.71 7.61 7.52 7.45 7.77 7.43 7.49 7.11 7.45 7.35 7.47 7.19 7.21 7.34 7.00 7.14 7.18 7.05 6.96 7.17 6.91 6.86 7.00 6.88 6.81 6.66 6.73 6.62 6.62 6.25 6.77 6.64 6.74 7.00 6.75 6.81 6.95 6.85 6.86 7.11 7.04 7.12 7.29 6.96 7.10 7.32 7.34 7.27 7.50 7.66 7.78 7.85 7.37 7.87 7.96 7.45 7.82 -9999.00 -9999.00 -9999.00 -9999.00 -9999.00 -9999.00 -9999.00
8.41 8.30 8.26 8.30 8.18 8.20 8.10 8.04 7.99 7.80 7.66 7.70 7.43 7.41 7.33 7.63 7.49 7.41 6.71 7.01 7.01 7.10 7.05 6.90 7.01 7.21 6.88 6.88 6.94 6.74 7.08 7.10 6.81 6.38 6.79 6.71 6.69 6.21 6.58 6.61 6.42 6.59 6.42 6.80 6.77 6.68 6.64 6.76 6.69 6.91 6.84 6.94 6.90 7.15 6.93 7.06 7.12 7.26 7.27 7.32 7.36 7.50 7.60 7.72 7.77 7.80 7.40 7.69 -9999.00 -9999.00 -9999.00 -9999.00 -9999.00 -9999.00 -9999.00
8.34 8.04 8.18 8.16 8.04 8.09 7.98 7.90 7.78 7.66 7.57 7.55 7.40 7.32 7.27 7.32 7.29 7.22 7.20 7.06 6.95 6.91 6.92 6.76 6.70 6.99 6.81 6.75 6.97 6.55 6.83 6.63 6.98 6.68 6.73 6.71 6.64 6.49 6.40 6.23 6.31 6.42 6.75 6.61 6.67 6.59 6.63 6.61 6.65 6.73 6.64 6.73 6.78 7.05 7.05 6.84 6.96 6.98 7.24 7.03 7.24 7.28 7.33 7.70 7.83 7.62 7.54 7.59 7.57 7.58 -9999.00 -9999.00 -9999.00 -9999.00 -9999.00
8.27 7.99 8.14 8.05 7.92 7.90 7.86 7.81 7.75 7.58 7.41 7.33 7.30 7.20 7.17 7.07 7.82 7.04 7.02 6.88 6.84 6.83 7.08 6.84 6.61 6.96 6.76 6.65 6.88 6.57 6.75 6.47 6.55 6.75 6.55 6.21 6.53 6.44 6.39 6.14 6.32 6.48 6.42 6.58 6.68 6.49 6.65 6.36 6.52 6.61 6.52 6.52 6.77 6.64 6.93 6.70 7.01 7.03 6.89 6.88 7.09 7.28 7.22 7.44 7.65 7.71 7.95 7.29 7.40 7.53 7.58 7.59 -9999.00 -9999.00 -9999.00
8.44 8.18 8.05 8.00 7.89 7.74 7.76 7.61 7.50 7.63 7.27 7.10 7.17 6.93 6.96 6.99 6.98 6.54 6.76 6.66 6.57 6.66 6.64 6.80 6.55 6.99 6.55 6.58 6.77 6.54 6.65 6.32 6.35 6.47 6.41 6.44 6.49 6.35 6.32 6.26 6.42 6.65 6.47 6.40 6.44 6.34 6.48 6.25 6.32 6.44 6.36 6.53 6.49 6.39 6.75 6.54 6.65 6.69 6.93 6.79 6.77 7.18 7.02 7.13 7.01 7.33 7.30 7.27 7.84 7.66 7.72 7.55 7.57 -9999.00 -9999.00
8.22 8.12 7.94 7.81 7.79 7.78 7.60 7.44 7.35 7.31 7.16 7.03 7.03 6.99 6.82 6.80 6.71 7.09 6.49 6.45 6.33 6.42 6.47 6.60 6.48 6.60 6.79 6.52 6.56 6.48 6.55 6.37 6.28 6.30 6.38 6.31 6.31 6.30 6.18 6.14 6.00 6.43 6.56 6.14 6.24 6.28 6.27 6.21 6.32 6.36 6.22 6.25 6.41 6.26 6.57 6.49 6.52 6.41 6.49 6.63 6.64 6.84 7.15 6.76 6.99 7.09 7.28 7.30 7.38 7.80 7.80 7.09 7.55 7.55 -9999.00
8.16 8.04 7.93 7.73 7.70 7.56 7.47 7.47 7.25 7.13 7.36 6.96 6.88 6.80 6.69 6.64 6.64 6.61 6.78 6.40 6.16 6.24 6.34 6.47 6.51 6.42 6.47 6.37 6.38 6.49 6.23 5.84 6.14 6.35 6.34 6.11 6.28 6.20 6.06 5.97 5.91 6.27 6.34 6.16 6.17 6.10 6.24 5.99 6.12 6.20 6.16 6.09 6.23 6.11 6.41 6.29 6.35 6.39 6.31 6.51 6.56 6.54 6.86 6.64 6.86 6.96 7.20 7.02 7.51 7.06 7.57 7.41 7.82 7.53 7.63
8.08 7.97 7.72 7.66 7.68 7.31 7.39 7.32 7.17 7.06 6.98 7.18 7.01 6.70 6.70 6.55 6.51 6.75 7.23 6.59 6.16 6.12 6.55 6.25 6.46 6.38 6.44 6.20 6.21 6.28 6.16 6.25 6.00 6.30 6.16 5.97 6.06 6.00 5.91 5.89 6.06 5.85 6.20 5.99 6.07 5.79 5.92 5.98 5.92 6.01 6.14 5.93 5.97 5.82 6.27 6.14 6.01 6.11 6.21 6.32 6.19 6.36 6.45 6.68 6.54 6.66 6.83 6.84 7.43 7.33 7.18 7.23 7.31 7.62 8.14
7.98 7.91 7.71 7.55 7.45 7.38 7.34 7.15 7.03 6.89 6.73 6.82 6.81 6.68 6.54 6.58 6.47 6.44 6.95 6.46 6.42 6.34 6.37 6.33 6.29 6.09 6.11 6.36 5.77 5.97 6.06 6.07 5.84 6.21 6.10 5.89 5.91 5.96 5.83 5.81 5.96 5.86 6.11 5.88 5.86 5.70 5.78 5.84 5.84 6.05 5.82 5.83 5.72 5.87 5.98 5.90 5.85 5.97 5.97 6.02 6.09 6.01 6.20 6.42 6.58 6.58 6.61 6.72 6.93 7.07 7.02 7.26 7.10 7.57 7.70
7.92 7.81 7.79 7.82 7.42 7.33 7.24 7.10 6.87 6.80 6.66 6.65 6.65 6.56 6.58 6.44 6.41 6.36 6.27 6.39 6.35 6.35 6.19 6.14 6.10 6.01 6.01 6.23 6.08 5.90 6.01 5.91 5.94 5.85 5.96 5.84 5.81 5.68 5.69 5.84 6.12 5.65 5.92 5.68 5.66 5.65 5.67 5.64 5.82 5.80 5.72 5.65 5.84 5.61 5.88 5.62 5.76 5.78 5.82 5.80 6.05 5.91 6.09 6.25 6.38 6.41 6.49 6.74 6.74 6.71 6.75 6.94 6.90 7.51 8.13
7.82 7.84 7.64 7.53 7.70 7.33 7.14 6.98 6.93 6.84 7.01 6.73 6.61 6.47 6.40 6.34 6.28 6.29 6.51 6.26 6.21 6.18 6.04 6.18 6.02 6.01 5.98 6.01 6.08 5.90 5.91 5.76 5.85 5.70 5.95 5.87 5.66 5.57 5.61 5.77 5.77 5.64 5.72 5.85 5.56 5.44 5.57 5.60 5.49 5.57 5.53 5.49 5.63 5.56 5.55 5.50 5.47 5.56 5.68 5.67 5.74 5.71 5.98 6.12 6.18 6.11 6.44 6.51 6.64 6.61 6.70 6.97 6.96 6.86 8.02
7.77 7.68 7.54 7.41 7.28 7.38 7.10 7.00 6.88 6.73 6.77 6.66 6.52 6.38 6.30 6.25 6.16 6.18 6.89 6.09 6.08 6.01 6.06 6.07 6.11 5.93 5.84 5.90 5.88 5.80 5.76 5.67 5.62 5.75 5.75 5.82 5.53 5.53 5.60 5.56 5.78 5.50 5.70 5.72 5.61 5.35 5.29 5.51 5.41 5.49 5.30 5.31 5.45 5.48 5.36 5.40 5.38 5.40 5.48 5.61 5.47 5.69 5.77 5.89 6.03 6.16 6.30 6.40 6.50 6.46 6.45 6.83 6.85 7.25 6.85
7.57 7.54 7.47 7.30 7.22 7.22 7.21 6.98 6.84 6.72 6.62 6.50 6.48 6.38 6.15 6.17 6.05 6.06 6.20 5.99 5.92 5.90 5.88 5.91 5.97 5.76 5.86 5.92 5.91 5.70 5.68 5.65 5.50 5.62 5.77 5.56 5.48 5.41 5.43 5.39 5.65 5.41 5.53 5.40 5.47 5.12 5.13 5.34 5.16 5.28 5.23 5.23 5.24 5.24 5.33 5.31 5.18 5.22 5.30 5.47 5.38 5.55 5.69 5.74 5.86 5.94 6.00 6.23 6.24 6.13 6.69 6.60 6.68 6.89 6.95
7.49 7.41 7.30 7.20 7.11 7.10 6.93 6.85 6.78 6.75 6.69 6.47 6.37 6.37 6.17 6.10 6.01 6.57 6.14 6.05 5.86 5.80 5.76 5.78 5.79 5.89 5.65 5.77 5.73 5.64 5.58 5.55 5.41 5.32 5.44 5.43 5.49 5.31 5.32 5.30 5.35 5.44 5.26 5.14 5.20 5.04 5.10 5.08 5.06 5.09 5.05 5.09 5.18 5.11 5.08 5.18 5.11 5.12 5.16 5.31 5.24 5.24 5.56 5.48 5.75 5.71 5.82 5.91 6.11 5.97 6.24 6.38 6.33 6.72 6.67
7.35 7.28 7.23 7.16 7.06 6.97 6.80 6.82 6.71 6.52 6.54 6.64 6.33 6.26 6.15 6.07 6.01 5.88 6.33 5.94 5.85 5.77 5.72 5.72 5.72 5.57 5.74 5.79 5.57 5.44 5.47 5.39 5.35 5.25 5.31 5.26 5.24 5.12 5.20 5.18 5.51 5.07 5.24 5.05 5.35 4.99 4.96 4.96 4.93 5.01 4.97 4.92 5.02 4.94 4.99 5.00 4.96 4.96 4.98 5.00 5.14 5.20 5.42 5.42 5.41 5.57 5.62 5.78 6.01 6.04 6.08 6.18 6.16 6.22 6.46
7.30 7.26 7.17 7.08 6.95 6.92 6.91 6.64 6.57 6.54 6.40 6.55 6.30 6.21 6.18 5.97 6.02 5.93 5.89 5.92 5.69 5.69 5.57 5.51 5.59 5.42 5.64 5.55 5.48 5.40 5.42 5.34 5.20 5.15 5.19 5.22 5.22 5.13 5.07 5.05 5.30 5.20 5.09 4.93 5.06 5.04 4.82 4.90 4.78 4.94 4.82 4.78 4.94 4.86 4.85 4.88 4.83 4.82 4.91 4.87 5.08 5.06 5.28 5.36 5.38 5.48 5.51 5.68 5.72 5.84 5.88 5.72 6.06 6.09 6.33
7.19 7.14 7.06 6.96 6.86 6.78 6.69 6.65 6.52 6.44 6.41 6.00 6.45 6.33 6.05 5.95 5.92 5.82 5.82 5.80 6.00 5.59 5.58 5.45 5.41 5.47 5.53 5.54 5.39 5.38 5.21 5.29 5.22 5.12 5.15 5.15 5.12 4.92 4.97 4.98 5.16 5.17 4.86 4.84 4.77 4.89 4.77 4.74 4.65 4.79 4.67 4.70 4.64 4.67 4.72 4.70 4.66 4.68 4.76 4.83 4.95 4.98 5.15 5.09 5.17 5.36 5.32 5.55 5.57 5.60 5.69 5.56 5.82 5.89 6.12
7.41 7.15 6.97 6.88 6.82 6.70 6.58 6.57 6.47 6.33 6.45 5.82 5.75 6.08 5.98 5.88 5.76 5.89 5.72 5.75 5.62 5.77 5.64 5.47 5.49 5.42 5.51 5.41 5.37 5.22 5.23 5.16 5.14 5.04 4.95 5.15 4.99 4.94 4.98 4.92 4.99 5.00 4.86 4.69 4.85 4.75 4.83 4.56 4.55 4.55 4.52 4.61 4.53 4.50 4.52 4.50 4.48 4.49 4.63 4.58 4.84 4.90 5.04 5.18 5.07 4.99 5.07 5.25 5.14 5.36 5.44 5.35 5.66 5.85 5.80
7.16 7.08 6.86 6.99 6.71 6.63 6.53 6.43 6.41 6.29 5.95 6.48 6.11 6.21 5.95 5.97 5.86 5.76 5.70 5.66 5.53 5.48 5.79 5.61 5.43 5.34 5.46 5.27 5.38 5.16 5.10 5.10 5.05 4.98 4.81 5.03 4.91 4.90 4.88 4.79 4.91 4.75 4.84 4.65 4.59 4.69 4.69 4.46 4.48 4.44 4.36 4.48 4.48 4.37 4.41 4.32 4.39 4.42 4.42 4.57 4.70 4.87 4.85 4.85 4.96 4.91 4.85 5.02 5.08 5.13 5.29 5.23 5.53 5.50 5.72
7.02 7.10 6.88 6.76 6.66 6.66 6.49 6.40 6.30 6.14 6.16 6.13 6.02 5.95 5.93 5.84 5.81 5.76 5.67 5.57 5.59 5.54 5.39 5.38 5.57 5.39 5.26 5.15 5.25 5.14 5.03 4.97 5.04 4.96 4.72 4.96 4.82 4.73 4.80 4.80 4.68 4.71 4.72 4.61 4.48 4.66 4.74 4.40 4.50 4.36 4.19 4.28 4.30 4.30 4.36 4.32 4.34 4.35 4.42 4.45 4.60 4.64 4.82 4.76 4.77 4.89 4.85 4.80 4.93 5.06 5.01 5.23 5.35 5.40 5.52
6.96 6.88 6.87 6.71 6.57 6.48 6.57 6.39 6.30 6.16 6.02 5.98 5.95 5.89 5.79 5.95 5.74 5.68 5.62 5.57 5.47 5.40 5.44 5.30 5.40 5.41 5.31 5.18 5.18 5.03 4.89 4.74 4.96 4.86 4.87 4.72 4.62 4.68 4.68 4.68 4.60 4.50 4.53 4.73 4.42 4.36 4.57 4.33 4.31 4.30 4.16 4.20 4.22 4.23 4.26 4.24 4.22 4.28 4.36 4.47 4.48 4.54 4.50 4.60 4.67 4.73 4.74 4.72 4.75 4.78 4.84 5.13 5.17 5.32 5.51
7.07 6.87 6.74 6.58 6.54 6.45 6.49 6.43 6.19 6.14 6.00 5.89 5.85 5.82 5.89 5.81 5.77 5.62 5.59 5.58 5.44 5.34 5.31 5.44 5.27 5.34 5.15 5.25 5.01 5.00 4.96 4.82 4.82 4.69 4.68 4.59 4.66 4.58 4.47 4.56 4.49 4.41 4.47 4.66 4.32 4.31 4.22 4.47 4.17 4.17 4.10 4.03 4.13 4.11 4.12 4.11 4.14 4.19 4.20 4.30 4.35 4.31 4.52 4.48 4.58 4.61 4.57 4.61 4.65 4.76 4.83 5.00 4.96 5.12 5.03
6.89 6.80 6.66 6.55 6.47 6.41 6.36 6.40 6.19 6.23 5.99 5.86 5.79 5.75 5.64 5.58 5.61 5.63 5.50 5.45 5.47 5.34 5.24 4.89 4.97 5.20 5.10 5.05 5.19 4.97 4.82 4.90 4.69 4.61 4.60 4.52 4.45 4.64 4.45 4.47 4.39 4.31 4.39 4.28 4.24 4.14 4.18 4.32 4.14 3.96 3.97 4.00 4.06 4.05 4.03 3.94 4.03 4.07 4.12 4.16 4.38 4.20 4.39 4.32 4.41 4.58 4.48 4.45 4.52 4.56 4.65 4.74 4.84 4.78 4.90
6.94 6.88 6.62 6.52 6.45 6.38 6.30 6.28 6.08 6.05 6.23 5.83 5.76 5.70 5.60 5.55 5.51 5.67 5.17 5.08 5.08 4.91 4.96 4.90 5.13 5.21 5.04 5.01 5.12 4.86 4.72 4.63 4.71 4.61 4.62 4.46 4.40 4.41 4.32 4.33 4.32 4.22 4.21 4.17 4.38 4.07 4.16 4.19 4.03 3.93 3.89 3.82 3.85 3.95 3.91 3.93 3.94 3.89 3.95 4.01 4.14 4.20 4.26 4.23 4.37 4.26 4.49 4.33 4.38 4.42 4.58 4.47 4.68 4.64 4.67
6.81 6.72 6.63 6.52 6.44 6.33 6.24 6.10 6.01 5.92 5.85 5.87 5.73 5.58 5.52 5.51 5.45 5.13 5.16 5.31 5.34 4.88 4.88 4.83 4.85 5.02 4.93 4.95 4.93 5.03 4.54 4.59 4.61 4.56 4.42 4.51 4.28 4.28 4.34 4.35 4.16 4.16 4.10 4.01 4.04 4.09 4.04 3.99 3.93 3.94 3.85 3.79 3.82 3.89 3.82 3.86 3.86 3.84 3.93 4.03 4.05 4.07 4.06 4.23 4.19 4.20 4.26 4.22 4.26 4.22 4.39 4.32 4.57 4.52 4.78
6.78 6.68 6.56 6.00 6.34 6.30 6.21 6.05 5.91 5.93 5.78 5.96 5.82 5.53 5.46 5.45 5.46 5.40 5.30 5.06 5.30 4.99 4.89 4.81 4.78 5.14 4.85 4.85 4.82 4.98 4.81 4.30 4.28 4.48 4.46 4.30 4.37 4.19 4.17 4.22 4.21 4.07 4.01 4.01 4.03 4.09 3.95 4.04 4.05 3.82 3.78 3.72 3.72 3.78 3.75 3.75 3.78 3.79 3.87 3.80 3.94 3.92 3.88 4.08 4.05 4.03 4.08 4.10 4.15 4.26 4.26 4.42 4.39 4.43 4.53
6.71 6.61 6.52 6.39 6.33 5.94 6.28 6.04 5.85 5.75 5.69 5.77 5.71 5.59 5.20 5.01 4.97 5.08 5.31 4.99 5.14 4.91 4.73 4.72 4.65 4.96 5.01 4.78 4.78 4.68 5.00 4.58 4.82 4.67 4.36 4.28 4.24 4.16 4.13 4.07 3.99 4.12 3.89 3.92 3.93 4.03 3.92 4.00 3.85 3.87 3.77 3.63 3.66 3.67 3.65 3.65 3.69 3.71 3.67 3.77 3.83 3.81 3.86 3.93 3.94 4.04 3.98 4.00 4.09 4.11 4.29 4.20 4.18 4.33 4.50
6.63 6.51 6.43 6.31 6.23 6.14 6.04 6.01 5.95 5.74 5.65 5.55 5.66 5.17 5.49 5.15 5.10 5.34 4.84 4.83 4.80 4.85 4.76 4.67 4.87 4.78 4.79 4.50 4.73 4.59 4.53 4.80 4.70 4.48 4.62 4.50 4.36 4.18 4.04 3.97 4.01 3.96 4.02 3.88 3.92 3.89 3.72 3.91 3.74 3.70 3.74 3.55 3.60 3.56 3.55 3.56 3.58 3.62 3.77 3.69 3.66 3.72 3.76 3.80 3.75 3.85 3.86 3.92 3.99 3.90 4.00 4.00 4.15 4.29 4.33
6.66 6.49 6.38 6.27 6.21 6.06 5.97 5.54 5.81 5.81 5.67 5.49 5.15 5.52 5.15 4.98 4.93 4.86 4.82 4.80 4.73 4.73 4.71 4.95 4.89 4.74 4.70 4.80 4.66 4.66 4.50 4.60 4.61 4.42 4.40 4.46 4.31 4.41 4.31 4.06 4.01 3.92 3.85 3.86 3.80 3.85 3.69 3.76 3.79 3.59 3.62 3.52 3.51 3.51 3.49 3.48 3.44 3.51 3.69 3.57 3.57 3.57 3.64 3.70 3.61 3.63 3.58 3.77 3.83 3.90 3.87 4.03 4.05 4.00 4.41
6.59 6.44 6.36 6.24 6.15 5.75 5.64 5.36 5.63 5.70 5.28 5.57 5.37 5.30 5.13 4.96 4.94 4.83 4.85 4.84 4.84 4.75 4.95 4.78 4.42 4.43 4.64 4.75 4.73 4.51 4.48 4.43 4.48 4.49 4.28 4.26 4.27 4.23 4.25 4.03 3.98 3.93 3.80 3.68 3.68 3.73 3.73 3.55 3.57 3.54 3.57 3.48 3.46 3.44 3.41 3.42 3.47 3.48 3.52 3.45 3.45 3.43 3.49 3.55 3.53 3.67 3.65 3.69 3.64 3.69 3.84 3.80 3.93 4.13 4.05
6.50 6.40 6.34 6.28 6.31 5.57 5.43 5.31 5.27 5.72 5.52 5.47 4.99 5.01 5.27 5.19 4.84 4.95 4.76 5.01 4.66 4.93 4.55 4.49 4.42 4.67 4.61 4.58 4.50 4.55 4.39 4.44 4.45 4.33 4.31 4.14 4.20 4.05 4.16 4.16 3.87 3.74 3.68 3.61 3.62 3.68 3.67 3.55 3.43 3.52 3.40 3.41 3.37 3.36 3.37 3.37 3.40 3.37 3.36 3.35 3.35 3.33 3.34 3.34 3.40 3.50 3.51 3.53 3.59 3.61 3.67 3.60 3.75 3.85 3.99
6.49 6.36 6.28 6.23 6.16 5.78 5.99 5.89 5.19 5.10 5.06 5.08 5.02 4.93 4.99 5.16 5.16 4.83 5.14 4.97 4.91 4.57 4.78 4.78 4.68 4.39 4.59 4.64 4.50 4.50 4.57 4.30 4.22 4.27 4.14 4.12 4.10 4.07 4.02 4.05 3.79 3.76 3.76 3.65 3.62 3.56 3.55 3.60 3.41 3.41 3.39 3.33 3.29 3.29 3.30 3.31 3.39 3.27 3.29 3.25 3.25 3.23 3.26 3.33 3.30 3.39 3.44 3.50 3.48 3.56 3.64 3.67 3.67 3.83 3.73
