maui/input/gr0_in_month_ascii/gr0_in_jan__maui.asc
ncols        356
nrows        236
xllcorner    -156.702000000000
yllcorner    20.529750000000
cellsize     0.002250000000
NODATA_value  -99.00
[rows 99 to 131 of 236, columns 75 to 149 of 356]
4.43 4.36 4.55 4.80 5.01 5.30 5.59 5.67 5.86 5.89 6.09 6.19 6.26 6.33 6.41 6.77 6.82 6.86 6.90 6.96 7.00 6.96 6.97 6.97 6.97 6.99 7.00 7.01 7.07 6.99 6.98 6.94 6.91 6.91 6.90 6.86 6.85 6.80 6.81 6.72 6.70 6.68 6.64 6.61 6.59 6.60 6.54 6.52 6.52 6.49 6.45 6.43 6.41 6.35 6.61 6.26 6.20 6.19 6.21 6.17 6.14 5.94 6.01 5.99 5.92 5.87 5.86 5.87 5.77 5.66 5.58 5.54 5.49 5.43 5.38
4.03 4.11 4.48 4.96 5.15 5.39 5.45 5.71 5.96 6.04 6.13 6.22 6.29 6.38 6.43 6.79 6.84 6.88 6.98 6.99 7.02 6.99 7.00 7.01 7.01 7.02 7.03 7.03 7.06 7.03 6.98 6.95 6.93 6.91 6.89 6.86 6.88 6.82 6.76 6.74 6.71 6.71 6.63 6.60 6.59 6.52 6.51 6.50 6.47 6.47 6.45 6.42 6.40 6.34 6.29 6.28 6.19 6.16 6.15 6.11 6.08 6.03 6.00 5.97 5.92 5.88 5.88 5.82 5.73 5.67 5.61 5.55 5.46 5.57 5.36
3.87 4.09 4.35 4.61 4.99 5.27 5.55 5.72 5.78 6.18 6.22 6.29 6.34 6.42 6.48 6.82 6.86 6.91 7.05 7.04 7.03 7.09 7.01 7.06 7.04 7.06 7.08 7.11 7.07 7.11 6.81 6.99 6.95 6.93 6.89 6.86 6.85 6.88 6.75 6.72 6.68 6.66 6.62 6.60 6.59 6.55 6.53 6.50 6.48 6.45 6.45 6.41 6.36 6.32 6.28 6.22 6.20 6.14 6.09 6.05 6.00 5.99 6.02 5.95 5.82 5.77 5.76 5.77 5.64 5.73 5.59 5.47 5.43 5.36 5.33
3.84 4.20 4.46 4.82 5.22 5.39 5.52 5.86 6.11 6.15 6.26 6.36 6.41 6.45 6.81 6.86 6.89 6.96 6.99 7.04 7.06 7.08 7.16 7.09 7.06 7.09 7.10 7.09 7.10 7.03 7.00 6.96 6.94 6.93 6.71 6.87 6.85 6.82 6.76 6.73 6.69 6.66 6.62 6.58 6.58 6.54 6.52 6.49 6.43 6.52 6.40 6.37 6.35 6.32 6.28 6.23 6.18 5.94 6.04 5.97 5.93 5.90 5.92 5.89 5.79 5.73 5.70 5.69 5.66 5.64 5.53 5.53 5.44 5.32 5.25
4.05 4.19 4.43 4.73 5.04 5.35 5.59 5.79 6.22 6.19 6.29 6.40 6.47 6.50 6.85 6.89 6.92 7.04 6.86 7.07 7.10 7.12 7.19 7.16 7.11 7.16 7.11 7.13 7.07 7.05 7.00 6.97 6.96 6.92 6.91 6.86 6.86 6.81 6.79 6.70 6.67 6.65 6.63 6.59 6.57 6.52 6.51 6.46 6.45 6.48 6.40 6.30 6.30 6.26 6.25 6.19 6.15 6.07 5.98 5.93 5.89 5.87 5.87 5.83 5.77 5.67 5.65 5.55 5.58 5.48 5.41 5.39 5.42 5.31 5.19
4.12 4.70 4.62 4.95 5.23 5.36 5.54 5.89 6.22 6.26 6.32 6.42 6.49 6.55 6.89 6.96 6.98 7.05 7.04 7.08 7.13 7.19 7.21 7.24 7.16 7.14 7.14 7.14 7.11 7.07 7.02 6.99 6.95 6.93 6.91 6.86 6.82 6.80 6.75 6.73 6.71 6.68 6.61 6.59 6.57 6.51 6.49 6.47 6.46 6.41 6.39 6.37 6.31 6.33 6.32 6.20 6.16 6.08 6.00 5.93 5.86 5.82 5.74 5.76 5.78 5.62 5.56 5.51 5.49 5.46 5.37 5.33 5.29 5.25 5.21
4.32 4.57 4.77 4.77 5.13 5.41 5.60 5.90 6.21 6.36 6.40 6.48 6.54 6.58 6.96 6.99 7.02 7.05 7.10 7.11 7.15 7.14 7.17 7.17 7.15 7.16 7.16 7.20 7.11 7.12 7.04 6.99 6.97 6.94 6.95 6.85 6.86 6.80 6.73 6.69 6.70 6.67 6.64 6.61 6.58 6.54 6.47 6.50 6.45 6.44 6.34 6.32 6.28 6.26 6.22 6.18 6.16 5.93 5.97 5.89 5.77 5.76 5.75 5.69 5.72 5.57 5.54 5.49 5.45 5.72 5.33 5.31 5.24 5.20 5.18
4.12 4.37 4.52 5.10 5.26 5.20 5.43 5.81 6.20 6.34 6.43 6.52 6.58 6.95 7.03 7.06 7.07 7.11 7.15 7.17 7.21 7.22 7.25 7.17 7.20 7.18 7.19 7.17 7.14 7.11 7.03 7.01 6.95 6.94 6.96 7.31 6.87 6.73 6.75 6.71 6.72 6.67 6.61 6.58 6.55 6.50 6.47 6.44 6.42 6.39 6.34 6.29 6.26 6.22 6.19 6.14 6.09 6.04 6.04 5.95 5.80 5.74 5.67 5.66 5.65 5.57 5.46 5.41 5.41 5.36 5.31 5.26 5.18 5.18 5.07
4.19 4.19 4.58 4.70 5.02 5.20 5.41 5.87 6.31 6.41 6.47 6.57 6.64 7.02 7.02 7.36 7.12 7.17 7.18 7.27 7.26 7.24 7.28 7.22 7.20 7.22 7.23 7.18 7.16 7.15 7.04 7.04 6.97 6.95 6.92 6.89 7.21 6.83 6.57 6.76 6.71 6.62 6.57 6.55 6.52 6.49 6.45 6.41 6.39 6.40 6.36 6.34 6.22 6.18 6.20 6.09 6.07 6.04 5.99 5.90 5.92 5.82 5.66 5.58 5.58 5.53 5.43 5.38 5.35 5.29 5.22 5.33 5.22 5.15 5.10
4.38 4.52 4.68 4.80 5.21 5.38 5.76 6.03 6.23 6.43 6.59 6.59 6.79 6.91 7.09 7.13 7.17 7.22 7.24 7.26 7.28 7.28 7.26 7.25 7.25 7.24 7.22 7.23 7.21 7.17 7.10 7.11 7.12 6.79 6.93 6.92 6.88 6.86 6.68 6.70 6.49 6.61 6.58 6.54 6.51 6.50 6.47 6.41 6.37 6.35 6.32 6.25 6.22 6.18 6.13 6.08 6.05 5.96 5.93 5.91 5.83 5.76 5.73 5.62 5.51 5.49 5.43 5.38 5.36 5.30 5.25 5.19 5.13 5.05 4.95
4.61 5.00 5.18 5.24 5.43 5.59 5.78 6.05 6.30 6.48 6.63 6.66 7.05 7.09 7.16 7.20 7.23 7.27 7.29 7.32 7.32 7.31 7.32 7.37 7.28 7.28 7.25 7.25 7.24 7.24 6.98 7.11 7.07 7.01 6.97 6.90 6.88 6.84 6.79 6.75 6.74 6.65 6.58 6.52 6.34 6.46 6.43 6.45 6.38 6.32 6.26 6.28 6.57 6.17 6.11 6.05 6.01 5.81 5.94 5.86 5.81 5.75 5.68 5.61 5.51 5.43 5.43 5.37 5.31 5.25 5.21 5.18 5.05 5.10 5.35
4.46 4.69 4.60 4.89 5.10 5.38 5.52 5.83 6.38 6.51 6.64 7.11 7.20 7.15 7.26 7.28 7.28 7.32 7.36 7.32 7.32 7.35 7.35 7.31 7.32 7.30 7.27 7.27 7.31 7.25 7.18 7.17 7.07 7.00 6.84 6.93 6.90 6.84 6.78 6.76 6.75 6.66 6.62 6.58 6.53 6.48 6.44 6.42 6.38 6.38 6.27 6.21 6.54 6.17 6.10 6.04 5.96 5.91 5.87 5.83 5.78 5.72 5.64 5.59 5.48 5.43 5.39 5.43 5.29 5.24 5.11 5.16 5.12 4.99 5.02
4.64 4.64 4.84 5.08 5.27 5.46 5.85 6.29 6.54 6.61 6.70 7.12 7.17 7.23 7.29 7.34 7.34 7.36 7.39 7.40 7.35 7.38 7.37 7.40 7.36 7.33 7.31 7.28 7.27 7.32 7.27 7.15 7.09 7.04 7.05 6.93 6.93 6.91 6.80 6.77 6.76 6.70 6.64 6.58 6.57 6.52 6.49 6.43 6.37 6.68 6.54 6.24 6.17 5.98 6.06 6.00 6.02 5.96 6.16 5.81 5.76 5.97 5.61 5.56 5.55 5.43 5.36 5.32 5.26 5.25 5.16 5.10 5.09 5.13 4.93
4.52 4.70 4.80 5.04 5.37 5.79 5.97 6.30 6.55 6.63 6.78 7.22 7.24 7.33 7.32 7.34 7.37 7.40 7.43 7.43 7.38 7.41 7.40 7.37 7.36 7.40 7.35 7.28 7.29 7.26 7.22 7.20 7.14 7.08 7.02 7.01 6.92 6.89 6.85 6.84 6.78 6.70 6.67 6.62 6.58 6.49 6.44 6.41 6.32 6.29 6.24 6.18 6.13 6.10 6.06 6.01 5.93 5.97 5.89 5.66 5.82 5.70 5.66 5.60 5.52 5.41 5.37 5.32 5.26 5.20 5.15 5.10 5.12 5.04 5.01
4.65 4.84 5.02 5.13 5.43 5.61 6.09 6.44 6.62 6.74 7.19 7.27 7.32 7.36 7.38 7.38 7.41 7.41 7.44 7.44 7.43 7.41 7.41 7.39 7.37 7.38 7.36 7.34 7.31 7.29 7.23 7.19 7.15 7.10 7.04 6.99 6.95 6.90 6.90 6.83 6.76 6.68 6.64 6.59 6.57 6.47 6.41 6.40 6.35 6.28 6.14 6.11 6.13 6.05 6.00 5.98 5.89 5.85 5.86 5.77 5.70 5.74 5.59 5.47 5.43 5.38 5.31 5.27 5.26 5.18 5.11 5.04 5.02 5.03 4.96
4.91 5.06 5.30 5.32 5.62 5.65 5.96 6.37 6.70 6.81 7.24 7.13 7.36 7.39 7.42 7.39 7.45 7.47 7.46 7.43 7.37 7.43 7.36 7.38 7.36 7.32 7.33 7.32 7.34 7.30 7.22 7.24 7.15 7.10 7.05 7.01 6.97 6.94 6.87 6.76 6.80 6.74 6.67 6.57 6.53 6.43 6.38 6.34 6.31 6.22 6.05 6.03 6.32 5.99 5.93 5.89 5.86 5.86 5.75 5.78 5.67 5.60 5.57 5.49 5.47 5.29 5.30 5.32 5.27 5.18 5.09 5.07 4.90 4.85 4.79
5.01 5.12 5.39 5.59 5.60 5.80 6.18 6.57 6.77 7.20 7.33 7.19 7.39 7.43 7.46 7.45 7.51 7.41 7.41 7.44 7.45 7.50 7.45 7.38 7.41 7.41 7.38 7.33 7.32 7.26 7.26 7.20 7.16 7.09 7.07 7.02 6.95 6.95 6.90 6.82 6.78 6.72 6.66 6.59 6.54 6.43 6.38 6.33 6.19 6.10 6.04 5.97 5.93 5.92 5.88 5.82 5.79 5.80 5.72 5.67 5.64 5.51 5.50 5.46 5.37 5.34 5.29 5.16 5.15 5.07 5.03 5.01 4.97 4.82 4.84
5.11 5.30 5.57 5.79 5.52 5.86 6.22 6.57 6.82 7.28 7.36 7.43 7.43 7.46 7.43 7.54 7.62 7.49 7.51 7.41 7.40 7.38 7.60 7.47 7.42 7.51 7.36 7.36 7.32 7.32 7.27 7.22 7.16 7.14 7.09 7.05 7.00 6.97 6.88 6.80 6.77 6.75 6.62 6.57 6.52 6.43 6.36 6.33 6.25 6.09 6.01 5.93 5.89 5.85 5.82 5.80 5.77 5.73 5.67 5.66 5.58 5.47 5.52 5.42 5.40 5.31 5.21 5.18 5.09 5.03 5.01 4.90 4.90 4.86 4.70
5.26 5.46 5.62 5.68 5.83 5.96 6.26 6.59 6.86 7.36 7.40 7.50 7.50 7.46 7.47 7.48 7.49 7.51 7.62 7.71 7.59 7.45 7.59 7.62 7.68 7.48 7.38 7.29 7.31 7.28 7.28 7.23 7.16 7.14 7.06 7.00 7.01 6.94 6.87 6.82 6.74 6.68 6.62 6.55 6.56 6.39 6.36 6.36 6.22 6.06 6.01 5.94 5.89 5.85 5.79 5.76 5.75 5.68 5.64 5.63 5.58 5.42 5.34 5.38 5.32 5.20 5.25 5.07 5.12 5.02 4.97 4.90 4.81 4.80 4.72
5.47 5.64 5.76 5.79 6.10 6.10 6.34 6.72 7.26 7.50 7.28 7.43 7.43 7.46 7.48 -9999.00 -9999.00 7.54 7.53 7.51 7.52 7.52 7.52 7.49 7.59 7.18 7.52 7.27 7.26 7.30 7.35 7.27 7.21 7.13 7.07 7.04 6.97 6.92 6.88 6.83 6.74 6.67 6.61 6.50 6.45 6.40 6.38 6.31 6.21 6.16 6.12 6.04 6.03 5.85 5.79 5.74 5.72 5.72 5.61 5.52 5.48 5.41 5.43 5.27 5.22 5.25 5.19 5.13 5.08 5.03 4.95 4.86 4.79 4.76 4.68
5.87 5.79 5.93 6.18 6.20 6.31 6.53 6.79 7.47 7.58 7.38 7.44 -9999.00 -9999.00 -9999.00 -9999.00 -9999.00 -9999.00 -9999.00 -9999.00 -9999.00 -9999.00 7.56 7.52 7.52 7.56 7.55 7.39 7.28 7.28 7.30 7.22 7.01 7.15 7.10 7.02 6.96 6.94 6.88 6.85 6.74 6.71 6.64 6.61 6.53 6.45 6.42 6.32 6.26 6.25 6.11 6.03 5.97 5.95 5.80 5.76 5.74 5.63 5.56 5.58 5.41 5.39 5.43 5.30 5.20 5.28 5.10 5.13 5.09 4.99 4.87 4.89 4.84 4.80 4.67
5.76 6.22 6.21 6.35 6.34 6.64 6.66 7.06 7.08 7.26 7.37 -9999.00 -9999.00 -9999.00 -9999.00 -9999.00 -9999.00 -9999.00 -9999.00 -9999.00 -9999.00 -9999.00 -9999.00 -9999.00 7.50 7.47 7.40 7.52 7.36 7.26 7.24 7.16 7.13 7.20 7.12 7.02 6.97 6.96 6.88 6.79 6.77 6.68 6.59 6.51 6.45 6.39 6.36 6.28 6.24 6.18 6.11 6.00 5.98 5.79 5.79 5.79 5.73 5.63 5.58 5.49 5.49 5.42 5.37 5.26 5.18 5.12 5.09 5.06 5.00 4.94 4.85 4.80 4.80 4.83 4.78
6.11 6.18 6.44 6.57 6.52 6.80 7.04 7.36 7.14 -9999.00 -9999.00 -9999.00 -9999.00 -9999.00 -9999.00 -9999.00 -9999.00 -9999.00 -9999.00 -9999.00 -9999.00 -9999.00 -9999.00 -9999.00 -9999.00 -9999.00 7.42 7.36 7.06 7.36 7.39 7.23 7.14 7.06 7.11 7.00 6.95 6.92 6.88 6.80 6.77 6.65 6.56 6.47 6.40 6.34 6.33 6.27 6.22 6.05 6.06 6.00 5.95 5.89 5.75 5.73 5.71 5.64 5.59 5.48 5.48 5.43 5.31 5.22 5.22 5.17 5.09 5.03 4.97 4.99 4.93 4.91 4.82 4.81 4.72
6.25 6.43 6.53 6.56 6.71 6.92 7.25 7.03 7.12 -9999.00 -9999.00 -9999.00 -9999.00 -9999.00 -9999.00 -9999.00 -9999.00 -9999.00 -9999.00 -9999.00 -9999.00 -9999.00 -9999.00 -9999.00 -9999.00 -9999.00 -9999.00 7.34 7.33 7.19 7.33 7.08 7.15 7.00 7.10 6.97 6.99 6.87 6.84 6.81 6.69 6.65 6.57 6.48 6.36 6.32 6.30 6.26 6.18 6.12 6.09 6.07 5.97 5.92 5.77 5.78 5.64 5.57 5.54 5.46 5.47 5.44 5.32 5.18 5.18 5.10 5.15 5.09 4.97 4.90 4.90 4.83 4.82 4.71 4.68
6.64 6.78 6.89 6.94 6.99 7.10 7.06 7.08 -9999.00 -9999.00 -9999.00 -9999.00 -9999.00 -9999.00 -9999.00 -9999.00 -9999.00 -9999.00 -9999.00 -9999.00 -9999.00 -9999.00 -9999.00 -9999.00 -9999.00 -9999.00 -9999.00 -9999.00 7.31 7.25 7.20 7.03 7.11 7.30 7.10 7.00 6.97 6.93 6.76 6.69 6.73 6.62 6.55 6.46 6.31 6.27 6.24 6.19 6.15 6.10 6.03 5.99 5.93 5.88 5.80 5.72 6.04 5.60 5.50 5.51 5.37 5.39 5.35 5.22 5.15 5.12 5.06 5.02 4.94 4.89 4.86 4.74 4.75 4.74 4.69
6.88 7.10 7.10 6.90 7.34 7.05 7.09 -9999.00 -9999.00 -9999.00 -9999.00 -9999.00 -9999.00 -9999.00 -9999.00 -9999.00 -9999.00 -9999.00 -9999.00 -9999.00 -9999.00 -9999.00 -9999.00 -9999.00 -9999.00 -9999.00 -9999.00 -9999.00 -9999.00 -9999.00 7.16 7.09 7.36 6.85 6.93 6.68 6.57 6.53 6.48 6.77 6.66 6.63 6.52 6.43 6.42 6.32 6.25 6.21 6.15 6.09 6.01 6.02 5.92 5.94 5.83 5.77 5.71 5.61 5.52 5.52 5.43 5.40 5.30 5.31 5.11 5.06 4.97 4.96 4.90 4.86 4.86 4.78 4.79 4.73 4.68
7.16 7.29 7.18 7.38 7.47 7.13 -9999.00 -9999.00 -9999.00 -9999.00 -9999.00 -9999.00 -9999.00 -9999.00 -9999.00 -9999.00 -9999.00 -9999.00 -9999.00 -9999.00 -9999.00 -9999.00 -9999.00 -9999.00 -9999.00 -9999.00 -9999.00 -9999.00 -9999.00 -9999.00 -9999.00 7.06 6.89 6.84 7.00 6.67 6.57 6.53 6.46 6.50 6.70 6.70 6.58 6.46 6.37 6.34 6.30 6.23 6.14 6.13 6.05 6.11 6.00 5.84 5.68 5.71 5.61 5.63 5.57 5.56 5.45 5.44 5.41 5.33 5.18 5.10 5.16 4.98 5.01 4.85 4.91 4.79 4.68 4.74 4.68
7.48 7.16 7.20 7.19 7.19 7.19 -9999.00 -9999.00 -9999.00 -9999.00 -9999.00 -9999.00 -9999.00 -9999.00 -9999.00 -9999.00 -9999.00 -9999.00 -9999.00 -9999.00 -9999.00 -9999.00 -9999.00 -9999.00 -9999.00 -9999.00 -9999.00 -9999.00 -9999.00 -9999.00 -9999.00 7.03 6.87 6.81 6.75 6.69 6.59 6.53 6.47 6.52 6.77 6.61 6.65 6.52 6.42 6.44 6.38 6.29 6.26 6.11 6.06 5.96 5.89 5.76 5.79 5.66 5.57 5.53 5.50 5.50 5.43 5.34 5.28 5.19 5.11 5.15 4.99 4.94 4.87 4.92 4.84 4.75 4.79 4.65 4.51
7.22 7.26 -9999.00 -9999.00 -9999.00 -9999.00 -9999.00 -9999.00 -9999.00 -9999.00 -9999.00 -9999.00 -9999.00 -9999.00 -9999.00 -9999.00 -9999.00 -9999.00 -9999.00 -9999.00 -9999.00 -9999.00 -9999.00 -9999.00 -9999.00 -9999.00 -9999.00 -9999.00 -9999.00 -9999.00 -9999.00 6.98 7.32 6.82 6.77 6.65 6.60 6.54 6.60 6.49 6.66 6.57 6.53 6.58 6.43 6.32 6.32 6.34 6.26 6.17 6.03 5.97 5.93 5.81 5.76 5.73 5.60 5.59 5.57 5.47 5.41 5.34 5.19 5.12 5.19 5.08 4.99 4.87 5.00 4.90 4.77 4.71 4.65 4.53 4.59
-9999.00 -9999.00 -9999.00 -9999.00 -9999.00 -9999.00 -9999.00 -9999.00 -9999.00 -9999.00 -9999.00 -9999.00 -9999.00 -9999.00 -9999.00 -9999.00 -9999.00 -9999.00 -9999.00 -9999.00 -9999.00 -9999.00 -9999.00 -9999.00 -9999.00 -9999.00 -9999.00 -9999.00 -9999.00 -9999.00 -9999.00 7.01 6.93 7.30 6.80 6.67 6.99 6.88 6.80 6.69 6.63 6.58 6.54 6.46 6.42 6.43 6.35 6.29 6.26 6.16 6.12 5.96 5.85 5.81 5.73 5.65 5.66 5.53 5.60 5.50 5.45 5.37 5.31 5.19 5.12 5.03 4.87 4.99 4.89 4.84 4.72 4.70 4.61 4.62 4.49
-9999.00 -9999.00 -9999.00 -9999.00 -9999.00 -9999.00 -9999.00 -9999.00 -9999.00 -9999.00 -9999.00 -9999.00 -9999.00 -9999.00 -9999.00 -9999.00 -9999.00 -9999.00 -9999.00 -9999.00 -9999.00 -9999.00 -9999.00 -9999.00 -9999.00 -9999.00 -9999.00 -9999.00 -9999.00 -9999.00 -9999.00 -9999.00 6.99 6.85 6.79 6.71 6.76 6.99 6.86 6.90 6.81 6.60 6.67 6.57 6.46 6.36 6.29 6.18 6.18 6.06 6.09 5.99 5.97 5.81 5.75 5.72 5.67 5.70 5.57 5.50 5.31 5.34 5.23 5.20 5.09 5.12 4.91 4.82 4.79 4.77 4.72 4.62 4.53 4.45 4.46
-9999.00 -9999.00 -9999.00 -9999.00 -9999.00 -9999.00 -9999.00 -9999.00 -9999.00 -9999.00 -9999.00 -9999.00 -9999.00 -9999.00 -9999.00 -9999.00 -9999.00 -9999.00 -9999.00 -9999.00 -9999.00 -9999.00 -9999.00 -9999.00 -9999.00 -9999.00 -9999.00 -9999.00 -9999.00 -9999.00 -9999.00 -9999.00 7.00 7.07 6.80 6.74 6.66 7.02 6.86 6.86 6.75 6.65 6.56 6.60 6.49 6.36 6.33 6.23 6.21 6.08 6.06 6.01 5.93 5.86 5.74 5.68 5.65 5.57 5.59 5.41 5.32 5.30 5.19 5.20 4.99 4.95 4.90 4.85 4.78 4.64 4.61 4.62 4.48 4.56 4.51
-9999.00 -9999.00 -9999.00 -9999.00 -9999.00 -9999.00 -9999.00 -9999.00 -9999.00 -9999.00 -9999.00 -9999.00 -9999.00 -9999.00 -9999.00 -9999.00 -9999.00 -9999.00 -9999.00 -9999.00 -9999.00 -9999.00 -9999.00 -9999.00 -9999.00 -9999.00 -9999.00 -9999.00 -9999.00 -9999.00 -9999.00 -9999.00 7.01 6.98 7.39 6.77 6.82 7.02 6.97 6.76 6.77 6.74 6.74 6.58 6.57 6.38 6.26 6.20 6.13 6.02 6.10 5.88 5.93 5.84 5.81 5.67 5.66 5.67 5.59 5.39 5.31 5.30 5.14 5.09 4.99 5.11 4.86 4.85 4.74 4.68 4.71 4.67 4.52 4.42 4.52
