maui/input/gr0_in_month_ascii/gr0_in_jan__maui.asc
ncols        356
nrows        236
xllcorner    -156.702000000000
yllcorner    20.529750000000
cellsize     0.002250000000
NODATA_value  -99.00
[rows 132 to 164 of 236, columns 225 to 299 of 356]
3.29 3.26 3.24 3.20 3.19 3.16 3.14 3.12 3.10 3.10 3.09 3.07 3.06 3.05 3.04 3.05 3.04 3.04 3.03 3.03 3.03 3.03 3.03 3.02 3.02 3.01 3.01 3.01 3.01 3.00 3.00 2.99 2.98 3.11 3.10 2.95 2.91 2.87 2.92 2.90 3.07 3.07 3.06 3.05 3.05 3.04 3.04 3.04 3.06 3.06 3.06 3.07 3.08 3.08 3.11 3.13 3.15 3.16 3.13 3.22 3.20 3.35 3.32 3.42 3.43 3.48 3.58 3.69 3.81 3.88 3.93 4.10 4.27 4.38 4.49
3.35 3.33 3.29 3.15 3.24 3.23 3.21 3.18 3.18 3.16 3.14 3.13 3.11 3.10 3.09 3.07 3.07 3.06 3.07 3.06 3.05 3.04 3.04 3.03 3.04 3.03 3.02 3.02 3.02 3.02 3.01 3.01 3.00 3.00 2.99 2.97 3.11 2.97 2.91 3.08 2.92 3.06 3.06 3.04 3.03 3.03 3.02 3.02 3.03 3.03 3.02 3.03 3.03 3.04 3.04 3.07 3.09 3.10 3.13 3.15 3.20 3.24 3.29 3.33 3.41 3.51 3.54 3.65 3.78 3.85 3.90 4.11 4.19 4.38 4.45
3.52 3.49 3.36 3.26 3.31 3.30 3.28 3.26 3.25 3.23 3.20 3.19 3.17 3.16 3.14 3.12 3.10 3.09 3.11 3.10 3.09 3.07 3.06 3.06 3.07 3.07 3.05 3.04 3.04 3.04 3.04 3.04 3.02 3.01 3.00 2.99 2.99 2.98 2.97 3.09 3.08 3.09 3.05 3.04 3.03 3.02 3.00 3.00 3.00 3.00 3.00 3.01 3.00 3.00 3.01 3.02 3.04 3.03 3.07 3.11 3.14 3.18 3.22 3.28 3.31 3.37 3.48 3.60 3.70 3.74 3.86 3.96 4.06 4.16 4.31
3.43 3.44 3.32 3.41 3.38 3.38 3.37 3.35 3.33 3.30 3.27 3.26 3.23 3.23 3.20 3.18 3.16 3.15 3.15 3.14 3.13 3.12 3.11 3.11 3.10 3.10 3.09 3.08 3.08 3.08 3.07 3.06 3.05 3.04 3.04 3.02 3.01 3.00 2.99 2.98 3.10 3.11 3.09 3.08 3.06 3.02 3.01 3.00 3.00 2.99 2.99 2.99 2.98 2.98 3.00 3.00 3.01 3.02 3.04 3.05 3.08 3.09 3.12 3.20 3.25 3.33 3.44 3.49 3.61 3.64 3.84 3.87 3.94 4.10 4.20
3.47 3.46 3.38 3.56 3.50 3.49 3.47 3.44 3.41 3.39 3.37 3.34 3.32 3.29 3.27 3.19 3.20 3.16 3.15 3.20 3.20 3.20 3.20 3.17 3.16 3.14 3.14 3.15 3.15 3.13 3.10 3.09 3.08 3.08 3.09 3.06 3.03 3.02 3.03 3.01 3.00 3.12 3.10 3.09 3.08 3.06 3.05 3.04 3.03 3.02 3.01 2.99 2.99 2.98 2.99 2.99 3.00 3.01 3.00 3.04 3.07 3.09 3.08 3.17 3.27 3.22 3.35 3.42 3.48 3.57 3.63 3.72 3.78 3.90 4.05
3.49 3.49 3.31 3.20 3.74 3.62 3.58 3.57 3.48 3.47 3.44 3.43 3.42 3.30 3.30 3.28 3.28 3.27 3.23 3.28 3.27 3.28 3.27 3.25 3.24 3.22 3.22 3.22 3.21 3.19 3.16 3.15 3.14 3.14 3.14 3.11 3.08 3.07 3.06 3.04 3.04 3.04 3.12 3.10 3.07 3.07 3.06 3.05 3.03 3.02 3.01 3.01 3.00 3.01 3.00 3.00 2.98 2.99 3.00 3.01 3.03 3.05 3.09 3.08 3.14 3.21 3.31 3.40 3.35 3.49 3.55 3.61 3.66 3.79 3.94
3.53 3.34 3.24 3.49 3.88 3.69 3.68 3.63 3.60 3.59 3.51 3.45 3.46 3.41 3.38 3.36 3.36 3.34 3.32 3.38 3.36 3.35 3.35 3.34 3.33 3.32 3.30 3.23 3.21 3.20 3.24 3.22 3.22 3.20 3.20 3.16 3.13 3.12 3.10 3.09 3.08 3.06 3.02 3.11 3.09 3.08 3.07 3.06 3.03 3.02 3.01 3.00 3.00 3.00 2.98 2.99 2.99 2.97 2.99 3.00 2.99 2.99 3.03 3.02 3.13 3.18 3.27 3.10 3.25 3.40 3.48 3.54 3.62 3.71 3.82
3.37 3.27 3.39 3.27 4.11 3.94 3.67 3.54 3.53 3.65 3.61 3.60 3.58 3.56 3.50 3.47 3.46 3.24 3.24 3.23 3.22 3.20 3.20 3.45 3.37 3.37 3.31 3.32 3.31 3.27 3.19 3.32 3.24 3.12 3.28 3.25 3.21 3.18 3.15 3.12 3.04 3.00 2.97 3.14 2.98 2.96 2.94 2.92 3.06 3.04 3.02 3.01 3.00 3.00 2.99 2.98 2.98 2.98 2.97 2.98 2.98 2.99 3.00 3.01 3.09 3.12 3.11 3.19 3.25 3.31 3.39 3.47 3.50 3.65 3.73
3.47 3.40 3.31 3.21 3.64 3.93 3.86 3.45 3.68 3.55 3.57 3.46 3.70 3.66 3.63 3.42 3.60 3.39 3.38 3.44 3.36 3.35 3.40 3.59 3.52 3.47 3.25 3.42 3.40 3.30 3.35 3.34 3.32 3.24 3.31 3.29 3.26 3.23 3.20 3.16 3.07 3.03 3.01 3.05 3.04 2.93 2.96 2.96 2.94 3.06 3.04 3.01 3.00 2.99 2.99 2.99 2.98 2.98 2.98 2.97 2.98 3.00 3.00 3.00 3.02 3.06 3.11 3.16 3.22 3.28 3.36 3.37 3.43 3.49 3.64
3.40 3.51 3.46 3.20 3.19 3.63 4.26 4.18 4.06 3.80 3.98 3.69 3.84 3.61 3.78 3.74 3.74 3.77 3.76 3.75 3.76 3.74 3.73 3.75 3.72 3.69 3.66 3.63 3.58 3.57 3.54 3.51 3.45 3.39 3.40 3.33 3.28 3.26 3.24 3.20 3.10 3.06 3.10 3.07 3.05 3.02 2.99 2.98 2.96 2.94 3.05 3.02 3.01 3.00 3.04 2.97 2.96 2.97 2.96 2.96 2.99 2.99 2.99 3.00 3.03 3.07 3.06 3.05 3.17 3.24 3.30 3.38 3.39 3.46 3.47
3.45 3.56 3.34 3.51 3.20 3.78 4.24 4.42 4.22 4.13 4.14 4.07 4.00 3.97 4.09 3.89 3.89 3.84 3.82 3.99 3.83 3.80 3.79 3.99 3.85 3.78 3.75 3.73 3.70 3.70 3.65 3.60 3.46 3.50 3.48 3.39 3.34 3.30 3.27 3.24 3.19 3.08 3.11 3.08 3.06 3.06 3.02 3.00 3.05 3.17 3.07 3.04 3.02 3.00 3.03 3.01 2.93 2.93 2.93 2.93 2.98 2.98 2.98 2.99 3.01 3.01 3.01 3.02 3.15 3.21 3.28 3.32 3.33 3.32 3.44
3.69 3.43 3.48 3.71 3.52 3.91 4.38 4.61 4.58 4.51 4.48 4.44 4.35 4.29 4.25 4.20 4.18 3.98 4.13 4.11 4.07 3.90 4.07 4.09 4.08 3.88 3.96 3.80 3.80 4.05 3.77 3.67 3.61 3.55 3.49 3.55 3.55 3.35 3.32 3.29 3.24 3.19 3.16 3.10 3.09 3.06 3.03 3.08 3.07 3.18 3.08 3.04 3.03 2.97 2.97 2.89 2.88 2.93 3.01 3.01 2.98 2.98 2.98 2.98 2.92 2.97 2.98 3.07 3.10 3.12 3.27 3.33 3.36 3.37 3.41
3.71 3.63 3.57 4.02 4.27 4.36 4.45 4.72 4.84 4.78 4.74 4.71 4.67 4.63 4.57 4.52 4.51 4.30 4.28 4.24 4.36 4.15 4.41 4.31 4.04 4.06 4.23 4.05 4.14 4.16 4.05 3.78 3.71 3.63 3.55 3.67 3.62 3.45 3.45 3.47 3.49 3.23 3.20 3.13 3.10 3.07 3.12 3.11 3.08 3.12 3.09 3.05 3.01 2.95 2.94 2.98 2.93 2.77 3.00 3.00 3.00 2.97 2.97 2.98 2.98 3.03 2.98 3.04 3.09 3.14 3.24 3.20 3.38 3.40 3.47
3.78 3.75 3.68 3.83 4.41 4.82 4.89 4.78 4.20 4.08 4.53 4.52 4.53 4.21 4.47 4.57 4.63 4.62 4.57 4.55 4.46 4.50 4.49 4.19 4.15 4.12 4.10 4.28 4.21 4.18 4.02 3.91 3.60 3.60 3.54 3.65 3.62 3.53 3.58 3.46 3.39 3.31 3.18 3.13 3.10 3.16 3.24 3.12 3.08 2.97 3.09 3.06 2.92 2.94 3.00 2.99 2.92 2.81 2.85 3.00 2.96 2.99 2.89 2.98 2.95 2.96 3.01 2.97 3.09 3.17 3.29 3.26 3.37 3.45 3.55
3.80 3.81 3.97 4.03 4.50 4.74 4.64 4.59 4.27 4.14 4.15 4.30 4.32 4.20 3.98 4.33 4.36 4.13 4.16 4.18 4.56 4.54 4.48 4.44 4.24 4.36 4.31 4.28 4.21 4.16 3.91 3.74 3.50 3.41 3.41 3.42 3.59 3.53 3.47 3.50 3.37 3.33 3.15 3.14 3.12 3.10 3.14 3.23 3.08 3.20 3.10 3.00 2.96 2.94 3.01 3.01 3.00 3.00 2.85 2.99 2.99 2.95 3.01 3.02 3.03 2.97 3.06 3.09 3.12 3.12 3.25 3.33 3.37 3.44 3.61
3.80 3.83 4.05 4.15 4.42 4.52 4.53 4.48 4.35 4.02 4.18 4.17 4.13 4.08 4.13 4.12 4.11 4.25 3.95 4.04 4.49 4.02 4.18 4.25 4.42 4.06 4.12 3.97 3.91 3.83 3.74 3.77 3.49 3.28 3.28 3.30 3.33 3.46 3.40 3.21 3.35 3.22 3.16 3.22 3.11 3.17 3.14 3.10 3.25 3.13 3.10 3.03 2.94 2.95 3.01 3.01 2.93 2.99 2.97 2.99 3.00 3.00 3.02 3.02 3.03 3.04 3.08 3.15 3.16 3.22 3.34 3.38 3.50 3.52 3.57
3.82 3.96 3.99 4.20 4.37 4.41 4.48 4.17 4.34 4.22 4.14 4.06 4.05 4.01 3.98 4.04 3.96 4.06 3.75 4.14 4.30 4.21 4.18 3.98 4.11 3.84 3.90 3.83 3.81 3.73 3.71 3.64 3.60 3.25 3.21 3.27 3.26 3.31 3.15 3.23 3.17 3.21 3.22 3.22 3.22 3.17 3.29 3.27 3.23 3.13 3.02 3.05 3.01 3.02 3.00 2.94 3.00 2.96 3.01 2.99 3.03 3.03 3.01 3.01 2.99 3.04 3.10 3.14 3.21 3.31 3.35 3.42 3.47 3.57 3.66
4.06 4.27 4.14 4.30 4.33 4.24 4.22 4.24 3.94 3.91 4.11 4.01 3.98 3.98 3.95 3.94 4.00 3.99 3.98 4.01 4.09 4.03 3.78 3.82 3.92 3.85 3.74 3.71 3.56 3.49 3.46 3.44 3.43 3.30 3.16 3.21 3.17 3.21 3.18 3.07 3.23 3.25 3.18 3.11 2.98 3.09 3.09 3.10 3.16 3.05 3.02 3.00 3.00 3.00 3.02 3.01 3.01 3.02 3.04 3.05 3.08 3.04 3.02 3.02 3.05 3.12 3.11 3.19 3.26 3.24 3.34 3.38 3.52 3.65 3.76
4.02 4.23 4.31 4.11 4.23 4.20 4.19 4.21 4.11 4.08 4.10 4.07 3.97 3.95 3.92 3.91 3.98 3.96 3.78 3.76 3.86 3.87 3.86 3.79 4.04 3.86 3.59 3.52 3.48 3.51 3.39 3.33 3.41 3.21 3.20 3.15 3.12 3.14 3.13 3.05 3.18 3.12 3.13 3.07 2.97 3.08 3.05 3.00 3.00 3.01 3.00 3.00 3.02 3.02 3.03 3.03 3.02 3.04 3.05 3.08 3.10 3.13 3.14 3.15 3.14 3.17 3.28 3.30 3.31 3.26 3.31 3.54 3.59 3.71 3.84
4.28 4.27 4.21 4.21 4.21 4.28 4.27 4.21 4.18 4.16 4.11 4.06 3.95 3.93 3.90 3.88 3.94 3.76 3.73 3.71 3.70 3.65 3.61 3.65 3.72 3.76 3.63 3.37 3.35 3.31 3.26 3.24 3.20 3.22 3.13 3.09 3.06 3.05 3.05 3.04 3.13 3.12 3.00 2.95 2.95 3.05 3.05 2.96 2.96 2.96 3.01 2.91 3.04 3.02 3.04 3.04 3.04 3.04 3.08 3.11 3.13 3.15 3.19 3.24 3.27 3.27 3.37 3.43 3.43 3.56 3.52 3.49 3.79 3.83 3.86
4.15 4.28 4.20 4.24 4.21 4.27 4.23 4.20 4.19 4.15 4.09 4.06 3.95 3.93 3.75 3.79 3.82 3.77 3.56 3.68 3.45 3.46 3.44 3.52 3.43 3.74 3.70 3.38 3.18 3.15 3.25 3.19 3.15 3.16 3.11 3.08 3.06 3.03 3.03 3.11 3.09 3.09 3.08 3.06 3.04 3.02 2.99 2.92 2.88 2.80 3.00 2.84 2.90 2.91 3.04 3.05 3.06 3.06 3.09 3.12 3.14 3.18 3.22 3.25 3.29 3.29 3.40 3.40 3.43 3.55 3.60 3.72 3.70 3.91 3.97
3.99 4.03 4.01 4.19 4.19 4.17 4.23 4.22 4.02 3.97 3.94 4.07 3.87 3.77 3.73 3.77 3.75 3.70 3.63 3.46 3.44 3.45 3.38 3.28 3.24 3.23 3.66 3.64 3.22 3.15 3.09 3.16 3.11 3.13 3.09 3.06 3.02 3.02 3.00 3.09 3.08 3.08 3.03 3.04 3.06 3.02 3.07 3.07 2.92 2.84 2.97 2.87 2.92 2.92 2.87 2.88 2.89 3.09 3.01 3.09 3.12 3.16 3.24 3.28 3.31 3.36 3.41 3.46 3.53 3.59 3.65 3.75 3.85 3.82 4.01
3.99 4.00 4.01 4.18 4.16 4.16 4.17 4.31 4.02 3.95 3.93 3.90 3.87 3.84 3.79 3.75 3.71 3.66 3.59 3.44 3.43 3.38 3.36 3.22 3.22 3.30 3.82 3.99 3.44 3.33 3.17 3.12 3.08 3.04 3.07 3.03 3.02 2.97 2.94 2.96 3.01 3.00 3.03 3.02 3.01 3.05 3.02 3.07 3.01 2.95 2.79 2.89 2.90 2.91 2.88 2.88 2.88 2.99 3.01 3.03 3.13 3.06 3.16 3.28 3.27 3.36 3.41 3.49 3.55 3.64 3.71 3.72 3.78 3.83 3.97
3.82 3.82 3.82 4.15 4.16 4.16 4.17 4.13 4.03 3.97 3.93 3.90 3.86 3.82 3.77 3.73 3.56 3.53 3.56 3.55 3.36 3.34 3.48 3.29 3.28 3.54 4.07 4.01 3.56 3.37 3.26 3.14 3.06 3.02 2.99 3.02 2.99 2.96 2.91 2.90 3.06 3.00 2.95 3.00 3.01 3.03 3.07 3.09 3.00 2.96 2.89 2.81 2.77 2.76 2.75 2.73 2.79 2.85 2.96 2.99 2.97 3.08 3.09 3.17 3.21 3.26 3.41 3.43 3.53 3.62 3.71 3.81 3.82 3.97 4.03
3.83 3.62 3.79 4.00 3.84 3.83 3.83 3.81 3.84 4.00 3.73 3.68 3.62 3.75 3.70 3.65 3.60 3.55 3.48 3.26 3.50 3.30 3.37 3.42 3.18 3.41 4.00 3.93 3.43 3.25 3.17 3.11 3.09 2.92 2.99 2.96 2.98 2.96 3.07 2.88 2.97 3.00 2.95 3.01 2.97 2.97 3.06 3.09 3.13 3.02 3.06 2.93 3.11 2.95 2.83 2.70 2.80 2.99 2.97 3.03 2.96 3.01 3.08 3.17 3.12 3.22 3.27 3.35 3.56 3.58 3.76 3.86 3.82 3.91 4.09
3.65 3.61 3.93 4.13 4.17 3.67 3.92 3.89 3.89 3.81 3.80 3.52 3.65 3.58 3.51 3.63 3.55 3.50 3.34 3.46 3.39 3.25 3.41 3.41 3.22 3.36 3.75 3.74 3.63 3.49 3.45 3.24 3.12 2.94 2.99 2.95 2.93 2.92 2.82 3.00 2.81 2.96 2.91 3.01 3.04 2.98 3.05 3.08 3.08 3.16 3.07 3.15 3.16 3.17 2.97 2.79 2.76 2.99 3.02 3.07 3.01 3.05 3.12 3.09 3.03 3.15 3.23 3.32 3.57 3.66 3.74 3.76 3.80 3.97 4.08
4.12 4.35 4.55 4.57 4.57 4.22 3.90 4.38 4.18 4.14 3.98 3.81 3.62 3.56 3.24 3.15 3.25 3.25 3.20 3.41 3.26 3.36 3.31 3.32 3.28 3.45 3.68 3.62 3.57 3.52 3.44 3.40 3.18 3.06 3.18 3.03 3.03 3.12 2.92 2.79 2.90 2.95 2.94 2.94 2.99 3.03 3.04 3.08 3.07 3.09 3.07 3.14 3.20 3.21 3.15 2.94 2.80 2.99 3.00 2.96 3.03 2.98 3.05 3.06 3.14 3.18 3.18 3.31 3.50 3.54 3.63 3.79 3.85 4.05 4.09
4.43 4.74 4.76 4.77 4.77 4.48 4.41 4.43 4.65 4.54 4.54 4.02 3.43 3.17 3.06 3.11 3.07 3.17 3.40 3.38 3.34 3.33 3.27 3.30 3.28 3.42 3.53 3.53 3.47 3.44 3.39 3.36 3.30 3.27 3.24 3.16 3.16 3.14 2.96 2.95 2.83 2.84 2.96 2.93 2.97 2.97 2.98 2.99 3.06 3.17 3.19 3.08 3.19 3.24 3.22 3.07 2.83 2.98 3.01 3.02 3.02 3.03 3.09 3.12 3.17 3.30 3.23 3.35 3.47 3.55 3.64 3.81 4.01 4.09 4.23
4.49 4.53 4.55 4.56 4.57 4.51 4.47 4.55 4.55 4.52 4.49 3.88 3.53 3.29 3.06 2.99 3.05 3.37 3.36 3.33 3.24 3.30 3.40 3.20 3.19 3.14 3.35 3.46 3.39 3.37 3.34 3.32 3.27 3.23 3.20 3.31 3.12 3.09 3.09 3.03 2.94 2.77 2.88 2.93 2.94 2.99 3.00 3.00 3.02 3.03 3.11 3.26 3.31 3.21 3.26 3.17 2.87 2.99 3.03 2.96 3.07 3.09 3.13 3.17 3.22 3.32 3.45 3.57 3.53 3.67 3.78 3.94 4.14 4.29 4.43
4.22 4.31 4.30 4.33 4.33 4.23 4.17 4.30 4.27 4.28 4.18 4.19 4.11 3.89 3.22 2.97 3.18 3.29 3.32 3.31 3.28 3.26 3.37 3.21 3.15 3.12 3.34 3.39 3.35 3.33 3.29 3.26 3.22 3.19 3.16 3.12 3.09 3.07 3.05 3.20 3.16 2.94 2.89 2.87 2.95 2.96 2.98 3.03 3.05 3.07 3.08 3.08 3.17 3.33 3.38 3.21 2.88 3.00 3.01 3.03 3.09 3.13 3.17 3.21 3.38 3.31 3.39 3.51 3.73 3.72 3.93 4.02 4.27 4.43 4.58
4.01 4.09 4.08 4.10 4.10 4.01 3.99 4.04 3.94 3.98 3.63 3.68 3.70 3.65 3.73 3.10 3.06 3.27 3.28 3.19 3.17 3.26 3.32 3.11 3.16 3.06 3.14 3.50 3.30 3.27 3.23 3.20 3.16 3.13 3.11 3.08 3.06 3.05 3.20 3.18 3.14 3.11 2.87 2.97 2.93 2.90 3.01 3.03 3.06 3.11 3.11 3.11 3.33 3.37 3.47 3.30 2.98 2.89 3.07 3.08 3.10 3.18 3.20 3.30 3.32 3.54 3.53 3.61 3.70 3.94 4.12 4.20 4.44 4.62 4.80
3.85 3.85 3.91 3.91 3.89 3.86 3.82 3.86 3.83 3.47 3.45 3.47 3.51 3.49 3.73 3.22 3.19 3.15 3.05 3.15 3.14 3.21 3.24 3.24 3.12 3.07 3.11 3.42 3.16 3.20 3.18 3.13 3.10 3.08 3.06 3.03 3.21 3.03 3.17 3.15 3.09 3.09 3.08 3.04 2.90 2.92 2.94 3.06 3.09 3.16 3.15 3.16 3.27 3.57 3.48 3.51 3.10 2.93 3.11 3.17 3.21 3.29 3.31 3.35 3.45 3.46 3.73 3.84 3.92 4.20 4.56 4.37 4.69 4.84 5.04
3.47 3.79 3.47 3.76 3.45 3.44 3.40 3.42 3.66 3.51 3.49 3.44 3.51 3.53 3.65 3.54 3.28 3.12 3.10 3.13 3.23 3.11 3.24 3.22 3.05 3.07 3.12 3.17 3.12 3.12 3.12 3.10 3.05 3.19 3.17 3.16 3.17 3.17 3.15 3.13 3.07 3.08 3.03 3.05 3.04 2.96 3.05 3.04 3.15 3.17 3.21 3.21 3.23 3.61 3.52 3.58 3.29 3.03 3.18 3.24 3.29 3.35 3.42 3.61 3.54 3.80 3.75 3.99 4.11 4.37 4.45 4.88 4.72 5.09 5.22
