maui/input/gr0_in_month_ascii/gr0_in_nov__maui.asc
ncols        356
nrows        236
xllcorner    -156.702000000000
yllcorner    20.529750000000
cellsize     0.002250000000
NODATA_value  -99.00
[rows 66 to 98 of 236, columns 0 to 74 of 356]
-9999.00 -9999.00 -9999.00 7.16 7.16 7.14 7.18 6.87 6.75 6.64 6.32 6.44 6.26 6.14 6.04 5.91 5.79 5.70 5.44 5.39 5.19 5.15 4.99 4.97 4.94 4.62 4.57 4.35 4.16 3.96 3.91 3.63 3.43 3.42 3.25 3.21 3.17 3.08 2.98 2.82 2.75 2.67 2.82 2.87 2.58 2.53 2.51 2.46 2.62 2.56 2.53 2.42 2.32 2.15 2.27 2.52 2.52 2.48 2.51 2.83 3.18 3.43 3.37 3.32 3.12 2.84 2.79 2.78 2.92 3.04 3.33 3.34 3.51 3.95 4.08
-9999.00 -9999.00 -9999.00 -9999.00 7.21 7.10 7.51 6.70 6.76 6.69 6.55 6.47 6.34 6.16 6.08 5.93 5.83 5.65 5.48 5.32 5.14 5.02 4.90 4.79 4.62 4.76 4.35 4.10 4.10 3.78 3.61 3.64 3.58 3.35 3.25 3.27 3.25 3.16 2.91 2.82 2.74 2.67 2.84 2.60 2.78 2.58 2.49 2.45 2.60 2.55 2.54 2.40 2.24 2.29 2.44 2.47 2.45 2.56 2.82 3.08 3.40 3.08 3.35 2.98 2.92 2.77 2.77 2.86 3.08 3.40 4.00 4.05 4.11 4.40 4.47
-9999.00 -9999.00 -9999.00 -9999.00 -9999.00 7.08 6.97 7.16 6.88 6.73 6.62 6.51 6.41 6.21 6.08 5.99 5.82 5.67 5.45 5.30 5.13 5.00 4.86 4.74 4.65 4.46 4.34 4.20 3.92 3.83 3.65 3.55 3.39 3.28 3.14 3.05 2.97 2.96 3.10 2.87 2.73 2.67 2.61 2.59 2.54 2.53 2.68 2.45 2.39 2.57 2.58 2.47 2.45 2.43 2.42 2.45 2.64 2.61 2.74 3.05 2.96 2.86 3.10 2.93 2.78 2.66 3.11 3.02 3.48 3.62 3.47 3.59 3.78 4.06 4.40
-9999.00 -9999.00 -9999.00 -9999.00 -9999.00 -9999.00 6.92 6.71 6.65 6.48 6.63 6.51 6.42 6.38 6.16 5.98 5.84 5.60 5.45 5.30 5.20 5.03 4.89 4.83 4.72 4.47 4.40 4.22 4.11 3.77 3.64 3.51 3.39 3.35 3.29 3.12 3.06 2.93 2.84 2.83 2.79 2.75 2.67 2.57 2.55 2.50 2.49 2.65 2.42 2.49 2.54 2.53 2.42 2.38 2.27 2.52 2.52 2.85 2.75 2.73 2.47 2.69 2.63 2.63 2.66 2.70 2.78 3.03 2.96 3.06 3.28 3.63 4.00 4.59 4.28
-9999.00 -9999.00 -9999.00 -9999.00 -9999.00 -9999.00 6.81 6.75 6.65 6.78 6.67 6.55 6.46 6.36 6.20 6.02 5.86 5.65 5.52 5.39 5.28 5.11 5.07 4.88 4.66 4.42 4.28 4.10 4.05 3.87 3.80 3.87 3.91 3.61 3.58 3.41 3.10 3.27 3.09 2.93 2.78 2.67 2.61 2.59 2.54 2.51 2.47 2.44 2.59 2.52 2.53 2.48 2.42 2.42 2.25 1.94 2.15 2.15 2.37 2.21 2.32 2.37 2.16 2.49 2.55 2.70 2.66 2.84 3.06 3.38 3.76 4.29 4.26 3.96 3.87
-9999.00 -9999.00 -9999.00 -9999.00 -9999.00 -9999.00 -9999.00 6.64 6.55 6.55 6.61 6.50 6.43 6.33 6.28 6.13 5.97 5.82 5.66 5.47 5.21 5.08 5.00 4.80 4.68 4.39 4.24 4.76 4.58 4.40 4.35 3.69 3.73 3.62 3.48 3.51 3.59 3.27 3.39 3.31 2.78 2.80 2.68 2.63 2.58 2.54 2.50 2.45 2.39 2.56 2.52 2.48 2.51 2.34 2.28 2.23 2.10 2.31 2.24 2.47 2.47 2.48 2.52 2.52 2.56 2.59 2.71 2.96 3.31 2.91 3.28 3.33 3.27 3.60 3.89
-9999.00 -9999.00 -9999.00 -9999.00 -9999.00 -9999.00 6.65 6.62 6.57 6.49 6.50 6.53 6.44 6.32 6.21 6.02 6.02 5.92 5.73 5.32 5.25 5.14 4.97 4.81 4.77 4.83 4.64 4.28 4.01 3.87 3.72 3.56 3.40 3.28 3.14 3.20 3.16 3.08 3.11 2.94 3.11 2.90 2.80 2.72 2.65 2.56 2.50 2.45 2.43 2.41 2.55 2.50 2.46 2.31 2.27 2.40 2.39 2.40 2.39 2.43 2.45 2.48 2.49 2.51 2.55 2.60 2.72 2.98 3.05 2.89 2.98 3.04 3.36 3.64 3.88
-9999.00 -9999.00 -9999.00 -9999.00 -9999.00 -9999.00 6.62 6.69 6.62 6.48 6.47 6.57 6.41 6.28 6.07 6.21 5.90 6.43 5.91 5.57 5.22 5.09 4.93 4.78 4.62 4.59 4.31 4.30 3.99 3.84 3.72 3.59 3.49 3.32 3.35 3.22 3.10 3.00 2.96 2.93 2.90 2.86 2.67 2.61 2.56 2.53 2.51 2.46 2.44 2.41 2.52 2.49 2.45 2.48 2.47 2.45 2.48 2.43 2.49 2.45 2.44 2.49 2.50 2.52 2.54 2.61 2.62 2.83 2.84 2.79 2.98 3.08 3.16 3.46 4.11
-9999.00 -9999.00 -9999.00 -9999.00 -9999.00 -9999.00 6.65 6.65 6.55 6.53 6.62 6.53 6.43 6.29 6.18 5.98 6.16 6.03 5.91 5.89 5.58 5.23 4.99 4.76 4.68 4.60 4.51 4.57 4.25 4.28 4.07 3.70 3.41 3.30 3.17 3.00 3.01 2.96 2.90 2.74 2.69 2.64 2.60 2.56 2.55 2.50 2.48 2.46 2.44 2.58 2.52 2.50 2.46 2.45 2.47 2.44 2.43 2.41 2.41 2.40 2.57 2.68 2.58 2.72 2.78 2.63 2.62 2.77 3.17 2.79 2.89 3.04 3.22 3.48 3.54
-9999.00 -9999.00 -9999.00 -9999.00 -9999.00 -9999.00 6.71 6.75 6.55 6.53 6.61 6.49 6.38 6.37 6.22 6.35 6.22 6.11 5.89 5.78 5.59 5.44 5.31 5.17 4.95 4.77 4.38 4.12 4.04 3.89 4.01 4.26 4.03 3.80 3.58 3.52 3.42 3.35 3.16 2.96 2.79 2.74 2.69 2.63 2.52 2.49 2.47 2.63 2.58 2.59 2.57 2.52 2.53 2.51 2.44 2.43 2.40 2.42 2.50 2.60 2.65 2.92 2.95 2.78 3.10 3.09 2.82 2.79 3.27 3.17 3.04 3.09 3.18 3.39 3.43
-9999.00 -9999.00 -9999.00 -9999.00 -9999.00 6.81 6.75 6.94 6.58 6.60 6.68 6.62 6.57 6.47 6.42 6.38 6.45 6.18 6.14 5.81 5.64 5.27 5.04 4.86 4.75 4.55 4.15 4.02 3.89 3.80 3.68 3.63 3.60 3.63 3.44 3.34 3.18 3.09 3.20 3.26 3.16 3.09 2.98 2.64 2.55 2.44 2.44 2.62 2.61 2.59 2.53 2.48 2.44 2.42 2.40 2.45 2.54 2.45 2.56 2.77 3.03 3.09 3.23 3.25 3.25 3.47 3.11 2.85 3.08 3.98 3.14 3.57 3.49 3.70 3.97
-9999.00 -9999.00 -9999.00 -9999.00 -9999.00 6.81 7.07 6.93 6.61 6.57 6.81 6.72 6.67 6.65 6.55 6.65 6.27 5.88 6.24 5.70 5.69 5.52 5.14 4.91 4.65 4.47 4.28 4.06 3.90 3.75 3.68 3.66 3.65 3.41 3.35 3.27 2.98 2.98 2.91 2.87 2.78 2.82 2.76 2.79 2.58 2.50 2.67 2.62 2.58 2.53 2.47 2.40 2.46 2.61 2.48 2.63 2.76 2.70 2.75 3.04 3.19 3.31 3.41 3.47 3.53 3.68 3.47 3.27 3.24 3.99 3.69 3.93 4.41 4.38 4.88
-9999.00 -9999.00 -9999.00 -9999.00 -9999.00 6.83 6.64 6.93 6.91 6.59 6.55 6.83 7.01 6.93 6.81 6.17 6.34 6.08 5.87 5.91 5.76 5.57 5.37 5.01 4.87 4.64 4.44 4.21 4.07 3.90 3.96 3.96 3.79 3.84 3.88 3.76 3.59 3.03 3.04 2.96 2.90 2.86 2.80 2.78 2.73 2.63 2.66 2.63 2.55 2.52 2.57 2.57 2.54 2.53 2.75 2.79 2.94 3.00 2.94 3.14 3.35 3.47 3.47 3.65 3.80 3.82 3.89 3.83 3.64 3.89 4.57 4.43 4.50 4.82 5.02
-9999.00 -9999.00 -9999.00 -9999.00 -9999.00 6.83 6.82 6.61 7.05 7.19 7.16 7.09 7.03 6.42 6.66 6.59 6.47 6.37 6.20 5.94 5.82 5.63 5.47 5.26 5.07 4.73 4.64 4.40 4.21 4.18 3.92 4.16 3.97 3.69 3.41 3.45 3.24 3.25 3.14 2.95 2.91 2.84 2.80 2.77 2.73 2.65 2.63 2.53 2.44 2.31 2.52 2.61 2.67 2.79 2.83 2.89 3.04 3.23 3.27 3.39 3.54 3.60 3.67 3.68 3.76 3.87 4.17 4.14 4.50 4.54 4.73 4.97 4.98 4.87 4.86
-9999.00 -9999.00 -9999.00 -9999.00 -9999.00 -9999.00 6.81 6.79 6.62 6.62 6.90 6.85 6.50 6.46 6.76 6.61 6.48 6.39 6.21 6.05 5.95 5.78 5.61 5.42 5.28 5.04 4.66 4.52 4.39 4.29 4.48 4.15 3.68 3.71 3.95 3.85 3.74 3.56 3.27 3.11 3.03 2.76 2.72 2.65 2.65 2.60 2.58 2.60 2.58 2.34 2.56 2.67 2.70 2.83 2.92 3.12 3.28 3.37 3.31 3.56 3.65 3.77 3.83 3.84 3.92 3.99 4.05 4.25 4.67 4.53 4.38 4.39 4.08 4.56 4.54
-9999.00 -9999.00 -9999.00 -9999.00 -9999.00 -9999.00 -9999.00 6.79 6.82 6.58 6.91 6.88 6.91 6.59 6.78 6.67 6.51 6.39 6.21 6.12 5.95 5.81 5.63 5.43 5.32 5.15 4.96 4.74 4.53 4.63 4.16 4.41 4.25 4.38 4.19 4.10 4.02 3.81 3.86 3.37 3.30 3.09 3.06 2.86 2.87 2.95 2.85 2.68 2.53 2.41 2.53 2.55 2.66 2.75 2.89 2.98 2.95 3.13 3.35 3.50 3.60 3.69 3.76 3.97 3.94 4.06 4.23 4.39 3.92 4.19 3.97 3.71 3.74 3.82 4.06
-9999.00 -9999.00 -9999.00 -9999.00 -9999.00 -9999.00 -9999.00 -9999.00 6.76 6.76 6.91 6.59 6.57 6.86 6.76 6.71 6.57 6.51 6.38 6.18 6.01 5.96 5.73 5.58 5.39 5.22 5.24 4.93 4.82 4.73 4.68 4.66 4.40 4.13 3.81 3.52 3.38 3.41 3.41 3.35 3.46 3.19 3.23 3.30 2.93 2.76 2.68 2.58 2.43 2.56 2.63 2.65 2.76 2.93 3.04 3.19 3.36 3.39 3.45 3.59 3.74 3.86 3.92 3.88 3.94 4.18 4.08 3.94 3.29 3.44 3.91 3.56 3.68 3.34 3.59
-9999.00 -9999.00 -9999.00 -9999.00 -9999.00 -9999.00 -9999.00 -9999.00 -9999.00 6.76 6.58 6.93 6.97 6.78 6.96 6.78 6.57 6.51 6.40 6.22 6.11 5.98 5.79 5.61 5.58 5.35 5.22 5.14 4.68 4.51 4.41 4.21 3.93 3.71 3.43 3.25 3.09 3.01 2.99 3.01 3.03 3.03 3.07 2.86 2.99 2.87 2.66 2.71 2.46 2.62 2.63 2.84 2.90 2.99 3.07 2.95 3.02 3.16 3.45 3.66 3.65 3.66 3.60 3.72 3.93 3.70 3.76 3.31 2.85 2.99 3.59 3.19 3.28 3.13 3.20
-9999.00 -9999.00 -9999.00 -9999.00 -9999.00 -9999.00 -9999.00 -9999.00 -9999.00 6.74 6.77 6.61 6.60 6.57 6.88 6.93 6.70 6.58 6.55 6.82 6.18 5.98 5.87 5.78 5.69 5.47 5.13 4.97 4.81 4.76 4.51 4.31 3.98 3.63 3.52 3.34 3.12 2.97 2.88 2.82 2.97 2.96 3.01 2.99 2.90 2.73 2.77 2.76 2.63 2.61 2.70 2.76 2.84 3.04 3.15 3.19 3.32 3.27 3.33 3.42 3.48 3.25 3.52 3.56 3.80 3.26 3.32 3.19 2.72 2.89 2.98 3.00 2.98 2.97 3.13
-9999.00 -9999.00 -9999.00 -9999.00 -9999.00 -9999.00 -9999.00 -9999.00 -9999.00 -9999.00 6.80 6.76 7.22 6.60 6.64 6.88 6.78 6.68 6.57 6.41 6.32 6.16 6.05 5.92 5.82 5.51 5.30 5.14 5.01 4.78 4.62 4.42 4.14 4.01 3.86 3.56 3.27 3.04 2.88 2.82 2.75 2.90 2.88 2.88 2.89 2.87 2.77 2.72 2.87 2.88 2.92 3.15 2.99 2.74 2.95 2.97 3.23 3.12 3.26 3.40 3.17 3.13 3.39 3.39 3.58 3.28 2.95 2.75 2.80 2.86 2.87 2.97 2.98 3.09 3.30
-9999.00 -9999.00 -9999.00 -9999.00 -9999.00 -9999.00 -9999.00 -9999.00 -9999.00 -9999.00 -9999.00 6.74 6.77 6.74 7.28 6.91 6.81 6.68 6.60 6.46 6.35 6.26 6.15 5.95 5.85 5.76 5.59 5.26 5.02 4.86 4.55 4.49 4.31 4.12 3.98 3.84 3.48 3.33 3.12 2.90 2.98 2.91 2.87 2.84 2.82 2.80 2.77 2.84 3.17 3.29 3.21 3.10 3.19 2.97 2.68 2.96 3.16 3.03 3.09 3.25 2.83 2.86 3.14 3.34 3.40 3.28 2.69 2.79 2.79 2.93 3.19 3.27 3.20 3.04 3.26
-9999.00 -9999.00 -9999.00 -9999.00 -9999.00 -9999.00 -9999.00 -9999.00 -9999.00 -9999.00 -9999.00 -9999.00 6.80 6.68 6.65 6.67 6.83 6.77 6.65 6.48 6.42 6.30 6.13 6.08 5.95 5.80 5.68 5.54 5.18 4.89 4.68 4.53 4.22 3.93 3.69 3.40 3.53 3.49 3.24 2.98 2.97 2.93 2.94 2.89 2.89 2.85 3.01 3.12 3.16 3.50 3.64 3.44 3.36 3.17 2.87 2.69 2.74 2.76 3.00 3.07 2.73 2.91 2.84 3.00 3.27 2.90 2.78 2.92 2.95 3.06 3.24 3.56 3.56 3.33 3.74
-9999.00 -9999.00 -9999.00 -9999.00 -9999.00 -9999.00 -9999.00 -9999.00 -9999.00 -9999.00 -9999.00 -9999.00 6.80 6.80 6.78 6.72 7.13 6.80 6.71 6.61 6.51 6.43 6.04 6.18 6.06 5.87 5.82 5.71 5.43 4.98 4.78 4.57 4.25 4.06 4.10 4.02 3.58 3.68 3.55 3.40 3.05 3.18 3.07 3.07 3.11 3.05 3.38 3.29 3.66 3.77 3.61 3.66 3.46 3.43 3.05 3.00 3.07 2.94 2.68 2.70 2.77 2.80 2.89 2.99 3.14 3.19 3.03 3.13 3.09 3.72 3.19 3.48 3.82 3.68 3.74
-9999.00 -9999.00 -9999.00 -9999.00 -9999.00 -9999.00 -9999.00 -9999.00 -9999.00 -9999.00 -9999.00 -9999.00 -9999.00 6.75 6.80 6.86 6.93 6.92 6.78 6.70 6.57 6.22 6.43 6.36 6.20 6.02 6.03 5.88 5.67 5.43 5.00 4.74 4.57 4.46 4.12 4.24 4.30 4.06 3.67 3.39 3.27 3.36 3.12 3.12 3.39 3.27 3.52 3.32 3.48 3.86 3.85 4.02 3.65 3.58 3.36 3.50 3.23 3.06 2.78 2.48 2.72 2.89 2.94 3.13 3.19 3.07 3.22 3.13 3.53 3.64 3.62 3.46 3.96 4.07 4.24
-9999.00 -9999.00 -9999.00 -9999.00 -9999.00 -9999.00 -9999.00 -9999.00 -9999.00 -9999.00 -9999.00 -9999.00 -9999.00 -9999.00 6.83 6.86 6.76 7.22 6.88 6.76 6.60 6.52 6.49 6.39 6.36 6.26 6.12 5.88 5.51 5.60 5.30 4.84 4.62 4.61 4.71 4.38 3.97 3.93 3.97 3.89 3.83 3.61 3.74 3.79 3.47 3.25 3.47 3.34 3.62 3.94 3.95 4.04 3.87 3.79 3.85 3.39 3.17 2.88 2.72 2.57 2.84 2.89 3.10 2.82 3.11 3.13 3.27 3.59 3.77 3.65 3.83 3.81 3.93 4.28 4.63
-9999.00 -9999.00 -9999.00 -9999.00 -9999.00 -9999.00 -9999.00 -9999.00 -9999.00 -9999.00 -9999.00 -9999.00 -9999.00 -9999.00 -9999.00 6.87 6.89 6.76 6.98 6.82 6.69 6.69 6.61 6.58 6.45 6.37 6.14 5.75 5.83 5.57 5.51 5.34 5.08 4.84 4.59 4.68 4.62 4.54 4.49 4.20 4.16 3.89 3.52 3.30 2.92 2.90 3.15 3.29 3.44 3.91 3.97 4.04 4.08 3.88 3.64 3.57 3.31 2.81 2.86 2.67 2.52 2.80 2.87 2.72 2.97 2.95 3.23 2.99 3.22 3.43 3.58 3.88 3.94 4.25 4.19
-9999.00 -9999.00 -9999.00 -9999.00 -9999.00 -9999.00 -9999.00 -9999.00 -9999.00 -9999.00 -9999.00 -9999.00 -9999.00 -9999.00 -9999.00 -9999.00 6.91 6.90 7.01 6.92 6.88 6.80 6.75 6.69 6.53 6.43 6.08 6.13 5.79 5.81 5.77 5.51 5.26 5.22 5.20 4.77 4.51 4.47 4.26 4.01 3.65 3.28 3.32 2.86 2.88 2.93 2.97 3.50 3.91 4.05 4.22 4.11 4.23 4.02 3.81 3.51 3.20 3.05 3.17 2.89 2.87 2.66 2.66 2.56 2.99 3.04 2.86 3.07 3.29 3.09 3.53 3.45 3.58 3.77 3.93
-9999.00 -9999.00 -9999.00 -9999.00 -9999.00 -9999.00 -9999.00 -9999.00 -9999.00 -9999.00 -9999.00 -9999.00 -9999.00 -9999.00 -9999.00 -9999.00 -9999.00 6.89 6.89 6.88 7.01 6.98 6.84 6.73 6.63 6.45 6.51 6.00 5.86 5.71 5.94 5.64 5.55 4.99 4.68 4.48 4.18 3.77 3.66 3.42 3.33 2.97 2.93 3.03 2.97 2.95 2.88 3.09 3.57 3.74 4.20 4.53 4.10 3.78 3.50 3.35 3.23 3.24 3.24 3.18 2.95 2.95 2.95 2.60 2.82 2.94 2.89 3.01 2.98 3.18 3.23 3.21 3.45 3.58 3.82
-9999.00 -9999.00 -9999.00 -9999.00 -9999.00 -9999.00 -9999.00 -9999.00 -9999.00 -9999.00 -9999.00 -9999.00 -9999.00 -9999.00 -9999.00 -9999.00 -9999.00 -9999.00 -9999.00 6.91 6.91 6.99 6.97 6.83 6.72 6.56 6.44 6.33 5.99 6.15 5.66 5.83 5.68 5.24 4.98 4.55 4.33 4.20 4.08 3.66 3.18 3.22 3.21 3.10 3.06 3.06 2.99 3.04 3.58 4.08 4.53 4.61 4.08 3.59 2.98 3.34 3.43 3.26 3.69 3.52 3.45 3.23 2.83 2.65 2.80 2.84 2.86 2.93 3.01 3.06 3.13 3.11 3.15 3.26 3.58
-9999.00 -9999.00 -9999.00 -9999.00 -9999.00 -9999.00 -9999.00 -9999.00 -9999.00 -9999.00 -9999.00 -9999.00 -9999.00 -9999.00 -9999.00 -9999.00 -9999.00 -9999.00 -9999.00 -9999.00 6.92 6.81 7.18 6.92 6.77 6.67 6.51 6.49 6.10 6.17 5.85 5.84 5.74 5.55 5.30 4.80 4.75 4.39 4.05 3.72 3.85 3.23 3.27 3.24 2.97 3.03 3.31 3.41 4.13 4.74 4.78 4.13 3.42 3.11 2.95 3.10 3.58 3.55 3.86 3.67 3.19 2.85 2.96 2.81 2.87 2.85 2.87 2.90 2.91 2.94 2.98 3.08 3.34 3.61 4.01
-9999.00 -9999.00 -9999.00 -9999.00 -9999.00 -9999.00 -9999.00 -9999.00 -9999.00 -9999.00 -9999.00 -9999.00 -9999.00 -9999.00 -9999.00 -9999.00 -9999.00 -9999.00 -9999.00 -9999.00 6.93 6.91 6.71 6.92 6.88 6.79 6.58 6.23 6.00 6.08 6.08 5.95 5.78 5.44 5.39 5.12 4.70 4.49 4.27 4.32 3.76 3.43 3.43 3.16 3.24 3.10 3.43 4.39 4.68 5.14 4.28 3.52 3.08 2.99 3.12 3.46 3.52 3.84 4.00 3.58 3.28 2.85 2.89 2.76 2.83 2.69 2.91 2.93 2.98 3.09 3.17 3.16 3.32 3.41 3.63
-9999.00 -9999.00 -9999.00 -9999.00 -9999.00 -9999.00 -9999.00 -9999.00 -9999.00 -9999.00 -9999.00 -9999.00 -9999.00 -9999.00 -9999.00 -9999.00 -9999.00 -9999.00 -9999.00 -9999.00 -9999.00 6.91 6.91 7.00 6.86 6.80 6.69 6.76 6.38 6.10 5.78 5.90 5.69 5.64 5.68 5.36 5.12 5.03 4.74 4.34 4.18 4.11 3.84 3.58 3.26 3.40 3.93 4.15 5.49 4.62 3.39 3.21 3.11 2.91 3.09 3.46 3.68 4.35 3.69 3.77 3.52 3.33 3.51 3.42 2.85 2.92 2.98 2.97 2.97 3.11 3.30 3.34 3.41 3.95 4.38
-9999.00 -9999.00 -9999.00 -9999.00 -9999.00 -9999.00 -9999.00 -9999.00 -9999.00 -9999.00 -9999.00 -9999.00 -9999.00 -9999.00 -9999.00 -9999.00 -9999.00 -9999.00 -9999.00 -9999.00 -9999.00 -9999.00 6.91 6.79 7.02 6.84 6.91 6.69 6.29 6.09 6.00 6.14 6.26 5.93 5.72 5.72 5.28 5.04 4.90 4.35 3.95 3.94 3.83 3.59 3.50 4.01 4.35 4.80 4.92 3.66 3.26 3.15 3.26 3.03 3.47 4.12 4.05 4.20 3.67 4.01 3.79 3.80 3.14 2.86 2.78 2.98 3.05 2.99 3.10 3.06 3.15 3.15 3.33 3.53 3.71
