maui/input/gr0_in_month_ascii/gr0_in_jun__maui.asc
ncols        356
nrows        236
xllcorner    -156.702000000000
yllcorner    20.529750000000
cellsize     0.002250000000
NODATA_value  -99.00
[rows 66 to 98 of 236, columns 75 to 149 of 356]
4.87 5.38 5.45 5.55 5.69 6.45 6.95 7.64 7.66 7.69 8.17 8.29 8.66 8.78 8.89 8.55 8.88 9.11 9.28 9.17 9.22 9.31 9.44 -9999.00 -9999.00 -9999.00 -9999.00 -9999.00 -9999.00 -9999.00 -9999.00 -9999.00 -9999.00 -9999.00 -9999.00 -9999.00 -9999.00 -9999.00 -9999.00 -9999.00 -9999.00 -9999.00 -9999.00 -9999.00 -9999.00 -9999.00 -9999.00 10.49 10.47 10.48 10.47 -9999.00 -9999.00 -9999.00 9.96 9.98 10.00 10.41 10.37 10.32 10.29 10.29 10.29 10.22 10.13 10.11 10.13 10.08 9.86 9.80 9.67 9.55 9.43 9.53 9.27
5.56 5.61 5.80 6.34 6.87 7.15 7.41 7.56 7.44 7.70 7.89 8.23 8.54 8.65 8.73 8.50 8.68 8.98 8.88 8.96 9.47 9.96 9.38 -9999.00 -9999.00 -9999.00 -9999.00 -9999.00 -9999.00 -9999.00 -9999.00 -9999.00 -9999.00 -9999.00 -9999.00 -9999.00 -9999.00 -9999.00 -9999.00 -9999.00 -9999.00 -9999.00 -9999.00 -9999.00 -9999.00 10.37 10.33 10.37 10.47 10.54 10.38 10.42 10.31 10.22 10.08 9.97 9.50 9.96 9.85 10.37 10.22 10.16 10.12 10.26 10.07 10.05 10.05 9.93 9.74 9.82 9.66 9.47 9.38 9.26 9.29
5.46 5.95 6.28 6.32 6.64 7.01 7.00 7.12 7.56 7.63 7.93 8.26 8.39 8.24 8.69 8.65 8.76 9.53 9.16 9.26 9.62 9.05 9.34 9.34 -9999.00 -9999.00 -9999.00 -9999.00 -9999.00 -9999.00 -9999.00 -9999.00 -9999.00 -9999.00 -9999.00 -9999.00 -9999.00 -9999.00 -9999.00 -9999.00 -9999.00 -9999.00 -9999.00 -9999.00 10.31 10.30 10.44 10.41 10.50 10.57 10.37 10.46 10.40 10.40 10.02 9.89 9.43 9.98 10.00 10.14 10.07 10.04 10.01 9.93 10.07 9.90 9.81 9.79 9.72 9.30 9.98 9.39 9.32 9.07 9.04
5.59 5.34 5.66 5.48 6.01 7.02 7.19 7.58 7.23 7.49 7.81 8.08 8.18 8.43 8.20 8.85 8.39 8.41 8.96 8.76 9.23 9.36 9.13 9.36 -9999.00 -9999.00 -9999.00 -9999.00 -9999.00 -9999.00 -9999.00 -9999.00 -9999.00 -9999.00 -9999.00 -9999.00 -9999.00 -9999.00 -9999.00 -9999.00 -9999.00 -9999.00 10.11 10.23 10.22 10.38 10.43 10.09 9.54 10.41 10.23 10.37 10.40 10.38 10.03 10.26 10.18 10.10 10.08 9.99 10.00 9.96 9.94 9.87 9.86 9.87 9.74 9.78 9.57 9.15 9.59 9.49 9.22 8.89 8.99
4.59 4.37 4.84 5.38 5.63 6.34 6.84 6.70 7.16 7.56 7.71 7.93 8.12 8.41 8.35 8.09 8.90 8.82 9.16 8.68 9.16 9.12 9.34 9.49 -9999.00 -9999.00 7.77 7.67 -9999.00 -9999.00 -9999.00 -9999.00 -9999.00 -9999.00 -9999.00 -9999.00 -9999.00 -9999.00 -9999.00 -9999.00 10.03 10.01 10.02 10.39 10.45 10.56 9.49 9.93 10.27 9.92 10.16 10.19 10.27 10.19 10.19 10.20 10.11 10.07 9.99 9.93 9.87 9.87 9.87 9.76 9.63 9.90 9.65 9.60 9.44 9.36 9.09 8.53 9.16 9.17 8.92
4.65 4.90 5.26 6.02 6.55 6.41 6.74 7.04 7.14 7.44 7.77 7.94 8.17 8.02 8.76 8.79 8.92 8.80 9.63 8.62 8.72 9.03 9.88 9.64 9.01 8.14 7.88 7.75 7.45 8.21 9.41 -9999.00 -9999.00 -9999.00 -9999.00 -9999.00 -9999.00 10.11 10.09 10.02 10.01 9.71 10.64 9.79 9.45 10.55 9.76 9.75 10.26 10.14 10.10 9.59 10.15 10.31 10.12 10.07 10.03 9.98 9.92 9.87 9.80 9.78 9.91 9.58 9.47 9.54 9.65 9.48 9.39 9.29 9.19 8.49 9.12 8.98 8.98
4.50 5.24 5.36 5.95 5.64 5.83 6.59 6.85 7.32 7.48 7.68 7.89 7.83 8.39 8.49 8.49 8.91 8.31 8.40 8.70 8.58 8.83 9.82 9.94 10.38 10.39 3.92 3.99 10.14 9.79 9.45 9.52 9.69 9.82 9.98 10.16 10.18 10.14 10.22 9.93 9.80 9.81 10.01 9.69 9.72 10.00 10.49 10.21 10.17 10.06 10.09 10.06 10.04 10.18 10.02 10.01 9.95 9.94 9.90 9.84 9.78 9.77 9.88 9.61 8.95 9.55 9.48 9.40 9.38 9.24 9.19 9.09 8.88 8.88 8.82
4.67 4.50 5.18 5.05 5.11 5.84 6.46 6.85 7.55 7.45 7.70 7.62 8.16 8.45 8.59 8.06 8.70 8.23 8.39 8.35 9.17 9.37 9.46 10.12 10.17 10.36 3.98 3.96 10.39 10.13 9.49 9.52 9.54 9.63 10.04 9.81 10.09 10.75 10.14 9.82 10.01 9.95 9.92 9.66 9.67 9.42 10.14 10.19 10.14 10.05 10.05 9.80 9.98 9.98 9.94 9.95 9.92 9.90 9.90 9.85 9.91 10.41 10.40 9.73 9.46 9.33 9.56 9.35 9.27 9.59 9.01 8.96 8.92 8.69 8.76
4.06 4.56 4.19 4.58 4.91 5.82 6.09 7.07 7.05 7.06 7.44 8.09 7.68 7.80 8.52 7.93 8.01 7.81 8.75 8.62 9.20 9.75 9.51 9.34 10.12 10.02 10.04 10.53 9.72 9.43 9.46 9.50 9.52 10.21 10.62 10.30 10.53 10.24 9.63 10.28 9.70 9.68 9.63 9.62 9.61 10.18 10.04 9.99 10.00 10.00 10.00 10.00 9.99 9.94 9.86 9.83 9.83 9.95 9.85 9.83 9.78 10.29 10.24 9.56 9.30 9.23 9.29 9.45 9.03 8.95 8.89 8.84 8.82 8.79 8.71
3.51 3.84 4.46 5.13 5.74 5.95 6.50 6.72 7.19 7.39 7.78 8.08 7.58 7.95 8.06 7.88 7.82 8.49 8.74 8.35 8.84 9.71 9.96 9.48 9.27 10.19 8.98 8.98 9.60 9.05 9.98 9.12 9.72 10.18 10.10 10.54 10.53 10.02 9.81 9.64 9.76 9.36 9.59 9.57 9.79 10.06 9.99 9.92 9.93 9.91 9.90 9.93 9.91 9.87 9.82 9.72 9.70 9.75 9.75 9.76 9.65 9.66 9.57 9.48 9.36 9.16 9.19 9.11 9.11 8.89 8.91 8.74 8.74 8.82 8.63
4.89 4.78 4.90 4.89 5.32 6.05 6.36 6.88 7.46 7.68 8.08 7.39 7.96 7.43 8.01 8.15 8.12 8.66 8.14 8.75 9.10 9.08 9.26 10.01 9.47 8.89 9.63 9.34 9.37 9.03 9.40 9.42 9.46 9.48 9.88 10.10 10.12 10.01 9.28 9.52 9.63 9.77 10.30 10.04 9.76 9.99 9.90 9.89 9.88 9.85 9.86 9.89 9.88 9.83 9.78 9.64 9.65 9.66 9.66 9.58 9.52 9.49 9.50 9.43 9.31 9.13 9.03 8.97 9.07 8.83 8.87 8.69 8.68 9.05 8.98
5.41 5.58 5.82 6.03 6.32 6.59 6.70 7.02 7.55 7.44 7.09 7.70 7.60 7.78 8.28 8.21 8.44 8.61 8.69 8.77 8.43 8.99 8.92 9.08 9.10 9.17 9.24 9.30 8.98 9.00 9.37 9.39 9.40 9.42 10.00 9.71 9.18 10.04 9.68 9.93 9.95 10.17 10.17 10.08 10.10 9.98 9.84 9.85 9.83 9.79 9.79 9.82 9.83 9.82 9.74 9.67 9.58 9.56 9.55 9.47 9.45 9.42 9.38 9.23 9.15 9.08 8.94 8.91 8.88 8.89 8.79 8.61 8.53 8.59 8.50
6.34 6.93 6.65 6.67 6.51 6.84 7.09 7.44 7.60 7.05 7.43 7.75 7.32 7.79 8.29 7.76 8.45 8.51 8.75 8.45 8.83 8.40 8.52 8.91 8.58 9.14 9.25 9.26 8.92 8.94 8.96 9.33 9.34 9.37 9.39 9.43 9.44 9.99 9.85 9.87 10.18 10.01 9.98 9.91 9.89 9.78 9.80 9.77 9.77 9.53 9.89 9.77 9.79 9.76 9.71 9.61 9.57 9.52 9.47 9.43 9.34 9.31 9.19 9.12 9.15 8.99 8.92 8.86 8.82 8.76 8.79 8.53 8.44 8.43 8.27
5.81 6.07 6.19 6.17 6.74 6.61 6.74 6.70 6.84 7.03 7.59 7.90 7.39 7.57 7.71 8.08 7.75 7.89 8.99 8.29 8.77 8.33 8.79 8.53 9.64 9.39 9.47 8.78 8.85 9.22 8.90 9.28 9.30 8.98 9.35 9.39 9.94 9.81 10.12 9.51 9.59 10.07 9.85 9.81 9.85 9.80 9.77 9.74 9.71 9.73 9.70 9.70 9.73 9.22 9.71 9.62 9.55 9.51 9.46 9.39 9.32 9.21 9.17 9.09 9.07 8.91 8.85 8.82 8.74 8.69 8.62 8.59 8.34 8.15 8.10
4.80 5.53 5.20 5.27 5.51 5.62 5.64 6.48 6.94 7.16 7.44 7.67 7.96 7.53 8.17 8.25 7.69 8.74 8.04 8.65 8.30 8.71 8.45 8.90 9.24 8.95 9.09 9.12 8.78 8.79 8.82 8.85 8.90 8.92 9.32 9.34 9.81 9.86 9.91 9.75 9.46 9.28 9.35 9.29 9.30 9.75 9.74 9.72 9.67 9.67 9.70 9.65 9.62 9.65 9.63 9.38 9.32 9.49 9.44 9.38 9.30 9.22 9.11 9.06 8.97 8.92 8.78 8.74 8.67 8.63 8.53 8.31 8.57 8.08 8.00
4.03 4.24 4.41 4.36 5.05 5.73 6.12 6.24 6.84 7.14 7.40 7.55 7.56 7.48 7.99 8.35 8.74 9.24 8.74 8.30 8.98 8.68 8.72 8.92 8.87 9.29 9.23 9.92 9.08 8.74 9.16 8.81 8.85 9.26 9.47 9.83 9.85 9.68 9.70 9.79 9.76 9.67 9.66 9.63 9.64 9.59 9.69 9.65 9.64 9.62 9.62 9.60 9.61 9.57 9.54 9.48 9.40 9.39 9.18 9.29 9.18 9.04 9.07 9.00 8.91 8.99 8.76 8.68 8.62 8.55 8.32 8.27 8.45 7.92 7.87
3.45 3.71 3.79 4.73 5.13 5.32 6.19 5.86 6.77 7.11 7.43 7.62 7.88 7.89 7.66 8.48 8.24 9.33 8.64 8.13 8.17 8.76 8.74 8.82 8.88 9.48 9.33 9.33 8.63 9.05 9.07 9.12 9.73 9.77 9.78 9.69 9.71 9.72 9.70 9.68 9.73 9.57 9.58 9.65 9.57 9.66 9.59 9.59 9.56 9.55 9.55 9.57 9.56 9.54 9.49 9.42 9.37 9.26 9.23 8.73 9.05 8.93 8.91 8.90 8.86 8.80 8.72 8.66 8.52 8.62 8.27 8.19 8.07 7.88 7.69
3.18 3.31 3.92 4.81 5.30 5.61 5.99 6.10 6.79 7.07 7.35 7.63 7.88 7.78 7.92 7.71 8.22 8.52 8.74 8.52 8.67 8.70 8.36 8.77 8.47 9.56 9.03 8.56 8.97 9.00 9.05 9.64 9.64 9.35 9.64 9.69 9.63 9.64 9.64 9.63 9.66 9.60 9.64 9.82 10.27 9.56 9.55 9.50 9.49 9.48 9.50 9.52 9.49 9.47 9.60 9.31 9.27 9.25 9.18 9.13 8.87 8.90 8.83 8.84 8.74 8.72 8.57 8.54 8.46 8.39 8.32 8.18 8.00 7.89 7.78
3.35 3.65 3.91 4.21 4.56 5.12 5.66 6.44 6.41 6.94 7.32 7.45 7.49 7.38 7.81 8.08 8.77 8.65 8.81 8.66 8.87 9.19 8.67 8.80 8.49 9.20 8.88 8.90 8.94 9.00 9.59 9.56 9.59 9.63 9.63 9.59 9.60 9.63 9.60 9.60 9.58 9.59 9.56 9.53 10.15 9.53 9.46 9.46 9.42 9.40 9.42 9.47 9.40 9.53 9.84 9.30 9.16 9.13 9.12 9.02 8.91 8.80 8.66 8.27 8.82 8.59 8.49 8.40 8.38 8.22 8.14 8.06 7.93 7.83 7.73
3.39 3.57 4.28 4.77 5.27 5.78 5.96 6.17 6.42 7.02 7.17 7.34 7.60 7.92 7.97 8.12 8.43 9.06 8.70 8.56 8.77 8.97 9.22 8.79 9.12 8.84 9.59 9.41 9.60 9.53 9.51 9.55 9.57 9.60 9.28 9.33 9.25 9.73 9.55 9.60 9.58 9.60 9.55 9.52 9.44 9.33 9.34 9.35 9.36 9.32 9.35 9.35 9.36 9.34 9.26 9.19 9.10 9.02 9.00 8.95 8.87 8.74 8.71 8.69 8.58 8.49 8.38 8.31 8.37 8.38 8.04 7.94 7.84 7.79 7.66
3.37 3.91 4.60 5.07 5.26 5.58 5.71 5.81 6.44 6.76 7.16 7.59 7.64 7.86 7.94 8.12 8.50 8.40 8.65 8.74 8.51 8.54 8.96 9.13 9.06 9.18 9.07 8.83 9.45 9.45 9.51 9.60 9.55 9.57 9.69 9.60 8.73 8.69 9.17 9.52 9.53 9.47 9.48 9.46 9.44 9.24 9.23 9.27 9.27 9.31 9.30 9.22 8.99 9.05 9.24 9.09 9.03 8.97 8.93 8.91 8.79 8.72 8.66 8.58 8.50 8.41 8.30 8.25 8.01 8.19 7.96 7.88 7.74 7.82 7.49
3.73 3.59 4.23 5.08 5.44 5.77 5.81 5.84 6.44 7.33 7.20 7.45 7.61 7.81 7.78 8.15 8.27 8.55 8.48 8.67 8.83 8.78 8.87 8.87 9.00 8.95 9.04 9.11 9.42 9.46 9.48 9.50 9.51 9.57 9.23 9.54 9.96 9.85 8.67 9.51 9.43 9.44 9.42 9.33 9.33 9.18 9.13 9.17 9.20 9.23 8.84 9.03 9.05 9.21 9.16 9.07 8.94 8.90 8.86 8.81 8.81 8.67 8.58 8.54 8.53 8.37 8.68 8.20 8.07 7.98 7.92 7.90 7.76 7.72 7.35
4.68 3.91 4.10 4.34 4.74 5.51 6.18 5.94 6.70 7.03 7.24 7.47 7.65 7.92 7.83 8.01 8.18 8.54 8.52 8.70 8.78 8.53 9.04 8.95 8.99 8.72 8.76 9.12 9.41 9.44 9.47 9.50 9.52 9.55 9.51 9.50 9.63 9.57 9.50 9.46 9.42 9.41 9.41 9.31 9.21 9.02 9.07 9.00 9.07 8.92 9.05 8.98 9.46 9.19 9.06 8.95 8.81 8.77 8.77 8.74 8.72 8.66 8.62 8.51 8.44 8.33 8.24 8.10 8.07 7.93 7.79 7.72 7.07 7.43 7.45
4.88 4.68 4.99 4.66 5.16 5.40 6.16 6.73 6.87 7.18 7.34 7.59 7.77 8.06 7.58 8.29 8.50 8.50 8.49 8.70 8.75 8.95 8.97 8.86 9.03 8.73 9.06 9.11 9.42 9.46 9.49 9.51 9.58 9.23 9.51 9.54 9.52 9.40 9.43 9.44 9.41 9.35 9.35 9.23 9.18 9.03 8.97 8.94 8.93 8.84 9.12 8.93 8.96 8.76 8.90 8.82 8.65 8.67 8.86 8.80 8.67 8.64 8.53 8.46 8.38 8.31 8.27 8.22 8.00 7.89 7.76 7.68 7.58 7.31 7.24
5.74 5.71 5.72 5.85 6.30 6.48 6.76 7.03 7.18 7.22 7.51 7.64 7.97 7.91 8.06 8.10 8.36 8.49 8.59 8.69 8.78 8.99 8.97 8.87 9.02 8.99 9.06 9.10 9.15 9.49 9.53 9.55 9.26 9.26 9.53 9.56 9.48 9.65 9.46 9.41 9.37 9.33 9.32 9.21 9.15 9.03 8.89 8.99 8.99 8.70 8.89 8.43 9.33 8.78 8.74 8.74 8.65 8.65 9.10 9.08 8.59 8.53 8.41 8.38 8.32 8.25 8.19 8.05 7.95 7.91 7.84 7.70 7.57 7.36 7.20
5.19 5.31 5.67 5.82 5.91 6.11 6.42 6.74 6.96 7.32 7.56 7.62 7.65 7.80 8.54 8.52 8.68 8.32 8.55 8.70 8.77 8.84 8.95 8.93 8.94 8.95 9.04 9.10 9.19 9.51 9.51 9.54 9.08 9.27 9.54 9.49 9.46 9.47 9.52 9.52 9.32 9.31 9.29 9.36 9.14 9.03 8.99 8.82 9.26 8.80 9.24 9.02 9.24 8.74 8.66 8.63 8.64 8.63 8.56 8.53 8.50 8.48 8.42 8.24 8.25 8.15 8.07 7.91 7.87 7.81 7.70 7.62 7.49 7.34 7.19
4.77 5.04 5.35 5.53 5.86 6.10 6.50 6.78 7.10 7.36 7.72 7.81 8.02 7.98 8.22 8.36 7.88 8.56 8.72 8.40 8.80 8.81 8.93 8.67 8.94 8.99 9.06 9.26 9.17 9.21 9.53 9.57 9.60 9.52 9.54 9.48 9.45 9.41 9.38 9.31 9.38 9.24 9.23 9.18 9.13 9.07 8.95 8.81 8.77 8.77 8.77 8.75 8.91 8.64 8.61 8.59 8.52 8.44 8.44 8.41 8.29 8.26 8.35 8.10 8.09 8.08 7.96 7.90 7.74 7.69 7.64 7.54 7.47 7.32 7.20
4.08 4.24 4.84 5.17 5.60 5.83 6.47 7.07 7.25 7.52 7.78 8.03 8.14 7.97 8.27 8.33 8.59 8.61 8.73 8.21 8.74 8.90 8.99 8.96 9.01 9.06 9.08 9.13 9.19 9.22 9.55 9.60 9.28 9.52 9.51 9.47 9.47 9.40 9.44 9.32 9.30 9.17 9.16 9.17 9.11 9.05 8.98 8.80 8.74 8.72 8.72 8.73 8.66 8.59 8.57 8.54 8.53 8.54 8.37 8.36 8.37 8.20 8.10 8.05 8.02 7.97 7.86 7.75 7.68 7.59 7.51 7.51 7.32 7.21 7.10
4.03 4.73 4.67 5.06 5.27 5.78 6.55 7.17 7.26 7.63 7.85 7.98 8.29 8.27 8.42 8.51 8.56 8.63 8.71 8.83 8.76 8.99 8.71 8.77 9.05 9.13 9.44 9.48 9.50 9.52 9.57 9.58 9.52 9.52 9.53 9.48 9.42 9.38 9.31 9.27 9.29 9.14 9.13 9.09 9.10 9.03 8.98 8.85 8.73 8.69 8.68 8.65 8.44 8.10 8.67 8.55 8.48 8.42 8.32 8.28 8.02 8.10 8.06 8.15 7.94 7.89 7.79 7.69 7.54 7.49 7.43 7.29 7.21 7.29 7.01
4.56 5.04 5.19 5.57 5.82 6.26 6.72 7.07 7.29 7.76 7.87 8.10 8.27 8.40 8.49 8.59 8.63 8.72 8.90 8.82 8.90 8.97 8.97 9.01 9.06 9.09 9.43 9.50 9.54 9.58 9.56 9.04 9.55 9.49 9.48 9.44 9.40 9.36 9.29 9.25 9.19 9.13 9.07 9.05 9.06 9.03 8.95 8.75 8.67 8.65 8.64 8.61 8.58 8.50 8.05 8.60 8.45 8.38 8.32 8.25 8.19 8.12 8.05 8.09 7.91 7.98 7.73 7.62 7.54 7.41 7.29 7.25 7.14 7.07 7.33
4.02 4.84 5.04 5.25 5.60 6.29 6.67 6.98 7.39 7.67 7.93 8.15 8.31 8.49 8.58 8.70 8.74 8.76 8.84 8.90 8.92 8.96 9.03 9.04 9.07 9.12 9.47 9.53 9.55 9.54 9.55 9.11 9.27 9.50 9.48 9.45 9.40 9.36 9.33 9.25 9.19 9.16 9.10 9.04 9.04 9.01 9.13 9.03 8.89 8.65 8.62 8.60 8.53 8.48 8.45 8.58 8.42 8.37 8.41 8.21 8.14 8.06 7.99 7.87 7.84 7.75 7.66 7.57 7.49 7.41 7.26 7.13 7.06 6.97 6.87
4.87 5.23 5.76 6.03 5.87 6.32 6.93 7.11 7.41 7.84 8.01 8.18 8.38 8.53 8.92 8.77 8.83 8.85 8.89 8.99 8.99 9.04 9.10 9.12 9.15 9.19 9.23 9.55 9.57 9.58 9.57 8.74 9.50 9.47 9.59 9.41 9.38 9.36 9.29 9.22 9.16 9.12 9.08 9.02 8.99 8.97 8.97 9.02 9.01 8.66 8.59 8.55 8.49 8.46 8.53 8.38 8.33 8.30 8.24 8.20 8.24 8.18 7.90 7.82 7.73 7.70 7.62 7.65 7.55 7.33 7.27 7.16 7.03 6.94 6.81
4.04 4.36 4.95 5.57 6.08 6.71 6.84 7.14 7.37 7.96 8.13 8.28 8.41 8.55 8.66 9.07 9.14 9.22 9.28 9.05 9.07 9.23 9.14 9.18 9.23 9.23 9.26 9.29 9.74 9.59 9.58 9.16 9.31 9.73 9.55 9.40 9.40 9.49 9.25 9.19 9.15 9.11 9.06 9.01 8.95 8.95 8.88 8.84 8.82 9.28 8.58 8.51 8.60 8.58 8.50 8.30 8.25 8.17 8.19 8.12 8.05 8.01 8.03 7.82 7.89 7.65 7.57 7.51 7.37 7.30 7.21 7.12 7.01 6.92 6.78
