maui/input/gr0_in_month_ascii/gr0_in_apr__maui.asc
ncols        356
nrows        236
xllcorner    -156.702000000000
yllcorner    20.529750000000
cellsize     0.002250000000
NODATA_value  -99.00
[rows 33 to 65 of 236, columns 0 to 74 of 356]
-9999.00 -9999.00 -9999.00 -9999.00 -9999.00 -9999.00 -9999.00 -9999.00 -9999.00 -9999.00 -9999.00 8.55 8.52 8.77 8.41 8.04 8.19 8.17 8.25 7.83 7.72 7.35 7.17 7.04 6.63 6.51 6.95 6.98 6.22 6.42 6.07 6.28 6.07 5.55 5.41 5.26 5.65 5.59 5.45 5.36 5.10 5.16 5.37 5.77 5.37 5.59 6.56 5.94 5.21 5.08 4.81 4.61 5.34 4.95 4.62 5.07 4.92 5.28 5.27 5.26 5.47 5.51 6.04 6.21 6.37 6.09 7.34 6.81 6.36 6.26 6.43 6.79 6.93 6.71 6.94
-9999.00 -9999.00 -9999.00 -9999.00 -9999.00 -9999.00 -9999.00 -9999.00 -9999.00 -9999.00 -9999.00 8.52 8.40 8.91 8.36 8.28 8.27 8.21 7.97 7.75 7.39 7.19 7.17 6.69 6.50 6.27 6.20 6.34 6.57 6.05 6.09 5.63 5.49 5.79 5.32 5.17 5.36 5.87 5.36 5.45 4.93 5.23 5.03 4.96 5.52 5.34 5.34 6.29 5.38 4.89 4.76 4.55 5.03 4.59 4.39 4.56 4.84 5.48 4.58 4.82 5.15 5.51 5.58 5.30 5.71 5.94 6.95 6.06 5.52 6.41 7.13 7.49 7.26 7.19 6.96
-9999.00 -9999.00 -9999.00 -9999.00 -9999.00 -9999.00 -9999.00 -9999.00 -9999.00 -9999.00 -9999.00 8.55 8.38 8.45 8.38 8.30 8.04 7.88 7.77 7.46 7.41 7.04 6.82 6.66 6.34 6.41 6.00 6.02 5.85 6.55 5.62 5.60 5.43 5.59 5.25 5.04 5.20 5.60 4.94 4.97 4.68 5.05 4.83 4.89 5.30 4.79 5.22 6.06 5.25 4.53 4.82 4.34 4.64 4.71 4.16 4.28 4.76 4.89 4.28 4.52 5.08 5.54 5.04 5.22 5.20 6.27 6.42 5.35 5.59 6.23 6.43 6.34 6.78 6.68 6.56
-9999.00 -9999.00 -9999.00 -9999.00 -9999.00 -9999.00 -9999.00 -9999.00 -9999.00 -9999.00 8.49 8.48 8.50 8.23 8.25 7.98 7.93 7.97 7.56 7.47 7.18 7.14 6.72 6.52 6.69 6.13 6.16 5.78 5.77 6.09 6.08 5.20 5.29 5.27 5.28 5.12 4.95 5.60 4.75 4.63 4.82 4.88 4.65 4.84 5.13 4.92 5.38 5.50 5.59 4.74 4.64 4.37 4.47 4.40 4.20 4.11 4.61 4.81 4.29 4.30 4.83 5.22 4.52 5.01 5.50 6.61 5.77 5.16 5.55 5.99 5.83 6.29 6.65 6.20 6.24
-9999.00 -9999.00 -9999.00 -9999.00 -9999.00 -9999.00 -9999.00 -9999.00 -9999.00 8.50 8.45 8.88 8.49 8.48 7.99 7.78 7.73 7.47 7.52 7.09 6.86 6.90 6.64 6.53 6.24 6.35 5.79 5.76 5.54 5.34 6.11 5.23 5.13 5.10 5.17 5.00 4.82 5.42 4.59 4.42 4.61 4.46 4.47 4.62 5.01 4.71 4.88 4.92 5.54 5.06 4.32 4.22 4.08 4.07 4.11 4.11 4.73 4.12 4.08 4.51 4.74 4.95 4.67 5.11 5.84 6.05 5.21 5.64 5.77 5.55 6.01 6.22 6.03 5.86 5.77
-9999.00 -9999.00 -9999.00 -9999.00 -9999.00 -9999.00 -9999.00 -9999.00 -9999.00 8.43 8.37 8.51 8.28 8.22 8.10 8.00 7.43 7.39 7.23 7.19 7.24 6.68 6.51 6.52 6.36 5.95 6.06 5.82 5.46 5.26 5.37 5.43 4.82 4.82 5.04 4.53 4.52 5.15 4.70 4.17 4.29 4.40 4.30 4.38 4.62 4.52 4.57 4.56 5.19 5.29 4.19 4.28 3.75 3.89 3.87 4.04 4.31 3.82 3.94 4.26 4.68 4.73 4.90 5.81 5.70 5.20 5.34 5.27 5.35 5.76 6.09 5.89 5.59 5.56 5.47
-9999.00 -9999.00 -9999.00 -9999.00 -9999.00 -9999.00 -9999.00 -9999.00 -9999.00 8.38 8.27 8.50 8.18 8.07 8.02 7.84 7.62 7.69 7.07 6.87 6.82 6.67 6.85 6.24 6.25 5.99 5.66 5.61 5.36 5.30 5.00 5.75 4.91 4.60 4.54 4.47 4.34 4.66 4.72 4.20 4.12 4.14 4.05 4.30 4.51 4.05 4.15 4.24 4.73 5.41 4.26 3.99 3.84 3.64 3.72 4.05 4.06 3.68 3.68 4.17 4.41 4.59 5.24 6.02 4.88 5.05 5.22 4.99 5.16 5.87 5.59 5.47 5.52 5.45 6.04
-9999.00 -9999.00 -9999.00 -9999.00 -9999.00 -9999.00 -9999.00 -9999.00 8.27 8.30 8.24 7.99 8.13 8.11 7.86 7.78 7.56 7.37 7.10 7.21 6.63 6.43 6.28 6.32 6.15 5.73 5.51 5.57 5.30 5.06 4.99 4.97 5.15 5.20 4.84 4.32 4.35 4.44 5.01 4.20 4.01 3.77 3.74 4.08 4.19 3.80 3.96 4.17 4.67 5.40 4.34 3.75 3.65 3.52 3.57 4.05 3.79 3.61 3.59 3.92 4.16 4.45 4.53 5.64 4.55 4.83 4.76 5.04 5.27 5.37 5.42 5.27 5.49 6.42 6.81
-9999.00 -9999.00 -9999.00 -9999.00 -9999.00 -9999.00 -9999.00 8.27 8.25 8.23 8.07 8.47 8.04 8.04 7.89 7.59 7.45 7.32 7.03 7.09 6.70 6.74 6.28 5.97 5.88 5.85 5.73 5.32 5.24 4.92 4.92 4.82 4.84 4.65 4.82 4.58 4.20 4.25 4.60 4.68 4.09 3.79 3.86 3.85 3.77 3.71 3.97 3.75 4.03 5.32 4.55 3.76 3.54 3.48 3.62 3.84 3.76 3.48 3.60 3.86 4.15 4.35 5.13 5.27 4.40 4.59 4.62 5.21 4.77 4.59 4.62 4.95 5.25 6.08 5.89
-9999.00 -9999.00 -9999.00 -9999.00 -9999.00 -9999.00 -9999.00 8.23 8.29 8.15 8.30 8.32 8.05 7.61 7.66 7.48 7.34 7.14 6.97 6.74 6.83 6.55 6.36 6.19 5.86 5.90 5.43 5.36 5.42 5.19 4.70 4.69 4.60 4.60 4.30 4.99 4.17 4.15 4.09 4.22 4.05 3.79 3.64 3.69 3.55 3.70 3.91 3.73 3.69 4.53 4.75 3.82 3.34 3.26 3.62 3.65 3.62 3.45 3.45 3.78 3.98 4.60 4.87 4.85 4.20 4.40 4.47 4.49 4.61 4.14 4.50 4.70 4.93 5.22 5.45
-9999.00 -9999.00 -9999.00 -9999.00 -9999.00 -9999.00 -9999.00 8.21 8.19 8.34 8.18 8.17 8.11 7.80 7.56 7.36 7.22 7.05 6.94 6.76 6.53 6.23 6.52 5.93 5.91 5.82 5.38 5.48 4.95 4.95 5.06 4.56 4.34 4.34 4.19 4.66 4.31 3.99 3.83 4.11 3.90 3.67 3.23 3.36 3.38 3.66 3.59 3.53 3.58 4.33 4.81 4.30 3.65 3.13 3.58 3.61 3.48 3.31 3.48 3.73 3.84 4.84 4.45 4.34 4.12 4.35 4.29 4.20 4.45 4.15 4.41 4.66 4.93 5.14 5.34
-9999.00 -9999.00 -9999.00 -9999.00 -9999.00 -9999.00 -9999.00 8.22 8.02 8.25 8.06 8.02 7.87 7.71 7.44 7.26 7.18 6.95 6.79 6.59 6.42 6.24 5.93 5.80 5.75 5.44 5.35 5.17 5.11 4.88 4.68 4.47 4.34 4.09 4.01 3.93 4.48 3.81 3.72 3.67 4.18 3.61 3.10 3.09 3.24 3.58 3.45 3.35 3.46 3.70 4.47 4.55 3.84 3.23 3.34 3.38 3.51 3.20 3.43 3.46 3.91 4.64 3.88 3.86 4.02 4.19 3.82 3.94 4.17 4.02 4.49 4.68 5.00 5.20 5.43
-9999.00 -9999.00 -9999.00 -9999.00 -9999.00 -9999.00 8.17 8.20 8.02 8.28 8.25 7.93 7.90 7.69 7.44 7.28 6.98 6.84 6.77 6.51 6.35 6.09 5.89 5.67 5.52 5.91 5.21 5.00 5.11 4.74 4.66 4.31 4.09 4.02 3.81 3.76 4.07 3.81 3.48 3.45 4.02 3.56 3.07 2.93 3.10 3.52 3.28 3.19 3.33 3.42 4.28 4.20 3.48 3.14 3.15 3.23 3.43 3.23 3.39 3.51 4.10 4.32 3.94 3.69 3.79 4.03 3.79 3.80 4.01 4.03 4.27 4.64 4.93 5.27 5.90
-9999.00 -9999.00 -9999.00 -9999.00 -9999.00 -9999.00 8.21 8.31 8.26 8.28 8.08 8.09 7.80 7.64 7.29 7.24 7.01 6.80 6.63 6.45 6.26 6.27 5.84 5.62 5.53 5.29 5.71 5.19 4.88 4.73 4.71 4.29 4.07 3.87 3.82 3.67 3.94 3.92 3.45 3.18 4.04 3.60 3.00 2.88 3.31 3.24 3.15 3.05 3.19 3.45 4.01 4.46 3.57 2.94 3.18 3.35 3.34 3.01 3.30 3.66 4.38 3.56 3.79 3.32 3.64 3.54 3.61 3.83 4.07 4.27 4.72 5.01 5.39 5.39 5.62
-9999.00 -9999.00 -9999.00 -9999.00 -9999.00 8.22 8.21 8.09 8.20 8.22 8.08 7.86 7.71 7.42 7.24 7.14 6.98 6.84 6.64 6.47 6.17 6.00 5.93 5.73 5.53 5.28 5.10 5.30 5.31 4.66 4.41 4.26 4.32 4.05 3.76 3.58 3.99 3.57 3.52 3.34 3.71 3.31 3.00 2.92 3.16 3.24 2.97 3.06 2.98 3.63 4.00 4.38 3.50 2.98 3.18 3.06 3.11 3.13 3.37 3.64 4.11 3.38 3.47 3.23 3.17 3.19 3.45 3.66 4.14 4.53 4.75 4.79 5.02 5.07 5.13
-9999.00 -9999.00 -9999.00 -9999.00 8.32 8.28 8.57 8.16 8.28 8.02 7.91 7.69 7.54 7.40 7.27 7.20 6.96 6.78 6.58 6.36 6.13 6.05 5.88 5.70 5.49 5.22 5.18 4.82 4.68 4.99 4.82 4.47 4.07 3.88 3.84 3.62 3.81 3.67 3.33 3.38 3.27 3.42 3.23 2.98 3.02 3.16 2.76 2.77 2.95 3.65 3.95 4.28 3.56 2.96 3.03 3.07 2.94 3.08 3.20 3.98 3.51 3.22 3.22 3.05 3.16 3.49 3.47 3.70 3.76 4.02 4.31 4.33 4.75 4.75 4.83
-9999.00 -9999.00 -9999.00 -9999.00 8.38 8.16 8.12 8.23 8.14 7.95 7.88 7.72 7.56 7.41 7.27 7.12 6.94 6.75 6.61 6.43 6.25 6.07 5.88 5.63 5.42 5.19 4.98 4.75 4.73 4.73 4.26 4.09 4.46 4.37 3.91 3.61 3.49 3.67 3.49 3.15 3.06 3.07 3.29 3.02 3.03 2.79 2.71 2.68 2.93 3.41 3.38 3.94 3.76 3.14 2.94 3.00 2.76 3.15 3.88 3.60 3.04 3.05 3.13 3.06 3.27 3.26 3.51 3.35 3.39 4.07 4.03 4.16 4.40 4.35 4.58
-9999.00 -9999.00 -9999.00 8.45 8.44 8.60 8.46 8.23 8.31 8.05 7.96 7.91 7.84 7.33 7.31 7.20 6.93 6.72 6.57 6.36 6.39 5.98 5.77 5.59 5.39 5.10 4.88 4.67 4.52 4.46 4.53 4.00 3.78 4.15 4.10 4.08 3.71 3.38 3.51 3.46 3.36 2.99 2.96 3.18 2.81 2.81 2.85 2.65 3.02 3.33 3.13 3.85 3.80 3.01 2.82 2.85 2.71 3.36 3.91 2.89 2.93 2.97 2.91 3.14 3.07 3.29 3.00 3.01 3.21 3.55 3.90 4.45 4.81 4.84 4.94
-9999.00 -9999.00 -9999.00 8.52 8.57 8.61 8.43 8.18 8.23 8.34 7.99 7.79 7.63 7.64 7.55 7.12 6.88 6.71 6.50 6.36 6.26 6.07 5.78 5.54 5.33 5.11 4.97 4.85 4.58 4.36 4.20 4.18 4.05 3.61 3.69 3.37 3.78 3.52 3.14 3.19 2.98 3.14 2.83 2.92 2.84 2.58 2.64 2.61 2.86 2.98 2.88 3.35 4.08 3.26 2.68 2.63 2.92 2.92 3.78 2.78 2.83 2.82 2.93 3.06 3.07 3.11 2.95 3.17 3.33 3.93 4.38 5.18 5.59 5.80 6.05
-9999.00 -9999.00 -9999.00 8.51 8.60 8.58 8.40 8.09 8.18 7.94 7.76 7.77 7.51 7.34 7.19 7.11 6.84 6.75 6.59 6.52 6.65 6.27 5.77 5.59 5.33 5.10 4.87 4.68 4.49 4.54 4.41 4.07 3.81 3.61 3.73 3.32 3.32 3.82 3.29 2.98 3.08 2.95 2.79 2.76 2.89 2.60 2.59 2.58 2.78 2.79 2.77 3.38 3.94 3.20 2.62 2.88 2.74 2.81 3.49 2.66 2.59 2.52 2.83 2.89 3.14 3.37 3.53 3.61 3.97 4.61 5.28 5.89 6.09 6.04 6.53
-9999.00 -9999.00 -9999.00 8.45 8.69 8.60 8.15 8.12 7.97 7.89 7.74 7.65 7.47 7.37 7.26 7.06 6.89 6.71 6.50 6.29 6.14 6.15 6.18 5.58 5.33 5.10 4.77 4.63 4.53 4.18 3.99 3.80 3.92 3.65 3.35 3.38 3.14 3.17 3.28 3.34 2.83 2.84 2.79 2.72 2.76 2.53 2.50 2.58 2.86 2.85 2.75 3.28 3.86 3.03 2.56 2.57 2.67 2.87 3.25 2.48 2.40 2.53 2.62 2.91 3.16 3.30 3.33 3.83 4.82 5.15 5.55 5.46 5.17 5.19 5.86
-9999.00 -9999.00 -9999.00 8.32 8.05 8.45 8.09 8.04 7.89 7.79 7.75 7.69 7.49 7.34 7.20 7.04 6.80 6.74 6.49 6.29 6.26 5.95 5.72 5.53 5.79 5.71 5.29 4.69 4.50 4.17 3.86 3.62 3.61 3.49 3.66 3.15 2.95 2.82 2.88 3.26 3.32 2.84 2.72 2.57 2.70 2.52 2.50 2.46 2.67 2.72 2.95 3.32 3.56 2.88 2.55 2.48 2.57 2.83 3.46 2.53 2.59 2.52 2.50 2.74 2.81 3.07 3.37 3.68 4.16 4.99 5.25 4.44 4.19 4.53 4.76
-9999.00 -9999.00 -9999.00 8.22 8.00 8.22 8.14 7.97 7.88 7.74 7.61 7.50 7.40 7.35 7.21 7.06 6.99 6.63 6.50 6.29 6.06 5.84 5.69 5.64 5.30 5.15 4.90 5.21 5.17 4.62 4.20 3.83 3.50 3.35 3.21 3.33 3.16 2.78 2.74 2.93 2.94 2.94 2.60 2.48 2.51 2.67 2.36 2.41 2.44 2.54 2.87 3.10 3.63 2.92 2.47 2.41 2.47 2.70 3.21 2.58 2.40 2.46 2.51 2.75 2.70 2.89 3.75 4.45 5.16 5.22 4.64 3.92 3.71 4.08 4.55
-9999.00 -9999.00 -9999.00 8.17 7.94 7.80 7.95 7.83 7.67 7.59 7.48 7.37 7.31 7.22 7.08 6.90 6.75 6.56 6.43 6.23 5.92 5.73 5.51 5.32 5.15 5.03 4.84 4.49 4.30 4.43 4.56 4.77 4.63 4.14 3.75 3.43 3.28 2.92 2.82 2.64 2.86 2.77 2.72 2.43 2.37 2.44 2.38 2.29 2.36 2.47 2.80 3.13 3.57 2.83 2.46 2.49 2.45 2.51 2.66 2.52 2.48 2.38 2.72 3.71 3.10 3.34 4.11 4.95 4.69 4.48 4.04 3.82 3.82 3.97 4.11
-9999.00 -9999.00 -9999.00 8.14 8.36 7.79 8.15 7.70 7.20 7.44 7.36 7.27 7.15 7.17 6.98 6.91 6.64 6.51 6.29 6.09 5.88 5.63 5.38 5.12 4.92 4.95 4.84 4.59 4.30 4.06 3.87 3.63 3.69 3.79 3.93 4.33 3.83 3.92 3.62 3.08 2.55 2.59 2.81 2.52 2.34 2.31 2.47 2.28 2.24 2.40 2.60 2.84 3.53 2.71 2.34 2.38 2.40 2.51 2.55 2.31 2.43 2.46 2.82 3.48 3.96 4.39 4.68 4.68 3.73 3.35 3.44 3.33 3.51 4.08 4.38
-9999.00 -9999.00 8.18 8.11 8.58 8.32 8.23 7.97 7.45 6.95 7.13 7.21 7.07 6.97 6.88 6.76 6.61 6.42 6.25 5.92 5.73 5.54 5.28 4.97 4.85 4.68 4.68 4.38 4.42 3.98 3.79 3.59 3.37 3.19 3.17 3.90 3.90 2.97 3.01 3.27 2.72 2.49 2.52 2.62 2.47 2.25 2.30 2.25 2.19 2.31 2.61 3.14 2.88 2.55 2.28 2.37 2.40 2.47 2.55 2.28 2.51 2.95 3.41 3.73 4.05 3.70 4.12 4.55 3.39 2.99 3.11 3.22 3.70 4.13 4.42
-9999.00 8.04 8.18 7.87 8.55 8.04 8.21 8.02 7.10 7.27 7.16 7.12 7.09 6.91 6.79 6.68 6.50 6.32 6.13 5.82 5.66 5.39 5.23 5.12 4.96 4.66 4.38 4.19 4.06 3.95 3.87 3.83 3.40 3.16 2.92 2.99 3.51 3.35 2.67 2.79 3.09 2.53 2.45 2.53 2.40 2.29 2.22 2.24 2.18 2.30 2.56 3.03 3.10 2.47 2.18 2.25 2.35 2.38 2.47 2.25 2.69 3.32 3.51 3.50 3.46 3.28 4.14 4.30 3.20 2.91 2.98 3.27 3.50 3.79 4.30
-9999.00 -9999.00 8.14 7.83 8.14 7.99 8.14 7.34 7.48 7.22 7.21 7.03 6.94 6.84 6.73 6.60 6.49 6.30 6.13 5.77 5.57 5.37 5.18 4.97 4.82 4.62 4.36 4.09 3.91 3.82 3.80 3.49 3.48 3.28 2.95 2.78 3.02 3.26 2.85 2.51 2.93 2.97 2.59 2.34 2.38 2.28 2.22 2.18 2.17 2.36 2.59 3.26 2.63 2.53 2.10 2.11 2.16 2.24 2.29 2.23 2.38 2.55 2.65 2.76 3.27 4.05 4.51 3.96 3.34 2.71 2.75 3.04 3.36 4.02 4.53
-9999.00 -9999.00 8.12 8.13 8.19 8.32 8.21 7.69 7.55 7.12 7.14 6.99 6.90 6.80 6.66 6.60 6.44 6.22 6.00 5.76 5.57 5.39 5.24 5.08 4.90 4.61 4.36 4.41 3.98 3.63 3.54 3.40 3.25 3.19 3.05 2.81 2.75 3.20 3.01 2.63 2.48 2.60 2.77 2.66 2.37 2.28 2.18 2.14 2.14 2.37 2.73 3.06 2.51 2.40 2.10 2.00 2.06 2.15 2.18 2.24 2.34 2.28 2.46 2.85 3.57 4.35 3.42 3.38 3.07 2.67 2.76 2.95 3.39 3.63 3.85
-9999.00 8.04 8.13 7.85 8.16 8.44 8.22 8.11 7.67 7.16 7.21 7.11 6.97 6.73 6.60 6.46 6.36 6.18 6.00 5.79 5.62 5.40 5.23 5.01 4.84 4.63 4.38 4.00 3.93 3.83 3.75 3.28 3.19 3.08 2.96 2.79 2.70 2.72 2.96 2.50 2.43 2.39 2.52 2.54 2.53 2.33 2.20 2.10 2.14 2.30 2.57 2.99 2.89 2.38 2.20 2.02 1.96 2.09 2.15 2.18 2.28 2.28 2.47 2.96 3.53 4.16 3.34 2.71 2.62 2.77 2.77 3.00 3.15 3.41 3.66
-9999.00 8.06 7.85 8.17 8.64 8.44 7.97 7.83 7.62 7.47 7.29 7.16 7.00 6.79 6.81 6.52 6.45 6.19 6.05 5.85 5.57 5.32 5.13 4.94 4.84 4.60 4.43 4.15 3.93 3.73 3.50 3.31 3.27 3.12 2.91 2.77 2.66 2.60 2.77 2.86 2.53 2.40 2.35 2.33 2.45 2.33 2.24 2.09 2.11 2.29 2.38 2.78 2.87 2.49 2.18 2.13 2.03 2.02 2.08 2.21 2.30 2.34 2.61 2.97 3.56 3.93 3.29 2.81 2.67 3.19 3.41 3.54 3.75 4.02 4.19
-9999.00 8.04 8.17 8.20 8.31 8.09 7.47 7.80 7.45 7.26 7.14 7.25 7.05 6.84 6.62 6.57 6.40 6.28 6.00 5.78 5.61 5.31 5.05 4.80 4.70 4.45 4.57 4.13 3.83 3.76 3.50 3.33 3.27 3.08 2.94 2.98 2.73 2.54 2.50 2.59 2.82 2.56 2.33 2.31 2.33 2.27 2.22 2.11 2.06 2.16 2.36 2.65 2.88 2.29 2.06 2.17 2.09 2.13 2.19 2.21 2.34 2.65 2.86 3.44 3.90 3.43 3.00 2.64 2.76 2.81 3.23 3.37 3.62 3.84 4.02
-9999.00 -9999.00 8.23 8.21 8.59 8.14 7.95 7.98 7.80 7.54 7.42 7.26 7.12 6.90 6.62 6.52 6.41 6.19 5.95 5.77 5.80 5.35 5.16 4.84 4.72 4.50 4.29 4.07 3.95 3.72 3.56 3.35 3.19 3.35 2.94 2.76 2.73 2.64 2.49 2.40 2.42 2.48 2.53 2.32 2.22 2.26 2.14 2.13 2.06 2.08 2.36 2.48 2.65 2.27 1.99 2.11 2.05 2.14 2.19 2.33 2.52 2.98 3.24 3.64 3.35 2.79 2.59 2.46 2.54 2.74 2.92 3.13 3.61 3.99 4.26
