maui/input/gr0_in_month_ascii/gr0_in_aug__maui.asc
ncols        356
nrows        236
xllcorner    -156.702000000000
yllcorner    20.529750000000
cellsize     0.002250000000
NODATA_value  -99.00
[rows 66 to 98 of 236, columns 75 to 149 of 356]
5.43 5.89 5.98 6.17 6.32 6.97 7.42 8.03 8.18 8.24 8.69 8.82 9.15 9.27 9.38 9.07 9.36 9.58 9.74 9.60 9.66 9.74 9.86 -9999.00 -9999.00 -9999.00 -9999.00 -9999.00 -9999.00 -9999.00 -9999.00 -9999.00 -9999.00 -9999.00 -9999.00 -9999.00 -9999.00 -9999.00 -9999.00 -9999.00 -9999.00 -9999.00 -9999.00 -9999.00 -9999.00 -9999.00 -9999.00 10.51 10.50 10.50 10.50 -9999.00 -9999.00 -9999.00 10.26 10.23 10.24 10.49 10.41 10.36 10.33 10.34 10.33 10.26 10.19 10.17 10.19 10.13 9.95 9.93 9.78 9.68 9.58 9.70 9.43
6.01 6.10 6.27 6.76 7.27 7.55 7.80 7.95 7.98 8.21 8.42 8.74 9.05 9.14 9.23 9.07 9.17 9.46 9.30 9.39 9.96 10.18 9.81 -9999.00 -9999.00 -9999.00 -9999.00 -9999.00 -9999.00 -9999.00 -9999.00 -9999.00 -9999.00 -9999.00 -9999.00 -9999.00 -9999.00 -9999.00 -9999.00 -9999.00 -9999.00 -9999.00 -9999.00 -9999.00 -9999.00 10.51 10.46 10.47 10.50 10.54 10.44 10.45 10.39 10.38 10.28 10.53 9.80 10.02 10.42 10.45 10.27 10.22 10.19 10.35 10.15 10.13 10.12 10.01 9.84 9.96 9.77 9.60 9.52 9.42 9.47
5.95 6.46 6.70 6.75 7.07 7.41 7.44 7.66 8.08 8.16 8.44 8.77 8.90 8.69 9.22 9.21 9.24 9.75 9.66 9.74 10.15 9.47 9.79 9.77 -9999.00 -9999.00 -9999.00 -9999.00 -9999.00 -9999.00 -9999.00 -9999.00 -9999.00 -9999.00 -9999.00 -9999.00 -9999.00 -9999.00 -9999.00 -9999.00 -9999.00 -9999.00 -9999.00 -9999.00 10.43 10.46 10.49 10.46 10.50 10.58 10.42 10.51 10.45 10.45 10.36 10.44 9.74 10.05 10.07 10.20 10.15 10.11 10.10 10.03 10.15 10.00 9.91 9.89 9.83 9.70 10.09 9.52 9.47 9.25 9.22
6.12 5.88 6.19 6.04 6.55 7.40 7.58 7.95 7.78 8.03 8.34 8.58 8.71 8.98 8.77 9.39 8.82 8.84 9.20 9.18 9.72 9.84 9.55 9.77 -9999.00 -9999.00 -9999.00 -9999.00 -9999.00 -9999.00 -9999.00 -9999.00 -9999.00 -9999.00 -9999.00 -9999.00 -9999.00 -9999.00 -9999.00 -9999.00 -9999.00 -9999.00 10.41 10.45 10.43 10.43 10.48 10.66 10.02 10.43 10.26 10.39 10.45 10.40 10.08 10.29 10.23 10.16 10.15 10.08 10.08 10.05 10.03 9.97 9.96 9.96 9.85 9.93 9.69 9.73 9.75 9.66 9.38 9.06 9.18
5.23 4.99 5.48 5.98 6.20 6.83 7.27 7.25 7.72 8.15 8.25 8.46 8.64 8.95 8.93 8.53 9.41 9.29 9.68 9.10 9.65 9.62 9.83 9.86 -9999.00 -9999.00 7.98 7.93 -9999.00 -9999.00 -9999.00 -9999.00 -9999.00 -9999.00 -9999.00 -9999.00 -9999.00 -9999.00 -9999.00 -9999.00 10.45 10.44 10.40 10.46 10.52 10.58 9.99 10.48 10.31 9.98 10.20 10.23 10.30 10.23 10.23 10.24 10.17 10.13 10.06 10.01 9.96 9.96 9.96 9.88 9.76 10.03 9.77 9.73 9.58 9.51 9.24 9.07 9.34 9.33 9.12
5.18 5.46 5.85 6.54 7.02 7.02 7.19 7.47 7.69 7.99 8.31 8.46 8.67 8.46 9.29 9.27 9.41 9.28 9.87 9.03 9.24 9.53 10.08 9.98 9.29 8.38 8.10 7.99 7.71 8.51 9.77 -9999.00 -9999.00 -9999.00 -9999.00 -9999.00 -9999.00 10.38 10.46 10.43 10.44 10.26 10.92 10.34 9.95 10.57 10.30 10.28 10.29 10.19 10.15 10.12 10.19 10.37 10.16 10.11 10.09 10.04 10.00 9.95 9.90 9.88 10.05 9.71 9.62 9.68 9.77 9.62 9.55 9.46 9.37 9.04 9.31 9.18 9.18
5.04 5.79 5.89 6.43 6.30 6.40 7.07 7.30 7.87 8.03 8.22 8.43 8.28 8.90 8.97 8.91 9.43 8.72 8.81 9.28 8.99 9.24 10.02 10.13 10.60 10.62 4.12 4.18 10.38 10.34 9.83 9.95 10.12 10.21 10.35 10.48 10.45 10.41 10.23 10.46 10.35 10.36 10.61 10.25 10.27 10.58 10.51 10.25 10.20 10.11 10.14 10.11 10.09 10.25 10.07 10.05 10.00 10.00 9.96 9.91 9.87 9.86 10.01 9.73 9.35 9.73 9.62 9.55 9.53 9.41 9.36 9.28 9.08 9.10 9.04
5.29 5.15 5.71 5.71 5.73 6.42 6.97 7.31 7.97 8.00 8.24 8.08 8.68 8.97 9.06 8.45 9.23 8.64 8.88 8.76 9.65 9.58 9.96 10.32 10.39 10.58 4.16 4.14 10.62 10.36 9.98 10.01 10.04 10.14 10.60 9.81 10.66 11.00 10.14 10.35 10.59 10.54 10.52 10.21 10.21 9.89 10.18 10.23 10.18 10.10 10.10 9.85 10.03 10.03 9.99 10.00 9.97 9.95 9.95 9.90 10.00 10.49 10.48 9.82 9.60 9.48 9.72 9.50 9.43 9.76 9.20 9.17 9.13 8.90 8.99
4.76 5.26 4.86 5.23 5.58 6.39 6.73 7.52 7.63 7.53 7.90 8.64 8.07 8.20 9.05 8.33 8.42 8.25 9.29 9.06 9.69 9.96 10.01 9.80 10.33 10.23 10.25 10.74 9.92 9.90 9.94 9.98 10.01 10.44 10.85 10.53 10.78 10.44 10.12 10.31 10.21 10.20 10.16 10.16 10.14 10.21 10.08 10.04 10.04 10.05 10.04 10.05 10.04 9.99 9.92 9.89 9.89 10.03 9.90 9.88 9.83 10.34 10.30 9.67 9.45 9.39 9.44 9.61 9.21 9.15 9.09 9.05 9.03 9.01 8.94
4.25 4.57 5.22 5.83 6.28 6.62 7.00 7.30 7.75 7.95 8.31 8.60 7.97 8.42 8.54 8.28 8.25 9.05 9.28 8.74 9.24 9.87 10.15 9.98 9.71 10.37 9.36 9.37 9.76 9.45 10.16 9.53 9.89 10.41 10.30 10.78 10.76 10.24 10.33 10.14 10.26 9.80 10.09 10.09 10.36 10.10 10.02 9.97 9.98 9.96 9.95 9.98 9.97 9.93 9.88 9.80 9.78 9.81 9.80 9.81 9.72 9.74 9.66 9.59 9.50 9.33 9.41 9.28 9.29 9.09 9.14 8.95 8.95 9.07 8.85
5.57 5.38 5.53 5.57 5.95 6.60 6.95 7.42 7.86 8.18 8.60 7.79 8.50 7.84 8.48 8.62 8.60 9.19 8.52 9.18 9.56 9.55 9.40 10.19 9.96 9.26 10.12 9.78 9.80 9.41 9.85 9.88 9.92 9.95 10.09 10.30 10.31 10.52 9.70 10.01 10.11 10.32 10.30 10.06 10.30 10.02 9.94 9.93 9.93 9.90 9.91 9.93 9.93 9.89 9.84 9.73 9.74 9.74 9.73 9.67 9.61 9.59 9.60 9.55 9.45 9.30 9.23 9.16 9.29 9.03 9.11 8.91 8.90 9.27 9.20
5.94 6.00 6.21 6.56 6.85 7.08 7.25 7.55 8.02 7.88 7.51 8.27 8.08 8.25 8.78 8.68 8.98 9.09 9.16 9.19 8.79 9.40 9.35 9.50 9.53 9.60 9.66 9.73 9.35 9.37 9.81 9.83 9.85 9.88 10.18 9.87 9.58 10.22 9.84 10.11 10.16 10.18 10.18 10.08 10.10 9.99 9.88 9.89 9.88 9.84 9.84 9.86 9.88 9.88 9.81 9.75 9.67 9.66 9.65 9.58 9.57 9.54 9.51 9.38 9.31 9.26 9.15 9.12 9.09 9.08 9.04 8.85 8.76 8.82 8.74
6.80 7.28 7.12 7.13 7.03 7.35 7.56 7.94 8.10 7.57 7.95 8.31 7.73 8.22 8.77 8.16 8.99 8.89 9.26 8.90 9.25 8.76 8.88 9.34 8.94 9.55 9.65 9.67 9.27 9.29 9.32 9.76 9.78 9.82 9.83 9.87 9.89 10.18 10.02 10.04 10.40 10.23 10.19 9.92 9.90 9.81 9.84 9.81 9.81 9.56 9.96 9.82 9.84 9.81 9.77 9.69 9.66 9.62 9.58 9.56 9.48 9.47 9.35 9.29 9.32 9.19 9.13 9.08 9.04 8.98 9.00 8.78 8.69 8.69 8.55
6.37 6.65 6.73 6.64 7.24 7.01 7.23 7.27 7.28 7.47 8.11 8.42 7.80 7.97 8.09 8.54 8.16 8.29 9.52 8.65 9.19 8.69 9.22 8.88 9.78 9.87 9.94 9.12 9.19 9.64 9.25 9.70 9.73 9.35 9.79 9.82 10.10 9.97 10.29 10.02 10.12 10.29 10.05 9.82 9.86 9.83 9.80 9.78 9.75 9.77 9.75 9.75 9.77 9.71 9.76 9.69 9.63 9.60 9.56 9.51 9.46 9.38 9.35 9.27 9.24 9.11 9.07 9.03 8.97 8.93 8.87 8.85 8.62 8.43 8.42
5.36 6.05 5.84 5.90 6.12 6.25 6.26 7.11 7.47 7.67 7.96 8.18 8.51 7.94 8.62 8.74 8.09 9.24 8.41 9.02 8.65 9.13 8.79 9.31 9.73 9.37 9.49 9.52 9.11 9.14 9.17 9.21 9.26 9.28 9.74 9.76 9.97 10.03 10.08 9.94 9.62 9.76 9.84 9.77 9.78 9.77 9.77 9.75 9.71 9.72 9.75 9.70 9.68 9.70 9.68 9.43 9.39 9.58 9.55 9.50 9.45 9.39 9.30 9.25 9.16 9.12 9.00 8.97 8.91 8.88 8.80 8.58 8.87 8.41 8.35
4.62 4.82 5.12 5.08 5.70 6.35 6.72 6.78 7.41 7.70 7.95 8.05 7.99 7.89 8.45 8.86 9.30 9.80 9.25 8.65 9.48 9.10 9.13 9.31 9.28 9.76 9.34 10.09 9.48 9.09 9.57 9.16 9.20 9.67 9.59 9.98 9.99 9.85 9.88 9.97 9.94 9.87 9.68 9.66 9.67 9.65 9.72 9.69 9.69 9.68 9.68 9.66 9.67 9.63 9.61 9.56 9.50 9.50 9.29 9.43 9.34 9.23 9.26 9.20 9.12 9.23 8.98 8.91 8.86 8.80 8.58 8.57 8.78 8.25 8.23
4.08 4.40 4.45 5.39 5.80 5.97 6.79 6.34 7.36 7.71 8.01 8.17 8.41 8.35 8.06 9.01 8.71 9.92 9.16 8.50 8.54 9.17 9.16 9.22 9.27 9.62 9.79 9.80 8.96 9.46 9.49 9.54 9.88 9.91 9.93 9.85 9.88 9.89 9.88 9.86 9.92 9.77 9.61 9.68 9.60 9.69 9.64 9.65 9.63 9.62 9.62 9.65 9.63 9.61 9.57 9.52 9.49 9.39 9.38 9.13 9.23 9.14 9.12 9.12 9.08 9.02 8.94 8.90 8.78 8.90 8.53 8.50 8.40 8.23 8.09
3.80 3.94 4.61 5.53 5.99 6.27 6.63 6.67 7.38 7.67 7.94 8.20 8.44 8.27 8.40 8.12 8.70 9.03 9.24 8.91 9.09 9.12 8.70 9.18 8.80 9.72 9.46 8.89 9.38 9.41 9.47 9.80 9.80 9.47 9.81 9.86 9.80 9.83 9.83 9.82 9.85 9.80 9.84 9.88 10.55 9.61 9.60 9.57 9.57 9.56 9.58 9.61 9.58 9.57 9.73 9.44 9.42 9.40 9.35 9.31 9.07 9.12 9.06 9.07 8.98 9.01 8.82 8.79 8.72 8.66 8.60 8.48 8.34 8.25 8.17
3.96 4.27 4.56 4.89 5.24 5.81 6.33 7.09 6.95 7.55 7.94 8.01 7.97 7.82 8.30 8.56 9.33 9.19 9.29 9.11 9.35 9.71 9.09 9.20 8.81 9.67 9.28 9.31 9.35 9.41 9.76 9.73 9.76 9.81 9.80 9.77 9.79 9.82 9.80 9.80 9.78 9.62 9.60 9.57 10.41 9.58 9.53 9.53 9.51 9.51 9.52 9.57 9.52 9.68 9.97 9.44 9.34 9.32 9.31 9.22 9.13 9.03 8.89 8.73 9.10 8.85 8.76 8.68 8.66 8.51 8.44 8.37 8.27 8.19 8.11
4.03 4.20 4.95 5.45 5.90 6.38 6.61 6.86 6.97 7.66 7.76 7.90 8.15 8.48 8.47 8.61 8.96 9.66 9.17 9.03 9.22 9.45 9.74 9.20 9.61 9.25 9.77 9.57 9.80 9.70 9.69 9.73 9.75 9.78 9.43 9.82 9.72 9.96 9.76 9.82 9.81 9.63 9.59 9.58 9.51 9.42 9.43 9.44 9.46 9.43 9.46 9.47 9.49 9.48 9.41 9.36 9.29 9.23 9.21 9.17 9.10 8.99 8.96 8.94 8.85 8.80 8.67 8.61 8.70 8.69 8.35 8.27 8.19 8.16 8.05
4.06 4.63 5.29 5.71 5.93 6.22 6.11 6.36 7.00 7.30 7.75 8.20 8.21 8.42 8.45 8.64 9.05 8.95 9.13 9.20 8.91 8.98 9.47 9.63 9.55 9.66 9.52 9.23 9.62 9.63 9.71 9.80 9.74 9.77 9.91 9.80 9.12 9.09 9.68 9.56 9.76 9.52 9.55 9.54 9.52 9.36 9.35 9.38 9.38 9.42 9.42 9.35 9.14 9.20 9.41 9.29 9.24 9.19 9.15 9.14 9.03 8.97 8.92 8.85 8.78 8.71 8.61 8.57 8.33 8.55 8.29 8.22 8.10 8.23 7.91
4.44 4.34 4.97 5.76 6.12 6.45 6.46 6.38 7.01 8.06 7.81 8.04 8.18 8.36 8.27 8.70 8.82 9.09 8.98 9.15 9.30 9.25 9.33 9.32 9.47 9.40 9.52 9.57 9.61 9.65 9.68 9.70 9.72 9.78 9.41 9.76 10.23 10.10 9.08 9.74 9.50 9.51 9.49 9.42 9.44 9.30 9.26 9.30 9.33 9.36 9.42 9.21 9.22 9.36 9.33 9.26 9.16 9.12 9.09 9.05 9.05 8.93 8.86 8.82 8.81 8.68 9.00 8.53 8.41 8.33 8.27 8.31 8.18 8.15 7.79
5.29 4.56 4.88 5.09 5.47 6.22 6.85 6.50 7.30 7.65 7.85 8.09 8.25 8.53 8.34 8.55 8.72 9.07 9.02 9.18 9.26 8.97 9.56 9.44 9.48 9.14 9.19 9.61 9.61 9.65 9.68 9.71 9.74 9.77 9.73 9.73 9.68 9.80 9.55 9.53 9.49 9.50 9.49 9.41 9.33 9.18 9.22 9.16 9.22 9.08 9.20 9.61 9.63 9.35 9.24 9.16 9.04 9.00 9.01 8.98 8.97 8.93 8.90 8.80 8.73 8.64 8.57 8.45 8.41 8.29 8.18 8.12 7.61 7.85 7.93
5.40 5.23 5.65 5.36 5.89 6.07 6.84 7.38 7.50 7.78 7.96 8.22 8.40 8.71 8.07 8.91 9.10 9.03 9.01 9.21 9.24 9.47 9.48 9.34 9.52 9.16 9.57 9.60 9.64 9.67 9.70 9.73 9.81 9.42 9.56 9.60 9.58 9.51 9.50 9.52 9.50 9.45 9.45 9.35 9.31 9.19 9.16 9.11 9.09 9.01 9.26 9.61 9.14 8.94 9.11 9.04 8.90 8.92 9.14 9.09 8.93 8.91 8.83 8.76 8.69 8.63 8.60 8.56 8.37 8.27 8.16 8.09 8.00 7.76 7.71
6.27 6.22 6.20 6.44 6.87 7.08 7.38 7.67 7.81 7.79 8.15 8.26 8.65 8.50 8.66 8.69 8.94 9.04 9.12 9.21 9.29 9.53 9.50 9.38 9.53 9.51 9.58 9.61 9.66 9.71 9.76 9.77 9.45 9.45 9.59 9.62 9.55 9.76 9.55 9.49 9.47 9.44 9.43 9.34 9.29 9.18 9.07 9.20 9.20 8.87 9.07 8.84 9.52 9.00 8.97 8.97 8.90 8.89 9.35 9.34 8.87 8.82 8.73 8.70 8.65 8.59 8.54 8.42 8.34 8.30 8.23 8.11 8.00 7.81 7.67
5.78 5.89 6.27 6.44 6.56 6.74 7.07 7.38 7.59 7.97 8.19 8.21 8.21 8.40 9.25 9.18 9.33 8.88 9.11 9.24 9.29 9.35 9.50 9.46 9.48 9.49 9.57 9.62 9.71 9.57 9.57 9.60 9.58 9.33 9.61 9.57 9.55 9.56 9.60 9.65 9.43 9.43 9.41 9.52 9.28 9.19 9.21 9.01 9.44 8.98 9.43 9.19 9.44 8.96 8.90 8.89 8.89 8.88 8.82 8.80 8.78 8.77 8.73 8.58 8.59 8.51 8.44 8.31 8.28 8.22 8.12 8.05 7.94 7.80 7.67
5.35 5.63 6.03 6.23 6.56 6.75 7.16 7.45 7.75 7.99 8.36 8.41 8.65 8.58 8.85 9.00 8.41 9.17 9.32 8.92 9.33 9.34 9.48 9.15 9.49 9.54 9.61 9.65 9.53 9.56 9.60 9.64 9.68 9.59 9.62 9.57 9.55 9.52 9.49 9.42 9.53 9.36 9.36 9.32 9.28 9.23 9.13 9.01 8.98 8.97 8.98 8.96 9.15 8.89 8.86 8.85 8.79 8.72 8.72 8.70 8.60 8.57 8.66 8.44 8.44 8.45 8.35 8.30 8.17 8.12 8.08 8.00 7.93 7.80 7.69
4.75 4.99 5.61 5.95 6.36 6.58 7.18 7.75 7.91 8.16 8.39 8.66 8.79 8.52 8.89 8.94 9.21 9.22 9.34 8.71 9.29 9.46 9.55 9.52 9.38 9.43 9.45 9.49 9.55 9.58 9.63 9.68 9.35 9.61 9.60 9.57 9.58 9.52 9.60 9.45 9.43 9.32 9.31 9.33 9.27 9.22 9.16 9.01 8.96 8.93 8.94 8.95 8.90 8.85 8.83 8.82 8.81 8.87 8.67 8.67 8.73 8.53 8.44 8.40 8.38 8.35 8.27 8.18 8.12 8.05 7.98 8.02 7.80 7.70 7.61
4.68 5.35 5.41 5.81 6.06 6.51 7.27 7.85 7.91 8.27 8.47 8.59 8.91 8.89 9.05 9.13 9.18 9.23 9.32 9.45 9.35 9.58 9.23 9.11 9.43 9.50 9.53 9.57 9.59 9.60 9.66 9.66 9.61 9.62 9.63 9.59 9.54 9.51 9.45 9.43 9.43 9.30 9.29 9.26 9.28 9.21 9.17 9.06 8.95 8.91 8.90 8.88 8.68 8.58 8.98 8.83 8.77 8.72 8.63 8.60 8.36 8.45 8.42 8.55 8.33 8.29 8.21 8.13 8.00 7.97 7.91 7.79 7.71 7.83 7.53
5.16 5.66 5.87 6.16 6.39 6.86 7.44 7.79 7.95 8.43 8.50 8.73 8.90 9.04 9.11 9.02 9.05 9.14 9.35 9.24 9.32 9.37 9.37 9.41 9.45 9.48 9.53 9.60 9.64 9.67 9.65 9.56 9.65 9.59 9.59 9.56 9.53 9.50 9.44 9.41 9.36 9.30 9.25 9.23 9.24 9.23 9.15 8.98 8.90 8.89 8.87 8.85 8.84 8.78 8.52 8.93 8.75 8.68 8.64 8.58 8.53 8.48 8.41 8.51 8.31 8.43 8.16 8.07 8.01 7.89 7.79 7.75 7.65 7.59 7.86
4.69 5.51 5.78 6.00 6.21 6.90 7.27 7.53 7.93 8.16 8.41 8.61 8.75 8.93 9.01 9.12 9.16 9.18 9.27 9.32 9.34 9.38 9.45 9.45 9.47 9.52 9.57 9.63 9.65 9.64 9.65 9.66 9.36 9.60 9.59 9.56 9.53 9.50 9.48 9.41 9.36 9.34 9.28 9.23 9.24 9.22 9.37 9.28 9.16 8.90 8.88 8.86 8.81 8.77 8.74 8.90 8.72 8.68 8.77 8.55 8.49 8.43 8.37 8.27 8.25 8.18 8.11 8.03 7.96 7.89 7.76 7.65 7.58 7.49 7.40
5.50 5.83 6.32 6.58 6.42 7.07 7.66 7.66 7.94 8.35 8.49 8.65 8.84 8.97 9.08 9.19 9.25 9.28 9.31 9.42 9.42 9.47 9.53 9.53 9.55 9.60 9.62 9.65 9.68 9.68 9.68 9.21 9.61 9.58 9.74 9.54 9.51 9.50 9.44 9.38 9.34 9.31 9.27 9.23 9.20 9.18 9.19 9.28 9.28 8.92 8.86 8.83 8.78 8.76 8.87 8.69 8.65 8.62 8.57 8.54 8.64 8.59 8.29 8.23 8.16 8.13 8.06 8.15 8.07 7.82 7.77 7.67 7.55 7.47 7.35
4.62 5.02 5.61 6.20 6.70 7.30 7.40 7.67 8.07 8.47 8.62 8.76 8.87 9.00 9.10 9.22 9.29 9.35 9.42 9.47 9.50 9.68 9.56 9.60 9.64 9.64 9.67 9.69 9.89 9.70 9.69 9.73 9.42 9.87 9.71 9.54 9.55 9.68 9.42 9.38 9.35 9.31 9.27 9.23 9.18 9.18 9.11 9.08 9.07 9.53 8.86 8.81 8.93 8.92 8.86 8.62 8.58 8.51 8.53 8.48 8.42 8.39 8.45 8.22 8.34 8.08 8.01 7.97 7.85 7.79 7.70 7.63 7.53 7.45 7.32
