maui/input/gr0_in_month_ascii/gr0_in_may__maui.asc
ncols        356
nrows        236
xllcorner    -156.702000000000
yllcorner    20.529750000000
cellsize     0.002250000000
NODATA_value  -99.00
[rows 99 to 131 of 236, columns 225 to 299 of 356]
3.68 3.71 3.78 3.96 4.02 4.14 4.45 5.14 4.54 4.63 4.58 4.59 4.69 4.76 5.00 5.45 5.87 6.25 6.60 6.55 6.72 6.76 6.80 6.89 7.00 6.89 7.66 7.96 7.12 7.34 7.76 7.43 8.07 7.77 7.65 -9999.00 -9999.00 -9999.00 -9999.00 -9999.00 -9999.00 -9999.00 -9999.00 -9999.00 -9999.00 -9999.00 -9999.00 -9999.00 -9999.00 -9999.00 -9999.00 -9999.00 -9999.00 -9999.00 -9999.00 -9999.00 -9999.00 -9999.00 -9999.00 -9999.00 -9999.00 -9999.00 -9999.00 -9999.00 -9999.00 -9999.00 -9999.00 -9999.00 -9999.00 -9999.00 -9999.00 -9999.00 -9999.00 -9999.00 -9999.00
3.54 3.60 3.67 3.59 3.77 4.30 4.97 4.47 4.36 4.32 4.37 4.36 4.47 4.62 5.35 5.82 6.09 6.18 6.24 6.42 6.46 6.60 6.57 6.76 6.11 6.14 7.00 6.66 6.93 6.76 7.86 8.26 7.50 7.37 7.56 -9999.00 -9999.00 -9999.00 -9999.00 -9999.00 -9999.00 -9999.00 -9999.00 -9999.00 -9999.00 -9999.00 -9999.00 -9999.00 -9999.00 -9999.00 -9999.00 -9999.00 -9999.00 -9999.00 -9999.00 -9999.00 -9999.00 -9999.00 -9999.00 -9999.00 -9999.00 -9999.00 -9999.00 -9999.00 -9999.00 -9999.00 -9999.00 -9999.00 -9999.00 -9999.00 -9999.00 -9999.00 -9999.00 -9999.00 -9999.00
3.37 3.49 3.57 3.64 3.90 4.12 4.04 4.09 4.14 4.14 4.28 4.65 4.94 4.72 5.47 5.82 6.03 6.04 6.14 6.26 6.17 6.33 5.98 5.60 5.78 6.40 6.14 6.37 6.66 6.72 6.94 7.57 7.26 7.13 7.32 7.34 -9999.00 -9999.00 -9999.00 -9999.00 -9999.00 -9999.00 -9999.00 -9999.00 -9999.00 -9999.00 -9999.00 -9999.00 -9999.00 -9999.00 -9999.00 -9999.00 -9999.00 -9999.00 -9999.00 -9999.00 -9999.00 -9999.00 -9999.00 -9999.00 -9999.00 -9999.00 -9999.00 -9999.00 -9999.00 -9999.00 -9999.00 -9999.00 -9999.00 -9999.00 -9999.00 -9999.00 -9999.00 -9999.00 -9999.00
3.28 3.42 3.48 3.63 3.69 3.75 3.83 3.89 3.92 4.28 5.13 5.03 5.29 5.44 5.60 5.59 5.67 5.84 6.00 6.11 6.08 6.14 5.45 5.48 5.57 5.98 5.82 5.97 6.11 6.30 6.35 6.71 6.82 7.73 7.26 7.24 7.28 -9999.00 -9999.00 -9999.00 -9999.00 -9999.00 -9999.00 -9999.00 -9999.00 8.93 8.98 8.89 8.85 8.82 -9999.00 -9999.00 -9999.00 -9999.00 -9999.00 -9999.00 -9999.00 -9999.00 -9999.00 -9999.00 -9999.00 -9999.00 -9999.00 -9999.00 -9999.00 -9999.00 -9999.00 -9999.00 -9999.00 -9999.00 -9999.00 -9999.00 -9999.00 -9999.00 -9999.00
3.18 3.29 3.46 3.38 3.44 3.60 3.63 3.76 4.25 4.68 4.87 4.89 5.07 5.31 5.45 5.55 5.66 5.47 5.81 5.97 5.43 5.25 5.23 5.27 5.56 5.53 5.69 5.83 5.86 6.00 6.57 6.64 6.69 6.78 7.10 7.11 7.30 -9999.00 -9999.00 -9999.00 -9999.00 -9999.00 -9999.00 -9999.00 8.65 8.75 8.96 8.90 9.35 8.74 8.72 -9999.00 -9999.00 -9999.00 -9999.00 -9999.00 -9999.00 -9999.00 -9999.00 -9999.00 -9999.00 -9999.00 -9999.00 -9999.00 -9999.00 -9999.00 -9999.00 -9999.00 -9999.00 -9999.00 -9999.00 -9999.00 -9999.00 -9999.00 -9999.00
3.17 3.09 3.22 3.30 3.36 3.44 3.50 3.74 4.35 4.52 4.57 4.73 4.94 5.17 5.30 5.31 5.12 5.05 5.34 5.03 4.85 4.92 5.03 5.23 5.32 5.41 5.57 5.66 5.72 6.09 5.94 6.29 6.38 6.79 7.45 7.16 7.17 7.26 7.31 7.45 7.53 7.62 7.83 8.17 8.34 9.23 8.77 8.80 8.89 8.07 8.61 8.53 -9999.00 -9999.00 -9999.00 -9999.00 -9999.00 -9999.00 -9999.00 -9999.00 -9999.00 -9999.00 -9999.00 -9999.00 -9999.00 -9999.00 -9999.00 -9999.00 -9999.00 -9999.00 -9999.00 -9999.00 -9999.00 -9999.00 -9999.00
3.02 3.13 3.19 3.18 3.22 3.16 3.40 3.85 4.24 4.32 4.39 4.54 4.67 4.96 5.13 4.99 4.46 4.73 4.54 4.53 4.63 4.74 4.84 4.95 5.11 5.19 5.38 5.46 5.64 5.83 5.98 6.20 6.15 6.56 6.95 7.22 7.47 7.50 7.84 7.61 7.48 8.21 7.77 8.31 8.69 8.36 8.47 8.53 8.61 8.52 8.68 8.43 8.48 8.46 -9999.00 -9999.00 -9999.00 -9999.00 -9999.00 -9999.00 -9999.00 -9999.00 -9999.00 -9999.00 -9999.00 -9999.00 -9999.00 -9999.00 -9999.00 -9999.00 -9999.00 -9999.00 -9999.00 -9999.00 -9999.00
2.93 3.04 3.03 3.04 3.10 3.35 3.63 4.03 4.14 4.17 4.24 4.13 4.94 4.92 4.97 4.47 4.25 4.33 4.31 4.36 4.49 4.60 4.64 4.84 4.84 5.03 5.10 5.27 5.36 5.51 5.58 5.65 6.08 6.01 6.21 6.76 7.06 6.92 7.19 7.23 7.06 7.77 7.39 7.68 7.67 7.93 7.98 8.16 8.30 8.21 8.42 8.47 8.57 8.33 8.33 -9999.00 -9999.00 -9999.00 -9999.00 -9999.00 -9999.00 -9999.00 -9999.00 -9999.00 -9999.00 -9999.00 -9999.00 -9999.00 -9999.00 -9999.00 -9999.00 -9999.00 -9999.00 -9999.00 -9999.00
2.88 2.94 2.93 3.08 3.51 3.83 3.80 3.92 4.02 4.05 3.83 4.38 4.64 4.87 4.66 4.35 4.12 4.11 4.11 4.23 4.29 4.41 4.49 4.58 4.79 4.84 5.09 5.04 5.20 5.26 5.28 5.51 5.48 5.64 5.88 6.24 6.49 6.50 6.64 6.60 6.79 6.81 7.06 7.22 7.43 7.44 7.65 7.69 7.83 7.98 8.10 8.28 8.41 8.54 8.23 8.23 8.19 8.27 -9999.00 -9999.00 -9999.00 -9999.00 -9999.00 -9999.00 -9999.00 -9999.00 -9999.00 -9999.00 -9999.00 -9999.00 -9999.00 -9999.00 -9999.00 -9999.00 -9999.00
2.81 2.90 3.03 3.47 3.73 3.64 3.67 3.82 3.79 3.64 3.53 3.66 4.07 4.21 4.26 3.73 3.91 3.95 4.00 4.09 4.18 4.26 4.39 4.56 4.69 4.68 4.78 5.07 4.93 5.01 5.12 5.22 5.28 5.38 5.75 5.86 5.97 6.24 6.18 6.31 6.53 6.56 6.69 6.94 7.06 7.11 7.26 7.41 7.44 7.47 7.71 7.94 8.21 8.25 7.68 8.35 8.32 8.19 8.23 -9999.00 -9999.00 -9999.00 -9999.00 -9999.00 -9999.00 -9999.00 -9999.00 -9999.00 -9999.00 -9999.00 -9999.00 -9999.00 -9999.00 -9999.00 -9999.00
2.84 3.19 3.57 3.57 3.55 3.60 3.67 3.76 3.54 3.33 3.37 3.51 3.49 3.65 3.71 3.69 3.77 3.85 3.91 4.11 4.00 4.28 4.26 4.52 4.45 4.50 4.62 4.83 4.74 4.72 4.80 4.98 5.06 5.17 5.32 5.51 5.92 5.67 5.85 5.97 6.40 6.27 6.42 6.55 6.73 6.74 6.91 7.06 7.18 7.31 7.55 7.74 7.81 7.88 7.99 8.07 8.27 8.46 8.19 8.22 -9999.00 -9999.00 -9999.00 -9999.00 -9999.00 -9999.00 -9999.00 -9999.00 -9999.00 -9999.00 -9999.00 -9999.00 -9999.00 -9999.00 -9999.00
3.09 3.46 3.50 3.51 3.48 3.56 3.58 3.40 3.26 3.17 3.29 3.33 3.29 3.47 3.51 3.56 3.72 3.70 3.80 3.85 3.98 4.11 4.20 4.25 4.31 4.48 4.40 4.44 4.61 4.57 4.75 4.75 4.83 4.94 4.97 5.21 5.49 5.44 5.66 5.97 5.95 5.92 6.18 6.26 6.45 6.36 6.60 6.83 6.92 7.08 7.13 7.42 7.41 7.51 7.66 7.80 8.03 8.24 8.11 8.12 8.16 -9999.00 -9999.00 -9999.00 -9999.00 -9999.00 -9999.00 -9999.00 -9999.00 -9999.00 -9999.00 -9999.00 -9999.00 -9999.00 -9999.00
3.52 3.47 3.48 3.51 3.32 3.43 3.23 3.11 3.07 3.00 3.17 3.22 3.29 3.36 3.46 3.49 3.57 3.60 3.65 3.69 3.83 3.92 4.23 4.11 4.18 4.41 4.31 4.39 4.40 4.50 4.50 4.61 4.65 4.76 4.86 4.94 5.04 5.26 5.46 5.58 5.71 5.77 5.88 6.03 6.19 6.23 6.31 6.56 6.68 6.70 6.79 6.78 6.99 7.20 7.33 7.59 7.84 7.92 8.21 8.36 8.08 8.23 8.45 8.65 8.81 8.94 -9999.00 -9999.00 -9999.00 -9999.00 -9999.00 -9999.00 -9999.00 -9999.00 -9999.00
3.54 3.43 3.51 3.43 3.35 3.28 3.07 2.96 2.91 3.07 3.10 3.14 3.22 3.35 3.39 3.49 3.43 3.43 3.47 3.55 3.62 3.79 3.89 3.93 4.04 4.19 4.19 4.24 4.25 4.33 4.42 4.42 4.51 4.55 4.70 4.82 4.90 5.12 5.28 5.38 5.40 5.48 5.62 5.80 5.88 5.94 6.16 6.11 6.35 6.37 6.43 6.50 6.86 6.95 7.06 7.28 7.49 7.61 7.95 7.99 8.06 8.13 8.36 9.38 9.06 8.84 8.87 8.81 -9999.00 8.95 9.00 9.03 -9999.00 -9999.00 -9999.00
3.44 3.45 3.40 3.35 3.30 3.26 2.89 2.91 2.97 3.02 3.05 3.08 3.14 3.28 3.27 3.31 3.31 3.32 3.36 3.50 3.59 3.77 3.76 3.83 3.92 4.01 3.98 4.03 4.08 4.12 4.23 4.26 4.32 4.43 4.56 4.70 4.73 4.90 4.97 5.09 5.15 5.22 5.45 5.64 5.78 5.85 5.95 5.92 5.93 6.07 6.21 6.38 6.55 6.65 6.95 7.02 7.15 7.42 7.50 7.54 7.74 8.10 8.56 8.59 9.42 8.82 8.80 8.78 8.84 8.88 9.51 8.95 8.99 8.97 8.98
3.15 3.28 3.23 3.28 3.23 3.22 2.94 2.83 2.89 2.96 3.00 3.06 3.13 3.19 3.18 3.21 3.22 3.24 3.33 3.41 3.62 3.57 3.67 3.84 3.77 3.84 3.93 3.95 3.96 4.02 4.09 4.11 4.21 4.30 4.27 4.44 4.60 4.66 4.75 4.81 4.91 5.10 5.45 5.45 5.57 5.68 5.64 5.68 5.76 5.86 5.97 6.24 6.28 6.47 6.70 6.74 6.76 6.94 7.01 7.29 7.47 7.79 8.11 8.31 8.63 8.72 8.77 8.80 8.82 8.74 9.00 8.99 8.99 9.05 9.04
2.94 3.19 3.18 3.21 3.29 3.19 3.10 2.98 2.89 2.93 2.98 3.02 3.06 3.10 3.14 3.17 3.16 3.19 3.24 3.36 3.53 3.47 3.58 3.69 3.75 3.74 3.79 3.83 3.84 3.87 3.93 3.96 4.06 4.05 4.24 4.34 4.39 4.48 4.56 4.57 4.88 5.01 5.04 5.15 5.44 5.32 5.28 5.44 5.52 5.60 5.75 5.80 6.06 6.21 6.36 6.36 6.51 6.75 6.73 6.86 7.16 7.48 7.74 7.94 8.26 8.59 8.62 8.62 8.70 8.77 8.74 8.89 8.75 8.90 9.00
3.18 3.20 3.12 3.17 3.20 3.15 3.07 2.88 2.84 2.89 2.93 2.98 3.03 3.07 3.10 3.12 3.10 3.14 3.21 3.24 3.36 3.35 3.47 3.52 3.57 3.55 3.61 3.64 3.68 3.74 3.81 3.86 3.96 3.97 4.07 4.11 4.26 4.32 4.42 4.53 4.66 4.69 4.75 4.86 4.95 5.05 5.02 5.14 5.13 5.31 5.45 5.72 5.83 5.95 6.14 6.20 6.36 6.32 6.57 6.69 6.95 7.14 7.39 7.55 7.77 7.87 8.08 8.13 8.44 8.69 8.76 8.83 8.76 8.89 8.81
3.15 3.16 3.12 3.10 3.12 3.17 3.03 2.98 2.83 2.85 2.90 2.93 2.98 3.07 3.06 3.06 3.05 3.12 3.17 3.23 3.26 3.28 3.35 3.45 3.45 3.48 3.50 3.53 3.53 3.63 3.67 3.73 3.81 3.85 3.93 3.93 4.07 4.14 4.23 4.41 4.42 4.55 4.57 4.66 4.68 4.79 4.93 4.90 5.03 5.11 5.31 5.45 5.57 5.72 5.77 5.94 6.09 6.21 6.30 6.47 6.60 6.95 7.04 7.26 7.43 7.53 7.61 7.92 7.99 8.14 8.68 8.60 8.77 8.74 8.76
3.14 3.13 3.09 3.06 3.10 3.12 3.02 3.03 2.82 2.86 2.88 2.93 2.97 3.06 3.01 3.00 3.03 3.09 3.13 3.19 3.21 3.25 3.29 3.37 3.33 3.40 3.46 3.46 3.51 3.54 3.54 3.62 3.58 3.76 3.74 3.84 3.93 3.96 4.13 4.19 4.26 4.29 4.36 4.47 4.55 4.59 4.71 4.78 4.87 4.97 5.09 5.24 5.33 5.44 5.57 5.72 5.80 5.95 6.07 6.28 6.42 6.66 6.75 6.91 7.10 7.23 7.45 7.68 7.76 8.13 8.30 8.46 8.57 8.53 8.60
3.12 3.09 3.07 3.09 3.11 3.13 3.06 2.97 2.84 2.86 2.92 2.94 2.97 2.99 2.97 3.01 3.09 3.20 3.14 3.13 3.16 3.19 3.23 3.25 3.25 3.29 3.37 3.40 3.42 3.42 3.44 3.48 3.58 3.63 3.63 3.71 3.75 3.86 3.91 4.03 4.11 4.09 4.17 4.20 4.41 4.43 4.54 4.64 4.70 4.81 4.90 5.06 5.08 5.21 5.31 5.44 5.59 5.73 5.90 6.06 6.10 6.23 6.36 6.37 6.65 6.86 7.16 7.23 7.48 7.62 7.91 8.11 8.39 8.32 8.48
3.11 3.06 3.04 3.07 3.12 3.16 3.08 3.02 2.84 2.85 2.90 2.95 2.98 2.95 2.97 3.03 3.12 3.09 3.09 3.08 3.10 3.14 3.18 3.18 3.18 3.24 3.30 3.34 3.35 3.34 3.35 3.40 3.48 3.51 3.51 3.56 3.64 3.69 3.76 3.80 3.94 3.97 4.00 4.11 4.20 4.30 4.28 4.49 4.54 4.61 4.69 4.72 4.81 4.86 5.12 5.23 5.33 5.51 5.65 5.73 5.86 5.90 5.90 6.11 6.38 6.49 6.61 6.79 7.12 7.43 7.51 7.80 8.16 8.31 8.27
2.93 3.05 3.05 3.05 3.11 3.17 3.10 2.96 2.90 2.87 2.91 2.96 2.97 2.97 2.99 3.03 3.01 3.12 3.07 3.07 3.08 3.11 3.13 3.13 3.16 3.23 3.27 3.23 3.28 3.29 3.31 3.35 3.37 3.39 3.39 3.42 3.47 3.56 3.65 3.66 3.81 3.84 3.87 3.89 3.99 4.19 4.28 4.34 4.39 4.49 4.53 4.58 4.68 4.80 4.91 5.01 5.11 5.24 5.43 5.44 5.47 5.58 5.63 5.81 5.99 5.98 6.17 6.50 6.54 6.89 7.06 7.36 7.66 7.78 7.95
3.02 3.04 3.05 3.11 3.13 3.09 3.10 2.88 2.94 2.90 2.92 2.95 2.99 3.03 3.01 3.03 3.04 3.06 3.07 3.09 3.07 3.10 3.12 3.12 3.15 3.18 3.22 3.20 3.25 3.28 3.28 3.29 3.28 3.25 3.28 3.32 3.36 3.38 3.50 3.59 3.64 3.69 3.73 3.80 3.91 4.06 4.13 4.18 4.20 4.27 4.37 4.38 4.50 4.63 4.72 4.85 4.92 5.02 5.14 5.16 4.92 5.18 5.20 5.40 5.77 5.74 5.91 6.10 6.32 6.68 6.98 7.15 7.49 7.74 7.77
3.01 3.03 3.07 3.10 3.16 3.12 2.88 2.89 2.91 2.91 2.94 2.96 3.03 3.05 3.06 3.02 3.07 3.01 3.09 3.09 3.07 3.08 3.12 3.12 3.13 3.17 3.18 3.21 3.19 3.22 3.25 3.22 3.19 3.19 3.20 3.23 3.27 3.33 3.43 3.47 3.55 3.57 3.63 3.75 3.80 3.93 3.91 4.02 4.02 4.14 4.22 4.20 4.28 4.45 4.55 4.62 4.65 4.71 4.78 4.95 4.67 4.84 5.06 5.18 5.32 5.38 5.70 5.88 6.14 6.32 6.52 6.87 7.07 7.24 7.52
3.08 3.08 3.09 3.11 3.13 2.97 2.97 2.90 3.02 3.02 2.97 2.98 3.02 3.04 3.06 3.05 3.09 3.07 3.06 3.06 3.07 3.11 3.15 3.13 3.13 3.17 3.18 3.17 3.23 3.21 3.20 3.16 3.13 3.13 3.14 3.17 3.20 3.31 3.33 3.25 3.46 3.54 3.56 3.62 3.65 3.71 3.75 3.82 3.86 3.85 3.95 4.05 4.19 4.26 4.39 4.47 4.49 4.54 4.60 4.66 4.68 4.77 4.85 4.94 4.99 5.07 5.32 5.61 5.78 5.93 6.24 6.26 6.81 6.89 7.28
3.10 3.11 3.15 3.14 2.96 2.99 2.95 3.01 3.03 3.05 3.10 3.10 3.02 3.02 3.04 3.07 3.11 3.09 3.08 3.07 3.10 3.16 3.16 3.18 3.18 3.16 3.18 3.20 3.21 3.18 3.12 3.09 3.09 3.11 3.12 3.11 3.12 3.17 3.19 3.35 3.44 3.49 3.51 3.49 3.51 3.57 3.62 3.68 3.59 3.66 3.77 3.89 3.96 4.10 4.18 4.16 4.25 4.34 4.40 4.48 4.50 4.47 4.53 4.64 4.66 4.93 5.03 5.29 5.48 5.58 5.96 6.09 6.32 6.54 6.95
3.14 3.13 3.15 3.17 3.13 3.08 3.07 3.05 3.06 3.09 3.11 3.11 3.11 3.06 3.06 3.08 3.08 3.09 3.10 3.12 3.13 3.15 3.17 3.19 3.20 3.20 3.21 3.20 3.18 3.14 3.11 3.08 3.08 3.09 3.09 3.08 3.08 3.12 3.22 3.37 3.45 3.47 3.49 3.38 3.38 3.47 3.50 3.51 3.49 3.53 3.63 3.68 3.74 3.84 3.92 3.97 3.99 4.11 4.13 4.19 4.28 4.31 4.23 4.41 4.53 4.76 4.93 5.07 5.07 5.28 5.50 5.75 5.95 6.35 6.39
3.23 3.20 3.17 3.17 3.15 3.11 3.11 3.11 3.11 3.12 3.13 3.15 3.14 3.14 3.12 3.10 3.09 3.11 3.14 3.15 3.14 3.17 3.19 3.19 3.21 3.20 3.22 3.17 3.15 3.11 3.09 3.09 3.06 3.05 3.05 3.04 3.04 3.17 3.40 3.47 3.47 3.40 3.31 3.26 3.28 3.31 3.35 3.34 3.38 3.40 3.47 3.59 3.59 3.63 3.74 3.79 3.83 3.91 3.94 3.93 3.99 3.98 4.00 4.02 4.37 4.53 4.62 4.71 4.69 5.17 5.11 5.57 5.71 5.88 6.18
3.30 3.29 3.27 3.20 3.18 3.15 3.16 3.19 3.18 3.17 3.15 3.15 3.17 3.19 3.17 3.15 3.16 3.13 3.17 3.19 3.17 3.18 3.21 3.20 3.20 3.19 3.18 3.19 3.13 3.09 3.09 3.09 3.06 3.04 3.02 3.00 3.06 3.25 3.36 3.43 3.29 3.20 3.13 3.20 3.17 3.16 3.19 3.22 3.28 3.33 3.33 3.43 3.42 3.50 3.57 3.63 3.66 3.63 3.71 3.76 3.74 3.80 3.92 4.01 4.26 4.32 4.28 4.36 4.49 4.73 4.94 5.20 5.47 5.78 6.00
3.37 3.37 3.36 3.31 3.26 3.25 3.24 3.26 3.28 3.24 3.20 3.19 3.19 3.20 3.21 3.21 3.20 3.21 3.25 3.20 3.20 3.22 3.28 3.24 3.24 3.21 3.20 3.21 3.15 3.10 3.09 3.10 3.08 3.06 3.03 3.03 3.23 3.41 3.45 3.11 3.15 3.07 3.08 3.12 3.11 3.09 3.12 3.13 3.14 3.18 3.23 3.27 3.29 3.34 3.42 3.45 3.51 3.52 3.51 3.49 3.44 3.54 3.77 3.77 4.00 3.85 3.89 4.07 4.20 4.51 4.66 4.84 4.80 4.92 5.15
3.44 3.41 3.41 3.40 3.40 3.35 3.33 3.31 3.33 3.32 3.31 3.25 3.21 3.20 3.23 3.26 3.28 3.26 3.25 3.24 3.27 3.29 3.31 3.27 3.21 3.19 3.21 3.28 3.23 3.15 3.08 3.08 3.09 3.10 3.05 3.10 3.34 3.31 3.32 3.14 3.05 3.05 3.01 3.05 3.04 3.05 3.08 3.07 3.06 3.08 3.11 3.17 3.23 3.24 3.24 3.29 3.31 3.38 3.31 3.07 3.27 3.35 3.56 3.57 3.46 3.45 3.62 3.75 4.07 4.16 4.28 4.43 4.53 4.92 5.18
3.55 3.51 3.51 3.48 3.47 3.46 3.40 3.38 3.38 3.38 3.37 3.32 3.29 3.26 3.27 3.30 3.33 3.32 3.28 3.28 3.31 3.36 3.32 3.28 3.23 3.22 3.25 3.28 3.26 3.19 3.13 3.11 3.11 3.12 3.08 3.12 3.34 3.24 3.04 3.00 3.03 3.06 3.02 2.99 2.98 2.99 3.01 3.01 3.02 3.02 3.05 3.09 3.09 3.09 3.11 3.16 3.20 3.22 3.03 2.97 3.11 3.37 3.48 3.38 3.21 3.30 3.44 3.70 3.95 3.77 4.02 4.42 4.62 4.75 5.08
