maui/input/gr0_in_month_ascii/gr0_in_sep__maui.asc
ncols        356
nrows        236
xllcorner    -156.702000000000
yllcorner    20.529750000000
cellsize     0.002250000000
NODATA_value  -99.00
[rows 132 to 164 of 236, columns 150 to 224 of 356]
4.84 4.89 4.82 4.57 4.61 4.26 4.22 4.18 4.03 4.03 4.24 4.06 3.75 3.33 3.64 3.22 3.20 3.55 3.38 3.58 3.36 3.20 2.89 2.91 3.45 2.79 2.75 2.71 2.69 3.18 3.09 3.06 2.89 2.77 2.89 2.97 3.00 3.00 2.82 2.77 2.83 2.84 2.85 2.86 2.88 2.96 2.92 2.96 3.10 3.12 3.20 3.22 3.31 3.37 3.32 3.34 3.39 3.37 3.38 3.39 3.48 3.44 3.39 3.51 3.31 3.11 3.00 3.12 3.24 3.18 3.14 3.22 3.17 3.15 3.14
4.97 4.84 4.76 4.69 4.43 4.19 4.28 4.15 4.03 3.89 3.93 4.10 3.71 3.33 3.27 3.21 3.10 3.46 3.32 3.45 3.34 3.53 3.18 3.33 3.40 3.11 3.28 3.24 3.04 2.66 3.17 2.92 2.81 2.77 2.75 2.78 2.83 2.78 2.82 2.78 2.82 2.84 2.86 2.86 2.88 2.91 3.00 3.16 3.12 3.18 3.20 3.29 3.47 3.45 3.48 3.48 3.51 3.52 3.53 3.57 3.53 3.53 3.63 3.65 3.33 3.12 3.26 3.14 3.26 3.25 3.21 3.15 3.24 3.11 3.21
4.71 4.78 4.70 4.45 4.55 4.15 4.04 4.07 4.02 3.88 3.89 3.73 3.87 3.78 3.57 3.11 3.40 3.02 3.00 2.94 3.38 3.15 2.83 3.41 3.06 3.13 3.05 3.22 3.21 3.17 2.93 2.89 2.80 2.78 2.77 2.76 2.76 2.76 2.78 2.81 2.84 2.85 2.85 2.87 2.98 3.10 3.19 3.20 3.24 3.28 3.35 3.40 3.46 3.50 3.54 3.60 3.62 3.65 3.71 3.67 3.67 3.68 3.72 3.67 3.54 3.41 3.45 3.39 3.23 3.18 3.18 3.09 3.23 3.34 3.19
4.77 4.71 4.60 4.33 4.37 4.30 4.02 3.92 3.90 3.88 3.78 3.35 3.60 3.77 3.51 3.43 3.09 3.04 2.97 2.91 2.87 2.77 3.10 3.26 3.35 2.72 2.97 2.96 2.97 2.61 3.08 2.83 2.80 2.81 2.82 2.76 2.76 2.76 2.79 2.84 2.86 2.90 3.05 2.91 3.03 3.10 3.16 3.19 3.16 3.28 3.44 3.49 3.53 3.63 3.68 3.70 3.81 3.78 3.82 3.81 3.81 3.84 3.84 3.82 3.78 3.56 3.64 3.38 3.19 3.09 3.06 3.02 3.16 3.27 3.21
4.93 4.82 4.69 4.41 4.18 4.18 4.09 3.91 3.86 3.80 3.72 3.30 3.81 3.16 3.18 3.62 3.06 3.37 2.94 2.94 2.83 2.80 2.76 2.75 2.73 3.32 3.20 3.18 3.13 2.57 3.08 3.03 2.84 2.78 2.78 2.76 2.79 2.79 2.82 2.84 2.85 2.91 3.07 2.98 3.08 3.20 3.19 3.26 3.34 3.34 3.46 3.45 3.63 3.68 3.80 3.83 3.91 3.94 3.96 3.98 3.98 3.94 3.93 3.95 3.71 3.40 3.37 3.42 2.93 3.29 3.12 3.07 3.31 3.29 3.30
4.67 4.77 4.66 4.60 4.20 4.06 3.96 3.87 3.81 3.77 3.90 3.85 3.28 3.52 3.67 3.66 3.05 3.32 2.94 3.45 3.20 2.80 2.77 2.74 2.72 2.99 2.63 2.99 3.15 2.56 3.08 2.82 3.08 2.98 2.95 2.84 2.99 2.81 2.95 2.96 2.86 2.97 3.08 3.13 3.13 3.22 3.25 3.42 3.39 3.48 3.56 3.63 3.71 3.79 3.91 3.97 4.01 4.07 4.09 4.12 4.06 4.05 4.12 3.74 3.39 3.52 3.36 3.28 3.25 3.21 3.17 3.25 3.35 3.35 3.36
4.83 4.54 4.66 4.40 4.16 4.32 4.05 3.96 4.07 3.88 3.70 3.20 3.56 3.66 3.39 3.07 3.41 3.54 3.55 3.45 2.83 3.33 2.77 3.11 3.28 2.68 2.92 3.02 2.91 3.09 2.83 2.80 2.77 2.76 2.77 2.85 3.01 2.86 2.88 2.85 3.04 2.95 3.11 3.12 3.18 3.27 3.30 3.39 3.42 3.56 3.63 3.69 3.77 3.89 3.96 4.03 4.12 4.20 4.18 4.22 4.21 4.26 4.00 3.70 3.41 3.00 3.38 3.34 3.29 3.41 3.23 3.15 3.40 3.39 3.41
4.76 4.72 4.59 4.32 4.24 4.20 4.12 4.01 3.78 3.69 3.62 3.55 3.49 3.42 3.38 3.33 3.37 2.94 2.90 2.85 3.27 2.73 2.74 3.30 3.23 3.18 3.23 3.08 2.85 2.85 2.82 2.91 2.77 2.78 2.79 2.80 2.80 2.86 3.00 2.95 2.94 3.07 3.10 3.17 3.26 3.32 3.39 3.47 3.56 3.64 3.70 3.80 3.91 3.99 4.08 4.22 4.23 4.28 4.30 4.35 4.41 3.96 3.49 3.47 3.19 3.48 3.41 3.38 3.47 3.47 3.30 3.20 3.18 3.43 3.23
4.76 4.67 4.60 4.18 4.10 4.32 4.05 3.82 3.73 3.65 3.59 3.57 3.44 3.38 2.98 3.00 2.93 2.90 3.25 2.82 3.42 3.37 3.33 3.28 3.30 2.66 3.13 3.09 2.90 2.81 2.80 2.79 2.79 2.80 2.80 2.90 2.80 2.83 2.90 2.98 3.09 3.11 3.15 3.26 3.36 3.41 3.49 3.58 3.61 3.72 3.81 3.95 4.05 4.14 4.23 4.33 4.46 4.40 4.47 4.54 4.54 4.12 3.58 3.46 3.44 3.83 3.42 3.58 3.54 3.51 3.47 3.45 3.58 3.35 3.28
4.68 4.61 4.34 4.26 4.20 4.19 4.04 4.02 3.73 3.66 3.20 3.49 3.41 3.35 2.99 2.94 3.50 2.87 3.23 3.21 2.79 3.16 3.11 3.27 3.03 3.21 3.10 3.09 3.05 2.88 3.00 2.80 2.94 2.81 2.81 2.84 2.84 2.88 2.93 3.06 2.98 3.16 3.28 3.35 3.37 3.50 3.57 3.62 3.74 3.86 3.97 4.07 4.18 4.23 4.33 4.46 4.55 4.57 4.47 4.62 4.25 4.15 3.88 3.93 3.86 3.85 3.73 3.66 3.61 3.55 3.54 3.23 3.43 3.43 3.66
4.63 4.55 4.31 4.38 4.32 4.03 3.88 3.79 3.89 3.99 3.17 3.11 3.42 3.54 2.92 2.98 3.48 3.32 3.30 3.34 3.42 3.35 3.26 3.27 3.23 3.04 3.13 3.10 3.00 2.96 3.05 3.02 2.84 2.82 2.83 2.90 2.92 2.94 2.98 3.08 3.08 3.03 3.15 3.43 3.46 3.52 3.63 3.77 3.89 4.01 4.09 4.20 4.39 4.38 4.47 4.55 4.66 4.57 4.68 4.39 3.97 3.73 3.98 3.81 3.52 3.72 3.81 3.40 3.71 3.59 3.57 3.61 3.50 3.50 3.50
4.61 4.34 4.25 4.36 4.10 4.18 4.11 4.08 3.85 3.88 3.22 3.80 3.61 3.35 2.98 2.90 2.89 2.86 3.22 3.44 3.28 3.27 2.67 3.23 2.64 3.15 3.11 3.09 3.02 2.99 2.98 3.01 2.87 2.85 3.00 2.91 2.96 3.11 3.00 3.11 3.18 3.35 3.25 3.49 3.56 3.62 3.73 3.88 4.00 4.10 4.19 4.26 4.37 4.50 4.58 4.66 4.59 4.89 4.82 4.30 4.00 3.69 3.75 3.71 3.89 3.61 3.58 3.80 3.68 3.62 3.72 3.44 3.55 3.55 3.55
4.57 4.49 4.31 4.33 4.25 4.14 3.96 3.83 3.97 3.82 3.14 3.12 3.06 3.05 3.58 3.51 2.87 2.83 3.37 3.39 3.23 3.21 3.18 3.18 3.16 3.22 3.06 3.04 3.04 3.04 3.06 3.06 3.07 2.92 2.92 2.96 3.01 3.04 3.06 3.21 3.37 3.42 3.48 3.59 3.69 3.76 3.84 3.96 4.07 4.18 4.13 4.35 4.47 4.43 4.53 4.70 4.85 4.82 4.37 3.99 3.86 4.02 3.82 3.75 3.93 3.64 3.84 3.81 3.44 3.76 3.64 3.61 3.59 3.59 3.62
4.51 4.41 4.37 4.30 3.94 3.87 3.80 4.00 3.92 3.84 3.79 3.07 3.03 3.58 2.92 2.94 3.22 2.80 2.70 2.72 3.01 3.17 3.02 3.12 3.09 3.05 3.06 3.07 3.09 3.07 3.05 3.06 3.08 2.98 2.98 3.01 3.05 3.11 3.43 3.35 3.42 3.50 3.57 3.69 3.81 3.91 3.99 4.07 4.15 4.16 4.28 4.36 4.46 4.59 4.68 4.77 4.88 4.78 4.06 3.86 3.74 3.65 3.84 3.78 3.72 3.67 3.63 3.60 3.58 3.70 3.69 3.65 3.63 3.62 3.63
4.45 4.18 4.31 4.05 4.11 4.03 4.04 3.96 3.18 3.17 3.54 2.99 3.34 3.48 3.29 3.39 2.81 3.18 3.34 3.22 3.05 2.93 3.08 3.14 3.12 3.06 3.07 3.08 3.09 3.07 3.07 3.10 3.18 3.13 3.11 3.11 3.19 3.26 3.31 3.46 3.52 3.60 3.69 3.81 3.92 4.04 4.10 4.14 4.22 4.28 4.38 4.45 4.55 4.78 4.75 4.85 4.94 4.46 4.11 4.12 3.98 3.89 3.81 3.63 3.73 3.70 3.64 3.75 3.74 3.72 3.70 3.68 3.66 3.65 3.65
4.40 4.32 4.27 4.11 4.11 3.99 3.95 3.91 3.86 3.15 3.09 3.63 3.30 3.25 3.21 3.18 3.34 3.39 3.28 2.76 3.24 2.97 3.04 2.95 3.15 3.12 3.09 3.09 3.13 3.13 3.13 3.20 3.26 3.22 3.11 3.14 3.24 3.32 3.42 3.54 3.64 3.75 3.82 3.96 4.05 4.11 4.22 4.35 4.45 4.55 4.65 4.72 4.64 4.88 4.85 4.93 4.57 4.46 4.20 4.08 3.99 3.91 3.71 3.79 3.74 3.72 3.83 3.78 3.74 3.72 3.69 3.68 3.68 3.67 3.67
4.38 4.27 4.23 4.17 4.13 3.84 3.69 3.84 3.57 3.78 3.66 2.97 2.95 3.19 3.18 3.28 3.06 3.09 3.38 3.02 2.99 3.01 3.14 3.14 3.27 3.15 3.12 3.11 3.16 3.24 3.29 3.25 3.23 3.08 3.18 3.26 3.33 3.42 3.52 3.65 3.79 3.91 3.99 4.06 4.16 4.27 4.27 4.49 4.44 4.51 4.60 4.82 4.79 4.90 4.74 4.49 4.31 4.28 4.11 4.01 3.96 3.89 3.86 3.81 3.89 3.83 3.84 3.80 3.77 3.74 3.71 3.68 3.69 3.69 3.69
4.32 4.27 4.18 4.15 4.09 4.01 3.95 3.85 3.51 3.48 3.02 2.91 3.54 2.81 3.42 3.09 3.05 3.06 3.26 3.11 3.01 2.97 3.10 3.06 3.13 3.18 3.15 3.14 3.14 3.16 3.31 3.35 3.36 3.24 3.31 3.35 3.42 3.50 3.61 3.74 3.86 4.03 4.10 4.18 4.34 4.44 4.39 4.49 4.56 4.63 4.74 4.82 4.94 4.57 4.43 4.38 4.20 4.12 4.03 3.98 3.93 3.90 3.89 3.97 3.92 3.87 3.85 3.83 3.80 3.77 3.73 3.70 3.69 3.73 3.73
4.27 4.19 3.94 4.06 3.76 3.94 3.90 3.80 3.73 3.35 2.98 3.51 2.86 2.89 3.40 3.37 3.07 3.05 3.02 3.17 3.15 3.08 3.09 3.07 3.08 3.13 3.20 3.23 3.19 3.19 3.27 3.36 3.40 3.25 3.37 3.42 3.53 3.62 3.71 3.82 3.96 4.08 4.17 4.18 4.44 4.39 4.49 4.60 4.68 4.74 4.84 4.94 4.85 4.16 4.27 4.15 4.05 4.03 4.00 3.98 3.96 3.94 4.06 4.00 3.95 3.91 3.88 3.85 3.80 3.76 3.73 3.72 3.73 3.74 3.76
4.25 4.16 4.08 4.03 3.83 3.80 3.63 3.76 3.11 2.99 2.95 2.89 3.27 3.44 3.35 3.28 3.24 3.17 3.11 2.97 3.14 3.30 3.13 3.08 3.04 3.08 3.17 3.30 3.35 3.30 3.11 3.17 3.44 3.33 3.43 3.50 3.60 3.72 3.81 3.92 4.04 4.13 4.07 4.37 4.34 4.49 4.60 4.68 4.74 4.84 4.94 5.03 4.54 4.10 4.21 4.14 4.10 4.05 4.11 4.04 3.96 4.08 4.06 4.03 4.12 4.03 3.77 3.74 3.86 3.81 3.83 3.79 3.78 3.75 3.74
4.21 4.15 4.08 4.02 3.96 3.87 3.50 3.43 2.98 3.61 3.33 2.93 3.41 3.16 3.32 3.23 3.18 3.15 3.15 3.17 3.15 2.98 2.99 3.19 3.10 3.15 3.21 3.30 3.36 3.18 3.40 3.37 3.54 3.41 3.52 3.60 3.70 3.82 3.91 4.01 4.10 4.18 4.20 4.29 4.22 4.72 4.69 4.82 4.89 4.95 5.03 4.91 4.22 4.07 4.26 4.22 4.16 4.14 4.15 4.05 4.05 4.18 4.10 4.04 4.18 4.11 3.96 3.94 3.89 3.82 3.82 3.87 3.81 3.78 3.73
4.02 3.95 3.92 3.83 3.90 3.83 3.58 3.74 3.37 3.33 2.81 2.77 3.19 3.33 3.26 3.22 3.18 3.16 3.19 3.16 3.14 3.12 3.11 3.15 3.18 3.23 3.30 3.33 3.17 3.16 3.42 3.48 3.51 3.49 3.57 3.71 3.80 3.89 3.97 4.13 4.00 4.34 4.28 4.37 4.49 4.70 4.81 4.90 4.99 5.05 5.10 4.93 4.23 4.38 4.38 4.54 4.48 4.23 4.12 4.02 4.02 4.00 3.90 4.03 4.01 3.96 3.91 3.88 3.86 3.84 3.86 3.70 3.76 3.73 3.72
4.16 3.96 3.97 3.91 3.70 3.77 3.74 3.41 3.01 3.27 2.78 3.36 3.38 3.17 3.18 3.17 3.12 3.14 3.16 3.14 3.13 3.13 3.16 3.18 3.25 3.28 3.38 3.23 3.16 3.37 3.27 3.39 3.44 3.59 3.70 3.80 3.92 3.98 4.05 4.19 4.14 4.25 4.35 4.46 4.58 4.72 4.87 4.97 5.05 5.11 5.16 5.04 4.58 4.49 4.75 4.69 4.49 4.28 4.14 4.05 4.01 3.97 3.91 4.02 3.98 3.95 3.91 3.89 3.86 3.86 3.83 3.85 3.73 3.72 3.71
3.96 3.80 3.97 3.83 3.61 3.62 3.41 3.27 3.23 3.44 3.40 3.13 3.22 3.16 3.17 3.13 3.08 3.11 3.13 3.13 3.13 3.14 3.19 3.26 3.32 3.35 3.49 3.45 3.48 3.44 3.43 3.46 3.59 3.68 3.80 3.90 4.00 3.91 4.21 4.28 4.23 4.34 4.59 4.73 4.70 4.83 4.96 5.09 5.15 5.26 5.21 5.07 4.69 4.65 4.85 4.75 4.46 4.34 4.30 4.18 4.06 4.02 3.96 4.12 4.09 3.82 3.79 3.88 3.87 3.85 3.83 3.76 3.76 3.73 3.71
4.03 3.73 3.72 3.88 3.73 3.47 3.32 3.45 3.40 3.16 3.36 3.24 3.22 3.21 3.18 3.14 3.14 3.11 3.11 3.12 3.22 3.24 3.26 3.31 3.28 3.40 3.51 3.48 3.55 3.56 3.50 3.55 3.67 3.79 3.89 3.97 4.07 4.23 4.25 4.40 4.49 4.61 4.63 4.77 4.86 4.95 5.03 5.25 5.25 5.25 5.07 5.15 5.03 4.99 4.93 4.63 4.48 4.38 4.27 4.16 4.10 4.05 4.03 4.16 4.11 3.85 3.83 3.81 3.92 3.87 3.84 3.81 3.77 3.77 3.73
3.77 3.87 3.62 3.76 3.78 3.42 3.27 3.48 3.42 3.38 3.30 3.20 3.16 3.18 2.97 2.98 3.19 3.17 3.11 3.21 3.27 3.38 3.42 3.36 3.37 3.48 3.47 3.44 3.47 3.54 3.60 3.65 3.74 3.87 3.97 4.07 4.17 4.34 4.47 4.57 4.65 4.67 4.80 4.94 5.04 5.07 5.16 5.04 5.00 5.16 5.16 5.17 5.15 5.15 5.08 4.81 4.44 4.30 4.22 4.19 4.12 4.08 4.22 4.18 4.12 3.93 3.90 3.87 3.98 4.17 3.91 3.88 3.82 3.78 3.75
3.56 3.62 3.59 3.55 3.45 3.33 3.25 3.39 3.15 3.29 3.18 3.15 3.16 3.18 2.98 2.93 3.14 2.97 3.16 3.23 3.35 3.23 3.19 3.43 3.37 3.40 3.43 3.48 3.47 3.49 3.67 3.77 3.82 3.92 4.05 4.15 4.28 4.47 4.49 4.60 4.67 4.76 4.93 5.02 5.11 5.03 5.03 5.03 5.03 5.01 5.04 5.05 5.05 5.05 5.05 4.92 4.71 4.59 4.35 4.49 4.21 4.40 4.32 4.34 4.27 4.45 4.01 3.96 4.28 4.27 4.11 3.98 4.10 3.92 3.74
3.53 3.46 3.41 3.43 3.37 3.29 3.40 3.45 3.07 3.15 3.12 3.11 3.17 2.99 3.09 3.09 2.91 3.16 3.29 3.32 3.29 2.98 3.11 3.34 3.50 3.42 3.50 3.57 3.50 3.69 3.76 3.86 3.94 3.83 3.97 4.26 4.38 4.60 4.64 4.70 4.79 4.91 4.82 4.92 4.91 4.89 4.85 4.85 4.86 4.86 4.90 4.91 4.95 4.96 4.94 4.90 4.91 4.83 4.77 4.86 4.58 4.62 4.61 4.72 4.68 4.56 4.20 4.33 4.43 4.39 4.36 4.29 4.16 4.05 3.95
3.48 3.42 3.36 3.39 3.35 3.24 3.51 3.28 3.08 3.13 3.10 2.94 2.97 2.90 2.92 3.08 2.93 3.03 3.21 3.23 3.10 3.16 3.31 3.52 3.44 3.43 3.42 3.61 3.70 3.81 3.88 3.97 4.08 4.16 4.30 4.47 4.51 4.59 4.61 4.78 4.75 4.80 4.75 4.76 4.73 4.73 4.71 4.73 4.73 4.75 4.77 4.81 4.84 4.85 4.85 4.81 4.79 4.78 4.69 4.91 4.90 4.89 4.82 4.76 4.61 4.56 4.53 4.57 4.48 4.36 3.99 3.90 3.81 4.03 3.87
3.44 3.37 3.31 3.26 3.20 3.17 3.14 3.38 3.24 3.13 3.17 2.98 3.11 2.96 2.97 3.16 3.19 3.20 3.27 3.39 3.42 3.37 3.51 3.57 3.56 3.43 3.50 3.58 3.60 3.60 3.82 4.18 4.19 4.32 4.46 4.53 4.64 4.65 4.71 4.72 4.72 4.67 4.61 4.61 4.60 4.61 4.61 4.64 4.64 4.65 4.68 4.71 4.71 4.72 4.74 4.70 4.86 4.78 4.75 4.65 4.64 4.61 4.57 4.52 4.46 4.39 4.37 4.32 4.27 4.13 4.02 3.79 3.88 3.91 3.63
3.41 3.36 3.27 3.21 3.16 3.15 3.09 3.06 3.01 2.99 2.99 2.92 2.90 2.96 3.14 3.29 3.34 3.26 3.31 3.34 3.44 3.53 3.50 3.61 3.69 3.70 3.77 3.66 3.51 3.62 3.95 4.17 4.29 4.40 4.35 4.50 4.54 4.49 4.56 4.55 4.53 4.50 4.50 4.51 4.49 4.49 4.50 4.55 4.53 4.45 4.57 4.74 4.74 4.73 4.73 4.63 4.60 4.53 4.49 4.48 4.45 4.43 4.38 4.35 4.30 4.24 4.20 4.15 4.10 4.02 3.89 3.80 3.75 3.78 3.60
3.36 3.31 3.24 3.19 3.13 3.07 3.04 3.01 3.20 2.98 2.99 2.95 2.95 2.98 3.15 3.33 3.40 3.38 3.42 3.45 3.52 3.57 3.65 3.65 3.52 3.55 3.48 3.51 3.57 3.67 4.12 4.21 4.31 4.27 4.34 4.35 4.49 4.51 4.36 4.37 4.38 4.38 4.39 4.39 4.39 4.57 4.56 4.53 4.53 4.50 4.53 4.54 4.54 4.50 4.46 4.45 4.37 4.33 4.31 4.34 4.32 4.20 4.15 4.16 4.07 4.05 4.01 3.94 3.88 3.83 3.58 3.65 3.61 3.58 3.55
3.32 3.26 3.21 3.15 3.08 3.04 3.00 2.97 2.94 2.95 2.96 3.14 3.19 3.23 3.27 3.25 3.41 3.40 3.41 3.41 3.53 3.62 3.57 3.68 3.55 3.46 3.60 3.87 3.65 3.80 4.33 4.31 4.44 4.42 4.18 4.14 4.32 4.33 4.32 4.38 4.32 4.24 4.41 4.25 4.25 4.44 4.38 4.35 4.36 4.30 4.34 4.46 4.40 4.31 4.30 4.26 4.14 4.17 4.19 3.99 3.94 3.99 3.96 3.96 3.91 3.88 3.82 3.75 3.69 3.65 3.63 3.59 3.46 3.41 3.40
