maui/input/gr0_in_month_ascii/gr0_in_may__maui.asc
ncols        356
nrows        236
xllcorner    -156.702000000000
yllcorner    20.529750000000
cellsize     0.002250000000
NODATA_value  -99.00
[rows 132 to 164 of 236, columns 225 to 299 of 356]
3.67 3.63 3.62 3.57 3.57 3.53 3.49 3.46 3.43 3.44 3.43 3.39 3.38 3.36 3.35 3.38 3.38 3.37 3.34 3.35 3.36 3.37 3.36 3.34 3.32 3.30 3.30 3.32 3.32 3.28 3.25 3.21 3.19 3.19 3.14 3.12 3.16 3.05 2.97 2.93 3.02 3.05 3.02 2.99 2.97 2.95 2.94 2.95 2.98 2.99 3.00 3.00 2.99 2.97 3.04 3.05 3.08 3.09 2.94 3.17 3.09 3.33 3.22 3.38 3.43 3.52 3.65 3.83 3.97 4.03 4.07 4.46 4.68 4.80 4.99
3.78 3.77 3.71 3.58 3.65 3.64 3.61 3.56 3.54 3.51 3.47 3.46 3.45 3.44 3.43 3.42 3.42 3.41 3.43 3.41 3.39 3.38 3.37 3.36 3.37 3.36 3.34 3.33 3.35 3.33 3.30 3.29 3.25 3.23 3.19 3.16 3.18 3.14 2.97 3.03 2.99 3.02 3.03 2.99 2.96 2.94 2.91 2.91 2.94 2.96 2.93 2.93 2.91 2.91 2.91 2.96 2.99 2.99 3.04 3.06 3.12 3.17 3.26 3.31 3.39 3.54 3.62 3.79 3.94 4.00 4.10 4.43 4.56 4.88 4.99
3.82 3.81 3.86 3.79 3.76 3.76 3.72 3.69 3.64 3.60 3.56 3.55 3.53 3.54 3.53 3.48 3.45 3.46 3.49 3.49 3.46 3.42 3.39 3.40 3.43 3.44 3.38 3.37 3.38 3.38 3.39 3.38 3.32 3.26 3.22 3.19 3.18 3.13 3.09 3.07 3.03 3.09 3.03 3.00 2.96 2.92 2.87 2.87 2.90 2.92 2.91 2.90 2.85 2.85 2.87 2.89 2.93 2.88 2.92 2.96 3.05 3.10 3.14 3.26 3.26 3.33 3.50 3.67 3.80 3.82 4.01 4.15 4.28 4.50 4.78
3.91 3.91 3.68 3.93 3.89 3.87 3.85 3.82 3.77 3.72 3.67 3.66 3.63 3.64 3.62 3.59 3.57 3.54 3.55 3.55 3.53 3.51 3.49 3.50 3.48 3.47 3.45 3.44 3.47 3.48 3.45 3.42 3.39 3.33 3.32 3.27 3.21 3.17 3.15 3.12 3.10 3.14 3.09 3.08 3.05 2.94 2.90 2.88 2.86 2.85 2.84 2.85 2.82 2.82 2.85 2.88 2.86 2.86 2.85 2.86 2.94 2.92 2.97 3.11 3.16 3.28 3.43 3.47 3.64 3.63 3.95 3.96 4.09 4.38 4.59
3.97 3.94 3.79 4.18 4.07 4.02 3.99 3.96 3.92 3.89 3.85 3.80 3.77 3.73 3.73 3.75 3.77 3.67 3.63 3.61 3.62 3.64 3.65 3.60 3.55 3.52 3.52 3.59 3.63 3.58 3.49 3.46 3.44 3.42 3.43 3.37 3.26 3.22 3.22 3.18 3.17 3.17 3.12 3.09 3.08 3.03 3.00 2.98 2.92 2.91 2.88 2.83 2.83 2.81 2.81 2.83 2.85 2.85 2.80 2.86 2.89 2.97 2.90 3.08 3.19 3.08 3.31 3.41 3.47 3.56 3.62 3.74 3.86 4.08 4.28
4.03 4.01 4.06 3.83 4.16 4.18 4.14 4.14 4.04 4.02 3.98 3.96 3.94 3.87 3.89 3.89 3.89 3.85 3.78 3.74 3.72 3.76 3.76 3.71 3.68 3.64 3.65 3.71 3.70 3.67 3.62 3.56 3.54 3.53 3.53 3.46 3.37 3.31 3.29 3.25 3.25 3.26 3.19 3.11 3.04 3.04 3.01 2.98 2.90 2.85 2.85 2.87 2.86 2.87 2.86 2.85 2.79 2.84 2.83 2.85 2.86 2.89 2.95 2.89 3.03 3.12 3.27 3.38 3.25 3.41 3.52 3.64 3.70 3.91 4.08
4.10 4.13 3.76 3.93 4.33 4.26 4.32 4.20 4.17 4.18 4.18 4.11 4.11 4.07 4.04 4.03 4.02 3.99 3.97 3.93 3.89 3.89 3.88 3.87 3.85 3.82 3.80 3.81 3.79 3.79 3.75 3.69 3.67 3.62 3.59 3.52 3.46 3.41 3.35 3.34 3.34 3.31 3.22 3.11 3.07 3.04 3.00 2.96 2.88 2.87 2.84 2.82 2.80 2.81 2.83 2.84 2.83 2.78 2.83 2.86 2.82 2.83 2.86 2.81 3.02 3.09 3.22 3.10 3.05 3.30 3.43 3.53 3.65 3.73 3.89
4.19 3.85 3.91 3.61 4.67 4.39 4.28 4.35 4.36 4.36 4.32 4.30 4.29 4.29 4.24 4.18 4.16 4.14 4.15 4.12 4.10 4.07 4.05 4.03 4.01 4.03 3.95 3.94 3.93 3.91 3.88 3.85 3.81 3.70 3.70 3.65 3.60 3.53 3.45 3.41 3.38 3.32 3.24 3.20 3.13 3.08 3.00 2.94 2.95 2.92 2.85 2.81 2.79 2.80 2.80 2.81 2.82 2.82 2.79 2.81 2.81 2.84 2.81 2.86 2.94 2.97 2.92 3.03 3.13 3.19 3.30 3.38 3.45 3.66 3.78
4.20 4.14 3.76 3.57 4.14 4.76 4.61 4.58 4.60 4.53 4.42 4.41 4.47 4.44 4.41 4.37 4.36 4.33 4.34 4.32 4.31 4.27 4.26 4.23 4.24 4.22 4.16 4.11 4.08 4.05 4.03 3.99 3.94 3.81 3.76 3.73 3.70 3.63 3.55 3.49 3.42 3.35 3.30 3.27 3.24 3.11 3.03 3.01 2.98 2.94 2.87 2.79 2.79 2.79 2.80 2.81 2.81 2.79 2.82 2.77 2.80 2.85 2.86 2.83 2.83 2.87 2.94 3.01 3.06 3.13 3.23 3.26 3.40 3.51 3.69
4.05 4.29 4.30 3.95 3.71 4.32 4.93 4.83 4.88 4.81 4.78 4.64 4.64 4.53 4.50 4.45 4.45 4.51 4.50 4.48 4.49 4.47 4.44 4.44 4.40 4.40 4.35 4.29 4.24 4.23 4.18 4.13 4.05 3.93 3.91 3.82 3.76 3.68 3.63 3.57 3.49 3.40 3.37 3.31 3.25 3.16 3.07 3.04 2.97 2.94 2.87 2.81 2.79 2.79 2.77 2.74 2.75 2.75 2.73 2.74 2.79 2.83 2.85 2.86 2.85 2.88 2.88 2.81 3.00 3.09 3.18 3.28 3.32 3.43 3.44
4.13 4.37 4.37 4.24 3.78 4.23 5.01 5.16 5.14 5.04 5.03 4.94 4.84 4.79 4.75 4.69 4.69 4.61 4.59 4.60 4.59 4.56 4.53 4.57 4.59 4.51 4.46 4.43 4.41 4.38 4.28 4.21 4.12 4.06 4.03 3.95 3.87 3.75 3.68 3.65 3.56 3.47 3.38 3.30 3.23 3.21 3.14 3.05 2.99 2.93 2.88 2.83 2.80 2.75 2.68 2.69 2.65 2.66 2.67 2.68 2.79 2.79 2.80 2.85 2.80 2.75 2.79 2.79 2.98 3.02 3.12 3.20 3.18 3.12 3.22
4.22 4.13 4.17 4.32 4.24 4.55 4.89 5.45 5.38 5.29 5.25 5.21 5.08 5.03 4.98 4.95 4.90 4.84 4.86 4.79 4.75 4.71 4.74 4.71 4.67 4.64 4.52 4.54 4.52 4.41 4.43 4.30 4.20 4.12 4.08 3.93 3.97 3.81 3.74 3.69 3.63 3.53 3.44 3.32 3.28 3.22 3.14 3.07 3.03 2.95 2.90 2.82 2.80 2.72 2.71 2.62 2.59 2.65 2.76 2.78 2.78 2.78 2.79 2.79 2.64 2.66 2.69 2.88 2.87 2.90 3.12 3.19 3.24 3.22 3.13
4.29 4.53 3.94 4.48 4.75 4.89 5.16 5.62 5.29 5.48 5.41 5.38 5.30 5.25 5.19 5.14 5.16 5.06 5.05 5.00 4.91 4.86 4.93 4.81 4.68 4.68 4.66 4.65 4.50 4.51 4.56 4.42 4.26 4.15 4.08 4.04 3.97 3.91 3.70 3.72 3.55 3.56 3.48 3.37 3.31 3.23 3.16 3.13 3.04 2.98 2.90 2.85 2.79 2.74 2.70 2.81 2.58 2.54 2.72 2.73 2.74 2.75 2.77 2.77 2.76 2.78 2.72 2.78 2.79 2.87 3.01 2.99 3.18 3.28 3.32
4.38 4.38 4.15 4.25 4.93 5.45 5.56 5.46 4.97 4.79 4.73 4.94 4.95 4.76 4.90 5.06 5.32 5.32 5.23 5.20 5.07 5.08 5.05 4.87 4.80 4.74 4.70 4.67 4.56 4.50 4.55 4.35 4.15 3.96 3.87 3.85 3.96 3.86 3.71 3.71 3.61 3.44 3.47 3.37 3.31 3.25 3.13 3.13 3.05 2.97 2.91 2.87 2.74 2.88 2.86 2.86 2.68 2.61 2.58 2.69 2.64 2.71 2.59 2.77 2.68 2.69 2.78 2.75 2.88 2.92 3.05 3.08 3.11 3.30 3.45
4.41 4.43 4.45 4.45 4.77 5.34 5.20 5.16 4.80 4.64 4.53 4.69 4.70 4.78 4.46 4.74 4.79 4.68 4.71 4.75 5.23 5.22 4.94 4.83 4.93 4.84 4.79 4.70 4.60 4.53 4.45 4.20 4.13 3.69 3.65 3.70 3.77 3.85 3.78 3.59 3.58 3.56 3.43 3.40 3.36 3.29 3.21 3.07 3.04 2.96 2.93 2.81 2.88 2.87 2.89 2.80 2.76 2.73 2.56 2.54 2.67 2.61 2.73 2.76 2.74 2.68 2.84 2.91 2.92 2.87 3.08 3.18 3.21 3.35 3.52
4.41 4.44 4.48 4.60 4.69 5.02 5.05 5.01 4.68 4.50 4.75 4.70 4.57 4.34 4.50 4.51 4.46 4.64 4.52 4.59 5.08 4.54 4.64 4.62 4.94 4.74 4.58 4.60 4.55 4.44 4.28 4.26 4.07 3.84 3.63 3.73 3.61 3.75 3.62 3.41 3.55 3.49 3.43 3.28 3.31 3.25 3.19 3.05 3.05 2.99 2.94 2.90 2.96 2.93 2.90 2.77 2.66 2.73 2.61 2.58 2.56 2.70 2.72 2.74 2.73 2.73 2.80 2.90 2.97 3.05 3.14 3.19 3.31 3.43 3.54
4.44 4.41 4.43 4.49 4.91 4.90 5.05 4.90 4.93 4.80 4.70 4.50 4.48 4.43 4.24 4.41 4.36 4.45 4.25 4.58 4.82 4.69 4.67 4.44 4.77 4.43 4.51 4.45 4.45 4.37 4.30 4.12 4.07 3.78 3.83 3.72 3.64 3.49 3.40 3.20 3.43 3.23 3.21 3.09 3.06 2.97 3.15 3.10 3.07 2.91 2.83 2.83 2.91 2.93 2.87 2.74 2.79 2.76 2.75 2.76 2.75 2.72 2.68 2.69 2.65 2.71 2.81 2.83 2.92 3.09 3.08 3.20 3.37 3.51 3.67
4.80 4.85 4.88 4.85 4.82 4.71 4.68 4.77 4.61 4.56 4.64 4.45 4.40 4.39 4.37 4.36 4.53 4.36 4.37 4.37 4.39 4.52 4.24 4.30 4.57 4.46 4.15 4.30 4.29 4.23 4.17 4.06 3.99 3.82 3.80 3.75 3.56 3.39 3.30 3.29 3.27 3.43 3.14 2.97 2.92 2.87 2.97 2.99 2.98 2.90 2.83 2.81 2.84 2.88 2.88 2.80 2.81 2.83 2.92 2.94 2.94 2.76 2.69 2.72 2.75 2.87 2.83 2.91 2.98 3.01 3.16 3.24 3.41 3.54 3.72
4.68 4.71 4.80 4.74 4.71 4.68 4.67 4.76 4.56 4.53 4.62 4.58 4.38 4.36 4.34 4.33 4.49 4.47 4.44 4.40 4.17 4.18 4.19 4.34 4.49 4.24 4.28 4.22 4.23 4.05 4.07 3.95 3.81 3.72 3.73 3.65 3.57 3.40 3.39 3.25 3.39 3.21 3.29 3.22 3.05 2.94 2.96 2.71 2.83 2.86 2.82 2.82 2.85 2.84 2.85 2.84 2.81 2.86 2.92 2.95 2.96 3.02 3.07 2.97 3.01 3.07 3.23 3.14 3.18 3.10 3.15 3.49 3.55 3.67 3.85
4.78 4.77 4.69 4.69 4.70 4.84 4.83 4.75 4.71 4.67 4.63 4.57 4.36 4.34 4.32 4.31 4.45 4.41 4.34 4.31 4.28 4.27 4.01 4.18 3.99 4.32 4.24 4.20 4.23 4.09 3.98 3.93 3.86 3.74 3.64 3.54 3.53 3.50 3.51 3.47 3.44 3.39 3.12 3.17 3.13 3.10 3.09 2.71 2.61 2.76 2.92 2.73 2.87 2.83 2.85 2.84 2.82 2.86 2.94 2.97 3.01 3.06 3.12 3.17 3.20 3.21 3.34 3.40 3.42 3.56 3.47 3.39 3.83 3.93 3.94
4.84 4.79 4.69 4.73 4.68 4.81 4.77 4.74 4.72 4.66 4.59 4.56 4.36 4.34 4.31 4.41 4.43 4.35 4.29 4.26 4.16 4.19 4.02 4.11 4.09 4.13 4.24 4.21 4.20 4.09 4.01 3.91 3.82 3.66 3.56 3.54 3.53 3.48 3.45 3.35 3.30 3.29 3.27 3.25 3.19 3.06 3.06 3.01 2.84 2.59 2.84 2.90 2.84 2.88 2.86 2.87 2.86 2.87 2.94 2.97 3.02 3.08 3.12 3.16 3.21 3.16 3.36 3.32 3.37 3.55 3.59 3.69 3.67 3.99 4.14
4.64 4.68 4.65 4.66 4.66 4.62 4.77 4.77 4.72 4.63 4.58 4.57 4.53 4.34 4.26 4.36 4.32 4.26 4.14 4.14 4.14 4.12 3.88 3.86 3.82 3.92 4.15 4.13 4.09 4.05 3.99 3.86 3.76 3.63 3.53 3.47 3.44 3.46 3.41 3.30 3.27 3.27 3.18 3.17 3.19 3.09 3.20 3.20 3.05 2.68 2.72 2.82 2.87 2.87 2.87 2.89 2.89 2.94 2.96 2.98 3.06 3.10 3.13 3.19 3.24 3.31 3.35 3.43 3.54 3.60 3.64 3.69 3.85 3.80 4.13
4.65 4.65 4.65 4.65 4.64 4.62 4.61 4.88 4.71 4.61 4.58 4.55 4.52 4.48 4.40 4.35 4.30 4.22 4.12 4.17 4.16 3.89 3.89 3.77 3.58 3.68 4.39 4.35 4.12 4.02 3.86 3.79 3.67 3.61 3.52 3.43 3.38 3.30 3.26 3.30 3.30 3.29 3.21 3.14 3.08 3.16 3.15 3.15 3.23 2.98 2.57 2.79 2.76 2.78 2.79 2.85 2.86 2.88 3.03 3.05 3.09 3.12 3.03 3.18 3.21 3.35 3.41 3.50 3.56 3.64 3.76 3.69 3.78 3.79 4.05
4.64 4.64 4.63 4.64 4.65 4.64 4.62 4.84 4.71 4.65 4.61 4.56 4.50 4.44 4.37 4.32 4.01 4.03 4.10 3.91 3.87 3.87 3.95 3.73 3.52 3.90 4.43 4.34 4.18 3.94 3.90 3.81 3.67 3.56 3.48 3.44 3.36 3.27 3.16 3.17 3.29 3.32 3.24 3.15 3.11 3.13 3.22 3.22 3.13 3.02 2.84 2.72 2.62 2.45 2.41 2.34 2.57 2.76 3.00 3.06 3.12 3.16 3.16 3.22 3.32 3.40 3.46 3.52 3.60 3.70 3.74 3.83 3.84 4.04 4.11
4.64 4.64 4.66 4.67 4.68 4.66 4.64 4.60 4.71 4.69 4.55 4.48 4.40 4.32 4.26 4.19 4.16 3.92 3.77 3.70 3.89 3.81 3.53 3.57 3.53 3.77 4.34 4.25 3.99 3.89 3.83 3.76 3.70 3.62 3.53 3.44 3.38 3.30 3.22 3.11 3.03 3.27 3.17 3.16 3.17 3.12 3.13 3.15 3.18 3.20 3.17 2.94 3.13 2.92 2.62 2.34 2.42 2.67 2.82 3.20 3.13 3.17 3.18 3.22 3.14 3.10 3.22 3.35 3.66 3.67 3.82 3.87 3.85 3.99 4.21
4.67 4.59 4.90 4.84 4.94 4.72 4.83 4.79 4.78 4.67 4.62 4.49 4.28 4.22 4.11 4.21 3.92 3.84 3.84 3.77 3.70 3.72 3.84 3.71 3.61 3.84 4.27 4.21 4.05 3.94 3.93 3.83 3.75 3.68 3.61 3.49 3.44 3.39 3.35 3.20 3.04 3.05 2.96 3.07 3.21 3.15 3.12 3.13 3.18 3.14 3.19 3.32 3.28 3.30 2.94 2.58 2.40 2.62 2.77 3.06 3.13 3.11 2.86 2.80 2.71 2.91 3.02 3.21 3.63 3.72 3.79 3.81 3.86 4.01 4.13
4.57 4.90 5.07 5.08 5.12 4.94 4.69 4.93 4.89 4.82 4.86 4.51 4.30 4.20 3.99 3.63 3.56 3.71 3.61 3.71 3.73 3.63 3.66 3.44 3.46 3.81 4.04 4.07 3.98 3.88 3.79 3.75 3.68 3.56 3.59 3.54 3.48 3.38 3.41 3.31 3.11 3.01 2.94 2.92 2.96 3.05 3.06 3.14 3.19 3.15 3.19 3.27 3.33 3.32 3.34 2.96 2.55 2.63 2.64 2.65 2.74 2.67 2.74 2.74 2.88 2.86 2.89 3.05 3.37 3.38 3.51 3.70 3.89 4.21 4.29
4.64 5.13 5.35 5.35 5.34 5.23 5.12 5.17 5.20 5.02 5.06 4.47 4.23 3.96 3.88 3.61 3.54 3.45 3.71 3.67 3.59 3.55 3.60 3.52 3.61 3.74 3.90 3.99 3.90 3.82 3.73 3.67 3.59 3.57 3.54 3.43 3.40 3.37 3.31 3.36 3.16 3.06 3.04 2.94 2.90 2.88 2.85 2.87 3.03 3.12 3.21 3.27 3.29 3.30 3.38 3.15 2.61 2.54 2.68 2.69 2.73 2.71 2.81 2.84 2.91 3.14 3.02 3.06 3.22 3.27 3.38 3.62 3.91 4.20 4.46
4.81 4.86 4.88 5.09 4.89 4.81 4.74 4.84 5.04 5.02 4.96 4.43 4.09 4.08 3.85 3.66 3.53 3.55 3.53 3.57 3.42 3.53 3.58 3.56 3.39 3.34 3.63 3.93 3.83 3.78 3.71 3.65 3.57 3.49 3.45 3.34 3.33 3.26 3.24 3.21 3.27 3.21 3.17 3.00 2.94 2.94 2.92 2.89 2.88 2.89 3.06 3.23 3.25 3.30 3.39 3.28 2.67 2.56 2.73 2.63 2.78 2.80 2.85 2.90 2.97 3.18 3.31 3.53 3.39 3.40 3.55 3.75 4.05 4.33 4.56
4.48 4.61 4.61 4.64 4.64 4.49 4.43 4.55 4.76 4.73 4.36 4.53 4.49 4.24 3.98 3.69 3.51 3.52 3.48 3.46 3.50 3.45 3.57 3.64 3.37 3.37 3.55 3.87 3.80 3.76 3.68 3.61 3.54 3.48 3.43 3.37 3.32 3.28 3.20 3.14 3.14 3.09 3.23 3.12 3.03 2.99 2.99 2.99 2.96 2.94 2.92 2.96 3.07 3.44 3.41 3.30 2.77 2.59 2.68 2.71 2.81 2.86 2.89 2.96 3.20 3.14 3.15 3.31 3.66 3.61 3.82 3.90 4.33 4.55 4.78
4.31 4.36 4.35 4.37 4.39 4.24 4.16 4.41 4.33 4.19 3.94 3.96 4.15 4.08 3.95 3.74 3.42 3.54 3.40 3.25 3.20 3.54 3.54 3.45 3.50 3.30 3.42 3.70 3.79 3.72 3.64 3.57 3.50 3.44 3.41 3.34 3.30 3.28 3.25 3.19 3.08 3.07 3.13 3.18 3.26 3.19 3.12 3.09 3.07 3.03 3.00 2.98 3.36 3.51 3.62 3.48 2.96 2.66 2.79 2.80 2.79 2.94 2.90 3.08 3.05 3.40 3.45 3.57 3.66 4.21 4.31 4.36 4.58 4.88 5.17
4.18 4.12 4.18 4.16 4.11 4.06 4.05 4.23 4.00 3.77 3.74 3.76 3.80 3.89 4.00 3.66 3.47 3.35 3.38 3.20 3.16 3.41 3.32 3.41 3.45 3.35 3.32 3.59 3.58 3.65 3.60 3.52 3.47 3.41 3.36 3.15 3.27 3.25 3.22 3.19 3.03 2.98 2.96 3.00 3.07 3.40 3.27 3.18 3.12 3.12 3.07 3.05 3.30 3.71 3.64 3.70 3.14 2.74 2.84 2.92 2.97 3.08 3.15 3.19 3.22 3.22 3.63 3.79 4.06 4.58 5.19 4.77 5.05 5.28 5.60
4.00 4.08 3.84 3.96 3.74 3.88 3.85 3.88 3.66 3.60 3.61 3.35 3.60 3.58 3.85 3.70 3.57 3.49 3.26 3.19 3.32 3.22 3.30 3.35 3.37 3.36 3.36 3.60 3.52 3.55 3.57 3.53 3.43 3.35 3.28 3.09 3.23 3.23 3.21 3.17 3.04 3.01 2.88 2.87 3.02 3.09 3.36 3.39 3.28 3.23 3.18 3.12 3.18 3.71 3.78 3.82 3.43 2.95 2.92 3.01 3.10 3.18 3.32 3.62 3.44 3.71 3.59 4.01 4.30 4.74 4.96 5.69 5.33 5.64 5.88
