maui/input/gr0_in_month_ascii/gr0_in_jul__maui.asc
ncols        356
nrows        236
xllcorner    -156.702000000000
yllcorner    20.529750000000
cellsize     0.002250000000
NODATA_value  -99.00
[rows 165 to 197 of 236, columns 150 to 224 of 356]
3.41 3.35 3.29 3.25 3.21 3.19 3.17 3.17 3.17 3.18 3.28 3.33 3.59 3.70 3.86 3.97 4.04 4.16 4.12 4.15 4.25 4.34 4.49 4.57 4.47 4.58 4.64 4.76 5.01 5.20 5.49 5.54 5.08 5.24 5.24 5.18 4.76 4.91 4.87 5.07 5.20 5.13 5.12 5.29 5.29 5.30 5.24 5.17 5.07 4.96 4.98 5.08 5.19 5.17 5.05 4.80 4.77 4.72 4.58 4.57 4.61 4.63 4.57 4.46 4.63 4.45 4.56 4.53 4.26 4.44 4.26 4.20 4.03 3.88 3.87
3.39 3.36 3.27 3.23 3.20 3.19 3.17 3.16 3.16 3.23 3.30 3.58 3.64 3.74 3.95 4.00 4.11 4.22 4.31 4.26 4.30 4.24 4.33 4.37 4.41 4.71 4.83 4.96 5.03 5.29 4.81 4.92 5.06 5.07 5.07 5.07 4.84 4.88 4.80 4.86 5.05 5.26 5.37 5.17 5.06 5.07 5.06 5.06 5.12 4.99 5.02 5.01 4.76 4.74 4.70 4.54 4.66 4.50 4.46 4.28 4.40 4.38 4.36 4.34 4.25 4.22 4.22 4.19 4.15 4.15 4.04 3.72 3.85 3.80 3.76
3.34 3.27 3.27 3.49 3.44 3.19 3.17 3.15 3.16 3.27 3.34 3.58 3.74 3.73 4.00 4.09 4.16 4.24 4.21 4.32 4.31 4.21 4.30 4.44 4.66 4.76 5.08 5.17 5.00 4.81 4.67 4.92 5.18 5.15 4.96 4.94 4.97 4.97 4.81 4.92 4.92 4.96 4.97 4.95 4.94 4.90 4.89 4.98 4.94 4.90 4.88 4.76 4.57 4.57 4.49 4.44 4.40 4.32 4.27 4.12 4.28 4.27 4.24 4.17 4.12 4.10 4.09 4.10 4.04 3.99 3.95 3.74 3.74 3.76 3.67
3.27 3.24 3.48 3.23 3.20 3.18 3.39 3.16 3.20 3.29 3.57 3.60 3.65 3.87 4.02 4.14 4.20 4.27 4.33 4.41 4.20 4.30 4.53 4.61 4.96 5.08 4.76 4.79 4.68 4.42 4.44 4.95 5.05 5.06 4.84 4.81 4.83 4.87 4.88 4.83 4.80 4.84 4.82 4.81 4.79 4.76 4.70 4.77 4.53 4.52 4.50 4.43 4.37 4.33 4.28 4.28 4.26 4.22 4.18 4.15 4.12 4.11 4.20 4.05 4.02 4.02 4.01 4.13 4.05 4.03 3.81 3.75 3.63 3.71 3.64
3.23 3.20 3.18 3.17 3.18 3.19 3.21 3.22 3.24 3.33 3.58 3.65 3.72 3.85 4.08 4.19 4.34 4.09 4.33 4.15 4.43 4.34 4.53 4.80 4.94 4.91 4.66 4.61 4.56 4.50 4.71 4.82 4.93 4.84 4.95 4.64 4.63 4.61 4.76 4.85 4.84 4.64 4.68 4.64 4.60 4.61 4.63 4.61 4.35 4.32 4.30 4.29 4.28 4.18 4.15 4.11 4.09 4.12 4.11 4.10 4.11 4.07 4.04 4.10 4.11 4.15 3.89 3.97 3.92 3.80 3.78 3.76 3.55 3.55 3.52
3.19 3.17 3.14 3.13 3.13 3.18 3.23 3.26 3.30 3.55 3.72 3.81 3.93 4.03 4.10 4.19 4.13 4.19 4.14 4.35 4.53 4.49 4.75 4.67 4.67 4.61 4.60 4.35 4.37 4.69 4.53 4.71 4.68 4.54 4.72 4.53 4.51 4.48 4.51 4.74 4.84 4.57 4.58 4.36 4.32 4.53 4.52 4.47 4.22 4.33 4.27 4.13 4.12 4.19 4.18 4.15 4.10 4.11 4.13 4.12 4.00 3.83 3.95 3.98 3.98 3.94 3.92 3.47 3.85 3.73 3.77 3.64 3.67 3.50 3.24
3.15 3.13 3.11 3.31 3.15 3.15 3.20 3.36 3.29 3.52 3.73 3.85 3.97 4.05 4.11 3.93 4.03 4.18 4.24 4.34 4.31 4.32 4.51 4.56 4.59 4.41 4.41 4.24 4.24 4.40 4.41 4.56 4.56 4.40 4.59 4.46 4.44 4.43 4.45 4.35 4.66 4.31 4.41 4.26 4.23 4.36 4.33 4.14 4.10 4.29 4.31 4.26 4.19 4.12 4.14 3.90 4.02 4.02 4.00 4.06 3.80 3.90 3.75 3.90 3.90 3.84 3.85 3.75 3.68 3.71 3.70 3.51 3.53 3.89 3.46
3.13 3.10 3.08 3.10 3.15 3.14 3.18 3.46 3.49 3.61 3.67 3.88 3.95 4.04 4.03 3.93 4.12 3.84 4.19 4.26 4.29 4.41 4.42 4.30 4.33 4.30 4.30 4.13 4.11 4.14 4.17 4.30 4.46 4.31 4.47 4.34 4.34 4.32 4.31 4.37 4.17 4.16 4.44 4.14 4.09 4.14 4.08 4.13 4.10 4.04 4.22 4.11 4.10 4.08 4.04 3.99 4.02 3.92 3.81 4.03 3.82 3.86 3.71 3.71 3.69 3.80 3.91 3.67 3.71 3.70 3.72 3.55 3.59 3.96 3.81
3.12 3.09 3.08 3.09 3.11 3.17 3.17 3.22 3.33 3.38 3.65 3.86 3.93 3.88 3.86 3.97 4.01 3.88 3.95 4.03 4.20 4.34 4.19 4.17 4.19 4.20 4.20 4.01 3.99 3.99 4.04 4.21 4.35 4.17 4.35 4.24 4.26 4.26 4.25 4.32 4.13 4.01 4.01 4.09 4.20 4.00 4.07 3.88 4.07 4.05 4.12 3.97 3.92 3.87 3.99 3.76 3.96 3.67 3.73 3.95 3.82 3.68 3.82 3.79 3.89 3.65 3.73 3.91 3.76 3.75 3.84 3.70 3.67 3.99 4.62
3.12 3.10 3.09 3.11 3.11 3.14 3.18 3.24 3.35 3.61 3.68 3.83 3.94 3.69 3.69 3.92 3.96 4.00 3.99 4.04 4.06 4.23 4.23 4.10 4.09 4.07 4.08 3.95 3.92 3.95 3.93 4.05 4.26 4.14 4.14 3.97 3.98 4.22 3.94 3.89 3.99 3.86 4.07 4.20 4.03 3.96 3.97 3.71 3.72 3.88 3.97 3.77 3.91 3.75 3.79 3.83 3.86 3.76 3.75 3.71 3.73 3.62 3.63 3.79 3.90 3.94 3.76 3.85 3.82 3.86 4.09 4.45 4.18 3.99 4.26
3.12 3.12 3.11 3.10 3.13 3.17 3.24 3.30 3.58 3.42 3.69 3.75 3.62 3.61 3.83 3.86 3.91 3.92 3.91 3.96 3.96 4.13 4.18 4.08 4.04 3.87 4.02 3.90 3.94 3.91 3.73 4.10 4.12 3.88 3.90 3.89 3.85 3.82 3.83 3.90 3.94 3.77 3.81 3.79 3.71 3.95 3.90 3.80 3.62 3.63 3.84 3.75 3.68 3.83 3.70 3.60 3.60 3.60 3.62 3.60 3.65 3.84 3.61 3.66 3.91 3.87 3.72 3.92 3.92 4.10 4.14 4.41 4.39 4.26 4.35
3.12 3.10 3.14 3.14 3.18 3.20 3.25 3.31 3.39 3.61 3.69 3.52 3.56 3.61 3.82 3.85 3.84 3.83 3.88 3.88 3.73 3.88 4.07 3.82 3.80 3.78 3.78 3.63 3.66 3.66 3.64 3.86 3.87 3.76 3.78 3.76 3.73 3.71 3.70 3.97 3.90 3.66 3.67 3.71 3.60 3.73 3.91 3.92 3.72 3.70 3.57 3.78 3.62 3.59 3.61 3.55 3.73 3.62 3.62 3.60 3.88 3.67 3.65 3.70 3.77 4.03 4.53 4.06 4.19 4.20 4.39 4.36 4.75 4.48 4.65
3.11 3.10 3.14 3.37 3.40 3.48 3.24 3.26 3.55 3.58 3.42 3.48 3.49 3.71 3.75 3.77 3.81 3.77 3.77 3.63 3.65 3.80 3.80 3.71 3.72 3.71 3.71 3.56 3.56 3.55 3.56 3.55 3.75 3.65 3.65 3.63 3.63 3.89 3.72 3.84 3.90 3.69 3.76 3.77 3.54 3.58 3.57 3.77 3.54 3.52 3.51 3.56 3.60 3.56 3.73 3.70 3.72 3.77 3.64 3.66 3.83 3.85 3.88 3.92 3.94 3.89 4.00 4.40 4.32 4.40 4.68 4.61 5.04 4.85 4.97
3.41 3.38 3.13 3.11 3.15 3.18 3.38 3.52 3.27 3.29 3.36 3.41 3.42 3.64 3.66 3.69 3.70 3.76 3.78 3.63 3.71 3.70 3.69 3.68 3.62 3.62 3.63 3.61 3.57 3.43 3.46 3.47 3.45 3.55 3.52 3.62 3.55 3.66 3.71 3.61 3.84 3.49 3.52 3.51 3.65 3.62 3.45 3.66 3.52 3.51 3.48 3.52 3.81 3.54 3.73 3.74 3.60 3.62 3.65 3.68 3.91 3.90 4.07 3.84 3.89 4.01 4.15 4.28 5.10 4.88 4.67 5.18 5.33 5.49 5.24
3.12 3.12 3.09 3.34 3.12 3.40 3.19 3.50 3.26 3.34 3.37 3.51 3.54 3.66 3.66 3.72 3.77 3.81 3.75 3.79 3.72 3.65 3.61 3.59 3.53 3.54 3.55 3.55 3.49 3.48 3.51 3.54 3.39 3.48 3.45 3.45 3.47 3.49 3.50 3.46 3.70 3.46 3.47 3.44 3.49 3.61 3.43 3.60 3.66 3.50 3.63 3.46 3.67 3.55 3.60 3.67 3.66 3.67 3.69 3.74 3.83 4.00 4.23 3.97 4.04 4.12 4.29 4.45 4.62 5.78 5.08 5.10 4.98 5.26 5.45
3.10 3.07 3.06 3.39 3.14 3.27 3.31 3.31 3.35 3.36 3.39 3.53 3.52 3.54 3.66 3.74 3.73 3.71 3.79 3.59 3.55 3.54 3.55 3.47 3.45 3.43 3.43 3.44 3.47 3.45 3.42 3.44 3.45 3.45 3.47 3.45 3.42 3.43 3.44 3.46 3.48 3.49 3.45 3.42 3.43 3.61 3.47 3.47 3.47 3.46 3.28 3.43 3.56 3.69 3.62 3.66 3.72 3.79 3.82 3.85 3.95 4.04 4.31 4.19 4.25 4.29 4.41 4.61 4.82 5.44 5.40 5.42 5.73 5.60 5.69
3.21 3.17 3.47 3.40 3.14 3.28 3.30 3.29 3.39 3.46 3.50 3.60 3.49 3.59 3.65 3.70 3.56 3.67 3.63 3.67 3.44 3.47 3.49 3.42 3.40 3.37 3.36 3.39 3.42 3.48 3.39 3.38 3.39 3.42 3.46 3.43 3.40 3.41 3.42 3.44 3.48 3.49 3.46 3.43 3.42 3.44 3.50 3.50 3.52 3.37 3.45 3.49 3.60 3.66 3.73 3.76 3.79 3.88 4.01 4.01 4.11 4.15 4.31 4.59 4.52 4.62 4.69 4.83 5.14 4.98 6.61 5.53 5.81 5.85 5.98
3.17 3.47 3.38 3.12 3.12 3.30 3.33 3.54 3.36 3.62 3.67 3.48 3.50 3.58 3.59 3.57 3.51 3.60 3.57 3.62 3.38 3.39 3.35 3.35 3.34 3.33 3.33 3.35 3.36 3.37 3.37 3.36 3.36 3.38 3.40 3.39 3.39 3.40 3.41 3.42 3.45 3.49 3.50 3.48 3.46 3.51 3.52 3.54 3.58 3.49 3.56 3.58 3.67 3.72 3.79 3.89 3.99 3.99 4.12 4.21 4.41 4.55 4.52 4.90 4.85 4.81 4.97 5.08 5.27 5.49 5.81 6.41 6.24 6.12 6.19
3.48 3.16 3.15 3.13 3.13 3.20 3.48 3.36 3.36 3.55 3.62 3.66 3.65 3.58 3.55 3.42 3.28 3.53 3.53 3.56 3.35 3.34 3.30 3.31 3.32 3.33 3.32 3.33 3.34 3.34 3.35 3.34 3.39 3.35 3.37 3.38 3.40 3.42 3.42 3.42 3.47 3.52 3.57 3.57 3.54 3.57 3.67 3.63 3.76 3.72 3.68 3.72 3.75 3.83 3.94 4.03 4.05 4.11 4.28 4.41 4.53 4.67 4.80 4.93 5.03 5.27 5.39 5.40 5.53 5.80 5.95 7.58 6.34 6.28 6.83
3.20 3.18 3.17 3.15 3.15 3.22 3.49 3.58 3.62 3.45 3.49 3.47 3.37 3.55 3.47 3.32 3.24 3.57 3.60 3.50 3.30 3.28 3.28 3.31 3.34 3.35 3.35 3.34 3.35 3.35 3.36 3.36 3.37 3.38 3.37 3.39 3.42 3.47 3.49 3.47 3.50 3.60 3.65 3.68 3.65 3.68 3.74 3.77 3.82 3.88 3.90 3.91 3.93 3.99 4.11 4.16 4.25 4.29 4.44 4.61 4.79 4.88 5.10 5.29 5.55 5.55 5.91 5.82 5.90 6.05 6.42 6.58 6.80 6.62 6.87
3.20 3.19 3.29 3.29 3.30 3.36 3.48 3.52 3.39 3.43 3.55 3.33 3.28 3.26 3.25 3.30 3.51 3.50 3.36 3.37 3.32 3.30 3.30 3.33 3.37 3.40 3.39 3.39 3.39 3.38 3.37 3.35 3.35 3.41 3.48 3.48 3.47 3.51 3.58 3.57 3.58 3.67 3.76 3.85 3.81 3.82 3.88 3.96 4.03 4.14 4.07 4.09 4.13 4.19 4.28 4.38 4.74 4.64 4.63 4.87 5.09 5.13 5.40 5.56 5.77 5.83 6.12 6.34 6.28 6.46 6.70 6.87 7.90 7.05 7.21
3.24 3.21 3.19 3.32 3.34 3.40 3.52 3.53 3.58 3.68 3.54 3.33 3.30 3.28 3.28 3.26 3.37 3.38 3.34 3.34 3.37 3.37 3.38 3.41 3.43 3.44 3.45 3.47 3.46 3.44 3.42 3.38 3.40 3.49 3.57 3.61 3.56 3.61 3.64 3.69 3.71 3.80 3.86 3.93 3.96 4.02 4.07 4.25 4.15 4.25 4.30 4.31 4.34 4.40 4.49 4.72 4.61 4.87 4.86 5.05 5.31 5.53 5.65 6.56 6.04 6.24 6.43 6.59 6.88 6.88 7.16 7.30 8.08 7.72 7.68
3.32 3.28 3.25 3.37 3.38 3.45 3.58 3.58 3.60 3.70 3.48 3.52 3.48 3.47 3.48 3.33 3.45 3.44 3.42 3.42 3.45 3.47 3.48 3.52 3.54 3.57 3.56 3.56 3.55 3.52 3.53 3.51 3.49 3.59 3.66 3.71 3.70 3.73 3.77 3.81 3.92 3.98 4.07 4.12 4.20 4.27 4.36 4.50 4.44 4.55 4.51 4.51 4.59 4.64 4.68 4.74 4.96 4.98 5.40 5.32 5.52 5.80 5.96 6.26 6.83 6.72 6.78 7.01 7.52 7.52 7.63 7.85 7.84 8.77 8.19
3.43 3.39 3.34 3.44 3.45 3.49 3.71 3.71 3.70 3.73 3.68 3.58 3.56 3.56 3.56 3.56 3.55 3.54 3.54 3.55 3.59 3.59 3.62 3.70 3.69 3.65 3.68 3.67 3.66 3.64 3.64 3.67 3.68 3.76 3.78 3.83 3.86 3.89 3.93 3.97 4.03 4.12 4.28 4.38 4.42 4.48 4.67 4.61 4.68 4.72 4.74 4.81 4.82 4.93 4.93 5.06 5.27 5.31 5.65 6.29 5.88 6.07 6.45 6.53 6.84 6.99 7.22 7.46 7.64 7.96 8.16 8.40 8.36 8.96 8.33
3.56 3.55 3.48 3.55 3.52 3.58 3.61 3.68 3.75 3.73 3.77 3.68 3.67 3.66 3.69 3.69 3.68 3.69 3.69 3.73 3.79 3.81 3.82 3.86 3.84 3.82 3.79 3.79 3.78 3.79 3.80 3.86 3.86 3.88 3.94 4.01 4.03 4.06 4.10 4.18 4.25 4.33 4.45 4.56 4.61 4.73 5.00 4.95 5.02 5.17 5.04 5.05 5.16 5.22 5.26 5.40 5.53 5.69 5.78 5.99 7.03 6.49 6.57 6.86 7.24 7.65 7.52 7.79 8.01 8.60 8.51 8.75 8.85 9.26 8.91
3.73 3.66 3.71 3.70 3.73 3.73 3.77 3.93 3.86 3.91 3.80 3.79 3.82 3.81 3.84 3.83 3.84 3.84 3.88 3.97 3.93 3.94 3.99 4.00 3.96 3.95 3.91 3.93 3.93 3.96 3.96 4.01 4.08 4.11 4.14 4.24 4.32 4.38 4.37 4.40 4.43 4.55 4.59 4.75 4.83 4.93 5.25 5.44 5.41 5.48 5.43 5.39 5.51 5.67 5.62 5.79 5.91 6.06 6.12 6.39 7.51 7.30 7.08 7.27 7.64 7.91 8.05 8.18 8.45 8.73 9.02 9.06 9.27 9.27 9.56
3.98 3.80 3.91 3.87 3.89 3.99 4.00 3.97 3.99 4.01 4.07 3.93 3.94 3.96 3.94 3.97 4.00 4.01 4.05 4.09 4.10 4.10 4.13 4.19 4.10 4.10 4.06 4.09 4.10 4.14 4.11 4.14 4.23 4.26 4.34 4.41 4.51 4.59 4.61 4.69 4.75 4.79 4.91 5.05 5.07 5.22 5.39 5.49 5.62 5.65 5.81 5.76 5.89 5.93 6.06 6.21 6.22 6.44 6.50 6.78 7.07 8.01 7.52 7.81 8.03 8.37 8.58 8.70 9.00 9.24 9.45 9.59 9.74 9.74 10.19
4.05 4.10 4.08 4.08 4.09 4.16 4.13 4.13 4.15 4.24 4.22 4.20 4.11 4.11 4.12 4.13 4.22 4.23 4.23 4.28 4.32 4.37 4.44 4.38 4.32 4.29 4.30 4.30 4.30 4.33 4.32 4.32 4.42 4.46 4.60 4.65 4.70 4.77 4.84 4.87 5.03 5.15 5.22 5.21 5.34 5.49 5.64 5.86 5.88 5.91 5.99 6.07 6.26 6.27 6.40 6.54 6.59 6.77 6.87 7.17 7.44 7.72 8.02 8.09 8.49 8.85 9.10 9.17 9.47 9.79 9.80 9.91 10.30 10.34 9.83
4.27 4.29 4.25 4.27 4.34 4.31 4.28 4.32 4.32 4.32 4.36 4.30 4.29 4.28 4.32 4.35 4.44 4.44 4.51 4.54 4.60 4.72 4.60 4.52 4.46 4.42 4.44 4.48 4.52 4.50 4.55 4.58 4.62 4.66 4.74 4.86 4.95 4.98 5.04 5.22 5.20 5.45 5.47 5.62 5.70 5.87 5.89 6.13 6.27 6.38 6.37 6.43 6.58 6.70 6.77 6.94 6.99 7.16 7.37 7.75 7.95 8.16 9.33 8.63 9.04 9.38 9.56 9.74 10.05 10.32 10.30 9.88 9.92 9.95 10.00
4.52 4.50 4.46 4.43 4.49 4.43 4.41 4.40 4.56 4.51 4.54 4.59 4.53 4.52 4.57 4.63 4.65 4.68 4.79 4.84 4.81 4.93 4.74 4.66 4.54 4.50 4.52 4.57 4.67 4.70 4.75 4.80 4.87 4.91 4.99 5.12 5.19 5.26 5.30 5.44 5.54 5.55 5.77 5.90 5.99 6.12 6.13 6.32 6.47 6.84 6.75 7.14 7.11 7.14 7.22 7.55 7.43 7.58 7.97 8.18 8.48 8.80 8.97 9.20 9.51 9.66 9.92 9.58 9.73 9.81 9.94 10.02 -9999.00 -9999.00 -9999.00
4.68 4.69 4.65 4.70 4.67 4.63 4.54 4.70 4.73 4.72 4.73 4.76 4.86 4.83 4.87 4.88 5.04 5.08 5.16 5.01 4.96 4.87 4.72 4.64 4.51 4.54 4.36 4.64 4.72 4.87 4.96 5.04 5.10 5.14 5.38 5.42 5.46 5.54 5.58 5.68 5.75 5.93 6.05 6.12 6.23 6.42 6.44 6.60 6.87 7.06 7.21 7.18 7.59 7.71 7.70 7.92 8.19 8.38 8.32 8.76 9.02 9.27 9.45 9.66 10.13 9.50 9.65 9.74 -9999.00 -9999.00 -9999.00 -9999.00 -9999.00 -9999.00 -9999.00
4.97 5.02 4.92 4.90 4.86 4.83 4.89 4.77 4.85 4.86 4.96 5.00 5.01 5.16 5.18 5.15 5.08 5.30 5.33 5.19 5.13 4.91 4.91 4.56 4.75 4.71 4.79 4.94 5.05 5.03 5.18 5.49 5.40 5.38 5.59 5.68 5.77 5.82 5.83 5.98 6.02 6.15 6.27 6.43 6.57 6.57 6.76 6.96 7.24 7.50 7.68 7.74 8.19 8.25 8.57 8.60 8.69 9.03 8.96 9.28 9.44 9.65 9.43 9.49 9.55 9.63 -9999.00 -9999.00 -9999.00 -9999.00 -9999.00 -9999.00 -9999.00 -9999.00 -9999.00
5.37 5.36 5.13 5.08 5.06 5.01 4.98 5.10 5.17 5.16 5.20 5.28 5.32 5.49 5.36 5.36 5.26 5.46 5.47 5.36 5.20 5.24 5.37 5.20 5.01 5.12 5.15 5.18 5.22 5.33 5.47 5.61 5.74 5.99 5.92 6.00 6.04 6.16 6.21 6.21 6.32 6.45 6.63 6.89 6.97 7.14 7.21 7.51 7.72 7.95 8.30 8.25 8.30 8.68 9.04 9.20 9.20 9.54 9.41 10.01 10.24 10.19 9.63 -9999.00 -9999.00 -9999.00 -9999.00 -9999.00 -9999.00 -9999.00 -9999.00 -9999.00 -9999.00 -9999.00 -9999.00
