maui/input/gr0_in_month_ascii/gr0_in_aug__maui.asc
ncols        356
nrows        236
xllcorner    -156.702000000000
yllcorner    20.529750000000
cellsize     0.002250000000
NODATA_value  -99.00
[rows 99 to 131 of 236, columns 75 to 149 of 356]
5.76 5.54 5.76 6.20 6.56 7.10 7.53 7.93 8.34 8.38 8.65 8.81 8.94 9.05 9.18 9.28 9.34 9.41 9.48 9.57 9.65 9.60 9.64 9.64 9.65 9.69 9.71 9.73 9.92 9.72 9.71 9.65 9.60 9.59 9.59 9.55 9.54 9.48 9.61 9.36 9.33 9.30 9.25 9.21 9.16 9.28 9.08 9.04 9.03 8.99 8.93 8.87 8.85 8.74 9.12 8.59 8.51 8.49 8.63 8.46 8.41 8.16 8.22 8.20 8.09 8.02 8.02 8.15 8.00 7.74 7.60 7.52 7.44 7.36 7.28
4.89 5.43 6.05 6.57 6.91 7.33 7.67 8.00 8.44 8.58 8.72 8.88 9.00 9.14 9.23 9.32 9.39 9.46 9.70 9.65 9.70 9.68 9.70 9.72 9.72 9.74 9.77 9.76 9.93 9.77 9.71 9.66 9.63 9.60 9.58 9.55 9.59 9.51 9.43 9.39 9.37 9.39 9.23 9.18 9.16 9.05 9.03 9.00 8.95 8.94 8.90 8.86 8.82 8.73 8.64 8.72 8.49 8.45 8.43 8.37 8.32 8.25 8.21 8.17 8.09 8.03 8.15 7.95 7.81 7.72 7.62 7.51 7.39 7.57 7.23
4.68 5.00 5.45 5.82 6.59 7.25 7.76 8.05 8.18 8.91 8.90 9.00 9.08 9.22 9.33 9.38 9.44 9.52 9.81 9.81 9.72 9.92 9.74 9.80 9.77 9.81 9.84 9.99 9.85 9.90 9.48 9.73 9.67 9.64 9.58 9.55 9.55 9.59 9.42 9.35 9.31 9.27 9.22 9.18 9.15 9.08 9.03 8.98 9.06 8.90 8.89 8.82 8.76 8.69 8.63 8.54 8.49 8.40 8.35 8.28 8.19 8.19 8.35 8.13 7.93 7.87 7.86 7.86 7.88 7.92 7.59 7.41 7.33 7.19 7.17
4.59 5.16 5.57 6.24 6.93 7.49 7.74 8.41 8.72 8.80 8.98 9.14 9.22 9.29 9.38 9.45 9.50 9.60 9.66 9.73 9.77 9.82 9.95 9.85 9.81 9.86 9.87 9.88 9.90 9.80 9.76 9.70 9.65 9.64 9.35 9.56 9.53 9.50 9.42 9.36 9.31 9.26 9.19 9.14 9.12 9.06 9.02 8.95 8.87 9.13 8.81 8.76 8.73 8.67 8.61 8.54 8.47 8.16 8.26 8.15 8.08 8.05 8.08 8.04 7.89 7.79 7.74 7.74 7.68 7.76 7.47 7.50 7.33 7.10 6.99
5.04 5.27 5.61 6.07 6.62 7.45 7.88 8.22 8.91 8.88 9.04 9.21 9.33 9.38 9.45 9.51 9.56 9.81 9.48 9.79 9.83 9.88 10.09 10.05 9.88 10.05 9.91 9.94 9.87 9.84 9.77 9.72 9.69 9.64 9.61 9.55 9.54 9.47 9.44 9.30 9.26 9.22 9.20 9.14 9.10 9.02 8.99 8.91 8.88 9.02 8.80 8.64 8.65 8.58 8.56 8.48 8.42 8.31 8.16 8.07 8.01 7.98 7.99 7.95 7.85 7.70 7.65 7.71 7.54 7.37 7.27 7.23 7.38 7.07 6.90
5.15 6.15 5.96 6.48 6.98 7.59 7.89 8.39 8.92 8.99 9.10 9.25 9.37 9.48 9.52 9.71 9.67 9.85 9.76 9.82 9.90 10.08 10.12 10.16 10.05 9.94 9.95 9.95 9.94 9.87 9.81 9.76 9.69 9.64 9.61 9.53 9.48 9.45 9.37 9.33 9.30 9.26 9.15 9.12 9.10 9.01 8.97 8.93 8.91 8.82 8.80 8.76 8.66 8.71 8.76 8.48 8.43 8.31 8.18 8.07 7.94 7.88 7.78 7.82 7.85 7.61 7.51 7.45 7.40 7.32 7.18 7.11 7.04 6.96 6.90
5.39 6.25 6.28 6.20 6.82 7.58 8.00 8.40 8.91 9.16 9.24 9.35 9.47 9.54 9.65 9.69 9.74 9.79 9.87 9.87 9.93 9.91 10.06 9.98 9.94 9.97 9.97 10.14 9.93 10.05 9.83 9.76 9.71 9.66 9.77 9.51 9.53 9.44 9.34 9.38 9.39 9.24 9.19 9.16 9.21 9.15 8.95 9.09 8.89 8.98 8.72 8.68 8.62 8.57 8.51 8.44 8.41 8.12 8.13 7.99 7.81 7.79 7.79 7.69 7.85 7.52 7.47 7.39 7.32 7.67 7.10 7.06 6.95 6.98 6.83
5.06 5.48 6.11 6.89 7.15 7.27 7.58 8.25 8.93 9.16 9.29 9.43 9.54 9.64 9.76 9.90 9.83 9.89 9.96 9.98 10.04 10.04 10.10 9.98 10.01 9.99 10.02 10.00 9.96 9.92 9.81 9.77 9.69 9.76 9.77 10.28 9.57 9.34 9.37 9.31 9.43 9.23 9.16 9.10 9.06 8.99 8.95 8.90 8.86 8.81 8.70 8.63 8.57 8.51 8.45 8.36 8.30 8.23 8.23 8.07 7.84 7.75 7.63 7.61 7.73 7.51 7.34 7.25 7.25 7.16 7.10 6.99 7.05 6.84 6.64
5.27 5.50 5.80 6.02 6.58 7.14 7.51 8.34 9.19 9.27 9.37 9.54 9.66 9.75 9.76 10.30 9.92 10.00 10.02 10.22 10.13 10.09 10.21 10.04 10.01 10.05 10.09 10.03 10.00 9.97 9.81 9.84 9.69 9.68 9.61 9.68 10.06 9.58 9.10 9.48 9.30 9.15 9.08 9.05 9.02 8.98 8.92 8.86 8.81 8.82 8.74 8.79 8.51 8.44 8.57 8.29 8.25 8.19 8.11 7.97 8.14 7.86 7.61 7.48 7.49 7.41 7.28 7.20 7.14 7.04 6.92 7.24 7.03 6.77 6.71
5.57 5.75 6.04 6.22 6.89 7.48 8.18 8.65 9.06 9.32 9.57 9.69 9.49 9.62 9.88 9.93 9.99 10.06 10.10 10.12 10.15 10.13 10.11 10.10 10.09 10.10 10.08 10.10 10.06 9.86 9.76 10.00 9.92 9.43 9.62 9.71 9.56 9.51 9.11 9.28 8.98 9.14 9.09 9.04 9.00 8.98 8.94 8.85 8.78 8.75 8.68 8.57 8.51 8.43 8.34 8.27 8.22 8.08 8.01 7.97 7.85 7.75 7.70 7.53 7.35 7.33 7.24 7.18 7.14 7.05 6.96 6.85 6.75 6.62 6.45
6.38 6.66 6.99 7.40 7.71 7.98 8.30 8.76 9.17 9.40 9.72 9.82 9.81 9.88 9.98 10.03 10.08 10.13 10.16 10.21 10.20 10.18 10.19 10.36 10.14 10.15 10.13 10.13 10.11 10.10 9.71 9.90 9.83 9.75 9.68 9.57 9.54 9.47 9.39 9.35 9.44 9.22 9.20 9.01 8.78 8.93 8.88 8.92 8.79 8.69 8.59 8.60 9.11 8.41 8.31 8.23 8.15 7.89 8.14 7.90 7.80 7.70 7.58 7.50 7.34 7.22 7.22 7.13 7.05 6.95 6.88 6.82 6.62 6.77 7.08
5.38 5.84 5.82 6.29 6.70 7.49 7.71 8.26 9.23 9.44 9.66 9.90 10.06 9.96 10.21 10.15 10.15 10.19 10.27 10.21 10.19 10.24 10.31 10.19 10.20 10.20 10.16 10.15 10.22 10.13 9.99 10.08 9.83 9.58 9.62 9.62 9.57 9.47 9.39 9.36 9.34 9.22 9.16 9.10 9.02 8.95 8.90 8.85 8.78 8.76 8.59 8.50 8.97 8.41 8.30 8.20 8.07 7.98 7.92 7.85 7.75 7.65 7.51 7.44 7.27 7.20 7.14 7.34 6.99 6.91 6.53 6.77 6.81 6.47 6.61
5.90 5.85 6.20 6.62 6.95 7.62 8.30 9.07 9.48 9.70 9.77 9.99 9.98 10.07 10.16 10.31 10.23 10.25 10.31 10.31 10.24 10.28 10.26 10.35 10.27 10.25 10.22 10.18 10.17 10.24 10.15 9.94 9.85 9.77 9.81 9.60 9.61 9.59 9.42 9.39 9.36 9.29 9.19 9.11 9.07 9.01 8.95 8.86 8.75 9.30 9.02 8.54 8.42 8.16 8.23 8.13 8.27 8.06 8.36 7.81 7.72 8.03 7.47 7.38 7.47 7.18 7.07 7.00 6.92 6.89 6.74 6.65 6.75 6.81 6.18
5.67 5.97 6.17 6.60 7.49 8.20 8.52 9.07 9.50 9.65 9.91 10.13 10.09 10.23 10.21 10.23 10.27 10.32 10.36 10.37 10.29 10.32 10.31 10.28 10.27 10.43 10.28 10.17 10.19 10.14 10.06 10.03 9.94 9.84 9.76 9.76 9.60 9.55 9.49 9.48 9.39 9.28 9.24 9.16 9.09 8.96 8.87 8.81 8.68 8.61 8.53 8.43 8.35 8.30 8.23 8.14 8.00 8.17 8.04 7.63 7.92 7.61 7.67 7.55 7.42 7.14 7.07 6.99 6.89 6.78 6.71 6.61 6.77 6.51 6.45
5.80 6.15 6.52 6.72 7.24 7.86 8.70 9.30 9.63 9.90 10.00 10.13 10.20 10.27 10.30 10.30 10.33 10.33 10.38 10.38 10.36 10.33 10.33 10.32 10.30 10.32 10.30 10.36 10.22 10.18 10.07 10.02 9.96 9.88 9.80 9.72 9.65 9.57 9.68 9.58 9.48 9.25 9.18 9.10 9.08 8.92 8.84 8.80 8.71 8.59 8.36 8.30 8.45 8.22 8.14 8.10 7.94 7.86 7.99 7.74 7.63 7.78 7.43 7.23 7.16 7.08 6.96 6.90 6.86 6.73 6.61 6.49 6.46 6.58 6.35
5.98 6.24 6.63 7.05 7.56 7.93 8.46 9.19 9.77 9.94 10.17 9.95 10.28 10.32 10.36 10.31 10.39 10.43 10.44 10.45 10.28 10.46 10.27 10.39 10.37 10.22 10.25 10.24 10.26 10.19 10.08 10.19 9.97 9.89 9.82 9.75 9.68 9.64 9.53 9.36 9.53 9.44 9.33 9.18 8.99 8.84 8.77 8.70 8.64 8.49 8.21 8.15 8.61 8.11 8.01 7.95 7.90 7.88 7.70 7.85 7.56 7.45 7.39 7.37 7.34 6.94 6.94 6.96 6.87 6.70 6.56 6.53 6.24 6.15 6.07
6.15 6.65 6.77 7.09 7.51 8.20 8.85 9.54 9.88 10.03 10.22 10.03 10.33 10.39 10.43 10.40 10.50 10.23 10.47 10.41 10.52 10.59 10.44 10.34 10.47 10.48 10.44 10.28 10.23 10.14 10.14 10.04 10.07 9.88 9.85 9.77 9.67 9.65 9.56 9.43 9.49 9.38 9.29 9.06 8.99 8.82 8.75 8.67 8.44 8.28 8.18 8.05 7.98 7.98 7.91 7.82 7.77 7.89 7.64 7.55 7.49 7.29 7.29 7.21 7.05 6.99 6.90 6.66 6.65 6.52 6.45 6.54 6.33 6.08 6.24
6.30 6.62 7.06 7.40 7.69 8.29 8.92 9.53 9.95 10.14 10.29 10.40 10.39 10.51 10.40 10.56 10.75 10.56 10.60 10.37 10.36 10.34 10.70 10.56 10.40 10.68 10.40 10.41 10.25 10.22 10.15 10.07 10.09 10.06 9.88 9.81 9.73 9.67 9.52 9.40 9.34 9.40 9.09 9.01 8.93 8.93 8.69 8.65 8.51 8.24 8.11 7.97 7.91 7.84 7.81 7.78 7.72 7.66 7.55 7.66 7.39 7.21 7.42 7.12 7.20 6.92 6.75 6.67 6.53 6.42 6.38 6.20 6.22 6.14 5.90
6.53 6.85 7.12 7.60 8.21 8.47 8.98 9.57 10.04 10.27 10.34 10.51 10.40 10.32 10.45 10.46 10.51 10.54 10.88 10.86 10.79 10.53 10.70 10.76 10.87 10.57 10.33 10.21 10.23 10.19 10.15 10.09 9.99 9.97 9.82 9.74 9.85 9.62 9.50 9.40 9.26 9.16 9.06 8.94 8.97 8.73 8.81 8.69 8.44 8.19 8.08 7.97 7.89 7.83 7.74 7.69 7.68 7.57 7.50 7.58 7.49 7.11 6.96 7.04 6.93 6.73 6.78 6.50 6.56 6.39 6.30 6.18 6.04 6.03 5.90
6.89 7.15 7.35 7.70 8.22 8.68 9.12 9.78 10.12 10.49 10.20 10.37 10.38 10.43 10.46 -9999.00 -9999.00 10.61 10.62 10.59 10.61 10.60 10.61 10.58 10.70 10.15 10.61 10.19 10.15 10.31 10.38 10.24 10.04 9.93 9.84 9.79 9.68 9.59 9.50 9.40 9.24 9.13 9.03 8.85 8.79 8.71 8.80 8.57 8.40 8.44 8.39 8.23 8.21 7.83 7.73 7.64 7.61 7.71 7.41 7.28 7.31 7.07 7.09 6.83 6.76 6.78 6.68 6.57 6.49 6.41 6.27 6.10 5.99 5.93 5.82
7.51 7.39 7.61 8.01 8.36 9.04 9.45 9.90 10.45 10.54 10.34 10.38 -9999.00 -9999.00 -9999.00 -9999.00 -9999.00 -9999.00 -9999.00 -9999.00 -9999.00 -9999.00 10.67 10.62 10.61 10.66 10.64 10.42 10.30 10.28 10.30 10.18 9.77 9.95 9.88 9.75 9.65 9.60 9.48 9.41 9.23 9.16 9.06 9.12 8.98 8.75 8.72 8.53 8.45 8.44 8.22 8.10 7.98 8.09 7.72 7.65 7.73 7.43 7.31 7.46 7.05 7.01 7.19 6.86 6.68 6.92 6.52 6.56 6.60 6.31 6.13 6.15 6.05 5.98 5.91
7.32 8.09 8.07 8.28 8.58 9.08 9.66 10.35 10.03 10.25 10.32 -9999.00 -9999.00 -9999.00 -9999.00 -9999.00 -9999.00 -9999.00 -9999.00 -9999.00 -9999.00 -9999.00 -9999.00 -9999.00 10.59 10.53 10.43 10.61 10.40 10.27 10.20 9.98 9.91 10.14 9.92 9.73 9.65 9.61 9.47 9.31 9.24 9.09 8.95 8.83 8.73 8.63 8.58 8.46 8.39 8.30 8.18 8.00 7.99 7.68 7.70 7.69 7.69 7.40 7.31 7.15 7.16 7.04 6.95 6.78 6.64 6.54 6.48 6.43 6.32 6.23 6.09 6.00 6.11 6.26 6.17
7.87 8.00 8.43 8.63 8.87 9.34 9.72 10.25 10.10 -9999.00 -9999.00 -9999.00 -9999.00 -9999.00 -9999.00 -9999.00 -9999.00 -9999.00 -9999.00 -9999.00 -9999.00 -9999.00 -9999.00 -9999.00 -9999.00 -9999.00 10.46 10.36 9.85 10.36 10.78 10.09 9.92 9.78 9.98 9.70 9.70 9.54 9.44 9.30 9.23 9.03 8.88 8.75 8.63 8.52 8.50 8.42 8.32 8.23 8.08 7.98 7.91 7.81 7.61 7.54 7.50 7.38 7.30 7.12 7.11 7.03 6.83 6.70 6.67 6.71 6.46 6.36 6.27 6.29 6.19 6.39 6.01 6.21 6.06
8.10 8.39 8.54 8.94 9.17 9.52 10.08 9.85 10.06 -9999.00 -9999.00 -9999.00 -9999.00 -9999.00 -9999.00 -9999.00 -9999.00 -9999.00 -9999.00 -9999.00 -9999.00 -9999.00 -9999.00 -9999.00 -9999.00 -9999.00 -9999.00 10.31 10.33 9.88 10.33 9.97 10.02 9.82 9.95 9.60 9.74 9.43 9.47 9.39 9.09 9.00 8.88 8.74 8.53 8.46 8.43 8.36 8.25 8.15 8.10 8.09 7.90 7.83 7.59 7.61 7.37 7.27 7.19 7.05 7.07 7.29 6.82 6.60 6.59 6.46 6.63 6.54 6.23 6.14 6.11 6.01 6.21 5.80 5.99
8.73 8.98 9.11 9.56 9.63 9.82 9.79 9.85 -9999.00 -9999.00 -9999.00 -9999.00 -9999.00 -9999.00 -9999.00 -9999.00 -9999.00 -9999.00 -9999.00 -9999.00 -9999.00 -9999.00 -9999.00 -9999.00 -9999.00 -9999.00 -9999.00 -9999.00 10.30 10.19 10.06 9.76 9.70 10.57 9.94 9.66 9.70 9.63 9.21 9.08 9.23 8.93 8.82 8.78 8.42 8.35 8.31 8.23 8.16 8.07 7.95 7.90 7.81 7.72 7.59 7.46 8.25 7.27 7.10 7.12 6.89 6.91 6.84 6.64 6.52 6.46 6.36 6.30 6.17 6.09 6.18 5.86 5.86 6.07 6.00
9.12 9.49 9.47 9.49 10.19 9.75 9.84 -9999.00 -9999.00 -9999.00 -9999.00 -9999.00 -9999.00 -9999.00 -9999.00 -9999.00 -9999.00 -9999.00 -9999.00 -9999.00 -9999.00 -9999.00 -9999.00 -9999.00 -9999.00 -9999.00 -9999.00 -9999.00 -9999.00 -9999.00 9.94 9.81 10.10 9.28 9.67 8.97 8.77 8.68 8.58 9.29 8.99 8.93 8.74 8.58 8.56 8.41 8.28 8.22 8.11 8.02 7.88 8.02 7.75 7.89 7.73 7.62 7.53 7.25 7.11 7.10 7.09 6.90 6.74 6.87 6.45 6.37 6.22 6.34 6.10 6.03 6.18 5.90 6.15 6.04 5.98
9.56 9.78 9.96 10.27 10.40 9.87 -9999.00 -9999.00 -9999.00 -9999.00 -9999.00 -9999.00 -9999.00 -9999.00 -9999.00 -9999.00 -9999.00 -9999.00 -9999.00 -9999.00 -9999.00 -9999.00 -9999.00 -9999.00 -9999.00 -9999.00 -9999.00 -9999.00 -9999.00 -9999.00 -9999.00 9.71 9.35 9.25 9.49 8.93 8.76 8.66 8.52 8.74 9.02 9.12 9.14 8.61 8.45 8.40 8.43 8.32 8.06 8.15 7.92 8.31 8.14 7.59 7.36 7.53 7.24 7.26 7.15 7.41 6.95 6.93 7.15 7.03 6.67 6.54 6.74 6.21 6.49 6.01 6.21 6.05 5.74 6.05 5.98
10.09 9.66 9.79 9.84 9.90 9.95 -9999.00 -9999.00 -9999.00 -9999.00 -9999.00 -9999.00 -9999.00 -9999.00 -9999.00 -9999.00 -9999.00 -9999.00 -9999.00 -9999.00 -9999.00 -9999.00 -9999.00 -9999.00 -9999.00 -9999.00 -9999.00 -9999.00 -9999.00 -9999.00 -9999.00 9.59 9.31 9.19 9.07 8.94 8.77 8.64 8.52 8.75 9.22 8.97 8.99 8.78 8.62 8.64 8.54 8.29 8.23 8.00 7.91 7.76 7.65 7.44 7.47 7.28 7.15 7.08 7.01 7.01 6.89 6.77 6.67 6.54 6.40 6.44 6.23 6.28 6.04 6.23 6.12 5.99 6.12 5.83 5.50
9.72 9.82 -9999.00 -9999.00 -9999.00 -9999.00 -9999.00 -9999.00 -9999.00 -9999.00 -9999.00 -9999.00 -9999.00 -9999.00 -9999.00 -9999.00 -9999.00 -9999.00 -9999.00 -9999.00 -9999.00 -9999.00 -9999.00 -9999.00 -9999.00 -9999.00 -9999.00 -9999.00 -9999.00 -9999.00 -9999.00 9.48 10.02 9.18 9.09 8.86 8.77 8.63 9.00 8.68 8.93 8.76 8.68 8.75 8.50 8.32 8.32 8.65 8.20 8.06 7.84 7.74 7.67 7.49 7.42 7.36 7.17 7.11 7.36 6.92 6.84 6.72 6.53 6.42 6.74 6.32 6.20 6.04 6.45 6.19 6.02 5.92 5.82 5.50 5.82
-9999.00 -9999.00 -9999.00 -9999.00 -9999.00 -9999.00 -9999.00 -9999.00 -9999.00 -9999.00 -9999.00 -9999.00 -9999.00 -9999.00 -9999.00 -9999.00 -9999.00 -9999.00 -9999.00 -9999.00 -9999.00 -9999.00 -9999.00 -9999.00 -9999.00 -9999.00 -9999.00 -9999.00 -9999.00 -9999.00 -9999.00 9.50 9.36 9.94 9.11 8.87 9.38 9.32 9.17 8.96 8.85 8.76 8.67 8.54 8.46 8.80 8.34 8.24 8.19 8.02 7.96 7.70 7.53 7.47 7.34 7.22 7.51 7.03 7.12 6.96 7.16 7.03 6.94 6.76 6.36 6.23 6.01 6.41 6.17 6.10 5.93 5.75 5.75 5.84 5.59
-9999.00 -9999.00 -9999.00 -9999.00 -9999.00 -9999.00 -9999.00 -9999.00 -9999.00 -9999.00 -9999.00 -9999.00 -9999.00 -9999.00 -9999.00 -9999.00 -9999.00 -9999.00 -9999.00 -9999.00 -9999.00 -9999.00 -9999.00 -9999.00 -9999.00 -9999.00 -9999.00 -9999.00 -9999.00 -9999.00 -9999.00 -9999.00 9.47 9.21 9.09 8.93 9.27 9.48 9.37 9.40 9.49 8.78 9.22 9.03 8.84 8.34 8.54 8.03 8.35 7.84 8.18 8.03 7.68 7.45 7.35 7.31 7.23 7.55 7.36 7.24 6.68 6.97 6.54 6.74 6.32 6.62 6.20 5.94 5.89 5.99 5.92 5.64 5.51 5.39 5.54
-9999.00 -9999.00 -9999.00 -9999.00 -9999.00 -9999.00 -9999.00 -9999.00 -9999.00 -9999.00 -9999.00 -9999.00 -9999.00 -9999.00 -9999.00 -9999.00 -9999.00 -9999.00 -9999.00 -9999.00 -9999.00 -9999.00 -9999.00 -9999.00 -9999.00 -9999.00 -9999.00 -9999.00 -9999.00 -9999.00 -9999.00 -9999.00 9.48 9.56 9.09 8.96 8.80 9.63 9.36 9.58 9.37 9.19 8.68 8.74 8.55 8.33 8.59 8.10 8.07 7.84 8.12 8.03 7.91 7.79 7.60 7.51 7.46 7.05 7.36 6.80 6.67 6.90 6.46 6.74 6.18 6.12 6.17 6.09 6.01 5.67 5.63 5.78 5.44 5.77 5.69
-9999.00 -9999.00 -9999.00 -9999.00 -9999.00 -9999.00 -9999.00 -9999.00 -9999.00 -9999.00 -9999.00 -9999.00 -9999.00 -9999.00 -9999.00 -9999.00 -9999.00 -9999.00 -9999.00 -9999.00 -9999.00 -9999.00 -9999.00 -9999.00 -9999.00 -9999.00 -9999.00 -9999.00 -9999.00 -9999.00 -9999.00 -9999.00 9.50 9.71 10.26 9.01 9.23 9.51 9.53 9.06 9.04 9.33 9.32 8.68 8.66 8.34 8.14 8.04 7.92 7.74 8.15 7.51 7.88 7.42 7.67 7.47 7.46 7.49 7.36 7.04 6.92 6.88 6.65 6.57 6.17 6.59 5.98 6.09 5.94 5.86 5.99 5.93 5.63 5.35 5.71
