maui/input/gr0_in_month_ascii/gr0_in_mar__maui.asc
ncols        356
nrows        236
xllcorner    -156.702000000000
yllcorner    20.529750000000
cellsize     0.002250000000
NODATA_value  -99.00
[rows 66 to 98 of 236, columns 75 to 149 of 356]
4.54 4.91 4.97 5.11 5.20 5.64 6.01 6.49 6.67 6.70 7.06 7.14 7.41 7.51 7.58 7.43 7.67 7.84 7.96 7.84 7.89 7.94 8.01 -9999.00 -9999.00 -9999.00 -9999.00 -9999.00 -9999.00 -9999.00 -9999.00 -9999.00 -9999.00 -9999.00 -9999.00 -9999.00 -9999.00 -9999.00 -9999.00 -9999.00 -9999.00 -9999.00 -9999.00 -9999.00 -9999.00 -9999.00 -9999.00 8.49 8.48 8.48 8.48 -9999.00 -9999.00 -9999.00 8.34 8.31 8.32 8.45 8.44 8.41 8.39 8.39 8.40 8.35 8.31 8.30 8.31 8.28 8.13 8.05 7.98 7.90 7.82 7.87 7.70
4.91 4.95 5.11 5.51 5.91 6.14 6.32 6.43 6.51 6.71 6.85 7.10 7.33 7.41 7.47 7.39 7.53 7.75 7.68 7.74 8.10 8.15 7.99 -9999.00 -9999.00 -9999.00 -9999.00 -9999.00 -9999.00 -9999.00 -9999.00 -9999.00 -9999.00 -9999.00 -9999.00 -9999.00 -9999.00 -9999.00 -9999.00 -9999.00 -9999.00 -9999.00 -9999.00 -9999.00 -9999.00 8.45 8.44 8.45 8.47 8.53 8.44 8.45 8.41 8.40 8.34 8.45 8.11 8.15 8.38 8.43 8.34 8.31 8.30 8.38 8.27 8.26 8.26 8.18 8.04 8.08 7.99 7.85 7.78 7.69 7.69
4.86 5.35 5.45 5.49 5.76 6.03 6.01 6.26 6.61 6.66 6.89 7.13 7.23 7.10 7.45 7.52 7.60 7.86 7.89 7.96 8.22 7.80 7.98 7.97 -9999.00 -9999.00 -9999.00 -9999.00 -9999.00 -9999.00 -9999.00 -9999.00 -9999.00 -9999.00 -9999.00 -9999.00 -9999.00 -9999.00 -9999.00 -9999.00 -9999.00 -9999.00 -9999.00 -9999.00 8.41 8.43 8.44 8.43 8.51 8.57 8.40 8.46 8.42 8.42 8.49 8.40 8.06 8.15 8.18 8.29 8.25 8.23 8.22 8.17 8.26 8.15 8.08 8.06 8.02 8.00 8.19 7.78 7.73 7.55 7.53
5.02 4.76 5.00 4.88 5.40 6.02 6.16 6.44 6.36 6.56 6.80 7.00 7.08 7.27 7.19 7.67 7.35 7.35 7.47 7.61 7.94 8.03 7.86 7.96 -9999.00 -9999.00 -9999.00 -9999.00 -9999.00 -9999.00 -9999.00 -9999.00 -9999.00 -9999.00 -9999.00 -9999.00 -9999.00 -9999.00 -9999.00 -9999.00 -9999.00 -9999.00 8.36 8.40 8.40 8.40 8.44 8.53 8.14 8.45 8.33 8.43 8.43 8.43 8.19 8.35 8.30 8.25 8.24 8.19 8.20 8.18 8.17 8.12 8.11 8.10 8.02 8.02 7.89 7.87 7.89 7.82 7.65 7.41 7.48
4.27 4.06 4.43 4.83 5.03 5.54 5.90 5.96 6.32 6.59 6.74 6.91 7.05 7.26 7.31 7.14 7.63 7.66 7.89 7.56 7.90 7.86 8.02 8.02 -9999.00 -9999.00 6.35 6.33 -9999.00 -9999.00 -9999.00 -9999.00 -9999.00 -9999.00 -9999.00 -9999.00 -9999.00 -9999.00 -9999.00 -9999.00 8.38 8.38 8.36 8.41 8.46 8.56 8.10 8.42 8.36 8.12 8.29 8.31 8.37 8.31 8.31 8.32 8.26 8.23 8.17 8.14 8.10 8.11 8.11 8.04 7.94 8.10 7.95 7.91 7.80 7.74 7.55 7.41 7.60 7.60 7.43
4.36 4.56 4.84 5.32 5.69 5.71 5.84 6.07 6.30 6.55 6.80 6.92 7.09 6.98 7.50 7.55 7.65 7.66 7.95 7.52 7.58 7.81 8.12 8.08 7.49 6.72 6.46 6.37 6.16 6.82 7.86 -9999.00 -9999.00 -9999.00 -9999.00 -9999.00 -9999.00 8.37 8.41 8.39 8.39 8.26 8.58 8.31 8.07 8.55 8.30 8.29 8.35 8.27 8.24 8.18 8.29 8.37 8.26 8.23 8.20 8.16 8.12 8.09 8.05 8.04 8.12 7.91 7.83 7.87 7.95 7.83 7.77 7.70 7.63 7.38 7.57 7.46 7.46
4.16 4.76 4.90 5.25 5.11 5.18 5.74 5.94 6.47 6.59 6.74 6.90 6.85 7.23 7.34 7.34 7.66 7.32 7.38 7.57 7.50 7.69 8.09 8.17 8.44 8.44 3.26 3.32 8.27 8.33 7.94 8.05 8.17 8.23 8.31 8.39 8.39 8.37 8.31 8.41 8.33 8.33 8.48 8.25 8.27 8.47 8.51 8.32 8.29 8.22 8.24 8.22 8.21 8.28 8.20 8.19 8.14 8.14 8.11 8.07 8.03 8.03 8.09 7.92 7.73 7.86 7.83 7.77 7.76 7.66 7.62 7.55 7.39 7.39 7.34
4.31 4.19 4.76 4.69 4.68 5.20 5.66 5.95 6.48 6.57 6.77 6.70 7.11 7.41 7.43 7.16 7.58 7.28 7.37 7.35 7.93 7.76 8.13 8.29 8.31 8.43 3.31 3.29 8.44 8.26 8.12 8.14 8.16 8.21 8.50 8.03 8.54 8.68 8.27 8.35 8.48 8.44 8.42 8.23 8.24 8.06 8.27 8.31 8.27 8.21 8.21 8.04 8.17 8.17 8.15 8.15 8.13 8.11 8.11 8.08 8.10 8.45 8.45 7.99 7.81 7.71 7.86 7.74 7.68 7.90 7.50 7.46 7.42 7.24 7.30
3.89 4.30 4.06 4.34 4.61 5.19 5.53 6.13 6.29 6.29 6.58 7.06 6.88 6.97 7.47 7.07 7.13 6.97 7.63 7.46 7.96 8.04 8.17 8.05 8.30 8.22 8.22 8.55 7.99 8.09 8.11 8.14 8.15 8.31 8.58 8.36 8.53 8.34 8.22 8.35 8.27 8.26 8.22 8.22 8.21 8.31 8.21 8.17 8.18 8.18 8.18 8.18 8.18 8.15 8.09 8.07 8.07 8.13 8.08 8.06 8.03 8.38 8.34 7.88 7.69 7.64 7.69 7.77 7.51 7.46 7.41 7.37 7.35 7.32 7.26
3.52 3.77 4.24 4.76 5.14 5.41 5.72 6.05 6.39 6.55 6.84 7.16 6.82 7.07 7.16 7.04 7.00 7.45 7.64 7.39 7.64 8.04 8.20 8.15 8.02 8.34 7.80 7.80 7.93 7.83 8.19 7.88 8.00 8.30 8.26 8.54 8.53 8.19 8.35 8.24 8.32 8.04 8.20 8.18 8.33 8.23 8.18 8.13 8.14 8.12 8.11 8.13 8.12 8.10 8.06 7.99 7.98 8.01 8.01 8.01 7.94 7.95 7.88 7.82 7.73 7.59 7.59 7.56 7.56 7.41 7.40 7.30 7.30 7.33 7.20
4.62 4.55 4.59 4.53 4.85 5.38 5.76 6.17 6.43 6.77 7.07 6.69 7.07 6.72 7.12 7.23 7.22 7.58 7.25 7.68 7.83 7.89 7.75 8.23 8.15 7.76 8.26 8.06 8.07 7.83 8.09 8.10 8.12 8.14 8.10 8.28 8.29 8.51 7.99 8.16 8.24 8.34 8.40 8.23 8.32 8.19 8.13 8.11 8.10 8.08 8.09 8.11 8.10 8.07 8.03 7.94 7.95 7.95 7.95 7.89 7.84 7.83 7.83 7.78 7.69 7.56 7.49 7.46 7.51 7.36 7.38 7.27 7.26 7.51 7.45
4.88 5.02 5.21 5.37 5.59 5.79 6.03 6.28 6.67 6.71 6.47 6.88 6.83 6.96 7.24 7.28 7.43 7.49 7.63 7.70 7.46 7.85 7.79 7.91 7.92 7.96 8.01 8.05 7.82 7.83 8.09 8.10 8.10 8.11 8.22 8.02 7.93 8.24 8.00 8.17 8.18 8.32 8.32 8.26 8.27 8.18 8.09 8.09 8.07 8.04 8.04 8.06 8.07 8.07 8.01 7.96 7.89 7.88 7.87 7.81 7.79 7.77 7.75 7.64 7.58 7.53 7.43 7.41 7.39 7.40 7.31 7.21 7.14 7.18 7.11
5.67 6.00 5.88 5.95 5.87 6.11 6.31 6.55 6.67 6.43 6.69 6.92 6.65 6.88 7.25 6.98 7.44 7.43 7.66 7.47 7.75 7.44 7.53 7.79 7.56 7.95 8.03 8.03 7.79 7.80 7.81 8.06 8.07 8.09 8.09 8.12 8.14 8.20 8.13 8.14 8.34 8.23 8.20 8.16 8.14 8.05 8.06 8.04 8.03 7.86 8.09 8.03 8.05 8.02 7.99 7.92 7.89 7.85 7.81 7.78 7.72 7.70 7.61 7.56 7.58 7.47 7.41 7.37 7.34 7.30 7.32 7.14 7.07 7.07 6.95
5.23 5.46 5.55 5.53 6.00 6.08 6.04 6.00 6.14 6.30 6.71 6.95 6.70 6.84 6.95 7.20 6.97 7.09 7.76 7.38 7.71 7.39 7.71 7.53 8.02 8.11 8.17 7.71 7.75 8.01 7.78 8.04 8.05 7.83 8.08 8.11 8.20 8.11 8.31 8.18 8.23 8.27 8.12 8.09 8.11 8.07 8.05 8.02 8.00 8.00 7.98 7.98 8.00 7.93 7.99 7.93 7.88 7.84 7.80 7.75 7.70 7.63 7.60 7.55 7.53 7.41 7.37 7.34 7.28 7.24 7.20 7.17 6.99 6.84 6.82
4.49 5.06 4.80 4.86 5.03 5.15 5.23 5.80 6.19 6.38 6.60 6.77 7.07 6.81 7.14 7.32 6.94 7.59 7.20 7.53 7.38 7.66 7.49 7.79 8.01 7.83 7.93 7.95 7.71 7.72 7.73 7.75 7.78 7.80 8.08 8.09 8.12 8.15 8.18 8.07 7.87 8.02 8.06 8.01 8.02 8.04 8.03 8.01 7.97 7.97 7.98 7.95 7.93 7.95 7.93 7.76 7.71 7.82 7.79 7.74 7.69 7.64 7.56 7.52 7.46 7.42 7.31 7.28 7.23 7.20 7.13 6.96 7.13 6.80 6.74
3.89 4.06 4.20 4.14 4.75 5.21 5.57 5.76 6.13 6.34 6.55 6.69 6.71 6.78 7.13 7.37 7.56 7.95 7.66 7.40 7.84 7.64 7.66 7.82 7.78 8.06 7.77 8.20 7.92 7.69 7.97 7.73 7.76 8.04 7.91 8.14 8.16 8.03 8.04 8.09 8.07 8.01 8.00 7.97 7.97 7.91 7.99 7.96 7.95 7.94 7.93 7.91 7.92 7.89 7.87 7.82 7.76 7.75 7.60 7.68 7.60 7.50 7.52 7.48 7.42 7.45 7.30 7.24 7.19 7.14 6.96 6.94 7.04 6.67 6.64
3.39 3.59 3.70 4.49 4.77 4.91 5.57 5.49 6.06 6.32 6.57 6.72 6.93 6.93 6.91 7.38 7.21 8.00 7.58 7.27 7.30 7.70 7.69 7.75 7.79 7.93 8.09 8.08 7.62 7.90 7.91 7.94 8.09 8.11 8.12 8.05 8.05 8.06 8.04 8.02 8.05 7.94 7.94 7.99 7.92 7.98 7.93 7.92 7.90 7.89 7.88 7.89 7.88 7.87 7.83 7.78 7.74 7.66 7.64 7.55 7.50 7.42 7.40 7.41 7.38 7.33 7.27 7.22 7.12 7.16 6.92 6.87 6.78 6.63 6.51
3.08 3.28 3.83 4.53 4.90 5.13 5.43 5.66 6.07 6.29 6.50 6.71 6.93 6.97 7.08 6.95 7.18 7.39 7.66 7.44 7.65 7.66 7.43 7.72 7.52 7.98 7.89 7.58 7.85 7.87 7.90 8.03 8.02 7.83 8.02 8.04 7.99 8.00 8.00 7.98 8.00 7.95 7.97 8.07 8.38 7.91 7.89 7.86 7.85 7.83 7.85 7.86 7.83 7.82 7.88 7.70 7.67 7.65 7.61 7.57 7.37 7.40 7.35 7.36 7.29 7.25 7.16 7.14 7.08 7.02 6.97 6.86 6.74 6.66 6.57
3.29 3.57 3.82 4.09 4.37 4.76 5.17 5.76 5.77 6.18 6.49 6.60 6.65 6.69 6.99 7.07 7.58 7.49 7.64 7.53 7.68 7.91 7.64 7.74 7.54 8.00 7.80 7.81 7.83 7.87 8.00 7.97 7.99 8.01 8.00 7.97 7.97 7.99 7.97 7.96 7.94 7.95 7.92 7.89 8.30 7.88 7.83 7.83 7.80 7.78 7.79 7.82 7.77 7.84 8.06 7.69 7.59 7.57 7.57 7.49 7.41 7.33 7.22 7.21 7.32 7.18 7.11 7.04 7.03 6.90 6.84 6.78 6.69 6.61 6.53
3.36 3.49 4.06 4.47 4.83 5.24 5.43 5.68 5.81 6.27 6.38 6.52 6.73 6.96 6.98 7.09 7.32 7.80 7.55 7.45 7.61 7.76 7.93 7.73 7.94 7.77 7.99 7.88 7.99 7.96 7.94 7.96 7.97 7.99 7.77 8.06 8.00 8.02 7.93 7.96 7.94 7.94 7.90 7.88 7.82 7.74 7.75 7.75 7.76 7.72 7.74 7.74 7.74 7.73 7.67 7.62 7.55 7.50 7.48 7.45 7.39 7.29 7.26 7.24 7.16 7.07 7.02 6.98 6.99 6.99 6.77 6.69 6.62 6.58 6.48
3.37 3.79 4.32 4.69 4.86 5.10 5.33 5.45 5.82 6.07 6.37 6.68 6.75 6.91 6.95 7.12 7.37 7.40 7.51 7.58 7.43 7.54 7.82 7.88 7.90 7.91 7.83 7.75 7.90 7.90 7.94 7.99 7.95 7.96 8.04 7.97 7.65 7.61 7.93 7.89 7.89 7.85 7.86 7.84 7.82 7.68 7.67 7.70 7.69 7.71 7.70 7.65 7.49 7.54 7.67 7.56 7.51 7.47 7.43 7.42 7.33 7.27 7.23 7.16 7.10 7.04 6.96 6.93 6.75 6.86 6.72 6.65 6.55 6.58 6.37
3.72 3.53 4.04 4.67 4.97 5.23 5.30 5.47 5.81 6.50 6.41 6.60 6.72 6.87 6.86 7.14 7.21 7.42 7.38 7.53 7.65 7.62 7.69 7.68 7.78 7.74 7.80 7.86 7.87 7.89 7.91 7.92 7.92 7.96 7.73 7.93 8.18 8.12 7.59 7.89 7.83 7.83 7.81 7.74 7.75 7.64 7.60 7.63 7.65 7.66 7.65 7.49 7.54 7.65 7.62 7.55 7.45 7.42 7.39 7.35 7.34 7.24 7.17 7.13 7.12 7.01 7.22 6.89 6.80 6.73 6.68 6.65 6.54 6.51 6.27
4.49 3.87 3.95 4.13 4.50 5.04 5.56 5.54 5.97 6.26 6.43 6.61 6.74 6.94 6.89 7.10 7.23 7.42 7.40 7.54 7.61 7.44 7.80 7.75 7.78 7.58 7.61 7.86 7.86 7.88 7.89 7.91 7.92 7.94 7.91 7.90 7.98 7.94 7.89 7.86 7.82 7.81 7.81 7.73 7.66 7.49 7.56 7.51 7.56 7.45 7.53 7.75 7.82 7.63 7.55 7.47 7.36 7.32 7.32 7.29 7.28 7.23 7.20 7.11 7.05 6.97 6.91 6.81 6.79 6.68 6.58 6.54 6.28 6.32 6.31
4.59 4.46 4.69 4.42 4.79 5.00 5.57 5.99 6.13 6.37 6.50 6.66 6.82 7.01 6.79 7.28 7.37 7.38 7.37 7.54 7.58 7.72 7.74 7.67 7.79 7.58 7.81 7.84 7.86 7.88 7.89 7.91 7.96 7.72 7.90 7.92 7.91 7.81 7.85 7.85 7.82 7.77 7.77 7.68 7.64 7.54 7.46 7.47 7.46 7.39 7.58 7.71 7.47 7.34 7.44 7.38 7.25 7.25 7.36 7.31 7.24 7.22 7.14 7.08 7.02 6.97 6.94 6.89 6.74 6.66 6.56 6.50 6.43 6.24 6.19
5.12 5.06 5.14 5.22 5.61 5.76 5.99 6.22 6.34 6.36 6.59 6.71 6.96 6.90 7.04 7.15 7.34 7.37 7.45 7.52 7.59 7.75 7.73 7.66 7.78 7.76 7.80 7.83 7.86 7.89 7.91 7.93 7.74 7.73 7.91 7.93 7.88 7.97 7.87 7.83 7.80 7.76 7.75 7.67 7.63 7.54 7.44 7.49 7.48 7.29 7.43 7.36 7.73 7.36 7.33 7.32 7.26 7.24 7.54 7.53 7.19 7.14 7.06 7.03 6.99 6.93 6.89 6.79 6.71 6.68 6.62 6.52 6.42 6.27 6.15
4.69 4.76 5.07 5.20 5.31 5.50 5.76 5.99 6.17 6.44 6.62 6.67 6.73 6.93 7.39 7.37 7.50 7.32 7.41 7.53 7.58 7.63 7.71 7.69 7.72 7.72 7.78 7.82 7.88 7.90 7.90 7.92 7.88 7.74 7.92 7.89 7.87 7.88 7.91 7.89 7.76 7.75 7.73 7.75 7.62 7.54 7.49 7.39 7.69 7.36 7.67 7.53 7.67 7.33 7.27 7.25 7.25 7.23 7.18 7.15 7.13 7.11 7.07 6.94 6.94 6.87 6.81 6.70 6.66 6.61 6.52 6.46 6.36 6.25 6.14
4.30 4.52 4.84 5.01 5.28 5.49 5.81 6.03 6.27 6.47 6.72 6.84 6.97 6.95 7.14 7.23 7.01 7.41 7.50 7.38 7.59 7.60 7.69 7.51 7.71 7.74 7.79 7.90 7.86 7.89 7.91 7.94 7.96 7.90 7.92 7.88 7.86 7.84 7.81 7.76 7.78 7.70 7.69 7.65 7.61 7.57 7.49 7.38 7.36 7.35 7.35 7.34 7.43 7.26 7.24 7.22 7.17 7.11 7.10 7.08 6.99 6.96 7.02 6.85 6.84 6.83 6.74 6.70 6.58 6.53 6.48 6.41 6.35 6.24 6.15
3.79 3.99 4.48 4.76 5.09 5.28 5.76 6.21 6.38 6.59 6.79 6.97 7.08 6.96 7.19 7.25 7.43 7.45 7.53 7.26 7.54 7.66 7.73 7.71 7.76 7.79 7.80 7.83 7.86 7.89 7.92 7.96 7.74 7.91 7.90 7.87 7.88 7.83 7.83 7.76 7.75 7.65 7.64 7.64 7.59 7.55 7.50 7.38 7.34 7.32 7.32 7.33 7.28 7.23 7.21 7.19 7.18 7.16 7.06 7.05 7.03 6.93 6.86 6.82 6.80 6.77 6.68 6.60 6.55 6.47 6.40 6.36 6.24 6.16 6.08
3.86 4.40 4.40 4.69 4.84 5.25 5.81 6.27 6.38 6.66 6.85 6.97 7.16 7.19 7.30 7.37 7.41 7.45 7.52 7.61 7.63 7.72 7.52 7.57 7.78 7.83 7.85 7.88 7.89 7.90 7.93 7.94 7.90 7.91 7.92 7.89 7.84 7.82 7.77 7.74 7.73 7.63 7.61 7.58 7.59 7.53 7.50 7.41 7.33 7.31 7.29 7.28 7.13 7.14 7.26 7.20 7.15 7.11 7.03 7.00 6.82 6.88 6.84 6.88 6.76 6.72 6.65 6.57 6.45 6.41 6.35 6.24 6.18 6.22 6.03
4.30 4.64 4.77 5.04 5.24 5.60 5.93 6.21 6.40 6.73 6.87 7.04 7.17 7.28 7.35 7.43 7.46 7.52 7.64 7.60 7.66 7.70 7.71 7.74 7.78 7.80 7.84 7.89 7.91 7.93 7.92 7.84 7.92 7.88 7.88 7.86 7.83 7.80 7.75 7.72 7.67 7.61 7.57 7.54 7.55 7.53 7.48 7.34 7.28 7.28 7.27 7.25 7.23 7.17 7.09 7.22 7.14 7.08 7.04 6.99 6.95 6.91 6.85 6.86 6.75 6.78 6.62 6.53 6.46 6.36 6.26 6.23 6.14 6.09 6.28
3.83 4.50 4.69 4.80 5.09 5.62 5.92 6.18 6.49 6.71 6.91 7.08 7.19 7.34 7.41 7.50 7.53 7.55 7.61 7.65 7.67 7.70 7.75 7.76 7.78 7.82 7.86 7.91 7.91 7.91 7.92 7.89 7.73 7.89 7.88 7.85 7.83 7.80 7.77 7.71 7.66 7.64 7.58 7.53 7.54 7.51 7.57 7.51 7.41 7.28 7.26 7.25 7.20 7.16 7.14 7.20 7.11 7.08 7.08 6.97 6.92 6.87 6.82 6.73 6.71 6.65 6.58 6.51 6.44 6.37 6.26 6.16 6.10 6.03 5.96
4.55 4.82 5.16 5.37 5.30 5.66 6.12 6.26 6.49 6.81 6.97 7.10 7.24 7.36 7.45 7.55 7.60 7.62 7.65 7.72 7.72 7.75 7.80 7.81 7.83 7.87 7.90 7.91 7.93 7.93 7.93 7.63 7.89 7.86 7.93 7.82 7.80 7.78 7.73 7.68 7.64 7.60 7.57 7.52 7.50 7.48 7.49 7.50 7.50 7.29 7.24 7.21 7.18 7.16 7.18 7.09 7.05 7.03 6.99 6.97 6.98 6.94 6.76 6.71 6.64 6.62 6.55 6.55 6.47 6.33 6.27 6.18 6.09 6.02 5.93
3.81 4.04 4.54 5.03 5.43 5.90 6.04 6.27 6.28 6.92 7.05 7.17 7.27 7.37 7.46 7.56 7.62 7.68 7.72 7.77 7.78 7.87 7.82 7.85 7.89 7.90 7.93 7.95 8.03 7.95 7.94 7.93 7.75 8.02 7.89 7.81 7.80 7.84 7.69 7.65 7.62 7.59 7.55 7.51 7.47 7.47 7.42 7.40 7.39 7.71 7.23 7.18 7.22 7.22 7.16 7.04 7.01 6.95 6.97 6.92 6.87 6.85 6.84 6.71 6.73 6.58 6.52 6.47 6.36 6.31 6.24 6.17 6.08 6.01 5.92
