maui/input/gr0_in_month_ascii/gr0_in_sep__maui.asc
ncols        356
nrows        236
xllcorner    -156.702000000000
yllcorner    20.529750000000
cellsize     0.002250000000
NODATA_value  -99.00
[rows 165 to 197 of 236, columns 225 to 299 of 356]
3.22 3.21 3.16 3.13 3.11 3.14 2.91 3.09 2.98 3.06 3.09 2.91 3.12 3.03 2.94 2.96 2.94 3.00 2.94 3.06 2.92 3.06 3.04 3.24 3.27 3.15 3.00 3.17 3.05 3.11 3.11 3.08 3.01 2.93 2.86 2.83 2.79 2.82 2.78 2.75 2.74 2.72 2.71 2.63 2.62 2.66 2.91 3.05 3.35 3.33 3.32 3.23 3.36 4.07 4.11 4.20 4.03 3.41 3.13 3.22 3.37 3.35 3.63 3.81 4.09 4.19 4.23 4.57 4.82 5.28 5.87 5.93 6.52 6.41 6.76
3.10 3.09 3.05 3.07 3.09 3.04 3.02 3.13 2.91 3.07 3.04 2.93 2.97 3.04 2.93 2.97 2.86 2.87 2.91 2.95 2.95 2.99 3.19 3.17 3.29 3.42 3.00 3.11 3.03 3.02 3.09 3.08 3.06 3.00 3.01 2.91 2.83 2.84 2.82 2.83 2.78 2.78 2.81 2.77 2.73 2.71 2.73 2.91 3.37 3.43 3.40 3.39 3.42 3.87 4.25 4.27 4.45 3.87 3.40 3.50 3.62 3.68 3.77 3.89 4.21 4.31 4.72 4.82 5.18 5.51 5.91 6.39 6.90 7.63 7.09
3.02 2.98 3.12 3.16 3.04 3.11 2.92 3.04 2.88 3.00 3.03 2.94 3.05 2.94 2.92 2.89 2.86 2.82 2.84 2.92 2.97 3.09 3.24 3.20 3.22 3.42 3.21 3.13 3.16 3.19 3.08 3.06 3.07 3.36 3.30 3.34 3.06 2.91 2.90 2.95 2.99 2.98 2.94 2.95 2.89 2.84 2.84 2.92 3.37 3.50 3.50 3.50 3.56 3.56 4.21 4.39 4.49 4.42 3.67 3.76 4.09 4.05 4.02 4.18 4.41 4.75 5.07 5.06 5.37 5.88 6.28 6.61 6.93 7.36 7.60
2.98 2.93 2.93 2.96 2.93 2.96 2.92 2.90 3.10 3.15 3.05 2.91 2.92 2.89 2.89 2.88 2.87 2.86 2.83 2.94 2.95 3.08 3.19 3.27 3.22 3.34 3.23 3.08 3.08 3.10 3.06 3.24 3.32 3.57 3.89 3.17 3.14 3.03 3.03 3.04 3.12 3.17 3.16 3.23 3.04 2.99 3.02 2.97 3.08 3.46 3.92 3.62 3.67 3.70 4.06 4.37 4.51 4.78 4.16 3.93 4.18 4.53 4.28 4.29 4.57 5.19 5.22 5.40 5.85 6.27 6.68 6.97 7.21 7.77 8.34
2.99 3.09 3.03 3.00 2.83 2.99 3.07 3.02 2.99 3.08 2.94 3.03 3.04 2.98 2.94 2.90 2.87 2.92 2.89 2.89 2.96 3.06 3.13 3.37 3.29 3.30 3.25 3.14 3.09 3.12 3.19 3.23 3.61 3.73 3.89 3.20 3.11 3.04 3.10 3.09 3.03 3.18 3.37 3.44 3.32 3.22 3.18 3.16 3.18 3.33 3.86 3.99 3.73 3.91 4.09 4.70 4.64 4.70 4.86 4.32 4.75 4.68 4.47 4.62 4.83 5.28 5.66 5.83 6.41 6.76 6.82 7.32 7.87 8.03 8.45
3.03 3.20 3.21 3.12 3.17 3.12 3.20 3.13 3.07 3.18 3.22 3.61 3.22 3.06 3.08 2.96 2.93 3.09 2.97 2.98 3.16 3.24 3.14 3.36 3.31 3.42 3.27 3.26 3.17 3.16 3.24 3.35 3.61 4.32 3.75 3.25 3.15 3.15 3.19 3.18 3.18 3.26 3.43 3.46 3.45 3.42 3.42 3.42 3.33 3.52 3.65 5.05 4.05 3.91 4.11 4.45 4.85 4.98 5.03 4.92 4.94 5.72 5.81 5.10 5.17 5.63 6.00 6.27 6.56 7.02 7.60 7.74 8.04 7.93 8.09
3.07 3.31 3.38 3.16 3.36 3.18 3.24 3.23 3.46 3.47 3.77 3.49 3.31 3.17 3.33 3.13 3.09 3.20 3.13 3.14 3.32 3.38 3.36 3.37 3.38 3.24 3.32 3.49 3.28 3.34 3.48 3.47 4.14 4.49 3.70 3.41 3.24 3.30 3.33 3.34 3.46 3.36 3.54 3.67 3.62 3.61 3.50 3.53 3.65 3.74 4.01 4.34 5.09 4.20 4.04 4.20 4.94 5.13 5.16 5.26 5.28 6.03 6.16 5.61 5.59 5.92 6.34 6.82 7.00 7.33 7.82 8.69 7.91 8.04 -9999.00
3.17 3.57 3.39 3.33 3.52 3.40 3.31 3.41 3.72 3.77 3.66 3.51 3.32 3.33 3.48 3.26 3.36 3.41 3.34 3.49 3.38 3.52 3.46 3.45 3.43 3.29 3.34 3.40 3.62 3.81 3.62 3.62 4.22 4.36 3.76 3.40 3.31 3.40 3.49 3.53 3.54 3.59 3.62 3.78 3.83 3.85 3.68 3.95 3.90 3.98 4.03 4.43 4.98 5.03 4.56 4.51 4.75 5.29 5.49 5.53 5.63 6.30 6.43 6.19 6.23 6.34 6.87 7.12 7.88 7.74 8.40 7.94 8.02 -9999.00 -9999.00
3.31 3.84 3.65 3.65 3.85 3.72 3.57 3.73 3.89 3.91 3.90 3.81 3.50 3.60 3.50 3.50 3.52 3.70 3.72 3.70 3.60 3.61 3.48 3.44 3.40 3.42 3.64 3.60 3.68 4.33 3.80 4.28 5.07 3.76 3.72 3.61 3.47 3.51 3.57 3.71 3.77 3.88 3.81 3.79 4.18 4.06 4.10 4.19 4.25 4.33 4.40 4.58 4.79 5.60 5.11 4.83 5.11 5.26 5.66 5.81 6.30 6.49 6.77 7.14 6.64 6.97 7.30 7.55 8.09 9.00 8.11 8.09 -9999.00 -9999.00 -9999.00
3.73 3.91 4.02 3.89 3.62 3.80 3.88 3.80 3.93 4.50 4.43 4.23 3.99 3.73 3.72 3.76 3.83 3.87 3.97 3.84 3.46 3.73 3.55 3.57 3.55 3.66 3.79 3.80 3.92 4.28 3.99 4.79 4.97 4.15 3.87 3.79 3.72 3.75 3.77 3.90 3.97 4.14 4.10 4.18 4.29 4.42 4.43 4.55 4.62 4.76 4.74 4.85 5.28 5.10 5.75 5.30 5.49 5.59 5.71 5.99 6.10 6.44 6.70 7.14 7.16 7.58 7.77 8.04 8.64 8.27 8.32 -9999.00 -9999.00 -9999.00 -9999.00
4.07 4.14 4.07 4.06 4.14 4.07 4.24 4.10 4.31 4.53 4.54 4.51 4.12 4.08 3.99 4.08 4.18 4.25 4.15 3.85 3.94 3.85 3.67 3.71 3.81 3.89 3.90 3.94 4.30 4.41 4.55 4.84 5.25 4.37 4.05 4.06 4.01 3.99 4.01 4.07 4.16 4.24 4.28 4.44 4.42 5.06 4.73 4.82 4.95 4.91 5.28 5.16 5.42 5.60 5.77 5.94 6.02 5.94 6.17 6.34 6.39 6.59 6.97 7.51 7.81 8.12 8.40 8.75 9.05 8.50 -9999.00 -9999.00 -9999.00 -9999.00 -9999.00
4.28 4.90 4.36 4.40 4.59 4.38 4.47 4.41 4.43 4.69 5.22 4.66 4.52 4.38 4.33 4.49 4.82 4.50 4.45 4.36 4.16 3.97 3.95 4.01 4.14 4.21 4.20 4.36 4.69 4.53 5.19 5.17 5.48 4.85 4.29 4.32 4.24 4.24 4.26 4.31 4.34 4.49 4.71 4.96 4.69 4.83 5.04 5.08 5.35 5.40 5.49 5.74 5.59 6.47 5.95 6.38 6.76 6.29 6.70 6.73 6.91 7.03 7.28 7.63 8.04 8.20 8.52 8.94 8.96 8.73 -9999.00 -9999.00 -9999.00 -9999.00 -9999.00
4.48 5.13 4.61 4.68 4.66 4.82 4.72 4.66 4.67 5.05 5.59 5.04 5.04 4.94 4.65 4.82 4.93 5.02 4.64 4.53 4.50 4.30 4.33 4.35 4.40 4.47 4.53 4.69 4.96 5.23 5.41 5.86 5.48 4.88 4.68 4.55 4.50 4.48 4.51 4.62 4.62 4.68 5.02 5.00 5.11 5.00 5.76 5.74 5.93 6.32 5.87 6.32 6.38 6.82 6.61 6.74 6.85 7.05 6.98 7.11 7.30 7.45 7.58 8.06 8.30 8.43 9.00 9.16 8.90 8.93 -9999.00 -9999.00 -9999.00 -9999.00 -9999.00
4.73 4.76 5.56 5.26 4.97 5.05 5.20 5.04 4.91 5.11 5.33 5.32 5.14 5.27 5.06 5.20 5.18 5.24 5.07 4.90 4.68 4.62 4.61 4.69 4.77 4.81 4.97 5.11 5.72 5.69 5.87 6.61 5.26 5.21 5.08 4.90 4.89 4.88 4.89 4.88 5.01 4.96 5.23 5.29 5.62 5.41 5.75 5.73 6.51 6.22 6.73 7.17 6.62 7.01 7.74 7.22 7.31 7.41 7.52 7.80 7.70 7.87 8.00 8.19 8.56 9.01 9.24 9.39 9.01 -9999.00 -9999.00 -9999.00 -9999.00 -9999.00 -9999.00
5.00 5.02 5.22 5.06 5.61 5.28 5.43 5.42 5.40 5.45 5.55 5.53 5.46 5.56 5.47 5.47 5.66 5.47 5.45 5.02 5.03 5.04 4.97 5.08 5.19 5.31 5.37 5.48 6.02 6.28 6.41 5.90 6.87 5.48 5.49 5.38 5.25 5.24 5.29 5.24 5.22 5.31 5.36 5.73 5.66 6.16 5.89 6.67 6.12 8.03 6.71 6.96 7.90 7.37 8.09 7.73 7.76 7.79 8.08 8.10 8.12 8.20 8.38 8.59 8.86 9.23 9.14 9.11 9.11 -9999.00 -9999.00 -9999.00 -9999.00 -9999.00 -9999.00
5.22 5.24 5.38 5.49 5.77 5.95 5.84 5.66 5.75 5.90 5.80 5.98 5.83 5.76 5.96 5.91 5.67 5.76 5.59 5.42 5.35 5.36 5.40 5.45 5.53 5.64 5.76 5.82 6.38 6.56 6.51 6.28 6.82 6.02 5.84 5.81 5.73 5.61 5.67 5.79 5.55 5.71 5.70 5.97 5.91 6.44 6.27 6.48 7.05 6.90 8.28 7.81 8.31 8.35 8.40 8.10 8.12 8.05 8.17 8.40 8.50 8.44 8.62 8.90 9.19 9.32 9.26 9.21 -9999.00 -9999.00 -9999.00 -9999.00 -9999.00 -9999.00 -9999.00
5.48 5.48 5.70 5.67 6.19 6.26 6.28 6.12 6.09 6.26 6.19 6.48 6.12 6.25 6.17 6.08 6.02 5.88 5.82 5.76 5.74 5.76 5.75 5.76 5.85 6.05 6.15 6.22 6.58 6.57 6.52 7.41 6.50 6.52 6.24 6.25 6.19 6.09 6.14 6.28 6.03 6.07 6.41 6.17 6.47 6.54 7.91 6.87 7.35 7.41 8.61 7.74 8.13 8.83 8.76 8.66 8.62 8.65 8.56 8.64 8.86 8.90 9.02 9.26 9.34 9.45 9.20 9.23 -9999.00 -9999.00 -9999.00 -9999.00 -9999.00 -9999.00 -9999.00
5.69 5.77 5.93 6.10 6.24 6.72 6.65 6.69 6.55 6.42 6.61 6.67 6.75 6.59 6.69 6.36 6.15 6.24 6.11 6.09 6.02 6.03 5.95 6.08 6.15 6.42 6.47 6.52 6.74 6.87 6.59 7.55 6.85 6.82 6.65 6.75 6.83 6.68 6.68 6.87 6.64 6.59 7.35 6.98 6.75 7.04 7.23 7.86 7.99 8.07 8.44 8.07 8.35 8.38 8.75 9.07 9.01 9.01 9.07 9.04 9.19 9.22 9.77 9.12 9.21 9.22 9.26 -9999.00 -9999.00 -9999.00 -9999.00 -9999.00 -9999.00 -9999.00 -9999.00
6.04 6.15 6.21 6.40 6.94 7.20 7.20 6.89 6.91 6.86 6.91 6.76 6.77 6.91 6.68 6.83 6.73 6.47 6.39 6.41 6.36 6.30 6.29 6.39 6.48 6.64 6.66 6.85 6.88 7.17 7.09 7.11 7.71 7.28 7.15 7.40 7.38 7.26 7.32 7.57 7.28 7.21 7.56 8.03 7.53 7.46 7.69 8.01 8.81 7.99 8.08 8.18 -9999.00 8.45 8.69 8.82 9.30 9.24 8.93 8.94 9.01 9.08 9.17 9.23 -9999.00 -9999.00 -9999.00 -9999.00 -9999.00 -9999.00 -9999.00 -9999.00 -9999.00 -9999.00 -9999.00
6.40 6.53 6.58 6.72 6.79 7.02 7.85 7.14 7.14 7.16 6.92 6.98 6.89 7.01 7.00 7.19 7.11 6.95 6.62 6.72 6.73 6.79 6.72 6.69 6.73 6.83 7.04 7.07 7.13 7.27 7.45 7.62 8.44 7.75 7.92 8.04 7.93 7.80 8.10 8.19 7.85 7.79 8.50 8.99 8.07 8.10 8.37 8.63 8.10 8.19 -9999.00 -9999.00 -9999.00 -9999.00 -9999.00 8.87 8.98 9.02 9.06 -9999.00 -9999.00 -9999.00 -9999.00 -9999.00 -9999.00 -9999.00 -9999.00 -9999.00 -9999.00 -9999.00 -9999.00 -9999.00 -9999.00 -9999.00 -9999.00
6.74 6.92 6.98 7.27 7.29 7.37 7.48 7.64 7.50 7.50 7.63 7.15 7.29 7.39 7.29 7.35 7.35 7.37 7.05 7.02 6.92 7.07 7.14 7.05 7.04 7.10 7.25 7.38 7.60 7.69 7.78 7.95 8.57 8.14 8.68 8.62 8.53 8.52 8.65 8.91 8.38 8.35 9.14 8.89 8.61 8.60 8.16 8.18 8.20 -9999.00 -9999.00 -9999.00 -9999.00 -9999.00 -9999.00 -9999.00 -9999.00 -9999.00 -9999.00 -9999.00 -9999.00 -9999.00 -9999.00 -9999.00 -9999.00 -9999.00 -9999.00 -9999.00 -9999.00 -9999.00 -9999.00 -9999.00 -9999.00 -9999.00 -9999.00
7.18 7.25 7.39 7.58 7.71 7.76 7.75 7.96 8.09 7.47 7.36 7.62 7.49 7.51 7.53 7.52 7.53 7.70 7.39 7.23 7.27 7.37 7.35 7.31 7.42 7.33 7.57 7.74 7.86 7.92 8.03 8.31 8.45 9.09 9.07 9.14 9.09 9.21 9.56 9.36 9.18 8.63 8.53 8.52 8.54 8.47 8.34 -9999.00 -9999.00 -9999.00 -9999.00 -9999.00 -9999.00 -9999.00 -9999.00 -9999.00 -9999.00 -9999.00 -9999.00 -9999.00 -9999.00 -9999.00 -9999.00 -9999.00 -9999.00 -9999.00 -9999.00 -9999.00 -9999.00 -9999.00 -9999.00 -9999.00 -9999.00 -9999.00 -9999.00
7.77 7.64 7.82 7.87 8.23 8.14 8.23 8.13 8.27 7.87 7.86 7.75 7.84 7.85 7.81 7.75 7.85 7.93 7.65 7.51 7.68 7.59 7.63 7.70 7.70 7.63 7.83 8.01 8.14 8.15 8.19 8.43 8.68 9.01 9.30 9.25 9.65 9.69 9.11 8.96 8.90 8.81 -9999.00 -9999.00 -9999.00 8.48 -9999.00 -9999.00 -9999.00 -9999.00 -9999.00 -9999.00 -9999.00 -9999.00 -9999.00 -9999.00 -9999.00 -9999.00 -9999.00 -9999.00 -9999.00 -9999.00 -9999.00 -9999.00 -9999.00 -9999.00 -9999.00 -9999.00 -9999.00 -9999.00 -9999.00 -9999.00 -9999.00 -9999.00 -9999.00
8.06 8.21 8.27 8.38 8.48 8.59 8.60 8.55 8.08 8.27 8.25 8.24 8.08 8.02 7.99 8.02 8.23 8.18 7.84 8.08 7.90 7.84 7.87 7.96 8.02 8.03 8.11 8.23 8.24 8.40 8.50 8.66 8.89 9.22 9.47 9.66 9.76 9.40 9.32 -9999.00 -9999.00 -9999.00 -9999.00 -9999.00 -9999.00 -9999.00 -9999.00 -9999.00 -9999.00 -9999.00 -9999.00 -9999.00 -9999.00 -9999.00 -9999.00 -9999.00 -9999.00 -9999.00 -9999.00 -9999.00 -9999.00 -9999.00 -9999.00 -9999.00 -9999.00 -9999.00 -9999.00 -9999.00 -9999.00 -9999.00 -9999.00 -9999.00 -9999.00 -9999.00 -9999.00
8.58 8.68 8.78 8.69 9.12 8.99 8.99 8.65 9.19 8.81 8.55 8.67 8.54 8.23 8.14 8.30 8.36 8.56 8.42 8.31 8.18 8.05 8.14 8.21 8.21 8.32 8.39 8.52 8.64 8.68 8.68 8.89 9.11 9.39 9.67 9.80 9.52 9.47 -9999.00 -9999.00 -9999.00 -9999.00 -9999.00 -9999.00 -9999.00 -9999.00 -9999.00 -9999.00 -9999.00 -9999.00 -9999.00 -9999.00 -9999.00 -9999.00 -9999.00 -9999.00 -9999.00 -9999.00 -9999.00 -9999.00 -9999.00 -9999.00 -9999.00 -9999.00 -9999.00 -9999.00 -9999.00 -9999.00 -9999.00 -9999.00 -9999.00 -9999.00 -9999.00 -9999.00 -9999.00
9.01 9.13 9.20 9.14 9.36 9.36 9.19 9.68 9.21 9.20 9.13 8.93 8.69 8.60 8.31 8.08 8.50 8.89 8.67 8.60 8.48 8.32 8.43 8.48 8.57 8.57 8.62 8.69 8.85 9.00 9.26 9.11 9.28 9.52 9.62 9.54 9.57 -9999.00 -9999.00 -9999.00 -9999.00 -9999.00 -9999.00 -9999.00 -9999.00 -9999.00 -9999.00 -9999.00 -9999.00 -9999.00 -9999.00 -9999.00 -9999.00 -9999.00 -9999.00 -9999.00 -9999.00 -9999.00 -9999.00 -9999.00 -9999.00 -9999.00 -9999.00 -9999.00 -9999.00 -9999.00 -9999.00 -9999.00 -9999.00 -9999.00 -9999.00 -9999.00 -9999.00 -9999.00 -9999.00
9.51 9.38 9.53 9.65 9.71 9.52 9.43 9.65 9.55 9.33 9.70 9.06 8.79 8.70 8.35 8.47 8.80 9.22 8.79 8.76 8.70 8.88 8.57 8.73 8.83 8.90 8.90 8.98 9.24 9.39 9.49 9.26 9.31 9.38 9.47 9.54 -9999.00 -9999.00 -9999.00 -9999.00 -9999.00 -9999.00 -9999.00 -9999.00 -9999.00 -9999.00 -9999.00 -9999.00 -9999.00 -9999.00 -9999.00 -9999.00 -9999.00 -9999.00 -9999.00 -9999.00 -9999.00 -9999.00 -9999.00 -9999.00 -9999.00 -9999.00 -9999.00 -9999.00 -9999.00 -9999.00 -9999.00 -9999.00 -9999.00 -9999.00 -9999.00 -9999.00 -9999.00 -9999.00 -9999.00
9.24 9.29 9.40 9.47 10.05 9.89 9.82 9.92 9.92 9.99 10.18 9.14 8.91 8.92 8.95 9.27 9.23 9.54 9.01 9.01 9.06 9.18 8.92 8.97 9.10 9.20 9.18 9.26 9.45 9.65 9.71 9.40 -9999.00 -9999.00 -9999.00 -9999.00 -9999.00 -9999.00 -9999.00 -9999.00 -9999.00 -9999.00 -9999.00 -9999.00 -9999.00 -9999.00 -9999.00 -9999.00 -9999.00 -9999.00 -9999.00 -9999.00 -9999.00 -9999.00 -9999.00 -9999.00 -9999.00 -9999.00 -9999.00 -9999.00 -9999.00 -9999.00 -9999.00 -9999.00 -9999.00 -9999.00 -9999.00 -9999.00 -9999.00 -9999.00 -9999.00 -9999.00 -9999.00 -9999.00 -9999.00
-9999.00 -9999.00 -9999.00 9.59 9.64 9.70 9.78 9.84 10.34 10.31 10.30 10.34 9.36 9.58 9.77 9.75 9.65 9.12 9.07 9.03 9.00 9.01 9.97 9.36 9.27 9.39 9.53 9.54 9.67 9.80 9.49 9.49 -9999.00 -9999.00 -9999.00 -9999.00 -9999.00 -9999.00 -9999.00 -9999.00 -9999.00 -9999.00 -9999.00 -9999.00 -9999.00 -9999.00 -9999.00 -9999.00 -9999.00 -9999.00 -9999.00 -9999.00 -9999.00 -9999.00 -9999.00 -9999.00 -9999.00 -9999.00 -9999.00 -9999.00 -9999.00 -9999.00 -9999.00 -9999.00 -9999.00 -9999.00 -9999.00 -9999.00 -9999.00 -9999.00 -9999.00 -9999.00 -9999.00 -9999.00 -9999.00
-9999.00 -9999.00 -9999.00 -9999.00 -9999.00 -9999.00 -9999.00 9.99 10.09 10.39 10.36 10.26 10.50 10.51 10.14 9.54 9.42 9.30 -9999.00 -9999.00 -9999.00 9.15 9.28 9.40 9.65 9.60 9.76 9.60 9.60 9.55 9.58 -9999.00 -9999.00 -9999.00 -9999.00 -9999.00 -9999.00 -9999.00 -9999.00 -9999.00 -9999.00 -9999.00 -9999.00 -9999.00 -9999.00 -9999.00 -9999.00 -9999.00 -9999.00 -9999.00 -9999.00 -9999.00 -9999.00 -9999.00 -9999.00 -9999.00 -9999.00 -9999.00 -9999.00 -9999.00 -9999.00 -9999.00 -9999.00 -9999.00 -9999.00 -9999.00 -9999.00 -9999.00 -9999.00 -9999.00 -9999.00 -9999.00 -9999.00 -9999.00 -9999.00
-9999.00 -9999.00 -9999.00 -9999.00 -9999.00 -9999.00 -9999.00 -9999.00 10.16 10.22 10.22 10.20 10.13 10.01 9.86 9.72 -9999.00 -9999.00 -9999.00 -9999.00 -9999.00 -9999.00 -9999.00 9.53 10.01 10.26 10.10 9.70 -9999.00 -9999.00 -9999.00 -9999.00 -9999.00 -9999.00 -9999.00 -9999.00 -9999.00 -9999.00 -9999.00 -9999.00 -9999.00 -9999.00 -9999.00 -9999.00 -9999.00 -9999.00 -9999.00 -9999.00 -9999.00 -9999.00 -9999.00 -9999.00 -9999.00 -9999.00 -9999.00 -9999.00 -9999.00 -9999.00 -9999.00 -9999.00 -9999.00 -9999.00 -9999.00 -9999.00 -9999.00 -9999.00 -9999.00 -9999.00 -9999.00 -9999.00 -9999.00 -9999.00 -9999.00 -9999.00 -9999.00
-9999.00 -9999.00 -9999.00 -9999.00 -9999.00 -9999.00 -9999.00 -9999.00 -9999.00 -9999.00 10.25 -9999.00 -9999.00 -9999.00 9.98 -9999.00 -9999.00 -9999.00 -9999.00 -9999.00 -9999.00 -9999.00 -9999.00 9.61 9.72 9.74 9.79 9.77 -9999.00 -9999.00 -9999.00 -9999.00 -9999.00 -9999.00 -9999.00 -9999.00 -9999.00 -9999.00 -9999.00 -9999.00 -9999.00 -9999.00 -9999.00 -9999.00 -9999.00 -9999.00 -9999.00 -9999.00 -9999.00 -9999.00 -9999.00 -9999.00 -9999.00 -9999.00 -9999.00 -9999.00 -9999.00 -9999.00 -9999.00 -9999.00 -9999.00 -9999.00 -9999.00 -9999.00 -9999.00 -9999.00 -9999.00 -9999.00 -9999.00 -9999.00 -9999.00 -9999.00 -9999.00 -9999.00 -9999.00
-9999.00 -9999.00 -9999.00 -9999.00 -9999.00 -9999.00 -9999.00 -9999.00 -9999.00 -9999.00 -9999.00 -9999.00 -9999.00 -9999.00 -9999.00 -9999.00 -9999.00 -9999.00 -9999.00 -9999.00 -9999.00 -9999.00 -9999.00 -9999.00 9.85 -9999.00 -9999.00 -9999.00 -9999.00 -9999.00 -9999.00 -9999.00 -9999.00 -9999.00 -9999.00 -9999.00 -9999.00 -9999.00 -9999.00 -9999.00 -9999.00 -9999.00 -9999.00 -9999.00 -9999.00 -9999.00 -9999.00 -9999.00 -9999.00 -9999.00 -9999.00 -9999.00 -9999.00 -9999.00 -9999.00 -9999.00 -9999.00 -9999.00 -9999.00 -9999.00 -9999.00 -9999.00 -9999.00 -9999.00 -9999.00 -9999.00 -9999.00 -9999.00 -9999.00 -9999.00 -9999.00 -9999.00 -9999.00 -9999.00 -9999.00
