maui/input/gr0_in_month_ascii/gr0_in_nov__maui.asc
ncols        356
nrows        236
xllcorner    -156.702000000000
yllcorner    20.529750000000
cellsize     0.002250000000
NODATA_value  -99.00
[rows 99 to 131 of 236, columns 150 to 224 of 356]
5.56 5.49 5.43 5.34 5.32 5.38 5.07 5.12 4.77 4.84 4.80 4.55 4.68 4.53 4.65 4.44 4.57 4.52 4.42 4.39 4.39 4.25 4.25 4.23 4.21 4.11 4.14 4.11 4.09 4.00 4.00 3.97 3.92 3.89 3.80 3.75 3.70 3.68 3.65 3.67 3.62 3.51 3.47 3.43 3.36 3.32 3.23 3.25 3.22 3.20 3.15 3.11 3.11 3.11 3.10 3.10 3.09 3.09 3.09 3.08 3.06 3.05 3.08 3.13 3.15 3.17 3.17 3.19 3.22 3.34 3.32 3.37 3.41 3.41 3.46
5.54 5.46 5.42 5.34 5.34 5.21 5.15 4.85 4.75 4.68 4.69 4.56 4.60 4.47 4.58 4.58 4.47 4.49 4.49 4.39 4.33 4.34 4.18 4.18 4.11 4.06 3.96 4.03 3.98 3.87 3.91 3.89 3.81 3.82 3.84 3.73 3.65 3.62 3.59 3.60 3.56 3.58 3.43 3.37 3.37 3.28 3.27 3.20 3.21 3.14 3.09 3.08 3.05 3.04 3.05 3.04 3.04 3.03 3.04 3.03 3.00 3.01 3.03 3.03 3.07 3.09 3.09 3.11 3.12 3.27 3.26 3.25 3.28 3.37 3.36
5.49 5.61 5.38 5.30 5.33 4.99 5.10 4.83 4.96 4.67 4.59 4.52 4.45 4.42 4.45 4.45 4.38 4.45 4.30 4.35 4.38 4.19 4.15 4.15 4.05 4.01 3.96 3.92 3.94 3.89 3.78 3.85 3.70 3.79 3.70 3.63 3.63 3.59 3.61 3.56 3.49 3.38 3.47 3.32 3.29 3.24 3.23 3.17 3.12 3.10 3.08 3.04 3.01 2.99 2.99 3.01 3.02 3.01 2.98 2.96 2.96 2.98 3.00 3.01 3.03 2.99 3.04 3.05 3.13 3.12 3.15 3.21 3.23 3.29 3.29
5.43 5.34 5.37 5.34 5.35 5.13 5.10 4.97 4.92 4.82 4.57 4.52 4.44 4.49 4.47 4.48 4.39 4.32 4.31 4.33 4.16 4.23 4.09 4.04 4.00 3.95 3.90 3.83 3.79 3.85 3.79 3.74 3.67 3.72 3.66 3.62 3.56 3.61 3.53 3.53 3.48 3.50 3.38 3.39 3.26 3.22 3.21 3.15 3.10 3.08 3.07 3.01 2.96 2.96 3.01 3.01 2.98 2.96 2.96 2.93 2.91 2.94 2.94 2.96 3.02 2.98 3.00 3.03 3.03 3.07 3.09 3.14 3.15 3.17 3.21
5.36 5.32 5.38 5.34 5.25 5.23 4.91 4.92 4.79 4.80 4.55 4.58 4.47 4.48 4.37 4.39 4.40 4.21 4.27 4.15 4.13 4.15 4.14 3.99 3.95 3.88 3.82 3.83 3.75 3.80 3.77 3.69 3.66 3.67 3.58 3.61 3.54 3.56 3.49 3.44 3.46 3.47 3.38 3.33 3.26 3.22 3.18 3.13 3.08 3.08 3.04 3.03 2.96 2.95 2.98 2.97 2.94 2.92 2.91 2.90 2.88 2.89 2.89 2.93 2.94 2.94 3.02 2.95 3.01 3.03 3.05 3.08 3.13 3.11 3.14
5.34 5.36 5.19 5.14 5.03 5.02 4.96 5.02 4.75 4.94 4.55 4.61 4.56 4.44 4.40 4.20 4.30 4.19 4.19 4.11 4.08 4.03 3.97 4.02 3.94 3.88 3.80 3.74 3.72 3.73 3.72 3.68 3.55 3.58 3.49 3.53 3.41 3.43 3.43 3.43 3.40 3.34 3.32 3.28 3.22 3.16 3.16 3.11 3.08 3.04 3.04 3.01 2.97 2.95 2.93 2.89 2.91 2.87 2.86 2.85 2.85 2.86 2.88 2.90 2.89 2.91 2.93 2.88 2.92 2.95 2.98 3.00 3.01 3.04 3.08
5.32 5.29 5.15 5.17 5.17 4.99 4.89 4.77 4.80 4.76 4.57 4.68 4.58 4.44 4.40 4.28 4.21 4.17 4.12 4.09 4.05 4.00 3.91 3.87 3.95 3.78 3.80 3.71 3.78 3.64 3.67 3.60 3.58 3.49 3.45 3.46 3.40 3.36 3.39 3.38 3.32 3.27 3.29 3.22 3.17 3.14 3.11 3.11 3.08 3.04 3.01 2.98 2.96 2.92 2.90 2.88 2.86 2.83 2.82 2.81 2.82 2.85 2.82 2.84 2.84 2.85 2.86 2.87 2.87 2.94 2.94 2.99 2.96 2.93 3.08
5.28 5.18 5.11 5.07 5.02 4.97 4.93 4.89 4.79 4.70 4.51 4.65 4.40 4.35 4.22 4.30 4.13 4.15 4.12 4.03 3.99 3.96 3.86 3.82 3.81 3.86 3.72 3.73 3.73 3.69 3.51 3.45 3.47 3.45 3.38 3.42 3.40 3.34 3.35 3.33 3.33 3.26 3.23 3.18 3.14 3.14 3.10 3.09 3.05 3.01 2.98 2.95 2.91 2.89 2.87 2.83 2.83 2.81 2.80 2.79 2.81 2.79 2.79 2.78 2.78 2.81 2.81 2.82 2.85 2.85 2.89 2.90 2.91 2.99 2.97
5.28 5.16 5.11 5.02 4.95 4.86 4.83 4.77 4.71 4.56 4.66 4.52 4.47 4.48 4.31 4.38 4.17 4.14 3.99 4.05 4.03 3.86 3.83 3.80 3.81 3.73 3.79 3.65 3.62 3.55 3.56 3.55 3.47 3.41 3.40 3.28 3.37 3.35 3.37 3.28 3.26 3.23 3.21 3.18 3.16 3.13 3.06 3.07 2.98 2.99 2.96 2.92 2.87 2.85 2.84 2.82 2.82 2.79 2.78 2.74 2.77 2.75 2.75 2.74 2.74 2.78 2.79 2.77 2.83 2.82 2.83 2.84 2.86 2.87 2.91
5.15 5.13 5.07 4.96 4.94 4.81 4.82 4.80 4.62 4.49 4.49 4.41 4.31 4.32 4.28 4.12 4.22 4.04 4.08 3.97 3.90 3.89 3.82 3.78 3.70 3.73 3.66 3.76 3.55 3.51 3.47 3.25 3.45 3.39 3.37 3.32 3.33 3.34 3.32 3.32 3.24 3.19 3.19 3.21 3.13 3.08 3.07 3.00 3.02 2.99 2.95 2.90 2.86 2.84 2.82 2.81 2.79 2.77 2.76 2.76 2.73 2.72 2.72 2.72 2.72 2.72 2.74 2.75 2.76 2.78 2.80 2.84 2.86 2.85 2.88
5.17 5.01 4.91 4.91 4.83 4.73 4.78 4.64 4.58 4.54 4.47 4.47 4.38 4.28 4.30 4.15 4.09 4.01 3.87 3.90 3.78 3.88 3.78 3.72 3.77 3.74 3.67 3.60 3.64 3.61 3.60 3.33 3.28 3.37 3.24 3.29 3.33 3.27 3.29 3.28 3.16 3.15 3.12 3.15 3.11 3.07 3.05 3.05 3.01 2.97 2.93 2.88 2.86 2.85 2.83 2.81 2.79 2.77 2.75 2.74 2.71 2.70 2.70 2.70 2.71 2.70 2.72 2.74 2.74 2.76 2.79 2.82 2.81 2.82 2.86
5.05 4.98 4.94 4.87 4.78 4.61 4.61 4.55 4.47 4.40 4.34 4.31 4.31 4.28 4.16 4.15 4.12 4.05 3.97 3.82 3.88 3.84 3.79 3.70 3.63 3.61 3.64 3.58 3.59 3.47 3.40 3.52 3.38 3.29 3.34 3.25 3.28 3.22 3.22 3.18 3.15 3.14 3.13 3.11 3.12 3.06 3.07 2.95 2.96 2.96 2.92 2.89 2.87 2.84 2.82 2.79 2.77 2.76 2.74 2.73 2.71 2.70 2.70 2.70 2.69 2.69 2.71 2.72 2.72 2.75 2.75 2.76 2.78 2.82 2.85
5.11 5.06 4.87 4.80 4.73 4.71 4.58 4.52 4.47 4.49 4.25 4.28 4.24 4.29 4.08 4.02 4.00 3.91 3.99 3.77 3.82 3.80 3.77 3.62 3.59 3.57 3.61 3.51 3.48 3.44 3.37 3.30 3.36 3.27 3.29 3.24 3.27 3.19 3.17 3.16 3.12 3.05 3.07 3.08 3.06 3.04 3.08 3.00 2.96 2.96 2.91 2.88 2.86 2.84 2.81 2.78 2.76 2.75 2.69 2.72 2.70 2.69 2.68 2.69 2.69 2.68 2.70 2.69 2.71 2.71 2.72 2.74 2.76 2.80 2.91
5.12 4.90 4.81 4.76 4.67 4.58 4.53 4.48 4.45 4.31 4.29 4.27 4.17 4.11 4.09 4.12 3.83 3.98 3.96 3.93 3.72 3.68 3.67 3.61 3.55 3.55 3.50 3.53 3.44 3.39 3.41 3.29 3.24 3.33 3.22 3.21 3.18 3.23 3.21 3.17 3.10 3.11 3.07 3.01 3.02 3.03 3.02 2.98 2.95 2.91 2.88 2.89 2.86 2.83 2.80 2.77 2.76 2.75 2.73 2.72 2.70 2.67 2.68 2.69 2.69 2.69 2.69 2.69 2.71 2.70 2.71 2.73 2.75 2.83 3.10
4.89 5.01 4.96 4.66 4.61 4.54 4.52 4.45 4.33 4.32 4.33 4.27 4.14 4.07 4.00 3.98 3.81 3.91 3.75 3.75 3.74 3.69 3.66 3.57 3.52 3.50 3.47 3.44 3.40 3.34 3.30 3.26 3.21 3.27 3.13 3.21 3.15 3.16 3.16 3.15 3.10 3.03 3.05 2.94 2.95 3.00 2.92 2.95 2.93 2.92 2.92 2.88 2.86 2.83 2.80 2.78 2.78 2.76 2.73 2.71 2.69 2.68 2.69 2.69 2.68 2.70 2.70 2.68 2.68 2.68 2.69 2.70 2.72 2.92 3.10
4.90 4.79 4.80 4.65 4.68 4.47 4.47 4.39 4.23 4.28 4.19 4.13 4.10 4.12 3.93 3.90 3.83 3.82 4.07 3.71 3.75 3.68 3.63 3.55 3.49 3.51 3.44 3.40 3.36 3.32 3.29 3.24 3.20 3.22 3.13 3.24 3.17 3.14 3.12 3.14 3.03 2.99 3.08 2.95 2.93 2.97 2.96 2.98 2.93 2.96 2.91 2.88 2.85 2.83 2.81 2.80 2.78 2.76 2.74 2.72 2.70 2.69 2.68 2.68 2.68 2.68 2.69 2.70 2.66 2.65 2.67 2.69 2.76 2.96 2.82
4.86 4.80 4.72 4.64 4.57 4.50 4.37 4.37 4.29 4.29 4.20 4.14 3.97 3.88 3.89 3.96 3.76 3.79 3.73 3.68 3.61 3.73 3.61 3.50 3.50 3.57 3.42 3.40 3.35 3.31 3.26 3.32 3.20 3.15 3.11 3.17 3.15 3.18 3.10 3.03 3.03 3.01 2.93 3.01 2.95 2.96 2.96 3.00 2.97 2.94 2.91 2.88 2.87 2.85 2.83 2.81 2.79 2.77 2.75 2.73 2.72 2.69 2.66 2.66 2.67 2.67 2.68 2.68 2.66 2.65 2.65 2.68 2.75 2.95 2.71
4.79 4.69 4.60 4.64 4.57 4.36 4.37 4.26 4.23 4.25 4.05 4.09 4.02 3.99 3.89 3.78 3.82 3.76 3.70 3.68 3.65 3.60 3.51 3.55 3.54 3.48 3.47 3.33 3.38 3.35 3.24 3.20 3.01 3.05 2.95 3.14 3.06 3.04 3.05 3.06 2.97 3.08 2.98 3.04 2.95 2.95 2.95 3.00 2.98 2.93 2.91 2.90 2.89 2.87 2.85 2.82 2.80 2.79 2.76 2.75 2.74 2.70 2.68 2.68 2.68 2.68 2.69 2.67 2.65 2.64 2.65 2.63 2.74 2.82 2.72
4.74 4.66 4.64 4.58 4.47 4.40 4.27 4.32 4.13 4.15 4.08 4.05 3.92 3.86 3.90 3.81 3.75 3.66 3.76 3.70 3.59 3.53 3.52 3.43 3.41 3.37 3.40 3.37 3.28 3.32 3.21 3.25 2.99 3.04 3.07 3.11 3.15 3.00 3.00 3.11 3.02 2.93 2.96 3.03 2.97 2.89 2.89 2.95 2.97 2.92 2.93 2.92 2.91 2.89 2.87 2.85 2.82 2.80 2.79 2.77 2.74 2.72 2.71 2.71 2.71 2.72 2.70 2.68 2.66 2.66 2.67 2.72 2.65 2.66 2.84
4.71 4.61 4.59 4.46 4.40 4.39 4.28 4.32 4.02 4.18 4.09 4.04 4.00 3.88 3.72 3.77 3.67 3.64 3.52 3.55 3.56 3.51 3.46 3.43 3.37 3.33 3.30 3.42 3.32 3.20 3.19 3.16 3.12 2.94 3.04 3.15 3.08 2.99 2.97 2.97 3.03 2.94 2.91 2.90 2.91 2.96 2.95 2.95 2.93 2.97 2.90 2.93 2.92 2.90 2.89 2.87 2.85 2.84 2.82 2.79 2.77 2.75 2.75 2.75 2.73 2.73 2.71 2.69 2.68 2.68 2.68 2.65 2.70 2.78 2.76
4.80 4.65 4.48 4.43 4.39 4.29 4.22 4.16 4.09 4.17 4.11 3.93 3.89 3.80 3.83 3.73 3.73 3.57 3.62 3.48 3.55 3.47 3.43 3.41 3.37 3.33 3.29 3.25 3.21 3.18 3.16 3.13 3.11 3.07 3.18 3.02 3.00 3.02 2.97 2.95 2.95 2.94 2.99 2.92 2.90 2.91 2.95 2.88 2.89 2.99 2.98 2.97 2.91 2.93 2.92 2.90 2.89 2.86 2.84 2.82 2.80 2.80 2.79 2.78 2.76 2.74 2.71 2.70 2.69 2.68 2.68 2.68 2.68 2.65 2.81
4.80 4.66 4.55 4.43 4.38 4.29 4.21 4.23 4.12 4.03 4.03 4.05 3.85 3.83 3.79 3.76 3.63 3.65 3.48 3.46 3.47 3.46 3.40 3.37 3.35 3.30 3.27 3.24 3.19 3.23 3.13 3.20 3.09 3.06 3.03 3.01 2.99 2.98 2.96 2.95 3.01 2.96 2.99 3.01 2.90 2.91 2.97 2.88 2.94 2.93 2.92 2.94 2.99 2.93 2.95 2.94 2.92 2.89 2.87 2.85 2.84 2.83 2.81 2.80 2.78 2.75 2.70 2.71 2.70 2.63 2.68 2.68 2.69 2.70 2.61
4.79 4.69 4.54 4.44 4.34 4.28 4.21 4.26 4.20 4.13 4.02 3.91 3.85 3.81 3.76 3.72 3.65 3.64 3.60 3.47 3.47 3.45 3.40 3.36 3.32 3.27 3.23 3.20 3.16 3.13 3.19 3.09 3.16 3.13 3.04 3.01 2.98 2.96 3.03 2.94 2.93 2.92 2.92 2.91 2.96 2.91 2.89 2.90 2.89 2.89 2.93 2.96 3.00 2.96 2.93 2.96 2.95 2.93 2.92 2.88 2.86 2.86 2.84 2.83 2.81 2.78 2.76 2.74 2.71 2.70 2.69 2.69 2.68 2.64 2.74
4.70 4.65 4.61 4.55 4.34 4.39 4.28 4.19 4.18 4.11 4.07 3.91 3.87 3.78 3.79 3.71 3.67 3.59 3.71 3.47 3.62 3.31 3.37 3.34 3.31 3.22 3.13 3.18 3.14 3.11 3.09 3.08 3.06 3.03 3.02 3.00 2.98 2.96 2.94 2.95 2.93 2.92 2.92 2.91 2.91 2.95 2.96 2.95 2.90 2.72 2.95 2.92 2.93 2.99 2.97 2.99 2.98 2.96 2.96 2.93 2.90 2.88 2.87 2.86 2.82 2.77 2.78 2.76 2.73 2.72 2.71 2.70 2.70 2.72 2.71
4.73 4.67 4.61 4.55 4.49 4.43 4.39 4.22 4.13 3.96 4.02 3.86 3.88 3.84 3.79 3.72 3.61 3.63 3.50 3.52 3.64 3.36 3.30 3.31 3.35 3.22 3.36 3.15 3.21 3.11 3.16 3.06 3.05 3.02 3.08 3.07 2.97 2.96 2.94 3.01 3.03 2.92 2.91 2.73 2.74 2.74 2.92 2.74 2.75 2.74 2.76 3.01 2.97 2.95 3.01 3.00 3.00 3.00 3.01 2.98 2.95 2.92 2.90 2.88 2.86 2.84 2.81 2.79 2.76 2.74 2.74 2.72 2.73 2.73 2.67
4.70 4.65 4.47 4.55 4.39 4.41 4.25 4.27 4.23 4.06 3.98 3.94 3.88 3.81 3.76 3.77 3.52 3.35 3.37 3.28 3.46 3.35 3.28 3.28 3.22 3.29 3.11 3.24 3.15 3.08 3.14 3.11 3.03 3.01 2.99 2.98 2.96 2.95 2.84 2.76 2.98 2.92 2.98 2.92 2.75 2.75 2.75 2.75 2.78 2.78 2.79 2.99 3.01 2.99 3.05 3.05 3.06 3.02 3.01 3.03 3.01 2.98 2.95 2.93 2.90 2.87 2.85 2.82 2.79 2.75 2.67 2.67 2.74 2.73 2.71
4.61 4.54 4.50 4.46 4.48 4.41 4.32 4.17 4.22 4.14 3.98 3.92 3.85 3.67 3.57 3.56 3.50 3.41 3.26 3.21 3.36 3.39 3.30 3.12 3.21 3.07 3.08 3.08 3.09 3.08 3.05 3.10 3.01 3.00 2.98 3.02 3.02 2.94 2.76 2.80 2.79 2.74 2.75 2.76 2.76 2.76 2.94 2.77 2.81 2.81 2.80 2.82 3.05 3.09 3.09 3.11 3.08 3.06 3.06 3.04 3.05 3.03 3.02 2.96 2.94 2.92 2.90 2.86 2.75 2.72 2.73 2.77 2.76 2.74 2.72
4.57 4.60 4.48 4.43 4.46 4.28 4.28 4.22 3.99 4.13 3.99 3.83 3.63 3.56 3.64 3.55 3.43 3.39 3.35 3.29 3.25 3.20 3.15 3.08 3.06 3.19 2.93 2.96 2.88 2.87 3.04 3.04 2.99 2.98 3.04 2.81 2.96 3.00 2.93 2.76 2.80 2.80 2.75 2.76 2.76 2.76 2.77 2.97 2.80 2.81 2.86 2.84 2.87 3.12 3.14 3.13 3.11 3.11 3.11 3.10 3.08 3.05 3.06 3.02 2.98 2.96 2.94 2.91 2.78 2.78 2.76 2.73 2.77 2.74 2.76
4.61 4.58 4.52 4.38 4.41 4.26 4.18 4.20 4.15 3.76 3.80 3.74 3.69 3.69 3.59 3.45 3.39 3.38 3.39 3.35 3.33 3.28 3.22 3.10 3.01 3.08 2.93 3.10 3.08 3.04 2.91 2.85 2.82 2.82 2.88 2.97 2.94 2.93 2.93 2.75 2.84 2.76 2.76 2.76 2.76 2.77 2.79 2.81 3.01 2.85 2.84 2.86 2.91 3.21 3.16 3.17 3.17 3.15 3.15 3.14 3.11 3.10 3.07 3.08 3.05 3.03 2.99 2.97 2.94 2.81 2.78 2.69 2.79 2.76 2.79
4.49 4.36 4.29 4.34 4.28 4.10 4.00 4.02 3.98 3.82 3.86 3.69 3.68 3.55 3.54 3.51 3.40 3.47 3.34 3.40 3.27 3.29 3.02 3.08 3.05 3.02 3.16 3.04 2.99 3.00 2.98 2.93 2.83 2.89 2.87 2.78 2.77 2.76 2.92 2.75 2.76 2.78 2.82 2.77 2.78 2.84 2.81 2.82 3.01 3.12 2.88 3.03 3.00 3.22 3.18 3.20 3.22 3.19 3.18 3.18 3.15 3.15 3.12 3.15 3.12 3.08 3.05 3.03 3.02 2.98 2.89 2.80 2.81 2.83 2.82
4.54 4.40 4.35 4.14 4.11 3.95 4.05 3.99 3.91 3.77 3.66 3.65 3.57 3.52 3.39 3.37 3.35 3.27 3.25 3.17 3.40 3.10 3.06 3.16 2.95 3.14 3.12 3.09 2.88 3.00 2.81 2.88 2.82 2.91 2.81 2.77 2.76 2.76 2.76 2.77 2.77 2.76 2.77 2.79 2.86 2.81 2.83 2.88 3.04 3.08 3.14 3.17 3.15 3.23 3.18 3.24 3.24 3.24 3.25 3.25 3.23 3.20 3.20 3.20 3.18 3.20 3.06 2.94 2.97 2.93 2.91 2.89 2.86 2.84 2.86
4.44 4.24 4.26 4.20 4.03 3.97 4.03 3.93 3.79 3.74 3.63 3.65 3.50 3.49 3.37 3.36 3.30 3.43 3.38 3.15 3.20 3.12 3.05 3.09 2.97 2.94 3.10 3.07 3.04 3.01 2.81 2.90 2.90 2.82 2.78 2.76 2.83 2.77 2.76 2.85 2.80 2.81 2.78 2.87 2.95 2.89 2.85 2.86 3.12 3.13 3.15 3.18 3.23 3.24 3.23 3.26 3.20 3.23 3.30 3.30 3.28 3.24 3.23 3.21 3.28 3.12 2.93 2.98 3.02 2.98 2.93 2.93 2.91 2.90 2.91
4.38 4.21 4.15 4.08 4.00 3.93 3.85 3.83 3.87 3.81 3.68 3.72 3.55 3.61 3.31 3.36 3.30 3.39 3.29 3.17 3.12 3.25 3.18 3.22 3.14 3.13 3.08 2.88 2.94 3.01 2.88 2.83 2.86 2.85 2.77 2.85 2.78 2.77 2.77 2.78 2.83 2.77 2.84 2.86 2.83 2.89 2.85 2.93 3.13 3.15 3.17 3.20 3.24 3.28 3.21 3.29 3.35 3.32 3.34 3.31 3.31 3.28 3.26 3.28 3.10 2.82 2.93 2.99 3.05 3.01 2.99 2.96 2.97 2.85 2.97
