maui/input/gr0_in_month_ascii/gr0_in_jun__maui.asc
ncols        356
nrows        236
xllcorner    -156.702000000000
yllcorner    20.529750000000
cellsize     0.002250000000
NODATA_value  -99.00
[rows 165 to 197 of 236, columns 150 to 224 of 356]
3.19 3.03 2.97 2.93 2.90 2.90 2.90 2.91 2.93 2.96 3.09 3.24 3.47 3.57 3.74 3.75 3.84 3.97 3.94 3.98 4.10 4.20 4.38 4.48 4.42 4.57 4.53 4.67 5.10 5.32 5.68 5.50 5.25 5.38 5.36 5.28 5.05 4.98 4.95 5.14 5.29 5.26 5.25 5.39 5.38 5.38 5.31 5.23 5.31 5.01 5.02 5.32 5.23 5.19 5.07 4.80 4.77 4.70 4.69 4.69 4.58 4.60 4.53 4.40 4.54 4.38 4.45 4.42 4.13 4.29 4.24 4.17 3.84 3.69 3.66
3.10 3.06 2.95 2.92 2.90 2.91 2.89 2.90 2.93 3.02 3.12 3.46 3.53 3.62 3.73 3.78 3.90 4.02 4.13 4.10 4.16 4.17 4.28 4.33 4.40 4.73 4.89 5.22 5.31 5.40 5.11 5.05 5.17 5.18 5.18 5.15 4.93 5.09 4.84 5.10 5.12 5.16 5.25 5.23 5.12 5.13 5.11 5.09 5.14 5.01 5.02 5.03 4.77 4.73 4.67 4.49 4.63 4.44 4.38 4.21 4.33 4.31 4.27 4.24 4.12 4.09 4.07 4.04 3.99 3.97 3.82 3.67 3.74 3.57 3.67
3.04 2.95 2.97 3.16 3.11 2.92 2.91 2.92 2.95 3.07 3.15 3.36 3.65 3.53 3.80 3.88 3.95 4.04 4.04 4.16 4.20 4.15 4.27 4.44 4.66 4.96 5.16 5.27 5.09 5.06 4.74 4.85 5.08 5.05 5.04 5.00 5.01 5.00 5.01 4.96 4.96 5.00 5.01 4.98 4.97 4.92 4.90 4.97 4.92 4.88 4.85 4.72 4.56 4.53 4.42 4.37 4.33 4.22 4.15 4.15 4.15 4.15 4.12 4.04 3.96 3.94 3.91 3.91 3.84 3.77 3.71 3.62 3.60 3.49 3.53
2.95 2.93 3.15 2.97 2.95 2.92 3.12 2.95 3.02 3.11 3.34 3.38 3.45 3.68 3.86 3.94 4.00 4.09 4.18 4.42 4.28 4.40 4.66 4.78 5.02 5.15 4.83 4.85 4.73 4.45 4.49 5.02 5.11 5.13 4.89 4.85 4.86 4.89 4.89 4.84 4.82 4.85 4.82 4.81 4.79 4.75 4.68 4.74 4.48 4.47 4.45 4.37 4.30 4.26 4.19 4.18 4.14 4.09 4.02 4.11 3.94 3.95 4.00 3.87 3.83 3.80 3.78 3.89 3.77 3.62 3.54 3.44 3.46 3.53 3.45
2.91 2.89 2.89 2.89 2.93 2.96 3.00 3.02 3.06 3.17 3.38 3.44 3.52 3.66 3.91 4.01 4.16 3.97 4.36 4.24 4.40 4.50 4.69 4.82 4.99 4.95 4.70 4.64 4.73 4.67 4.91 4.86 4.97 4.71 4.80 4.65 4.63 4.61 4.75 4.69 4.67 4.62 4.66 4.61 4.56 4.57 4.57 4.54 4.28 4.24 4.21 4.18 4.15 4.06 4.01 3.96 3.93 3.95 3.92 3.90 3.86 3.83 3.78 3.83 3.84 3.86 3.61 3.69 3.61 3.48 3.46 3.56 3.33 3.32 3.17
2.88 2.87 2.86 2.85 2.87 2.96 3.03 3.07 3.13 3.37 3.56 3.62 3.72 3.84 3.93 4.02 4.01 4.10 4.07 4.30 4.47 4.61 4.73 4.67 4.68 4.62 4.61 4.49 4.52 4.55 4.70 4.73 4.53 4.55 4.57 4.52 4.49 4.45 4.48 4.56 4.80 4.52 4.52 4.30 4.25 4.45 4.43 4.36 4.11 4.19 4.12 3.98 3.95 4.00 3.98 3.93 3.88 3.87 3.88 3.84 3.71 3.56 3.63 3.66 3.66 3.61 3.56 3.16 3.49 3.38 3.30 3.28 3.38 3.21 2.87
2.88 2.87 2.87 3.04 2.95 2.95 3.03 3.18 3.12 3.34 3.56 3.67 3.90 4.00 3.96 3.95 3.94 4.07 4.14 4.26 4.26 4.28 4.47 4.54 4.59 4.39 4.37 4.35 4.38 4.40 4.24 4.56 4.55 4.38 4.42 4.43 4.39 4.38 4.40 4.47 4.49 4.26 4.33 4.18 4.14 4.26 4.22 4.02 3.97 4.11 4.12 4.05 3.98 3.90 3.91 3.69 3.77 3.76 3.73 3.77 3.51 3.58 3.45 3.55 3.55 3.48 3.45 3.38 3.30 3.31 3.29 3.12 3.23 3.53 3.04
2.89 2.88 2.88 2.92 3.00 2.97 3.02 3.26 3.29 3.42 3.49 3.70 3.92 4.01 3.87 3.81 4.00 3.72 4.06 4.15 4.37 4.35 4.36 4.24 4.27 4.24 4.23 4.21 4.21 4.07 4.11 4.11 4.42 4.26 4.28 4.28 4.27 4.25 4.24 4.30 4.11 4.08 4.33 4.04 3.97 4.02 3.94 3.96 3.94 3.86 4.00 3.89 3.87 3.84 3.79 3.72 3.74 3.63 3.54 3.70 3.50 3.52 3.38 3.35 3.33 3.40 3.50 3.40 3.29 3.27 3.26 3.12 3.25 3.57 3.37
2.86 2.87 2.88 2.90 2.93 3.01 3.01 3.06 3.19 3.23 3.46 3.68 3.77 3.75 3.73 3.84 3.88 3.74 3.81 3.90 4.10 4.26 4.11 4.08 4.10 4.11 4.09 4.06 4.06 3.89 3.95 3.99 4.14 4.08 4.13 4.14 4.15 4.15 4.14 4.18 4.01 3.90 3.88 3.96 4.03 3.84 3.87 3.70 3.85 3.81 3.85 3.70 3.63 3.60 3.69 3.48 3.64 3.36 3.42 3.60 3.47 3.33 3.43 3.38 3.46 3.24 3.31 3.48 3.32 3.28 3.35 3.23 3.19 3.49 4.09
2.85 2.86 2.87 2.93 2.95 2.98 3.03 3.09 3.22 3.42 3.49 3.65 3.76 3.53 3.54 3.77 3.81 3.84 3.83 3.89 4.09 4.12 3.99 3.98 3.97 3.94 3.95 3.97 3.95 3.98 3.80 3.80 4.01 4.01 4.02 3.84 3.84 4.07 3.79 3.74 3.83 3.72 3.88 4.00 3.83 3.74 3.74 3.49 3.49 3.59 3.66 3.47 3.58 3.44 3.48 3.48 3.50 3.39 3.37 3.35 3.37 3.25 3.24 3.35 3.45 3.46 3.31 3.38 3.34 3.36 3.58 3.94 3.66 3.47 3.72
2.87 2.90 2.91 2.92 2.96 3.01 3.10 3.16 3.41 3.27 3.49 3.55 3.38 3.42 3.63 3.67 3.87 3.88 3.73 3.79 3.81 3.98 4.03 3.94 3.88 3.72 3.87 3.89 3.93 3.75 3.58 3.84 3.87 3.73 3.76 3.74 3.69 3.66 3.65 3.71 3.73 3.58 3.60 3.58 3.48 3.69 3.63 3.50 3.33 3.32 3.49 3.41 3.34 3.45 3.34 3.24 3.22 3.22 3.23 3.20 3.24 3.41 3.19 3.22 3.44 3.40 3.28 3.41 3.40 3.58 3.63 3.89 3.84 3.72 3.80
2.88 2.89 2.96 2.97 3.02 3.03 3.08 3.26 3.34 3.41 3.50 3.33 3.36 3.40 3.60 3.77 3.77 3.75 3.67 3.68 3.69 3.71 3.89 3.65 3.63 3.61 3.60 3.59 3.62 3.48 3.47 3.60 3.61 3.60 3.61 3.59 3.55 3.52 3.49 3.72 3.66 3.43 3.42 3.46 3.34 3.46 3.60 3.57 3.37 3.33 3.22 3.38 3.25 3.21 3.22 3.16 3.30 3.21 3.21 3.17 3.41 3.24 3.19 3.23 3.29 3.52 3.96 3.47 3.66 3.68 3.86 3.83 4.22 3.95 4.11
2.88 2.89 2.97 3.16 3.31 3.41 3.06 3.20 3.48 3.37 3.22 3.28 3.27 3.48 3.63 3.66 3.70 3.67 3.54 3.41 3.44 3.60 3.59 3.51 3.52 3.51 3.50 3.47 3.48 3.34 3.35 3.35 3.47 3.45 3.44 3.42 3.41 3.64 3.48 3.56 3.60 3.39 3.44 3.45 3.24 3.27 3.25 3.40 3.19 3.16 3.15 3.19 3.21 3.15 3.28 3.25 3.26 3.31 3.19 3.20 3.33 3.34 3.37 3.40 3.42 3.38 3.49 3.88 3.79 3.86 4.14 4.09 4.49 4.41 4.42
3.17 3.17 2.96 2.92 3.09 3.12 3.17 3.44 3.17 3.13 3.14 3.20 3.20 3.40 3.54 3.57 3.58 3.63 3.65 3.39 3.48 3.48 3.46 3.37 3.38 3.38 3.38 3.35 3.31 3.31 3.35 3.23 3.35 3.30 3.27 3.37 3.28 3.39 3.43 3.32 3.49 3.15 3.18 3.17 3.28 3.24 3.09 3.26 3.15 3.14 3.12 3.14 3.39 3.12 3.27 3.27 3.14 3.15 3.17 3.20 3.40 3.42 3.65 3.32 3.37 3.49 3.61 3.75 4.53 4.42 4.13 4.61 4.74 4.91 4.71
2.94 2.93 2.87 3.10 3.03 3.30 3.10 3.39 3.15 3.22 3.24 3.38 3.40 3.52 3.52 3.46 3.50 3.53 3.61 3.53 3.48 3.40 3.35 3.27 3.28 3.28 3.28 3.28 3.21 3.20 3.23 3.26 3.24 3.19 3.15 3.15 3.17 3.18 3.18 3.14 3.34 3.10 3.11 3.08 3.13 3.21 3.06 3.19 3.24 3.11 3.22 3.07 3.23 3.11 3.15 3.22 3.18 3.18 3.19 3.24 3.33 3.51 3.68 3.43 3.49 3.58 3.74 3.90 4.08 5.18 4.49 4.55 4.49 4.85 4.92
2.90 2.95 2.92 3.14 2.91 3.04 3.08 3.07 3.11 3.22 3.24 3.37 3.35 3.38 3.38 3.46 3.47 3.44 3.53 3.44 3.28 3.27 3.29 3.21 3.19 3.16 3.15 3.16 3.18 3.16 3.12 3.14 3.13 3.13 3.14 3.12 3.08 3.08 3.09 3.11 3.12 3.11 3.08 3.04 3.04 3.20 3.09 3.07 3.06 3.04 2.99 3.02 3.13 3.24 3.15 3.18 3.23 3.28 3.30 3.33 3.41 3.50 3.77 3.64 3.70 3.73 3.85 4.04 4.26 4.88 4.81 4.87 5.19 5.05 5.15
3.00 2.90 3.21 3.14 2.90 3.05 3.07 3.03 3.15 3.21 3.24 3.42 3.31 3.29 3.36 3.40 3.39 3.39 3.34 3.38 3.14 3.18 3.20 3.14 3.11 3.07 3.06 3.08 3.11 3.17 3.06 3.04 3.04 3.07 3.11 3.08 3.03 3.04 3.04 3.06 3.09 3.10 3.06 3.03 3.01 3.03 3.08 3.07 3.08 3.06 3.00 3.04 3.13 3.18 3.24 3.27 3.28 3.36 3.48 3.46 3.55 3.59 3.75 4.04 3.97 4.05 4.10 4.24 4.58 4.48 6.03 5.09 5.27 5.30 5.43
2.92 3.22 3.23 2.98 2.88 3.08 3.10 3.29 3.09 3.35 3.39 3.19 3.30 3.26 3.27 3.38 3.32 3.29 3.26 3.32 3.07 3.09 3.05 3.04 3.03 3.01 3.01 3.02 3.03 3.03 3.01 2.99 2.98 3.00 3.02 3.01 3.00 3.00 3.00 3.01 3.04 3.07 3.07 3.05 3.02 3.07 3.07 3.08 3.11 3.15 3.08 3.09 3.17 3.22 3.28 3.36 3.46 3.44 3.57 3.65 3.84 3.96 3.94 4.34 4.27 4.23 4.37 4.48 4.67 4.93 5.29 5.82 5.70 5.58 5.65
3.21 2.89 2.98 2.97 2.87 3.06 3.22 3.10 3.08 3.26 3.32 3.35 3.34 3.24 3.34 3.20 3.07 3.21 3.20 3.24 2.97 3.01 2.97 2.97 2.98 2.98 2.97 2.96 2.97 2.97 2.96 2.94 2.99 2.94 2.96 2.97 2.98 3.00 2.99 2.98 3.02 3.07 3.12 3.11 3.08 3.10 3.19 3.14 3.27 3.23 3.18 3.21 3.23 3.31 3.40 3.49 3.50 3.55 3.69 3.83 3.95 4.09 4.21 4.35 4.45 4.69 4.81 4.80 4.93 5.23 5.43 7.05 5.94 5.74 6.22
2.91 2.98 2.97 2.96 2.95 3.05 3.20 3.30 3.28 3.24 3.23 3.21 3.15 3.33 3.24 2.98 3.01 3.23 3.26 3.14 2.95 2.92 2.92 2.94 2.96 2.96 2.96 2.94 2.94 2.94 2.94 2.94 2.94 2.94 2.93 2.95 2.98 3.02 3.04 3.00 3.03 3.12 3.19 3.21 3.17 3.19 3.23 3.27 3.32 3.38 3.38 3.38 3.38 3.44 3.56 3.62 3.70 3.71 3.84 4.03 4.21 4.29 4.51 4.68 4.96 4.96 5.35 5.25 5.29 5.46 5.88 6.08 6.32 6.08 6.33
2.88 2.87 2.96 2.96 2.96 3.04 3.15 3.18 3.06 3.09 3.27 2.98 3.03 3.01 2.99 3.05 3.13 3.11 2.95 2.96 2.94 2.91 2.91 2.93 2.96 2.99 2.97 2.96 2.95 2.94 2.93 2.91 2.91 2.95 3.01 3.01 3.00 3.04 3.10 3.08 3.09 3.17 3.26 3.35 3.31 3.31 3.36 3.45 3.50 3.62 3.53 3.54 3.57 3.63 3.71 3.83 4.15 4.07 4.03 4.26 4.48 4.51 4.78 4.96 5.18 5.25 5.57 5.79 5.70 5.86 6.11 6.35 7.42 6.51 6.66
2.92 2.88 2.96 2.97 2.98 3.06 3.14 3.15 3.21 3.29 3.25 3.06 3.02 3.00 2.87 2.97 2.96 2.96 2.92 2.92 2.94 2.94 2.95 2.98 2.98 2.99 3.00 3.01 3.01 2.98 2.96 2.92 2.93 3.01 3.09 3.13 3.07 3.11 3.14 3.18 3.20 3.28 3.34 3.41 3.44 3.49 3.54 3.71 3.61 3.71 3.74 3.75 3.78 3.82 3.91 4.13 4.02 4.27 4.26 4.44 4.70 4.91 5.03 5.93 5.44 5.66 5.84 6.03 6.32 6.29 6.60 6.76 7.62 7.20 7.14
2.98 2.93 2.99 3.00 2.99 3.08 3.18 3.18 3.20 3.32 3.09 3.11 3.06 3.04 3.04 3.02 3.01 3.00 2.97 2.97 2.99 3.01 3.03 3.06 3.07 3.09 3.08 3.08 3.07 3.04 3.02 2.99 3.01 3.10 3.17 3.21 3.19 3.20 3.24 3.29 3.40 3.45 3.53 3.58 3.65 3.72 3.82 3.95 3.88 4.00 3.94 3.93 4.02 4.06 4.08 4.15 4.35 4.36 4.80 4.70 4.88 5.19 5.35 5.66 6.22 6.12 6.19 6.43 6.98 6.96 7.08 7.31 7.34 8.31 7.65
3.07 3.02 3.07 3.03 3.04 3.10 3.29 3.31 3.30 3.34 3.27 3.15 3.12 3.11 3.11 3.11 3.08 3.07 3.07 3.08 3.11 3.11 3.13 3.21 3.20 3.16 3.15 3.14 3.13 3.11 3.10 3.13 3.17 3.25 3.27 3.31 3.33 3.36 3.40 3.44 3.48 3.57 3.73 3.84 3.87 3.92 4.11 4.05 4.11 4.15 4.16 4.22 4.23 4.32 4.32 4.45 4.65 4.68 5.02 5.65 5.25 5.45 5.82 5.94 6.26 6.42 6.64 6.89 7.09 7.41 7.61 7.86 7.85 8.52 7.81
3.17 3.18 3.18 3.14 3.08 3.17 3.20 3.25 3.35 3.33 3.31 3.19 3.22 3.20 3.22 3.22 3.19 3.20 3.21 3.25 3.25 3.26 3.26 3.31 3.29 3.27 3.24 3.23 3.22 3.22 3.24 3.28 3.33 3.36 3.41 3.47 3.49 3.52 3.56 3.63 3.68 3.76 3.88 3.99 4.06 4.16 4.43 4.38 4.45 4.59 4.45 4.44 4.55 4.61 4.65 4.79 4.92 5.07 5.15 5.38 6.41 5.87 5.96 6.26 6.65 7.10 6.96 7.22 7.46 8.07 7.97 8.22 8.35 8.83 8.60
3.35 3.25 3.28 3.25 3.30 3.30 3.35 3.52 3.45 3.45 3.33 3.31 3.34 3.34 3.35 3.33 3.32 3.33 3.38 3.42 3.41 3.41 3.41 3.42 3.43 3.42 3.38 3.39 3.38 3.41 3.42 3.47 3.49 3.51 3.53 3.62 3.71 3.76 3.75 3.76 3.85 3.97 4.02 4.18 4.26 4.36 4.67 4.85 4.83 4.91 4.84 4.77 4.89 5.07 5.00 5.19 5.30 5.45 5.50 5.78 6.98 6.74 6.48 6.68 7.07 7.35 7.52 7.63 7.91 8.22 8.49 8.55 8.78 8.88 9.06
3.62 3.47 3.46 3.41 3.47 3.55 3.56 3.53 3.55 3.57 3.62 3.43 3.44 3.46 3.42 3.46 3.48 3.49 3.53 3.56 3.56 3.57 3.61 3.64 3.55 3.55 3.51 3.55 3.56 3.58 3.55 3.59 3.62 3.71 3.72 3.78 3.87 3.95 3.97 4.03 4.09 4.20 4.24 4.36 4.48 4.63 4.83 4.91 5.05 5.08 5.22 5.16 5.28 5.33 5.45 5.60 5.62 5.84 5.89 6.18 6.48 7.48 6.93 7.23 7.46 7.83 8.05 8.16 8.48 8.73 8.94 9.10 9.26 9.27 9.75
3.70 3.65 3.61 3.65 3.66 3.72 3.67 3.66 3.68 3.72 3.76 3.70 3.59 3.58 3.58 3.60 3.65 3.70 3.68 3.68 3.71 3.77 3.89 3.82 3.75 3.72 3.74 3.74 3.73 3.77 3.74 3.76 3.84 3.90 3.96 4.07 4.11 4.17 4.17 4.28 4.35 4.46 4.52 4.60 4.75 4.89 5.08 5.29 5.32 5.31 5.39 5.48 5.67 5.68 5.81 5.93 6.00 6.18 6.28 6.57 6.85 7.16 7.45 7.52 7.95 8.32 8.56 8.65 8.98 9.30 9.31 9.43 9.84 9.88 9.36
3.93 3.80 3.75 3.82 3.90 3.85 3.81 3.84 3.84 3.84 3.89 3.80 3.76 3.74 3.78 3.82 3.86 3.93 3.97 3.92 4.05 4.11 4.04 3.95 3.89 3.84 3.86 3.91 3.95 3.92 3.96 4.01 4.03 4.10 4.17 4.27 4.35 4.37 4.43 4.51 4.61 4.75 4.77 4.91 4.99 5.15 5.32 5.56 5.71 5.79 5.78 5.85 6.00 6.11 6.19 6.34 6.40 6.58 6.80 7.17 7.38 7.60 8.85 8.08 8.51 8.86 9.07 9.25 9.57 9.84 9.84 9.39 9.45 9.48 9.53
4.18 4.03 3.98 3.96 4.02 3.96 3.93 3.88 4.01 4.02 4.05 4.08 4.01 3.99 4.04 4.10 4.11 4.16 4.25 4.30 4.27 4.35 4.18 4.09 3.97 3.93 3.96 3.99 4.09 4.11 4.16 4.23 4.29 4.32 4.40 4.51 4.58 4.64 4.68 4.83 4.96 4.96 5.06 5.18 5.27 5.39 5.55 5.75 5.91 6.29 6.18 6.36 6.34 6.56 6.65 6.76 6.86 7.00 7.41 7.62 7.93 8.26 8.47 8.68 8.99 9.16 9.42 9.08 9.24 9.32 9.46 9.54 -9999.00 -9999.00 -9999.00
4.33 4.21 4.18 4.22 4.18 4.14 4.04 4.15 4.17 4.23 4.22 4.25 4.34 4.31 4.35 4.35 4.48 4.52 4.61 4.48 4.40 4.31 4.16 4.07 3.95 3.98 3.81 4.07 4.15 4.28 4.39 4.46 4.52 4.55 4.69 4.83 4.87 4.94 4.98 5.07 5.15 5.34 5.33 5.51 5.62 5.80 5.84 6.02 6.32 6.52 6.65 6.61 6.80 7.14 7.14 7.12 7.38 7.55 7.76 8.23 8.49 8.74 8.94 9.17 9.65 8.99 9.15 9.25 -9999.00 -9999.00 -9999.00 -9999.00 -9999.00 -9999.00 -9999.00
4.63 4.55 4.45 4.41 4.36 4.29 4.32 4.24 4.35 4.35 4.44 4.47 4.48 4.62 4.62 4.60 4.53 4.74 4.77 4.66 4.55 4.35 4.37 3.99 4.15 4.11 4.22 4.36 4.47 4.46 4.51 4.88 4.82 4.82 4.89 5.09 5.17 5.22 5.22 5.36 5.42 5.57 5.69 5.70 5.96 5.98 6.16 6.39 6.67 6.96 7.14 7.18 7.37 7.43 7.75 7.77 7.86 8.18 8.41 8.75 8.93 9.14 8.89 8.98 9.04 9.13 -9999.00 -9999.00 -9999.00 -9999.00 -9999.00 -9999.00 -9999.00 -9999.00 -9999.00
4.99 4.84 4.63 4.57 4.55 4.49 4.42 4.51 4.59 4.57 4.68 4.75 4.79 4.96 4.81 4.81 4.72 4.91 4.91 4.80 4.76 4.68 4.83 4.64 4.54 4.51 4.57 4.62 4.65 4.76 4.79 4.91 5.05 5.28 5.33 5.39 5.44 5.56 5.59 5.59 5.73 5.88 6.06 6.14 6.36 6.35 6.62 6.94 7.17 7.39 7.78 7.70 7.74 7.86 8.21 8.36 8.36 8.71 8.88 9.16 9.41 9.72 9.09 -9999.00 -9999.00 -9999.00 -9999.00 -9999.00 -9999.00 -9999.00 -9999.00 -9999.00 -9999.00 -9999.00 -9999.00
