maui/input/gr0_in_month_ascii/gr0_in_oct__maui.asc
ncols        356
nrows        236
xllcorner    -156.702000000000
yllcorner    20.529750000000
cellsize     0.002250000000
NODATA_value  -99.00
[rows 99 to 131 of 236, columns 75 to 149 of 356]
5.03 4.87 5.09 5.47 5.79 6.25 6.65 7.00 7.33 7.31 7.63 7.78 7.89 7.99 8.10 8.19 8.25 8.30 8.36 8.45 8.51 8.46 8.48 8.84 8.84 8.87 8.89 8.90 9.03 8.87 8.86 8.80 8.76 8.75 8.74 8.70 8.68 8.62 8.68 8.50 8.47 8.44 8.39 8.35 8.30 8.37 8.23 8.20 8.19 8.15 8.09 8.05 8.03 7.93 8.31 7.78 7.71 7.69 7.77 7.66 7.62 7.34 7.45 7.42 7.32 7.25 7.24 7.31 7.17 6.97 6.84 6.78 6.71 6.62 6.55
4.32 4.70 5.25 5.74 6.03 6.42 6.73 7.07 7.46 7.57 7.69 7.84 7.94 8.06 8.15 8.22 8.28 8.34 8.52 8.49 8.55 8.52 8.53 8.91 8.90 8.91 8.93 8.92 9.03 8.93 8.86 8.82 8.78 8.76 8.74 8.70 8.74 8.65 8.57 8.53 8.49 8.50 8.37 8.32 8.31 8.20 8.18 8.16 8.12 8.11 8.08 8.04 8.00 7.92 7.84 7.86 7.68 7.64 7.63 7.57 7.53 7.47 7.43 7.40 7.32 7.26 7.33 7.20 7.05 6.97 6.88 6.78 6.66 6.81 6.51
4.09 4.40 4.79 5.14 5.78 6.41 6.84 7.10 7.20 7.83 7.84 7.94 8.01 8.13 8.22 8.27 8.31 8.39 8.61 8.61 8.56 8.70 8.92 8.98 8.94 8.96 8.99 9.09 8.99 9.05 8.60 8.88 8.82 8.79 8.73 8.70 8.69 8.75 8.56 8.50 8.45 8.41 8.36 8.32 8.30 8.24 8.20 8.15 8.17 8.08 8.07 8.01 7.95 7.88 7.82 7.73 7.69 7.60 7.54 7.48 7.41 7.40 7.51 7.36 7.18 7.12 7.11 7.11 7.00 7.10 6.84 6.67 6.61 6.50 6.45
4.04 4.54 4.92 5.51 6.12 6.61 6.81 7.36 7.69 7.75 7.92 8.06 8.13 8.19 8.27 8.32 8.37 8.46 8.50 8.57 8.60 9.02 9.14 9.03 8.97 9.01 9.02 9.02 9.04 8.94 8.89 8.84 8.80 8.78 8.46 8.71 8.68 8.65 8.57 8.51 8.45 8.41 8.34 8.29 8.27 8.22 8.19 8.12 8.05 8.22 7.99 7.95 7.92 7.87 7.81 7.74 7.68 7.31 7.46 7.36 7.31 7.28 7.31 7.27 7.14 7.05 7.01 7.00 6.94 6.96 6.74 6.75 6.61 6.42 6.32
4.39 4.58 4.89 5.33 5.82 6.54 6.92 7.22 7.85 7.81 7.97 8.12 8.23 8.27 8.33 8.38 8.42 8.61 8.33 8.62 9.03 9.07 9.22 9.18 9.04 9.15 9.05 9.07 9.01 8.98 8.90 8.86 8.83 8.78 8.76 8.69 8.69 8.61 8.59 8.45 8.41 8.38 8.36 8.29 8.26 8.19 8.16 8.09 8.06 8.16 7.99 7.84 7.84 7.78 7.76 7.68 7.62 7.51 7.38 7.30 7.24 7.22 7.23 7.20 7.11 6.97 6.93 6.86 6.82 6.66 6.57 6.53 6.62 6.41 6.23
4.52 5.35 5.21 5.68 6.12 6.61 6.89 7.38 7.86 7.92 8.02 8.15 8.26 8.35 8.39 8.52 8.51 8.65 8.58 9.01 9.09 9.21 9.24 9.29 9.16 9.10 9.09 9.09 9.06 9.00 8.93 8.88 8.82 8.78 8.75 8.67 8.61 8.59 8.52 8.48 8.46 8.42 8.32 8.29 8.27 8.18 8.15 8.11 8.09 8.01 7.99 7.94 7.85 7.88 7.91 7.69 7.64 7.52 7.41 7.31 7.20 7.15 7.05 7.08 7.11 6.89 6.80 6.73 6.69 6.63 6.50 6.43 6.37 6.30 6.25
4.74 5.41 5.46 5.42 5.96 6.63 6.97 7.39 7.85 8.07 8.13 8.24 8.34 8.40 8.49 8.54 8.57 8.62 8.68 9.07 9.11 9.09 9.18 9.15 9.10 9.12 9.12 9.23 9.06 9.12 8.95 8.89 8.84 8.79 8.85 8.64 8.66 8.56 8.46 8.46 8.48 8.39 8.35 8.33 8.33 8.27 8.13 8.21 8.08 8.11 7.91 7.86 7.81 7.77 7.72 7.65 7.63 7.30 7.37 7.25 7.08 7.07 7.05 6.97 7.07 6.81 6.77 6.70 6.63 6.98 6.44 6.40 6.30 6.28 6.20
4.42 4.78 5.30 5.97 6.20 6.32 6.65 7.24 7.83 8.05 8.17 8.30 8.40 8.48 8.59 8.67 8.64 8.70 9.14 9.17 9.22 9.22 9.27 9.15 9.18 9.15 9.16 9.14 9.09 9.05 8.94 8.90 8.81 8.83 8.85 9.36 8.68 8.48 8.49 8.44 8.51 8.39 8.32 8.27 8.23 8.17 8.13 8.09 8.04 8.00 7.90 7.82 7.78 7.71 7.67 7.59 7.53 7.46 7.47 7.33 7.11 7.03 6.93 6.91 6.97 6.81 6.65 6.57 6.58 6.50 6.42 6.34 6.29 6.20 6.02
4.55 4.77 5.07 5.26 5.75 6.28 6.60 7.32 8.03 8.14 8.24 8.40 8.49 8.57 8.58 9.05 8.72 8.79 9.20 9.35 9.29 9.26 9.34 9.21 9.18 9.21 9.23 9.16 9.13 9.11 8.94 8.94 8.83 8.79 8.73 8.74 9.19 8.64 8.22 8.55 8.44 8.32 8.25 8.23 8.19 8.15 8.10 8.05 8.00 8.02 7.94 7.94 7.72 7.66 7.73 7.52 7.50 7.44 7.37 7.25 7.34 7.13 6.91 6.79 6.81 6.74 6.60 6.53 6.48 6.39 6.29 6.51 6.32 6.16 6.07
4.82 5.00 5.26 5.42 6.04 6.56 7.16 7.58 7.90 8.17 8.41 8.39 8.22 8.43 8.68 8.72 8.78 8.85 9.27 9.30 9.32 9.30 9.27 9.26 9.25 9.25 9.22 9.24 9.20 8.73 8.63 9.07 9.05 8.54 8.74 8.77 8.68 8.65 8.04 8.44 8.11 8.31 8.27 8.22 8.18 8.17 8.13 8.04 7.98 7.95 7.89 7.78 7.72 7.66 7.57 7.51 7.47 7.33 7.28 7.25 7.14 7.05 6.99 6.84 6.68 6.66 6.58 6.52 6.49 6.41 6.33 6.24 6.14 6.01 5.85
5.48 5.77 6.05 6.41 6.69 6.93 7.22 7.62 7.99 8.24 8.50 8.49 8.61 8.68 8.77 8.81 8.86 9.30 9.33 9.37 9.36 9.35 9.36 9.47 9.30 9.30 9.26 9.27 9.24 9.24 8.82 9.02 8.96 8.88 8.80 8.70 8.67 8.63 8.55 8.50 8.53 8.37 8.33 8.19 7.93 8.11 8.07 8.11 7.99 7.90 7.80 7.83 8.27 7.64 7.55 7.47 7.39 7.11 7.34 7.18 7.11 7.01 6.91 6.82 6.68 6.56 6.57 6.48 6.41 6.33 6.26 6.22 6.02 6.12 6.42
4.70 5.04 5.08 5.49 5.86 6.55 6.75 7.25 8.09 8.28 8.49 8.70 8.83 8.75 8.94 8.92 9.31 9.36 9.43 9.37 9.35 9.40 9.43 9.35 9.36 9.35 9.30 9.29 9.36 9.25 9.13 9.16 8.97 8.48 8.67 8.75 8.71 8.64 8.56 8.53 8.51 8.40 8.34 8.28 8.20 8.14 8.09 8.05 7.99 7.99 7.82 7.73 8.19 7.65 7.54 7.45 7.33 7.24 7.19 7.14 7.05 6.96 6.84 6.78 6.62 6.55 6.51 6.63 6.37 6.29 5.88 6.17 6.15 5.90 5.97
5.15 5.12 5.43 5.80 6.09 6.68 7.27 7.95 8.32 8.47 8.57 8.75 8.77 8.86 8.94 9.44 9.40 9.42 9.47 9.48 9.40 9.45 9.43 9.47 9.43 9.40 9.36 9.31 9.30 9.34 9.26 9.08 8.99 8.92 8.93 8.75 8.75 8.73 8.59 8.56 8.53 8.46 8.36 8.29 8.26 8.20 8.14 8.07 7.97 8.46 8.20 7.76 7.66 7.37 7.49 7.39 7.47 7.34 7.60 7.10 7.02 7.30 6.79 6.72 6.76 6.55 6.46 6.39 6.31 6.28 6.15 6.06 6.09 6.13 5.57
4.95 5.22 5.39 5.76 6.54 7.18 7.46 7.95 8.34 8.46 8.68 8.87 8.87 9.00 9.39 9.40 9.44 9.48 9.52 9.53 9.45 9.49 9.47 9.44 9.42 9.53 9.43 9.31 9.33 9.28 9.20 9.17 9.07 8.98 8.90 8.88 8.76 8.71 8.66 8.65 8.56 8.46 8.41 8.34 8.28 8.15 8.08 8.03 7.89 7.84 7.77 7.67 7.60 7.56 7.49 7.41 7.29 7.40 7.28 6.90 7.16 6.93 6.93 6.83 6.72 6.51 6.46 6.39 6.30 6.19 6.13 6.03 6.11 5.93 5.87
5.09 5.39 5.70 5.88 6.34 6.88 7.63 8.16 8.44 8.65 8.79 8.91 8.97 9.03 9.47 9.46 9.49 9.49 9.54 9.53 9.52 9.49 9.49 9.48 9.45 9.47 9.44 9.46 9.36 9.32 9.22 9.16 9.09 9.01 8.93 8.86 8.80 8.73 8.78 8.68 8.59 8.42 8.36 8.28 8.27 8.12 8.04 8.01 7.93 7.82 7.61 7.56 7.64 7.48 7.41 7.37 7.24 7.18 7.24 7.06 6.96 7.05 6.77 6.58 6.52 6.45 6.35 6.30 6.28 6.16 6.05 5.93 5.89 5.94 5.78
5.24 5.47 5.81 6.17 6.62 6.95 7.42 8.05 8.56 8.72 8.89 8.72 9.04 9.49 9.52 9.48 9.55 9.58 9.57 9.56 9.44 9.56 9.42 9.49 9.47 9.37 9.40 9.38 9.40 9.33 9.22 9.28 9.10 9.02 8.95 8.90 8.83 8.80 8.69 8.52 8.62 8.53 8.43 8.30 8.19 8.05 7.98 7.92 7.87 7.72 7.47 7.43 7.84 7.39 7.30 7.24 7.19 7.19 7.03 7.12 6.90 6.79 6.73 6.66 6.62 6.32 6.31 6.35 6.28 6.14 6.00 5.95 5.70 5.63 5.54
5.39 5.82 5.94 6.22 6.58 7.18 7.75 8.35 8.66 8.80 8.98 8.79 9.49 9.55 9.59 9.56 9.66 9.06 9.08 9.55 9.61 9.68 9.58 9.47 9.55 9.55 9.51 9.40 9.37 9.28 9.28 9.18 9.15 9.02 8.99 8.91 8.81 8.81 8.72 8.60 8.59 8.49 8.40 8.25 8.18 8.03 7.97 7.89 7.69 7.54 7.45 7.33 7.27 7.27 7.21 7.13 7.08 7.15 6.98 6.89 6.84 6.64 6.62 6.55 6.41 6.36 6.28 6.09 6.09 5.97 5.90 5.92 5.79 5.56 5.64
5.72 5.80 6.19 6.50 6.74 7.26 7.82 8.34 8.73 8.90 9.04 9.13 9.55 9.63 9.55 9.71 9.87 9.67 9.70 9.51 9.49 9.48 9.79 9.65 9.53 9.68 9.47 9.47 9.37 9.37 9.30 9.21 9.16 9.14 9.01 8.95 8.88 8.83 8.69 8.58 8.51 8.52 8.28 8.20 8.14 8.08 7.92 7.88 7.76 7.51 7.39 7.26 7.20 7.15 7.12 7.09 7.04 6.99 6.89 6.93 6.74 6.58 6.70 6.48 6.50 6.31 6.17 6.11 5.98 5.88 5.84 5.68 5.68 5.61 5.40
5.95 6.25 6.25 6.67 7.21 7.42 7.88 8.39 8.81 9.02 9.08 9.65 9.20 9.14 9.54 9.55 9.53 9.56 9.39 9.97 9.82 9.62 9.82 9.88 9.94 9.66 9.46 9.33 9.36 9.31 9.30 9.23 9.13 9.09 8.98 8.89 8.95 8.80 8.68 8.60 8.46 8.37 8.28 8.17 8.18 7.96 7.97 7.91 7.70 7.46 7.37 7.26 7.19 7.14 7.05 7.01 7.01 6.91 6.84 6.87 6.78 6.49 6.36 6.41 6.32 6.14 6.19 5.94 6.00 5.86 5.78 5.67 5.53 5.53 5.40
6.28 6.52 6.71 6.76 7.22 7.62 8.00 8.57 8.87 9.21 9.31 9.24 9.34 9.44 9.50 -9999.00 -9999.00 9.64 9.65 9.62 9.65 9.69 9.70 9.69 9.82 9.22 9.72 9.31 9.28 9.37 9.45 9.34 9.20 9.08 9.00 8.95 8.84 8.77 8.69 8.60 8.46 8.36 8.27 8.09 8.03 7.96 7.99 7.84 7.67 7.64 7.59 7.45 7.44 7.13 7.05 6.97 6.95 6.99 6.78 6.64 6.62 6.45 6.48 6.24 6.17 6.19 6.10 6.01 5.94 5.87 5.75 5.60 5.50 5.45 5.33
6.60 6.75 6.96 7.34 7.35 7.95 8.30 8.69 9.17 9.31 9.18 9.26 -9999.00 -9999.00 -9999.00 -9999.00 -9999.00 -9999.00 -9999.00 -9999.00 -9999.00 -9999.00 9.76 9.72 9.71 9.79 9.76 9.52 9.37 9.34 9.37 9.26 8.90 9.12 9.04 8.92 8.83 8.79 8.69 8.62 8.46 8.40 8.30 8.31 8.18 8.02 7.98 7.82 7.75 7.72 7.52 7.40 7.29 7.33 7.05 6.99 7.02 6.80 6.69 6.75 6.44 6.40 6.51 6.27 6.12 6.27 5.97 6.00 6.00 5.80 5.63 5.63 5.56 5.50 5.37
6.70 7.10 7.39 7.59 7.88 7.99 8.49 9.09 8.84 9.06 9.16 -9999.00 -9999.00 -9999.00 -9999.00 -9999.00 -9999.00 -9999.00 -9999.00 -9999.00 -9999.00 -9999.00 -9999.00 -9999.00 9.69 9.64 9.53 9.73 9.48 9.34 9.29 9.12 9.08 9.21 9.07 8.91 8.84 8.81 8.68 8.54 8.49 8.35 8.22 8.11 8.02 7.92 7.88 7.77 7.70 7.61 7.51 7.34 7.31 7.03 7.03 7.03 7.00 6.78 6.70 6.55 6.54 6.43 6.35 6.21 6.09 5.99 5.95 5.90 5.81 5.72 5.59 5.51 5.56 5.60 5.53
7.21 7.04 7.73 7.92 8.14 8.21 8.55 9.00 8.90 -9999.00 -9999.00 -9999.00 -9999.00 -9999.00 -9999.00 -9999.00 -9999.00 -9999.00 -9999.00 -9999.00 -9999.00 -9999.00 -9999.00 -9999.00 -9999.00 -9999.00 9.56 9.44 8.98 9.41 9.50 9.23 9.09 8.95 9.07 8.86 8.84 8.74 8.67 8.54 8.48 8.30 8.16 8.04 7.93 7.83 7.82 7.74 7.66 7.46 7.42 7.34 7.26 7.18 6.98 6.93 6.90 6.79 6.71 6.54 6.52 6.43 6.27 6.14 6.11 6.11 5.94 5.85 5.76 5.78 5.68 5.71 5.52 5.56 5.42
7.42 7.70 7.85 8.21 8.43 8.75 8.85 8.73 8.87 -9999.00 -9999.00 -9999.00 -9999.00 -9999.00 -9999.00 -9999.00 -9999.00 -9999.00 -9999.00 -9999.00 -9999.00 -9999.00 -9999.00 -9999.00 -9999.00 -9999.00 -9999.00 9.39 9.37 8.77 9.42 9.04 9.13 8.91 9.05 8.80 8.87 8.65 8.65 8.59 8.36 8.29 8.18 8.04 7.86 7.80 7.76 7.70 7.60 7.51 7.45 7.44 7.28 7.21 6.99 7.00 6.79 6.70 6.62 6.49 6.49 6.50 6.26 6.07 6.05 5.95 6.07 5.99 5.75 5.65 5.62 5.53 5.55 5.34 5.36
8.01 8.23 8.38 8.78 8.85 9.02 8.80 8.77 -9999.00 -9999.00 -9999.00 -9999.00 -9999.00 -9999.00 -9999.00 -9999.00 -9999.00 -9999.00 -9999.00 -9999.00 -9999.00 -9999.00 -9999.00 -9999.00 -9999.00 -9999.00 -9999.00 -9999.00 9.32 9.23 9.09 8.92 8.65 9.34 9.05 8.85 8.84 8.78 8.47 8.35 8.45 8.23 8.13 8.04 7.77 7.70 7.67 7.59 7.53 7.46 7.34 7.29 7.21 7.12 7.01 6.88 7.39 6.71 6.55 6.55 6.35 6.36 6.30 6.13 6.02 5.97 5.88 5.82 5.70 5.62 5.64 5.40 5.39 5.44 5.37
8.37 8.71 8.69 8.72 9.38 8.88 8.91 -9999.00 -9999.00 -9999.00 -9999.00 -9999.00 -9999.00 -9999.00 -9999.00 -9999.00 -9999.00 -9999.00 -9999.00 -9999.00 -9999.00 -9999.00 -9999.00 -9999.00 -9999.00 -9999.00 -9999.00 -9999.00 -9999.00 -9999.00 8.97 8.81 8.99 8.27 8.79 8.02 7.85 7.78 7.70 8.50 8.28 8.23 8.07 7.92 7.91 7.77 7.66 7.60 7.50 7.42 7.30 7.36 7.17 7.24 7.09 6.99 6.91 6.70 6.57 6.55 6.49 6.36 6.23 6.31 5.95 5.89 5.75 5.79 5.64 5.57 5.64 5.44 5.51 5.41 5.35
8.78 8.98 9.13 9.44 9.58 9.01 -9999.00 -9999.00 -9999.00 -9999.00 -9999.00 -9999.00 -9999.00 -9999.00 -9999.00 -9999.00 -9999.00 -9999.00 -9999.00 -9999.00 -9999.00 -9999.00 -9999.00 -9999.00 -9999.00 -9999.00 -9999.00 -9999.00 -9999.00 -9999.00 -9999.00 8.70 8.34 8.25 8.47 7.99 7.85 7.77 7.67 8.03 8.32 8.39 8.18 7.95 7.81 7.77 7.76 7.65 7.47 7.51 7.35 7.47 7.31 7.01 6.80 6.90 6.70 6.70 6.61 6.65 6.43 6.42 6.43 6.31 6.11 5.99 6.06 5.74 5.84 5.55 5.69 5.52 5.30 5.43 5.34
9.27 8.87 8.99 9.03 9.07 9.11 -9999.00 -9999.00 -9999.00 -9999.00 -9999.00 -9999.00 -9999.00 -9999.00 -9999.00 -9999.00 -9999.00 -9999.00 -9999.00 -9999.00 -9999.00 -9999.00 -9999.00 -9999.00 -9999.00 -9999.00 -9999.00 -9999.00 -9999.00 -9999.00 -9999.00 8.57 8.31 8.21 8.11 8.01 7.87 7.77 7.68 8.05 8.50 8.25 8.29 8.09 7.95 7.97 7.88 7.71 7.65 7.43 7.35 7.20 7.10 6.90 6.92 6.75 6.63 6.56 6.50 6.49 6.39 6.28 6.19 6.07 5.94 5.97 5.77 5.75 5.59 5.71 5.60 5.47 5.49 5.32 5.06
8.92 9.02 -9999.00 -9999.00 -9999.00 -9999.00 -9999.00 -9999.00 -9999.00 -9999.00 -9999.00 -9999.00 -9999.00 -9999.00 -9999.00 -9999.00 -9999.00 -9999.00 -9999.00 -9999.00 -9999.00 -9999.00 -9999.00 -9999.00 -9999.00 -9999.00 -9999.00 -9999.00 -9999.00 -9999.00 -9999.00 8.46 8.93 8.21 8.14 7.95 7.87 7.77 8.23 8.00 8.27 8.12 8.06 8.14 7.90 7.73 7.74 7.80 7.64 7.51 7.30 7.21 7.14 6.97 6.90 6.85 6.66 6.61 6.64 6.43 6.35 6.24 6.06 5.96 6.08 5.86 5.75 5.59 5.81 5.68 5.50 5.41 5.32 5.08 5.20
-9999.00 -9999.00 -9999.00 -9999.00 -9999.00 -9999.00 -9999.00 -9999.00 -9999.00 -9999.00 -9999.00 -9999.00 -9999.00 -9999.00 -9999.00 -9999.00 -9999.00 -9999.00 -9999.00 -9999.00 -9999.00 -9999.00 -9999.00 -9999.00 -9999.00 -9999.00 -9999.00 -9999.00 -9999.00 -9999.00 -9999.00 8.49 8.37 8.88 8.16 7.97 8.41 8.60 8.48 8.30 8.21 8.13 8.06 7.94 7.88 7.94 7.77 7.69 7.63 7.48 7.43 7.18 7.01 6.96 6.84 6.73 6.79 6.55 6.63 6.48 6.46 6.34 6.26 6.09 5.91 5.78 5.58 5.78 5.66 5.59 5.41 5.32 5.25 5.24 5.08
-9999.00 -9999.00 -9999.00 -9999.00 -9999.00 -9999.00 -9999.00 -9999.00 -9999.00 -9999.00 -9999.00 -9999.00 -9999.00 -9999.00 -9999.00 -9999.00 -9999.00 -9999.00 -9999.00 -9999.00 -9999.00 -9999.00 -9999.00 -9999.00 -9999.00 -9999.00 -9999.00 -9999.00 -9999.00 -9999.00 -9999.00 -9999.00 8.50 8.25 8.15 8.02 8.48 8.78 8.63 8.67 8.53 8.16 8.31 8.14 7.98 7.77 7.72 7.49 7.55 7.31 7.41 7.27 7.17 6.95 6.86 6.82 6.75 6.84 6.66 6.55 6.22 6.30 6.09 6.09 5.87 5.98 5.70 5.51 5.46 5.48 5.41 5.21 5.08 4.97 5.04
-9999.00 -9999.00 -9999.00 -9999.00 -9999.00 -9999.00 -9999.00 -9999.00 -9999.00 -9999.00 -9999.00 -9999.00 -9999.00 -9999.00 -9999.00 -9999.00 -9999.00 -9999.00 -9999.00 -9999.00 -9999.00 -9999.00 -9999.00 -9999.00 -9999.00 -9999.00 -9999.00 -9999.00 -9999.00 -9999.00 -9999.00 -9999.00 8.53 8.55 8.15 8.06 7.93 8.86 8.62 8.61 8.43 8.28 8.08 8.15 7.97 7.77 7.76 7.56 7.55 7.33 7.36 7.28 7.17 7.06 6.88 6.80 6.75 6.58 6.67 6.35 6.22 6.25 6.02 6.09 5.76 5.70 5.68 5.60 5.51 5.24 5.19 5.27 5.01 5.16 5.09
-9999.00 -9999.00 -9999.00 -9999.00 -9999.00 -9999.00 -9999.00 -9999.00 -9999.00 -9999.00 -9999.00 -9999.00 -9999.00 -9999.00 -9999.00 -9999.00 -9999.00 -9999.00 -9999.00 -9999.00 -9999.00 -9999.00 -9999.00 -9999.00 -9999.00 -9999.00 -9999.00 -9999.00 -9999.00 -9999.00 -9999.00 -9999.00 8.55 8.86 9.45 8.10 8.50 8.81 8.78 8.40 8.40 8.41 8.41 8.10 8.09 7.78 7.60 7.52 7.40 7.24 7.39 7.03 7.15 6.93 6.95 6.78 6.77 6.79 6.67 6.38 6.27 6.23 6.02 5.95 5.75 5.96 5.57 5.60 5.44 5.36 5.38 5.32 5.12 4.93 5.10
