maui/input/gr0_in_month_ascii/gr0_in_aug__maui.asc
ncols        356
nrows        236
xllcorner    -156.702000000000
yllcorner    20.529750000000
cellsize     0.002250000000
NODATA_value  -99.00
[rows 66 to 98 of 236, columns 150 to 224 of 356]
9.35 9.28 9.35 9.27 9.31 9.17 9.10 9.01 9.13 8.78 8.80 8.49 8.51 8.31 8.32 8.85 8.28 8.29 8.17 8.22 8.19 7.87 8.22 8.48 7.83 7.73 8.11 7.59 7.75 7.72 8.11 8.34 7.74 7.84 7.56 7.55 7.57 7.75 7.49 7.37 7.46 7.47 7.42 8.33 7.85 7.93 7.86 7.78 8.18 7.76 8.07 8.33 7.77 8.27 7.98 8.27 8.34 8.46 8.68 8.46 8.74 8.80 8.99 9.05 8.72 9.11 8.92 8.96 -9999.00 -9999.00 -9999.00 -9999.00 -9999.00 -9999.00 -9999.00
9.29 9.23 9.13 9.18 9.23 9.12 9.03 8.98 8.79 8.68 8.52 8.44 8.32 8.22 8.14 8.84 8.13 8.17 8.18 8.11 8.04 8.22 7.88 7.98 8.10 7.70 7.93 7.93 7.80 7.70 7.94 7.63 7.55 7.75 7.57 7.50 7.42 7.49 7.36 7.31 7.23 7.50 7.61 7.76 7.79 7.46 7.57 7.71 7.61 7.63 8.07 7.82 8.07 8.25 7.83 7.99 8.24 8.24 8.18 8.44 8.59 8.74 8.81 8.48 8.81 8.92 8.64 8.87 -9999.00 -9999.00 -9999.00 -9999.00 -9999.00 -9999.00 -9999.00
9.21 9.11 9.07 9.12 8.98 9.01 8.90 8.83 8.76 8.56 8.41 8.48 8.14 8.10 8.02 8.41 8.29 8.06 7.73 7.73 7.73 7.79 7.71 7.63 7.75 7.97 7.56 7.61 7.67 7.41 7.84 7.87 7.52 7.39 7.48 7.41 7.50 7.18 7.30 7.31 7.17 7.31 7.41 7.78 7.52 7.43 7.39 7.53 7.40 7.69 7.61 7.72 7.83 8.11 7.87 7.98 8.02 8.23 8.21 8.27 8.31 8.44 8.50 8.66 8.72 8.73 8.61 8.78 -9999.00 -9999.00 -9999.00 -9999.00 -9999.00 -9999.00 -9999.00
9.13 8.89 8.98 8.95 8.84 8.89 8.78 8.69 8.61 8.42 8.31 8.28 8.11 8.02 7.95 8.07 8.05 7.89 7.87 7.72 7.61 7.62 7.60 7.48 7.42 7.71 7.45 7.42 7.71 7.27 7.58 7.33 7.74 7.43 7.45 7.43 7.41 7.18 7.12 6.88 6.96 7.14 7.79 7.36 7.41 7.32 7.38 7.36 7.42 7.51 7.40 7.66 7.72 8.02 8.01 7.77 7.94 7.92 8.19 7.95 8.17 8.22 8.30 8.66 8.79 8.54 8.77 8.66 8.65 8.64 -9999.00 -9999.00 -9999.00 -9999.00 -9999.00
9.06 8.84 8.93 8.83 8.70 8.69 8.65 8.59 8.59 8.35 8.14 8.05 8.02 7.91 7.90 7.75 8.69 7.72 7.67 7.53 7.49 7.47 7.81 7.52 7.33 7.72 7.45 7.42 7.62 7.24 7.54 7.14 7.28 7.50 7.34 7.19 7.28 7.12 7.10 6.76 7.03 7.18 7.16 7.32 7.41 7.22 7.40 7.04 7.27 7.37 7.27 7.28 7.56 7.84 7.89 7.60 7.95 7.96 7.81 7.78 8.01 8.22 8.44 8.37 8.58 8.65 9.21 8.36 8.61 8.56 8.57 8.56 -9999.00 -9999.00 -9999.00
9.27 8.96 8.83 8.78 8.66 8.52 8.57 8.37 8.25 8.46 8.00 7.81 7.88 7.63 7.64 7.66 7.74 7.47 7.42 7.30 7.26 7.30 7.59 7.43 7.26 7.74 7.22 7.23 7.52 7.24 7.39 6.98 7.00 7.21 7.14 7.18 7.23 7.13 7.02 6.91 7.14 7.43 7.21 7.11 7.16 7.06 7.21 6.93 7.07 7.19 7.11 7.45 7.27 7.54 7.68 7.45 7.55 7.61 7.84 7.68 7.62 8.10 8.22 8.02 7.85 8.53 8.16 8.46 8.78 8.58 8.62 8.51 8.49 -9999.00 -9999.00
9.03 8.93 8.73 8.58 8.57 8.56 8.37 8.20 8.10 8.07 7.89 7.75 7.73 7.70 7.50 7.47 7.40 8.13 7.21 7.08 6.95 7.06 7.40 7.24 7.19 7.26 7.53 7.23 7.29 7.20 7.34 7.07 6.97 6.98 7.11 7.04 7.04 6.99 6.83 6.84 6.91 7.13 7.31 6.80 6.95 7.01 6.95 6.93 7.06 7.10 6.95 7.15 7.19 7.24 7.33 7.37 7.40 7.28 7.34 7.50 7.46 7.72 8.05 7.59 7.88 7.96 8.17 8.52 8.27 8.71 8.72 8.09 8.51 8.54 -9999.00
8.97 8.85 8.73 8.52 8.47 8.33 8.25 8.25 8.01 7.87 8.18 7.68 7.58 7.49 7.36 7.31 7.32 7.58 7.58 7.05 6.80 6.89 7.23 7.24 7.22 7.17 7.17 7.04 7.02 7.23 6.99 6.76 6.78 7.13 7.08 6.77 6.98 6.91 6.75 6.61 6.81 6.95 7.04 6.86 6.87 6.81 6.97 6.66 6.84 6.94 6.90 6.83 6.99 7.07 7.32 7.15 7.21 7.25 7.12 7.36 7.41 7.37 7.72 7.48 7.71 7.82 8.08 7.83 8.37 8.19 8.45 8.23 8.71 8.56 8.72
8.89 8.79 8.51 8.45 8.46 8.14 8.16 8.09 7.93 7.80 7.72 7.98 7.76 7.38 7.38 7.22 7.17 7.48 8.37 7.32 6.81 6.76 7.25 6.95 7.15 7.04 7.16 6.88 6.85 6.97 6.80 6.94 6.71 7.03 6.89 6.63 6.76 6.69 6.58 6.56 6.98 6.49 6.91 6.65 6.78 6.43 6.62 6.70 6.63 6.74 6.89 6.64 6.68 6.73 7.00 6.98 6.80 6.92 7.03 7.14 6.98 7.41 7.27 7.53 7.31 7.53 7.65 7.63 8.31 8.20 8.01 8.06 8.45 8.79 9.39
8.78 8.70 8.50 8.32 8.22 8.16 8.24 7.91 7.78 7.61 7.44 7.54 7.52 7.36 7.22 7.29 7.12 7.10 7.99 7.20 7.10 7.00 7.05 6.99 7.04 6.77 6.75 7.08 6.67 6.66 6.70 6.70 6.53 6.94 6.82 6.53 6.56 6.64 6.50 6.47 6.86 6.54 6.79 6.57 6.55 6.33 6.47 6.76 6.55 6.80 6.53 6.52 6.36 6.56 6.66 6.72 6.65 6.61 6.75 6.80 6.86 7.00 7.23 7.22 7.39 7.39 7.46 7.57 7.76 7.90 7.84 8.09 8.19 8.73 8.87
8.71 8.59 8.63 8.65 8.20 8.10 8.01 7.89 7.62 7.52 7.36 7.36 7.37 7.25 7.26 7.10 7.06 7.01 7.45 7.10 6.95 7.00 6.83 6.78 6.75 6.69 6.64 6.91 6.77 6.59 6.68 6.66 6.64 6.56 6.68 6.51 6.45 6.31 6.35 6.52 6.83 6.28 6.62 6.33 6.33 6.32 6.36 6.54 6.53 6.51 6.41 6.32 6.52 6.25 6.53 6.40 6.39 6.54 6.57 6.54 6.82 6.83 7.07 7.02 7.16 7.19 7.27 7.54 7.53 7.49 7.52 7.73 7.97 8.65 9.31
8.60 8.68 8.41 8.31 8.53 8.09 7.89 7.72 7.71 7.63 7.73 7.42 7.31 7.15 7.06 7.00 6.92 6.94 7.49 6.95 6.96 6.79 6.74 6.91 6.69 6.66 6.67 6.71 6.80 6.53 6.60 6.46 6.52 6.35 6.67 6.59 6.30 6.18 6.27 6.45 6.46 6.30 6.36 6.56 6.22 6.09 6.26 6.28 6.15 6.25 6.19 6.12 6.24 6.18 6.12 6.10 6.19 6.28 6.41 6.39 6.46 6.63 6.71 6.86 6.92 7.08 7.46 7.27 7.36 7.37 7.46 7.76 8.02 7.91 9.22
8.54 8.45 8.30 8.17 8.05 8.19 7.85 7.74 7.61 7.58 7.53 7.38 7.34 7.06 6.96 6.90 6.81 6.82 7.64 6.77 6.70 6.65 6.70 6.84 6.84 6.55 6.46 6.56 6.52 6.50 6.39 6.30 6.23 6.42 6.46 6.55 6.16 6.19 6.26 6.22 6.47 6.16 6.38 6.41 6.28 5.98 5.92 6.18 6.06 6.14 5.91 5.93 6.07 6.07 5.94 6.12 5.94 6.09 6.18 6.30 6.35 6.59 6.43 6.59 6.74 7.11 7.03 7.08 7.22 7.15 7.14 7.60 7.61 8.00 7.88
8.33 8.30 8.23 8.05 7.97 7.97 8.02 7.73 7.59 7.45 7.33 7.19 7.15 7.07 6.88 6.81 6.70 6.99 6.93 6.64 6.54 6.53 6.51 6.55 6.67 6.41 6.55 6.62 6.62 6.39 6.32 6.33 6.11 6.30 6.51 6.25 6.10 6.06 6.07 6.03 6.34 6.06 6.18 6.04 6.14 5.68 5.72 5.96 5.76 5.88 5.82 5.82 5.83 5.79 5.90 5.87 5.69 5.73 5.96 6.15 6.19 6.41 6.35 6.41 6.53 6.62 6.66 6.90 6.91 7.04 7.58 7.34 7.46 7.67 7.99
8.25 8.17 8.05 7.93 7.85 7.84 7.67 7.58 7.51 7.51 7.49 7.17 7.06 7.13 6.97 6.73 6.66 7.34 6.90 6.78 6.51 6.42 6.35 6.39 6.41 6.65 6.29 6.47 6.43 6.31 6.22 6.19 6.03 5.93 6.12 6.09 6.17 5.95 5.96 5.93 6.19 6.08 5.89 5.75 5.83 5.60 5.69 5.65 5.64 5.69 5.61 5.64 5.74 5.64 5.61 5.72 5.75 5.61 5.79 5.94 6.04 5.99 6.18 6.05 6.58 6.33 6.42 6.52 6.76 6.81 6.90 7.07 7.01 7.70 7.41
8.10 8.04 7.98 7.90 7.79 7.70 7.52 7.58 7.42 7.29 7.31 7.43 7.04 6.99 6.82 6.74 6.67 6.55 7.11 6.68 6.51 6.40 6.32 6.35 6.42 6.26 6.45 6.51 6.21 6.07 6.10 6.01 5.95 5.85 5.94 5.88 5.90 5.70 5.81 5.80 6.18 5.63 5.86 5.64 5.99 5.57 5.53 5.50 5.47 5.57 5.50 5.44 5.54 5.45 5.50 5.63 5.44 5.42 5.58 5.75 5.90 5.95 5.99 5.99 6.15 6.14 6.16 6.36 6.61 6.64 6.68 6.80 6.80 6.87 7.12
8.06 8.02 7.92 7.82 7.68 7.68 7.65 7.34 7.27 7.23 7.09 7.23 7.02 6.90 6.91 6.71 6.68 6.59 6.58 6.66 6.35 6.36 6.21 6.12 6.23 6.10 6.34 6.20 6.12 6.04 6.09 6.00 5.81 5.75 5.85 5.88 5.88 5.77 5.66 5.64 5.95 5.82 5.69 5.49 5.65 5.78 5.34 5.43 5.30 5.47 5.31 5.27 5.45 5.36 5.33 5.49 5.42 5.25 5.47 5.58 5.80 5.76 5.83 5.90 5.92 6.03 6.23 6.22 6.26 6.40 6.43 6.46 6.63 6.68 6.94
7.96 7.90 7.81 7.69 7.58 7.49 7.39 7.34 7.21 7.13 7.05 6.78 7.25 7.08 6.73 6.61 6.58 6.47 6.48 6.50 6.73 6.26 6.33 6.07 6.05 6.09 6.29 6.21 6.05 6.07 5.82 5.94 5.88 5.71 5.81 5.77 5.78 5.50 5.56 5.58 5.80 5.81 5.43 5.39 5.27 5.44 5.27 5.24 5.14 5.29 5.14 5.18 5.11 5.13 5.17 5.13 5.21 5.09 5.29 5.36 5.63 5.49 5.66 5.54 5.67 5.88 5.99 6.04 6.05 6.08 6.19 6.21 6.34 6.41 6.68
8.24 7.97 7.72 7.61 7.54 7.41 7.28 7.26 7.15 7.01 7.12 6.64 6.58 6.78 6.74 6.54 6.50 6.62 6.37 6.52 6.29 6.50 6.33 6.09 6.13 6.05 6.19 6.07 6.07 5.86 5.88 5.80 5.79 5.63 5.55 5.79 5.60 5.55 5.57 5.52 5.59 5.61 5.41 5.21 5.39 5.29 5.34 5.02 5.01 5.02 4.96 5.06 4.97 4.92 4.93 4.89 4.86 4.88 5.14 5.03 5.34 5.39 5.53 5.66 5.55 5.57 5.69 5.70 5.54 5.81 6.08 5.99 6.15 6.35 6.29
7.93 7.85 7.62 7.80 7.43 7.34 7.22 7.12 7.08 6.97 6.71 7.18 6.83 6.98 6.63 6.67 6.53 6.42 6.35 6.31 6.17 6.11 6.54 6.28 6.09 6.04 6.17 5.91 6.09 5.80 5.74 5.73 5.70 5.57 5.39 5.65 5.51 5.51 5.48 5.36 5.50 5.32 5.37 5.17 5.09 5.19 5.14 4.89 4.93 4.88 4.79 4.91 4.91 4.76 4.79 4.66 4.76 4.77 4.87 5.04 5.18 5.35 5.32 5.30 5.41 5.52 5.43 5.44 5.49 5.52 5.91 5.84 6.00 6.14 6.19
7.78 7.91 7.63 7.50 7.41 7.43 7.19 7.09 6.98 6.87 6.82 6.83 6.74 6.68 6.74 6.51 6.49 6.43 6.34 6.21 6.26 6.24 6.02 6.05 6.30 6.05 6.02 5.74 5.93 5.77 5.64 5.60 5.68 5.60 5.29 5.58 5.43 5.29 5.38 5.39 5.24 5.27 5.30 5.13 4.96 5.16 5.24 4.86 4.96 4.78 4.60 4.67 4.69 4.68 4.74 4.67 4.69 4.70 4.89 4.87 5.05 5.10 5.27 5.18 5.20 5.33 5.26 5.19 5.32 5.46 5.56 5.66 5.78 5.84 5.98
7.72 7.64 7.76 7.45 7.30 7.21 7.32 7.09 6.98 6.84 6.70 6.66 6.67 6.60 6.49 6.70 6.41 6.35 6.28 6.21 6.09 6.04 6.12 5.95 6.11 6.06 6.03 5.88 5.86 5.68 5.49 5.33 5.59 5.49 5.50 5.33 5.17 5.25 5.26 5.26 5.14 5.03 5.07 5.27 4.89 4.81 5.03 4.76 4.74 4.72 4.54 4.57 4.59 4.60 4.61 4.59 4.55 4.61 4.82 4.92 4.93 4.98 4.87 5.01 5.06 5.11 5.13 5.10 5.13 5.13 5.38 5.54 5.58 5.76 5.96
7.89 7.63 7.50 7.33 7.27 7.18 7.25 7.17 6.90 6.82 6.68 6.57 6.54 6.54 6.66 6.48 6.45 6.28 6.25 6.28 6.07 6.03 5.94 6.14 5.90 6.01 5.78 5.89 5.64 5.66 5.61 5.40 5.45 5.27 5.26 5.12 5.25 5.16 4.99 5.14 5.04 4.92 4.99 5.18 4.76 4.75 4.64 4.93 4.58 4.56 4.47 4.38 4.49 4.44 4.44 4.43 4.46 4.50 4.50 4.72 4.78 4.84 4.93 4.87 4.96 4.98 4.94 4.97 5.02 5.14 5.21 5.39 5.35 5.53 5.55
7.65 7.56 7.42 7.31 7.22 7.16 7.10 7.18 6.91 6.97 6.69 6.53 6.46 6.41 6.29 6.24 6.28 6.37 6.15 6.08 6.14 5.97 5.85 5.59 5.64 5.82 5.78 5.68 5.88 5.58 5.43 5.55 5.27 5.18 5.17 5.05 4.99 5.22 5.02 5.02 4.94 4.83 4.88 4.75 4.69 4.55 4.60 4.88 4.48 4.30 4.31 4.33 4.40 4.38 4.33 4.20 4.33 4.38 4.41 4.57 4.80 4.56 4.77 4.70 4.77 4.94 4.84 4.81 4.87 4.92 5.02 5.12 5.21 5.31 5.43
7.75 7.70 7.38 7.30 7.23 7.15 7.05 7.06 6.80 6.80 7.06 6.52 6.43 6.36 6.26 6.20 6.17 6.41 5.85 5.75 5.74 5.62 5.60 5.61 5.83 5.88 5.65 5.62 5.81 5.47 5.31 5.19 5.35 5.23 5.25 5.01 4.93 4.98 4.82 4.88 4.85 4.73 4.67 4.62 4.86 4.48 4.56 4.58 4.42 4.27 4.22 4.10 4.12 4.25 4.20 4.22 4.23 4.13 4.32 4.40 4.54 4.59 4.63 4.59 4.73 4.58 4.84 4.68 4.73 4.78 4.93 4.78 5.05 5.13 5.12
7.58 7.49 7.40 7.30 7.22 7.10 6.99 6.83 6.74 6.64 6.56 6.61 6.41 6.23 6.17 6.16 6.08 5.81 5.86 6.03 5.94 5.59 5.59 5.53 5.52 5.64 5.54 5.62 5.61 5.66 5.34 5.21 5.24 5.18 4.98 5.13 4.81 4.80 4.89 4.88 4.66 4.67 4.58 4.44 4.48 4.50 4.43 4.35 4.31 4.30 4.17 4.09 4.12 4.20 4.11 4.16 4.15 4.11 4.20 4.53 4.44 4.44 4.42 4.59 4.54 4.55 4.60 4.57 4.61 4.53 4.75 4.63 4.89 4.99 5.12
7.57 7.47 7.33 6.89 7.11 7.06 6.96 6.79 6.63 6.70 6.48 6.74 6.59 6.20 6.11 6.07 6.06 6.01 6.02 5.73 5.91 5.65 5.58 5.47 5.46 5.84 5.45 5.45 5.42 5.70 5.48 4.91 4.85 5.06 5.08 4.86 4.97 4.69 4.67 4.75 4.71 4.58 4.49 4.47 4.48 4.51 4.33 4.43 4.44 4.15 4.10 4.02 4.01 4.09 4.04 4.04 4.06 4.06 4.12 4.27 4.31 4.27 4.18 4.42 4.39 4.34 4.42 4.44 4.50 4.61 4.61 4.78 4.73 4.73 5.00
7.50 7.39 7.30 7.16 7.09 6.78 7.09 6.78 6.58 6.45 6.38 6.54 6.46 6.30 5.90 5.74 5.70 5.75 5.92 5.65 5.86 5.56 5.43 5.42 5.30 5.66 5.69 5.38 5.38 5.30 5.71 5.22 5.48 5.34 4.89 4.81 4.74 4.64 4.64 4.59 4.47 4.62 4.34 4.38 4.36 4.47 4.31 4.40 4.23 4.22 4.09 3.93 3.94 3.95 3.92 3.91 3.95 3.97 3.88 4.02 4.19 4.15 4.19 4.27 4.26 4.37 4.31 4.33 4.42 4.44 4.63 4.52 4.46 4.77 4.82
7.41 7.28 7.20 7.07 6.98 6.89 6.77 6.77 6.72 6.44 6.34 6.24 6.43 5.86 6.28 5.83 5.78 5.96 5.55 5.55 5.51 5.49 5.43 5.33 5.51 5.47 5.42 5.13 5.41 5.18 5.14 5.47 5.36 5.09 5.29 5.16 4.99 4.72 4.55 4.46 4.53 4.47 4.51 4.32 4.36 4.32 4.08 4.31 4.11 4.04 4.07 3.85 3.88 3.84 3.81 3.81 3.83 3.87 4.02 3.91 3.86 4.04 4.07 4.22 4.16 4.17 4.18 4.23 4.31 4.19 4.31 4.26 4.56 4.60 4.73
7.43 7.24 7.13 7.01 7.01 6.78 6.67 6.31 6.53 6.60 6.42 6.16 5.85 6.23 5.83 5.71 5.66 5.58 5.53 5.51 5.43 5.44 5.38 5.62 5.58 5.43 5.33 5.49 5.28 5.25 5.09 5.27 5.29 5.03 4.99 5.12 4.91 5.03 4.89 4.62 4.56 4.44 4.32 4.32 4.24 4.29 4.07 4.14 4.16 3.93 3.95 3.82 3.78 3.78 3.74 3.72 3.66 3.85 3.94 3.78 3.76 3.75 3.95 4.11 4.01 3.90 3.93 4.07 4.14 4.22 4.18 4.33 4.35 4.27 4.85
7.33 7.17 7.09 6.97 6.86 6.51 6.39 6.13 6.39 6.40 5.99 6.29 6.02 6.04 5.82 5.69 5.66 5.54 5.49 5.53 5.53 5.43 5.61 5.43 5.05 5.05 5.28 5.46 5.41 5.12 5.07 5.05 5.16 5.16 4.87 4.89 4.86 4.84 4.84 4.58 4.53 4.45 4.29 4.12 4.11 4.17 4.14 3.91 3.92 3.88 3.91 3.78 3.75 3.71 3.66 3.66 3.72 3.72 3.75 3.65 3.64 3.61 3.68 3.85 3.83 3.98 3.95 4.01 4.04 3.96 4.14 4.09 4.25 4.57 4.47
7.23 7.12 7.05 6.99 7.05 6.35 6.20 6.07 6.03 6.44 6.32 6.16 5.70 5.68 5.92 5.91 5.53 5.60 5.45 5.74 5.30 5.66 5.22 5.09 5.01 5.33 5.24 5.23 5.14 5.24 5.01 5.11 5.12 4.98 4.96 4.72 4.81 4.63 4.77 4.77 4.39 4.23 4.16 4.06 4.03 4.10 4.07 3.92 3.77 3.89 3.72 3.72 3.64 3.62 3.62 3.62 3.66 3.60 3.56 3.55 3.54 3.50 3.52 3.71 3.77 3.79 3.81 3.80 3.89 3.91 3.97 3.95 4.12 4.28 4.32
7.23 7.08 6.99 6.93 6.85 6.53 6.66 6.53 5.92 5.82 5.78 5.79 5.72 5.63 5.64 5.80 5.78 5.52 5.83 5.64 5.55 5.21 5.45 5.43 5.30 4.98 5.25 5.37 5.17 5.19 5.29 4.92 4.84 4.91 4.75 4.74 4.73 4.70 4.61 4.64 4.30 4.26 4.25 4.12 4.08 3.98 3.96 4.00 3.77 3.77 3.74 3.64 3.57 3.56 3.56 3.57 3.64 3.49 3.50 3.45 3.43 3.40 3.44 3.59 3.66 3.68 3.73 3.80 3.79 3.87 4.05 4.08 4.09 4.17 4.11
