maui/input/gr0_in_month_ascii/gr0_in_feb__maui.asc
ncols        356
nrows        236
xllcorner    -156.702000000000
yllcorner    20.529750000000
cellsize     0.002250000000
NODATA_value  -99.00
[rows 99 to 131 of 236, columns 75 to 149 of 356]
4.28 4.12 4.28 4.50 4.72 5.03 5.31 5.55 5.99 5.78 6.24 6.35 6.44 6.51 6.59 6.66 6.70 6.74 6.79 6.84 6.89 6.85 6.86 6.87 6.87 6.89 6.91 6.92 6.99 6.91 6.90 6.86 6.84 6.83 6.82 6.78 6.77 6.72 6.75 6.64 6.62 6.61 6.57 6.54 6.52 6.55 6.47 6.45 6.44 6.41 6.38 6.35 6.34 6.27 6.52 6.17 6.12 6.11 6.15 6.09 6.06 5.88 5.94 5.92 5.85 5.80 5.79 5.82 5.71 5.59 5.50 5.45 5.41 5.35 5.30
3.72 4.10 4.50 4.83 5.05 5.32 5.54 5.58 5.84 5.93 6.29 6.39 6.47 6.56 6.62 6.68 6.72 6.77 6.88 6.88 6.91 6.88 6.90 6.91 6.92 6.93 6.94 6.94 6.99 6.94 6.90 6.87 6.85 6.83 6.81 6.78 6.80 6.74 6.69 6.66 6.64 6.65 6.56 6.53 6.52 6.45 6.44 6.43 6.40 6.40 6.37 6.35 6.32 6.26 6.21 6.21 6.11 6.08 6.07 6.03 6.01 5.96 5.93 5.90 5.84 5.80 5.82 5.75 5.65 5.59 5.53 5.46 5.37 5.49 5.28
3.65 3.86 4.05 4.30 4.87 5.14 5.43 5.60 5.67 6.35 6.39 6.47 6.51 6.61 6.67 6.71 6.74 6.80 6.95 6.95 6.92 7.00 6.91 6.96 6.94 6.97 6.99 7.04 6.99 7.02 6.74 6.92 6.88 6.85 6.81 6.79 6.78 6.80 6.68 6.64 6.61 6.59 6.55 6.53 6.52 6.48 6.46 6.43 6.43 6.38 6.37 6.33 6.29 6.24 6.21 6.15 6.12 6.06 6.02 5.98 5.92 5.92 5.97 5.88 5.74 5.70 5.69 5.69 5.62 5.68 5.52 5.39 5.35 5.28 5.26
3.61 4.00 4.16 4.53 4.94 5.28 5.41 6.00 6.00 6.32 6.44 6.55 6.60 6.64 6.70 6.74 6.78 6.85 6.89 6.93 6.96 6.98 7.05 6.99 6.97 7.00 7.01 7.01 7.02 6.95 6.93 6.89 6.86 6.85 6.65 6.80 6.77 6.74 6.69 6.66 6.62 6.59 6.55 6.52 6.51 6.47 6.45 6.41 6.36 6.47 6.32 6.30 6.28 6.24 6.20 6.16 6.11 5.89 5.97 5.90 5.86 5.83 5.85 5.82 5.72 5.66 5.62 5.62 5.59 5.59 5.46 5.47 5.37 5.23 5.16
3.76 3.90 4.13 4.42 4.74 5.23 5.48 5.68 6.11 6.36 6.47 6.58 6.66 6.70 6.74 6.78 6.81 6.94 6.76 6.97 7.00 7.02 7.11 7.08 7.01 7.08 7.03 7.05 7.00 6.98 6.93 6.90 6.89 6.85 6.84 6.79 6.78 6.74 6.72 6.63 6.61 6.58 6.57 6.52 6.50 6.46 6.44 6.39 6.37 6.42 6.32 6.23 6.24 6.19 6.18 6.12 6.08 6.01 5.91 5.85 5.82 5.80 5.80 5.77 5.70 5.60 5.57 5.53 5.51 5.40 5.34 5.32 5.36 5.23 5.11
3.85 4.43 4.34 4.66 4.94 5.26 5.44 5.78 6.11 6.43 6.51 6.61 6.68 6.76 6.78 6.86 6.88 6.96 6.94 6.98 7.04 7.11 7.13 7.16 7.09 7.06 7.06 7.06 7.05 7.00 6.95 6.92 6.89 6.86 6.84 6.79 6.75 6.73 6.68 6.66 6.64 6.61 6.54 6.52 6.51 6.45 6.43 6.40 6.39 6.34 6.32 6.30 6.24 6.27 6.27 6.13 6.09 6.01 5.93 5.86 5.78 5.74 5.67 5.69 5.71 5.55 5.49 5.45 5.43 5.39 5.30 5.25 5.21 5.17 5.13
4.02 4.46 4.50 4.48 4.85 5.30 5.50 5.79 6.10 6.55 6.59 6.67 6.75 6.79 6.86 6.89 6.92 6.95 7.01 7.02 7.06 7.05 7.09 7.08 7.07 7.08 7.08 7.14 7.04 7.07 6.97 6.93 6.90 6.87 6.90 6.78 6.80 6.74 6.67 6.65 6.65 6.60 6.57 6.55 6.53 6.49 6.41 6.45 6.38 6.39 6.28 6.25 6.22 6.20 6.16 6.11 6.09 5.89 5.90 5.81 5.70 5.69 5.68 5.62 5.67 5.50 5.47 5.42 5.38 5.63 5.26 5.23 5.17 5.14 5.10
3.92 4.07 4.40 4.84 5.00 5.08 5.30 5.70 6.10 6.54 6.62 6.72 6.79 6.85 6.93 6.98 6.97 7.01 7.06 7.08 7.12 7.13 7.17 7.09 7.12 7.10 7.11 7.10 7.07 7.04 6.97 6.95 6.89 6.89 6.91 7.25 6.82 6.68 6.70 6.65 6.68 6.60 6.55 6.51 6.48 6.44 6.41 6.38 6.35 6.33 6.27 6.22 6.20 6.16 6.13 6.07 6.03 5.98 5.97 5.88 5.73 5.67 5.59 5.58 5.60 5.50 5.39 5.34 5.34 5.29 5.25 5.19 5.16 5.11 4.98
4.01 4.18 4.41 4.55 4.90 5.07 5.50 5.76 6.51 6.61 6.68 6.79 6.86 6.92 6.93 7.27 7.03 7.08 7.10 7.19 7.18 7.16 7.21 7.14 7.13 7.14 7.16 7.12 7.10 7.08 6.98 6.99 6.91 6.90 6.86 6.86 7.15 6.79 6.53 6.72 6.65 6.56 6.51 6.49 6.45 6.42 6.38 6.34 6.32 6.33 6.29 6.29 6.16 6.12 6.16 6.03 6.01 5.97 5.92 5.84 5.88 5.75 5.59 5.51 5.51 5.46 5.36 5.31 5.28 5.22 5.15 5.29 5.17 5.08 5.03
4.10 4.23 4.39 4.66 5.10 5.25 5.65 5.93 6.14 6.63 6.81 6.82 6.72 6.83 7.00 7.04 7.08 7.13 7.16 7.18 7.20 7.20 7.19 7.18 7.18 7.17 7.16 7.17 7.15 7.11 7.05 7.07 7.06 6.75 6.88 6.89 6.83 6.81 6.65 6.64 6.45 6.54 6.52 6.48 6.45 6.43 6.40 6.34 6.30 6.28 6.25 6.19 6.16 6.11 6.06 6.02 5.99 5.90 5.86 5.84 5.76 5.70 5.66 5.55 5.43 5.42 5.36 5.31 5.28 5.24 5.18 5.12 5.06 4.98 4.88
4.51 4.74 4.93 5.14 5.33 5.49 5.68 5.96 6.50 6.69 6.87 6.90 6.96 7.00 7.07 7.11 7.15 7.19 7.22 7.25 7.24 7.24 7.25 7.32 7.21 7.21 7.19 7.19 7.18 7.18 6.94 7.06 7.02 6.97 6.92 6.85 6.83 6.79 6.73 6.70 6.70 6.59 6.54 6.46 6.30 6.39 6.36 6.38 6.30 6.25 6.19 6.21 6.50 6.10 6.04 5.99 5.94 5.78 5.89 5.80 5.74 5.68 5.61 5.54 5.44 5.36 5.36 5.29 5.24 5.18 5.14 5.10 4.98 5.04 5.27
4.15 4.40 4.43 4.74 4.98 5.26 5.63 5.72 6.59 6.72 6.87 7.02 7.12 7.07 7.19 7.20 7.20 7.24 7.29 7.26 7.25 7.28 7.29 7.25 7.25 7.24 7.21 7.21 7.26 7.20 7.13 7.14 7.02 6.96 6.84 6.89 6.86 6.79 6.73 6.71 6.69 6.61 6.56 6.52 6.46 6.41 6.38 6.35 6.31 6.30 6.20 6.14 6.45 6.10 6.03 5.97 5.89 5.84 5.81 5.77 5.71 5.65 5.57 5.52 5.40 5.35 5.32 5.38 5.22 5.16 5.05 5.09 5.06 4.92 4.96
4.48 4.47 4.69 4.76 5.15 5.34 5.74 6.20 6.76 6.85 6.94 7.05 7.09 7.15 7.21 7.28 7.27 7.29 7.33 7.33 7.29 7.32 7.30 7.35 7.30 7.28 7.25 7.23 7.22 7.27 7.23 7.10 7.04 6.99 7.01 6.88 6.88 6.86 6.75 6.72 6.70 6.65 6.58 6.53 6.50 6.46 6.42 6.36 6.30 6.62 6.47 6.17 6.10 5.94 5.99 5.93 5.97 5.89 6.09 5.74 5.69 5.90 5.54 5.49 5.49 5.36 5.28 5.24 5.18 5.17 5.08 5.03 5.04 5.08 4.88
4.35 4.54 4.66 4.74 5.26 5.68 5.87 6.21 6.78 6.87 7.03 7.15 7.16 7.26 7.25 7.27 7.30 7.34 7.36 7.37 7.32 7.34 7.34 7.31 7.29 7.35 7.29 7.22 7.24 7.21 7.17 7.16 7.10 7.03 6.97 6.97 6.88 6.84 6.80 6.79 6.73 6.65 6.62 6.57 6.52 6.43 6.38 6.34 6.26 6.22 6.18 6.11 6.06 6.04 6.00 5.94 5.86 5.92 5.84 5.62 5.76 5.63 5.62 5.55 5.47 5.34 5.30 5.24 5.18 5.12 5.08 5.02 5.07 4.85 4.82
4.47 4.68 4.89 5.01 5.13 5.49 5.99 6.35 6.86 7.00 7.11 7.19 7.24 7.29 7.31 7.32 7.34 7.35 7.38 7.38 7.37 7.35 7.35 7.34 7.31 7.32 7.30 7.30 7.26 7.24 7.18 7.14 7.11 7.05 7.00 6.94 6.90 6.85 6.87 6.80 6.74 6.64 6.59 6.54 6.52 6.41 6.36 6.34 6.29 6.22 6.08 6.04 6.08 5.99 5.94 5.91 5.82 5.78 5.81 5.70 5.64 5.69 5.52 5.40 5.36 5.31 5.24 5.20 5.18 5.11 5.03 4.96 4.95 4.97 4.77
4.58 4.74 4.98 5.23 5.55 5.54 5.86 6.29 6.96 7.07 7.18 7.08 7.30 7.33 7.35 7.33 7.39 7.41 7.41 7.39 7.32 7.39 7.31 7.34 7.32 7.26 7.28 7.27 7.28 7.25 7.18 7.21 7.11 7.05 7.01 6.97 6.92 6.90 6.83 6.72 6.78 6.72 6.65 6.55 6.48 6.38 6.33 6.28 6.25 6.16 5.99 5.96 6.25 5.93 5.86 5.83 5.80 5.79 5.68 5.72 5.60 5.53 5.50 5.44 5.43 5.22 5.23 5.25 5.20 5.11 5.02 5.00 4.70 4.65 4.60
4.68 4.99 5.07 5.27 5.53 5.70 6.09 6.50 7.04 7.14 7.26 7.14 7.33 7.37 7.40 7.39 7.45 7.36 7.37 7.39 7.42 7.46 7.40 7.34 7.38 7.37 7.35 7.29 7.27 7.22 7.22 7.16 7.13 7.05 7.03 6.97 6.91 6.91 6.85 6.77 6.76 6.70 6.64 6.55 6.49 6.38 6.33 6.28 6.14 6.04 5.98 5.91 5.86 5.86 5.81 5.75 5.72 5.75 5.65 5.59 5.56 5.44 5.44 5.40 5.31 5.27 5.22 5.08 5.08 5.00 4.96 4.84 4.79 4.63 4.67
4.78 4.98 5.25 5.47 5.65 6.02 6.42 6.81 7.09 7.21 7.30 7.38 7.37 7.42 7.38 7.48 7.57 7.45 7.47 7.36 7.35 7.34 7.56 7.43 7.37 7.49 7.33 7.34 7.28 7.27 7.23 7.18 7.14 7.12 7.04 7.00 6.95 6.92 6.83 6.76 6.73 6.73 6.58 6.53 6.48 6.40 6.31 6.28 6.20 6.03 5.95 5.87 5.83 5.78 5.76 5.73 5.70 5.66 5.60 5.61 5.50 5.40 5.48 5.36 5.36 5.25 5.14 5.10 4.89 4.83 4.81 4.70 4.72 4.68 4.51
4.94 5.14 5.30 5.60 5.98 6.14 6.47 6.84 7.14 7.30 7.34 7.44 7.45 7.41 7.42 7.43 7.44 7.46 7.59 7.66 7.57 7.41 7.54 7.57 7.64 7.44 7.32 7.25 7.27 7.24 7.23 7.19 7.12 7.10 7.01 6.96 6.98 6.89 6.83 6.78 6.69 6.63 6.57 6.50 6.52 6.35 6.34 6.17 6.03 5.87 5.81 5.74 5.69 5.65 5.59 5.55 5.54 5.48 5.44 5.44 5.39 5.22 5.15 5.20 5.14 5.01 5.06 4.88 4.93 4.82 4.77 4.70 4.61 4.62 4.54
5.16 5.32 5.45 5.67 5.99 6.28 6.56 6.98 7.20 7.43 7.24 7.37 7.38 7.41 7.43 -9999.00 -9999.00 7.49 7.49 7.47 7.48 7.48 7.48 7.45 7.53 7.16 7.47 7.23 7.22 7.28 7.32 7.24 7.16 7.09 7.03 6.99 6.92 6.88 6.84 6.78 6.70 6.63 6.57 6.45 6.26 6.21 6.21 6.11 6.02 5.99 5.96 5.87 5.86 5.65 5.59 5.53 5.51 5.53 5.40 5.32 5.30 5.22 5.24 5.08 5.04 5.07 5.01 4.95 4.90 4.85 4.77 4.66 4.60 4.57 4.50
5.55 5.48 5.62 5.87 6.09 6.52 6.77 7.06 7.41 7.53 7.35 7.39 -9999.00 -9999.00 -9999.00 -9999.00 -9999.00 -9999.00 -9999.00 -9999.00 -9999.00 -9999.00 7.51 7.48 7.47 7.51 7.49 7.35 7.26 7.26 7.27 7.20 6.99 7.11 7.05 6.97 6.91 6.89 6.83 6.80 6.70 6.66 6.44 6.44 6.35 6.26 6.24 6.12 6.07 6.05 5.91 5.84 5.78 5.79 5.61 5.56 5.55 5.43 5.36 5.41 5.22 5.20 5.27 5.12 5.00 5.12 4.91 4.95 4.91 4.78 4.68 4.71 4.66 4.61 4.50
5.44 5.91 5.90 6.04 6.23 6.55 6.91 7.35 7.15 7.29 7.34 -9999.00 -9999.00 -9999.00 -9999.00 -9999.00 -9999.00 -9999.00 -9999.00 -9999.00 -9999.00 -9999.00 -9999.00 -9999.00 7.46 7.42 7.36 7.47 7.33 7.24 7.21 7.12 7.09 7.18 7.08 6.97 6.93 6.91 6.83 6.75 6.72 6.48 6.39 6.31 6.26 6.20 6.17 6.09 6.05 5.99 5.91 5.80 5.79 5.60 5.61 5.60 5.55 5.43 5.38 5.30 5.30 5.24 5.19 5.08 4.99 4.93 4.90 4.87 4.81 4.75 4.67 4.61 4.64 4.68 4.63
5.78 5.87 6.13 6.26 6.41 6.71 6.95 7.28 7.20 -9999.00 -9999.00 -9999.00 -9999.00 -9999.00 -9999.00 -9999.00 -9999.00 -9999.00 -9999.00 -9999.00 -9999.00 -9999.00 -9999.00 -9999.00 -9999.00 -9999.00 7.38 7.33 7.03 7.34 7.39 7.19 7.10 7.01 7.09 6.96 6.92 6.87 6.83 6.60 6.56 6.45 6.35 6.27 6.20 6.14 6.13 6.08 6.02 5.92 5.87 5.80 5.75 5.70 5.56 5.52 5.50 5.43 5.39 5.29 5.29 5.24 5.11 5.03 5.03 4.99 4.89 4.84 4.78 4.81 4.75 4.76 4.64 4.66 4.57
5.93 6.11 6.21 6.46 6.61 6.82 7.17 7.03 7.17 -9999.00 -9999.00 -9999.00 -9999.00 -9999.00 -9999.00 -9999.00 -9999.00 -9999.00 -9999.00 -9999.00 -9999.00 -9999.00 -9999.00 -9999.00 -9999.00 -9999.00 -9999.00 7.31 7.30 7.16 7.30 7.07 7.12 6.99 7.08 6.92 6.80 6.66 6.66 6.62 6.49 6.44 6.37 6.27 6.15 6.11 6.09 6.06 5.99 5.93 5.90 5.88 5.77 5.72 5.58 5.58 5.44 5.37 5.34 5.27 5.28 5.28 5.14 4.98 4.99 4.89 4.94 4.89 4.76 4.71 4.71 4.65 4.66 4.53 4.53
6.33 6.48 6.57 6.85 6.89 7.01 6.99 7.03 -9999.00 -9999.00 -9999.00 -9999.00 -9999.00 -9999.00 -9999.00 -9999.00 -9999.00 -9999.00 -9999.00 -9999.00 -9999.00 -9999.00 -9999.00 -9999.00 -9999.00 -9999.00 -9999.00 -9999.00 7.28 7.22 7.15 7.00 7.07 7.30 6.91 6.80 6.78 6.75 6.56 6.49 6.54 6.41 6.34 6.28 6.10 6.06 6.03 5.99 5.95 5.90 5.83 5.79 5.74 5.68 5.60 5.51 5.80 5.39 5.30 5.32 5.18 5.20 5.14 5.01 4.93 4.89 4.84 4.80 4.73 4.68 4.70 4.55 4.57 4.59 4.54
6.57 6.81 6.79 6.80 7.25 6.97 7.03 -9999.00 -9999.00 -9999.00 -9999.00 -9999.00 -9999.00 -9999.00 -9999.00 -9999.00 -9999.00 -9999.00 -9999.00 -9999.00 -9999.00 -9999.00 -9999.00 -9999.00 -9999.00 -9999.00 -9999.00 -9999.00 -9999.00 -9999.00 7.09 7.00 7.11 6.68 6.76 6.51 6.41 6.36 6.32 6.59 6.46 6.43 6.31 6.22 6.22 6.11 6.04 6.00 5.94 5.89 5.81 5.84 5.72 5.75 5.65 5.59 5.53 5.41 5.32 5.32 5.26 5.20 5.09 5.11 4.90 4.86 4.77 4.80 4.70 4.66 4.69 4.60 4.64 4.57 4.53
6.85 6.99 7.10 7.30 7.39 7.05 -9999.00 -9999.00 -9999.00 -9999.00 -9999.00 -9999.00 -9999.00 -9999.00 -9999.00 -9999.00 -9999.00 -9999.00 -9999.00 -9999.00 -9999.00 -9999.00 -9999.00 -9999.00 -9999.00 -9999.00 -9999.00 -9999.00 -9999.00 -9999.00 -9999.00 6.93 6.71 6.66 6.79 6.49 6.40 6.36 6.30 6.32 6.48 6.49 6.39 6.26 6.17 6.13 6.11 6.05 5.93 5.94 5.83 5.91 5.82 5.65 5.49 5.53 5.42 5.44 5.38 5.39 5.25 5.23 5.22 5.16 5.01 4.93 4.97 4.79 4.84 4.65 4.71 4.62 4.48 4.58 4.53
7.18 6.91 7.00 7.03 7.07 7.10 -9999.00 -9999.00 -9999.00 -9999.00 -9999.00 -9999.00 -9999.00 -9999.00 -9999.00 -9999.00 -9999.00 -9999.00 -9999.00 -9999.00 -9999.00 -9999.00 -9999.00 -9999.00 -9999.00 -9999.00 -9999.00 -9999.00 -9999.00 -9999.00 -9999.00 6.85 6.69 6.63 6.57 6.51 6.42 6.36 6.30 6.34 6.55 6.41 6.43 6.31 6.22 6.22 6.17 6.06 6.03 5.90 5.84 5.75 5.68 5.55 5.58 5.45 5.37 5.32 5.30 5.29 5.23 5.12 5.06 4.98 4.90 4.93 4.79 4.77 4.67 4.73 4.66 4.58 4.62 4.48 4.34
6.95 7.02 -9999.00 -9999.00 -9999.00 -9999.00 -9999.00 -9999.00 -9999.00 -9999.00 -9999.00 -9999.00 -9999.00 -9999.00 -9999.00 -9999.00 -9999.00 -9999.00 -9999.00 -9999.00 -9999.00 -9999.00 -9999.00 -9999.00 -9999.00 -9999.00 -9999.00 -9999.00 -9999.00 -9999.00 -9999.00 6.79 7.07 6.64 6.60 6.47 6.43 6.36 6.44 6.31 6.44 6.35 6.31 6.34 6.20 6.11 6.10 6.13 6.03 5.94 5.82 5.76 5.70 5.59 5.54 5.50 5.39 5.38 5.39 5.26 5.21 5.13 4.99 4.92 5.01 4.87 4.79 4.68 4.82 4.70 4.60 4.54 4.49 4.34 4.44
-9999.00 -9999.00 -9999.00 -9999.00 -9999.00 -9999.00 -9999.00 -9999.00 -9999.00 -9999.00 -9999.00 -9999.00 -9999.00 -9999.00 -9999.00 -9999.00 -9999.00 -9999.00 -9999.00 -9999.00 -9999.00 -9999.00 -9999.00 -9999.00 -9999.00 -9999.00 -9999.00 -9999.00 -9999.00 -9999.00 -9999.00 6.80 6.74 7.05 6.62 6.49 6.75 6.66 6.59 6.47 6.42 6.36 6.31 6.24 6.20 6.22 6.12 6.07 6.03 5.93 5.89 5.75 5.65 5.61 5.52 5.44 5.46 5.33 5.38 5.29 5.28 5.20 5.14 5.02 4.92 4.83 4.67 4.80 4.70 4.65 4.55 4.47 4.44 4.45 4.33
-9999.00 -9999.00 -9999.00 -9999.00 -9999.00 -9999.00 -9999.00 -9999.00 -9999.00 -9999.00 -9999.00 -9999.00 -9999.00 -9999.00 -9999.00 -9999.00 -9999.00 -9999.00 -9999.00 -9999.00 -9999.00 -9999.00 -9999.00 -9999.00 -9999.00 -9999.00 -9999.00 -9999.00 -9999.00 -9999.00 -9999.00 -9999.00 6.79 6.67 6.61 6.53 6.60 6.74 6.66 6.68 6.60 6.39 6.47 6.38 6.27 6.14 6.10 5.97 6.00 5.86 5.91 5.81 5.77 5.61 5.54 5.51 5.45 5.49 5.38 5.31 5.11 5.17 5.03 5.02 4.89 4.93 4.74 4.62 4.58 4.59 4.53 4.41 4.34 4.27 4.30
-9999.00 -9999.00 -9999.00 -9999.00 -9999.00 -9999.00 -9999.00 -9999.00 -9999.00 -9999.00 -9999.00 -9999.00 -9999.00 -9999.00 -9999.00 -9999.00 -9999.00 -9999.00 -9999.00 -9999.00 -9999.00 -9999.00 -9999.00 -9999.00 -9999.00 -9999.00 -9999.00 -9999.00 -9999.00 -9999.00 -9999.00 -9999.00 6.80 6.85 6.62 6.57 6.50 6.80 6.66 6.67 6.55 6.46 6.35 6.38 6.28 6.15 6.14 6.01 5.99 5.87 5.88 5.84 5.76 5.68 5.56 5.51 5.47 5.36 5.39 5.20 5.12 5.11 5.00 5.03 4.80 4.74 4.72 4.67 4.61 4.45 4.42 4.45 4.29 4.41 4.35
-9999.00 -9999.00 -9999.00 -9999.00 -9999.00 -9999.00 -9999.00 -9999.00 -9999.00 -9999.00 -9999.00 -9999.00 -9999.00 -9999.00 -9999.00 -9999.00 -9999.00 -9999.00 -9999.00 -9999.00 -9999.00 -9999.00 -9999.00 -9999.00 -9999.00 -9999.00 -9999.00 -9999.00 -9999.00 -9999.00 -9999.00 -9999.00 6.81 6.81 7.15 6.60 6.64 6.79 6.78 6.55 6.55 6.54 6.53 6.36 6.34 6.17 6.06 6.01 5.93 5.83 5.93 5.69 5.75 5.65 5.64 5.50 5.47 5.46 5.38 5.20 5.14 5.13 4.97 4.92 4.80 4.93 4.66 4.66 4.57 4.52 4.55 4.51 4.36 4.24 4.37
