maui/input/gr0_in_month_ascii/gr0_in_mar__maui.asc
ncols        356
nrows        236
xllcorner    -156.702000000000
yllcorner    20.529750000000
cellsize     0.002250000000
NODATA_value  -99.00
[rows 132 to 164 of 236, columns 225 to 299 of 356]
3.11 3.09 3.09 3.02 3.06 3.03 3.00 2.97 2.96 2.95 2.94 2.92 2.92 2.91 2.89 2.92 2.93 2.92 2.90 2.91 2.91 2.93 2.92 2.90 2.88 2.86 2.86 2.87 2.87 2.84 2.82 2.81 2.79 2.79 2.77 2.75 2.78 2.72 2.70 2.67 2.73 2.75 2.73 2.71 2.70 2.69 2.69 2.70 2.72 2.73 2.75 2.76 2.77 2.77 2.82 2.84 2.87 2.89 2.82 2.96 2.94 3.13 3.07 3.20 3.22 3.30 3.41 3.57 3.70 3.77 3.82 4.10 4.29 4.44 4.60
3.16 3.15 3.12 3.00 3.10 3.09 3.07 3.03 3.02 2.98 2.96 2.95 2.95 2.94 2.93 2.93 2.93 2.93 2.94 2.93 2.93 2.92 2.91 2.90 2.89 2.88 2.86 2.85 2.86 2.85 2.82 2.81 2.79 2.77 2.76 2.74 2.77 2.76 2.65 2.70 2.68 2.71 2.72 2.70 2.67 2.66 2.65 2.65 2.68 2.70 2.69 2.69 2.69 2.70 2.71 2.75 2.78 2.79 2.84 2.87 2.95 3.00 3.05 3.09 3.20 3.33 3.39 3.53 3.67 3.74 3.82 4.10 4.21 4.47 4.57
3.17 3.16 3.19 3.13 3.15 3.14 3.11 3.10 3.07 3.03 3.01 2.99 2.98 2.99 2.98 2.95 2.93 2.94 2.97 2.97 2.96 2.93 2.91 2.91 2.91 2.91 2.87 2.84 2.85 2.85 2.85 2.84 2.80 2.76 2.74 2.72 2.72 2.70 2.69 2.69 2.67 2.72 2.69 2.69 2.67 2.65 2.62 2.62 2.63 2.65 2.66 2.65 2.63 2.63 2.66 2.68 2.71 2.69 2.74 2.80 2.87 2.91 2.95 3.03 3.06 3.13 3.29 3.45 3.56 3.60 3.76 3.89 4.01 4.17 4.37
3.22 3.22 3.11 3.24 3.22 3.19 3.18 3.17 3.14 3.10 3.07 3.06 3.05 3.05 3.03 3.00 2.99 2.97 2.97 2.98 2.97 2.95 2.94 2.94 2.92 2.90 2.88 2.87 2.89 2.89 2.86 2.84 2.82 2.78 2.77 2.74 2.71 2.70 2.70 2.69 2.69 2.73 2.73 2.73 2.73 2.66 2.64 2.62 2.62 2.62 2.61 2.61 2.59 2.60 2.63 2.65 2.65 2.66 2.70 2.71 2.77 2.77 2.82 2.92 2.98 3.08 3.24 3.30 3.44 3.46 3.72 3.75 3.84 4.07 4.25
3.25 3.22 3.17 3.40 3.32 3.28 3.26 3.24 3.21 3.21 3.18 3.14 3.13 3.09 3.09 3.11 3.12 3.04 2.99 2.98 2.99 3.00 3.01 2.97 2.94 2.91 2.91 2.94 2.97 2.93 2.87 2.85 2.83 2.81 2.81 2.78 2.72 2.70 2.72 2.70 2.71 2.74 2.73 2.73 2.74 2.72 2.71 2.69 2.65 2.64 2.63 2.60 2.60 2.60 2.60 2.61 2.63 2.64 2.64 2.68 2.73 2.78 2.75 2.89 3.02 2.96 3.15 3.24 3.30 3.38 3.46 3.56 3.63 3.79 4.01
3.29 3.27 3.15 3.05 3.37 3.37 3.35 3.35 3.28 3.27 3.24 3.23 3.22 3.16 3.17 3.17 3.18 3.14 3.09 3.06 3.04 3.06 3.06 3.02 3.00 2.98 2.98 3.01 3.00 2.97 2.94 2.89 2.88 2.87 2.88 2.83 2.78 2.75 2.75 2.74 2.76 2.79 2.77 2.74 2.70 2.72 2.72 2.70 2.65 2.61 2.62 2.61 2.61 2.62 2.62 2.61 2.60 2.62 2.65 2.67 2.69 2.71 2.78 2.76 2.88 2.98 3.11 3.21 3.10 3.26 3.35 3.44 3.49 3.65 3.84
3.33 3.21 3.11 3.22 3.47 3.40 3.46 3.37 3.35 3.35 3.35 3.30 3.31 3.28 3.26 3.25 3.23 3.22 3.21 3.17 3.14 3.14 3.12 3.11 3.11 3.09 3.07 3.07 3.05 3.04 3.01 2.96 2.95 2.93 2.90 2.86 2.83 2.81 2.78 2.79 2.81 2.78 2.78 2.72 2.71 2.70 2.69 2.67 2.62 2.62 2.61 2.60 2.59 2.59 2.59 2.60 2.61 2.60 2.64 2.67 2.65 2.63 2.68 2.69 2.86 2.93 3.06 2.97 2.95 3.16 3.27 3.34 3.44 3.55 3.69
3.40 3.18 3.31 3.13 3.68 3.49 3.40 3.47 3.47 3.46 3.43 3.42 3.41 3.42 3.38 3.33 3.31 3.30 3.31 3.29 3.26 3.23 3.21 3.20 3.19 3.20 3.15 3.13 3.12 3.10 3.08 3.05 3.03 2.97 2.97 2.93 2.91 2.87 2.83 2.83 2.80 2.78 2.77 2.77 2.73 2.71 2.68 2.64 2.65 2.64 2.61 2.59 2.58 2.59 2.59 2.60 2.61 2.61 2.62 2.64 2.65 2.65 2.66 2.70 2.80 2.83 2.81 2.90 2.96 3.04 3.16 3.24 3.31 3.49 3.59
3.37 3.32 3.28 2.99 3.34 3.72 3.61 3.60 3.61 3.55 3.48 3.48 3.52 3.51 3.49 3.45 3.43 3.41 3.42 3.40 3.38 3.35 3.33 3.31 3.32 3.31 3.27 3.22 3.20 3.17 3.15 3.12 3.10 3.02 3.00 2.98 2.97 2.93 2.88 2.86 2.81 2.79 2.80 2.80 2.79 2.73 2.68 2.67 2.66 2.65 2.61 2.56 2.57 2.57 2.59 2.61 2.63 2.62 2.64 2.63 2.64 2.68 2.68 2.68 2.69 2.74 2.81 2.88 2.93 3.00 3.10 3.14 3.22 3.31 3.47
3.31 3.43 3.43 3.19 3.09 3.34 3.81 3.74 3.77 3.72 3.70 3.61 3.61 3.54 3.53 3.50 3.49 3.52 3.51 3.49 3.49 3.47 3.45 3.44 3.41 3.41 3.39 3.34 3.30 3.28 3.24 3.21 3.13 3.09 3.08 3.01 3.00 2.95 2.93 2.91 2.84 2.80 2.84 2.81 2.78 2.74 2.69 2.67 2.63 2.63 2.59 2.56 2.57 2.57 2.57 2.57 2.59 2.60 2.59 2.62 2.66 2.67 2.68 2.69 2.68 2.72 2.74 2.71 2.87 2.95 3.04 3.13 3.15 3.24 3.24
3.36 3.48 3.48 3.24 3.13 3.44 3.81 3.94 3.92 3.86 3.85 3.79 3.72 3.69 3.66 3.63 3.62 3.56 3.54 3.54 3.53 3.51 3.48 3.50 3.53 3.49 3.46 3.44 3.42 3.39 3.32 3.27 3.18 3.18 3.16 3.12 3.07 2.99 2.96 2.95 2.88 2.85 2.83 2.79 2.75 2.75 2.72 2.67 2.63 2.60 2.58 2.56 2.56 2.53 2.48 2.50 2.51 2.54 2.55 2.57 2.67 2.67 2.67 2.68 2.64 2.61 2.67 2.68 2.84 2.91 2.99 3.04 3.04 3.00 3.10
3.42 3.35 3.37 3.47 3.41 3.59 3.73 4.11 4.06 4.00 3.96 3.94 3.86 3.82 3.79 3.77 3.73 3.69 3.69 3.64 3.61 3.59 3.60 3.58 3.57 3.56 3.49 3.51 3.50 3.41 3.42 3.34 3.28 3.23 3.21 3.10 3.14 3.02 3.00 2.97 2.95 2.87 2.86 2.80 2.78 2.75 2.71 2.66 2.65 2.61 2.59 2.55 2.54 2.50 2.53 2.46 2.46 2.54 2.62 2.64 2.66 2.66 2.66 2.66 2.54 2.56 2.60 2.78 2.78 2.78 2.99 3.06 3.10 3.09 3.02
3.47 3.59 3.36 3.60 3.71 3.91 3.96 4.21 4.16 4.12 4.07 4.04 3.98 3.95 3.91 3.87 3.88 3.81 3.80 3.76 3.69 3.65 3.70 3.62 3.55 3.56 3.56 3.57 3.46 3.47 3.50 3.40 3.33 3.27 3.23 3.20 3.16 3.12 2.98 3.00 2.90 2.92 2.86 2.83 2.80 2.75 2.71 2.70 2.65 2.62 2.59 2.58 2.56 2.56 2.56 2.62 2.55 2.51 2.59 2.59 2.61 2.64 2.65 2.66 2.66 2.68 2.62 2.69 2.70 2.77 2.89 2.88 3.05 3.12 3.16
3.53 3.53 3.52 3.45 3.79 4.12 4.18 4.13 3.77 3.65 3.93 3.91 3.90 3.76 3.85 3.94 3.97 3.96 3.89 3.87 3.78 3.78 3.76 3.64 3.62 3.59 3.57 3.56 3.48 3.45 3.49 3.38 3.28 3.27 3.20 3.19 3.16 3.10 3.00 3.01 2.94 2.84 2.85 2.82 2.79 2.76 2.68 2.70 2.65 2.62 2.60 2.59 2.52 2.69 2.71 2.71 2.63 2.57 2.54 2.56 2.54 2.60 2.52 2.66 2.61 2.62 2.70 2.65 2.78 2.81 2.94 2.97 3.01 3.15 3.27
3.70 3.56 3.56 3.53 3.88 4.06 4.00 3.98 3.73 3.63 3.80 3.76 3.76 3.80 3.56 3.76 3.77 3.67 3.68 3.53 3.88 3.87 3.80 3.74 3.69 3.65 3.63 3.57 3.51 3.47 3.43 3.32 3.27 3.07 3.06 3.10 3.14 3.10 3.06 2.93 2.93 2.93 2.85 2.84 2.83 2.79 2.74 2.65 2.65 2.61 2.62 2.58 2.67 2.70 2.77 2.79 2.77 2.72 2.57 2.53 2.54 2.51 2.62 2.66 2.67 2.64 2.78 2.83 2.83 2.80 2.97 3.06 3.10 3.21 3.35
3.70 3.71 3.56 3.61 3.83 3.90 3.91 3.89 3.66 3.71 3.70 3.66 3.59 3.55 3.62 3.61 3.56 3.67 3.41 3.61 3.80 3.56 3.63 3.63 3.73 3.61 3.51 3.53 3.49 3.42 3.32 3.32 3.25 3.09 3.04 3.12 3.05 3.04 2.95 2.92 2.92 2.87 2.84 2.76 2.78 2.75 2.72 2.63 2.65 2.61 2.63 2.66 2.76 2.74 2.79 2.80 2.72 2.79 2.67 2.59 2.57 2.60 2.63 2.65 2.66 2.68 2.73 2.84 2.89 2.96 3.04 3.08 3.20 3.31 3.39
3.72 3.68 3.68 3.71 3.82 3.83 3.89 3.78 3.82 3.74 3.66 3.56 3.55 3.51 3.49 3.55 3.50 3.57 3.41 3.63 3.67 3.59 3.58 3.55 3.65 3.42 3.49 3.44 3.45 3.39 3.35 3.23 3.22 3.05 3.10 3.11 3.06 2.96 2.92 2.80 2.85 2.71 2.70 2.75 2.72 2.66 2.70 2.67 2.68 2.63 2.59 2.66 2.74 2.80 2.78 2.69 2.78 2.73 2.79 2.79 2.78 2.67 2.62 2.62 2.61 2.67 2.77 2.80 2.87 3.02 3.02 3.12 3.26 3.38 3.52
3.80 3.80 3.80 3.79 3.78 3.72 3.70 3.72 3.61 3.57 3.63 3.53 3.49 3.48 3.46 3.45 3.52 3.52 3.52 3.53 3.54 3.51 3.42 3.31 3.52 3.47 3.23 3.22 3.35 3.30 3.27 3.20 3.16 3.07 3.01 3.05 3.02 2.91 2.86 2.87 2.85 2.88 2.81 2.70 2.68 2.62 2.60 2.63 2.64 2.64 2.59 2.63 2.68 2.75 2.80 2.78 2.78 2.80 2.87 2.88 2.90 2.82 2.76 2.67 2.71 2.83 2.81 2.88 2.94 2.97 3.10 3.16 3.32 3.44 3.59
3.74 3.74 3.78 3.73 3.72 3.71 3.70 3.72 3.62 3.59 3.62 3.58 3.48 3.46 3.43 3.43 3.50 3.48 3.46 3.44 3.39 3.40 3.39 3.34 3.48 3.31 3.35 3.32 3.28 3.20 3.22 3.14 3.05 3.02 3.04 2.99 2.96 2.87 2.87 2.84 2.96 2.85 2.92 2.92 2.80 2.70 2.65 2.56 2.59 2.64 2.62 2.67 2.75 2.77 2.83 2.82 2.80 2.84 2.88 2.91 2.93 2.98 3.02 2.95 2.96 3.02 3.16 3.12 3.13 3.05 3.09 3.39 3.44 3.55 3.71
3.79 3.78 3.72 3.72 3.72 3.78 3.77 3.72 3.69 3.66 3.62 3.58 3.46 3.44 3.42 3.41 3.47 3.45 3.40 3.38 3.37 3.35 3.27 3.22 3.23 3.37 3.33 3.23 3.29 3.21 3.13 3.10 3.10 3.04 2.99 2.93 2.91 2.90 2.93 2.92 2.91 2.90 2.72 2.85 2.83 2.76 2.80 2.62 2.56 2.61 2.74 2.64 2.78 2.80 2.83 2.83 2.83 2.85 2.92 2.95 2.98 3.02 3.06 3.12 3.14 3.15 3.27 3.34 3.34 3.47 3.39 3.32 3.69 3.77 3.78
3.83 3.79 3.73 3.75 3.71 3.76 3.73 3.72 3.69 3.65 3.60 3.57 3.46 3.44 3.42 3.44 3.46 3.40 3.36 3.35 3.28 3.30 3.27 3.19 3.22 3.21 3.33 3.28 3.27 3.20 3.15 3.09 3.04 2.96 2.90 2.91 2.92 2.91 2.91 2.86 2.85 2.86 2.85 2.85 2.83 2.75 2.85 2.86 2.73 2.55 2.71 2.75 2.78 2.81 2.83 2.86 2.86 2.87 2.93 2.96 2.99 3.05 3.09 3.12 3.15 3.13 3.29 3.28 3.31 3.46 3.50 3.60 3.58 3.84 3.95
3.71 3.73 3.71 3.71 3.70 3.68 3.74 3.74 3.70 3.63 3.59 3.57 3.54 3.44 3.38 3.40 3.38 3.34 3.26 3.26 3.26 3.25 3.03 3.01 2.98 3.02 3.27 3.26 3.17 3.14 3.11 3.03 3.01 2.94 2.89 2.87 2.88 2.91 2.89 2.85 2.84 2.85 2.81 2.82 2.86 2.80 2.91 3.02 2.88 2.68 2.63 2.77 2.81 2.84 2.85 2.88 2.89 2.93 2.94 2.96 3.04 3.08 3.11 3.16 3.19 3.24 3.28 3.35 3.44 3.50 3.55 3.62 3.75 3.70 3.96
3.72 3.71 3.70 3.70 3.69 3.68 3.66 3.80 3.69 3.62 3.59 3.56 3.53 3.50 3.43 3.39 3.37 3.31 3.24 3.28 3.12 3.04 3.04 2.94 2.88 2.95 3.43 3.41 3.27 3.14 3.03 2.99 2.99 2.92 2.88 2.84 2.83 2.79 2.80 2.85 2.86 2.87 2.83 2.80 2.78 2.87 2.87 3.00 3.06 2.93 2.59 2.76 2.77 2.79 2.80 2.81 2.82 2.81 2.96 2.99 3.05 3.08 3.02 3.14 3.14 3.26 3.33 3.40 3.46 3.55 3.64 3.60 3.67 3.69 3.90
3.71 3.71 3.70 3.70 3.70 3.69 3.67 3.77 3.68 3.64 3.60 3.56 3.52 3.47 3.41 3.38 3.20 3.22 3.22 3.21 3.04 3.03 3.08 3.06 2.92 3.19 3.46 3.40 3.32 3.16 3.07 3.06 2.98 2.92 2.88 2.84 2.81 2.77 2.71 2.75 2.85 2.92 2.85 2.81 2.81 2.86 2.96 2.99 3.02 2.99 2.82 2.66 2.58 2.54 2.51 2.42 2.51 2.70 2.93 2.96 3.06 3.12 3.12 3.17 3.23 3.29 3.35 3.38 3.47 3.57 3.63 3.72 3.72 3.88 3.95
3.72 3.71 3.71 3.71 3.72 3.70 3.68 3.64 3.67 3.66 3.56 3.51 3.44 3.38 3.32 3.28 3.26 3.21 3.11 3.05 3.19 2.98 2.93 2.96 2.84 3.03 3.39 3.34 3.18 3.07 3.08 3.04 3.01 2.91 2.92 2.88 2.83 2.80 2.75 2.69 2.65 2.89 2.81 2.81 2.85 2.86 2.91 2.95 3.02 3.05 3.08 2.91 3.15 2.89 2.67 2.46 2.46 2.58 2.72 3.09 3.07 3.12 3.12 3.16 3.10 3.01 3.12 3.21 3.53 3.53 3.66 3.73 3.72 3.84 4.03
3.56 3.49 3.66 3.77 3.84 3.58 3.77 3.73 3.71 3.63 3.60 3.37 3.34 3.30 3.22 3.17 3.10 3.05 3.12 2.99 3.05 2.92 3.01 2.97 2.90 2.99 3.35 3.32 3.21 3.14 3.14 3.09 3.02 2.96 2.98 2.92 2.88 2.86 2.83 2.75 2.66 2.68 2.66 2.75 2.88 2.88 2.89 2.94 3.02 3.09 3.13 3.22 3.22 3.24 2.94 2.64 2.45 2.52 2.69 2.94 3.03 3.04 2.86 2.77 2.67 2.84 2.95 3.10 3.49 3.56 3.63 3.66 3.71 3.87 3.98
3.60 3.76 3.93 3.93 3.93 3.81 3.68 3.80 3.76 3.71 3.73 3.43 3.29 3.30 3.07 3.01 2.95 2.97 2.89 2.97 3.06 3.01 2.88 2.88 2.81 3.02 3.31 3.22 3.16 3.10 3.04 3.02 2.99 2.90 2.92 2.91 2.92 2.85 2.90 2.80 2.69 2.66 2.64 2.64 2.69 2.80 2.83 2.94 3.02 3.08 3.13 3.19 3.26 3.28 3.20 2.89 2.58 2.54 2.56 2.61 2.71 2.64 2.67 2.69 2.83 2.82 2.84 2.99 3.27 3.30 3.40 3.57 3.75 4.02 4.08
3.79 4.08 4.08 4.07 4.06 3.98 3.91 3.92 3.94 3.84 3.85 3.45 3.24 3.13 3.01 2.94 2.95 2.88 2.97 3.01 2.99 2.96 2.84 2.93 2.92 2.92 3.05 3.15 3.10 3.05 3.00 2.97 2.92 2.92 2.91 2.85 2.83 2.83 2.81 2.84 2.72 2.67 2.69 2.65 2.65 2.67 2.67 2.71 2.87 3.07 3.15 3.22 3.25 3.30 3.27 3.07 2.63 2.57 2.60 2.62 2.68 2.66 2.75 2.78 2.85 3.06 2.95 3.05 3.19 3.23 3.33 3.54 3.79 4.02 4.23
3.88 3.91 3.92 3.92 3.92 3.86 3.81 3.86 3.85 3.82 3.78 3.43 3.19 3.19 3.07 2.97 2.94 3.01 2.99 2.95 2.79 2.96 2.99 2.83 2.86 2.74 2.90 3.11 3.05 3.02 2.98 2.95 2.91 2.87 2.85 2.78 2.80 2.75 2.75 2.74 2.81 2.84 2.77 2.68 2.70 2.71 2.74 2.73 2.75 2.78 2.94 3.22 3.25 3.30 3.38 3.20 2.70 2.60 2.65 2.58 2.72 2.74 2.79 2.85 2.91 3.10 3.22 3.43 3.33 3.36 3.49 3.67 3.92 4.13 4.32
3.66 3.75 3.75 3.76 3.76 3.66 3.60 3.68 3.68 3.65 3.53 3.50 3.47 3.17 3.06 2.97 2.87 2.99 2.96 2.95 2.91 2.91 2.99 2.89 2.85 2.79 2.99 3.06 3.03 3.01 2.96 2.93 2.89 2.87 2.85 2.82 2.79 2.77 2.73 2.70 2.71 2.73 2.87 2.77 2.77 2.78 2.82 2.81 2.82 2.84 2.83 2.88 3.05 3.42 3.45 3.23 2.73 2.65 2.63 2.66 2.75 2.79 2.83 2.88 3.12 3.07 3.09 3.23 3.54 3.51 3.71 3.78 4.13 4.31 4.51
3.54 3.58 3.57 3.58 3.60 3.49 3.42 3.47 3.40 3.42 3.23 3.24 3.24 3.19 3.08 2.98 2.88 3.01 2.92 2.76 2.78 2.97 2.98 2.78 2.88 2.80 2.78 2.96 3.03 2.98 2.94 2.90 2.87 2.84 2.84 2.80 2.78 2.77 2.76 2.73 2.67 2.68 2.76 2.85 2.90 2.87 2.90 2.91 2.92 2.91 2.90 2.91 3.32 3.48 3.63 3.34 2.92 2.70 2.73 2.74 2.75 2.87 2.85 3.00 3.00 3.32 3.38 3.48 3.56 3.96 4.11 4.16 4.34 4.58 4.82
3.45 3.40 3.44 3.42 3.40 3.36 3.34 3.34 3.30 3.12 3.10 3.10 3.13 3.05 3.12 2.90 2.83 2.78 2.88 2.78 2.76 2.90 2.85 2.91 2.85 2.79 2.73 2.89 2.88 2.94 2.92 2.87 2.85 2.83 2.80 2.76 2.74 2.75 2.74 2.73 2.64 2.62 2.62 2.67 2.76 3.00 2.96 2.99 2.97 2.99 2.96 2.96 3.19 3.63 3.64 3.65 3.08 2.76 2.78 2.86 2.90 3.01 3.05 3.13 3.18 3.18 3.53 3.67 3.89 4.31 4.82 4.45 4.71 4.90 5.16
3.20 3.39 3.19 3.30 3.13 3.11 3.09 3.10 3.18 3.02 3.02 2.83 3.00 2.98 3.04 2.93 2.86 2.79 2.79 2.79 2.87 2.79 2.85 2.88 2.76 2.81 2.77 2.91 2.86 2.90 2.91 2.89 2.84 2.80 2.76 2.73 2.73 2.74 2.74 2.72 2.65 2.65 2.57 2.58 2.71 2.75 3.04 3.10 3.07 3.09 3.05 3.02 3.07 3.65 3.70 3.73 3.33 2.89 2.86 2.94 3.02 3.09 3.20 3.51 3.36 3.62 3.52 3.87 4.12 4.49 4.62 5.24 4.94 5.22 5.39
