maui/input/gr0_in_month_ascii/gr0_in_oct__maui.asc
ncols        356
nrows        236
xllcorner    -156.702000000000
yllcorner    20.529750000000
cellsize     0.002250000000
NODATA_value  -99.00
[rows 66 to 98 of 236, columns 0 to 74 of 356]
-9999.00 -9999.00 -9999.00 8.62 8.60 8.31 8.78 8.35 8.18 8.02 7.58 7.73 7.48 7.31 7.16 6.98 6.80 6.67 6.31 6.22 5.94 5.88 5.66 5.66 5.64 5.44 5.36 5.04 4.77 4.51 4.48 4.09 3.82 3.81 3.58 3.50 3.46 3.17 3.02 2.81 2.89 2.79 2.77 2.87 2.63 2.60 2.57 2.52 2.52 2.48 2.65 2.89 2.68 2.46 2.30 2.45 2.45 2.38 2.50 2.94 3.45 3.83 3.81 3.73 3.52 3.05 2.82 2.77 2.98 3.16 3.56 3.58 3.74 4.33 4.51
-9999.00 -9999.00 -9999.00 -9999.00 8.69 8.56 9.21 8.13 8.20 8.10 7.89 7.77 7.59 7.33 7.21 7.01 6.85 6.60 6.36 6.12 5.88 5.71 5.53 5.38 5.14 5.39 5.03 4.68 4.48 4.28 4.06 4.10 4.03 3.71 3.57 3.60 3.57 3.47 2.96 2.84 2.88 2.79 2.78 2.71 2.74 2.68 2.55 2.49 2.48 2.46 2.59 2.63 2.72 2.61 2.38 2.34 2.36 2.55 2.90 3.34 3.77 3.33 3.84 3.33 3.14 2.86 2.76 2.92 3.20 3.71 4.43 4.52 4.57 5.09 5.20
-9999.00 -9999.00 -9999.00 -9999.00 -9999.00 8.52 8.41 8.73 8.36 8.15 7.98 7.83 7.67 7.40 7.21 7.09 6.84 6.63 6.32 6.10 5.86 5.68 5.48 5.31 5.17 4.92 4.76 4.59 4.46 4.34 4.11 3.99 3.78 3.63 3.42 3.29 3.17 3.17 3.38 3.07 2.83 2.78 2.70 2.68 2.62 2.62 2.60 2.49 2.41 2.47 2.60 2.61 2.54 2.40 2.32 2.41 2.74 2.68 2.91 3.43 3.26 3.16 3.60 3.30 2.91 2.66 3.27 3.26 3.91 3.95 3.74 3.85 4.22 4.50 4.96
-9999.00 -9999.00 -9999.00 -9999.00 -9999.00 -9999.00 8.33 7.76 8.07 7.83 8.01 7.84 7.71 7.63 7.32 7.08 6.87 6.53 6.30 6.11 5.97 5.74 5.53 5.48 5.32 4.94 4.87 4.61 4.51 4.27 4.11 3.95 3.80 3.74 3.62 3.39 3.31 3.13 3.00 2.96 2.89 2.85 2.80 2.65 2.62 2.55 2.55 2.55 2.45 2.33 2.44 2.45 2.33 2.36 2.47 2.77 2.85 3.25 3.14 3.33 2.95 3.06 3.09 2.96 2.76 2.69 2.83 3.23 3.22 3.28 3.47 3.88 4.37 5.21 4.87
-9999.00 -9999.00 -9999.00 -9999.00 -9999.00 -9999.00 8.14 8.07 8.08 8.23 8.06 7.90 7.76 7.61 7.38 7.12 6.90 6.60 6.41 6.23 6.07 5.85 5.79 5.53 5.23 4.89 4.70 4.70 4.63 4.40 4.14 4.39 4.33 4.01 3.95 3.74 3.31 3.45 3.32 3.11 2.88 2.73 2.68 2.66 2.61 2.53 2.52 2.48 2.46 2.36 2.40 2.37 2.30 2.46 2.63 2.57 2.53 2.62 2.90 2.74 3.10 2.91 2.76 2.77 2.58 2.73 2.64 2.94 3.33 3.82 4.33 4.86 4.75 4.34 4.26
-9999.00 -9999.00 -9999.00 -9999.00 -9999.00 -9999.00 -9999.00 7.88 7.55 7.93 8.00 7.84 7.72 7.59 7.50 7.28 7.05 6.84 6.61 6.33 6.21 6.03 5.69 5.40 5.26 5.08 4.88 5.43 5.37 4.95 4.93 4.18 4.25 3.94 3.73 3.77 3.88 3.61 3.80 3.54 2.94 2.92 2.74 2.67 2.63 2.58 2.54 2.47 2.41 2.43 2.36 2.34 2.37 2.39 2.46 2.54 2.41 2.56 2.49 2.49 2.54 2.55 2.55 2.49 2.50 2.58 2.90 3.20 3.94 3.21 3.59 3.64 3.49 3.93 4.23
-9999.00 -9999.00 -9999.00 -9999.00 -9999.00 -9999.00 7.83 7.82 7.57 7.47 7.85 7.88 7.74 7.57 7.40 7.13 7.11 6.98 6.70 6.37 6.28 6.12 5.88 5.66 5.62 5.71 5.45 4.92 4.56 4.39 4.19 3.99 3.80 3.64 3.46 3.28 3.21 3.10 3.14 3.15 3.20 3.04 2.89 2.80 2.71 2.60 2.54 2.47 2.44 2.44 2.41 2.34 2.27 2.32 2.27 2.32 2.35 2.39 2.34 2.32 2.34 2.38 2.39 2.40 2.46 2.58 2.87 3.25 3.29 3.04 3.09 3.20 3.56 3.94 4.29
-9999.00 -9999.00 -9999.00 -9999.00 -9999.00 -9999.00 7.76 7.74 8.03 7.44 7.81 7.93 7.70 7.51 7.21 7.40 6.98 7.65 6.98 6.50 6.25 6.06 5.82 5.60 5.39 5.36 4.96 4.75 4.54 4.34 4.18 4.03 3.91 3.71 3.74 3.55 3.12 2.95 2.91 2.85 2.82 2.76 2.73 2.63 2.57 2.55 2.58 2.48 2.44 2.42 2.36 2.35 2.26 2.32 2.36 2.34 2.42 2.37 2.41 2.33 2.32 2.33 2.36 2.39 2.39 2.51 2.64 2.92 2.83 2.74 3.05 3.17 3.26 3.65 4.56
-9999.00 -9999.00 -9999.00 -9999.00 -9999.00 -9999.00 7.78 7.68 7.54 7.91 8.01 7.87 7.72 7.52 7.35 7.09 7.36 7.14 6.98 6.97 6.51 6.24 5.69 5.36 5.26 5.17 5.19 5.33 4.87 4.96 4.59 4.09 3.79 3.67 3.49 3.25 3.26 3.03 3.05 2.85 2.76 2.69 2.59 2.54 2.55 2.53 2.51 2.49 2.46 2.43 2.36 2.36 2.31 2.32 2.38 2.34 2.33 2.33 2.36 2.43 2.74 2.74 2.53 2.76 2.79 2.52 2.55 2.79 3.24 2.70 2.88 3.09 3.27 3.61 3.73
-9999.00 -9999.00 -9999.00 -9999.00 -9999.00 -9999.00 7.87 8.21 7.54 7.91 8.00 7.81 7.64 7.61 7.41 7.62 7.42 7.28 6.98 6.80 6.50 6.34 6.40 5.98 5.69 5.41 4.85 4.69 4.38 4.16 4.34 4.65 4.59 4.20 3.86 3.89 3.66 3.59 3.30 3.12 2.88 2.81 2.75 2.67 2.52 2.47 2.45 2.47 2.40 2.44 2.44 2.39 2.37 2.36 2.35 2.37 2.28 2.28 2.48 2.77 2.92 3.24 3.18 2.98 3.54 3.20 2.77 2.83 3.72 3.26 3.01 3.12 3.25 3.45 3.51
-9999.00 -9999.00 -9999.00 -9999.00 -9999.00 8.00 7.89 8.05 7.59 8.00 8.09 7.99 7.91 7.76 7.69 7.64 7.34 6.98 6.92 6.48 6.58 6.30 5.96 5.70 5.55 5.09 4.55 4.33 4.17 4.05 3.90 3.86 3.83 3.89 3.70 3.73 3.49 3.36 3.34 3.54 3.40 3.43 3.35 2.74 2.59 2.50 2.41 2.46 2.44 2.44 2.32 2.32 2.35 2.31 2.29 2.49 2.61 2.36 2.50 2.89 3.32 3.40 3.58 3.57 3.59 3.89 3.18 2.87 3.42 4.43 3.18 3.73 3.62 3.88 4.24
-9999.00 -9999.00 -9999.00 -9999.00 -9999.00 8.01 8.68 8.04 7.63 7.56 8.26 8.14 8.06 8.02 7.49 7.61 7.11 6.61 7.41 6.70 6.65 6.40 6.10 5.78 5.42 5.15 4.66 4.36 4.15 3.96 3.88 3.86 3.88 3.79 3.54 3.20 3.05 3.05 3.02 2.94 2.92 2.99 2.88 2.94 2.75 2.61 2.55 2.45 2.41 2.37 2.33 2.32 2.46 2.71 2.49 2.76 2.97 2.79 2.81 3.20 3.45 3.64 3.77 3.86 3.96 4.12 3.76 3.39 3.39 4.47 3.96 4.25 5.03 4.81 5.48
-9999.00 -9999.00 -9999.00 -9999.00 -9999.00 8.00 7.68 8.04 8.01 7.60 7.53 8.28 8.51 7.98 7.83 7.00 7.21 7.25 6.95 6.98 6.76 6.49 6.19 5.91 5.71 5.39 5.11 4.79 4.60 4.38 4.25 4.30 4.11 4.21 4.23 4.05 3.83 3.12 3.03 2.90 2.82 2.76 2.70 2.71 2.65 2.48 2.51 2.48 2.30 2.34 2.58 2.66 2.64 2.67 2.90 2.97 3.20 3.22 3.07 3.33 3.63 3.82 3.82 4.06 4.26 4.28 4.32 4.18 3.87 4.21 5.15 4.92 5.00 5.48 5.74
-9999.00 -9999.00 -9999.00 -9999.00 -9999.00 8.01 8.00 7.64 8.65 8.36 8.30 8.21 8.12 7.34 7.64 7.94 7.77 7.61 7.38 7.02 6.85 6.57 6.33 6.04 5.78 5.53 5.42 5.09 4.81 4.77 4.43 4.76 4.55 3.95 3.56 3.61 3.57 3.35 3.16 2.90 2.82 2.72 2.66 2.63 2.62 2.50 2.47 2.58 2.42 2.28 2.43 2.73 2.86 3.10 3.05 3.10 3.30 3.54 3.54 3.67 3.93 4.02 4.11 4.10 4.17 4.36 4.77 4.66 5.27 5.29 5.37 5.70 5.72 5.64 5.53
-9999.00 -9999.00 -9999.00 -9999.00 -9999.00 -9999.00 7.96 7.92 7.65 7.64 7.98 7.91 7.45 7.39 8.18 7.96 7.78 7.64 7.39 7.17 7.02 6.77 6.54 6.26 6.07 5.72 5.43 5.23 5.10 4.92 5.21 4.76 4.10 4.15 4.51 4.38 4.23 3.97 3.53 3.33 3.01 2.86 2.76 2.71 2.70 2.64 2.62 2.77 2.71 2.40 2.47 2.81 2.92 3.05 3.20 3.44 3.61 3.69 3.69 3.99 4.07 4.28 4.36 4.32 4.42 4.50 4.63 4.82 5.37 5.15 5.01 4.91 4.49 5.19 5.25
-9999.00 -9999.00 -9999.00 -9999.00 -9999.00 -9999.00 -9999.00 7.94 7.95 7.59 7.99 7.94 8.40 7.97 8.20 8.05 7.81 7.64 7.39 7.25 7.02 6.81 6.56 6.29 6.12 5.88 5.61 5.51 5.09 5.28 4.59 4.88 4.80 5.18 4.82 4.82 4.72 4.37 4.39 3.80 3.52 3.33 3.26 2.99 2.99 3.13 3.01 2.78 2.74 2.46 2.43 2.53 2.73 2.89 3.08 3.15 3.12 3.36 3.71 3.89 4.03 4.11 4.22 4.57 4.49 4.62 4.87 5.00 4.32 4.83 4.50 4.03 4.17 4.16 4.44
-9999.00 -9999.00 -9999.00 -9999.00 -9999.00 -9999.00 -9999.00 -9999.00 7.84 7.82 7.99 7.59 7.54 8.31 8.18 8.10 7.91 7.82 7.63 7.34 7.10 7.03 6.69 6.48 6.22 5.97 6.05 5.63 5.50 5.40 5.33 5.33 5.08 4.68 4.23 4.00 3.60 3.82 3.80 3.78 3.93 3.56 3.58 3.57 3.11 2.88 2.85 2.65 2.45 2.43 2.59 2.66 2.82 3.08 3.23 3.39 3.63 3.70 3.88 4.01 4.17 4.34 4.45 4.46 4.48 4.74 4.63 4.27 3.54 3.76 4.28 3.82 4.04 3.55 3.80
-9999.00 -9999.00 -9999.00 -9999.00 -9999.00 -9999.00 -9999.00 -9999.00 -9999.00 7.82 7.58 8.01 8.48 7.80 8.44 8.19 7.92 7.81 7.66 7.40 7.25 7.06 6.78 6.53 6.50 6.17 5.99 6.15 5.48 5.05 4.91 4.63 4.28 3.98 3.61 3.51 3.31 3.26 3.23 3.26 3.27 3.24 3.32 3.06 3.23 3.06 2.87 2.80 2.48 2.51 2.54 2.88 3.00 3.14 3.27 3.07 3.17 3.36 3.78 4.09 4.03 4.05 4.00 4.29 4.44 4.24 4.23 3.52 2.93 3.11 3.85 3.28 3.46 3.20 3.26
-9999.00 -9999.00 -9999.00 -9999.00 -9999.00 -9999.00 -9999.00 -9999.00 -9999.00 7.78 7.84 7.60 7.57 7.54 8.34 7.97 8.09 7.91 7.86 8.20 7.35 7.06 6.90 6.79 6.64 6.34 6.11 5.89 5.65 5.57 5.03 4.76 4.32 3.88 3.86 3.62 3.33 3.14 3.02 2.97 2.92 2.93 3.01 3.04 3.20 3.02 2.91 2.73 2.51 2.44 2.60 2.69 2.83 3.12 3.32 3.41 3.65 3.73 3.68 3.92 3.78 3.50 4.02 4.12 4.25 3.50 3.83 3.45 2.73 2.93 2.96 2.98 2.95 2.94 3.15
-9999.00 -9999.00 -9999.00 -9999.00 -9999.00 -9999.00 -9999.00 -9999.00 -9999.00 -9999.00 7.89 7.85 8.37 7.58 8.02 8.33 8.18 8.06 7.89 7.67 7.53 7.32 7.16 6.97 6.81 6.40 6.35 6.13 5.95 5.61 5.19 4.91 4.53 4.39 4.22 3.96 3.42 3.23 3.01 2.92 2.87 2.80 2.78 2.82 2.88 2.90 2.69 2.61 2.82 2.84 2.90 3.23 3.00 2.87 3.06 3.14 3.50 3.54 3.69 3.83 3.57 3.59 3.74 3.97 4.14 3.41 3.05 2.92 2.77 2.84 2.82 2.89 2.91 3.06 3.37
-9999.00 -9999.00 -9999.00 -9999.00 -9999.00 -9999.00 -9999.00 -9999.00 -9999.00 -9999.00 -9999.00 7.81 7.94 8.17 8.87 8.37 8.23 8.05 7.94 7.74 7.59 7.44 7.28 7.02 6.88 6.78 6.50 6.28 5.94 5.72 5.29 5.20 4.77 4.50 4.28 4.12 3.61 3.42 3.13 3.04 2.94 2.83 2.76 2.71 2.69 2.68 2.59 2.74 3.30 3.47 3.27 3.38 3.45 3.17 2.85 3.06 3.29 3.37 3.54 3.70 3.10 3.13 3.42 3.69 3.85 3.60 2.62 2.74 2.72 2.94 3.38 3.39 3.24 3.04 3.28
-9999.00 -9999.00 -9999.00 -9999.00 -9999.00 -9999.00 -9999.00 -9999.00 -9999.00 -9999.00 -9999.00 -9999.00 8.01 7.70 7.64 8.05 8.26 8.18 8.01 7.77 7.68 7.50 7.28 7.19 7.00 6.80 6.63 6.43 6.17 5.74 5.45 5.24 4.80 4.41 4.09 3.71 3.65 3.63 3.11 3.01 2.94 2.87 2.87 2.80 2.78 2.73 2.97 3.09 3.19 3.70 3.90 3.78 3.69 3.53 3.11 2.91 2.97 3.03 3.38 3.51 3.01 3.00 2.92 3.09 3.44 2.92 2.72 2.94 2.99 3.07 3.38 4.01 3.81 3.38 3.90
-9999.00 -9999.00 -9999.00 -9999.00 -9999.00 -9999.00 -9999.00 -9999.00 -9999.00 -9999.00 -9999.00 -9999.00 8.04 8.10 8.22 8.12 8.66 8.23 8.10 7.95 7.80 7.69 7.16 7.34 7.18 6.91 6.84 6.68 6.27 5.88 5.59 5.30 4.84 4.57 4.64 4.55 3.96 4.11 3.80 3.60 3.02 3.24 3.10 3.10 3.11 3.01 3.50 3.31 3.85 4.03 3.88 4.16 3.86 3.83 3.31 3.28 3.39 3.22 2.85 2.89 2.80 2.83 2.92 3.04 3.27 3.38 3.17 3.26 3.21 3.99 3.30 3.84 4.23 3.96 4.03
-9999.00 -9999.00 -9999.00 -9999.00 -9999.00 -9999.00 -9999.00 -9999.00 -9999.00 -9999.00 -9999.00 -9999.00 -9999.00 8.03 8.13 8.35 8.42 8.39 8.19 8.09 7.89 7.43 7.69 7.59 7.38 7.14 7.14 6.92 6.61 6.27 5.89 5.53 5.29 4.96 4.47 4.66 4.77 4.43 4.07 3.72 3.57 3.71 3.48 3.46 3.78 3.62 3.70 3.43 3.63 4.23 4.17 4.42 4.14 4.04 3.75 3.90 3.59 3.33 3.00 2.57 2.71 2.96 3.13 3.53 3.58 3.48 3.47 3.34 3.81 3.97 3.84 3.66 4.48 4.53 4.71
-9999.00 -9999.00 -9999.00 -9999.00 -9999.00 -9999.00 -9999.00 -9999.00 -9999.00 -9999.00 -9999.00 -9999.00 -9999.00 -9999.00 8.23 8.29 8.20 8.79 8.35 8.16 7.95 7.84 7.80 7.67 7.60 7.45 7.25 6.92 6.43 6.51 6.08 5.68 5.17 5.16 5.32 4.86 4.30 4.26 4.33 4.34 4.18 3.88 4.16 4.36 3.73 3.43 3.70 3.44 3.83 4.28 4.36 4.63 4.39 4.30 4.39 3.86 3.48 3.07 2.90 2.69 2.84 2.94 3.26 3.09 3.37 3.63 3.88 4.19 4.22 4.07 4.31 4.20 4.36 4.89 5.24
-9999.00 -9999.00 -9999.00 -9999.00 -9999.00 -9999.00 -9999.00 -9999.00 -9999.00 -9999.00 -9999.00 -9999.00 -9999.00 -9999.00 -9999.00 8.30 8.35 8.19 8.48 8.25 8.09 8.08 7.96 7.91 7.74 7.61 7.29 6.78 6.85 6.51 6.38 6.12 5.83 5.49 5.12 5.27 5.23 5.24 5.17 4.80 4.78 4.41 3.89 3.56 3.02 3.07 3.21 3.56 3.71 4.45 4.51 4.62 4.67 4.50 4.21 4.12 3.65 3.05 3.14 2.86 2.61 2.74 2.86 2.92 3.12 3.19 3.83 3.38 3.49 3.81 4.04 4.36 4.64 4.73 4.61
-9999.00 -9999.00 -9999.00 -9999.00 -9999.00 -9999.00 -9999.00 -9999.00 -9999.00 -9999.00 -9999.00 -9999.00 -9999.00 -9999.00 -9999.00 -9999.00 8.37 8.36 8.53 8.42 8.35 8.24 8.17 8.08 7.86 7.71 7.24 7.29 6.84 6.83 6.74 6.40 6.09 6.05 6.02 5.40 5.05 4.99 4.80 4.37 3.97 3.49 3.48 2.92 2.88 2.85 2.93 3.69 4.24 4.61 4.79 4.72 4.85 4.66 4.42 3.92 3.51 3.17 3.56 3.11 3.07 2.82 2.74 2.61 3.08 3.23 3.23 3.27 3.56 3.31 3.90 3.82 3.94 4.05 4.24
-9999.00 -9999.00 -9999.00 -9999.00 -9999.00 -9999.00 -9999.00 -9999.00 -9999.00 -9999.00 -9999.00 -9999.00 -9999.00 -9999.00 -9999.00 -9999.00 -9999.00 8.36 8.36 8.34 8.53 8.49 8.30 8.13 7.99 7.75 7.82 7.14 6.93 6.72 6.99 6.64 6.48 5.89 5.23 4.88 4.49 3.99 3.84 3.54 3.36 2.95 2.93 2.99 2.91 2.90 2.78 3.05 3.67 4.12 4.79 5.22 4.73 4.23 3.88 3.61 3.43 3.45 3.56 3.48 3.24 3.11 3.15 2.66 2.75 3.00 2.89 3.12 3.03 3.33 3.46 3.31 3.62 3.77 4.04
-9999.00 -9999.00 -9999.00 -9999.00 -9999.00 -9999.00 -9999.00 -9999.00 -9999.00 -9999.00 -9999.00 -9999.00 -9999.00 -9999.00 -9999.00 -9999.00 -9999.00 -9999.00 -9999.00 8.40 8.37 8.51 8.47 8.28 8.12 7.90 7.72 7.57 7.11 7.30 6.66 6.86 6.64 6.26 5.87 5.25 4.73 4.57 4.42 3.86 3.21 3.29 3.20 3.07 3.03 3.04 2.94 2.93 3.90 4.40 5.18 5.28 4.71 3.90 3.19 3.58 3.73 3.63 4.15 3.92 3.78 3.51 3.00 2.74 2.70 2.76 2.80 2.93 3.01 3.10 3.17 3.15 3.15 3.29 3.70
-9999.00 -9999.00 -9999.00 -9999.00 -9999.00 -9999.00 -9999.00 -9999.00 -9999.00 -9999.00 -9999.00 -9999.00 -9999.00 -9999.00 -9999.00 -9999.00 -9999.00 -9999.00 -9999.00 -9999.00 8.38 8.26 8.75 8.40 8.20 8.06 7.83 7.78 7.26 7.33 6.92 6.88 6.73 6.45 6.07 5.62 5.36 4.78 4.32 3.89 4.11 3.28 3.28 3.24 3.17 2.97 3.32 3.45 4.41 5.44 5.48 4.73 3.65 3.28 3.00 3.16 3.84 4.01 4.37 4.09 3.41 3.03 2.99 2.78 2.83 2.77 2.78 2.84 2.80 2.85 2.91 3.04 3.39 3.71 4.23
-9999.00 -9999.00 -9999.00 -9999.00 -9999.00 -9999.00 -9999.00 -9999.00 -9999.00 -9999.00 -9999.00 -9999.00 -9999.00 -9999.00 -9999.00 -9999.00 -9999.00 -9999.00 -9999.00 -9999.00 8.36 8.36 7.74 8.42 8.36 8.22 7.93 7.46 7.38 7.48 7.20 7.02 6.77 6.27 6.20 5.82 5.19 4.88 4.60 4.78 4.00 3.57 3.49 3.20 3.26 3.05 3.45 4.71 5.25 5.99 4.88 3.77 3.20 3.03 3.23 3.68 3.73 4.18 4.55 3.99 3.58 3.05 3.11 2.94 3.02 2.78 2.85 2.89 2.96 3.07 3.18 3.15 3.36 3.46 3.75
-9999.00 -9999.00 -9999.00 -9999.00 -9999.00 -9999.00 -9999.00 -9999.00 -9999.00 -9999.00 -9999.00 -9999.00 -9999.00 -9999.00 -9999.00 -9999.00 -9999.00 -9999.00 -9999.00 -9999.00 -9999.00 8.35 8.36 8.53 8.34 8.25 8.08 8.16 7.63 7.24 6.77 6.92 6.69 6.55 6.62 6.14 5.77 5.70 5.36 4.78 4.57 4.48 4.05 3.69 3.29 3.45 4.08 4.40 6.27 5.08 3.64 3.28 3.15 2.89 3.15 3.64 4.15 5.00 3.95 4.11 3.90 3.63 3.92 3.81 3.01 2.90 2.97 2.94 2.93 3.09 3.34 3.40 3.51 4.21 4.76
-9999.00 -9999.00 -9999.00 -9999.00 -9999.00 -9999.00 -9999.00 -9999.00 -9999.00 -9999.00 -9999.00 -9999.00 -9999.00 -9999.00 -9999.00 -9999.00 -9999.00 -9999.00 -9999.00 -9999.00 -9999.00 -9999.00 8.35 8.25 8.56 8.31 8.39 8.07 7.54 7.21 7.07 7.28 7.47 6.99 6.66 6.66 6.33 5.98 5.50 4.70 4.23 4.15 4.00 3.70 3.57 4.16 4.64 5.29 5.55 4.00 3.39 3.18 3.31 3.03 3.65 4.51 4.48 4.81 3.92 4.38 4.36 4.24 3.41 3.04 2.92 2.98 3.10 2.92 3.13 3.03 3.15 3.14 3.39 3.64 3.94
