maui/input/gr0_in_month_ascii/gr0_in_jun__maui.asc
ncols        356
nrows        236
xllcorner    -156.702000000000
yllcorner    20.529750000000
cellsize     0.002250000000
NODATA_value  -99.00
[rows 66 to 98 of 236, columns 150 to 224 of 356]
9.17 9.10 9.19 9.10 9.15 8.98 8.91 8.80 8.90 8.54 8.52 8.21 8.19 8.01 8.04 8.66 8.02 8.03 7.94 7.95 7.56 7.28 7.91 8.21 7.49 7.34 7.75 7.17 7.35 7.31 7.69 7.62 7.21 7.27 6.62 6.59 6.91 7.05 6.73 6.64 6.71 6.73 6.72 7.45 7.09 7.20 7.10 7.02 7.16 6.99 7.16 7.47 6.79 7.47 7.02 7.43 7.52 7.65 7.96 7.76 8.07 8.16 8.48 8.53 8.22 8.67 8.49 8.48 -9999.00 -9999.00 -9999.00 -9999.00 -9999.00 -9999.00 -9999.00
9.13 9.06 8.93 8.99 9.05 8.93 8.82 8.76 8.55 8.43 8.24 8.15 8.02 7.91 7.83 8.70 7.84 7.90 7.47 7.83 7.76 7.93 7.55 7.63 7.76 7.31 7.55 7.53 7.37 7.24 7.50 7.15 7.01 7.16 6.95 6.84 6.78 6.76 6.60 6.56 6.20 6.71 6.91 6.86 7.03 6.71 6.79 6.94 6.83 6.86 7.18 7.09 7.20 7.40 6.99 7.17 7.39 7.51 7.46 7.69 7.95 8.09 8.20 7.72 8.26 8.45 8.22 8.38 -9999.00 -9999.00 -9999.00 -9999.00 -9999.00 -9999.00 -9999.00
9.03 8.91 8.86 8.92 8.76 8.79 8.67 8.59 8.52 8.28 8.12 8.16 7.81 7.78 7.68 8.13 7.99 7.76 7.12 7.43 7.43 7.47 7.36 7.29 7.34 7.60 7.14 7.17 7.21 6.93 7.38 7.39 7.00 6.48 6.87 6.75 6.82 6.16 6.53 6.51 6.39 6.52 6.65 7.10 6.74 6.64 6.61 6.75 6.65 6.95 6.86 6.97 6.95 7.26 7.01 7.10 7.22 7.45 7.43 7.55 7.61 7.76 7.88 8.04 8.16 8.23 8.13 8.30 -9999.00 -9999.00 -9999.00 -9999.00 -9999.00 -9999.00 -9999.00
8.93 8.69 8.75 8.72 8.59 8.65 8.52 8.44 8.30 8.12 8.00 7.97 7.78 7.67 7.60 7.72 7.73 7.57 7.55 7.39 7.26 7.31 7.25 7.12 7.05 7.36 7.01 6.99 7.26 6.82 7.09 6.82 7.22 6.83 6.80 6.74 6.71 6.47 6.35 6.10 6.18 6.36 7.08 6.59 6.63 6.52 6.59 6.57 6.64 6.74 6.61 6.75 6.82 7.18 7.18 6.91 7.14 7.11 7.43 7.18 7.44 7.53 7.67 8.08 8.26 8.00 8.10 8.19 8.20 8.19 -9999.00 -9999.00 -9999.00 -9999.00 -9999.00
8.85 8.62 8.68 8.57 8.41 8.41 8.36 8.30 8.27 8.04 7.81 7.71 7.68 7.56 7.49 7.39 8.46 7.39 7.31 7.16 7.12 7.10 7.45 7.16 6.95 7.33 6.98 6.96 7.17 6.75 7.06 6.60 6.70 6.91 6.71 6.18 6.58 6.40 6.32 5.98 6.24 6.48 6.39 6.54 6.63 6.41 6.62 6.27 6.48 6.59 6.48 6.50 6.82 6.97 7.03 6.72 7.13 7.16 7.02 6.99 7.27 7.55 7.82 7.76 8.02 8.15 8.91 7.81 8.20 8.14 8.16 8.16 -9999.00 -9999.00 -9999.00
9.02 8.72 8.56 8.51 8.37 8.20 8.22 8.05 7.92 8.12 7.64 7.43 7.51 7.23 7.24 7.27 7.36 6.96 7.03 6.90 6.88 6.91 7.19 7.02 6.87 7.35 6.77 6.76 7.06 6.72 6.89 6.43 6.42 6.60 6.49 6.48 6.51 6.40 6.25 6.17 6.38 6.70 6.44 6.32 6.37 6.26 6.41 6.15 6.26 6.39 6.30 6.52 6.50 6.65 6.80 6.56 6.70 6.79 7.06 6.91 6.90 7.42 7.59 7.35 7.25 8.02 7.67 8.01 8.41 8.20 8.26 8.13 8.13 -9999.00 -9999.00
8.81 8.68 8.44 8.27 8.26 8.25 8.03 7.83 7.73 7.73 7.52 7.35 7.34 7.31 7.08 7.05 7.00 7.83 6.84 6.65 6.50 6.62 6.97 6.81 6.79 6.83 7.11 6.74 6.79 6.69 6.84 6.49 6.34 6.39 6.46 6.36 6.31 6.24 6.09 6.07 6.14 6.43 6.55 6.04 6.14 6.20 6.19 6.11 6.26 6.30 6.13 6.20 6.42 6.48 6.59 6.48 6.54 6.42 6.52 6.72 6.74 7.00 7.39 6.95 7.24 7.36 7.64 8.09 7.81 8.35 8.41 7.61 8.17 8.21 -9999.00
8.74 8.59 8.44 8.20 8.14 7.97 7.89 7.89 7.62 7.48 7.80 7.27 7.17 7.06 6.92 6.86 6.89 7.19 7.04 6.46 6.29 6.40 6.82 6.80 6.76 6.70 6.68 6.57 6.51 6.72 6.44 5.90 6.18 6.53 6.44 6.11 6.25 6.18 5.98 5.88 6.05 6.24 6.32 6.06 6.06 5.98 6.16 5.89 6.03 6.13 6.09 6.01 6.19 6.29 6.42 6.25 6.33 6.40 6.33 6.57 6.64 6.61 7.03 6.77 7.05 7.20 7.54 7.34 7.98 7.78 8.09 7.91 8.44 8.23 8.42
8.66 8.53 8.20 8.12 8.13 7.79 7.79 7.71 7.52 7.38 7.30 7.57 7.32 6.94 6.94 6.76 6.71 7.04 7.74 6.82 6.30 6.24 6.80 6.52 6.67 6.54 6.68 6.41 6.33 6.42 6.26 6.36 6.14 6.42 6.24 5.97 6.04 5.94 5.81 5.78 6.24 5.74 6.13 5.89 5.97 5.62 5.78 5.88 5.80 5.92 6.08 5.81 5.85 5.93 6.24 6.07 5.95 6.04 6.19 6.32 6.17 6.67 6.54 6.85 6.66 6.91 7.03 7.10 7.86 7.79 7.58 7.66 8.15 8.56 9.27
8.54 8.44 8.20 7.99 7.86 7.78 7.86 7.50 7.36 7.16 6.97 7.10 7.09 6.91 6.76 6.80 6.65 6.63 7.31 6.78 6.61 6.50 6.56 6.48 6.56 6.30 6.25 6.58 5.83 6.14 6.15 6.13 5.96 6.34 6.16 5.85 5.86 5.89 5.73 5.69 6.11 5.76 6.07 5.76 5.72 5.52 5.63 5.95 5.71 5.99 5.70 5.68 5.57 5.76 5.88 5.81 5.76 5.88 5.89 5.95 6.04 6.22 6.51 6.49 6.70 6.74 6.86 7.03 7.28 7.45 7.40 7.70 7.86 8.49 8.44
8.46 8.32 8.31 8.33 7.85 7.72 7.62 7.43 7.18 7.05 6.89 6.90 6.91 6.79 6.80 6.61 6.58 6.53 6.76 6.66 6.45 6.48 6.35 6.30 6.27 6.21 6.13 6.44 6.22 6.07 6.11 6.09 6.04 5.92 6.03 5.85 5.75 5.58 5.58 5.74 6.09 5.52 5.84 5.56 5.49 5.47 5.52 5.71 5.70 5.67 5.58 5.49 5.71 5.44 5.75 5.49 5.62 5.66 5.68 5.68 6.01 6.09 6.33 6.28 6.45 6.52 6.65 6.99 7.02 7.00 7.05 7.31 7.62 8.43 9.02
8.34 8.38 8.12 7.99 8.19 7.72 7.48 7.28 7.23 7.15 7.21 6.89 6.83 6.66 6.57 6.51 6.42 6.45 6.93 6.47 6.45 6.28 6.26 6.40 6.20 6.16 6.13 6.17 6.26 5.97 6.02 5.90 5.89 5.74 6.03 5.92 5.60 5.45 5.49 5.68 5.70 5.51 5.60 5.77 5.39 5.24 5.43 5.44 5.30 5.42 5.34 5.28 5.47 5.38 5.37 5.31 5.27 5.37 5.53 5.52 5.62 5.83 5.92 6.10 6.19 6.41 6.89 6.70 6.89 6.87 7.00 7.37 7.69 7.57 8.88
8.26 8.16 7.99 7.83 7.70 7.80 7.44 7.31 7.16 7.10 7.03 6.86 6.84 6.55 6.45 6.39 6.29 6.32 7.13 6.29 6.18 6.12 6.14 6.31 6.31 6.01 5.92 6.04 5.97 5.98 5.83 5.71 5.62 5.76 5.81 5.89 5.46 5.43 5.49 5.45 5.72 5.37 5.59 5.62 5.46 5.14 5.08 5.35 5.22 5.31 5.07 5.10 5.26 5.27 5.14 5.20 5.15 5.18 5.27 5.42 5.49 5.78 5.64 5.80 6.00 6.46 6.40 6.54 6.69 6.69 6.68 7.20 7.22 7.75 7.37
8.00 7.97 7.89 7.70 7.61 7.60 7.60 7.32 7.16 6.98 6.84 6.68 6.64 6.56 6.39 6.28 6.16 6.47 6.43 6.11 6.00 6.00 5.98 6.02 6.12 5.87 5.97 6.07 6.05 5.86 5.76 5.72 5.50 5.66 5.88 5.56 5.41 5.32 5.30 5.26 5.59 5.28 5.39 5.23 5.34 4.87 4.88 5.14 4.92 5.05 4.99 5.01 5.03 4.98 5.11 5.08 4.90 4.94 5.03 5.25 5.36 5.57 5.52 5.61 5.79 5.91 5.98 6.28 6.34 6.53 6.85 6.91 7.07 7.31 7.69
7.89 7.81 7.68 7.55 7.47 7.45 7.25 7.15 7.06 7.06 7.00 6.66 6.55 6.60 6.43 6.18 6.11 6.88 6.39 6.24 5.98 5.87 5.78 5.82 5.86 6.11 5.73 5.89 5.90 5.70 5.65 5.63 5.43 5.31 5.47 5.40 5.47 5.21 5.20 5.16 5.44 5.31 5.09 4.94 5.03 4.83 4.86 4.82 4.81 4.87 4.78 4.82 4.93 4.82 4.81 4.93 4.82 4.81 4.86 5.03 5.16 5.18 5.34 5.28 5.83 5.59 5.72 5.86 6.18 6.28 6.39 6.61 6.56 7.36 7.02
7.72 7.64 7.58 7.51 7.39 7.30 7.09 7.10 6.97 6.84 6.79 6.92 6.52 6.43 6.28 6.19 6.12 6.01 6.62 6.14 5.97 5.85 5.76 5.79 5.84 5.72 5.87 5.93 5.64 5.48 5.52 5.43 5.35 5.22 5.33 5.23 5.27 5.01 5.06 5.03 5.44 4.89 5.07 4.84 5.21 4.77 4.71 4.68 4.66 4.76 4.69 4.63 4.74 4.65 4.70 4.71 4.63 4.59 4.64 4.83 5.02 5.07 5.15 5.18 5.37 5.38 5.48 5.69 6.01 6.09 6.17 6.33 6.34 6.44 6.72
7.66 7.61 7.50 7.40 7.24 7.21 7.18 6.88 6.79 6.75 6.59 6.69 6.51 6.37 6.34 6.19 6.12 6.03 6.05 6.11 5.81 5.78 5.65 5.55 5.61 5.54 5.74 5.63 5.53 5.45 5.47 5.38 5.22 5.14 5.20 5.21 5.19 5.06 4.91 4.88 5.22 5.06 4.91 4.68 4.87 5.01 4.54 4.61 4.49 4.67 4.50 4.49 4.67 4.57 4.53 4.56 4.48 4.42 4.52 4.65 4.91 4.87 4.99 5.08 5.12 5.27 5.51 5.54 5.64 5.84 5.91 5.97 6.18 6.25 6.55
7.54 7.47 7.37 7.24 7.13 7.03 6.93 6.88 6.73 6.63 6.52 6.10 6.72 6.52 6.18 6.04 6.01 5.91 5.93 5.98 6.19 5.71 5.76 5.48 5.46 5.50 5.69 5.65 5.47 5.45 5.23 5.32 5.25 5.10 5.16 5.16 5.09 4.82 4.82 4.83 5.06 5.08 4.65 4.60 4.54 4.67 4.49 4.44 4.34 4.49 4.34 4.39 4.34 4.33 4.37 4.32 4.27 4.27 4.34 4.42 4.72 4.58 4.79 4.73 4.85 5.11 5.25 5.34 5.41 5.49 5.66 5.76 5.86 5.97 6.30
7.82 7.51 7.27 7.15 7.07 6.93 6.79 6.77 6.66 6.49 6.57 6.04 5.97 6.24 6.22 5.97 5.96 6.04 5.80 5.96 5.73 5.94 5.74 5.51 5.50 5.45 5.57 5.49 5.46 5.23 5.24 5.16 5.16 5.02 4.94 5.15 4.93 4.85 4.85 4.78 4.84 4.86 4.65 4.45 4.63 4.55 4.58 4.24 4.23 4.23 4.17 4.28 4.21 4.14 4.14 4.09 4.04 4.05 4.19 4.13 4.42 4.49 4.63 4.80 4.72 4.82 4.93 4.95 4.88 5.20 5.54 5.47 5.68 5.93 5.88
7.50 7.41 7.16 7.32 6.95 6.85 6.72 6.61 6.57 6.45 6.03 6.60 6.28 6.41 6.07 6.12 5.97 5.85 5.77 5.74 5.59 5.53 5.98 5.74 5.52 5.48 5.56 5.32 5.49 5.16 5.10 5.10 5.07 4.97 4.76 5.00 4.85 4.83 4.78 4.62 4.76 4.58 4.66 4.43 4.33 4.45 4.44 4.12 4.16 4.11 4.02 4.15 4.15 3.99 4.01 3.89 3.94 3.94 3.96 4.09 4.25 4.44 4.42 4.42 4.57 4.72 4.64 4.69 4.80 4.94 5.36 5.32 5.52 5.70 5.79
7.33 7.42 7.16 7.02 6.93 6.90 6.67 6.57 6.45 6.36 6.27 6.28 6.19 6.13 6.17 5.95 5.92 5.86 5.76 5.63 5.65 5.65 5.45 5.49 5.72 5.47 5.42 5.11 5.31 5.13 5.00 4.95 5.04 4.97 4.67 4.94 4.77 4.64 4.69 4.68 4.51 4.53 4.58 4.40 4.21 4.43 4.51 4.12 4.21 4.02 3.85 3.92 3.94 3.92 3.97 3.87 3.88 3.87 3.94 3.96 4.11 4.18 4.36 4.30 4.34 4.52 4.46 4.44 4.62 4.82 4.97 5.11 5.29 5.37 5.56
7.26 7.17 7.27 6.96 6.80 6.70 6.84 6.57 6.45 6.29 6.14 6.10 6.12 6.05 5.92 6.11 5.84 5.76 5.70 5.64 5.50 5.46 5.51 5.37 5.52 5.48 5.48 5.31 5.23 5.04 4.84 4.68 4.95 4.86 4.86 4.69 4.54 4.56 4.57 4.57 4.42 4.30 4.35 4.55 4.17 4.08 4.30 4.05 4.00 3.99 3.80 3.84 3.85 3.86 3.85 3.82 3.75 3.80 3.88 3.99 4.00 4.06 3.99 4.13 4.19 4.28 4.33 4.32 4.42 4.50 4.76 4.97 5.04 5.28 5.53
7.40 7.16 7.01 6.82 6.76 6.66 6.70 6.67 6.37 6.27 6.12 5.99 5.96 5.97 6.05 5.90 5.88 5.70 5.68 5.67 5.48 5.47 5.35 5.54 5.32 5.38 5.18 5.31 5.05 5.02 4.97 4.79 4.80 4.66 4.67 4.49 4.62 4.51 4.35 4.45 4.32 4.20 4.28 4.48 4.05 4.04 3.94 4.24 3.86 3.85 3.75 3.66 3.77 3.71 3.69 3.66 3.67 3.70 3.69 3.80 3.86 3.93 4.03 3.99 4.11 4.14 4.13 4.20 4.29 4.46 4.57 4.80 4.78 5.02 5.11
7.18 7.08 6.92 6.80 6.71 6.64 6.57 6.63 6.38 6.45 6.12 5.95 5.88 5.82 5.70 5.65 5.70 5.77 5.57 5.48 5.51 5.37 5.23 4.97 4.99 5.22 5.21 5.07 5.28 4.97 4.81 4.91 4.66 4.57 4.57 4.43 4.38 4.57 4.36 4.34 4.24 4.14 4.17 4.05 3.99 3.85 3.90 4.19 3.80 3.59 3.60 3.62 3.70 3.66 3.59 3.47 3.55 3.59 3.61 3.66 3.88 3.69 3.87 3.84 3.93 4.11 4.03 4.01 4.10 4.19 4.34 4.48 4.62 4.76 4.95
7.23 7.18 6.87 6.78 6.71 6.63 6.52 6.49 6.26 6.25 6.49 5.94 5.84 5.77 5.67 5.60 5.58 5.80 5.17 5.06 5.04 4.99 4.90 4.98 5.25 5.24 5.03 5.00 5.18 4.87 4.68 4.56 4.71 4.60 4.61 4.41 4.33 4.35 4.20 4.22 4.16 4.04 3.96 3.93 4.18 3.79 3.87 3.93 3.74 3.57 3.53 3.43 3.45 3.54 3.47 3.49 3.47 3.39 3.46 3.61 3.64 3.71 3.75 3.72 3.88 3.79 4.02 3.88 3.94 4.02 4.20 4.12 4.42 4.56 4.64
7.09 6.99 6.89 6.78 6.70 6.56 6.45 6.27 6.17 6.06 5.97 6.05 5.82 5.63 5.57 5.57 5.47 5.12 5.19 5.47 5.31 4.97 4.96 4.90 4.86 5.03 4.92 5.04 4.96 5.07 4.62 4.55 4.59 4.54 4.36 4.51 4.22 4.20 4.25 4.22 3.98 3.99 3.90 3.76 3.81 3.83 3.76 3.71 3.65 3.63 3.49 3.41 3.43 3.50 3.40 3.44 3.41 3.35 3.44 3.65 3.57 3.56 3.56 3.73 3.70 3.72 3.77 3.75 3.81 3.79 4.01 3.95 4.29 4.39 4.57
7.07 6.96 6.81 6.28 6.57 6.52 6.41 6.22 6.04 6.07 5.89 6.15 5.98 5.61 5.51 5.46 5.43 5.38 5.46 5.02 5.28 4.94 4.90 4.80 4.79 5.22 4.82 4.82 4.79 5.08 4.74 4.27 4.23 4.44 4.45 4.26 4.36 4.08 4.07 4.10 4.04 3.92 3.83 3.81 3.82 3.86 3.67 3.76 3.78 3.48 3.44 3.35 3.33 3.40 3.33 3.31 3.32 3.32 3.38 3.41 3.44 3.40 3.35 3.56 3.55 3.54 3.60 3.62 3.70 3.82 3.84 4.06 4.04 4.13 4.41
6.99 6.87 6.77 6.62 6.53 6.12 6.50 6.21 5.99 5.85 5.78 5.92 5.84 5.66 5.20 5.10 5.07 5.04 5.29 4.95 5.28 4.86 4.80 4.79 4.63 5.02 5.04 4.76 4.74 4.67 5.08 4.56 4.83 4.70 4.26 4.18 4.13 4.03 4.04 3.95 3.84 3.96 3.71 3.72 3.71 3.83 3.67 3.76 3.59 3.56 3.43 3.28 3.28 3.28 3.24 3.21 3.24 3.26 3.20 3.31 3.35 3.31 3.35 3.42 3.43 3.52 3.48 3.51 3.61 3.66 3.87 3.79 3.80 4.13 4.21
6.88 6.73 6.65 6.51 6.41 6.32 6.19 6.20 6.10 5.84 5.73 5.63 5.81 5.16 5.67 5.12 5.07 5.33 4.92 4.91 4.88 4.78 4.76 4.65 4.88 4.87 4.80 4.48 4.81 4.54 4.50 4.82 4.71 4.48 4.66 4.54 4.38 4.16 3.98 3.87 3.88 3.83 3.87 3.67 3.73 3.69 3.49 3.68 3.48 3.40 3.42 3.22 3.25 3.19 3.15 3.13 3.13 3.18 3.32 3.22 3.16 3.22 3.25 3.38 3.33 3.34 3.35 3.40 3.50 3.44 3.54 3.56 3.86 3.94 4.15
6.90 6.68 6.57 6.44 6.39 6.20 6.07 5.61 5.94 5.98 5.78 5.54 5.16 5.58 5.12 5.07 5.02 4.94 4.90 4.88 4.81 4.81 4.72 4.99 4.93 4.82 4.72 4.85 4.65 4.61 4.44 4.61 4.63 4.41 4.32 4.51 4.29 4.43 4.29 4.01 3.94 3.81 3.68 3.68 3.62 3.67 3.45 3.52 3.53 3.31 3.31 3.20 3.15 3.14 3.09 3.06 3.02 3.19 3.27 3.11 3.10 3.07 3.15 3.30 3.20 3.11 3.14 3.24 3.33 3.43 3.42 3.58 3.64 3.62 4.14
6.79 6.61 6.52 6.39 6.27 5.79 5.65 5.47 5.81 5.74 5.26 5.64 5.39 5.45 5.13 5.05 5.03 4.90 4.78 4.85 4.87 4.77 4.99 4.82 4.40 4.38 4.64 4.80 4.75 4.48 4.42 4.42 4.50 4.50 4.25 4.26 4.24 4.23 4.26 3.99 3.93 3.85 3.68 3.49 3.50 3.57 3.54 3.30 3.30 3.27 3.29 3.17 3.13 3.09 3.04 3.03 3.08 3.07 3.11 3.01 3.00 2.96 3.03 3.07 3.03 3.16 3.13 3.20 3.24 3.20 3.37 3.34 3.55 3.89 3.81
6.68 6.56 6.48 6.42 6.43 5.69 5.53 5.40 5.36 5.78 5.69 5.53 5.05 4.99 5.31 5.32 4.90 4.90 4.83 5.16 4.64 5.07 4.61 4.39 4.32 4.71 4.60 4.60 4.50 4.57 4.38 4.44 4.45 4.32 4.31 4.12 4.18 4.03 4.18 4.20 3.80 3.64 3.56 3.46 3.43 3.50 3.48 3.33 3.17 3.29 3.11 3.11 3.03 3.01 3.01 3.02 3.05 2.98 2.94 2.93 2.92 2.88 2.89 2.95 2.98 2.99 3.01 3.04 3.11 3.13 3.19 3.24 3.43 3.58 3.64
6.68 6.51 6.41 6.36 6.25 5.81 6.05 5.91 5.25 5.16 5.11 5.08 5.02 4.97 4.94 5.18 5.15 4.90 5.22 5.05 4.94 4.57 4.85 4.80 4.67 4.29 4.63 4.72 4.56 4.53 4.63 4.28 4.21 4.24 4.09 4.09 4.10 4.11 4.03 4.06 3.71 3.66 3.64 3.52 3.49 3.40 3.37 3.40 3.17 3.17 3.15 3.05 2.97 2.97 2.96 2.98 3.04 2.90 2.91 2.86 2.84 2.80 2.83 2.95 2.89 2.89 2.95 3.02 3.02 3.12 3.31 3.35 3.35 3.44 3.45
