maui/input/gr0_in_month_ascii/gr0_in_mar__maui.asc
ncols        356
nrows        236
xllcorner    -156.702000000000
yllcorner    20.529750000000
cellsize     0.002250000000
NODATA_value  -99.00
[rows 132 to 164 of 236, columns 150 to 224 of 356]
4.66 4.65 4.59 4.42 4.41 4.16 4.13 4.09 3.93 3.95 4.09 3.91 3.68 3.46 3.56 3.32 3.36 3.54 3.36 3.50 3.37 3.18 3.12 3.13 3.36 3.00 3.00 2.91 2.90 3.14 3.06 3.03 2.91 2.80 2.88 2.95 2.97 2.97 2.85 2.82 2.87 2.87 2.88 2.90 2.93 2.99 2.98 3.03 3.15 3.17 3.24 3.25 3.33 3.38 3.35 3.38 3.43 3.41 3.43 3.43 3.51 3.46 3.42 3.54 3.33 3.14 3.04 3.12 3.23 3.18 3.16 3.19 3.16 3.15 3.14
4.72 4.61 4.54 4.48 4.31 4.09 4.12 4.05 3.95 3.82 3.88 3.97 3.63 3.42 3.41 3.35 3.35 3.44 3.28 3.36 3.34 3.45 3.19 3.27 3.33 3.10 3.21 3.18 3.06 2.90 3.14 2.96 2.69 2.81 2.80 2.83 2.88 2.83 2.87 2.84 2.87 2.89 2.90 2.91 2.94 2.97 3.05 3.20 3.17 3.22 3.24 3.32 3.44 3.45 3.48 3.49 3.52 3.53 3.54 3.57 3.55 3.56 3.63 3.63 3.39 3.17 3.28 3.15 3.27 3.26 3.24 3.18 3.22 3.14 3.19
4.55 4.57 4.49 4.33 4.36 4.05 3.96 3.99 3.95 3.84 3.84 3.66 3.73 3.65 3.50 3.36 3.35 3.28 3.17 3.14 3.31 3.16 3.07 3.35 3.09 3.15 3.08 3.17 3.16 3.13 2.98 2.93 2.84 2.83 2.83 2.82 2.83 2.83 2.85 2.87 2.90 2.91 2.92 2.93 3.04 3.14 3.19 3.05 3.11 3.31 3.37 3.41 3.46 3.50 3.54 3.58 3.61 3.63 3.68 3.64 3.66 3.68 3.72 3.68 3.52 3.43 3.49 3.46 3.25 3.19 3.25 3.18 3.24 3.28 3.19
4.61 4.49 4.40 4.22 4.20 4.14 3.94 3.85 3.82 3.82 3.78 3.47 3.56 3.65 3.47 3.38 3.24 3.19 3.20 3.09 3.09 2.99 3.12 3.21 3.30 2.96 2.99 2.97 3.01 2.87 3.07 2.87 2.85 2.87 2.88 2.82 2.83 2.84 2.87 2.91 2.92 2.81 3.08 2.98 3.09 3.15 3.20 3.07 3.05 3.16 3.46 3.49 3.53 3.61 3.64 3.66 3.74 3.71 3.76 3.75 3.76 3.79 3.80 3.79 3.75 3.54 3.72 3.51 3.20 3.11 3.08 3.03 3.26 3.25 3.20
4.70 4.60 4.49 4.30 4.08 4.11 4.03 3.85 3.79 3.75 3.66 3.49 3.69 3.34 3.40 3.53 3.28 3.40 3.17 3.14 3.12 3.06 3.06 2.97 3.02 3.28 3.15 3.14 3.11 2.81 3.08 3.03 2.90 2.84 2.85 2.83 2.87 2.88 2.91 2.92 2.93 2.83 3.12 3.05 3.13 3.24 3.24 3.30 3.21 3.21 3.31 3.46 3.61 3.65 3.74 3.76 3.82 3.84 3.86 3.87 3.88 3.86 3.85 3.87 3.64 3.38 3.35 3.36 3.09 3.27 3.12 3.18 3.29 3.26 3.26
4.54 4.57 4.47 4.41 4.11 3.99 3.91 3.83 3.76 3.69 3.78 3.75 3.45 3.48 3.57 3.58 3.28 3.31 3.12 3.39 3.21 3.02 3.00 2.98 2.95 3.01 2.88 3.05 3.14 2.82 3.09 2.89 3.10 3.01 2.97 2.78 3.03 2.91 3.00 3.01 2.80 2.89 3.15 3.19 3.19 3.27 3.14 3.27 3.43 3.50 3.40 3.62 3.68 3.74 3.83 3.87 3.90 3.94 3.96 3.97 3.94 3.93 3.98 3.65 3.35 3.46 3.31 3.25 3.22 3.18 3.15 3.34 3.31 3.31 3.30
4.62 4.42 4.47 4.30 4.08 4.19 4.01 3.92 3.97 3.77 3.65 3.40 3.54 3.56 3.35 3.28 3.40 3.47 3.46 3.38 3.07 3.28 2.98 3.13 3.23 2.94 2.96 3.01 2.97 3.10 2.90 2.74 2.86 2.85 2.72 2.81 2.92 2.83 2.84 2.81 2.99 2.89 3.19 3.20 3.25 3.17 3.20 3.28 3.30 3.58 3.63 3.67 3.73 3.82 3.87 3.92 3.98 4.03 4.02 4.04 4.04 4.07 4.00 3.59 3.34 3.26 3.31 3.27 3.23 3.34 3.18 3.24 3.35 3.34 3.34
4.57 4.52 4.41 4.23 4.17 4.07 4.00 3.88 3.71 3.64 3.58 3.53 3.47 3.40 3.36 3.33 3.37 3.18 3.13 3.09 3.27 2.97 2.94 3.25 3.19 3.16 3.22 3.08 2.78 2.78 2.76 2.81 2.72 2.73 2.76 2.77 2.78 2.84 2.96 2.91 2.90 3.01 3.20 3.26 3.32 3.22 3.28 3.35 3.42 3.65 3.69 3.77 3.85 3.90 3.96 4.06 4.06 4.09 4.10 4.14 4.18 3.92 3.60 3.59 3.42 3.53 3.33 3.30 3.38 3.38 3.23 3.28 3.27 3.37 3.30
4.56 4.48 4.43 4.09 4.04 4.19 4.00 3.77 3.70 3.61 3.56 3.54 3.42 3.37 3.16 3.24 3.15 3.10 3.25 3.06 3.36 3.30 3.27 3.11 3.15 2.81 3.01 2.99 2.87 2.77 2.76 2.76 2.76 2.77 2.78 2.85 2.79 2.81 2.89 2.97 3.05 3.06 3.10 3.19 3.27 3.31 3.37 3.44 3.46 3.72 3.61 3.71 3.95 4.01 3.90 3.95 4.21 4.18 4.22 4.26 4.25 3.91 3.67 3.57 3.65 3.68 3.47 3.47 3.43 3.41 3.37 3.48 3.50 3.41 3.18
4.50 4.44 4.26 4.19 4.14 4.06 3.99 3.91 3.71 3.64 3.39 3.45 3.38 3.33 3.23 3.18 3.43 3.10 3.23 3.21 3.03 3.17 3.01 3.10 2.96 3.07 2.99 2.99 2.96 2.87 2.91 2.78 2.88 2.80 2.80 2.84 2.84 2.88 2.92 3.05 2.96 3.12 3.23 3.44 3.45 3.39 3.43 3.46 3.73 3.82 3.90 3.97 4.05 4.07 4.14 4.04 4.28 4.29 4.26 4.30 4.05 3.94 3.85 3.78 3.70 3.70 3.60 3.54 3.49 3.44 3.56 3.41 3.48 3.32 3.39
4.45 4.37 4.23 4.24 4.19 4.00 3.84 3.77 3.81 3.90 3.40 3.32 3.40 3.46 3.13 3.18 3.39 3.30 3.28 3.25 3.20 3.14 3.09 3.10 3.08 2.96 3.00 2.98 2.91 2.88 2.99 3.01 2.83 2.81 2.81 2.88 2.90 2.92 2.96 3.06 3.05 3.16 3.28 3.36 3.53 3.40 3.49 3.59 3.85 3.93 3.98 4.06 4.18 4.18 4.23 4.28 4.34 4.32 4.39 4.34 3.96 3.78 3.89 3.78 3.55 3.60 3.67 3.44 3.59 3.62 3.60 3.53 3.53 3.37 3.37
4.43 4.24 4.17 4.21 4.03 4.06 4.00 3.98 3.76 3.79 3.48 3.72 3.53 3.34 3.20 3.17 3.10 3.07 3.21 3.21 3.09 3.09 2.82 3.07 2.80 3.00 2.97 2.97 2.92 2.92 2.92 2.96 2.87 2.84 2.93 2.89 2.94 3.07 2.98 3.08 3.14 3.31 3.36 3.40 3.61 3.65 3.57 3.67 3.75 3.99 4.05 4.10 4.17 4.25 4.30 4.35 4.35 4.49 4.47 4.09 3.92 3.86 3.74 3.71 3.74 3.62 3.60 3.66 3.56 3.65 3.62 3.49 3.58 3.42 3.41
4.40 4.32 4.19 4.17 4.11 4.01 3.84 3.80 3.87 3.73 3.39 3.35 3.29 3.27 3.48 3.29 2.94 2.92 3.15 3.17 3.04 3.04 3.02 3.03 3.03 3.07 2.94 2.93 2.95 2.96 2.99 3.01 3.03 2.93 2.91 2.95 2.99 3.00 3.02 3.16 3.32 3.37 3.40 3.47 3.72 3.77 3.83 3.91 3.98 4.05 4.05 4.16 4.24 4.06 4.31 4.43 4.46 4.46 4.12 3.97 3.97 4.02 3.81 3.74 3.77 3.64 3.70 3.67 3.61 3.66 3.67 3.63 3.62 3.45 3.47
4.34 4.25 4.21 4.14 3.91 3.85 3.79 3.87 3.81 3.73 3.69 3.30 3.26 3.48 3.02 3.03 3.07 2.90 2.81 2.81 2.88 2.99 2.94 2.99 2.96 2.93 2.95 2.97 3.01 3.00 2.99 3.01 3.05 3.00 2.98 3.01 3.03 3.08 3.33 3.29 3.35 3.41 3.46 3.55 3.81 3.88 3.93 3.98 4.04 4.10 4.17 4.23 4.29 4.18 4.42 4.46 4.51 4.46 4.02 3.88 3.88 3.82 3.82 3.77 3.71 3.67 3.63 3.75 3.74 3.72 3.71 3.67 3.65 3.64 3.64
4.30 4.11 4.16 3.98 3.96 3.89 3.89 3.83 3.45 3.38 3.52 3.20 3.31 3.24 3.11 3.15 2.90 3.05 3.15 3.05 2.93 2.83 2.92 2.99 2.99 2.95 2.97 2.99 3.01 3.01 3.03 3.07 3.13 3.13 3.11 3.11 3.17 3.23 3.27 3.40 3.43 3.66 3.73 3.64 3.89 3.98 4.01 4.03 4.09 4.19 4.25 4.30 4.36 4.45 4.46 4.51 4.56 4.41 4.14 4.01 3.90 3.85 3.78 3.63 3.72 3.84 3.79 3.77 3.75 3.73 3.72 3.70 3.68 3.66 3.67
4.25 4.18 4.13 4.01 3.95 3.85 3.83 3.78 3.73 3.35 3.31 3.52 3.13 3.07 3.02 3.02 3.10 3.19 3.11 2.92 3.08 2.89 2.90 2.89 3.03 3.01 3.00 3.01 3.06 3.07 3.09 3.16 3.22 3.18 3.11 3.13 3.22 3.30 3.37 3.46 3.53 3.78 3.83 3.92 3.99 4.03 4.09 4.19 4.26 4.32 4.39 4.43 4.41 4.51 4.52 4.56 4.28 4.21 4.05 3.97 3.91 3.85 3.69 3.91 3.88 3.85 3.82 3.79 3.75 3.73 3.71 3.70 3.69 3.69 3.69
4.23 4.14 4.09 4.03 3.99 3.78 3.68 3.72 3.56 3.64 3.53 3.11 3.02 3.01 3.03 3.05 2.92 2.98 3.21 2.94 2.92 2.96 3.02 3.02 3.13 3.04 3.03 3.03 3.09 3.16 3.23 3.19 3.20 3.09 3.17 3.24 3.30 3.37 3.44 3.53 3.63 3.89 3.95 3.99 4.05 4.13 4.18 4.29 4.30 4.34 4.40 4.49 4.49 4.55 4.59 4.44 4.14 4.11 3.98 3.91 3.88 3.83 3.96 3.93 3.88 3.83 3.83 3.80 3.78 3.76 3.72 3.70 3.70 3.71 3.70
4.18 4.13 4.05 4.01 3.95 3.90 3.84 3.73 3.47 3.46 3.09 2.94 3.30 2.91 3.22 2.95 2.92 2.96 3.11 3.05 2.98 2.93 3.02 2.97 3.03 3.08 3.06 3.06 3.08 3.12 3.25 3.29 3.30 3.22 3.29 3.32 3.38 3.43 3.50 3.59 3.68 3.98 4.02 4.07 4.19 4.26 4.27 4.33 4.38 4.42 4.48 4.51 4.58 4.28 4.21 4.18 4.06 4.01 3.94 3.89 3.85 3.99 3.99 3.94 3.91 3.87 3.85 3.83 3.80 3.78 3.74 3.71 3.71 3.74 3.73
4.14 4.07 3.90 3.93 3.73 3.84 3.80 3.70 3.48 3.16 3.07 3.26 2.97 2.98 3.20 3.18 2.98 2.96 2.94 3.03 3.04 3.07 3.02 3.03 3.03 3.08 3.13 3.16 3.13 3.14 3.24 3.31 3.34 3.24 3.35 3.38 3.46 3.68 3.58 3.66 3.93 4.02 4.07 4.14 4.07 4.27 4.34 4.40 4.44 4.48 4.53 4.57 4.53 4.20 4.13 4.04 3.97 3.95 3.92 4.08 4.06 4.04 4.01 3.97 3.93 3.90 3.87 3.84 3.80 3.78 3.75 3.74 3.74 3.75 3.76
4.12 4.05 3.97 3.92 3.72 3.69 3.62 3.54 3.19 3.11 3.05 2.97 3.10 3.21 3.16 3.12 3.11 3.04 2.97 2.94 3.05 3.23 3.16 3.08 3.06 3.08 3.13 3.24 3.27 3.25 3.24 3.31 3.39 3.30 3.40 3.61 3.51 3.77 3.83 3.74 3.99 3.87 3.87 4.03 4.06 4.15 4.40 4.45 4.48 4.53 4.58 4.63 4.28 4.17 4.09 4.03 4.00 3.97 4.18 4.14 4.07 4.03 4.02 4.00 4.05 3.98 3.91 3.72 3.86 3.81 3.82 3.79 3.78 3.76 3.74
4.09 4.03 3.96 3.90 3.84 3.63 3.36 3.27 3.03 3.39 3.19 2.98 3.17 3.04 3.12 3.05 3.04 3.01 3.02 3.06 3.07 2.99 3.01 3.16 3.07 3.11 3.15 3.24 3.31 3.21 3.36 3.35 3.49 3.39 3.47 3.70 3.76 3.84 3.90 3.80 3.85 3.90 3.97 4.03 4.12 4.25 4.46 4.53 4.57 4.60 4.63 4.57 4.16 4.16 4.12 4.09 4.05 4.22 4.22 3.97 4.14 4.11 4.06 4.01 4.10 4.05 3.94 3.92 3.88 3.83 3.82 3.85 3.80 3.78 3.74
3.99 3.93 3.70 3.59 3.65 3.59 3.42 3.49 3.19 3.18 2.92 2.88 3.04 3.10 3.05 3.03 3.02 3.01 3.05 3.05 3.06 3.06 3.06 3.10 3.11 3.15 3.21 3.26 3.20 3.19 3.39 3.45 3.47 3.46 3.52 3.78 3.84 3.89 3.95 3.89 3.83 4.02 4.03 4.09 4.16 4.28 4.52 4.57 4.62 4.65 4.67 4.58 4.25 4.20 4.19 4.37 4.33 4.09 4.03 3.96 3.95 3.93 4.03 4.01 3.99 3.95 3.91 3.88 3.86 3.84 3.85 3.72 3.77 3.74 3.73
3.94 3.75 3.76 3.67 3.47 3.53 3.49 3.30 3.09 3.12 2.84 3.18 3.21 2.97 2.98 3.00 2.98 3.01 3.04 3.05 3.06 3.07 3.12 3.15 3.20 3.22 3.30 3.21 3.15 3.37 3.28 3.38 3.41 3.53 3.61 3.85 3.93 3.96 3.83 3.93 3.94 4.01 4.07 4.14 4.21 4.29 4.36 4.62 4.65 4.68 4.70 4.64 4.31 4.26 4.49 4.45 4.31 4.13 4.04 3.98 3.95 3.91 4.04 4.00 3.96 3.94 3.90 3.89 3.86 3.86 3.83 3.84 3.75 3.74 3.73
3.76 3.69 3.75 3.64 3.45 3.39 3.27 3.10 3.09 3.24 3.22 3.05 3.09 3.01 2.99 2.98 2.96 3.01 3.05 3.06 3.07 3.10 3.16 3.24 3.30 3.32 3.40 3.41 3.44 3.40 3.41 3.45 3.53 3.59 3.68 3.75 3.81 3.79 3.95 4.00 4.01 4.07 4.18 4.46 4.28 4.35 4.42 4.68 4.71 4.75 4.73 4.66 4.36 4.56 4.54 4.49 4.23 4.16 4.14 4.06 3.98 3.95 4.07 4.07 4.04 3.78 3.76 3.88 3.86 3.85 3.83 3.77 3.77 3.75 3.73
3.85 3.62 3.58 3.65 3.50 3.29 3.16 3.23 3.19 3.05 3.19 3.10 3.07 3.07 3.03 3.02 3.05 3.03 3.05 3.07 3.16 3.19 3.23 3.29 3.30 3.37 3.43 3.40 3.46 3.52 3.47 3.51 3.59 3.67 3.74 3.80 3.85 3.97 3.96 4.08 4.14 4.20 4.24 4.51 4.56 4.61 4.63 4.76 4.76 4.75 4.63 4.70 4.64 4.62 4.59 4.33 4.24 4.19 4.12 4.05 4.01 3.97 4.12 4.09 4.05 3.81 3.79 3.92 3.89 3.85 3.83 3.81 3.78 3.78 3.74
3.67 3.68 3.52 3.56 3.55 3.25 3.11 3.27 3.21 3.20 3.13 3.05 3.01 3.04 2.92 2.95 3.10 3.11 3.06 3.15 3.21 3.30 3.34 3.32 3.34 3.42 3.41 3.38 3.40 3.46 3.55 3.58 3.64 3.73 3.79 3.85 3.92 4.04 4.12 4.37 4.42 4.27 4.53 4.61 4.66 4.67 4.71 4.62 4.60 4.71 4.71 4.71 4.70 4.70 4.67 4.52 4.22 4.14 4.09 4.07 4.02 4.16 4.13 4.11 4.05 3.86 3.83 3.80 3.92 3.97 3.87 3.85 3.80 3.78 3.76
3.44 3.51 3.47 3.41 3.31 3.18 3.11 3.20 3.06 3.14 3.03 3.01 3.04 3.08 2.94 2.90 3.06 2.98 3.12 3.21 3.29 3.24 3.22 3.39 3.33 3.36 3.38 3.42 3.44 3.45 3.60 3.67 3.70 3.77 3.85 3.91 3.99 4.13 4.36 4.43 4.47 4.51 4.60 4.65 4.69 4.66 4.65 4.65 4.64 4.64 4.65 4.66 4.65 4.65 4.64 4.57 4.46 4.40 4.18 4.34 4.08 4.26 4.20 4.21 4.16 4.21 3.91 3.87 4.07 4.06 3.93 3.92 3.94 3.80 3.73
3.39 3.34 3.29 3.29 3.23 3.17 3.22 3.30 3.00 3.00 3.01 3.01 3.09 2.97 2.98 3.00 2.91 3.12 3.26 3.29 3.29 3.21 3.33 3.38 3.46 3.38 3.45 3.51 3.47 3.63 3.68 3.74 3.80 3.84 3.93 3.98 4.24 4.40 4.45 4.49 4.53 4.60 4.55 4.60 4.60 4.58 4.56 4.55 4.56 4.56 4.57 4.58 4.60 4.60 4.59 4.56 4.57 4.52 4.49 4.50 4.38 4.40 4.38 4.40 4.37 4.28 4.08 4.10 4.18 4.16 4.13 4.08 3.99 3.90 3.82
3.33 3.28 3.23 3.30 3.26 3.13 3.33 3.13 3.03 3.01 2.99 2.93 2.98 2.88 2.90 3.01 2.94 3.07 3.18 3.23 3.19 3.25 3.38 3.51 3.47 3.43 3.41 3.58 3.65 3.72 3.78 3.82 3.90 3.94 4.02 4.30 4.38 4.43 4.42 4.53 4.51 4.54 4.51 4.51 4.49 4.49 4.48 4.49 4.49 4.50 4.51 4.52 4.54 4.55 4.54 4.51 4.50 4.49 4.42 4.53 4.52 4.51 4.46 4.42 4.31 4.27 4.25 4.29 4.22 4.13 3.97 3.90 3.83 3.87 3.75
3.28 3.21 3.16 3.11 3.06 3.05 3.03 3.23 3.10 3.00 3.07 2.97 3.04 2.96 3.00 3.12 3.14 3.15 3.24 3.35 3.42 3.39 3.52 3.55 3.53 3.43 3.48 3.53 3.71 3.68 3.86 3.97 4.14 4.23 4.31 4.41 4.46 4.46 4.49 4.50 4.50 4.46 4.43 4.43 4.42 4.42 4.42 4.44 4.44 4.44 4.46 4.47 4.46 4.46 4.47 4.45 4.50 4.45 4.43 4.34 4.34 4.32 4.28 4.25 4.21 4.16 4.14 4.10 4.06 3.95 3.87 3.80 3.75 3.77 3.53
3.24 3.20 3.11 3.06 3.02 3.03 2.98 2.96 2.93 2.94 2.95 2.88 2.88 2.97 3.10 3.23 3.28 3.22 3.27 3.33 3.43 3.52 3.51 3.59 3.65 3.65 3.70 3.74 3.61 3.70 3.79 4.13 4.21 4.29 4.28 4.39 4.41 4.37 4.41 4.40 4.39 4.36 4.36 4.36 4.35 4.35 4.35 4.38 4.37 4.30 4.39 4.44 4.44 4.43 4.43 4.34 4.32 4.27 4.24 4.23 4.21 4.19 4.15 4.12 4.09 4.05 4.01 3.97 3.93 3.87 3.77 3.69 3.65 3.65 3.58
3.18 3.13 3.07 3.03 2.99 2.92 2.91 2.90 3.03 2.93 2.95 2.92 2.94 2.99 3.10 3.25 3.33 3.33 3.38 3.42 3.50 3.55 3.63 3.63 3.65 3.68 3.65 3.65 3.68 3.74 3.94 4.16 4.22 4.24 4.30 4.30 4.34 4.35 4.29 4.30 4.30 4.28 4.29 4.29 4.29 4.36 4.34 4.30 4.32 4.28 4.29 4.30 4.29 4.26 4.22 4.21 4.15 4.13 4.11 4.12 4.11 4.01 3.97 3.97 3.91 3.89 3.87 3.81 3.76 3.71 3.51 3.56 3.52 3.47 3.44
3.14 3.08 3.04 2.99 2.93 2.90 2.87 2.86 2.85 2.87 2.89 3.02 3.10 3.15 3.21 3.21 3.34 3.34 3.38 3.40 3.50 3.60 3.57 3.67 3.68 3.64 3.58 3.81 3.74 3.83 4.27 4.29 4.32 4.31 4.20 4.16 4.22 4.22 4.22 4.25 4.19 4.20 4.26 4.19 4.20 4.27 4.21 4.18 4.20 4.14 4.16 4.26 4.19 4.12 4.11 4.08 3.99 4.00 4.01 3.85 3.80 3.85 3.82 3.81 3.77 3.75 3.71 3.65 3.60 3.55 3.53 3.48 3.38 3.33 3.31
