maui/input/gr0_in_month_ascii/gr0_in_may__maui.asc
ncols        356
nrows        236
xllcorner    -156.702000000000
yllcorner    20.529750000000
cellsize     0.002250000000
NODATA_value  -99.00
[rows 33 to 65 of 236, columns 0 to 74 of 356]
-9999.00 -9999.00 -9999.00 -9999.00 -9999.00 -9999.00 -9999.00 -9999.00 -9999.00 -9999.00 -9999.00 9.44 9.45 9.58 9.15 8.82 8.91 8.89 8.97 8.70 8.58 8.18 8.00 8.08 7.42 7.15 7.66 8.07 7.21 7.46 6.91 7.15 7.06 6.47 6.31 5.86 6.43 6.21 6.36 6.25 5.83 5.88 6.13 6.61 6.16 6.42 7.36 6.72 5.92 5.86 5.55 5.32 6.16 5.59 5.33 5.84 5.67 6.07 6.06 6.04 6.26 6.16 6.74 6.92 7.26 6.93 8.12 7.57 7.36 7.07 7.25 7.45 7.60 7.45 7.73
-9999.00 -9999.00 -9999.00 -9999.00 -9999.00 -9999.00 -9999.00 -9999.00 -9999.00 -9999.00 -9999.00 9.40 9.21 10.01 9.57 9.00 8.99 8.92 8.66 8.43 8.22 8.01 8.23 7.47 7.29 6.89 6.84 7.20 7.61 6.88 7.09 6.41 6.26 6.59 6.20 5.75 6.10 6.52 6.12 6.22 5.63 5.98 5.77 5.70 6.34 6.14 6.13 7.04 6.03 5.77 5.63 5.28 5.83 5.20 5.10 5.29 5.61 6.18 5.28 5.54 5.91 6.19 6.38 6.08 6.51 6.62 7.88 6.69 6.18 7.25 7.89 8.24 7.98 8.04 7.85
-9999.00 -9999.00 -9999.00 -9999.00 -9999.00 -9999.00 -9999.00 -9999.00 -9999.00 -9999.00 -9999.00 9.49 9.19 9.18 9.10 9.49 9.20 8.55 8.45 8.11 8.06 7.84 7.61 7.45 7.11 7.42 6.63 6.84 6.65 7.58 6.39 6.52 6.19 6.36 6.11 5.61 5.92 6.36 5.78 5.68 5.36 5.78 5.54 5.62 6.09 5.52 6.02 6.85 5.89 5.23 5.71 5.04 5.38 5.47 4.97 4.98 5.42 5.70 4.96 5.23 5.72 6.30 5.68 5.99 5.94 6.99 7.18 5.99 6.35 6.89 7.09 7.00 7.61 7.55 7.40
-9999.00 -9999.00 -9999.00 -9999.00 -9999.00 -9999.00 -9999.00 -9999.00 -9999.00 -9999.00 9.38 9.40 9.23 9.10 8.96 8.66 8.62 8.66 8.22 8.12 7.82 8.18 7.71 7.30 7.72 6.91 7.14 6.40 6.56 6.91 6.73 6.05 6.02 5.99 6.15 5.96 5.64 6.52 5.43 5.29 5.52 5.59 5.35 5.57 5.90 5.67 6.19 6.31 6.39 5.46 5.39 5.09 5.20 5.13 5.02 4.80 5.27 5.47 5.00 4.99 5.47 5.91 5.24 5.75 6.17 7.50 6.51 6.01 6.31 6.63 6.45 6.94 7.47 7.00 7.05
-9999.00 -9999.00 -9999.00 -9999.00 -9999.00 -9999.00 -9999.00 -9999.00 -9999.00 9.39 9.32 10.19 9.66 9.69 8.86 8.63 8.39 8.12 8.59 8.10 7.84 7.91 7.61 7.52 7.01 7.34 6.55 6.53 6.13 5.93 6.77 5.94 5.84 5.80 6.01 5.83 5.50 6.18 5.18 5.06 5.29 5.13 5.15 5.33 5.77 5.43 5.63 5.70 6.29 5.69 5.08 4.93 4.77 4.77 4.83 4.81 5.42 4.80 4.75 5.23 5.39 5.60 5.29 5.73 6.54 6.75 5.94 6.41 6.56 6.29 6.79 6.99 6.81 6.61 6.49
-9999.00 -9999.00 -9999.00 -9999.00 -9999.00 -9999.00 -9999.00 -9999.00 -9999.00 9.28 9.15 9.23 8.99 9.35 9.24 9.14 8.25 8.03 7.87 7.83 8.11 7.28 7.11 7.15 7.34 6.70 7.02 6.76 6.19 5.84 6.23 6.16 5.63 5.48 5.86 5.29 5.15 5.87 5.28 4.90 4.93 5.06 4.95 5.06 5.22 5.23 5.29 5.30 5.99 5.95 4.87 4.99 4.40 4.55 4.55 4.75 5.06 4.58 4.59 4.96 5.32 5.36 5.54 6.52 6.47 5.94 6.10 6.01 6.07 6.52 6.74 6.66 6.29 6.26 6.11
-9999.00 -9999.00 -9999.00 -9999.00 -9999.00 -9999.00 -9999.00 -9999.00 -9999.00 9.20 9.04 9.22 8.88 8.76 9.15 8.51 8.29 8.80 7.86 7.64 7.43 7.28 7.70 7.18 6.88 6.77 6.41 6.51 6.09 6.01 5.81 6.65 5.58 5.35 5.28 5.07 4.93 5.32 5.29 4.80 4.72 4.76 4.66 4.96 5.22 4.71 4.84 4.95 5.62 6.24 4.92 4.67 4.51 4.27 4.38 4.76 4.68 4.43 4.30 4.85 5.03 5.21 5.96 6.78 5.65 5.78 5.97 5.68 5.88 6.52 6.47 6.20 6.22 6.07 6.63
-9999.00 -9999.00 -9999.00 -9999.00 -9999.00 -9999.00 -9999.00 -9999.00 9.05 9.06 9.02 8.74 8.82 8.80 8.98 8.44 8.22 8.02 8.11 8.25 7.38 7.17 6.88 7.11 7.10 6.47 6.25 6.48 6.16 5.87 5.66 5.63 5.95 5.87 5.34 4.89 4.93 5.04 5.57 4.78 4.71 4.46 4.31 4.63 4.85 4.44 4.64 4.79 5.44 6.19 5.06 4.44 4.30 4.14 4.22 4.67 4.39 4.25 4.21 4.50 4.76 5.07 5.14 6.47 5.16 5.55 5.47 5.76 5.89 6.12 6.17 5.98 6.07 7.09 7.47
-9999.00 -9999.00 -9999.00 -9999.00 -9999.00 -9999.00 -9999.00 9.04 9.01 9.01 8.84 9.18 8.71 8.72 8.57 8.24 8.10 7.97 7.82 8.11 7.47 7.72 7.03 6.71 6.62 6.61 6.64 6.03 6.09 5.72 5.59 5.45 5.47 5.26 5.55 5.17 4.88 4.82 5.33 5.30 4.66 4.47 4.44 4.45 4.38 4.33 4.63 4.40 4.72 6.09 5.18 4.47 4.18 4.12 4.26 4.47 4.35 4.09 4.23 4.44 4.76 4.98 5.83 5.97 5.01 5.28 5.31 5.96 5.46 5.38 5.28 5.62 5.82 6.70 6.50
-9999.00 -9999.00 -9999.00 -9999.00 -9999.00 -9999.00 -9999.00 9.01 9.08 8.92 8.99 9.01 8.90 8.49 8.31 8.12 7.98 7.93 7.74 7.50 7.82 7.50 7.30 6.95 6.61 6.84 6.16 6.22 6.30 6.03 5.45 5.30 5.31 5.19 4.87 5.75 4.71 4.70 4.64 4.89 4.63 4.33 4.19 4.26 4.12 4.24 4.55 4.36 4.33 5.18 5.38 4.47 3.99 3.87 4.28 4.33 4.19 4.07 4.07 4.38 4.59 5.27 5.62 5.47 4.76 5.09 5.15 5.17 5.29 4.86 5.14 5.27 5.48 5.79 6.02
-9999.00 -9999.00 -9999.00 -9999.00 -9999.00 -9999.00 -9999.00 9.03 8.97 9.06 8.87 8.85 8.79 8.46 8.20 7.98 7.84 7.83 7.73 7.52 7.27 6.96 7.49 6.66 6.83 6.74 6.10 6.36 5.62 5.75 5.87 5.28 4.93 4.91 4.75 5.26 4.76 4.64 4.34 4.77 4.40 4.22 3.85 3.89 3.92 4.19 4.18 4.12 4.18 5.09 5.51 4.94 4.29 3.84 4.23 4.20 4.23 3.91 4.12 4.32 4.44 5.53 5.06 4.92 4.78 5.03 4.96 4.86 5.12 4.76 5.04 5.21 5.48 5.70 5.91
-9999.00 -9999.00 -9999.00 -9999.00 -9999.00 -9999.00 -9999.00 9.04 8.95 8.95 8.92 8.69 8.53 8.36 8.07 7.88 7.80 7.74 7.55 7.33 7.15 7.15 6.65 6.52 6.63 6.15 6.06 5.87 5.93 5.66 5.31 5.18 5.04 4.75 4.53 4.37 4.98 4.30 4.34 4.27 4.66 4.09 3.56 3.58 3.76 4.11 3.96 3.91 4.04 4.26 5.14 5.21 4.47 3.82 3.96 4.01 4.16 3.81 4.07 4.06 4.54 5.40 4.47 4.52 4.67 4.86 4.56 4.57 4.82 4.63 5.15 5.23 5.56 5.76 6.02
-9999.00 -9999.00 -9999.00 -9999.00 -9999.00 -9999.00 9.02 9.03 8.94 9.40 8.94 8.78 8.57 8.34 8.06 7.90 7.75 7.60 7.54 7.24 7.08 6.81 6.59 6.38 6.37 6.83 6.04 5.79 5.93 5.49 5.26 4.99 4.75 4.66 4.45 4.28 4.61 4.30 4.07 4.03 4.56 4.04 3.56 3.41 3.61 4.01 3.77 3.72 3.88 4.00 4.95 4.74 4.07 3.82 3.74 3.83 4.06 3.83 4.02 4.12 4.74 4.95 4.61 4.40 4.39 4.68 4.41 4.42 4.63 4.56 4.81 5.21 5.53 5.85 6.52
-9999.00 -9999.00 -9999.00 -9999.00 -9999.00 -9999.00 9.04 9.10 9.12 8.98 8.76 9.02 8.46 8.29 8.07 8.03 7.78 7.55 7.37 7.18 6.98 7.18 6.54 6.32 6.23 5.97 6.60 6.02 5.65 5.48 5.44 4.97 4.71 4.49 4.43 4.26 4.48 4.41 4.03 3.73 4.51 4.08 3.48 3.35 3.83 3.71 3.66 3.55 3.71 3.95 4.62 5.01 4.06 3.47 3.75 3.96 3.94 3.56 3.91 4.28 5.14 4.16 4.45 3.97 4.23 4.13 4.18 4.43 4.64 4.85 5.32 5.59 6.00 5.98 6.23
-9999.00 -9999.00 -9999.00 -9999.00 -9999.00 9.07 9.05 9.01 9.04 8.91 8.75 8.51 8.52 8.21 8.01 7.90 7.73 7.59 7.38 7.20 6.88 6.70 6.65 6.43 6.22 5.96 5.77 6.13 5.99 5.26 5.10 4.92 4.85 4.68 4.36 4.16 4.60 4.03 4.09 3.91 4.31 3.81 3.44 3.38 3.66 3.69 3.46 3.56 3.47 4.13 4.51 5.00 3.97 3.50 3.73 3.61 3.67 3.70 3.92 4.25 4.74 3.98 4.17 3.89 3.72 3.73 3.96 4.19 4.70 5.11 5.40 5.39 5.61 5.65 5.69
-9999.00 -9999.00 -9999.00 -9999.00 9.19 9.13 9.37 8.92 8.96 8.85 8.73 8.49 8.33 8.18 8.05 7.98 7.70 7.51 7.30 7.07 6.81 6.93 6.57 6.39 6.17 5.89 5.85 5.47 5.31 5.63 5.41 5.14 4.69 4.49 4.31 4.20 4.39 4.12 3.88 3.83 3.72 3.99 3.66 3.53 3.48 3.65 3.34 3.25 3.44 4.15 4.47 4.89 4.04 3.44 3.55 3.60 3.47 3.64 3.72 4.68 4.14 3.93 3.90 3.61 3.70 4.09 4.00 4.24 4.31 4.57 4.88 4.89 5.33 5.30 5.37
-9999.00 -9999.00 -9999.00 -9999.00 9.26 9.07 9.03 9.05 8.98 8.77 8.68 8.51 8.35 8.18 8.03 7.88 7.89 7.48 7.53 7.34 6.96 6.76 6.57 6.31 6.09 5.86 5.64 5.39 5.48 5.44 4.94 4.73 5.01 4.88 4.38 4.18 4.05 4.25 3.93 3.69 3.59 3.50 3.74 3.56 3.59 3.35 3.28 3.16 3.42 3.88 3.94 4.49 4.22 3.58 3.45 3.51 3.25 3.71 4.46 4.19 3.55 3.62 3.70 3.61 3.85 3.79 4.11 3.92 3.97 4.62 4.60 4.70 4.95 4.89 5.12
-9999.00 -9999.00 -9999.00 9.34 9.32 9.48 9.43 9.04 9.16 8.86 8.75 8.70 8.88 8.05 8.07 8.17 7.66 7.43 7.28 7.06 7.34 6.66 6.44 6.26 6.06 5.76 5.53 5.31 5.24 5.15 5.23 4.64 4.38 4.78 4.71 4.68 4.16 3.93 4.06 4.02 3.91 3.52 3.40 3.64 3.24 3.26 3.32 3.11 3.51 3.80 3.59 4.47 4.32 3.49 3.30 3.35 3.19 3.87 4.45 3.40 3.46 3.51 3.44 3.70 3.62 3.86 3.64 3.55 3.76 4.06 4.42 4.99 5.37 5.42 5.51
-9999.00 -9999.00 -9999.00 9.43 9.44 9.49 9.38 9.21 9.32 9.52 9.02 8.81 8.64 8.64 8.55 7.84 7.59 7.61 7.20 7.05 7.14 6.93 6.45 6.20 5.99 5.77 5.74 5.61 5.31 5.07 4.88 4.83 4.66 4.16 4.25 3.81 4.34 3.95 3.66 3.73 3.51 3.68 3.23 3.37 3.28 3.13 3.10 3.08 3.34 3.43 3.32 3.93 4.55 3.71 3.17 3.10 3.43 3.37 4.31 3.20 3.34 3.33 3.45 3.57 3.62 3.65 3.57 3.71 3.83 4.48 4.92 5.78 6.23 6.53 6.72
-9999.00 -9999.00 -9999.00 9.44 9.49 9.46 9.24 9.10 9.24 8.73 8.53 8.77 8.26 8.08 7.92 8.04 7.73 7.45 7.47 7.22 7.56 7.20 6.43 6.41 5.99 5.76 5.51 5.42 5.22 5.27 5.12 4.71 4.41 4.18 4.29 3.85 3.74 4.38 3.70 3.50 3.61 3.48 3.20 3.20 3.45 3.03 3.05 3.05 3.22 3.34 3.25 3.86 4.48 3.61 3.11 3.38 3.24 3.30 3.99 3.15 3.17 2.99 3.33 3.35 3.62 3.89 4.06 4.14 4.51 5.15 5.93 6.57 6.77 6.70 7.25
-9999.00 -9999.00 -9999.00 9.39 9.85 9.48 9.17 8.92 8.76 8.67 8.50 8.64 8.21 8.11 8.00 7.78 7.61 7.42 7.19 6.97 6.98 6.82 7.04 6.22 5.97 5.60 5.27 5.23 5.26 4.88 4.64 4.41 4.52 4.22 3.88 3.79 3.65 3.68 3.79 3.75 3.22 3.37 3.20 3.15 3.20 2.95 2.95 3.04 3.32 3.29 3.23 3.76 4.39 3.43 3.00 3.13 3.15 3.38 3.74 2.95 2.97 3.00 3.09 3.38 3.65 3.82 3.85 4.35 5.43 5.79 6.33 6.21 5.76 5.79 6.51
-9999.00 -9999.00 -9999.00 9.26 8.94 9.56 9.08 9.07 8.65 8.56 8.75 8.66 8.22 8.30 7.92 7.76 7.50 7.63 7.36 7.13 7.11 6.76 6.51 6.17 6.47 6.41 5.95 5.18 5.10 4.74 4.50 4.22 4.20 4.03 4.10 3.54 3.33 3.31 3.37 3.78 3.74 3.24 3.23 3.10 3.14 2.93 2.93 2.90 3.09 3.14 3.40 3.84 3.98 3.29 2.99 3.04 3.03 3.29 3.96 2.96 3.09 2.99 2.97 3.20 3.29 3.58 3.93 4.20 4.71 5.60 6.02 5.11 4.74 5.09 5.34
-9999.00 -9999.00 -9999.00 9.17 8.88 9.23 8.94 8.76 8.89 8.49 8.35 8.46 8.11 8.08 8.15 7.97 7.91 7.45 7.35 6.95 6.88 6.48 6.32 6.43 5.78 5.78 5.52 5.88 5.83 5.22 4.65 4.32 3.94 3.76 3.61 3.73 3.54 3.27 3.24 3.43 3.42 3.34 2.99 3.00 3.03 3.20 2.89 2.85 2.96 2.96 3.31 3.58 4.05 3.33 2.94 2.95 2.92 3.17 3.68 3.07 2.97 2.95 2.99 3.23 3.25 3.38 4.30 5.02 5.89 5.94 5.34 4.45 4.23 4.64 5.11
-9999.00 -9999.00 -9999.00 9.13 8.81 8.65 8.70 8.79 8.42 8.32 8.21 8.09 8.03 7.93 7.78 7.59 7.42 7.21 7.27 6.88 6.55 6.36 6.26 5.93 5.76 5.63 5.59 5.20 4.87 5.01 5.14 5.36 5.19 4.53 4.11 3.83 3.67 3.28 3.31 3.14 3.37 3.27 3.15 2.82 2.89 2.97 2.78 2.82 2.89 2.89 3.22 3.69 3.98 3.20 2.87 2.94 2.90 2.96 3.20 2.99 2.95 2.82 3.16 4.22 3.54 3.84 4.68 5.67 5.43 5.12 4.71 4.38 4.38 4.53 4.67
-9999.00 -9999.00 -9999.00 9.11 9.31 8.63 9.27 8.56 7.97 8.17 8.06 7.96 7.84 8.08 7.87 7.79 7.42 7.17 6.94 6.88 6.49 6.24 6.11 5.70 5.50 5.66 5.57 5.19 4.99 4.73 4.52 4.12 4.15 4.24 4.36 4.71 4.24 4.36 4.09 3.46 2.93 3.10 3.20 2.91 2.86 2.84 2.99 2.81 2.78 2.85 3.04 3.33 3.93 3.07 2.74 2.83 2.85 2.94 3.05 2.84 2.89 2.91 3.28 3.97 4.48 5.00 5.39 5.44 4.39 3.94 4.06 3.85 4.04 4.61 4.95
-9999.00 -9999.00 9.15 9.08 9.75 9.42 9.34 9.03 8.28 7.69 7.97 7.89 7.74 7.83 7.73 7.60 7.43 7.23 7.05 6.53 6.32 6.13 5.85 5.54 5.53 5.25 5.37 5.06 4.98 4.51 4.43 4.20 3.95 3.73 3.68 4.32 4.39 3.39 3.39 3.72 3.08 3.00 3.02 2.99 2.85 2.77 2.83 2.79 2.74 2.73 3.06 3.54 3.31 2.90 2.73 2.84 2.86 2.93 3.01 2.73 2.95 3.39 3.86 4.21 4.61 4.28 4.73 5.20 3.92 3.55 3.60 3.73 4.27 4.66 4.98
-9999.00 8.96 9.15 8.73 9.71 9.00 9.31 9.09 7.85 8.13 7.84 7.99 7.95 7.74 7.61 7.50 7.29 7.10 6.89 6.41 6.24 5.96 5.79 5.68 5.64 5.21 4.93 4.85 4.71 4.48 4.38 4.34 3.86 3.70 3.43 3.49 3.86 3.81 3.17 3.29 3.44 2.90 2.95 3.02 2.77 2.80 2.75 2.77 2.74 2.73 3.07 3.45 3.55 2.84 2.59 2.69 2.82 2.85 2.94 2.71 3.12 3.73 3.94 3.98 3.98 3.80 4.66 4.96 3.81 3.38 3.53 3.77 4.04 4.32 4.85
-9999.00 -9999.00 9.10 8.67 9.13 8.95 9.22 8.12 8.36 8.06 8.09 7.88 7.78 7.66 7.53 7.37 7.27 7.06 6.87 6.47 6.14 5.92 5.73 5.52 5.45 5.12 4.77 4.60 4.52 4.44 4.42 3.97 3.94 3.71 3.47 3.28 3.51 3.66 3.20 3.02 3.42 3.35 2.94 2.84 2.86 2.78 2.74 2.71 2.74 2.79 3.06 3.73 3.07 2.92 2.53 2.67 2.73 2.80 2.83 2.70 2.79 2.93 3.02 3.14 3.68 4.59 5.12 4.50 3.84 3.19 3.24 3.51 3.83 4.54 5.10
-9999.00 -9999.00 9.08 9.02 9.17 9.41 9.31 8.58 8.49 7.95 8.00 7.82 7.72 7.61 7.43 7.36 7.19 6.95 6.72 6.46 6.11 5.93 5.78 5.74 5.45 5.11 4.86 4.93 4.47 4.22 4.14 3.98 3.69 3.62 3.45 3.32 3.26 3.58 3.37 3.00 2.99 3.09 3.12 3.00 2.72 2.64 2.70 2.68 2.71 2.79 3.22 3.52 3.01 2.86 2.57 2.48 2.66 2.72 2.75 2.68 2.74 2.65 2.82 3.23 3.95 4.82 3.85 3.81 3.53 3.08 3.24 3.40 3.88 4.15 4.39
-9999.00 8.96 9.08 8.70 9.13 9.54 9.28 9.17 8.60 7.97 8.06 7.95 7.77 7.50 7.37 7.20 7.09 6.88 6.71 6.49 6.16 5.92 5.62 5.52 5.34 5.13 4.88 4.39 4.41 4.30 4.23 3.67 3.75 3.62 3.36 3.29 3.20 3.22 3.33 2.86 2.92 2.89 2.99 2.89 2.89 2.73 2.59 2.65 2.72 2.73 3.06 3.45 3.32 2.78 2.64 2.49 2.53 2.68 2.60 2.61 2.67 2.67 2.84 3.31 4.01 4.69 3.73 3.18 3.03 3.26 3.24 3.48 3.62 3.95 4.19
-9999.00 8.99 8.71 9.16 9.81 9.53 8.89 8.77 8.53 8.36 8.14 7.99 7.80 7.57 7.59 7.27 7.18 6.90 6.74 6.53 6.23 5.70 5.62 5.43 5.34 5.09 4.91 4.62 4.40 4.20 3.95 3.76 3.71 3.53 3.30 3.27 3.16 3.09 3.25 3.22 3.01 2.89 2.85 2.83 2.93 2.72 2.63 2.65 2.70 2.71 2.82 3.21 3.20 2.91 2.64 2.57 2.46 2.55 2.59 2.60 2.67 2.72 2.98 3.42 3.96 4.39 3.82 3.32 3.11 3.65 3.88 4.05 4.28 4.57 4.74
-9999.00 8.97 9.14 9.20 9.24 9.03 8.25 8.72 8.27 8.06 7.91 8.07 7.86 7.62 7.37 7.31 7.12 6.99 6.68 6.43 6.13 5.82 5.42 5.16 5.17 4.92 5.06 4.58 4.27 4.21 3.95 3.77 3.71 3.50 3.33 3.37 3.23 2.89 3.00 3.08 3.29 3.03 2.82 2.79 2.82 2.78 2.74 2.66 2.65 2.68 2.87 3.04 3.32 2.68 2.43 2.73 2.56 2.58 2.61 2.63 2.71 3.01 3.29 3.82 4.41 3.93 3.47 3.12 3.25 3.30 3.74 3.89 4.17 4.39 4.53
-9999.00 -9999.00 9.22 9.19 9.74 9.09 8.80 8.93 8.67 8.37 8.27 8.08 7.91 7.68 7.37 7.26 7.13 6.87 6.61 6.42 6.48 5.84 5.53 5.20 5.18 4.94 4.73 4.50 4.39 4.15 3.99 3.77 3.55 3.77 3.34 3.14 3.12 3.01 2.85 2.78 2.93 2.98 3.00 2.80 2.59 2.76 2.56 2.69 2.65 2.60 2.78 2.93 3.06 2.65 2.36 2.67 2.62 2.61 2.61 2.68 2.88 3.42 3.62 4.05 3.82 3.17 3.01 2.95 3.04 3.25 3.47 3.69 4.20 4.55 4.80
