maui/input/gr0_in_month_ascii/gr0_in_sep__maui.asc
ncols        356
nrows        236
xllcorner    -156.702000000000
yllcorner    20.529750000000
cellsize     0.002250000000
NODATA_value  -99.00
[rows 132 to 164 of 236, columns 225 to 299 of 356]
3.12 3.11 3.11 3.01 3.12 3.10 3.07 3.05 3.05 3.06 3.06 3.03 3.02 3.00 2.99 3.04 3.08 3.10 3.09 3.11 3.14 3.16 3.16 3.13 3.12 3.10 3.10 3.13 3.13 3.09 3.07 3.04 3.02 3.01 2.97 2.94 2.95 2.83 2.86 2.83 2.92 2.94 2.91 2.88 2.87 2.85 2.83 2.84 2.87 2.88 2.89 2.90 2.90 2.89 2.94 2.95 2.99 3.01 2.89 3.12 3.08 3.37 3.26 3.46 3.50 3.59 3.73 3.89 4.09 4.16 4.18 4.53 4.80 5.00 5.31
3.19 3.19 3.18 2.94 3.08 3.17 3.15 3.13 3.11 3.09 3.08 3.06 3.05 3.04 3.03 3.04 3.07 3.09 3.11 3.13 3.13 3.12 3.12 3.11 3.11 3.11 3.08 3.07 3.10 3.09 3.05 3.04 3.01 2.98 2.95 2.92 2.95 2.93 2.79 2.86 2.84 2.88 2.90 2.86 2.81 2.80 2.77 2.78 2.81 2.82 2.80 2.80 2.78 2.79 2.78 2.83 2.87 2.87 2.94 3.00 3.12 3.18 3.26 3.32 3.44 3.60 3.69 3.84 4.03 4.11 4.22 4.54 4.78 5.12 5.25
3.18 3.18 3.28 3.15 3.24 3.23 3.21 3.21 3.18 3.14 3.12 3.10 3.09 3.11 3.10 3.07 3.05 3.07 3.13 3.15 3.14 3.11 3.09 3.10 3.11 3.12 3.06 3.03 3.07 3.08 3.07 3.07 3.01 2.95 2.91 2.90 2.87 2.83 2.82 2.83 2.83 2.90 2.87 2.84 2.81 2.77 2.72 2.72 2.73 2.75 2.75 2.73 2.69 2.68 2.71 2.74 2.78 2.75 2.81 2.89 2.98 3.05 3.12 3.23 3.26 3.35 3.55 3.72 3.88 3.93 4.12 4.28 4.43 4.65 4.98
3.25 3.27 3.00 3.34 3.32 3.29 3.28 3.30 3.26 3.22 3.18 3.16 3.16 3.17 3.15 3.13 3.12 3.11 3.11 3.15 3.15 3.12 3.12 3.12 3.09 3.08 3.05 3.04 3.09 3.10 3.06 3.04 3.02 2.95 2.94 2.90 2.85 2.81 2.82 2.83 2.83 2.91 2.90 2.89 2.87 2.78 2.73 2.71 2.70 2.68 2.67 2.66 2.63 2.63 2.66 2.70 2.69 2.69 2.74 2.76 2.84 2.83 2.90 3.08 3.14 3.27 3.47 3.55 3.73 3.72 4.06 4.10 4.23 4.51 4.71
3.31 3.27 3.08 3.55 3.43 3.38 3.37 3.36 3.33 3.33 3.31 3.26 3.25 3.21 3.22 3.26 3.27 3.19 3.14 3.13 3.15 3.18 3.20 3.14 3.09 3.05 3.05 3.12 3.18 3.13 3.04 3.01 2.99 2.97 2.97 2.94 2.84 2.80 2.84 2.83 2.86 2.89 2.88 2.87 2.88 2.84 2.81 2.77 2.71 2.70 2.67 2.64 2.64 2.63 2.62 2.63 2.64 2.66 2.67 2.73 2.79 2.86 2.81 3.02 3.16 3.08 3.36 3.49 3.57 3.66 3.76 3.89 3.97 4.18 4.45
3.35 3.33 3.38 3.10 3.44 3.49 3.49 3.50 3.42 3.41 3.38 3.38 3.35 3.29 3.32 3.33 3.33 3.30 3.26 3.21 3.20 3.24 3.24 3.18 3.15 3.11 3.12 3.18 3.18 3.15 3.12 3.05 3.03 3.02 3.03 2.97 2.90 2.85 2.86 2.85 2.89 2.87 2.85 2.87 2.81 2.82 2.80 2.77 2.70 2.64 2.64 2.63 2.62 2.63 2.62 2.61 2.59 2.63 2.67 2.71 2.73 2.76 2.85 2.81 3.01 3.13 3.28 3.42 3.30 3.49 3.62 3.72 3.80 4.00 4.22
3.41 3.46 3.03 3.15 3.56 3.48 3.62 3.48 3.47 3.52 3.52 3.46 3.45 3.42 3.42 3.42 3.39 3.38 3.39 3.34 3.31 3.31 3.29 3.28 3.27 3.25 3.23 3.24 3.22 3.22 3.19 3.12 3.11 3.08 3.03 2.99 2.95 2.91 2.87 2.89 2.87 2.89 2.85 2.84 2.81 2.79 2.74 2.72 2.65 2.64 2.60 2.58 2.57 2.57 2.57 2.59 2.59 2.59 2.65 2.70 2.66 2.63 2.71 2.65 2.94 3.06 3.21 3.09 3.06 3.36 3.50 3.59 3.73 3.88 4.06
3.50 3.27 3.43 3.05 3.82 3.58 3.51 3.60 3.62 3.64 3.61 3.60 3.58 3.61 3.56 3.50 3.47 3.47 3.51 3.48 3.45 3.42 3.40 3.37 3.37 3.40 3.34 3.31 3.28 3.28 3.26 3.22 3.19 3.12 3.08 3.04 3.03 2.98 2.92 2.92 2.87 2.86 2.82 2.87 2.83 2.78 2.72 2.67 2.68 2.65 2.59 2.55 2.53 2.55 2.55 2.57 2.58 2.58 2.59 2.63 2.63 2.65 2.68 2.73 2.85 2.92 2.86 3.00 3.09 3.19 3.34 3.45 3.56 3.79 3.94
3.64 3.60 3.23 3.03 3.31 3.90 3.77 3.77 3.78 3.72 3.64 3.64 3.73 3.72 3.69 3.65 3.63 3.62 3.64 3.62 3.59 3.57 3.54 3.52 3.55 3.56 3.50 3.42 3.39 3.36 3.34 3.29 3.27 3.17 3.11 3.09 3.09 3.03 2.97 2.95 2.86 2.85 2.82 2.90 2.89 2.79 2.71 2.68 2.67 2.64 2.58 2.49 2.49 2.51 2.53 2.57 2.59 2.58 2.60 2.59 2.60 2.65 2.67 2.69 2.73 2.80 2.88 2.97 3.04 3.13 3.25 3.31 3.45 3.60 3.79
3.44 3.56 3.59 3.46 3.00 3.43 4.02 3.94 3.98 3.93 3.92 3.82 3.82 3.73 3.71 3.67 3.67 3.76 3.74 3.71 3.72 3.72 3.69 3.68 3.66 3.69 3.65 3.58 3.53 3.51 3.44 3.39 3.22 3.24 3.20 3.08 3.12 3.05 3.01 3.00 2.89 2.83 2.91 2.89 2.85 2.80 2.72 2.68 2.60 2.60 2.54 2.48 2.47 2.48 2.48 2.48 2.51 2.49 2.49 2.55 2.60 2.63 2.65 2.69 2.70 2.77 2.79 2.69 2.96 3.04 3.18 3.30 3.35 3.50 3.50
3.33 3.61 3.65 3.52 3.05 3.43 4.04 4.20 4.19 4.11 4.11 4.04 3.96 3.92 3.89 3.86 3.85 3.78 3.76 3.76 3.74 3.73 3.71 3.73 3.81 3.77 3.74 3.70 3.68 3.62 3.50 3.44 3.28 3.22 3.31 3.26 3.20 3.09 3.04 3.04 2.93 2.88 2.90 2.83 2.78 2.78 2.74 2.67 2.60 2.55 2.51 2.48 2.46 2.41 2.29 2.31 2.33 2.38 2.41 2.44 2.59 2.60 2.64 2.69 2.65 2.61 2.67 2.66 2.94 3.03 3.15 3.21 3.23 3.16 3.30
3.39 3.32 3.46 3.48 3.40 3.63 4.13 4.44 4.36 4.29 4.25 4.24 4.14 4.11 4.07 4.05 4.01 3.96 3.97 3.90 3.86 3.84 3.86 3.84 3.80 3.86 3.73 3.80 3.77 3.59 3.62 3.50 3.31 3.26 3.27 3.19 3.25 3.03 2.96 3.04 3.02 2.87 2.81 2.73 2.79 2.78 2.73 2.66 2.62 2.55 2.51 2.46 2.39 2.30 2.34 2.28 2.29 2.38 2.52 2.55 2.57 2.59 2.62 2.65 2.46 2.52 2.59 2.86 2.87 2.89 3.14 3.23 3.31 3.31 3.21
3.45 3.74 3.32 3.76 3.79 4.14 4.14 4.59 4.33 4.29 4.42 4.38 4.31 4.27 4.22 4.17 4.20 4.12 4.10 4.05 3.97 3.92 3.97 3.90 3.81 3.82 3.82 3.86 3.67 3.65 3.68 3.46 3.37 3.32 3.24 3.32 3.25 3.11 2.90 3.04 2.88 2.86 2.83 2.78 2.84 2.78 2.72 2.69 2.61 2.56 2.51 2.42 2.44 2.42 2.39 2.52 2.39 2.30 2.49 2.49 2.52 2.57 2.59 2.62 2.65 2.70 2.65 2.76 2.78 2.88 3.05 3.04 3.25 3.33 3.43
3.68 3.52 3.53 3.57 3.92 4.42 4.53 4.45 4.06 3.90 4.03 4.18 4.18 4.02 4.14 4.28 4.33 4.32 4.23 4.20 4.10 4.08 4.06 3.93 3.89 3.85 3.84 3.80 3.69 3.62 3.70 3.43 3.34 3.23 3.25 3.18 3.25 3.19 3.03 3.05 2.96 2.83 2.85 2.79 2.83 2.79 2.65 2.68 2.60 2.54 2.52 2.47 2.39 2.56 2.62 2.65 2.57 2.51 2.41 2.45 2.44 2.51 2.35 2.62 2.56 2.60 2.72 2.71 2.88 2.94 3.09 3.14 3.17 3.40 3.57
3.69 3.72 3.56 3.53 3.97 4.32 4.16 4.14 3.87 3.75 3.86 3.98 3.98 4.08 3.78 4.03 4.05 3.94 3.96 3.99 4.24 4.23 4.15 4.07 4.01 3.96 3.94 3.85 3.74 3.67 3.66 3.41 3.36 3.15 3.16 3.15 3.23 3.19 3.13 2.93 2.95 2.97 2.82 2.82 2.88 2.82 2.74 2.58 2.59 2.52 2.46 2.47 2.65 2.65 2.70 2.74 2.73 2.68 2.43 2.40 2.43 2.38 2.56 2.62 2.65 2.61 2.83 2.89 2.94 2.88 3.13 3.24 3.30 3.45 3.63
3.69 3.71 3.73 3.82 3.89 4.00 4.03 4.00 3.78 3.64 3.88 3.84 3.66 3.63 3.85 3.85 3.80 3.94 3.84 3.89 4.12 3.84 3.95 3.93 4.04 3.95 3.81 3.86 3.81 3.71 3.57 3.54 3.38 3.24 3.18 3.33 3.19 3.12 2.96 2.98 2.94 2.87 2.79 2.76 2.79 2.75 2.70 2.54 2.57 2.47 2.51 2.60 2.69 2.72 2.77 2.76 2.63 2.71 2.59 2.48 2.46 2.53 2.59 2.62 2.64 2.68 2.77 2.89 3.01 3.11 3.20 3.27 3.41 3.55 3.67
3.71 3.68 3.69 3.73 3.97 3.90 4.07 3.96 4.01 3.92 3.83 3.61 3.60 3.57 3.56 3.77 3.74 3.81 3.64 3.92 3.95 3.85 3.85 3.81 3.97 3.68 3.79 3.76 3.76 3.71 3.63 3.46 3.44 3.21 3.20 3.35 3.23 2.98 2.94 2.81 2.86 2.68 2.62 2.69 2.68 2.58 2.64 2.60 2.63 2.53 2.51 2.57 2.73 2.80 2.75 2.62 2.71 2.67 2.75 2.79 2.77 2.61 2.55 2.58 2.58 2.66 2.81 2.86 2.97 3.17 3.17 3.30 3.48 3.63 3.81
3.93 3.94 3.96 3.93 3.83 3.75 3.73 3.87 3.76 3.70 3.78 3.57 3.53 3.53 3.52 3.52 3.73 3.75 3.78 3.79 3.79 3.77 3.66 3.72 3.82 3.74 3.47 3.46 3.62 3.57 3.56 3.46 3.36 3.24 3.21 3.29 3.26 3.04 2.95 2.91 2.93 2.96 2.84 2.68 2.68 2.58 2.51 2.58 2.60 2.55 2.49 2.51 2.63 2.74 2.80 2.73 2.76 2.79 2.87 2.90 2.92 2.83 2.77 2.65 2.71 2.89 2.86 2.97 3.05 3.11 3.27 3.35 3.54 3.68 3.98
3.74 3.76 3.81 3.76 3.75 3.74 3.73 3.86 3.65 3.62 3.77 3.74 3.52 3.51 3.50 3.49 3.70 3.70 3.69 3.68 3.64 3.65 3.65 3.81 3.70 3.49 3.52 3.51 3.45 3.38 3.45 3.37 3.18 3.22 3.28 3.22 3.17 3.04 3.04 2.96 3.10 2.91 3.15 3.10 2.94 2.74 2.66 2.52 2.57 2.63 2.60 2.64 2.74 2.78 2.80 2.81 2.78 2.83 2.89 2.93 2.95 3.02 3.10 2.98 3.06 3.15 3.33 3.32 3.31 3.21 3.27 3.65 3.70 3.90 4.13
3.80 3.79 3.72 3.73 3.74 3.92 3.91 3.86 3.83 3.80 3.77 3.73 3.51 3.49 3.48 3.48 3.66 3.65 3.60 3.60 3.60 3.60 3.48 3.62 3.43 3.55 3.55 3.39 3.49 3.35 3.25 3.24 3.22 3.12 3.14 3.14 3.10 3.10 3.15 3.15 3.14 3.12 2.86 3.07 3.11 2.87 2.92 2.61 2.52 2.59 2.82 2.54 2.83 2.79 2.82 2.82 2.81 2.84 2.94 2.97 3.00 3.06 3.13 3.22 3.26 3.31 3.45 3.55 3.58 3.79 3.71 3.56 4.09 4.08 4.22
3.85 3.81 3.73 3.77 3.73 3.89 3.86 3.86 3.84 3.79 3.74 3.73 3.51 3.49 3.48 3.62 3.63 3.58 3.56 3.56 3.50 3.54 3.51 3.60 3.48 3.48 3.48 3.46 3.47 3.38 3.31 3.24 3.19 3.07 3.01 3.06 3.10 3.09 3.10 3.03 3.02 3.04 3.04 3.06 3.01 2.87 3.02 3.01 2.84 2.49 2.75 2.78 2.82 2.84 2.84 2.85 2.85 2.86 2.94 2.98 3.03 3.10 3.16 3.22 3.28 3.23 3.48 3.51 3.57 3.72 3.85 3.97 3.88 4.27 4.43
3.70 3.73 3.70 3.71 3.71 3.69 3.87 3.88 3.84 3.77 3.74 3.73 3.71 3.50 3.44 3.57 3.54 3.52 3.43 3.45 3.47 3.45 3.38 3.17 3.13 3.31 3.36 3.37 3.30 3.30 3.29 3.18 3.13 3.04 2.96 2.95 3.00 3.08 3.06 3.00 3.00 3.02 2.97 2.98 3.03 2.94 3.09 3.24 3.02 2.63 2.57 2.78 2.86 2.84 2.87 2.88 2.88 2.93 2.94 2.97 3.09 3.14 3.18 3.26 3.32 3.40 3.47 3.57 3.69 3.78 3.92 4.00 4.16 4.09 4.46
3.71 3.70 3.70 3.71 3.70 3.69 3.67 3.95 3.69 3.77 3.74 3.72 3.70 3.67 3.60 3.57 3.55 3.50 3.43 3.50 3.50 3.39 3.22 3.08 3.09 3.14 3.58 3.50 3.24 3.22 3.15 3.12 3.02 3.01 2.94 2.88 2.87 2.86 2.92 3.01 3.03 3.06 3.01 2.97 2.92 3.04 3.04 3.20 3.26 3.00 2.52 2.75 2.74 2.76 2.77 2.83 2.81 2.81 2.98 3.01 3.09 3.14 2.99 3.22 3.27 3.45 3.53 3.64 3.73 3.83 4.03 3.90 4.00 4.10 4.40
3.70 3.70 3.69 3.70 3.71 3.71 3.70 3.92 3.83 3.80 3.77 3.73 3.68 3.63 3.57 3.55 3.25 3.30 3.42 3.42 3.40 3.39 3.32 3.28 3.00 3.28 3.54 3.45 3.31 3.17 3.11 3.11 3.13 3.02 2.95 2.88 2.84 2.80 2.73 2.84 3.03 3.05 3.06 2.99 2.97 3.03 3.15 3.17 3.18 3.04 2.88 2.60 2.48 2.39 2.35 2.27 2.36 2.67 2.96 2.99 3.09 3.18 3.19 3.27 3.37 3.46 3.55 3.67 3.74 3.85 4.02 4.13 4.07 4.36 4.47
3.70 3.70 3.71 3.73 3.74 3.74 3.73 3.69 3.84 3.84 3.73 3.67 3.60 3.41 3.48 3.44 3.33 3.41 3.29 3.24 3.43 3.35 3.10 3.11 3.03 3.19 3.47 3.39 3.15 3.10 3.20 3.16 3.12 2.99 3.01 2.93 2.88 2.83 2.78 2.71 2.69 3.10 2.98 2.99 3.05 3.02 3.06 3.10 3.15 3.20 3.26 2.98 3.20 2.86 2.66 2.31 2.26 2.46 2.70 3.07 3.13 3.20 3.21 3.26 3.19 3.14 3.31 3.44 3.77 3.84 4.07 4.15 4.07 4.23 4.57
3.72 3.64 3.96 3.90 4.00 3.65 3.95 3.91 3.90 3.81 3.77 3.54 3.53 3.50 3.41 3.37 3.30 3.26 3.30 3.21 3.16 3.28 3.24 3.16 3.15 3.18 3.47 3.40 3.26 3.10 3.22 3.06 3.05 3.06 3.11 3.01 2.94 2.93 2.90 2.80 2.68 2.73 2.71 2.87 3.08 3.05 3.02 3.07 3.14 3.24 3.28 3.42 3.36 3.37 3.01 2.60 2.29 2.35 2.64 2.99 3.08 3.13 2.79 2.78 2.65 2.90 3.07 3.27 3.80 3.89 3.98 4.00 4.08 4.37 4.48
3.78 4.09 4.01 4.03 4.11 3.98 3.73 3.99 3.95 3.89 3.94 3.51 3.40 3.47 3.19 3.19 3.13 3.20 3.09 3.20 3.25 3.13 3.13 3.04 3.05 3.20 3.44 3.29 3.20 3.11 3.02 2.99 2.91 2.93 2.95 2.98 3.00 2.88 2.93 2.88 2.72 2.68 2.66 2.67 2.75 2.91 2.94 3.06 3.13 3.24 3.28 3.36 3.38 3.41 3.41 2.96 2.51 2.39 2.43 2.47 2.62 2.57 2.64 2.70 2.89 2.88 2.94 3.15 3.53 3.54 3.71 3.92 4.07 4.53 4.63
3.82 4.28 4.28 4.29 4.29 4.20 4.11 4.15 4.18 3.99 3.91 3.46 3.33 3.27 3.14 3.07 3.16 3.08 3.21 3.18 3.12 3.07 3.11 3.14 3.15 3.13 3.35 3.24 3.16 3.09 3.00 2.93 2.86 2.85 2.84 2.79 2.75 2.74 2.77 2.90 2.79 2.70 2.74 2.70 2.68 2.69 2.68 2.71 2.93 3.20 3.29 3.36 3.39 3.40 3.47 3.15 2.60 2.46 2.49 2.53 2.63 2.63 2.77 2.84 2.94 3.23 3.02 3.10 3.39 3.43 3.57 3.85 4.18 4.45 4.86
4.02 4.05 4.07 4.09 4.09 4.03 3.97 4.05 4.05 4.04 3.99 3.44 3.37 3.26 3.25 3.14 3.08 3.19 3.18 3.12 2.99 3.09 3.22 3.21 3.08 2.87 3.00 3.21 3.13 3.10 3.03 2.96 2.87 2.80 2.77 2.66 2.70 2.64 2.64 2.68 2.86 2.98 2.88 2.74 2.77 2.77 2.78 2.74 2.74 2.80 3.01 3.32 3.35 3.39 3.50 3.29 2.70 2.50 2.58 2.51 2.70 2.75 2.85 2.93 3.02 3.26 3.46 3.69 3.46 3.60 3.76 4.10 4.33 4.73 4.98
3.76 3.87 3.87 3.90 3.90 3.78 3.74 3.84 3.86 3.82 3.67 3.63 3.63 3.33 3.19 3.16 3.07 3.19 3.16 3.15 3.10 3.07 3.17 3.33 3.12 3.01 2.98 3.19 3.15 3.12 3.05 2.99 2.92 2.86 2.82 2.76 2.73 2.70 2.63 2.59 2.64 2.77 3.03 2.88 2.88 2.87 2.90 2.87 2.85 2.88 2.85 2.88 3.06 3.53 3.57 3.34 2.71 2.59 2.55 2.61 2.77 2.84 2.91 3.00 3.31 3.25 3.18 3.55 3.87 3.79 4.15 4.25 4.72 4.97 5.22
3.64 3.67 3.67 3.69 3.71 3.60 3.52 3.59 3.54 3.57 3.35 3.35 3.36 3.29 3.26 3.21 3.11 3.13 3.11 2.98 2.95 3.18 3.20 3.20 3.20 2.96 2.94 3.04 3.20 3.13 3.07 3.01 2.95 2.90 2.87 2.79 2.75 2.74 2.72 2.68 2.59 2.65 2.83 3.01 3.09 3.03 3.06 3.03 2.99 2.99 2.95 2.93 3.46 3.54 3.79 3.55 2.99 2.71 2.72 2.75 2.76 2.96 2.93 3.16 3.16 3.59 3.54 3.66 3.86 4.47 4.53 4.57 4.96 5.31 5.61
3.56 3.50 3.55 3.53 3.49 3.47 3.46 3.46 3.42 3.23 3.21 3.22 3.27 3.14 3.24 3.07 3.04 3.00 3.12 2.96 2.94 3.10 3.04 3.19 3.16 3.06 2.91 2.98 3.04 3.12 3.08 3.03 2.99 2.94 2.89 2.81 2.75 2.74 2.74 2.73 2.58 2.57 2.58 2.72 2.84 3.26 3.15 3.08 3.08 3.06 3.06 3.03 3.25 3.83 3.84 3.88 3.23 2.80 2.82 2.94 3.00 3.15 3.24 3.21 3.37 3.38 3.84 3.97 4.16 4.83 5.55 5.12 5.46 5.70 6.03
3.29 3.51 3.29 3.39 3.21 3.19 3.18 3.20 3.31 3.13 3.15 3.12 3.13 3.08 3.16 3.03 3.06 3.02 3.05 2.99 3.08 2.97 3.12 3.17 3.21 3.15 3.01 3.10 3.02 3.09 3.12 3.10 3.03 2.95 2.88 2.82 2.77 2.78 2.77 2.76 2.63 2.65 2.52 2.54 2.81 2.86 3.21 3.31 3.21 3.23 3.20 3.13 3.20 3.92 3.99 4.02 3.60 2.99 2.94 3.06 3.17 3.27 3.44 3.78 3.60 3.95 3.80 4.27 4.57 4.95 5.32 6.05 5.72 6.09 6.31
