maui/input/gr0_in_month_ascii/gr0_in_apr__maui.asc
ncols        356
nrows        236
xllcorner    -156.702000000000
yllcorner    20.529750000000
cellsize     0.002250000000
NODATA_value  -99.00
[rows 165 to 197 of 236, columns 225 to 299 of 356]
2.96 2.95 2.90 2.86 2.84 2.87 2.61 2.81 2.68 2.75 2.76 2.57 2.79 2.70 2.63 2.66 2.63 2.65 2.54 2.60 2.48 2.61 2.53 2.71 2.73 2.70 2.61 2.73 2.76 2.68 2.67 2.63 2.56 2.50 2.45 2.43 2.43 2.44 2.52 2.49 2.47 2.44 2.41 2.36 2.34 2.35 2.51 2.68 2.89 2.90 2.84 2.79 2.84 3.38 3.41 3.49 3.37 2.80 2.56 2.71 2.83 2.82 3.04 3.19 3.43 3.51 3.48 3.85 4.10 4.38 5.07 5.01 5.59 5.46 5.75
2.83 2.81 2.77 2.78 2.77 2.74 2.72 2.80 2.56 2.71 2.65 2.54 2.62 2.65 2.58 2.60 2.52 2.53 2.51 2.50 2.48 2.55 2.66 2.62 2.72 2.80 2.56 2.66 2.59 2.58 2.61 2.58 2.57 2.51 2.52 2.47 2.41 2.53 2.51 2.52 2.48 2.45 2.47 2.42 2.39 2.38 2.39 2.53 2.90 2.98 2.91 2.91 2.94 3.33 3.53 3.55 3.74 3.21 2.76 2.94 3.03 3.08 3.16 3.28 3.54 3.62 3.98 4.07 4.39 4.62 4.96 5.42 5.92 6.65 6.09
2.72 2.66 2.90 2.92 2.70 2.77 2.57 2.67 2.54 2.63 2.60 2.52 2.64 2.55 2.53 2.51 2.49 2.43 2.44 2.46 2.49 2.56 2.66 2.63 2.65 2.78 2.68 2.63 2.75 2.65 2.55 2.63 2.58 2.79 2.74 2.79 2.57 2.55 2.54 2.56 2.59 2.57 2.53 2.53 2.49 2.44 2.45 2.50 2.86 3.04 2.99 3.00 3.07 3.07 3.65 3.66 3.76 3.71 3.00 3.15 3.44 3.40 3.37 3.51 3.74 4.04 4.22 4.28 4.57 4.95 5.30 5.61 5.93 6.67 6.58
2.62 2.58 2.57 2.60 2.56 2.58 2.51 2.49 2.67 2.67 2.60 2.46 2.49 2.46 2.46 2.47 2.45 2.43 2.40 2.44 2.46 2.53 2.61 2.67 2.63 2.73 2.63 2.65 2.54 2.65 2.51 2.74 2.75 3.02 3.30 2.55 2.59 2.62 2.60 2.61 2.65 2.68 2.67 2.71 2.57 2.54 2.56 2.52 2.60 2.94 3.42 3.02 3.17 3.21 3.43 3.81 3.86 3.98 3.46 3.32 3.52 3.85 3.54 3.64 3.88 4.42 4.59 4.78 4.89 5.29 5.67 5.94 6.17 6.72 7.61
2.60 2.67 2.62 2.59 2.42 2.57 2.61 2.56 2.53 2.59 2.57 2.51 2.57 2.52 2.47 2.44 2.42 2.44 2.42 2.42 2.45 2.49 2.55 2.76 2.68 2.68 2.64 2.56 2.52 2.64 2.69 2.77 2.96 3.19 3.26 2.68 2.55 2.49 2.64 2.62 2.56 2.67 2.81 2.86 2.77 2.69 2.67 2.66 2.67 2.79 3.29 3.39 3.14 3.29 3.44 4.11 4.06 4.05 4.05 3.55 4.04 4.03 3.85 3.83 4.11 4.50 5.03 5.20 5.42 5.75 5.80 6.28 6.80 6.94 7.71
2.60 2.73 2.73 2.65 2.68 2.66 2.67 2.64 2.59 2.66 2.76 2.94 2.69 2.56 2.55 2.47 2.44 2.56 2.46 2.46 2.58 2.62 2.55 2.71 2.79 2.79 2.66 2.74 2.67 2.64 2.72 2.72 3.03 3.72 3.14 2.70 2.65 2.56 2.68 2.67 2.67 2.73 2.85 2.88 2.87 2.85 2.85 2.85 2.80 2.95 3.11 4.51 3.45 3.32 3.47 3.74 4.24 4.38 4.35 4.10 4.20 5.05 5.12 4.26 4.42 4.82 5.15 5.40 5.80 6.00 6.55 6.70 6.95 6.95 7.11
2.61 2.77 2.95 2.66 2.83 2.66 2.70 2.69 2.91 3.01 3.06 2.83 2.75 2.62 2.76 2.60 2.55 2.62 2.57 2.56 2.70 2.85 2.83 2.84 2.84 2.62 2.70 2.82 2.73 2.65 2.77 2.80 3.51 3.82 3.08 2.74 2.71 2.66 2.78 2.79 2.88 2.81 2.94 3.05 3.01 3.01 2.93 2.96 3.05 3.14 3.37 3.74 4.48 3.58 3.31 3.55 4.20 4.52 4.57 4.54 4.55 5.45 5.41 4.73 4.81 5.11 5.36 5.93 6.37 6.56 6.74 7.62 6.88 7.03 -9999.00
2.67 3.07 2.95 2.80 2.96 2.83 2.73 2.83 3.14 3.29 3.06 2.91 2.73 2.73 2.86 2.68 2.78 2.79 2.72 2.84 2.74 2.98 2.91 2.90 2.88 2.76 2.79 2.84 2.99 3.10 2.88 2.96 3.63 3.69 3.10 2.83 2.66 2.82 2.90 2.93 2.94 2.99 3.01 3.15 3.18 3.22 3.10 3.32 3.28 3.34 3.40 3.74 4.37 4.33 3.78 3.84 4.05 4.70 4.72 4.75 4.87 5.68 5.69 5.26 5.28 5.50 6.01 6.10 6.83 6.99 7.26 6.94 6.98 -9999.00 -9999.00
2.82 3.29 3.14 3.01 3.20 3.19 2.95 3.07 3.28 3.24 3.25 3.15 2.87 2.95 2.87 2.88 2.90 3.04 3.03 3.01 2.92 3.06 2.82 2.78 2.84 2.85 3.04 3.00 3.06 3.54 3.05 3.65 4.44 3.07 2.98 2.98 2.87 2.91 2.96 3.08 3.13 3.23 3.17 3.16 3.50 3.42 3.44 3.53 3.59 3.66 3.73 3.88 4.19 5.00 4.28 4.13 4.38 4.51 4.88 5.01 5.47 5.65 6.16 6.26 5.68 5.97 6.28 6.63 7.01 8.02 7.12 7.10 -9999.00 -9999.00 -9999.00
3.19 3.38 3.47 3.25 2.98 3.26 3.22 3.14 3.27 3.71 3.69 3.51 3.32 3.01 3.15 3.08 3.15 3.18 3.27 3.12 2.77 3.13 2.97 2.98 2.95 3.03 3.14 3.16 3.25 3.48 3.27 4.10 4.27 3.41 3.18 3.12 3.07 3.10 3.12 3.24 3.30 3.45 3.42 3.50 3.60 3.81 3.74 3.85 3.92 4.04 4.03 4.13 4.56 4.51 4.97 4.45 4.73 4.85 4.95 5.18 5.28 5.60 5.84 6.53 6.55 6.67 6.72 7.10 7.65 7.26 7.31 -9999.00 -9999.00 -9999.00 -9999.00
3.46 3.58 3.46 3.36 3.59 3.51 3.56 3.53 3.58 3.90 3.91 3.75 3.46 3.42 3.28 3.35 3.42 3.52 3.43 3.09 3.20 3.22 3.06 3.09 3.17 3.22 3.22 3.26 3.56 3.55 3.74 4.04 4.68 3.61 3.33 3.35 3.31 3.31 3.34 3.39 3.47 3.55 3.60 3.74 3.72 4.31 4.01 4.12 4.24 4.18 4.52 4.41 4.66 4.99 4.99 5.14 5.26 5.17 5.39 5.51 5.55 5.74 6.10 6.62 6.91 7.08 7.32 7.62 7.91 7.48 -9999.00 -9999.00 -9999.00 -9999.00 -9999.00
3.75 4.30 3.72 3.73 3.96 3.80 3.76 3.82 3.71 3.94 4.58 3.90 3.81 3.66 3.63 3.73 3.99 3.72 3.69 3.57 3.42 3.32 3.29 3.34 3.45 3.50 3.47 3.62 3.90 3.65 4.23 4.35 4.66 4.04 3.45 3.57 3.52 3.53 3.56 3.61 3.65 3.78 3.99 4.22 3.98 4.11 4.46 4.34 4.58 4.63 4.72 4.96 4.85 5.90 5.20 5.61 5.93 5.51 5.87 5.88 6.05 6.15 6.38 6.71 7.10 7.28 7.57 7.93 7.95 7.70 -9999.00 -9999.00 -9999.00 -9999.00 -9999.00
3.96 4.52 4.03 4.02 4.10 4.22 4.03 4.07 3.94 4.27 4.81 4.27 4.26 4.13 3.91 4.04 4.16 4.12 3.83 3.75 3.71 3.60 3.62 3.63 3.66 3.72 3.77 3.90 4.17 4.27 4.42 5.02 4.82 3.96 3.79 3.78 3.74 3.74 3.78 3.89 3.90 3.96 4.28 4.26 4.37 4.28 4.99 4.96 5.13 5.52 5.12 5.52 5.58 6.01 5.68 5.95 6.04 6.20 6.16 6.28 6.45 6.55 6.66 7.11 7.32 7.47 7.79 8.15 7.85 7.88 -9999.00 -9999.00 -9999.00 -9999.00 -9999.00
4.19 4.18 4.91 4.56 4.31 4.44 4.44 4.40 4.22 4.36 4.59 4.57 4.39 4.42 4.24 4.42 4.39 4.40 4.20 4.02 3.97 3.88 3.88 3.92 3.98 4.02 4.16 4.28 4.86 4.69 4.84 5.56 4.61 4.22 4.14 4.09 4.09 4.09 4.11 4.12 4.25 4.21 4.46 4.53 4.84 4.66 4.98 4.96 5.70 5.42 5.92 6.36 5.81 6.20 6.91 6.24 6.45 6.57 6.68 6.91 6.83 6.95 7.05 7.21 7.55 7.97 8.19 8.36 7.97 -9999.00 -9999.00 -9999.00 -9999.00 -9999.00 -9999.00
4.42 4.43 4.61 4.66 4.79 4.69 4.79 4.76 4.74 4.63 4.78 4.76 4.69 4.74 4.65 4.67 4.80 4.62 4.55 4.29 4.28 4.28 4.22 4.30 4.38 4.48 4.53 4.64 5.17 5.25 5.33 4.88 6.17 4.50 4.61 4.40 4.40 4.41 4.48 4.44 4.44 4.53 4.59 4.94 4.89 5.62 5.11 5.87 5.33 7.19 5.99 6.14 7.07 6.54 7.25 6.73 6.89 6.93 7.18 7.18 7.18 7.24 7.40 7.58 7.83 8.17 8.04 8.05 8.05 -9999.00 -9999.00 -9999.00 -9999.00 -9999.00 -9999.00
4.63 4.65 4.78 5.04 5.05 5.26 5.21 5.04 5.10 5.22 5.03 5.12 5.01 4.93 5.07 5.02 4.82 4.86 4.74 4.67 4.60 4.58 4.60 4.64 4.72 4.81 4.90 4.95 5.36 5.52 5.45 5.26 5.89 5.05 4.92 4.90 4.84 4.75 4.82 4.84 4.74 4.93 4.90 5.16 5.11 5.63 5.55 5.68 6.23 6.07 7.72 7.28 7.46 7.51 7.54 7.27 7.26 7.17 7.28 7.49 7.54 7.46 7.65 7.87 8.15 8.24 8.22 8.15 -9999.00 -9999.00 -9999.00 -9999.00 -9999.00 -9999.00 -9999.00
4.90 4.88 5.07 5.23 5.51 5.56 5.64 5.49 5.43 5.58 5.49 5.67 5.43 5.38 5.29 5.22 5.11 5.12 5.04 4.98 4.95 4.94 4.92 4.92 4.99 5.18 5.27 5.33 5.65 5.66 5.59 6.56 5.43 5.52 5.29 5.32 5.30 5.19 5.25 5.29 5.18 5.24 5.57 5.35 5.65 5.72 7.35 6.05 6.52 6.59 7.75 7.17 7.25 7.96 7.88 7.76 7.73 7.72 7.61 7.70 7.86 7.88 7.99 8.20 8.29 8.38 8.14 8.16 -9999.00 -9999.00 -9999.00 -9999.00 -9999.00 -9999.00 -9999.00
5.10 5.14 5.28 5.44 5.62 6.07 6.01 6.00 5.87 5.74 5.90 5.86 5.96 5.80 5.72 5.46 5.39 5.41 5.32 5.28 5.21 5.20 5.12 5.22 5.28 5.53 5.56 5.61 5.81 5.91 5.68 6.44 5.77 5.84 5.68 5.78 5.86 5.74 5.75 5.83 5.75 5.72 6.47 5.98 5.79 6.18 6.39 7.30 7.13 7.22 7.56 7.30 7.56 7.57 7.91 8.14 8.10 8.08 8.09 8.09 8.18 8.18 8.72 8.08 8.16 8.17 8.21 -9999.00 -9999.00 -9999.00 -9999.00 -9999.00 -9999.00 -9999.00 -9999.00
5.41 5.47 5.53 5.72 6.28 6.54 6.46 6.22 6.21 6.14 6.20 6.03 6.03 6.07 5.86 5.86 5.88 5.48 5.58 5.58 5.53 5.46 5.44 5.52 5.59 5.73 5.74 5.94 5.97 6.20 6.14 6.18 6.59 6.33 6.16 6.40 6.38 6.28 6.36 6.49 6.36 6.30 6.65 7.27 6.47 6.57 6.80 7.12 8.29 7.21 7.30 7.37 -9999.00 7.62 7.82 7.92 8.36 8.29 7.98 7.97 8.02 8.07 8.14 8.19 -9999.00 -9999.00 -9999.00 -9999.00 -9999.00 -9999.00 -9999.00 -9999.00 -9999.00 -9999.00 -9999.00
5.74 5.82 5.87 6.03 6.09 6.31 7.08 6.34 6.43 6.29 6.21 6.23 6.12 6.04 6.13 6.30 6.22 6.05 5.79 5.87 5.88 5.94 5.86 5.81 5.83 5.91 6.13 6.15 6.22 6.34 6.49 6.67 7.28 6.78 6.93 6.88 6.92 6.84 7.11 7.07 6.88 6.84 7.57 7.85 7.12 7.16 7.43 7.69 7.29 7.40 -9999.00 -9999.00 -9999.00 -9999.00 -9999.00 7.98 8.06 8.09 8.11 -9999.00 -9999.00 -9999.00 -9999.00 -9999.00 -9999.00 -9999.00 -9999.00 -9999.00 -9999.00 -9999.00 -9999.00 -9999.00 -9999.00 -9999.00 -9999.00
6.04 6.16 6.25 6.53 6.54 6.61 6.73 6.80 6.64 6.64 6.80 6.37 6.30 6.51 6.21 6.45 6.44 6.46 6.21 6.17 6.07 6.21 6.26 6.16 6.14 6.18 6.32 6.45 6.66 6.75 6.82 6.97 7.56 7.15 7.65 7.59 7.51 7.52 7.63 7.75 7.38 7.36 8.14 7.73 7.64 7.96 7.30 7.35 7.38 -9999.00 -9999.00 -9999.00 -9999.00 -9999.00 -9999.00 -9999.00 -9999.00 -9999.00 -9999.00 -9999.00 -9999.00 -9999.00 -9999.00 -9999.00 -9999.00 -9999.00 -9999.00 -9999.00 -9999.00 -9999.00 -9999.00 -9999.00 -9999.00 -9999.00 -9999.00
6.43 6.49 6.62 6.82 6.93 6.97 6.97 7.07 7.19 6.70 6.56 6.62 6.43 6.63 6.61 6.60 6.62 6.79 6.55 6.38 6.41 6.49 6.46 6.41 6.51 6.41 6.63 6.79 6.91 6.96 7.06 7.31 7.45 8.04 8.02 8.09 8.04 8.19 8.51 8.34 8.15 7.59 7.52 7.54 7.58 7.53 7.45 -9999.00 -9999.00 -9999.00 -9999.00 -9999.00 -9999.00 -9999.00 -9999.00 -9999.00 -9999.00 -9999.00 -9999.00 -9999.00 -9999.00 -9999.00 -9999.00 -9999.00 -9999.00 -9999.00 -9999.00 -9999.00 -9999.00 -9999.00 -9999.00 -9999.00 -9999.00 -9999.00 -9999.00
6.98 6.86 7.00 7.08 7.43 7.35 7.28 7.22 7.42 7.06 7.01 6.86 6.94 6.93 6.88 6.83 6.93 7.00 6.79 6.65 6.80 6.69 6.72 6.79 6.78 6.70 6.89 7.05 7.17 7.17 7.22 7.44 7.66 7.95 8.24 8.21 8.57 8.66 8.07 7.93 7.86 7.77 -9999.00 -9999.00 -9999.00 7.56 -9999.00 -9999.00 -9999.00 -9999.00 -9999.00 -9999.00 -9999.00 -9999.00 -9999.00 -9999.00 -9999.00 -9999.00 -9999.00 -9999.00 -9999.00 -9999.00 -9999.00 -9999.00 -9999.00 -9999.00 -9999.00 -9999.00 -9999.00 -9999.00 -9999.00 -9999.00 -9999.00 -9999.00 -9999.00
7.28 7.40 7.43 7.58 7.66 7.74 7.60 7.59 7.29 7.42 7.20 7.12 7.13 7.07 7.04 7.08 7.28 7.24 6.96 7.19 7.00 6.93 6.95 7.04 7.09 7.09 7.16 7.28 7.28 7.41 7.51 7.67 7.86 8.18 8.38 8.58 8.68 8.35 8.28 -9999.00 -9999.00 -9999.00 -9999.00 -9999.00 -9999.00 -9999.00 -9999.00 -9999.00 -9999.00 -9999.00 -9999.00 -9999.00 -9999.00 -9999.00 -9999.00 -9999.00 -9999.00 -9999.00 -9999.00 -9999.00 -9999.00 -9999.00 -9999.00 -9999.00 -9999.00 -9999.00 -9999.00 -9999.00 -9999.00 -9999.00 -9999.00 -9999.00 -9999.00 -9999.00 -9999.00
7.72 7.81 7.89 7.85 8.28 8.15 8.13 7.77 8.05 7.74 7.49 7.54 7.59 7.29 7.18 7.35 7.41 7.61 7.52 7.41 7.27 7.13 7.20 7.27 7.27 7.36 7.43 7.56 7.67 7.70 7.68 7.87 8.07 8.34 8.61 8.74 8.46 8.41 -9999.00 -9999.00 -9999.00 -9999.00 -9999.00 -9999.00 -9999.00 -9999.00 -9999.00 -9999.00 -9999.00 -9999.00 -9999.00 -9999.00 -9999.00 -9999.00 -9999.00 -9999.00 -9999.00 -9999.00 -9999.00 -9999.00 -9999.00 -9999.00 -9999.00 -9999.00 -9999.00 -9999.00 -9999.00 -9999.00 -9999.00 -9999.00 -9999.00 -9999.00 -9999.00 -9999.00 -9999.00
8.12 8.22 8.27 8.25 8.49 8.47 8.28 8.68 8.11 8.08 7.98 7.97 7.73 7.63 7.36 7.16 7.56 7.93 7.75 7.67 7.55 7.38 7.47 7.51 7.61 7.61 7.66 7.73 7.87 8.00 8.25 8.11 8.27 8.46 8.56 8.48 8.50 -9999.00 -9999.00 -9999.00 -9999.00 -9999.00 -9999.00 -9999.00 -9999.00 -9999.00 -9999.00 -9999.00 -9999.00 -9999.00 -9999.00 -9999.00 -9999.00 -9999.00 -9999.00 -9999.00 -9999.00 -9999.00 -9999.00 -9999.00 -9999.00 -9999.00 -9999.00 -9999.00 -9999.00 -9999.00 -9999.00 -9999.00 -9999.00 -9999.00 -9999.00 -9999.00 -9999.00 -9999.00 -9999.00
8.55 8.47 8.62 8.74 8.75 8.59 8.47 8.48 8.41 8.19 8.48 8.07 7.80 7.73 7.41 7.54 7.83 8.23 7.84 7.83 7.77 7.94 7.61 7.74 7.84 7.93 7.93 8.01 8.24 8.34 8.47 8.24 8.28 8.34 8.43 8.48 -9999.00 -9999.00 -9999.00 -9999.00 -9999.00 -9999.00 -9999.00 -9999.00 -9999.00 -9999.00 -9999.00 -9999.00 -9999.00 -9999.00 -9999.00 -9999.00 -9999.00 -9999.00 -9999.00 -9999.00 -9999.00 -9999.00 -9999.00 -9999.00 -9999.00 -9999.00 -9999.00 -9999.00 -9999.00 -9999.00 -9999.00 -9999.00 -9999.00 -9999.00 -9999.00 -9999.00 -9999.00 -9999.00 -9999.00
8.34 8.38 8.48 8.55 9.01 8.91 8.84 8.91 8.74 8.77 8.92 8.13 7.93 7.95 7.99 8.31 8.20 8.52 8.06 8.06 8.10 8.22 7.95 7.97 8.10 8.20 8.19 8.27 8.43 8.60 8.69 8.37 -9999.00 -9999.00 -9999.00 -9999.00 -9999.00 -9999.00 -9999.00 -9999.00 -9999.00 -9999.00 -9999.00 -9999.00 -9999.00 -9999.00 -9999.00 -9999.00 -9999.00 -9999.00 -9999.00 -9999.00 -9999.00 -9999.00 -9999.00 -9999.00 -9999.00 -9999.00 -9999.00 -9999.00 -9999.00 -9999.00 -9999.00 -9999.00 -9999.00 -9999.00 -9999.00 -9999.00 -9999.00 -9999.00 -9999.00 -9999.00 -9999.00 -9999.00 -9999.00
-9999.00 -9999.00 -9999.00 8.65 8.69 8.72 8.75 8.75 9.22 9.20 9.21 9.26 8.35 8.57 8.77 8.69 8.60 8.14 8.10 8.07 8.02 8.03 8.78 8.35 8.26 8.37 8.51 8.54 8.64 8.74 8.46 8.45 -9999.00 -9999.00 -9999.00 -9999.00 -9999.00 -9999.00 -9999.00 -9999.00 -9999.00 -9999.00 -9999.00 -9999.00 -9999.00 -9999.00 -9999.00 -9999.00 -9999.00 -9999.00 -9999.00 -9999.00 -9999.00 -9999.00 -9999.00 -9999.00 -9999.00 -9999.00 -9999.00 -9999.00 -9999.00 -9999.00 -9999.00 -9999.00 -9999.00 -9999.00 -9999.00 -9999.00 -9999.00 -9999.00 -9999.00 -9999.00 -9999.00 -9999.00 -9999.00
-9999.00 -9999.00 -9999.00 -9999.00 -9999.00 -9999.00 -9999.00 8.89 8.94 9.02 9.00 9.17 9.14 9.15 9.06 8.50 8.41 8.31 -9999.00 -9999.00 -9999.00 8.15 8.27 8.37 8.60 8.55 8.73 8.57 8.57 8.53 8.55 -9999.00 -9999.00 -9999.00 -9999.00 -9999.00 -9999.00 -9999.00 -9999.00 -9999.00 -9999.00 -9999.00 -9999.00 -9999.00 -9999.00 -9999.00 -9999.00 -9999.00 -9999.00 -9999.00 -9999.00 -9999.00 -9999.00 -9999.00 -9999.00 -9999.00 -9999.00 -9999.00 -9999.00 -9999.00 -9999.00 -9999.00 -9999.00 -9999.00 -9999.00 -9999.00 -9999.00 -9999.00 -9999.00 -9999.00 -9999.00 -9999.00 -9999.00 -9999.00 -9999.00
-9999.00 -9999.00 -9999.00 -9999.00 -9999.00 -9999.00 -9999.00 -9999.00 9.00 9.06 9.05 9.01 8.98 8.89 8.76 8.65 -9999.00 -9999.00 -9999.00 -9999.00 -9999.00 -9999.00 -9999.00 8.48 8.93 9.16 9.02 8.66 -9999.00 -9999.00 -9999.00 -9999.00 -9999.00 -9999.00 -9999.00 -9999.00 -9999.00 -9999.00 -9999.00 -9999.00 -9999.00 -9999.00 -9999.00 -9999.00 -9999.00 -9999.00 -9999.00 -9999.00 -9999.00 -9999.00 -9999.00 -9999.00 -9999.00 -9999.00 -9999.00 -9999.00 -9999.00 -9999.00 -9999.00 -9999.00 -9999.00 -9999.00 -9999.00 -9999.00 -9999.00 -9999.00 -9999.00 -9999.00 -9999.00 -9999.00 -9999.00 -9999.00 -9999.00 -9999.00 -9999.00
-9999.00 -9999.00 -9999.00 -9999.00 -9999.00 -9999.00 -9999.00 -9999.00 -9999.00 -9999.00 9.04 -9999.00 -9999.00 -9999.00 8.84 -9999.00 -9999.00 -9999.00 -9999.00 -9999.00 -9999.00 -9999.00 -9999.00 8.56 8.67 8.69 8.74 8.72 -9999.00 -9999.00 -9999.00 -9999.00 -9999.00 -9999.00 -9999.00 -9999.00 -9999.00 -9999.00 -9999.00 -9999.00 -9999.00 -9999.00 -9999.00 -9999.00 -9999.00 -9999.00 -9999.00 -9999.00 -9999.00 -9999.00 -9999.00 -9999.00 -9999.00 -9999.00 -9999.00 -9999.00 -9999.00 -9999.00 -9999.00 -9999.00 -9999.00 -9999.00 -9999.00 -9999.00 -9999.00 -9999.00 -9999.00 -9999.00 -9999.00 -9999.00 -9999.00 -9999.00 -9999.00 -9999.00 -9999.00
-9999.00 -9999.00 -9999.00 -9999.00 -9999.00 -9999.00 -9999.00 -9999.00 -9999.00 -9999.00 -9999.00 -9999.00 -9999.00 -9999.00 -9999.00 -9999.00 -9999.00 -9999.00 -9999.00 -9999.00 -9999.00 -9999.00 -9999.00 -9999.00 8.78 -9999.00 -9999.00 -9999.00 -9999.00 -9999.00 -9999.00 -9999.00 -9999.00 -9999.00 -9999.00 -9999.00 -9999.00 -9999.00 -9999.00 -9999.00 -9999.00 -9999.00 -9999.00 -9999.00 -9999.00 -9999.00 -9999.00 -9999.00 -9999.00 -9999.00 -9999.00 -9999.00 -9999.00 -9999.00 -9999.00 -9999.00 -9999.00 -9999.00 -9999.00 -9999.00 -9999.00 -9999.00 -9999.00 -9999.00 -9999.00 -9999.00 -9999.00 -9999.00 -9999.00 -9999.00 -9999.00 -9999.00 -9999.00 -9999.00 -9999.00
