maui/input/gr0_in_month_ascii/gr0_in_oct__maui.asc
ncols        356
nrows        236
xllcorner    -156.702000000000
yllcorner    20.529750000000
cellsize     0.002250000000
NODATA_value  -99.00
[rows 132 to 164 of 236, columns 75 to 149 of 356]
-9999.00 -9999.00 -9999.00 -9999.00 -9999.00 -9999.00 -9999.00 -9999.00 -9999.00 -9999.00 -9999.00 -9999.00 -9999.00 -9999.00 -9999.00 -9999.00 -9999.00 -9999.00 -9999.00 -9999.00 -9999.00 -9999.00 -9999.00 -9999.00 -9999.00 -9999.00 -9999.00 -9999.00 -9999.00 -9999.00 -9999.00 -9999.00 8.70 8.90 8.15 8.72 8.70 8.96 8.81 8.76 8.39 8.39 8.40 8.01 7.97 7.72 7.75 7.47 7.45 7.37 7.21 7.11 6.85 6.92 6.91 6.69 6.60 6.58 6.49 6.16 6.00 6.01 6.03 5.85 5.65 5.59 5.53 5.56 5.48 5.34 5.34 5.25 5.15 4.93 4.94
-9999.00 -9999.00 -9999.00 -9999.00 -9999.00 -9999.00 -9999.00 -9999.00 -9999.00 -9999.00 -9999.00 -9999.00 -9999.00 -9999.00 -9999.00 -9999.00 -9999.00 -9999.00 -9999.00 -9999.00 -9999.00 -9999.00 -9999.00 -9999.00 -9999.00 -9999.00 -9999.00 -9999.00 -9999.00 -9999.00 -9999.00 -9999.00 8.81 8.91 8.19 8.63 8.69 8.53 8.62 8.67 8.56 8.43 8.02 7.99 7.96 7.83 7.82 7.50 7.52 7.36 7.27 6.99 7.07 6.82 6.74 6.72 6.69 6.34 6.22 6.18 5.97 5.97 5.86 5.65 5.71 5.79 5.47 5.37 5.34 5.16 5.30 5.22 5.17 5.01 4.91
-9999.00 -9999.00 -9999.00 -9999.00 -9999.00 -9999.00 -9999.00 -9999.00 -9999.00 -9999.00 -9999.00 -9999.00 -9999.00 -9999.00 -9999.00 -9999.00 -9999.00 -9999.00 -9999.00 -9999.00 -9999.00 -9999.00 -9999.00 -9999.00 -9999.00 -9999.00 -9999.00 -9999.00 -9999.00 -9999.00 -9999.00 -9999.00 8.78 9.54 8.56 8.76 8.69 7.88 8.59 8.39 8.43 8.47 8.17 8.06 7.82 7.86 7.64 7.67 7.46 7.35 7.24 7.17 7.15 6.95 6.81 6.58 6.47 6.36 6.31 6.19 5.99 5.81 5.95 5.64 5.78 5.72 5.46 5.49 5.32 5.30 5.28 5.20 5.13 4.92 4.97
-9999.00 -9999.00 -9999.00 -9999.00 -9999.00 -9999.00 -9999.00 -9999.00 -9999.00 -9999.00 -9999.00 -9999.00 -9999.00 -9999.00 -9999.00 -9999.00 -9999.00 -9999.00 -9999.00 -9999.00 -9999.00 -9999.00 -9999.00 -9999.00 -9999.00 -9999.00 -9999.00 -9999.00 -9999.00 -9999.00 -9999.00 -9999.00 8.85 9.73 8.17 8.12 8.37 8.80 8.34 8.67 8.60 8.22 8.26 7.97 7.80 7.91 7.70 7.63 7.54 7.21 7.12 7.04 6.93 6.82 6.86 6.69 6.46 6.53 6.27 6.26 5.97 5.81 5.91 5.81 5.74 5.64 5.45 5.32 5.34 5.30 5.16 5.07 4.96 5.05 5.01
-9999.00 -9999.00 -9999.00 -9999.00 -9999.00 -9999.00 -9999.00 -9999.00 -9999.00 -9999.00 -9999.00 -9999.00 -9999.00 -9999.00 -9999.00 -9999.00 -9999.00 -9999.00 -9999.00 -9999.00 -9999.00 -9999.00 -9999.00 -9999.00 -9999.00 -9999.00 -9999.00 -9999.00 -9999.00 -9999.00 -9999.00 -9999.00 8.90 8.90 8.85 8.12 8.71 8.61 8.49 8.55 8.49 8.32 7.68 7.85 7.81 7.86 7.57 7.50 7.51 7.27 7.30 7.20 6.97 6.84 6.74 6.55 6.57 6.31 6.26 6.21 5.85 5.88 5.91 5.71 5.62 5.49 5.42 5.31 5.27 5.34 5.05 5.18 5.12 5.02 4.97
-9999.00 -9999.00 -9999.00 -9999.00 -9999.00 -9999.00 -9999.00 -9999.00 -9999.00 -9999.00 -9999.00 -9999.00 -9999.00 -9999.00 -9999.00 -9999.00 -9999.00 -9999.00 -9999.00 -9999.00 -9999.00 -9999.00 -9999.00 -9999.00 -9999.00 -9999.00 -9999.00 -9999.00 -9999.00 -9999.00 -9999.00 -9999.00 8.86 8.89 8.83 9.40 9.03 8.64 8.69 8.38 8.40 8.23 7.96 7.83 7.88 7.84 7.51 7.45 7.24 7.15 7.13 6.96 6.89 6.84 6.70 6.66 6.40 6.26 6.10 6.04 5.97 5.86 5.77 5.78 5.71 5.50 5.51 5.42 5.37 5.30 5.08 5.14 5.09 4.85 4.93
-9999.00 -9999.00 -9999.00 -9999.00 -9999.00 -9999.00 -9999.00 -9999.00 -9999.00 -9999.00 -9999.00 -9999.00 -9999.00 -9999.00 -9999.00 -9999.00 -9999.00 -9999.00 -9999.00 -9999.00 -9999.00 -9999.00 -9999.00 -9999.00 -9999.00 -9999.00 -9999.00 -9999.00 -9999.00 -9999.00 -9999.00 -9999.00 8.81 8.71 8.83 8.47 9.03 9.15 8.67 8.28 8.35 8.20 7.21 7.93 7.81 7.78 7.73 7.47 7.17 7.29 7.03 6.93 6.85 6.64 6.81 6.72 6.36 6.35 6.22 6.05 5.93 5.88 5.78 5.79 5.52 5.60 5.54 5.45 5.22 5.29 5.19 5.08 5.05 4.94 4.83
-9999.00 -9999.00 -9999.00 -9999.00 -9999.00 -9999.00 -9999.00 -9999.00 -9999.00 -9999.00 -9999.00 -9999.00 -9999.00 -9999.00 -9999.00 -9999.00 -9999.00 -9999.00 -9999.00 -9999.00 -9999.00 -9999.00 -9999.00 -9999.00 -9999.00 -9999.00 -9999.00 -9999.00 -9999.00 -9999.00 -9999.00 -9999.00 -9999.00 8.69 8.68 8.47 9.27 7.99 7.81 8.21 7.99 8.19 7.71 7.77 7.81 7.88 7.54 7.25 7.16 7.22 7.10 7.08 6.90 6.71 6.64 6.47 6.62 6.34 6.36 6.23 5.94 5.88 5.93 5.78 5.65 5.59 5.49 5.41 5.32 5.26 5.16 5.05 5.00 4.90 4.68
-9999.00 -9999.00 -9999.00 -9999.00 -9999.00 -9999.00 -9999.00 -9999.00 -9999.00 -9999.00 -9999.00 -9999.00 -9999.00 -9999.00 -9999.00 -9999.00 -9999.00 -9999.00 -9999.00 -9999.00 -9999.00 -9999.00 -9999.00 -9999.00 -9999.00 -9999.00 -9999.00 -9999.00 -9999.00 -9999.00 -9999.00 -9999.00 8.57 8.51 8.58 8.07 8.47 8.81 8.82 8.17 8.22 8.27 8.00 7.86 7.77 7.67 7.37 7.20 7.17 7.10 7.02 6.97 6.88 6.57 6.70 6.49 6.61 6.51 6.37 6.26 6.16 6.04 5.89 5.78 5.67 5.57 5.47 5.41 5.13 5.06 5.15 5.02 4.93 4.84 4.77
-9999.00 -9999.00 -9999.00 -9999.00 -9999.00 -9999.00 -9999.00 -9999.00 -9999.00 -9999.00 -9999.00 -9999.00 -9999.00 -9999.00 -9999.00 -9999.00 -9999.00 -9999.00 -9999.00 -9999.00 -9999.00 -9999.00 -9999.00 -9999.00 -9999.00 -9999.00 -9999.00 -9999.00 -9999.00 -9999.00 -9999.00 -9999.00 -9999.00 8.44 8.11 8.96 8.34 8.97 8.66 8.57 8.27 8.17 7.93 8.46 7.69 7.54 7.57 7.39 7.43 7.24 7.15 6.99 6.69 6.70 6.52 6.41 6.42 6.28 6.17 6.23 6.12 6.04 5.91 5.79 5.65 5.52 5.40 5.34 5.24 5.18 5.11 5.01 4.92 4.80 4.70
-9999.00 -9999.00 -9999.00 -9999.00 -9999.00 -9999.00 -9999.00 -9999.00 -9999.00 -9999.00 -9999.00 -9999.00 -9999.00 -9999.00 -9999.00 -9999.00 -9999.00 -9999.00 -9999.00 -9999.00 -9999.00 -9999.00 -9999.00 -9999.00 -9999.00 -9999.00 -9999.00 -9999.00 -9999.00 -9999.00 -9999.00 -9999.00 -9999.00 8.48 8.11 8.10 8.99 8.34 8.92 8.65 8.35 7.67 7.97 7.94 7.72 7.49 7.40 7.35 7.39 7.05 7.04 6.77 6.82 6.56 6.58 6.49 6.53 6.39 6.29 6.17 6.09 5.99 5.91 5.77 5.62 5.49 5.35 5.27 5.20 5.12 5.09 4.93 4.86 4.77 4.51
-9999.00 -9999.00 -9999.00 -9999.00 -9999.00 -9999.00 -9999.00 -9999.00 -9999.00 -9999.00 -9999.00 -9999.00 -9999.00 -9999.00 -9999.00 -9999.00 -9999.00 -9999.00 -9999.00 -9999.00 -9999.00 -9999.00 -9999.00 -9999.00 -9999.00 -9999.00 -9999.00 -9999.00 -9999.00 -9999.00 -9999.00 -9999.00 -9999.00 8.45 8.79 8.06 8.53 7.96 8.28 8.19 8.25 8.10 7.96 7.82 7.59 7.54 7.32 7.21 7.34 7.19 6.88 7.00 6.72 6.63 6.68 6.60 6.51 6.37 6.25 6.14 6.03 5.93 5.81 5.73 5.58 5.41 5.31 5.23 5.16 5.07 4.97 4.90 4.83 4.71 4.61
-9999.00 -9999.00 -9999.00 -9999.00 -9999.00 -9999.00 -9999.00 -9999.00 -9999.00 -9999.00 -9999.00 -9999.00 -9999.00 -9999.00 -9999.00 -9999.00 -9999.00 -9999.00 -9999.00 -9999.00 -9999.00 -9999.00 -9999.00 -9999.00 -9999.00 -9999.00 -9999.00 -9999.00 -9999.00 -9999.00 -9999.00 -9999.00 -9999.00 8.44 9.31 8.59 8.62 7.94 8.27 8.14 7.89 8.14 8.08 7.76 7.64 7.45 7.54 7.45 7.33 7.14 6.98 6.96 6.88 6.67 6.53 6.53 6.42 6.30 6.23 6.13 6.00 5.89 5.75 5.68 5.35 5.35 5.26 5.18 5.11 5.04 4.94 4.86 4.81 4.67 4.57
-9999.00 -9999.00 -9999.00 -9999.00 -9999.00 -9999.00 -9999.00 -9999.00 -9999.00 -9999.00 -9999.00 -9999.00 -9999.00 -9999.00 -9999.00 -9999.00 -9999.00 -9999.00 -9999.00 -9999.00 -9999.00 -9999.00 -9999.00 -9999.00 -9999.00 -9999.00 -9999.00 -9999.00 -9999.00 -9999.00 -9999.00 -9999.00 -9999.00 8.53 8.48 8.04 8.39 7.95 8.37 8.14 7.49 8.27 7.98 7.79 7.68 7.50 7.38 7.30 7.11 7.24 6.99 6.79 6.68 6.72 6.60 6.37 6.26 6.12 6.18 6.02 5.91 5.84 5.74 5.65 5.33 5.22 5.20 5.00 5.06 4.98 4.91 4.82 4.71 4.66 4.57
-9999.00 -9999.00 -9999.00 -9999.00 -9999.00 -9999.00 -9999.00 -9999.00 -9999.00 -9999.00 -9999.00 -9999.00 -9999.00 -9999.00 -9999.00 -9999.00 -9999.00 -9999.00 -9999.00 -9999.00 -9999.00 -9999.00 -9999.00 -9999.00 -9999.00 -9999.00 -9999.00 -9999.00 -9999.00 -9999.00 -9999.00 -9999.00 -9999.00 -9999.00 8.48 8.36 7.97 8.43 8.46 8.56 8.29 8.12 7.92 7.73 8.17 7.58 7.53 7.42 7.07 7.10 7.11 6.89 6.57 6.52 6.34 6.26 6.09 6.23 6.12 5.94 5.83 5.74 5.69 5.59 5.16 4.91 5.18 5.11 5.03 4.97 4.88 4.76 4.64 4.58 4.50
-9999.00 -9999.00 -9999.00 -9999.00 -9999.00 -9999.00 -9999.00 -9999.00 -9999.00 -9999.00 -9999.00 -9999.00 -9999.00 -9999.00 -9999.00 -9999.00 -9999.00 -9999.00 -9999.00 -9999.00 -9999.00 -9999.00 -9999.00 -9999.00 -9999.00 -9999.00 -9999.00 -9999.00 -9999.00 -9999.00 -9999.00 -9999.00 -9999.00 -9999.00 -9999.00 8.26 8.26 7.86 8.29 8.64 7.93 8.13 7.98 7.83 7.57 7.47 7.33 7.36 7.03 7.15 6.90 6.87 6.64 6.48 6.37 6.37 6.22 5.92 6.05 5.92 5.79 5.72 5.61 5.54 5.39 5.15 5.18 5.07 4.98 4.92 4.86 4.75 4.63 4.53 4.43
-9999.00 -9999.00 -9999.00 -9999.00 -9999.00 -9999.00 -9999.00 -9999.00 -9999.00 -9999.00 -9999.00 -9999.00 -9999.00 -9999.00 -9999.00 -9999.00 -9999.00 -9999.00 -9999.00 -9999.00 -9999.00 -9999.00 -9999.00 -9999.00 -9999.00 -9999.00 -9999.00 -9999.00 -9999.00 -9999.00 -9999.00 -9999.00 -9999.00 -9999.00 -9999.00 -9999.00 8.26 8.34 8.27 8.08 7.94 7.76 8.08 7.83 7.66 7.64 7.33 7.27 7.24 7.14 6.95 6.73 6.59 6.36 6.31 6.34 6.06 6.08 6.02 5.88 5.76 5.64 5.52 5.41 5.34 5.23 5.14 5.03 4.94 4.85 4.76 4.68 4.60 4.52 4.37
-9999.00 -9999.00 -9999.00 -9999.00 -9999.00 -9999.00 -9999.00 -9999.00 -9999.00 -9999.00 -9999.00 -9999.00 -9999.00 -9999.00 -9999.00 -9999.00 -9999.00 -9999.00 -9999.00 -9999.00 -9999.00 -9999.00 -9999.00 -9999.00 -9999.00 -9999.00 -9999.00 -9999.00 -9999.00 -9999.00 -9999.00 -9999.00 -9999.00 -9999.00 -9999.00 -9999.00 8.31 8.32 8.23 8.11 7.92 8.23 7.95 7.77 7.61 7.68 7.49 7.27 7.23 7.12 6.82 6.66 6.66 6.46 6.43 6.34 5.96 5.91 5.95 5.81 5.70 5.56 5.44 5.21 5.27 5.17 5.09 5.00 4.90 4.80 4.71 4.61 4.53 4.43 4.32
-9999.00 -9999.00 -9999.00 -9999.00 -9999.00 -9999.00 -9999.00 -9999.00 -9999.00 -9999.00 -9999.00 -9999.00 -9999.00 -9999.00 -9999.00 -9999.00 -9999.00 -9999.00 -9999.00 -9999.00 -9999.00 -9999.00 -9999.00 -9999.00 -9999.00 -9999.00 -9999.00 -9999.00 -9999.00 -9999.00 -9999.00 -9999.00 -9999.00 -9999.00 -9999.00 -9999.00 -9999.00 8.30 8.21 8.09 7.47 7.37 8.22 7.83 7.66 7.57 7.45 7.32 7.08 6.98 6.85 6.66 6.35 6.37 6.40 6.26 6.15 5.88 5.88 5.78 5.47 5.49 5.39 5.29 5.19 4.96 5.05 4.95 4.86 4.76 4.67 4.55 4.48 4.37 4.28
-9999.00 -9999.00 -9999.00 -9999.00 -9999.00 -9999.00 -9999.00 -9999.00 -9999.00 -9999.00 -9999.00 -9999.00 -9999.00 -9999.00 -9999.00 -9999.00 -9999.00 -9999.00 -9999.00 -9999.00 -9999.00 -9999.00 -9999.00 -9999.00 -9999.00 -9999.00 -9999.00 -9999.00 -9999.00 -9999.00 -9999.00 -9999.00 -9999.00 -9999.00 -9999.00 -9999.00 -9999.00 8.30 9.12 8.76 7.44 7.79 7.66 7.95 7.73 7.59 7.43 7.29 7.13 6.89 6.75 6.59 6.43 6.48 6.36 6.22 6.12 5.97 5.81 5.53 5.57 5.47 5.20 5.24 5.01 5.05 4.99 4.89 4.78 4.69 4.60 4.53 4.43 4.35 4.27
-9999.00 -9999.00 -9999.00 -9999.00 -9999.00 -9999.00 -9999.00 -9999.00 -9999.00 -9999.00 -9999.00 -9999.00 -9999.00 -9999.00 -9999.00 -9999.00 -9999.00 -9999.00 -9999.00 -9999.00 -9999.00 -9999.00 -9999.00 -9999.00 -9999.00 -9999.00 -9999.00 -9999.00 -9999.00 -9999.00 -9999.00 -9999.00 -9999.00 -9999.00 -9999.00 -9999.00 -9999.00 8.26 8.09 8.03 8.04 8.30 7.48 7.93 7.80 7.51 7.45 7.19 7.05 6.89 6.61 6.55 6.55 6.39 6.28 6.16 6.04 5.92 5.77 5.63 5.54 5.42 5.31 5.21 5.14 5.04 4.95 4.69 4.74 4.63 4.54 4.46 4.38 4.29 4.24
-9999.00 -9999.00 -9999.00 -9999.00 -9999.00 -9999.00 -9999.00 -9999.00 -9999.00 -9999.00 -9999.00 -9999.00 -9999.00 -9999.00 -9999.00 -9999.00 -9999.00 -9999.00 -9999.00 -9999.00 -9999.00 -9999.00 -9999.00 -9999.00 -9999.00 -9999.00 -9999.00 -9999.00 -9999.00 -9999.00 -9999.00 -9999.00 -9999.00 -9999.00 -9999.00 -9999.00 -9999.00 8.28 8.05 8.06 7.50 7.83 7.71 7.90 7.72 7.54 7.43 7.13 7.03 6.70 6.51 6.49 6.52 6.37 6.23 6.12 5.97 5.71 5.70 5.56 5.48 5.42 5.11 5.03 5.09 5.01 4.92 4.83 4.71 4.62 4.49 4.41 4.35 4.28 4.19
-9999.00 -9999.00 -9999.00 -9999.00 -9999.00 -9999.00 -9999.00 -9999.00 -9999.00 -9999.00 -9999.00 -9999.00 -9999.00 -9999.00 -9999.00 -9999.00 -9999.00 -9999.00 -9999.00 -9999.00 -9999.00 -9999.00 -9999.00 -9999.00 -9999.00 -9999.00 -9999.00 -9999.00 -9999.00 -9999.00 -9999.00 -9999.00 -9999.00 -9999.00 -9999.00 -9999.00 -9999.00 -9999.00 7.90 7.61 7.46 7.31 7.19 7.53 7.87 7.42 7.44 7.31 7.17 6.85 6.60 6.40 6.41 6.33 6.19 5.89 5.87 5.74 5.63 5.50 5.39 5.34 5.20 4.99 4.87 4.97 4.88 4.76 4.66 4.54 4.46 4.36 4.28 4.22 4.17
-9999.00 -9999.00 -9999.00 -9999.00 -9999.00 -9999.00 -9999.00 -9999.00 -9999.00 -9999.00 -9999.00 -9999.00 -9999.00 -9999.00 -9999.00 -9999.00 -9999.00 -9999.00 -9999.00 -9999.00 -9999.00 -9999.00 -9999.00 -9999.00 -9999.00 -9999.00 -9999.00 -9999.00 -9999.00 -9999.00 -9999.00 -9999.00 -9999.00 -9999.00 -9999.00 -9999.00 -9999.00 -9999.00 7.83 8.31 7.48 7.81 7.18 7.69 7.80 7.59 7.29 7.23 7.12 6.71 6.58 6.32 6.25 6.08 6.14 5.98 5.81 5.70 5.60 5.43 5.16 5.24 4.98 4.77 4.84 4.91 4.84 4.70 4.60 4.48 4.39 4.31 4.24 4.17 4.10
-9999.00 -9999.00 -9999.00 -9999.00 -9999.00 -9999.00 -9999.00 -9999.00 -9999.00 -9999.00 -9999.00 -9999.00 -9999.00 -9999.00 -9999.00 -9999.00 -9999.00 -9999.00 -9999.00 -9999.00 -9999.00 -9999.00 -9999.00 -9999.00 -9999.00 -9999.00 -9999.00 -9999.00 -9999.00 -9999.00 -9999.00 -9999.00 -9999.00 -9999.00 -9999.00 -9999.00 -9999.00 -9999.00 7.77 7.99 7.37 7.74 7.18 6.99 7.73 7.50 7.27 7.17 6.99 6.57 6.42 6.22 6.38 6.23 6.08 5.97 5.80 5.67 5.56 5.40 5.28 5.18 5.08 5.00 4.75 4.64 4.60 4.67 4.40 4.47 4.36 4.25 4.16 4.10 4.03
-9999.00 -9999.00 -9999.00 -9999.00 -9999.00 -9999.00 -9999.00 -9999.00 -9999.00 -9999.00 -9999.00 -9999.00 -9999.00 -9999.00 -9999.00 -9999.00 -9999.00 -9999.00 -9999.00 -9999.00 -9999.00 -9999.00 -9999.00 -9999.00 -9999.00 -9999.00 -9999.00 -9999.00 -9999.00 -9999.00 -9999.00 -9999.00 -9999.00 -9999.00 -9999.00 -9999.00 -9999.00 8.12 7.98 8.31 7.42 7.74 7.77 7.93 7.76 7.56 7.21 7.14 6.84 6.56 6.62 6.46 6.25 6.20 6.07 5.90 5.77 5.66 5.52 5.35 5.22 4.97 5.05 4.94 4.85 4.75 4.53 4.46 4.39 4.19 4.08 4.21 4.13 4.05 3.96
-9999.00 -9999.00 -9999.00 -9999.00 -9999.00 -9999.00 -9999.00 -9999.00 -9999.00 -9999.00 -9999.00 -9999.00 -9999.00 -9999.00 -9999.00 -9999.00 -9999.00 -9999.00 -9999.00 -9999.00 -9999.00 -9999.00 -9999.00 -9999.00 -9999.00 -9999.00 -9999.00 -9999.00 -9999.00 -9999.00 -9999.00 -9999.00 -9999.00 -9999.00 -9999.00 -9999.00 -9999.00 8.23 8.10 7.57 7.99 7.94 7.65 7.53 6.77 7.11 7.39 7.27 6.90 6.65 6.50 6.33 6.07 5.89 6.05 5.92 5.74 5.59 5.45 5.14 5.19 5.09 4.99 4.88 4.61 4.69 4.61 4.35 4.29 4.15 4.03 3.92 3.83 3.84 3.80
-9999.00 -9999.00 -9999.00 -9999.00 -9999.00 -9999.00 -9999.00 -9999.00 -9999.00 -9999.00 -9999.00 -9999.00 -9999.00 -9999.00 -9999.00 -9999.00 -9999.00 -9999.00 -9999.00 -9999.00 -9999.00 -9999.00 -9999.00 -9999.00 -9999.00 -9999.00 -9999.00 -9999.00 -9999.00 -9999.00 -9999.00 -9999.00 -9999.00 -9999.00 -9999.00 -9999.00 -9999.00 -9999.00 8.14 9.02 8.60 7.73 7.63 7.72 7.36 6.60 7.24 6.75 6.62 6.75 6.39 6.24 6.09 5.89 6.05 5.88 5.69 5.55 5.40 5.29 5.16 5.03 4.89 4.79 4.69 4.45 4.37 4.46 4.38 4.34 3.96 3.88 3.79 3.70 3.61
-9999.00 -9999.00 -9999.00 -9999.00 -9999.00 -9999.00 -9999.00 -9999.00 -9999.00 -9999.00 -9999.00 -9999.00 -9999.00 -9999.00 -9999.00 -9999.00 -9999.00 -9999.00 -9999.00 -9999.00 -9999.00 -9999.00 -9999.00 -9999.00 -9999.00 -9999.00 -9999.00 -9999.00 -9999.00 -9999.00 -9999.00 -9999.00 -9999.00 -9999.00 -9999.00 -9999.00 -9999.00 -9999.00 8.17 9.03 7.97 7.71 7.55 8.01 7.75 7.26 6.49 6.95 7.24 6.39 6.37 6.30 6.23 5.91 6.05 5.90 5.68 5.51 5.32 5.22 5.12 4.83 4.88 4.59 4.66 4.53 4.32 4.23 4.33 4.24 3.90 3.93 3.72 3.64 3.62
-9999.00 -9999.00 -9999.00 -9999.00 -9999.00 -9999.00 -9999.00 -9999.00 -9999.00 -9999.00 -9999.00 -9999.00 -9999.00 -9999.00 -9999.00 -9999.00 -9999.00 -9999.00 -9999.00 -9999.00 -9999.00 -9999.00 -9999.00 -9999.00 -9999.00 -9999.00 -9999.00 -9999.00 -9999.00 -9999.00 -9999.00 -9999.00 -9999.00 -9999.00 -9999.00 -9999.00 -9999.00 -9999.00 8.24 7.54 8.02 7.72 7.56 6.95 7.24 7.09 6.48 6.89 7.18 6.50 6.39 6.33 6.12 6.16 5.85 5.84 5.65 5.54 5.40 5.22 5.09 4.97 4.70 4.71 4.58 4.33 4.11 4.08 4.16 4.09 4.13 3.77 3.67 3.75 3.53
-9999.00 -9999.00 -9999.00 -9999.00 -9999.00 -9999.00 -9999.00 -9999.00 -9999.00 -9999.00 -9999.00 -9999.00 -9999.00 -9999.00 -9999.00 -9999.00 -9999.00 -9999.00 -9999.00 -9999.00 -9999.00 -9999.00 -9999.00 -9999.00 -9999.00 -9999.00 -9999.00 -9999.00 -9999.00 -9999.00 -9999.00 -9999.00 -9999.00 -9999.00 -9999.00 -9999.00 -9999.00 -9999.00 8.18 7.99 7.89 7.72 7.48 7.89 6.78 6.61 6.92 6.88 6.63 6.30 6.42 6.17 6.13 6.11 5.89 5.77 5.61 5.36 5.32 5.18 5.04 4.74 4.78 4.56 4.45 4.37 4.10 3.99 3.92 3.85 3.77 3.83 3.76 3.54 3.48
-9999.00 -9999.00 -9999.00 -9999.00 -9999.00 -9999.00 -9999.00 -9999.00 -9999.00 -9999.00 -9999.00 -9999.00 -9999.00 -9999.00 -9999.00 -9999.00 -9999.00 -9999.00 -9999.00 -9999.00 -9999.00 -9999.00 -9999.00 -9999.00 -9999.00 -9999.00 -9999.00 -9999.00 -9999.00 -9999.00 -9999.00 -9999.00 -9999.00 -9999.00 -9999.00 -9999.00 -9999.00 -9999.00 -9999.00 7.93 8.06 7.70 7.85 7.87 7.71 7.20 6.45 6.25 6.64 5.86 6.14 6.28 6.19 5.85 5.86 5.71 5.56 5.39 5.25 5.12 4.94 4.56 4.75 4.45 4.26 4.18 4.08 3.98 3.89 4.09 3.93 3.62 3.69 3.48 3.43
-9999.00 -9999.00 -9999.00 -9999.00 -9999.00 -9999.00 -9999.00 -9999.00 -9999.00 -9999.00 -9999.00 -9999.00 -9999.00 -9999.00 -9999.00 -9999.00 -9999.00 -9999.00 -9999.00 -9999.00 -9999.00 -9999.00 -9999.00 -9999.00 -9999.00 -9999.00 -9999.00 -9999.00 -9999.00 -9999.00 -9999.00 -9999.00 -9999.00 -9999.00 -9999.00 -9999.00 -9999.00 -9999.00 -9999.00 7.95 8.66 7.25 7.54 8.07 7.69 7.44 7.35 7.06 6.86 6.52 6.08 6.18 6.10 5.95 5.83 5.69 5.47 5.33 5.17 5.09 4.73 4.62 4.55 4.27 4.28 4.23 4.03 3.92 3.84 3.74 3.65 3.59 3.53 3.46 3.39
