maui/input/gr0_in_month_ascii/gr0_in_jan__maui.asc
ncols        356
nrows        236
xllcorner    -156.702000000000
yllcorner    20.529750000000
cellsize     0.002250000000
NODATA_value  -99.00
[rows 165 to 197 of 236, columns 150 to 224 of 356]
3.16 3.13 3.09 3.07 3.05 3.04 3.03 3.04 3.05 3.07 3.12 3.15 3.29 3.36 3.45 3.50 3.37 3.44 3.43 3.45 3.52 3.57 3.67 3.91 3.71 3.82 4.08 4.19 4.37 4.50 4.60 4.82 4.45 4.72 4.68 4.59 4.50 4.34 4.34 4.63 4.43 4.63 4.62 4.67 4.65 4.62 4.38 4.35 4.57 4.34 4.34 4.60 4.33 4.28 4.21 4.05 4.03 3.95 3.92 3.93 3.89 3.92 3.87 3.77 3.98 3.75 3.92 3.91 3.59 3.81 3.77 3.74 3.45 3.41 3.39
3.13 3.10 3.08 2.96 2.95 2.94 3.03 3.03 3.05 2.90 3.13 3.28 3.32 3.38 3.49 3.36 3.41 3.45 3.50 3.49 3.55 3.78 3.84 3.83 3.90 4.12 4.24 4.34 4.38 4.42 4.36 4.33 4.59 4.59 4.57 4.51 4.41 4.46 4.25 4.30 4.31 4.34 4.57 4.55 4.30 4.29 4.27 4.24 4.45 4.22 4.19 4.42 4.06 4.00 3.94 3.83 3.93 3.79 3.75 3.76 3.73 3.71 3.67 3.64 3.57 3.56 3.54 3.52 3.48 3.45 3.34 3.37 3.29 3.46 3.29
3.10 3.07 3.06 3.11 2.90 2.94 2.94 2.95 2.87 3.10 3.15 3.29 3.39 3.41 3.53 3.41 3.45 3.48 3.43 3.52 3.74 3.74 3.81 3.93 4.09 4.18 4.31 4.36 4.35 4.32 4.23 4.20 4.52 4.50 4.48 4.42 4.41 4.39 4.40 4.21 4.21 4.23 4.23 4.20 4.19 4.16 4.13 4.12 4.09 4.09 4.25 4.00 3.92 3.87 3.77 3.74 3.71 3.66 3.62 3.61 3.60 3.59 3.56 3.52 3.49 3.46 3.43 3.42 3.38 3.33 3.27 3.39 3.36 3.35 3.33
3.08 3.05 3.11 3.03 2.93 2.93 2.90 2.85 2.88 2.93 3.05 3.13 3.36 3.48 3.57 3.44 3.49 3.53 3.57 3.82 3.76 3.82 3.99 4.07 4.22 4.48 4.21 4.22 4.09 4.02 4.09 4.20 4.42 4.42 4.38 4.34 4.31 4.31 4.31 4.12 4.12 4.12 4.10 4.08 4.06 4.04 4.00 4.18 3.84 3.85 3.83 3.78 3.73 3.71 3.63 3.62 3.59 3.56 3.53 3.56 3.47 3.48 3.47 3.41 3.39 3.35 3.47 3.56 3.31 3.27 3.35 3.28 3.28 3.27 3.25
3.05 3.03 3.02 3.01 3.01 2.93 2.94 2.87 2.90 2.95 3.07 3.15 3.22 3.30 3.60 3.64 3.73 3.68 3.83 3.76 3.86 3.92 4.18 4.24 4.38 4.16 4.11 4.06 4.25 4.05 4.29 4.10 4.33 4.10 4.30 4.01 3.99 3.98 4.22 4.00 4.00 3.99 4.14 4.10 4.07 4.06 4.04 4.01 3.73 3.70 3.68 3.65 3.61 3.58 3.55 3.51 3.48 3.47 3.43 3.43 3.41 3.40 3.36 3.35 3.35 3.32 3.37 3.44 3.21 3.27 3.25 3.23 3.21 3.20 3.19
3.03 3.02 3.01 3.00 3.01 3.02 3.08 2.89 2.92 3.05 3.18 3.23 3.31 3.57 3.62 3.65 3.66 3.91 3.75 3.80 4.04 4.13 4.20 4.15 4.16 4.22 4.20 4.09 4.11 4.14 4.15 4.18 4.14 4.14 4.13 4.09 4.07 4.05 4.06 4.07 4.11 4.04 4.07 3.75 3.72 3.96 3.94 3.90 3.62 3.64 3.61 3.53 3.49 3.51 3.49 3.44 3.44 3.40 3.39 3.36 3.33 3.42 3.27 3.25 3.24 3.21 3.17 3.26 3.13 3.21 3.20 3.19 3.06 3.17 3.16
3.02 3.01 3.00 3.07 3.01 3.03 3.06 3.17 3.13 3.24 3.21 3.46 3.55 3.61 3.65 3.61 3.68 3.87 3.72 3.98 3.76 3.77 4.03 4.07 4.10 4.04 4.01 4.00 4.03 4.05 4.05 4.06 4.05 4.03 4.03 4.01 3.99 3.99 3.98 4.01 4.02 3.71 3.90 3.66 3.63 3.85 3.83 3.56 3.53 3.56 3.54 3.50 3.48 3.43 3.42 3.48 3.36 3.34 3.32 3.31 3.37 3.23 3.33 3.19 3.17 3.15 3.12 3.09 3.20 3.18 3.18 3.17 3.17 3.30 3.00
3.01 3.00 3.00 3.01 3.02 3.03 3.06 3.17 3.23 3.34 3.38 3.51 3.58 3.63 3.62 3.75 3.85 3.57 3.81 3.74 3.96 3.97 3.96 3.96 3.96 3.93 3.92 3.90 3.92 3.93 3.93 3.96 3.97 3.94 3.94 3.92 3.90 3.89 3.88 3.89 3.63 3.60 3.72 3.57 3.54 3.53 3.49 3.50 3.46 3.43 3.46 3.42 3.45 3.37 3.34 3.32 3.30 3.26 3.36 3.25 3.30 3.18 3.27 3.23 3.22 3.10 3.11 3.19 3.18 3.18 3.21 3.15 3.19 3.32 3.21
3.00 2.99 2.99 3.01 3.02 3.08 3.06 3.11 3.16 3.20 3.32 3.48 3.54 3.65 3.68 3.75 3.76 3.50 3.51 3.56 3.86 3.89 3.88 3.85 3.85 3.83 3.82 3.82 3.82 3.82 3.83 3.85 3.86 3.83 3.85 3.83 3.81 3.81 3.79 3.66 3.56 3.49 3.47 3.48 3.51 3.56 3.43 3.52 3.41 3.38 3.37 3.33 3.28 3.37 3.27 3.33 3.23 3.29 3.28 3.19 3.25 3.23 3.12 3.10 3.11 3.18 3.18 3.20 3.19 3.20 3.23 3.26 3.23 3.31 3.72
2.99 2.98 2.99 3.01 3.03 3.04 3.07 3.10 3.15 3.25 3.38 3.45 3.50 3.52 3.40 3.66 3.69 3.70 3.70 3.73 3.77 3.79 3.79 3.78 3.76 3.73 3.74 3.74 3.74 3.75 3.74 3.75 3.77 3.76 3.76 3.48 3.48 3.78 3.44 3.41 3.45 3.55 3.43 3.70 3.39 3.36 3.33 3.40 3.39 3.28 3.28 3.34 3.23 3.30 3.29 3.17 3.16 3.13 3.12 3.22 3.21 3.20 3.19 3.08 3.10 3.11 3.19 3.22 3.22 3.25 3.36 3.52 3.53 3.36 3.50
2.90 2.89 2.89 3.00 3.03 3.04 3.08 3.12 3.24 3.31 3.33 3.39 3.44 3.43 3.58 3.61 3.63 3.64 3.64 3.67 3.46 3.71 3.72 3.72 3.69 3.43 3.67 3.67 3.68 3.67 3.43 3.68 3.69 3.43 3.58 3.56 3.54 3.53 3.51 3.50 3.38 3.46 3.43 3.41 3.42 3.29 3.26 3.21 3.31 3.29 3.19 3.26 3.26 3.15 3.23 3.22 3.21 3.20 3.19 3.19 3.19 3.09 3.18 3.18 3.10 3.24 3.20 3.30 3.30 3.38 3.41 3.55 3.59 3.56 3.62
2.98 2.88 2.88 2.90 3.01 3.04 3.08 3.25 3.37 3.50 3.55 3.33 3.34 3.38 3.54 3.56 3.57 3.57 3.58 3.61 3.38 3.40 3.65 3.40 3.38 3.51 3.49 3.48 3.49 3.49 3.50 3.52 3.52 3.51 3.51 3.48 3.46 3.43 3.42 3.33 3.54 3.37 3.35 3.34 3.31 3.32 3.22 3.20 3.14 3.12 3.23 3.12 3.21 3.20 3.19 3.19 3.08 3.18 3.18 3.18 3.10 3.18 3.19 3.20 3.22 3.15 3.61 3.32 3.43 3.44 3.57 3.57 3.80 3.75 3.77
2.96 2.96 2.87 3.05 3.10 3.19 3.23 3.25 3.45 3.45 3.25 3.27 3.29 3.45 3.48 3.49 3.50 3.51 3.51 3.42 3.44 3.47 3.47 3.47 3.46 3.44 3.43 3.41 3.41 3.41 3.42 3.43 3.42 3.41 3.41 3.38 3.37 3.27 3.34 3.23 3.28 3.18 3.18 3.17 3.25 3.24 3.23 3.13 3.21 3.19 3.19 3.18 3.18 3.17 3.07 3.07 3.07 3.08 3.18 3.19 3.09 3.10 3.11 3.13 3.15 3.31 3.34 3.55 3.48 3.55 3.76 3.70 4.03 3.96 3.98
3.00 3.16 2.95 2.97 3.16 3.15 3.08 3.38 3.18 3.19 3.20 3.22 3.25 3.40 3.42 3.48 3.49 3.45 3.51 3.35 3.37 3.39 3.40 3.39 3.38 3.36 3.34 3.33 3.32 3.32 3.32 3.32 3.33 3.32 3.30 3.30 3.28 3.28 3.34 3.25 3.21 3.22 3.22 3.21 3.10 3.09 3.19 3.08 3.17 3.17 3.17 3.17 3.09 3.17 3.07 3.07 3.18 3.19 3.20 3.21 3.12 3.26 3.46 3.30 3.34 3.40 3.47 3.53 4.01 3.92 3.72 4.16 4.14 4.32 4.11
2.93 3.10 3.12 3.28 3.12 3.30 3.12 3.33 3.15 3.14 3.16 3.30 3.33 3.42 3.43 3.37 3.44 3.45 3.40 3.42 3.32 3.33 3.33 3.32 3.32 3.31 3.28 3.27 3.26 3.26 3.26 3.25 3.25 3.25 3.23 3.23 3.23 3.22 3.21 3.20 3.11 3.18 3.18 3.17 3.17 3.06 3.16 3.05 3.06 3.16 3.05 3.16 3.07 3.18 3.18 3.19 3.20 3.23 3.24 3.26 3.28 3.30 3.54 3.41 3.46 3.49 3.57 3.66 3.73 4.39 4.15 4.08 4.08 4.18 4.26
3.03 3.06 3.07 3.27 3.08 3.09 3.10 3.12 3.12 3.12 3.12 3.27 3.28 3.30 3.31 3.39 3.34 3.34 3.36 3.35 3.27 3.27 3.27 3.26 3.26 3.24 3.23 3.23 3.22 3.21 3.21 3.21 3.21 3.21 3.20 3.19 3.19 3.18 3.18 3.17 3.17 3.17 3.16 3.16 3.16 3.05 3.16 3.16 3.16 3.17 3.16 3.16 3.19 3.22 3.21 3.23 3.25 3.30 3.31 3.34 3.39 3.42 3.56 3.55 3.56 3.62 3.69 3.80 3.91 4.20 4.34 4.27 4.46 4.39 4.45
3.07 3.09 3.24 3.25 3.05 3.06 3.08 3.09 3.09 3.09 3.10 3.25 3.25 3.26 3.28 3.35 3.29 3.30 3.30 3.31 3.21 3.22 3.22 3.21 3.21 3.20 3.19 3.18 3.18 3.18 3.18 3.17 3.17 3.17 3.17 3.17 3.16 3.16 3.16 3.16 3.16 3.16 3.16 3.16 3.16 3.16 3.17 3.18 3.19 3.19 3.18 3.19 3.22 3.25 3.28 3.29 3.31 3.36 3.40 3.43 3.51 3.53 3.61 3.71 3.69 3.80 3.89 3.97 4.13 4.01 4.86 4.32 4.52 4.58 4.66
3.05 3.23 3.23 3.04 3.05 3.03 3.04 3.18 3.07 3.20 3.22 3.09 3.22 3.23 3.23 3.26 3.25 3.25 3.25 3.27 3.17 3.18 3.18 3.17 3.17 3.16 3.16 3.15 3.15 3.15 3.15 3.15 3.15 3.15 3.15 3.15 3.15 3.15 3.16 3.16 3.17 3.18 3.19 3.19 3.19 3.19 3.20 3.21 3.23 3.24 3.24 3.24 3.29 3.31 3.35 3.41 3.44 3.45 3.52 3.58 3.68 3.80 3.76 3.91 3.94 3.93 4.07 4.14 4.27 4.33 4.35 4.80 4.79 4.76 4.80
3.22 3.03 3.03 3.04 3.04 3.02 3.15 3.04 3.06 3.19 3.19 3.21 3.21 3.20 3.23 3.22 3.11 3.22 3.22 3.24 3.15 3.15 3.14 3.14 3.14 3.14 3.14 3.14 3.14 3.14 3.14 3.14 3.17 3.15 3.15 3.16 3.16 3.16 3.17 3.18 3.20 3.22 3.24 3.24 3.23 3.26 3.28 3.28 3.33 3.33 3.31 3.34 3.37 3.40 3.45 3.47 3.52 3.57 3.66 3.72 3.78 3.85 3.96 4.01 4.07 4.23 4.30 4.36 4.47 4.54 4.58 5.43 4.81 4.96 5.28
3.04 3.04 3.04 3.04 3.05 3.03 3.15 3.16 3.18 3.18 3.19 3.20 3.09 3.21 3.21 3.11 3.11 3.21 3.22 3.22 3.13 3.13 3.13 3.13 3.13 3.13 3.13 3.13 3.14 3.14 3.14 3.15 3.15 3.16 3.17 3.18 3.18 3.19 3.21 3.21 3.24 3.28 3.29 3.31 3.30 3.33 3.38 3.38 3.39 3.42 3.45 3.47 3.50 3.52 3.55 3.56 3.61 3.70 3.79 3.84 3.94 3.99 4.15 4.30 4.41 4.43 4.60 4.56 4.70 4.78 4.92 4.97 4.94 5.17 5.26
3.07 3.07 3.06 3.06 3.06 3.05 3.16 3.17 3.07 3.08 3.20 3.10 3.11 3.12 3.12 3.12 3.21 3.21 3.12 3.13 3.13 3.13 3.14 3.14 3.14 3.14 3.15 3.15 3.16 3.16 3.16 3.15 3.16 3.18 3.22 3.22 3.22 3.24 3.27 3.29 3.30 3.34 3.38 3.42 3.42 3.44 3.48 3.48 3.54 3.58 3.58 3.60 3.63 3.66 3.70 3.72 3.88 3.88 3.93 4.06 4.17 4.23 4.40 4.48 4.58 4.59 4.73 4.87 4.90 5.07 5.18 5.20 5.71 5.28 5.50
3.10 3.09 3.09 3.09 3.09 3.07 3.18 3.20 3.20 3.22 3.23 3.14 3.15 3.15 3.15 3.14 3.14 3.15 3.15 3.15 3.16 3.16 3.16 3.17 3.18 3.19 3.19 3.19 3.19 3.19 3.19 3.19 3.20 3.24 3.26 3.29 3.29 3.33 3.35 3.38 3.38 3.44 3.47 3.50 3.53 3.57 3.58 3.70 3.64 3.68 3.74 3.75 3.75 3.79 3.85 3.90 3.93 4.07 4.06 4.19 4.33 4.50 4.57 5.11 4.78 4.87 5.01 5.08 5.29 5.32 5.48 5.52 5.94 5.66 5.80
3.14 3.13 3.13 3.11 3.12 3.10 3.22 3.22 3.24 3.25 3.18 3.19 3.19 3.19 3.19 3.19 3.18 3.19 3.19 3.20 3.20 3.21 3.21 3.23 3.26 3.28 3.27 3.26 3.26 3.24 3.25 3.26 3.27 3.31 3.34 3.37 3.39 3.43 3.45 3.47 3.53 3.56 3.62 3.65 3.69 3.73 3.76 3.85 3.84 3.89 3.89 3.89 3.91 3.95 4.00 4.03 4.17 4.19 4.41 4.37 4.54 4.66 4.76 4.92 5.17 5.13 5.26 5.38 5.68 5.72 5.78 5.91 5.85 6.41 6.22
3.22 3.20 3.18 3.17 3.17 3.13 3.25 3.25 3.26 3.28 3.32 3.24 3.24 3.24 3.24 3.25 3.26 3.25 3.27 3.28 3.29 3.30 3.32 3.37 3.36 3.34 3.33 3.33 3.33 3.32 3.33 3.36 3.39 3.43 3.45 3.49 3.51 3.53 3.56 3.58 3.63 3.67 3.77 3.80 3.83 3.88 3.98 3.94 4.01 4.03 4.05 4.10 4.11 4.17 4.18 4.25 4.38 4.42 4.63 4.84 4.75 4.87 5.01 5.11 5.29 5.36 5.54 5.69 5.78 5.99 6.11 6.26 6.21 6.52 6.34
3.32 3.27 3.27 3.23 3.24 3.20 3.23 3.23 3.29 3.32 3.35 3.32 3.32 3.31 3.33 3.35 3.36 3.36 3.36 3.39 3.40 3.43 3.44 3.46 3.44 3.43 3.41 3.42 3.42 3.43 3.43 3.47 3.50 3.54 3.57 3.62 3.62 3.65 3.67 3.73 3.79 3.83 3.89 3.94 3.96 4.05 4.22 4.18 4.21 4.33 4.24 4.27 4.34 4.37 4.38 4.46 4.55 4.66 4.73 4.82 5.26 5.13 5.17 5.35 5.58 5.78 5.72 5.91 6.04 6.39 6.34 6.49 6.53 6.72 6.68
3.38 3.38 3.34 3.34 3.31 3.31 3.31 3.40 3.37 3.41 3.38 3.42 3.42 3.41 3.44 3.45 3.47 3.46 3.50 3.52 3.51 3.53 3.56 3.57 3.53 3.52 3.51 3.53 3.54 3.55 3.54 3.57 3.62 3.64 3.69 3.75 3.78 3.81 3.81 3.84 3.91 3.99 4.00 4.09 4.11 4.18 4.38 4.51 4.47 4.50 4.51 4.51 4.59 4.66 4.64 4.70 4.77 4.88 4.95 5.08 5.68 5.38 5.49 5.60 5.82 5.99 6.04 6.15 6.32 6.47 6.67 6.68 6.80 6.84 6.97
3.49 3.49 3.49 3.46 3.40 3.46 3.47 3.46 3.48 3.49 3.52 3.51 3.52 3.54 3.54 3.55 3.56 3.58 3.60 3.63 3.63 3.63 3.68 3.69 3.65 3.65 3.62 3.64 3.64 3.67 3.67 3.67 3.73 3.80 3.81 3.86 3.91 3.95 3.98 4.04 4.07 4.14 4.16 4.24 4.31 4.39 4.45 4.52 4.60 4.62 4.75 4.71 4.80 4.81 4.90 4.99 4.97 5.11 5.17 5.32 5.51 6.02 5.77 5.95 6.08 6.28 6.41 6.47 6.67 6.80 6.94 7.02 7.10 7.10 7.36
3.66 3.61 3.60 3.53 3.52 3.57 3.57 3.59 3.60 3.72 3.62 3.66 3.65 3.66 3.67 3.66 3.70 3.72 3.73 3.77 3.79 3.80 3.83 3.82 3.80 3.79 3.78 3.78 3.77 3.79 3.81 3.79 3.87 3.93 3.97 4.00 4.05 4.10 4.14 4.21 4.24 4.31 4.36 4.42 4.48 4.56 4.59 4.73 4.75 4.81 4.87 4.89 5.02 5.02 5.10 5.20 5.22 5.32 5.38 5.59 5.76 5.89 6.07 6.12 6.36 6.58 6.74 6.77 6.94 7.14 7.17 7.22 7.45 7.48 7.16
3.79 3.76 3.74 3.67 3.69 3.68 3.68 3.71 3.71 3.71 3.73 3.71 3.76 3.77 3.80 3.80 3.84 3.82 3.90 3.93 4.01 4.01 3.94 3.92 3.88 3.88 3.88 3.90 3.92 3.91 3.94 3.93 4.00 4.06 4.11 4.15 4.21 4.24 4.28 4.38 4.40 4.49 4.51 4.59 4.64 4.73 4.78 4.91 5.00 5.03 5.09 5.12 5.23 5.28 5.33 5.45 5.48 5.57 5.69 5.95 6.07 6.17 6.85 6.46 6.72 6.92 7.01 7.13 7.31 7.49 7.46 7.20 7.22 7.24 7.26
3.96 3.87 3.83 3.78 3.82 3.78 3.78 3.84 3.95 3.84 3.86 3.90 3.89 3.89 3.92 3.96 3.99 3.97 4.05 4.10 4.07 3.95 3.89 3.86 3.93 3.91 3.90 3.96 4.03 4.04 4.07 4.08 4.13 4.24 4.30 4.33 4.37 4.41 4.43 4.50 4.60 4.62 4.68 4.75 4.81 4.88 4.95 5.05 5.13 5.34 5.31 5.39 5.45 5.57 5.60 5.69 5.75 5.84 6.07 6.20 6.39 6.58 6.65 6.79 7.01 7.08 7.26 7.03 7.12 7.16 7.24 7.29 -9999.00 -9999.00 -9999.00
4.05 3.98 3.94 3.96 3.96 3.94 3.90 4.05 4.06 3.98 4.00 4.03 4.09 4.07 4.10 4.13 4.18 4.18 4.22 4.18 4.20 4.15 3.97 3.78 3.91 3.91 3.81 4.07 4.10 4.14 4.17 4.24 4.27 4.38 4.49 4.48 4.51 4.56 4.59 4.65 4.76 4.86 4.84 4.89 4.95 5.06 5.16 5.25 5.38 5.47 5.60 5.58 5.74 5.92 5.91 5.91 6.07 6.20 6.31 6.55 6.73 6.88 6.95 7.07 7.38 6.99 7.08 7.13 -9999.00 -9999.00 -9999.00 -9999.00 -9999.00 -9999.00 -9999.00
4.24 4.19 4.12 4.11 4.10 4.12 4.18 4.06 4.06 4.09 4.17 4.20 4.19 4.29 4.11 4.30 4.26 4.34 4.35 4.30 4.32 4.27 4.24 3.96 4.12 3.87 4.17 4.27 4.32 4.30 4.33 4.46 4.45 4.51 4.59 4.65 4.70 4.73 4.75 4.84 4.93 4.99 5.06 5.07 5.15 5.25 5.38 5.47 5.57 5.76 5.87 5.94 6.10 6.12 6.30 6.32 6.37 6.57 6.70 6.88 6.97 7.10 6.94 6.99 7.01 7.07 -9999.00 -9999.00 -9999.00 -9999.00 -9999.00 -9999.00 -9999.00 -9999.00 -9999.00
4.44 4.36 4.28 4.25 4.22 4.20 4.23 4.33 4.37 4.29 4.31 4.37 4.40 4.28 4.43 4.44 4.38 4.49 4.51 4.45 4.46 4.46 4.52 4.46 4.39 4.36 4.41 4.40 4.43 4.49 4.52 4.61 4.66 4.75 4.76 4.84 4.86 4.93 4.97 4.98 5.12 5.19 5.30 5.35 5.41 5.50 5.66 5.84 5.94 6.09 6.26 6.26 6.30 6.37 6.58 6.67 6.67 6.86 6.97 7.13 7.24 7.42 7.06 -9999.00 -9999.00 -9999.00 -9999.00 -9999.00 -9999.00 -9999.00 -9999.00 -9999.00 -9999.00 -9999.00 -9999.00
