maui/input/gr0_in_month_ascii/gr0_in_feb__maui.asc
ncols        356
nrows        236
xllcorner    -156.702000000000
yllcorner    20.529750000000
cellsize     0.002250000000
NODATA_value  -99.00
[rows 66 to 98 of 236, columns 0 to 74 of 356]
-9999.00 -9999.00 -9999.00 6.72 6.72 6.69 6.74 6.48 6.38 6.28 6.01 6.08 5.92 5.79 5.68 5.54 5.42 5.33 5.07 5.00 4.80 4.75 4.59 4.59 4.56 4.42 4.36 4.13 3.96 3.78 3.72 3.44 3.24 3.23 3.06 3.01 2.98 2.90 2.80 2.67 2.63 2.60 2.60 2.64 2.55 2.53 2.51 2.50 2.62 2.58 2.57 2.56 2.48 2.25 2.34 2.59 2.58 2.53 2.54 2.79 3.08 3.40 3.33 3.26 3.04 2.68 2.68 2.66 2.78 2.88 3.18 3.16 3.31 3.76 3.90
-9999.00 -9999.00 -9999.00 -9999.00 6.77 6.68 7.04 6.36 6.40 6.34 6.20 6.11 5.98 5.79 5.71 5.56 5.45 5.27 5.10 4.94 4.77 4.63 4.50 4.39 4.23 4.39 4.14 3.89 3.73 3.58 3.42 3.46 3.39 3.16 3.06 3.08 3.06 2.99 2.76 2.69 2.63 2.59 2.58 2.59 2.59 2.57 2.51 2.48 2.62 2.59 2.59 2.45 2.43 2.38 2.50 2.53 2.50 2.55 2.68 3.02 3.33 3.00 3.28 2.91 2.82 2.56 2.65 2.73 2.91 3.27 3.81 3.88 3.93 4.21 4.29
-9999.00 -9999.00 -9999.00 -9999.00 -9999.00 6.67 6.58 6.78 6.50 6.39 6.26 6.16 6.04 5.85 5.71 5.62 5.45 5.31 5.08 4.93 4.76 4.62 4.48 4.36 4.25 4.09 3.97 3.85 3.73 3.64 3.46 3.37 3.21 3.11 2.96 2.87 2.79 2.79 2.93 2.73 2.64 2.60 2.57 2.56 2.56 2.57 2.53 2.50 2.46 2.63 2.63 2.56 2.49 2.51 2.51 2.48 2.55 2.51 2.70 2.99 2.89 2.81 3.09 2.89 2.65 2.60 2.99 2.91 3.40 3.44 3.30 3.39 3.59 3.89 4.23
-9999.00 -9999.00 -9999.00 -9999.00 -9999.00 -9999.00 6.54 6.35 6.34 6.19 6.29 6.17 6.08 6.01 5.79 5.62 5.47 5.24 5.08 4.95 4.84 4.68 4.53 4.47 4.35 4.09 4.03 3.85 3.77 3.59 3.47 3.35 3.24 3.19 3.11 2.94 2.89 2.78 2.70 2.70 2.66 2.64 2.60 2.56 2.53 2.51 2.54 2.52 2.49 2.43 2.61 2.63 2.47 2.47 2.35 2.51 2.57 2.88 2.81 2.90 2.64 2.74 2.69 2.58 2.50 2.62 2.69 2.92 2.86 2.93 3.08 3.41 3.78 4.38 4.09
-9999.00 -9999.00 -9999.00 -9999.00 -9999.00 -9999.00 6.47 6.41 6.36 6.44 6.32 6.22 6.12 6.00 5.83 5.66 5.51 5.30 5.18 5.04 4.91 4.76 4.72 4.53 4.32 4.07 3.93 3.91 3.87 3.69 3.64 3.75 3.78 3.47 3.49 3.25 2.94 3.10 2.93 2.73 2.66 2.56 2.57 2.56 2.55 2.54 2.53 2.52 2.49 2.45 2.62 2.58 2.51 2.48 2.44 2.24 2.31 2.30 2.51 2.34 2.66 2.43 2.44 2.53 2.42 2.64 2.57 2.74 2.95 3.21 3.65 4.12 4.07 3.76 3.67
-9999.00 -9999.00 -9999.00 -9999.00 -9999.00 -9999.00 -9999.00 6.32 6.21 6.25 6.28 6.19 6.11 6.01 5.94 5.78 5.62 5.49 5.30 5.11 5.02 4.90 4.65 4.45 4.34 4.20 4.05 4.56 4.39 4.24 4.20 3.53 3.58 3.47 3.32 3.34 3.41 3.10 3.24 3.18 2.64 2.64 2.61 2.59 2.58 2.55 2.55 2.48 2.48 2.50 2.64 2.58 2.58 2.45 2.41 2.34 2.31 2.38 2.29 2.50 2.50 2.49 2.50 2.51 2.54 2.55 2.66 2.90 3.32 2.87 3.18 3.21 3.13 3.45 3.68
-9999.00 -9999.00 -9999.00 -9999.00 -9999.00 -9999.00 6.33 6.30 6.35 6.16 6.21 6.22 6.12 6.00 5.87 5.69 5.66 5.57 5.38 5.16 5.08 4.97 4.80 4.63 4.58 4.65 4.47 4.11 3.82 3.69 3.55 3.40 3.26 3.14 3.00 2.88 2.83 2.76 2.78 2.80 2.98 2.72 2.68 2.65 2.60 2.57 2.55 2.48 2.52 2.54 2.68 2.63 2.59 2.43 2.42 2.54 2.56 2.53 2.52 2.54 2.53 2.53 2.56 2.53 2.54 2.56 2.66 2.87 2.88 2.70 2.85 2.92 3.17 3.44 3.69
-9999.00 -9999.00 -9999.00 -9999.00 -9999.00 -9999.00 6.30 6.33 6.32 6.15 6.19 6.25 6.09 5.96 5.75 5.87 5.57 6.00 5.59 5.24 5.06 4.93 4.75 4.64 4.45 4.41 4.13 3.97 3.81 3.66 3.55 3.43 3.35 3.18 3.20 3.07 2.77 2.68 2.67 2.64 2.63 2.61 2.60 2.58 2.57 2.56 2.55 2.52 2.55 2.53 2.52 2.64 2.58 2.62 2.64 2.67 2.71 2.63 2.67 2.61 2.56 2.55 2.57 2.56 2.55 2.56 2.57 2.71 2.68 2.50 2.81 2.90 3.00 3.26 3.92
-9999.00 -9999.00 -9999.00 -9999.00 -9999.00 -9999.00 6.32 6.29 6.21 6.25 6.30 6.21 6.11 5.97 5.85 5.65 5.83 5.68 5.58 5.57 5.26 5.06 4.81 4.57 4.49 4.33 4.35 4.42 4.19 4.11 3.94 3.57 3.28 3.16 3.02 2.87 2.87 2.83 2.76 2.64 2.61 2.59 2.57 2.54 2.53 2.55 2.55 2.52 2.55 2.55 2.68 2.67 2.61 2.62 2.65 2.65 2.68 2.64 2.59 2.48 2.58 2.66 2.55 2.67 2.68 2.40 2.42 2.65 2.99 2.47 2.72 2.86 3.03 3.26 3.32
-9999.00 -9999.00 -9999.00 -9999.00 -9999.00 -9999.00 6.37 6.43 6.21 6.25 6.30 6.17 6.05 6.02 5.85 6.02 5.90 5.78 5.55 5.44 5.24 5.11 5.15 5.00 4.77 4.58 4.13 3.93 3.71 3.55 3.68 3.98 3.89 3.66 3.43 3.39 3.28 3.22 3.03 2.81 2.66 2.64 2.56 2.55 2.55 2.55 2.56 2.58 2.70 2.71 2.73 2.70 2.71 2.70 2.64 2.65 2.58 2.59 2.58 2.64 2.74 2.96 2.93 2.78 3.11 2.88 2.54 2.68 3.20 2.98 2.84 2.89 2.98 3.17 3.20
-9999.00 -9999.00 -9999.00 -9999.00 -9999.00 6.49 6.43 6.53 6.24 6.31 6.35 6.28 6.22 6.11 6.07 6.03 6.01 5.78 5.71 5.42 5.30 5.11 4.87 4.69 4.59 4.36 3.97 3.67 3.54 3.46 3.34 3.31 3.30 3.32 3.29 3.19 3.03 2.94 3.06 3.14 3.04 3.02 2.92 2.60 2.54 2.47 2.51 2.56 2.72 2.72 2.69 2.61 2.53 2.51 2.51 2.55 2.64 2.54 2.61 2.81 3.04 3.08 3.20 3.21 3.19 3.39 2.84 2.59 3.02 3.81 2.81 3.36 3.29 3.48 3.74
-9999.00 -9999.00 -9999.00 -9999.00 -9999.00 6.51 6.85 6.52 6.27 6.23 6.46 6.39 6.33 6.28 6.15 6.20 5.89 5.56 5.84 5.43 5.36 5.18 4.95 4.74 4.49 4.30 3.95 3.71 3.54 3.40 3.34 3.32 3.32 3.26 3.20 2.95 2.84 2.78 2.78 2.73 2.67 2.71 2.68 2.66 2.56 2.50 2.54 2.68 2.68 2.64 2.52 2.49 2.49 2.67 2.56 2.72 2.86 2.76 2.76 3.04 3.17 3.28 3.37 3.41 3.47 3.60 3.24 3.12 3.09 3.85 3.51 3.74 4.20 4.16 4.64
-9999.00 -9999.00 -9999.00 -9999.00 -9999.00 6.53 6.40 6.66 6.66 6.26 6.21 6.48 6.59 6.47 6.36 5.84 5.97 5.80 5.60 5.59 5.45 5.26 5.03 4.84 4.69 4.47 4.27 4.02 3.88 3.70 3.60 3.61 3.61 3.67 3.56 3.44 3.27 2.88 2.73 2.67 2.79 2.74 2.72 2.76 2.74 2.67 2.69 2.68 2.48 2.59 2.61 2.56 2.60 2.59 2.78 2.88 3.04 3.06 2.96 3.13 3.31 3.42 3.41 3.58 3.71 3.72 3.77 3.69 3.47 3.70 4.37 4.20 4.29 4.61 4.70
-9999.00 -9999.00 -9999.00 -9999.00 -9999.00 6.55 6.55 6.38 6.81 6.89 6.86 6.63 6.57 6.09 6.28 6.25 6.14 6.04 5.88 5.62 5.51 5.32 5.15 4.91 4.73 4.56 4.47 4.23 4.04 4.01 3.74 4.00 3.80 3.37 3.08 3.13 3.10 2.94 2.80 2.66 2.64 2.61 2.75 2.75 2.73 2.68 2.67 2.53 2.43 2.41 2.58 2.60 2.74 2.88 2.88 2.94 3.12 3.29 3.29 3.37 3.54 3.59 3.64 3.63 3.69 3.71 3.99 3.92 4.23 4.24 4.43 4.65 4.68 4.60 4.57
-9999.00 -9999.00 -9999.00 -9999.00 -9999.00 -9999.00 6.55 6.52 6.39 6.40 6.64 6.60 6.29 6.13 6.42 6.28 6.16 6.06 5.90 5.73 5.63 5.46 5.29 5.09 4.95 4.70 4.50 4.35 4.23 4.12 4.30 3.97 3.51 3.54 3.79 3.69 3.59 3.40 3.12 2.96 2.72 2.64 2.61 2.57 2.58 2.56 2.49 2.55 2.50 2.39 2.59 2.71 2.76 2.86 2.97 3.22 3.35 3.29 3.27 3.48 3.53 3.67 3.72 3.71 3.77 3.82 3.90 4.07 4.40 4.24 4.12 4.09 3.79 4.28 4.28
-9999.00 -9999.00 -9999.00 -9999.00 -9999.00 -9999.00 -9999.00 6.53 6.53 6.23 6.51 6.47 6.56 6.43 6.58 6.34 6.18 6.06 5.89 5.79 5.62 5.47 5.30 5.12 4.99 4.82 4.62 4.58 4.39 4.48 4.01 4.16 4.07 4.21 4.04 3.97 3.88 3.68 3.72 3.28 3.10 2.98 2.92 2.73 2.69 2.80 2.77 2.55 2.51 2.43 2.65 2.61 2.67 2.76 2.95 2.89 2.84 3.00 3.26 3.40 3.49 3.60 3.67 3.85 3.79 3.90 4.10 4.14 3.67 3.91 3.71 3.44 3.52 3.55 3.78
-9999.00 -9999.00 -9999.00 -9999.00 -9999.00 -9999.00 -9999.00 -9999.00 6.46 6.44 6.50 6.25 6.24 6.51 6.44 6.38 6.24 6.19 6.06 5.86 5.70 5.63 5.37 5.25 5.06 4.88 4.93 4.76 4.67 4.59 4.55 4.43 4.25 3.98 3.66 3.38 3.24 3.28 3.27 3.24 3.39 3.06 3.10 3.16 2.83 2.62 2.61 2.48 2.39 2.63 2.65 2.61 2.73 2.94 3.07 3.07 3.23 3.28 3.39 3.52 3.63 3.70 3.77 3.75 3.81 3.93 3.88 3.63 3.02 3.19 3.63 3.29 3.48 3.07 3.39
-9999.00 -9999.00 -9999.00 -9999.00 -9999.00 -9999.00 -9999.00 -9999.00 -9999.00 6.41 6.22 6.52 6.62 6.41 6.60 6.45 6.24 6.18 6.08 5.91 5.80 5.66 5.45 5.28 5.26 5.01 4.88 4.98 4.52 4.38 4.27 4.06 3.76 3.56 3.28 3.09 2.94 2.87 2.85 2.88 2.89 2.90 2.91 2.74 2.89 2.78 2.57 2.66 2.50 2.74 2.65 2.79 2.88 2.98 3.07 2.93 2.88 3.03 3.33 3.58 3.52 3.55 3.44 3.63 3.73 3.57 3.59 3.08 2.59 2.86 3.46 3.01 3.12 2.96 3.01
-9999.00 -9999.00 -9999.00 -9999.00 -9999.00 -9999.00 -9999.00 -9999.00 -9999.00 6.38 6.41 6.25 6.26 6.25 6.54 6.51 6.38 6.25 6.21 6.40 5.87 5.67 5.52 5.44 5.35 5.13 4.98 4.82 4.66 4.59 4.35 4.14 3.83 3.48 3.35 3.17 2.90 2.82 2.76 2.73 2.70 2.85 2.87 2.88 2.81 2.65 2.64 2.73 2.69 2.66 2.67 2.71 2.80 3.01 3.14 3.18 3.33 3.29 3.23 3.41 3.33 3.13 3.50 3.49 3.63 3.10 3.23 2.98 2.49 2.77 2.82 2.83 2.82 2.79 2.95
-9999.00 -9999.00 -9999.00 -9999.00 -9999.00 -9999.00 -9999.00 -9999.00 -9999.00 -9999.00 6.42 6.40 6.74 6.26 6.36 6.52 6.43 6.35 6.23 6.09 5.99 5.84 5.73 5.57 5.47 5.18 5.14 4.99 4.87 4.63 4.46 4.25 3.97 3.86 3.66 3.45 3.06 2.88 2.75 2.71 2.66 2.64 2.80 2.81 2.80 2.80 2.73 2.71 2.75 2.82 2.84 3.07 2.77 2.70 2.75 2.95 3.22 3.13 3.24 3.36 3.12 3.10 3.27 3.42 3.57 3.04 2.68 2.60 2.73 2.75 2.72 2.63 2.81 2.89 3.11
-9999.00 -9999.00 -9999.00 -9999.00 -9999.00 -9999.00 -9999.00 -9999.00 -9999.00 -9999.00 -9999.00 6.39 6.43 6.43 6.83 6.55 6.47 6.35 6.28 6.14 6.03 5.92 5.79 5.63 5.50 5.42 5.25 5.10 4.86 4.70 4.39 4.32 4.14 3.96 3.65 3.51 3.15 2.98 2.78 2.75 2.69 2.82 2.79 2.77 2.78 2.77 2.72 2.72 3.08 3.12 2.97 3.06 3.15 2.92 2.63 2.91 3.12 3.01 3.07 3.20 2.78 2.82 3.10 3.30 3.32 3.18 2.50 2.74 2.70 2.79 3.02 3.03 2.99 2.83 3.01
-9999.00 -9999.00 -9999.00 -9999.00 -9999.00 -9999.00 -9999.00 -9999.00 -9999.00 -9999.00 -9999.00 -9999.00 6.47 6.45 6.30 6.36 6.46 6.43 6.32 6.15 6.08 5.95 5.80 5.72 5.59 5.46 5.34 5.20 5.01 4.72 4.51 4.36 4.04 3.76 3.52 3.36 3.17 3.15 2.90 2.82 2.84 2.81 2.83 2.80 2.77 2.75 2.85 2.95 3.04 3.29 3.43 3.39 3.32 3.12 2.82 2.64 2.69 2.72 2.96 3.02 2.68 2.84 2.79 2.91 3.14 2.63 2.57 2.79 2.81 2.89 3.04 3.45 3.26 3.11 3.50
-9999.00 -9999.00 -9999.00 -9999.00 -9999.00 -9999.00 -9999.00 -9999.00 -9999.00 -9999.00 -9999.00 -9999.00 6.49 6.50 6.58 6.53 6.79 6.45 6.37 6.26 6.15 6.07 5.75 5.81 5.72 5.54 5.50 5.37 5.08 4.81 4.61 4.40 4.08 3.88 3.91 3.84 3.40 3.51 3.38 3.24 2.87 3.00 2.89 2.91 2.92 2.87 3.18 3.10 3.38 3.50 3.40 3.62 3.42 3.39 3.01 2.93 2.97 2.87 2.57 2.59 2.73 2.75 2.79 2.87 3.05 3.09 2.80 2.96 2.95 3.51 3.00 3.33 3.66 3.47 3.52
-9999.00 -9999.00 -9999.00 -9999.00 -9999.00 -9999.00 -9999.00 -9999.00 -9999.00 -9999.00 -9999.00 -9999.00 -9999.00 6.48 6.53 6.66 6.72 6.56 6.42 6.35 6.22 5.94 6.04 6.00 5.86 5.70 5.70 5.55 5.32 5.08 4.81 4.56 4.40 4.29 3.95 4.07 4.12 3.88 3.49 3.20 3.08 3.17 3.01 3.00 3.22 3.09 3.32 2.99 3.15 3.62 3.58 3.82 3.60 3.54 3.33 3.38 3.16 2.95 2.71 2.48 2.70 2.79 2.89 3.05 3.16 3.06 3.15 2.91 3.41 3.51 3.44 3.28 3.80 3.89 4.04
-9999.00 -9999.00 -9999.00 -9999.00 -9999.00 -9999.00 -9999.00 -9999.00 -9999.00 -9999.00 -9999.00 -9999.00 -9999.00 -9999.00 6.59 6.61 6.59 7.01 6.67 6.41 6.26 6.19 6.15 6.05 6.02 5.91 5.76 5.51 5.22 5.24 4.94 4.66 4.44 4.45 4.53 4.20 3.81 3.76 3.72 3.73 3.66 3.43 3.56 3.60 3.27 3.06 3.31 3.18 3.25 3.69 3.71 3.92 3.81 3.75 3.73 3.33 3.12 2.82 2.66 2.56 2.77 2.80 3.01 2.77 3.04 3.12 3.26 3.64 3.67 3.55 3.71 3.66 3.79 4.12 4.44
-9999.00 -9999.00 -9999.00 -9999.00 -9999.00 -9999.00 -9999.00 -9999.00 -9999.00 -9999.00 -9999.00 -9999.00 -9999.00 -9999.00 -9999.00 6.63 6.65 6.58 6.77 6.61 6.48 6.36 6.28 6.24 6.11 6.01 5.77 5.47 5.48 5.27 5.14 4.96 4.90 4.65 4.41 4.50 4.38 4.38 4.33 4.03 3.97 3.72 3.44 3.12 2.75 2.74 2.99 3.14 3.19 3.76 3.87 3.91 4.00 3.82 3.57 3.50 3.26 2.75 2.78 2.61 2.51 2.73 2.77 2.64 2.88 2.85 3.22 2.94 3.16 3.33 3.49 3.78 3.85 4.02 4.00
-9999.00 -9999.00 -9999.00 -9999.00 -9999.00 -9999.00 -9999.00 -9999.00 -9999.00 -9999.00 -9999.00 -9999.00 -9999.00 -9999.00 -9999.00 -9999.00 6.69 6.67 6.81 6.71 6.68 6.47 6.42 6.36 6.20 6.08 5.78 5.75 5.50 5.46 5.38 5.14 5.07 5.02 5.00 4.57 4.32 4.23 4.09 3.83 3.46 3.10 3.15 2.71 2.72 2.81 2.83 3.31 3.70 3.88 4.10 3.97 4.14 3.90 3.71 3.44 3.14 2.82 3.10 2.77 2.72 2.57 2.55 2.49 2.87 2.94 2.77 2.95 3.13 2.98 3.36 3.32 3.44 3.51 3.74
-9999.00 -9999.00 -9999.00 -9999.00 -9999.00 -9999.00 -9999.00 -9999.00 -9999.00 -9999.00 -9999.00 -9999.00 -9999.00 -9999.00 -9999.00 -9999.00 -9999.00 6.68 6.68 6.66 6.81 6.78 6.64 6.40 6.29 6.10 6.12 5.70 5.56 5.41 5.51 5.32 5.18 4.79 4.48 4.10 3.80 3.56 3.45 3.22 2.95 2.79 2.77 2.87 2.84 2.83 2.78 2.92 3.29 3.46 4.02 4.33 3.96 3.65 3.40 3.10 3.00 3.01 3.14 3.02 2.87 2.78 2.82 2.50 2.59 2.84 2.76 2.88 2.79 3.01 3.10 2.97 3.22 3.37 3.60
-9999.00 -9999.00 -9999.00 -9999.00 -9999.00 -9999.00 -9999.00 -9999.00 -9999.00 -9999.00 -9999.00 -9999.00 -9999.00 -9999.00 -9999.00 -9999.00 -9999.00 -9999.00 -9999.00 6.70 6.69 6.80 6.76 6.64 6.52 6.22 6.08 5.96 5.68 5.74 5.36 5.47 5.30 5.02 4.76 4.34 4.12 3.99 3.87 3.46 2.98 3.01 2.81 2.91 2.88 2.89 2.84 2.81 3.32 3.88 4.30 4.44 3.93 3.47 2.87 3.20 3.20 3.14 3.59 3.42 3.24 3.11 2.64 2.56 2.76 2.79 2.79 2.81 2.84 2.89 2.93 2.92 2.93 3.05 3.35
-9999.00 -9999.00 -9999.00 -9999.00 -9999.00 -9999.00 -9999.00 -9999.00 -9999.00 -9999.00 -9999.00 -9999.00 -9999.00 -9999.00 -9999.00 -9999.00 -9999.00 -9999.00 -9999.00 -9999.00 6.72 6.64 7.00 6.71 6.58 6.47 6.30 6.09 5.77 5.78 5.54 5.47 5.38 5.18 4.90 4.59 4.55 4.01 3.66 3.35 3.64 3.02 2.88 2.84 2.79 2.86 3.05 2.96 3.79 4.45 4.58 3.95 3.28 2.92 2.84 2.95 3.28 3.41 3.77 3.47 3.04 2.67 2.67 2.61 2.63 2.61 2.78 2.79 2.77 2.74 2.77 2.89 3.12 3.31 3.68
-9999.00 -9999.00 -9999.00 -9999.00 -9999.00 -9999.00 -9999.00 -9999.00 -9999.00 -9999.00 -9999.00 -9999.00 -9999.00 -9999.00 -9999.00 -9999.00 -9999.00 -9999.00 -9999.00 -9999.00 6.73 6.72 6.51 6.70 6.67 6.57 6.22 5.92 5.85 5.88 5.84 5.56 5.38 5.03 4.99 4.73 4.29 4.08 3.88 4.13 3.56 3.23 3.04 2.96 3.03 2.90 3.14 3.88 4.29 4.92 4.08 3.35 2.93 2.87 2.98 3.25 3.20 3.72 3.89 3.43 3.08 2.74 2.76 2.67 2.64 2.61 2.79 2.81 2.83 2.88 2.93 2.88 3.06 3.14 3.34
-9999.00 -9999.00 -9999.00 -9999.00 -9999.00 -9999.00 -9999.00 -9999.00 -9999.00 -9999.00 -9999.00 -9999.00 -9999.00 -9999.00 -9999.00 -9999.00 -9999.00 -9999.00 -9999.00 -9999.00 -9999.00 6.71 6.71 6.80 6.64 6.57 6.46 6.32 5.97 5.71 5.52 5.61 5.35 5.20 5.25 4.92 4.67 4.63 4.54 4.14 3.98 3.90 3.44 3.17 3.04 3.16 3.58 3.81 5.18 4.34 3.20 2.85 2.76 2.80 2.93 3.27 3.52 4.18 3.44 3.64 3.33 3.20 3.28 3.28 2.64 2.66 2.84 2.83 2.81 2.90 3.05 3.08 3.15 3.60 4.03
-9999.00 -9999.00 -9999.00 -9999.00 -9999.00 -9999.00 -9999.00 -9999.00 -9999.00 -9999.00 -9999.00 -9999.00 -9999.00 -9999.00 -9999.00 -9999.00 -9999.00 -9999.00 -9999.00 -9999.00 -9999.00 -9999.00 6.70 6.62 6.80 6.62 6.67 6.41 5.96 5.81 5.71 5.85 5.83 5.51 5.28 5.27 5.05 4.81 4.49 3.94 3.74 3.70 3.58 3.35 3.27 3.49 3.99 4.39 4.69 3.46 3.03 2.96 3.08 2.87 3.29 3.70 3.80 4.03 3.51 3.86 3.68 3.67 2.91 2.69 2.68 2.85 2.90 2.84 2.91 2.83 2.93 2.89 3.08 3.25 3.43
