maui/input/gr0_in_month_ascii/gr0_in_feb__maui.asc
ncols        356
nrows        236
xllcorner    -156.702000000000
yllcorner    20.529750000000
cellsize     0.002250000000
NODATA_value  -99.00
[rows 165 to 197 of 236, columns 150 to 224 of 356]
2.97 2.92 2.88 2.85 2.82 2.81 2.80 2.79 2.79 2.81 2.86 2.90 3.04 3.11 3.19 3.25 3.29 3.36 3.35 3.35 3.41 3.46 3.56 3.61 3.58 3.47 3.71 3.80 4.12 4.25 4.34 4.37 4.20 4.28 4.25 4.18 4.10 4.10 4.09 4.21 4.18 4.21 4.20 4.24 4.22 4.21 4.14 4.11 4.15 4.09 4.09 4.17 4.08 4.04 3.97 3.81 3.79 3.72 3.69 3.70 3.65 3.67 3.63 3.54 3.61 3.51 3.55 3.53 3.36 3.44 3.40 3.37 3.24 3.18 3.16
2.94 2.91 2.86 2.83 2.81 2.80 2.79 2.78 2.79 2.83 2.87 3.03 3.07 3.13 3.24 3.26 3.32 3.37 3.24 3.40 3.44 3.45 3.51 3.51 3.55 3.75 3.85 4.09 4.13 4.17 4.10 4.07 4.15 4.15 4.14 4.10 4.02 4.06 4.01 4.05 4.06 4.09 4.15 4.13 4.05 4.05 4.02 4.00 4.04 3.97 3.95 3.99 3.82 3.76 3.70 3.60 3.69 3.56 3.52 3.53 3.50 3.48 3.45 3.41 3.35 3.34 3.32 3.30 3.26 3.23 3.14 3.15 3.09 3.09 3.07
2.90 2.86 2.85 2.93 2.90 2.79 2.78 2.78 2.80 2.85 2.89 3.03 3.13 3.14 3.28 3.32 3.36 3.38 3.17 3.43 3.43 3.42 3.48 3.58 3.72 3.93 4.06 4.11 4.10 4.07 3.98 3.95 4.09 4.07 4.06 4.01 4.01 3.99 3.99 3.96 3.96 3.98 3.98 3.95 3.94 3.91 3.89 3.89 3.86 3.85 3.85 3.76 3.67 3.63 3.54 3.51 3.49 3.43 3.39 3.39 3.37 3.37 3.34 3.30 3.27 3.24 3.21 3.20 3.16 3.12 3.07 3.04 3.01 3.01 2.98
2.86 2.83 2.92 2.82 2.80 2.78 2.87 2.79 2.81 2.86 2.97 3.04 3.08 3.20 3.30 3.35 3.37 3.41 3.45 3.51 3.54 3.60 3.77 3.84 3.97 4.06 3.96 3.96 3.86 3.78 3.84 3.95 4.00 4.00 3.96 3.93 3.91 3.92 3.92 3.88 3.87 3.88 3.86 3.84 3.81 3.80 3.75 3.78 3.61 3.60 3.59 3.54 3.50 3.47 3.41 3.39 3.37 3.34 3.31 3.35 3.26 3.26 3.27 3.20 3.17 3.14 3.12 3.19 3.11 3.08 2.99 2.94 2.93 2.94 2.91
2.82 2.80 2.79 2.78 2.78 2.78 2.80 2.81 2.83 2.87 2.98 2.88 3.11 3.20 3.33 3.37 3.45 3.35 3.48 3.53 3.62 3.68 3.79 3.85 3.97 3.92 3.87 3.82 3.87 3.82 3.88 3.85 3.91 3.85 3.90 3.78 3.76 3.75 3.83 3.77 3.76 3.74 3.74 3.71 3.68 3.67 3.66 3.63 3.49 3.47 3.45 3.42 3.38 3.35 3.32 3.29 3.26 3.25 3.22 3.21 3.21 3.20 3.16 3.16 3.15 3.13 3.02 3.09 3.02 2.93 2.92 2.92 2.88 2.86 2.85
2.79 2.78 2.76 2.75 2.75 2.78 2.83 2.82 2.85 2.96 2.91 2.95 3.20 3.28 3.33 3.37 3.36 3.55 3.52 3.56 3.67 3.75 3.82 3.77 3.77 3.82 3.80 3.71 3.72 3.75 3.75 3.77 3.74 3.74 3.74 3.70 3.67 3.66 3.66 3.69 3.73 3.66 3.67 3.52 3.49 3.59 3.57 3.53 3.39 3.42 3.38 3.31 3.27 3.30 3.28 3.24 3.23 3.20 3.20 3.17 3.13 3.05 3.08 3.07 3.06 3.03 2.99 2.92 2.95 2.88 2.88 2.87 2.90 2.86 2.84
2.77 2.76 2.75 2.83 2.76 2.77 2.80 2.90 2.85 2.96 3.10 3.17 3.25 3.41 3.46 3.38 3.44 3.52 3.51 3.62 3.53 3.54 3.65 3.69 3.71 3.66 3.64 3.63 3.64 3.65 3.66 3.66 3.65 3.63 3.64 3.63 3.61 3.60 3.60 3.63 3.63 3.48 3.53 3.43 3.41 3.48 3.45 3.34 3.31 3.35 3.34 3.30 3.27 3.22 3.22 3.12 3.15 3.14 3.12 3.12 3.01 3.04 2.97 3.00 2.99 2.96 2.95 2.96 2.87 2.86 2.88 2.85 2.84 3.02 2.72
2.76 2.74 2.74 2.74 2.77 2.76 2.79 2.91 2.95 3.04 3.08 3.20 3.37 3.42 3.41 3.39 3.48 3.35 3.48 3.41 3.60 3.59 3.59 3.59 3.59 3.56 3.55 3.54 3.54 3.55 3.56 3.57 3.57 3.55 3.56 3.54 3.52 3.51 3.50 3.52 3.41 3.38 3.51 3.35 3.32 3.31 3.28 3.29 3.25 3.21 3.26 3.21 3.24 3.17 3.15 3.12 3.11 3.07 3.01 3.06 2.96 2.99 2.92 2.90 2.89 2.93 2.95 2.91 2.86 2.86 2.91 2.83 2.87 3.02 2.91
2.75 2.74 2.73 2.73 2.74 2.80 2.78 2.81 2.87 2.90 3.02 3.28 3.33 3.33 3.34 3.40 3.40 3.29 3.31 3.36 3.51 3.52 3.50 3.48 3.48 3.47 3.46 3.45 3.45 3.44 3.46 3.48 3.48 3.45 3.47 3.46 3.45 3.45 3.43 3.45 3.35 3.28 3.26 3.27 3.31 3.21 3.23 3.15 3.21 3.18 3.17 3.12 3.09 3.04 3.09 2.99 3.04 2.94 2.94 3.01 2.93 2.89 2.94 2.92 2.94 2.86 2.87 2.91 2.88 2.88 2.92 2.95 2.92 3.00 3.43
2.74 2.73 2.72 2.73 2.74 2.75 2.77 2.80 2.86 2.97 3.16 3.23 3.29 3.20 3.19 3.33 3.35 3.36 3.36 3.39 3.42 3.43 3.42 3.42 3.40 3.38 3.38 3.38 3.38 3.39 3.38 3.38 3.40 3.40 3.39 3.28 3.27 3.42 3.23 3.20 3.25 3.18 3.24 3.35 3.20 3.16 3.15 3.04 3.04 3.08 3.09 2.99 3.04 2.97 2.97 2.99 2.99 2.95 2.94 2.89 2.89 2.86 2.86 2.91 2.94 2.96 2.88 2.92 2.92 2.95 3.07 3.25 3.22 3.05 3.20
2.74 2.73 2.73 2.73 2.74 2.76 2.80 2.93 3.05 3.01 3.13 3.19 3.13 3.11 3.26 3.28 3.31 3.31 3.31 3.34 3.25 3.36 3.38 3.37 3.34 3.23 3.32 3.33 3.34 3.32 3.23 3.31 3.32 3.22 3.23 3.21 3.19 3.17 3.15 3.16 3.18 3.10 3.09 3.08 3.07 3.11 3.08 3.04 2.96 2.94 3.01 2.94 2.92 2.97 2.91 2.88 2.87 2.87 2.86 2.86 2.86 2.92 2.85 2.86 2.95 2.94 2.89 3.00 3.00 3.09 3.12 3.27 3.31 3.25 3.31
2.72 2.72 2.62 2.63 2.75 2.77 2.79 2.94 3.03 3.17 3.21 3.04 3.06 3.09 3.23 3.25 3.25 3.25 3.26 3.28 3.19 3.20 3.30 3.20 3.18 3.16 3.15 3.14 3.15 3.15 3.15 3.15 3.16 3.14 3.15 3.13 3.11 3.09 3.07 3.15 3.18 3.02 3.01 3.01 2.97 2.99 3.05 3.03 2.97 2.95 2.89 2.95 2.88 2.87 2.87 2.85 2.91 2.86 2.86 2.85 2.94 2.87 2.87 2.89 2.92 3.02 3.37 3.02 3.18 3.16 3.28 3.28 3.52 3.46 3.48
2.71 2.70 2.72 2.81 2.94 3.03 2.92 2.93 3.12 3.13 2.97 2.99 3.01 3.16 3.18 3.19 3.20 3.20 3.19 3.10 3.12 3.13 3.13 3.13 3.12 3.11 3.10 3.08 3.08 3.07 3.08 3.08 3.07 3.06 3.05 3.04 3.03 3.10 3.02 3.06 3.11 3.00 3.00 3.00 2.91 2.92 2.91 2.97 2.88 2.86 2.86 2.86 2.86 2.85 2.91 2.90 2.90 2.92 2.87 2.88 2.94 2.95 2.97 2.99 3.01 3.01 3.05 3.28 3.19 3.32 3.48 3.43 3.74 3.68 3.70
2.80 2.89 2.70 2.70 2.86 2.86 2.93 3.08 2.89 2.89 2.92 2.94 2.96 3.11 3.13 3.17 3.17 3.16 3.20 3.06 3.06 3.06 3.06 3.05 3.05 3.04 3.03 3.01 2.99 2.99 3.00 2.99 2.99 2.97 2.95 2.98 2.95 2.97 3.02 2.94 3.05 2.89 2.89 2.88 2.94 2.92 2.86 2.92 2.86 2.85 2.84 2.85 2.94 2.85 2.91 2.91 2.87 2.87 2.89 2.90 2.98 2.98 3.17 3.00 3.03 3.10 3.18 3.24 3.73 3.64 3.51 3.87 3.94 4.04 3.86
2.68 2.83 2.83 2.98 2.83 3.01 2.84 3.04 2.87 2.88 2.89 3.02 3.04 3.12 3.13 3.07 3.12 3.13 3.13 3.14 3.03 3.01 3.00 2.99 2.99 2.98 2.96 2.96 2.94 2.93 2.94 2.94 2.93 2.91 2.90 2.90 2.90 2.90 2.89 2.88 2.95 2.86 2.86 2.85 2.86 2.91 2.84 2.90 2.91 2.85 2.90 2.84 2.91 2.86 2.87 2.89 2.90 2.92 2.93 2.95 2.98 3.03 3.23 3.10 3.15 3.19 3.28 3.38 3.46 4.10 3.85 3.81 3.84 3.93 4.01
2.78 2.79 2.79 2.99 2.81 2.81 2.82 2.83 2.84 2.87 2.88 3.00 3.00 3.02 3.03 3.09 3.06 3.05 3.07 3.05 2.95 2.95 2.95 2.94 2.93 2.92 2.91 2.91 2.91 2.90 2.89 2.89 2.89 2.89 2.89 2.88 2.87 2.87 2.86 2.86 2.86 2.86 2.85 2.84 2.85 2.91 2.85 2.85 2.85 2.85 2.83 2.84 2.88 2.93 2.90 2.92 2.95 2.99 3.01 3.03 3.09 3.13 3.28 3.25 3.27 3.32 3.40 3.51 3.63 4.03 4.04 4.01 4.20 4.13 4.19
2.81 2.81 2.97 2.98 2.79 2.80 2.81 2.81 2.83 2.85 2.87 3.00 2.98 2.97 3.00 3.06 3.01 3.01 2.99 3.01 2.89 2.90 2.91 2.90 2.89 2.88 2.87 2.87 2.88 2.89 2.86 2.86 2.86 2.87 2.87 2.86 2.85 2.86 2.85 2.86 2.87 2.87 2.86 2.86 2.85 2.86 2.88 2.87 2.88 2.88 2.86 2.88 2.92 2.94 2.98 2.99 3.01 3.06 3.12 3.14 3.21 3.23 3.32 3.45 3.42 3.52 3.60 3.68 3.86 3.86 4.59 4.17 4.27 4.32 4.40
2.77 2.95 2.96 2.78 2.78 2.79 2.80 2.93 2.81 2.96 2.98 2.86 2.96 2.95 2.96 3.00 2.97 2.96 2.95 2.97 2.86 2.86 2.87 2.86 2.86 2.85 2.85 2.85 2.85 2.85 2.85 2.85 2.84 2.85 2.85 2.85 2.85 2.85 2.86 2.86 2.87 2.89 2.89 2.89 2.88 2.89 2.90 2.91 2.93 2.95 2.93 2.93 2.99 3.01 3.05 3.11 3.15 3.15 3.23 3.29 3.40 3.51 3.48 3.66 3.66 3.65 3.78 3.86 3.98 4.07 4.23 4.52 4.54 4.50 4.54
2.95 2.78 2.78 2.78 2.78 2.78 2.90 2.80 2.81 2.94 2.95 2.97 2.97 2.94 2.97 2.94 2.84 2.93 2.92 2.94 2.84 2.84 2.84 2.84 2.84 2.84 2.83 2.83 2.84 2.84 2.84 2.84 2.87 2.84 2.85 2.85 2.86 2.87 2.87 2.88 2.90 2.92 2.94 2.94 2.94 2.96 3.00 2.99 3.04 3.04 3.01 3.04 3.06 3.10 3.15 3.19 3.22 3.27 3.36 3.43 3.49 3.57 3.68 3.74 3.80 3.96 4.04 4.07 4.18 4.29 4.35 5.38 4.56 4.70 4.99
2.80 2.79 2.79 2.78 2.78 2.78 2.89 2.92 2.94 2.94 2.94 2.94 2.84 2.97 2.95 2.85 2.82 2.93 2.95 2.92 2.83 2.83 2.83 2.83 2.84 2.84 2.84 2.84 2.84 2.84 2.85 2.85 2.85 2.86 2.86 2.87 2.88 2.90 2.92 2.91 2.94 2.99 3.00 3.02 3.01 3.04 3.08 3.09 3.11 3.14 3.16 3.17 3.20 3.22 3.27 3.28 3.34 3.40 3.50 3.56 3.67 3.72 3.88 4.01 4.15 4.16 4.35 4.31 4.42 4.50 4.68 4.75 4.72 4.92 5.00
2.81 2.81 2.80 2.80 2.79 2.80 2.89 2.91 2.83 2.84 2.96 2.85 2.84 2.84 2.84 2.85 2.92 2.92 2.83 2.84 2.84 2.83 2.84 2.84 2.85 2.86 2.86 2.86 2.87 2.86 2.86 2.85 2.85 2.88 2.92 2.92 2.92 2.94 2.98 2.99 3.00 3.05 3.09 3.14 3.13 3.14 3.18 3.20 3.26 3.31 3.29 3.30 3.33 3.36 3.41 3.44 3.63 3.61 3.63 3.77 3.89 3.94 4.11 4.21 4.32 4.33 4.49 4.64 4.64 4.78 4.91 4.97 5.54 5.22 5.24
2.84 2.82 2.81 2.81 2.81 2.82 2.91 2.93 2.94 2.98 2.98 2.87 2.87 2.86 2.87 2.86 2.85 2.85 2.85 2.86 2.86 2.87 2.87 2.88 2.89 2.90 2.90 2.91 2.91 2.90 2.89 2.89 2.89 2.94 2.98 3.01 2.99 3.03 3.05 3.08 3.09 3.15 3.18 3.22 3.24 3.28 3.30 3.42 3.35 3.40 3.45 3.46 3.46 3.50 3.56 3.64 3.64 3.79 3.78 3.91 4.05 4.21 4.29 4.83 4.51 4.61 4.75 4.83 5.03 5.05 5.21 5.28 5.73 5.64 5.54
2.88 2.86 2.85 2.84 2.84 2.84 2.95 2.95 2.97 3.00 2.91 2.92 2.91 2.90 2.91 2.90 2.90 2.90 2.90 2.90 2.91 2.92 2.92 2.95 2.97 2.99 2.98 2.98 2.97 2.96 2.96 2.96 2.97 3.02 3.06 3.08 3.10 3.13 3.15 3.18 3.24 3.28 3.34 3.36 3.41 3.45 3.48 3.57 3.55 3.61 3.60 3.60 3.63 3.66 3.71 3.74 3.88 3.89 4.13 4.09 4.24 4.38 4.48 4.65 4.94 4.89 4.99 5.12 5.43 5.45 5.52 5.65 5.62 6.19 5.97
2.96 2.93 2.90 2.89 2.89 2.88 3.00 3.00 3.00 3.02 3.04 2.97 2.96 2.96 2.96 2.97 2.97 2.96 2.98 2.99 3.01 3.02 3.03 3.08 3.08 3.06 3.05 3.04 3.04 3.03 3.04 3.06 3.09 3.15 3.16 3.19 3.21 3.24 3.27 3.29 3.33 3.38 3.48 3.52 3.56 3.60 3.71 3.66 3.72 3.74 3.76 3.81 3.81 3.88 3.88 3.96 4.09 4.12 4.33 4.55 4.46 4.58 4.76 4.84 5.03 5.11 5.27 5.42 5.52 5.73 5.86 6.00 5.97 6.31 6.08
3.05 3.02 3.00 2.96 2.95 2.94 2.98 2.98 3.04 3.06 3.08 3.04 3.03 3.03 3.05 3.07 3.07 3.07 3.08 3.11 3.12 3.14 3.15 3.17 3.15 3.14 3.12 3.13 3.13 3.14 3.14 3.18 3.21 3.24 3.28 3.32 3.33 3.36 3.38 3.44 3.49 3.54 3.60 3.66 3.68 3.77 3.93 3.90 3.94 4.04 3.96 3.97 4.04 4.07 4.09 4.18 4.26 4.37 4.44 4.54 4.98 4.85 4.89 5.07 5.30 5.53 5.46 5.64 5.78 6.13 6.08 6.23 6.28 6.51 6.44
3.13 3.12 3.07 3.07 3.05 3.05 3.06 3.16 3.12 3.16 3.11 3.13 3.14 3.13 3.16 3.16 3.18 3.17 3.21 3.23 3.22 3.23 3.27 3.28 3.24 3.23 3.22 3.23 3.24 3.25 3.25 3.28 3.33 3.35 3.39 3.45 3.49 3.53 3.52 3.55 3.62 3.69 3.71 3.80 3.84 3.90 4.10 4.23 4.20 4.23 4.22 4.21 4.29 4.37 4.34 4.42 4.49 4.59 4.65 4.80 5.44 5.33 5.22 5.33 5.55 5.72 5.79 5.88 6.06 6.22 6.41 6.42 6.55 6.63 6.72
3.27 3.22 3.21 3.18 3.15 3.21 3.21 3.21 3.22 3.23 3.27 3.22 3.23 3.25 3.24 3.26 3.28 3.29 3.31 3.34 3.34 3.34 3.39 3.40 3.35 3.35 3.33 3.34 3.35 3.37 3.36 3.37 3.44 3.50 3.52 3.56 3.62 3.67 3.69 3.74 3.78 3.85 3.87 3.95 4.02 4.11 4.19 4.25 4.33 4.35 4.46 4.43 4.51 4.53 4.61 4.70 4.70 4.83 4.88 5.04 5.23 5.77 5.49 5.67 5.80 6.01 6.14 6.21 6.40 6.54 6.67 6.76 6.84 6.84 7.11
3.39 3.34 3.32 3.28 3.28 3.32 3.31 3.32 3.33 3.43 3.37 3.39 3.36 3.37 3.37 3.37 3.42 3.43 3.43 3.47 3.49 3.51 3.55 3.53 3.50 3.48 3.48 3.48 3.47 3.50 3.50 3.49 3.57 3.63 3.68 3.71 3.75 3.80 3.85 3.91 3.95 4.02 4.07 4.12 4.19 4.27 4.33 4.47 4.49 4.53 4.58 4.62 4.74 4.74 4.82 4.91 4.94 5.04 5.10 5.30 5.47 5.62 5.80 5.85 6.09 6.31 6.46 6.50 6.68 6.88 6.89 6.95 7.18 7.21 6.90
3.53 3.48 3.45 3.41 3.44 3.42 3.41 3.44 3.44 3.44 3.48 3.45 3.47 3.48 3.50 3.51 3.56 3.55 3.61 3.63 3.72 3.73 3.66 3.62 3.58 3.57 3.58 3.60 3.62 3.61 3.64 3.65 3.70 3.77 3.82 3.85 3.91 3.94 3.98 4.08 4.12 4.20 4.22 4.31 4.35 4.44 4.51 4.65 4.74 4.78 4.82 4.85 4.95 5.01 5.05 5.16 5.20 5.30 5.42 5.66 5.78 5.90 6.60 6.18 6.43 6.64 6.74 6.86 7.04 7.21 7.19 6.93 6.96 6.97 7.00
3.70 3.60 3.57 3.53 3.56 3.52 3.51 3.54 3.64 3.57 3.60 3.63 3.62 3.61 3.64 3.69 3.70 3.70 3.78 3.82 3.79 3.84 3.76 3.72 3.64 3.61 3.61 3.66 3.73 3.74 3.77 3.79 3.84 3.94 4.00 4.02 4.07 4.11 4.14 4.22 4.33 4.34 4.40 4.47 4.53 4.60 4.67 4.78 4.87 5.09 5.04 5.14 5.16 5.29 5.33 5.41 5.47 5.56 5.79 5.92 6.10 6.29 6.38 6.52 6.72 6.80 6.97 6.76 6.85 6.89 6.97 7.02 -9999.00 -9999.00 -9999.00
3.79 3.72 3.68 3.71 3.69 3.67 3.62 3.74 3.76 3.72 3.73 3.76 3.82 3.81 3.83 3.85 3.91 3.93 3.97 3.91 3.91 3.86 3.69 3.66 3.62 3.63 3.52 3.77 3.81 3.85 3.89 3.95 3.99 4.09 4.19 4.20 4.22 4.27 4.30 4.36 4.48 4.58 4.56 4.61 4.67 4.78 4.88 4.97 5.12 5.22 5.33 5.31 5.45 5.64 5.63 5.63 5.79 5.90 6.02 6.27 6.44 6.59 6.68 6.80 7.09 6.71 6.80 6.86 -9999.00 -9999.00 -9999.00 -9999.00 -9999.00 -9999.00 -9999.00
3.98 3.93 3.86 3.84 3.82 3.83 3.88 3.77 3.80 3.82 3.89 3.92 3.92 4.02 3.99 4.03 3.98 4.08 4.10 4.04 4.03 3.98 3.96 3.67 3.81 3.74 3.87 3.97 4.03 4.01 4.05 4.19 4.18 4.24 4.30 4.36 4.41 4.45 4.46 4.54 4.64 4.71 4.78 4.79 4.87 4.97 5.09 5.19 5.32 5.51 5.61 5.66 5.80 5.83 6.01 6.03 6.08 6.27 6.40 6.59 6.68 6.81 6.66 6.71 6.74 6.79 -9999.00 -9999.00 -9999.00 -9999.00 -9999.00 -9999.00 -9999.00 -9999.00 -9999.00
4.20 4.11 4.01 3.97 3.95 3.92 3.93 4.02 4.06 4.02 4.04 4.10 4.13 4.18 4.16 4.16 4.11 4.22 4.24 4.17 4.17 4.18 4.25 4.17 4.07 4.04 4.11 4.11 4.14 4.21 4.23 4.32 4.39 4.49 4.49 4.55 4.57 4.65 4.68 4.68 4.83 4.91 5.02 5.07 5.12 5.21 5.37 5.55 5.66 5.80 6.00 5.97 6.01 6.08 6.28 6.37 6.37 6.57 6.67 6.83 6.96 7.14 6.78 -9999.00 -9999.00 -9999.00 -9999.00 -9999.00 -9999.00 -9999.00 -9999.00 -9999.00 -9999.00 -9999.00 -9999.00
