maui/input/gr0_in_month_ascii/gr0_in_may__maui.asc
ncols        356
nrows        236
xllcorner    -156.702000000000
yllcorner    20.529750000000
cellsize     0.002250000000
NODATA_value  -99.00
[rows 132 to 164 of 236, columns 150 to 224 of 356]
4.91 4.93 4.86 4.63 4.65 4.27 4.26 4.22 4.05 4.08 4.31 4.12 3.80 3.40 3.67 3.26 3.29 3.66 3.47 3.64 3.51 3.29 3.06 3.09 3.59 2.99 2.98 2.92 2.92 3.36 3.29 3.17 3.04 3.07 3.18 3.26 3.30 3.31 3.20 3.20 3.28 3.30 3.36 3.40 3.45 3.55 3.39 3.46 3.80 3.85 3.94 3.98 4.07 4.14 4.11 4.15 4.20 4.19 4.23 4.23 4.31 4.24 4.19 4.32 4.07 3.82 3.74 3.71 3.86 3.81 3.77 3.77 3.75 3.75 3.72
5.00 4.87 4.80 4.73 4.50 4.21 4.33 4.18 4.07 3.94 4.01 4.19 3.75 3.36 3.35 3.29 3.26 3.56 3.38 3.51 3.48 3.64 3.32 3.44 3.55 3.27 3.43 3.41 3.24 2.93 3.29 3.05 2.95 3.08 3.10 3.14 3.20 3.17 3.22 3.22 3.28 3.33 3.38 3.42 3.48 3.52 3.47 3.66 3.83 3.92 3.96 4.07 4.22 4.24 4.28 4.29 4.35 4.36 4.37 4.43 4.40 4.42 4.49 4.45 4.20 4.01 4.10 3.88 3.93 3.92 3.90 3.77 3.84 3.75 3.82
4.77 4.82 4.74 4.53 4.60 4.16 4.07 4.11 4.07 3.95 3.97 3.76 3.90 3.83 3.61 3.28 3.45 3.18 3.11 3.08 3.47 3.28 3.02 3.56 3.23 3.32 3.24 3.38 3.30 3.26 3.06 3.02 2.95 2.97 2.99 3.14 3.18 3.19 3.23 3.27 3.32 3.36 3.41 3.46 3.60 3.69 3.65 3.68 3.79 4.03 4.12 4.18 4.25 4.32 4.39 4.44 4.48 4.50 4.58 4.51 4.57 4.60 4.65 4.57 4.49 4.38 4.24 4.25 4.04 3.96 3.94 3.85 3.87 3.94 3.84
4.84 4.74 4.64 4.35 4.41 4.34 4.05 3.95 3.92 3.93 3.90 3.40 3.66 3.84 3.59 3.48 3.18 3.13 3.12 3.03 3.03 2.94 3.24 3.37 3.49 2.94 3.15 3.04 3.09 2.77 3.17 2.97 2.97 3.01 3.05 3.01 3.04 3.22 3.28 3.33 3.36 3.27 3.62 3.52 3.66 3.75 3.67 3.71 3.71 3.88 4.25 4.31 4.36 4.49 4.54 4.57 4.68 4.61 4.71 4.71 4.73 4.77 4.79 4.76 4.70 4.59 4.61 4.27 3.94 3.84 3.83 3.78 3.93 3.93 3.89
4.98 4.87 4.74 4.49 4.20 4.23 4.15 3.96 3.89 3.86 3.77 3.40 3.87 3.27 3.32 3.70 3.20 3.52 3.11 3.09 3.04 3.00 2.98 2.93 2.96 3.48 3.35 3.25 3.23 2.73 3.21 3.17 3.02 2.97 3.01 3.02 3.08 3.11 3.31 3.36 3.38 3.31 3.63 3.60 3.73 3.86 3.72 3.82 3.92 3.95 4.08 4.27 4.48 4.56 4.70 4.71 4.81 4.85 4.88 4.91 4.92 4.89 4.90 4.90 4.76 4.26 4.20 4.27 3.65 4.06 3.90 3.85 3.99 3.97 3.97
4.76 4.82 4.72 4.65 4.23 4.10 4.01 3.93 3.86 3.79 3.96 3.93 3.38 3.57 3.74 3.75 3.19 3.42 3.06 3.57 3.34 2.97 2.95 2.95 2.93 3.16 2.86 3.09 3.23 2.73 3.21 3.00 3.26 3.16 3.16 3.11 3.28 3.15 3.29 3.47 3.43 3.39 3.71 3.78 3.82 3.91 3.80 4.15 4.17 4.28 4.38 4.49 4.59 4.70 4.83 4.89 4.95 5.00 5.04 5.09 5.03 5.04 5.10 4.78 4.35 4.34 4.13 4.06 4.07 4.02 3.97 4.06 4.05 4.04 4.04
4.88 4.62 4.71 4.44 4.20 4.39 4.12 4.03 4.15 3.93 3.74 3.31 3.64 3.71 3.44 3.18 3.48 3.63 3.64 3.56 3.01 3.46 2.95 3.28 3.43 2.92 3.11 3.20 3.15 3.20 2.99 2.99 2.99 3.00 3.04 3.15 3.30 3.22 3.25 3.26 3.46 3.42 3.78 3.83 3.90 3.99 3.88 3.99 4.23 4.40 4.50 4.59 4.70 4.83 4.92 5.00 5.09 5.16 5.16 5.22 5.23 5.26 5.11 4.49 4.13 3.89 4.16 4.11 4.11 4.25 4.05 3.97 4.11 4.09 4.11
4.82 4.76 4.64 4.36 4.29 4.26 4.18 4.04 3.79 3.72 3.67 3.62 3.56 3.49 3.44 3.41 3.46 3.08 3.04 3.01 3.41 2.92 2.92 3.45 3.38 3.34 3.42 3.30 3.10 3.11 3.00 3.23 3.00 3.03 3.08 3.13 3.16 3.23 3.41 3.38 3.41 3.59 3.82 3.91 3.99 4.07 4.16 4.10 4.42 4.53 4.62 4.75 4.87 4.96 5.06 5.21 5.23 5.29 5.30 5.38 5.45 4.97 4.56 4.51 4.12 4.24 4.10 4.06 4.33 4.33 4.13 4.04 3.96 4.16 3.98
4.81 4.71 4.65 4.20 4.14 4.39 4.11 3.86 3.79 3.69 3.64 3.63 3.50 3.46 3.08 3.14 3.06 3.02 3.35 2.98 3.52 3.47 3.46 3.42 3.47 2.92 3.33 3.30 3.17 3.11 3.12 3.14 3.18 3.20 3.11 3.24 3.34 3.39 3.49 3.46 3.60 3.65 3.91 4.03 4.14 4.20 4.29 4.43 4.51 4.66 4.76 4.93 5.03 5.14 5.23 5.35 5.49 5.43 5.50 5.58 5.59 5.05 4.53 4.33 4.40 4.54 4.17 4.46 4.41 4.38 4.34 4.31 4.34 4.14 4.04
4.74 4.66 4.38 4.31 4.26 4.24 4.10 4.08 3.80 3.73 3.29 3.53 3.46 3.41 3.13 3.09 3.58 3.01 3.32 3.31 2.95 3.29 3.27 3.41 3.22 3.39 3.19 3.32 3.30 3.20 3.31 3.18 3.33 3.25 3.29 3.22 3.41 3.47 3.56 3.74 3.52 3.74 3.89 4.15 4.19 4.33 4.44 4.52 4.68 4.82 4.94 5.07 5.20 5.24 5.34 5.49 5.60 5.61 5.55 5.63 5.53 5.09 4.79 4.70 4.58 4.59 4.44 4.55 4.49 4.44 4.42 4.15 4.24 4.24 4.41
4.68 4.60 4.36 4.44 4.38 4.10 3.93 3.86 3.97 4.07 3.29 3.21 3.48 3.60 3.03 3.10 3.54 3.40 3.38 3.38 3.49 3.43 3.36 3.41 3.38 3.16 3.22 3.20 3.16 3.27 3.39 3.43 3.28 3.30 3.18 3.26 3.46 3.38 3.62 3.62 3.65 3.79 3.95 4.26 4.33 4.41 4.36 4.53 4.87 5.00 5.09 5.21 5.39 5.40 5.49 5.59 5.70 5.64 5.77 5.69 4.91 4.62 4.99 4.69 4.32 4.47 4.57 4.34 4.64 4.51 4.48 4.39 4.33 4.32 4.31
4.67 4.39 4.30 4.41 4.14 4.24 4.18 4.16 3.91 3.96 3.36 3.89 3.67 3.43 3.10 3.05 3.01 2.98 3.31 3.49 3.34 3.34 2.85 3.35 2.78 3.25 3.20 3.22 3.18 3.20 3.35 3.39 3.34 3.36 3.48 3.44 3.38 3.56 3.50 3.66 3.76 3.95 4.07 4.36 4.47 4.54 4.48 4.66 4.80 5.11 5.22 5.30 5.41 5.54 5.63 5.71 5.67 5.97 5.91 5.31 4.93 4.54 4.62 4.57 4.67 4.43 4.39 4.75 4.60 4.55 4.52 4.27 4.39 4.38 4.21
4.64 4.56 4.39 4.37 4.30 4.19 4.01 3.89 4.03 3.87 3.26 3.24 3.18 3.17 3.64 3.56 2.99 2.96 3.43 3.47 3.31 3.31 3.28 3.21 3.23 3.32 3.18 3.19 3.23 3.26 3.43 3.46 3.51 3.45 3.48 3.55 3.62 3.68 3.74 3.95 3.96 4.06 4.16 4.32 4.64 4.73 4.82 4.95 5.09 5.22 5.20 5.41 5.53 5.30 5.63 5.81 5.92 5.92 5.39 4.93 4.76 5.12 4.66 4.57 4.72 4.47 4.81 4.77 4.42 4.57 4.51 4.46 4.45 4.26 4.30
4.58 4.47 4.43 4.34 4.01 3.94 3.89 4.03 3.97 3.88 3.84 3.18 3.15 3.64 3.05 3.08 3.31 2.85 2.76 2.89 3.16 3.29 3.19 3.28 3.17 3.16 3.21 3.25 3.30 3.30 3.31 3.35 3.42 3.53 3.59 3.66 3.55 3.64 4.12 4.11 4.22 4.36 4.48 4.65 4.80 4.90 4.99 5.08 5.20 5.25 5.37 5.45 5.56 5.47 5.80 5.89 5.99 5.88 5.01 4.76 4.85 4.72 4.68 4.60 4.55 4.50 4.64 4.62 4.60 4.57 4.56 4.51 4.32 4.31 4.32
4.52 4.24 4.36 4.10 4.14 4.07 4.07 4.00 3.30 3.25 3.60 3.07 3.40 3.51 3.35 3.45 2.96 3.20 3.34 3.33 3.23 3.02 3.26 3.34 3.22 3.19 3.23 3.28 3.33 3.34 3.38 3.45 3.56 3.71 3.60 3.64 3.75 3.85 3.93 4.30 4.40 4.52 4.64 4.78 4.91 5.06 5.12 5.18 5.28 5.39 5.48 5.56 5.67 5.87 5.88 5.97 6.05 5.75 5.34 5.06 4.86 4.75 4.65 4.46 4.57 4.72 4.65 4.64 4.63 4.61 4.59 4.39 4.36 4.35 4.36
4.47 4.39 4.34 4.20 4.14 4.03 4.01 3.95 3.90 3.23 3.18 3.66 3.35 3.31 3.27 3.27 3.41 3.49 3.38 2.90 3.30 3.10 3.16 3.23 3.38 3.26 3.27 3.31 3.39 3.43 3.48 3.60 3.69 3.67 3.65 3.70 3.83 3.95 4.09 4.26 4.58 4.72 4.79 4.95 5.07 5.14 5.28 5.43 5.53 5.64 5.75 5.82 5.76 5.99 5.98 6.04 5.61 5.48 5.18 5.01 4.88 4.76 4.55 4.64 4.78 4.74 4.72 4.67 4.63 4.61 4.57 4.39 4.39 4.38 4.39
4.44 4.34 4.29 4.22 4.18 3.90 3.78 3.88 3.65 3.81 3.68 3.10 3.05 3.24 3.27 3.33 3.17 3.22 3.51 3.11 3.11 3.14 3.29 3.40 3.53 3.31 3.31 3.33 3.43 3.56 3.65 3.66 3.69 3.61 3.75 3.86 3.96 4.09 4.22 4.39 4.56 4.90 4.99 5.08 5.20 5.33 5.37 5.58 5.55 5.64 5.73 5.92 5.92 6.03 6.09 5.53 5.32 5.27 5.06 4.92 4.85 4.76 4.93 4.87 4.80 4.73 4.74 4.70 4.66 4.63 4.59 4.57 4.58 4.58 4.41
4.38 4.33 4.23 4.20 4.13 4.07 4.00 3.90 3.56 3.56 3.12 2.99 3.59 2.93 3.39 3.18 3.05 3.20 3.38 3.22 3.14 3.13 3.27 3.24 3.30 3.36 3.34 3.36 3.41 3.49 3.69 3.78 3.84 3.81 3.92 3.99 4.09 4.20 4.34 4.50 4.65 4.84 5.14 5.22 5.40 5.52 5.51 5.61 5.68 5.76 5.87 5.95 6.07 5.63 5.47 5.41 5.19 5.08 4.96 4.88 5.02 4.99 4.99 4.91 4.86 4.80 4.77 4.74 4.70 4.66 4.61 4.58 4.59 4.64 4.63
4.33 4.24 3.99 4.10 3.81 3.99 3.95 3.85 3.76 3.38 3.09 3.54 3.00 3.03 3.48 3.37 3.13 3.12 3.10 3.23 3.25 3.28 3.28 3.28 3.31 3.38 3.43 3.48 3.48 3.53 3.66 3.81 3.90 3.83 4.00 4.08 4.23 4.34 4.46 4.60 4.76 4.90 5.22 5.06 5.30 5.50 5.61 5.73 5.81 5.88 5.97 6.07 5.98 5.45 5.29 5.14 5.03 5.21 5.15 5.12 5.09 5.07 5.02 4.97 4.90 4.85 4.80 4.76 4.70 4.66 4.63 4.62 4.66 4.67 4.69
4.30 4.21 4.13 4.07 3.86 3.81 3.68 3.79 3.20 3.11 3.07 3.01 3.35 3.50 3.35 3.29 3.30 3.20 3.15 3.09 3.27 3.48 3.40 3.34 3.35 3.39 3.45 3.59 3.66 3.64 3.68 3.78 3.95 3.92 4.08 4.19 4.31 4.66 4.57 4.71 5.05 5.16 4.94 5.22 5.23 5.39 5.72 5.81 5.88 5.97 6.07 6.17 5.60 5.37 5.21 5.13 5.32 5.26 5.31 5.21 5.11 5.06 5.03 5.01 5.12 5.01 4.86 4.82 4.80 4.75 4.77 4.72 4.72 4.70 4.69
4.26 4.19 4.12 4.06 3.99 3.90 3.54 3.45 3.04 3.66 3.41 3.03 3.45 3.17 3.30 3.23 3.22 3.18 3.20 3.24 3.26 3.19 3.22 3.44 3.38 3.46 3.53 3.63 3.74 3.62 3.86 3.87 4.10 4.05 4.21 4.51 4.63 4.78 4.89 4.82 4.92 5.02 5.08 5.18 5.33 5.60 5.82 5.95 6.03 6.09 6.16 6.05 5.51 5.33 5.26 5.47 5.40 5.37 5.37 5.22 5.23 5.20 5.09 5.02 5.20 5.12 4.92 4.89 4.84 4.77 4.78 4.84 4.76 4.73 4.68
4.08 3.93 3.96 3.85 3.92 3.86 3.63 3.77 3.40 3.38 2.92 2.90 3.29 3.30 3.23 3.22 3.21 3.21 3.26 3.25 3.24 3.26 3.30 3.38 3.45 3.55 3.64 3.71 3.63 3.68 3.93 4.04 4.12 4.18 4.29 4.64 4.76 4.87 4.98 4.96 4.86 5.19 5.17 5.27 5.39 5.61 5.71 6.03 6.12 6.19 6.24 6.07 5.53 5.40 5.66 5.64 5.56 5.48 5.33 5.19 5.19 5.17 5.04 5.00 4.99 4.94 4.87 4.83 4.80 4.78 4.82 4.65 4.70 4.66 4.65
4.23 4.01 4.03 3.94 3.72 3.80 3.77 3.49 3.10 3.23 2.77 3.35 3.40 3.16 3.16 3.19 3.17 3.21 3.25 3.25 3.27 3.28 3.34 3.42 3.55 3.63 3.75 3.68 3.66 3.91 3.84 4.02 4.09 4.29 4.44 4.76 4.91 4.99 5.08 5.03 5.02 5.13 5.24 5.36 5.49 5.63 5.77 6.11 6.18 6.24 6.29 6.17 5.64 5.80 5.86 5.80 5.58 5.54 5.36 5.24 5.18 5.13 5.05 5.00 4.95 4.92 4.86 4.84 4.80 4.81 4.77 4.82 4.66 4.65 4.64
4.02 3.88 4.02 3.81 3.66 3.63 3.47 3.30 3.20 3.39 3.38 3.19 3.26 3.17 3.16 3.17 3.16 3.21 3.25 3.27 3.30 3.33 3.39 3.51 3.63 3.72 4.03 3.94 4.00 3.99 4.03 4.12 4.28 4.40 4.74 4.87 5.00 4.96 5.26 5.35 5.12 5.24 5.69 5.84 5.83 5.74 5.87 6.22 6.28 6.38 6.34 6.20 6.03 5.99 5.97 5.87 5.77 5.62 5.55 5.41 5.26 5.20 5.12 5.14 5.10 4.93 4.89 4.83 4.81 4.80 4.77 4.70 4.70 4.67 4.64
4.12 3.81 3.78 3.92 3.67 3.41 3.27 3.39 3.35 3.16 3.35 3.25 3.26 3.25 3.22 3.21 3.24 3.22 3.26 3.30 3.40 3.44 3.50 3.60 3.68 3.82 4.11 4.11 4.20 4.15 4.13 4.23 4.38 4.53 4.86 4.96 4.89 5.29 5.32 5.49 5.59 5.49 5.76 5.91 6.00 6.09 6.15 6.37 6.38 6.37 6.14 6.28 6.16 6.12 6.06 5.97 5.53 5.41 5.28 5.38 5.31 5.25 5.23 5.19 5.12 4.96 4.91 4.89 4.86 4.81 4.78 4.75 4.70 4.71 4.67
3.86 3.94 3.70 3.72 3.73 3.36 3.22 3.43 3.40 3.35 3.30 3.20 3.19 3.26 3.12 3.13 3.28 3.30 3.28 3.38 3.46 3.61 3.69 3.69 3.77 3.94 4.14 4.14 4.21 4.30 4.44 4.36 4.47 4.64 4.76 4.88 5.00 5.21 5.57 5.67 5.76 5.58 5.95 6.09 6.18 6.20 6.29 6.11 6.07 6.29 6.29 6.30 6.29 6.28 6.22 5.95 5.49 5.32 5.22 5.41 5.33 5.30 5.27 5.23 5.13 5.05 5.00 4.97 4.93 5.08 4.86 4.83 4.77 4.73 4.70
3.62 3.70 3.58 3.52 3.40 3.28 3.22 3.36 3.17 3.29 3.20 3.17 3.23 3.29 3.15 3.12 3.31 3.21 3.38 3.46 3.60 3.57 3.57 3.85 3.84 3.92 3.98 4.22 4.27 4.35 4.57 4.70 4.58 4.72 4.86 4.98 5.13 5.36 5.63 5.75 5.81 5.91 6.07 6.17 6.24 6.17 6.16 6.17 6.17 6.15 6.18 6.19 6.18 6.19 6.19 6.06 5.84 5.69 5.61 5.55 5.44 5.48 5.39 5.41 5.32 5.44 5.14 5.09 5.23 5.24 5.07 4.98 5.08 4.86 4.69
3.57 3.43 3.38 3.39 3.32 3.26 3.35 3.44 3.11 3.17 3.18 3.19 3.28 3.16 3.25 3.30 3.20 3.43 3.56 3.62 3.62 3.55 3.75 3.86 4.02 3.97 4.08 4.19 4.35 4.42 4.52 4.83 4.75 4.84 5.01 5.33 5.47 5.72 5.79 5.85 5.94 6.05 5.97 6.06 6.05 6.03 5.99 5.99 6.01 6.01 6.04 6.05 6.09 6.10 6.09 6.04 6.05 5.96 5.89 5.94 5.68 5.74 5.73 5.80 5.74 5.60 5.24 5.33 5.46 5.43 5.40 5.32 5.18 5.05 4.93
3.41 3.37 3.33 3.40 3.36 3.23 3.51 3.26 3.13 3.18 3.18 3.08 3.15 3.11 3.15 3.32 3.25 3.36 3.51 3.58 3.54 3.64 3.85 4.06 4.04 4.05 4.05 4.30 4.43 4.56 4.66 4.79 5.12 5.02 5.18 5.57 5.65 5.74 5.75 5.93 5.90 5.94 5.89 5.90 5.87 5.87 5.85 5.86 5.87 5.89 5.91 5.95 5.99 6.00 5.99 5.96 5.93 5.92 5.81 6.02 6.01 5.99 5.92 5.85 5.69 5.62 5.59 5.65 5.55 5.40 4.93 4.82 4.93 4.80 4.61
3.38 3.31 3.26 3.21 3.17 3.18 3.16 3.42 3.28 3.20 3.27 3.14 3.27 3.18 3.24 3.42 3.47 3.50 3.57 3.76 3.88 3.85 4.05 4.13 4.14 4.07 4.16 4.27 4.53 4.55 4.83 5.04 5.05 5.20 5.57 5.68 5.79 5.80 5.86 5.88 5.87 5.81 5.75 5.75 5.74 5.75 5.75 5.77 5.77 5.79 5.82 5.86 5.85 5.86 5.88 5.84 5.97 5.89 5.85 5.73 5.71 5.68 5.62 5.57 5.51 5.43 5.40 5.35 5.28 5.11 4.98 4.67 4.79 4.63 4.30
3.35 3.32 3.23 3.18 3.15 3.17 3.14 3.13 3.10 3.10 3.13 3.10 3.11 3.21 3.38 3.56 3.64 3.57 3.63 3.73 3.91 4.04 4.03 4.18 4.29 4.33 4.43 4.53 4.44 4.59 4.78 5.04 5.38 5.51 5.49 5.65 5.69 5.63 5.71 5.70 5.68 5.65 5.64 5.64 5.63 5.63 5.64 5.68 5.66 5.36 5.71 5.85 5.85 5.83 5.84 5.71 5.68 5.59 5.55 5.53 5.50 5.46 5.40 5.37 5.31 5.24 5.19 5.13 5.05 4.96 4.80 4.68 4.62 4.62 4.20
3.30 3.27 3.21 3.17 3.13 3.08 3.09 3.09 3.27 3.11 3.16 3.16 3.20 3.26 3.41 3.61 3.71 3.73 3.81 3.88 3.99 4.08 4.20 4.24 4.30 4.37 4.37 4.44 4.53 4.67 4.98 5.31 5.42 5.41 5.49 5.49 5.60 5.63 5.50 5.30 5.53 5.52 5.54 5.53 5.52 5.67 5.66 5.62 5.62 5.38 5.61 5.63 5.62 5.57 5.52 5.52 5.41 5.36 5.33 5.35 5.34 5.19 5.13 5.13 5.03 5.01 4.96 4.87 4.78 4.71 4.43 4.49 4.45 4.39 4.16
3.27 3.23 3.19 3.14 3.09 3.07 3.06 3.06 3.06 3.10 3.14 3.32 3.42 3.49 3.56 3.56 3.74 3.77 3.84 3.86 4.01 4.15 4.15 4.30 4.36 4.34 4.35 4.68 4.66 4.84 5.45 5.47 5.58 5.54 5.31 5.25 5.41 5.43 5.22 5.28 5.41 5.38 5.53 5.38 5.37 5.53 5.45 5.42 5.43 5.17 5.41 5.55 5.46 5.35 5.34 5.29 5.15 5.15 5.15 4.94 4.87 4.94 4.89 4.88 4.82 4.78 4.71 4.62 4.54 4.48 4.28 4.39 4.08 4.17 4.14
