maui/input/gr0_in_month_ascii/gr0_in_apr__maui.asc
ncols        356
nrows        236
xllcorner    -156.702000000000
yllcorner    20.529750000000
cellsize     0.002250000000
NODATA_value  -99.00
[rows 132 to 164 of 236, columns 150 to 224 of 356]
4.53 4.53 4.47 4.28 4.29 3.99 3.98 3.95 3.77 3.81 3.99 3.79 3.52 3.02 3.37 2.87 2.90 3.40 3.18 3.35 3.20 2.96 2.65 2.67 3.20 2.53 2.54 2.44 2.41 2.91 2.83 2.80 2.64 2.52 2.61 2.70 2.72 2.71 2.57 2.53 2.60 2.61 2.62 2.63 2.66 2.72 2.71 2.76 2.88 2.91 2.99 3.01 3.09 3.15 3.11 3.15 3.19 3.17 3.20 3.19 3.27 3.22 3.18 3.30 3.14 2.95 2.87 2.86 2.94 2.92 2.89 2.89 2.88 2.87 2.85
4.61 4.49 4.42 4.36 4.17 3.94 3.99 3.90 3.79 3.67 3.75 3.87 3.47 2.98 2.98 2.91 2.90 3.28 3.06 3.18 3.18 3.31 3.03 3.11 3.18 2.88 3.05 3.00 2.84 2.41 2.93 2.71 2.57 2.53 2.52 2.55 2.61 2.55 2.59 2.55 2.60 2.63 2.64 2.65 2.68 2.70 2.79 2.94 2.91 2.97 2.99 3.08 3.22 3.23 3.26 3.27 3.30 3.31 3.31 3.35 3.33 3.34 3.40 3.40 3.24 3.07 3.13 2.97 2.99 3.01 2.99 2.88 2.95 2.87 2.93
4.42 4.45 4.38 4.20 4.25 3.89 3.81 3.85 3.82 3.71 3.71 3.49 3.58 3.52 3.31 2.94 3.16 2.84 2.72 2.68 3.16 2.97 2.62 3.21 2.90 2.97 2.88 2.99 2.98 2.93 2.74 2.68 2.57 2.55 2.55 2.54 2.55 2.55 2.57 2.60 2.63 2.64 2.65 2.67 2.78 2.89 2.95 2.96 3.03 3.07 3.13 3.18 3.24 3.29 3.33 3.38 3.40 3.42 3.48 3.44 3.46 3.47 3.51 3.47 3.43 3.33 3.24 3.23 3.09 3.00 3.02 2.94 2.97 3.04 2.94
4.49 4.38 4.28 4.08 4.08 4.01 3.78 3.68 3.65 3.67 3.69 3.03 3.41 3.54 3.32 3.18 2.79 2.74 2.75 2.63 2.64 2.53 2.93 3.04 3.15 2.50 2.77 2.75 2.80 2.38 2.84 2.61 2.58 2.60 2.62 2.54 2.55 2.57 2.60 2.65 2.66 2.70 2.83 2.73 2.84 2.91 2.96 2.99 2.97 3.09 3.24 3.28 3.32 3.41 3.46 3.48 3.57 3.53 3.58 3.57 3.58 3.61 3.62 3.60 3.56 3.49 3.53 3.27 3.02 2.93 2.90 2.88 3.01 3.01 2.96
4.61 4.51 4.39 4.18 3.93 3.97 3.90 3.70 3.62 3.61 3.50 3.06 3.57 2.91 2.98 3.40 2.85 3.29 2.74 2.70 2.67 2.60 2.60 2.50 2.55 3.14 2.98 2.96 2.91 2.32 2.84 2.79 2.63 2.56 2.57 2.55 2.60 2.61 2.64 2.66 2.66 2.72 2.88 2.80 2.89 3.01 3.01 3.08 3.15 3.15 3.25 3.25 3.41 3.46 3.58 3.59 3.67 3.69 3.71 3.72 3.73 3.70 3.70 3.71 3.63 3.28 3.23 3.25 2.69 3.12 2.99 2.94 3.05 3.03 3.03
4.42 4.47 4.37 4.32 3.97 3.85 3.77 3.69 3.60 3.51 3.66 3.65 3.04 3.30 3.43 3.47 2.85 3.17 2.68 3.26 3.03 2.56 2.54 2.52 2.48 2.79 2.40 2.81 2.93 2.32 2.85 2.62 2.86 2.75 2.72 2.66 2.79 2.64 2.75 2.76 2.69 2.80 2.92 2.96 2.96 3.05 3.08 3.22 3.22 3.29 3.36 3.42 3.49 3.57 3.68 3.73 3.77 3.81 3.84 3.86 3.81 3.80 3.86 3.65 3.29 3.36 3.19 3.12 3.09 3.08 3.04 3.11 3.10 3.09 3.09
4.53 4.31 4.37 4.19 3.95 4.10 3.88 3.79 3.86 3.64 3.49 2.99 3.41 3.41 3.16 2.84 3.25 3.36 3.35 3.25 2.61 3.11 2.52 2.94 3.07 2.46 2.71 2.76 2.73 2.87 2.63 2.61 2.58 2.58 2.60 2.69 2.82 2.72 2.72 2.70 2.90 2.81 2.96 2.97 3.03 3.11 3.14 3.23 3.26 3.38 3.45 3.49 3.56 3.67 3.73 3.80 3.87 3.94 3.92 3.95 3.95 3.98 3.90 3.46 3.29 2.89 3.21 3.17 3.12 3.27 3.10 3.03 3.15 3.13 3.14
4.48 4.43 4.32 4.11 4.06 3.97 3.89 3.74 3.54 3.48 3.45 3.41 3.33 3.24 3.18 3.16 3.24 2.74 2.69 2.64 3.12 2.51 2.47 3.08 2.99 2.95 3.03 2.86 2.64 2.64 2.63 2.70 2.59 2.60 2.63 2.65 2.66 2.72 2.86 2.82 2.81 2.95 2.98 3.04 3.11 3.18 3.24 3.31 3.40 3.47 3.52 3.61 3.70 3.77 3.84 3.97 3.98 4.01 4.02 4.07 4.12 3.71 3.36 3.40 3.10 3.19 3.25 3.21 3.29 3.34 3.17 3.09 2.93 3.18 2.95
4.48 4.38 4.34 3.97 3.93 4.11 3.89 3.63 3.57 3.45 3.42 3.39 3.26 3.21 2.71 2.80 2.70 2.65 3.09 2.61 3.25 3.15 3.10 3.05 3.10 2.43 2.89 2.86 2.72 2.62 2.62 2.62 2.63 2.64 2.66 2.74 2.67 2.70 2.79 2.88 2.97 2.99 3.04 3.14 3.23 3.28 3.35 3.44 3.46 3.56 3.63 3.76 3.83 3.91 3.99 4.06 4.17 4.12 4.18 4.24 4.22 3.85 3.44 3.30 3.34 3.63 3.14 3.41 3.36 3.38 3.34 3.32 3.32 3.08 3.00
4.41 4.36 4.15 4.09 4.05 3.97 3.88 3.82 3.59 3.52 2.96 3.28 3.20 3.15 2.79 2.74 3.30 2.65 3.06 3.05 2.57 3.00 2.94 3.04 2.86 2.98 2.87 2.87 2.83 2.72 2.79 2.64 2.76 2.67 2.68 2.71 2.72 2.77 2.82 2.96 2.87 3.05 3.18 3.24 3.26 3.37 3.43 3.47 3.59 3.69 3.78 3.87 3.96 3.99 4.08 4.18 4.25 4.27 4.15 4.30 3.94 3.91 3.63 3.70 3.62 3.68 3.49 3.41 3.44 3.43 3.42 3.10 3.17 3.16 3.40
4.37 4.30 4.13 4.15 4.10 3.89 3.72 3.66 3.72 3.82 2.97 2.88 3.24 3.35 2.68 2.74 3.26 3.15 3.12 3.11 3.21 3.13 3.05 3.06 3.00 2.86 2.89 2.86 2.79 2.75 2.86 2.88 2.69 2.68 2.68 2.76 2.78 2.81 2.86 2.97 2.97 3.09 3.22 3.32 3.34 3.39 3.49 3.62 3.73 3.82 3.89 3.98 4.12 4.13 4.20 4.26 4.34 4.23 4.32 4.26 3.83 3.60 3.84 3.56 3.28 3.50 3.57 3.15 3.56 3.49 3.47 3.38 3.24 3.24 3.23
4.36 4.16 4.07 4.12 3.92 3.97 3.92 3.90 3.65 3.70 3.05 3.64 3.43 3.20 2.76 2.73 2.65 2.62 3.06 3.21 3.06 3.06 2.46 3.02 2.42 2.92 2.87 2.86 2.81 2.79 2.80 2.83 2.73 2.72 2.82 2.77 2.82 2.96 2.88 2.99 3.07 3.23 3.31 3.38 3.43 3.48 3.59 3.72 3.82 3.91 3.98 4.04 4.13 4.23 4.29 4.35 4.26 4.52 4.43 3.99 3.74 3.56 3.52 3.48 3.67 3.38 3.34 3.57 3.58 3.52 3.49 3.20 3.30 3.29 3.29
4.33 4.26 4.14 4.09 4.02 3.92 3.75 3.69 3.78 3.63 2.96 2.93 2.87 2.84 3.36 3.29 2.62 2.59 3.14 3.16 3.00 2.99 2.97 2.97 2.94 2.98 2.82 2.81 2.84 2.85 2.87 2.88 2.90 2.80 2.80 2.84 2.89 2.91 2.93 3.09 3.25 3.32 3.37 3.47 3.56 3.63 3.70 3.80 3.90 3.99 3.91 4.12 4.22 4.15 4.23 4.36 4.50 4.43 4.05 3.85 3.73 4.01 3.59 3.52 3.72 3.41 3.62 3.73 3.34 3.54 3.41 3.37 3.36 3.34 3.36
4.27 4.18 4.14 4.07 3.83 3.76 3.70 3.77 3.72 3.64 3.61 2.88 2.84 3.38 2.70 2.72 3.03 2.57 2.47 2.47 2.80 2.93 2.87 2.91 2.86 2.81 2.83 2.85 2.89 2.88 2.87 2.88 2.93 2.87 2.88 2.91 2.94 3.00 3.27 3.23 3.31 3.39 3.46 3.57 3.68 3.76 3.83 3.90 3.97 3.95 4.05 4.11 4.19 4.29 4.36 4.43 4.50 4.42 3.92 3.73 3.60 3.62 3.61 3.55 3.49 3.44 3.40 3.52 3.49 3.47 3.46 3.42 3.39 3.38 3.39
4.22 4.01 4.07 3.88 3.85 3.80 3.80 3.74 3.02 2.94 3.40 2.75 3.17 3.26 3.09 3.17 2.59 3.01 3.11 2.99 2.86 2.73 2.84 2.92 2.88 2.82 2.83 2.85 2.89 2.89 2.91 2.96 3.03 3.02 3.01 3.02 3.10 3.16 3.21 3.35 3.41 3.49 3.57 3.67 3.78 3.88 3.93 3.96 4.03 4.06 4.14 4.20 4.28 4.48 4.43 4.49 4.56 4.14 4.05 3.86 3.73 3.65 3.58 3.41 3.51 3.47 3.56 3.54 3.52 3.50 3.48 3.46 3.43 3.42 3.42
4.18 4.10 4.05 3.95 3.84 3.75 3.77 3.69 3.64 2.91 2.86 3.40 3.11 3.06 3.01 3.01 3.12 3.18 3.05 2.56 3.02 2.80 2.81 2.79 2.91 2.88 2.86 2.87 2.93 2.95 2.98 3.07 3.13 3.09 3.02 3.05 3.15 3.24 3.32 3.43 3.52 3.62 3.68 3.81 3.89 3.95 4.03 4.15 4.23 4.32 4.40 4.45 4.35 4.57 4.51 4.56 4.24 4.15 3.94 3.83 3.74 3.67 3.50 3.57 3.67 3.64 3.61 3.57 3.53 3.51 3.48 3.46 3.46 3.45 3.45
4.16 4.06 4.02 3.95 3.91 3.68 3.60 3.62 3.46 3.54 3.40 2.79 2.69 2.95 3.01 3.02 2.85 2.92 3.17 2.86 2.84 2.86 2.95 2.93 3.04 2.92 2.90 2.90 2.97 3.06 3.14 3.11 3.11 2.99 3.09 3.17 3.25 3.33 3.42 3.53 3.65 3.76 3.84 3.90 3.98 4.08 4.06 4.27 4.20 4.26 4.34 4.53 4.48 4.55 4.60 4.19 4.05 4.02 3.86 3.77 3.72 3.66 3.64 3.75 3.68 3.63 3.63 3.60 3.57 3.54 3.49 3.48 3.48 3.48 3.47
4.11 4.05 3.97 3.94 3.88 3.82 3.75 3.63 3.31 3.36 2.77 2.62 3.31 2.57 3.20 2.87 2.83 2.88 3.04 2.97 2.88 2.83 2.92 2.86 2.92 2.96 2.93 2.93 2.96 3.01 3.17 3.21 3.22 3.14 3.23 3.27 3.34 3.41 3.50 3.62 3.73 3.87 3.93 3.99 4.14 4.23 4.16 4.25 4.30 4.36 4.45 4.50 4.59 4.26 4.16 4.11 3.96 3.89 3.81 3.75 3.86 3.84 3.83 3.77 3.73 3.68 3.66 3.63 3.60 3.57 3.52 3.49 3.49 3.53 3.52
4.06 3.98 3.78 3.84 3.60 3.73 3.69 3.58 3.47 3.10 2.74 3.25 2.64 2.65 3.17 3.14 2.91 2.88 2.84 2.94 2.94 2.95 2.91 2.90 2.91 2.95 3.00 3.03 3.00 3.03 3.14 3.23 3.27 3.15 3.29 3.33 3.44 3.51 3.60 3.69 3.82 3.92 4.00 3.99 4.23 4.16 4.25 4.34 4.40 4.45 4.52 4.59 4.53 4.15 4.04 3.94 3.85 3.83 3.96 3.94 3.91 3.90 3.86 3.81 3.76 3.72 3.69 3.65 3.60 3.57 3.54 3.53 3.54 3.54 3.55
4.03 3.95 3.86 3.80 3.60 3.54 3.45 3.51 2.85 2.76 2.71 2.64 3.07 3.19 3.11 3.05 3.04 2.93 2.86 2.80 2.93 3.11 3.02 2.93 2.92 2.94 2.98 3.10 3.15 3.12 3.13 3.21 3.31 3.22 3.33 3.40 3.49 3.61 3.68 3.79 3.89 3.97 3.89 4.18 4.13 4.25 4.34 4.40 4.45 4.53 4.60 4.67 4.26 4.11 3.99 3.93 4.08 4.03 4.07 4.01 3.93 3.89 3.87 3.84 3.92 3.83 3.73 3.70 3.67 3.62 3.63 3.59 3.59 3.56 3.55
4.00 3.93 3.87 3.80 3.74 3.64 3.32 3.20 2.67 3.37 3.14 2.65 3.14 2.99 3.08 2.97 2.94 2.89 2.89 2.93 2.94 2.85 2.86 3.03 2.95 3.00 3.04 3.12 3.19 3.07 3.26 3.25 3.42 3.32 3.43 3.51 3.59 3.69 3.78 3.87 3.94 4.01 4.01 4.09 4.21 4.47 4.41 4.51 4.57 4.62 4.67 4.59 4.21 4.09 4.04 4.20 4.14 4.12 4.12 4.03 4.03 3.99 3.92 3.87 3.97 3.92 3.78 3.75 3.70 3.63 3.62 3.67 3.61 3.59 3.54
3.89 3.82 3.72 3.60 3.67 3.60 3.41 3.48 3.11 3.11 2.55 2.52 2.97 3.07 2.99 2.95 2.92 2.89 2.91 2.91 2.92 2.92 2.92 2.97 3.01 3.07 3.14 3.18 3.07 3.07 3.29 3.36 3.40 3.41 3.48 3.61 3.69 3.76 3.83 3.98 3.83 4.15 4.08 4.16 4.26 4.43 4.51 4.57 4.64 4.69 4.72 4.60 4.22 4.15 4.34 4.32 4.26 4.20 3.92 3.84 4.01 3.98 3.89 3.86 3.84 3.79 3.74 3.71 3.68 3.65 3.66 3.52 3.57 3.54 3.53
3.99 3.77 3.78 3.68 3.46 3.54 3.50 3.28 2.73 3.03 2.47 3.12 3.17 2.90 2.91 2.92 2.88 2.89 2.90 2.90 2.91 2.92 2.97 3.02 3.10 3.13 3.22 3.11 3.05 3.27 3.18 3.30 3.35 3.49 3.60 3.69 3.80 3.84 3.90 4.03 3.97 4.05 4.14 4.23 4.33 4.44 4.55 4.63 4.69 4.73 4.76 4.68 4.30 4.23 4.48 4.43 4.26 4.25 3.95 4.04 4.00 3.95 3.90 3.85 3.81 3.78 3.73 3.71 3.68 3.67 3.64 3.66 3.54 3.53 3.52
3.78 3.68 3.76 3.65 3.43 3.38 3.23 3.01 3.01 3.18 3.14 2.94 2.98 2.91 2.91 2.89 2.86 2.88 2.91 2.91 2.92 2.95 3.02 3.11 3.18 3.21 3.33 3.33 3.35 3.32 3.33 3.38 3.49 3.57 3.68 3.78 3.87 3.76 4.05 4.11 4.05 4.14 4.38 4.49 4.42 4.52 4.62 4.72 4.76 4.83 4.80 4.71 4.60 4.57 4.55 4.48 4.41 4.11 4.07 4.15 4.05 4.00 3.94 3.94 3.91 3.79 3.76 3.71 3.68 3.66 3.64 3.58 3.57 3.54 3.52
3.86 3.60 3.56 3.65 3.49 3.24 3.11 3.19 3.13 2.96 3.10 2.99 2.97 2.97 2.94 2.92 2.93 2.90 2.91 2.92 3.01 3.05 3.10 3.16 3.18 3.27 3.35 3.32 3.38 3.44 3.40 3.46 3.56 3.67 3.76 3.84 3.92 4.07 4.08 4.22 4.30 4.39 4.37 4.48 4.55 4.61 4.66 4.83 4.83 4.83 4.68 4.76 4.68 4.66 4.61 4.55 4.22 4.14 4.05 3.95 4.08 4.03 4.01 3.97 3.92 3.65 3.78 3.76 3.72 3.67 3.64 3.61 3.57 3.57 3.54
3.64 3.67 3.48 3.55 3.55 3.19 3.03 3.22 3.14 3.12 3.04 2.93 2.90 2.94 2.80 2.82 2.97 2.98 2.93 3.03 3.07 3.18 3.23 3.20 3.23 3.33 3.32 3.29 3.33 3.40 3.49 3.55 3.63 3.74 3.83 3.92 4.01 4.16 4.28 4.35 4.42 4.40 4.50 4.61 4.68 4.70 4.77 4.66 4.64 4.77 4.77 4.78 4.77 4.77 4.72 4.53 4.19 4.08 4.01 3.99 4.10 4.05 4.02 3.99 3.92 3.88 3.84 3.80 3.76 3.95 3.69 3.66 3.61 3.57 3.55
3.38 3.46 3.43 3.37 3.23 3.11 3.03 3.14 2.96 3.04 2.92 2.88 2.93 2.97 2.82 2.76 2.94 2.85 3.01 3.09 3.18 3.11 3.08 3.29 3.23 3.27 3.29 3.34 3.37 3.39 3.56 3.66 3.70 3.80 3.90 3.99 4.10 4.27 4.26 4.35 4.40 4.47 4.60 4.67 4.73 4.68 4.68 4.68 4.68 4.67 4.69 4.70 4.70 4.70 4.69 4.60 4.45 4.35 4.31 4.27 4.17 4.18 4.11 4.12 4.05 4.24 3.93 3.88 4.06 4.03 3.89 3.75 3.88 3.72 3.52
3.32 3.27 3.23 3.22 3.13 3.09 3.14 3.25 2.90 2.89 2.88 2.88 2.97 2.84 2.86 2.88 2.77 3.01 3.16 3.19 3.18 3.07 3.19 3.26 3.37 3.29 3.36 3.43 3.40 3.59 3.66 3.74 3.82 3.89 4.01 4.09 4.19 4.38 4.38 4.43 4.50 4.59 4.52 4.59 4.59 4.58 4.56 4.55 4.56 4.56 4.59 4.60 4.63 4.63 4.62 4.58 4.59 4.53 4.48 4.59 4.32 4.35 4.34 4.46 4.42 4.31 3.96 4.10 4.17 4.14 4.10 4.04 3.92 3.82 3.73
3.23 3.20 3.15 3.25 3.20 3.04 3.26 3.03 2.91 2.88 2.86 2.78 2.84 2.74 2.76 2.89 2.81 2.94 3.08 3.12 3.07 3.12 3.26 3.42 3.37 3.34 3.33 3.51 3.60 3.70 3.77 3.85 3.95 4.02 4.13 4.26 4.27 4.34 4.35 4.49 4.47 4.50 4.47 4.48 4.46 4.46 4.45 4.46 4.47 4.48 4.49 4.52 4.55 4.55 4.54 4.52 4.49 4.49 4.40 4.62 4.60 4.59 4.53 4.48 4.35 4.29 4.26 4.30 4.21 4.10 3.75 3.66 3.75 3.80 3.65
3.18 3.11 3.05 3.01 2.95 2.95 2.93 3.16 2.99 2.87 2.93 2.82 2.91 2.83 2.86 3.00 3.03 3.06 3.14 3.27 3.35 3.30 3.44 3.48 3.45 3.35 3.41 3.48 3.68 3.67 3.89 4.04 4.04 4.15 4.27 4.29 4.37 4.39 4.43 4.45 4.45 4.41 4.36 4.37 4.36 4.37 4.37 4.40 4.40 4.40 4.42 4.45 4.44 4.45 4.46 4.43 4.58 4.53 4.50 4.40 4.39 4.37 4.32 4.28 4.22 4.16 4.13 4.08 4.03 3.90 3.81 3.73 3.67 3.69 3.42
3.14 3.11 3.01 2.96 2.92 2.94 2.88 2.85 2.80 2.78 2.79 2.73 2.73 2.83 2.98 3.13 3.18 3.12 3.17 3.24 3.36 3.45 3.42 3.52 3.57 3.58 3.65 3.71 3.60 3.53 3.83 4.03 4.13 4.23 4.14 4.27 4.30 4.26 4.32 4.31 4.30 4.28 4.28 4.28 4.28 4.28 4.28 4.32 4.31 4.22 4.34 4.50 4.50 4.49 4.49 4.40 4.38 4.31 4.27 4.26 4.24 4.21 4.17 4.14 4.08 4.03 3.99 3.94 3.89 3.81 3.69 3.60 3.55 3.56 3.48
3.08 3.04 2.98 2.93 2.88 2.81 2.80 2.78 2.92 2.77 2.79 2.76 2.79 2.86 3.00 3.17 3.25 3.24 3.29 3.34 3.42 3.46 3.53 3.53 3.56 3.60 3.58 3.61 3.49 3.58 4.00 4.07 4.15 4.08 4.15 4.15 4.30 4.32 4.17 4.17 4.18 4.18 4.19 4.19 4.19 4.38 4.37 4.33 4.33 4.30 4.32 4.33 4.34 4.30 4.26 4.25 4.18 4.15 4.13 4.15 4.13 4.01 3.96 3.96 3.88 3.86 3.82 3.75 3.68 3.63 3.40 3.45 3.41 3.36 3.31
3.05 2.99 2.94 2.88 2.82 2.78 2.75 2.73 2.71 2.72 2.74 2.89 2.96 3.03 3.12 3.12 3.27 3.26 3.29 3.30 3.42 3.51 3.46 3.56 3.59 3.55 3.53 3.79 3.75 3.87 4.18 4.13 4.26 4.25 4.02 3.99 4.17 4.18 4.17 4.22 4.15 4.07 4.24 4.07 4.07 4.28 4.22 4.18 4.19 4.13 4.15 4.27 4.22 4.14 4.12 4.09 3.98 4.01 4.02 3.83 3.77 3.83 3.79 3.78 3.74 3.70 3.65 3.57 3.50 3.46 3.43 3.38 3.25 3.19 3.16
