maui/input/gr0_in_month_ascii/gr0_in_aug__maui.asc
ncols        356
nrows        236
xllcorner    -156.702000000000
yllcorner    20.529750000000
cellsize     0.002250000000
NODATA_value  -99.00
[rows 165 to 197 of 236, columns 150 to 224 of 356]
3.61 3.54 3.48 3.43 3.38 3.34 3.31 3.28 3.26 3.25 3.32 3.34 3.61 3.71 3.85 3.94 3.99 4.10 4.06 4.06 4.17 4.25 4.39 4.45 4.33 4.40 4.42 4.51 4.73 4.89 4.98 5.00 4.77 4.93 4.94 4.90 4.66 4.79 4.75 4.94 4.88 4.80 4.80 4.97 4.97 4.99 4.95 4.87 4.94 4.83 4.85 4.94 4.90 4.89 4.78 4.54 4.51 4.48 4.50 4.48 4.38 4.39 4.34 4.24 4.41 4.23 4.35 4.31 4.05 4.23 4.22 4.16 4.00 3.85 3.84
3.58 3.54 3.45 3.40 3.36 3.33 3.29 3.26 3.25 3.30 3.34 3.60 3.62 3.74 3.93 3.95 4.05 4.16 4.24 4.17 4.20 4.12 4.19 4.22 4.25 4.51 4.59 4.69 4.76 4.85 4.69 4.63 4.77 4.78 4.78 4.79 4.57 4.78 4.70 4.74 4.76 4.80 4.88 4.87 4.77 4.79 4.78 4.79 4.84 4.70 4.75 4.72 4.49 4.49 4.47 4.32 4.43 4.28 4.25 4.21 4.18 4.17 4.15 4.14 4.05 4.03 4.03 4.00 3.96 3.98 3.91 3.72 3.86 3.79 3.75
3.53 3.46 3.45 3.66 3.60 3.32 3.29 3.28 3.28 3.35 3.39 3.60 3.73 3.71 3.96 4.03 4.08 4.16 4.13 4.22 4.19 4.07 4.15 4.26 4.46 4.55 4.67 4.74 4.75 4.72 4.58 4.47 4.72 4.68 4.68 4.68 4.71 4.72 4.72 4.64 4.65 4.69 4.71 4.69 4.68 4.64 4.64 4.74 4.71 4.66 4.63 4.52 4.33 4.35 4.28 4.24 4.20 4.11 4.06 4.07 4.09 4.08 4.07 3.99 3.93 3.93 3.94 3.95 3.89 3.85 3.83 3.76 3.77 3.78 3.70
3.47 3.42 3.65 3.38 3.34 3.31 3.53 3.29 3.34 3.40 3.64 3.64 3.65 3.84 3.97 4.06 4.11 4.16 4.21 4.27 4.04 4.13 4.35 4.41 4.59 4.66 4.53 4.55 4.46 4.36 4.36 4.51 4.61 4.62 4.58 4.56 4.59 4.63 4.64 4.58 4.55 4.59 4.58 4.58 4.56 4.53 4.46 4.54 4.31 4.29 4.27 4.21 4.15 4.11 4.09 4.09 4.08 4.03 3.99 4.12 3.95 3.94 4.06 3.89 3.86 3.88 3.89 4.00 3.95 3.94 3.71 3.68 3.68 3.76 3.70
3.42 3.38 3.34 3.31 3.32 3.31 3.32 3.32 3.35 3.43 3.69 3.72 3.76 3.85 4.03 4.11 4.24 3.95 4.18 3.98 4.09 4.13 4.33 4.45 4.54 4.54 4.45 4.41 4.51 4.45 4.47 4.41 4.51 4.42 4.53 4.42 4.41 4.38 4.52 4.47 4.45 4.40 4.46 4.41 4.37 4.40 4.42 4.40 4.13 4.10 4.08 4.08 4.09 3.98 3.95 3.92 3.92 3.96 3.96 3.95 3.97 3.92 3.91 3.98 3.98 4.04 3.79 3.86 3.85 3.74 3.72 3.84 3.63 3.64 3.60
3.38 3.34 3.30 3.27 3.26 3.30 3.33 3.34 3.38 3.65 3.85 3.91 3.99 4.03 4.04 4.11 4.01 4.03 3.97 4.03 4.21 4.30 4.39 4.33 4.32 4.41 4.40 4.31 4.32 4.33 4.32 4.32 4.29 4.32 4.34 4.32 4.29 4.26 4.29 4.38 4.48 4.35 4.35 4.15 4.11 4.32 4.32 4.26 4.01 4.13 4.08 3.94 3.95 4.03 4.01 4.01 3.96 3.97 4.00 4.00 3.87 3.70 3.83 3.88 3.88 3.85 3.84 3.53 3.80 3.69 3.73 3.72 3.79 3.63 3.36
3.34 3.31 3.28 3.47 3.29 3.27 3.32 3.46 3.38 3.60 3.81 3.89 3.96 4.00 4.03 3.82 3.89 4.05 4.12 4.19 4.01 4.00 4.18 4.23 4.25 4.22 4.22 4.20 4.20 4.21 4.21 4.21 4.20 4.20 4.24 4.26 4.24 4.22 4.25 4.30 4.32 4.11 4.22 4.07 4.04 4.17 4.14 3.96 3.92 4.13 4.17 4.12 4.05 3.99 4.01 3.77 3.90 3.91 3.88 3.95 3.68 3.80 3.65 3.82 3.82 3.77 3.80 3.79 3.63 3.69 3.70 3.61 3.66 4.04 3.60
3.33 3.29 3.26 3.26 3.30 3.28 3.31 3.59 3.61 3.69 3.73 3.87 3.89 3.95 3.93 3.80 3.99 3.82 4.09 4.15 4.14 4.10 4.10 4.12 4.14 4.13 4.12 4.10 4.07 4.10 4.13 4.12 4.12 4.11 4.13 4.15 4.15 4.13 4.12 4.18 3.98 3.97 4.28 3.97 3.92 3.98 3.92 3.98 3.95 3.90 4.11 4.01 4.01 3.98 3.94 3.89 3.93 3.82 3.71 3.94 3.74 3.78 3.63 3.66 3.64 3.77 3.89 3.76 3.69 3.69 3.72 3.66 3.73 4.11 3.93
3.32 3.29 3.26 3.24 3.25 3.30 3.29 3.32 3.41 3.45 3.71 3.88 3.89 3.81 3.74 3.86 3.90 3.79 3.86 3.92 4.07 4.05 4.01 3.99 4.01 4.04 4.03 3.98 3.96 3.96 4.01 4.05 4.03 3.98 4.03 4.05 4.08 4.09 4.08 4.16 3.96 3.85 3.86 3.95 4.08 3.87 3.95 3.74 3.95 3.95 4.03 3.88 3.84 3.78 3.92 3.68 3.91 3.59 3.67 3.89 3.76 3.62 3.77 3.76 3.87 3.62 3.71 3.91 3.76 3.76 3.85 3.85 3.81 4.03 4.61
3.33 3.29 3.26 3.26 3.25 3.26 3.29 3.32 3.43 3.70 3.75 3.86 3.96 3.65 3.60 3.83 3.88 3.90 3.89 3.93 3.94 3.97 3.95 3.94 3.93 3.91 3.92 3.94 3.91 3.93 3.91 3.90 3.96 3.97 3.97 3.80 3.82 4.06 3.79 3.74 3.85 3.72 3.94 4.06 3.92 3.87 3.90 3.61 3.62 3.79 3.90 3.69 3.85 3.69 3.74 3.78 3.82 3.72 3.72 3.67 3.69 3.58 3.59 3.76 3.89 3.94 3.75 3.86 3.84 3.88 4.12 4.48 4.33 4.03 4.30
3.34 3.32 3.10 3.24 3.25 3.29 3.33 3.37 3.65 3.47 3.75 3.77 3.62 3.57 3.74 3.78 3.83 3.83 3.82 3.87 3.72 3.89 3.94 3.94 3.89 3.72 3.88 3.89 3.93 3.91 3.72 3.83 3.85 3.72 3.75 3.75 3.71 3.68 3.69 3.79 3.82 3.65 3.70 3.68 3.61 3.89 3.84 3.73 3.54 3.55 3.78 3.70 3.62 3.79 3.66 3.56 3.56 3.57 3.59 3.57 3.62 3.81 3.59 3.65 3.90 3.88 3.73 3.94 3.94 4.13 4.18 4.45 4.54 4.31 4.40
3.33 3.29 3.12 3.10 3.30 3.31 3.33 3.37 3.42 3.65 3.71 3.53 3.55 3.57 3.75 3.78 3.78 3.75 3.80 3.80 3.65 3.66 3.84 3.69 3.66 3.64 3.64 3.63 3.66 3.67 3.65 3.63 3.63 3.63 3.64 3.63 3.61 3.60 3.59 3.90 3.80 3.58 3.59 3.63 3.52 3.66 3.86 3.87 3.66 3.65 3.52 3.74 3.58 3.57 3.58 3.51 3.70 3.60 3.60 3.59 3.87 3.65 3.64 3.69 3.77 4.05 4.55 3.97 4.23 4.24 4.43 4.40 4.79 4.63 4.69
3.30 3.27 3.10 3.33 3.51 3.56 3.31 3.30 3.58 3.62 3.46 3.50 3.48 3.69 3.70 3.72 3.76 3.72 3.72 3.58 3.59 3.60 3.59 3.59 3.59 3.59 3.59 3.57 3.57 3.57 3.58 3.57 3.55 3.54 3.54 3.52 3.54 3.83 3.65 3.79 3.85 3.65 3.72 3.74 3.49 3.54 3.53 3.74 3.51 3.49 3.49 3.54 3.59 3.55 3.73 3.71 3.72 3.78 3.64 3.66 3.84 3.86 3.89 3.93 3.97 3.92 4.03 4.44 4.22 4.45 4.72 4.65 5.08 4.99 5.01
3.57 3.53 3.26 3.04 3.22 3.25 3.48 3.57 3.33 3.34 3.41 3.45 3.44 3.64 3.64 3.67 3.67 3.72 3.75 3.59 3.54 3.53 3.50 3.49 3.51 3.52 3.54 3.51 3.47 3.47 3.50 3.52 3.50 3.46 3.44 3.55 3.48 3.61 3.66 3.58 3.81 3.46 3.50 3.49 3.64 3.61 3.42 3.65 3.51 3.51 3.49 3.53 3.84 3.55 3.75 3.76 3.62 3.63 3.67 3.70 3.93 3.92 4.21 3.87 3.92 4.05 4.19 4.32 5.12 4.92 4.71 5.22 5.36 5.51 5.26
3.26 3.25 3.20 3.44 3.20 3.48 3.26 3.57 3.32 3.40 3.41 3.54 3.56 3.67 3.65 3.59 3.62 3.65 3.73 3.77 3.57 3.49 3.44 3.42 3.44 3.46 3.48 3.48 3.41 3.41 3.44 3.48 3.46 3.42 3.39 3.39 3.41 3.45 3.46 3.43 3.69 3.44 3.46 3.44 3.50 3.62 3.43 3.61 3.68 3.52 3.66 3.49 3.71 3.58 3.62 3.70 3.68 3.71 3.72 3.78 3.86 4.03 4.26 4.01 4.09 4.17 4.34 4.50 4.66 5.80 5.14 5.14 5.01 5.38 5.48
3.26 3.20 3.18 3.49 3.23 3.23 3.27 3.26 3.29 3.39 3.42 3.55 3.53 3.55 3.54 3.62 3.61 3.59 3.67 3.58 3.40 3.39 3.41 3.40 3.38 3.38 3.38 3.40 3.42 3.41 3.38 3.40 3.40 3.39 3.43 3.42 3.39 3.40 3.41 3.43 3.46 3.47 3.45 3.42 3.44 3.64 3.49 3.50 3.51 3.49 3.44 3.46 3.60 3.73 3.66 3.70 3.76 3.84 3.86 3.90 4.00 4.09 4.36 4.25 4.30 4.35 4.47 4.66 4.87 5.47 5.44 5.45 5.75 5.61 5.72
3.27 3.19 3.47 3.51 3.24 3.25 3.27 3.25 3.35 3.41 3.43 3.61 3.51 3.49 3.55 3.58 3.56 3.55 3.51 3.55 3.32 3.35 3.37 3.37 3.35 3.32 3.33 3.36 3.40 3.45 3.36 3.36 3.36 3.38 3.44 3.41 3.38 3.41 3.41 3.44 3.48 3.49 3.47 3.46 3.45 3.47 3.54 3.54 3.56 3.55 3.49 3.54 3.65 3.71 3.78 3.81 3.84 3.93 4.05 4.06 4.17 4.20 4.36 4.63 4.56 4.67 4.75 4.88 5.19 5.03 6.35 5.67 5.84 5.88 6.01
3.21 3.46 3.49 3.25 3.24 3.30 3.31 3.51 3.32 3.57 3.61 3.41 3.52 3.48 3.49 3.57 3.51 3.49 3.46 3.52 3.28 3.30 3.31 3.31 3.31 3.31 3.31 3.34 3.36 3.36 3.35 3.34 3.34 3.35 3.38 3.38 3.39 3.41 3.42 3.44 3.48 3.53 3.54 3.53 3.50 3.55 3.57 3.59 3.63 3.67 3.62 3.63 3.73 3.79 3.86 3.96 4.06 4.05 4.17 4.27 4.47 4.61 4.58 4.94 4.90 4.86 5.02 5.14 5.33 5.53 5.83 6.56 6.26 6.15 6.22
3.49 3.29 3.27 3.26 3.25 3.30 3.45 3.32 3.31 3.53 3.56 3.59 3.56 3.48 3.57 3.45 3.30 3.43 3.44 3.47 3.26 3.27 3.28 3.29 3.30 3.31 3.31 3.33 3.34 3.35 3.34 3.32 3.38 3.34 3.37 3.39 3.42 3.44 3.45 3.45 3.51 3.57 3.63 3.62 3.60 3.63 3.73 3.70 3.82 3.79 3.75 3.79 3.83 3.91 4.01 4.10 4.13 4.18 4.34 4.47 4.59 4.72 4.86 4.99 5.08 5.32 5.44 5.45 5.59 5.83 5.98 7.55 6.49 6.44 7.01
3.32 3.29 3.27 3.26 3.25 3.30 3.45 3.53 3.56 3.53 3.53 3.52 3.40 3.58 3.51 3.37 3.28 3.48 3.51 3.42 3.29 3.26 3.27 3.30 3.33 3.34 3.35 3.34 3.35 3.36 3.36 3.36 3.37 3.39 3.38 3.41 3.45 3.50 3.53 3.51 3.55 3.66 3.71 3.74 3.71 3.75 3.82 3.85 3.89 3.96 3.98 3.99 4.02 4.08 4.19 4.24 4.32 4.37 4.51 4.67 4.85 4.93 5.16 5.34 5.59 5.60 5.94 5.85 5.95 6.10 6.44 6.59 6.80 6.77 6.89
3.32 3.31 3.28 3.29 3.28 3.33 3.44 3.47 3.38 3.41 3.59 3.40 3.35 3.33 3.32 3.36 3.45 3.43 3.31 3.31 3.31 3.30 3.31 3.34 3.37 3.41 3.40 3.40 3.40 3.39 3.38 3.36 3.36 3.43 3.51 3.52 3.51 3.55 3.62 3.62 3.64 3.73 3.83 3.92 3.89 3.90 3.97 4.04 4.11 4.22 4.16 4.18 4.22 4.28 4.37 4.46 4.83 4.72 4.71 4.94 5.15 5.20 5.46 5.62 5.82 5.87 6.14 6.36 6.31 6.50 6.73 6.88 7.87 7.20 7.22
3.38 3.34 3.31 3.32 3.32 3.37 3.47 3.49 3.52 3.62 3.60 3.41 3.39 3.37 3.37 3.35 3.33 3.34 3.33 3.34 3.37 3.38 3.39 3.43 3.45 3.46 3.48 3.49 3.49 3.46 3.44 3.41 3.43 3.53 3.61 3.66 3.61 3.67 3.70 3.76 3.78 3.88 3.94 4.01 4.05 4.11 4.15 4.34 4.24 4.33 4.39 4.40 4.43 4.48 4.58 4.81 4.70 4.95 4.93 5.13 5.37 5.60 5.72 6.60 6.09 6.28 6.47 6.62 6.91 6.90 7.18 7.30 8.03 7.85 7.67
3.46 3.41 3.37 3.37 3.37 3.41 3.53 3.54 3.56 3.65 3.49 3.49 3.46 3.44 3.45 3.43 3.43 3.42 3.43 3.43 3.47 3.49 3.51 3.54 3.58 3.61 3.60 3.60 3.59 3.56 3.54 3.52 3.54 3.64 3.71 3.77 3.76 3.80 3.84 3.88 3.99 4.06 4.16 4.21 4.29 4.36 4.44 4.58 4.53 4.64 4.60 4.60 4.68 4.72 4.77 4.83 5.05 5.07 5.47 5.39 5.60 5.86 6.02 6.31 6.86 6.77 6.82 7.03 7.52 7.53 7.63 7.84 7.82 8.70 8.32
3.56 3.51 3.45 3.43 3.43 3.46 3.65 3.66 3.65 3.68 3.68 3.56 3.55 3.54 3.54 3.55 3.54 3.53 3.56 3.58 3.61 3.63 3.66 3.75 3.74 3.70 3.69 3.68 3.68 3.66 3.66 3.69 3.74 3.83 3.85 3.90 3.93 3.97 4.01 4.05 4.11 4.20 4.37 4.47 4.51 4.57 4.76 4.70 4.77 4.81 4.83 4.90 4.91 5.01 5.02 5.15 5.35 5.40 5.73 6.50 5.95 6.14 6.52 6.58 6.88 7.01 7.25 7.47 7.64 7.95 8.14 8.37 8.33 8.88 8.48
3.68 3.65 3.59 3.54 3.51 3.56 3.62 3.64 3.70 3.73 3.73 3.66 3.66 3.65 3.68 3.69 3.68 3.69 3.72 3.77 3.78 3.82 3.83 3.87 3.85 3.83 3.80 3.81 3.80 3.81 3.83 3.88 3.93 3.96 4.02 4.09 4.11 4.14 4.18 4.26 4.34 4.42 4.53 4.64 4.70 4.82 5.09 5.04 5.10 5.25 5.12 5.13 5.25 5.31 5.34 5.48 5.61 5.78 5.87 6.07 6.95 6.55 6.63 6.91 7.28 7.65 7.54 7.80 8.01 8.56 8.48 8.71 8.80 9.17 9.03
3.82 3.77 3.71 3.69 3.71 3.72 3.75 3.89 3.82 3.87 3.78 3.78 3.81 3.81 3.84 3.83 3.84 3.85 3.93 3.96 3.94 3.95 4.00 4.01 3.98 3.97 3.93 3.95 3.95 3.99 3.99 4.04 4.10 4.13 4.17 4.26 4.34 4.39 4.38 4.42 4.52 4.64 4.68 4.84 4.92 5.02 5.33 5.52 5.48 5.55 5.51 5.47 5.60 5.75 5.71 5.86 5.98 6.13 6.21 6.46 7.52 7.32 7.12 7.30 7.66 7.92 8.05 8.17 8.44 8.70 8.97 9.01 9.21 9.36 9.48
4.05 3.91 3.91 3.87 3.88 3.96 3.97 3.95 3.96 3.98 4.03 3.92 3.93 3.97 3.94 3.98 4.00 4.02 4.06 4.10 4.11 4.11 4.20 4.20 4.12 4.12 4.09 4.12 4.13 4.16 4.14 4.17 4.25 4.35 4.36 4.43 4.52 4.59 4.62 4.70 4.76 4.88 4.91 5.05 5.16 5.31 5.47 5.56 5.70 5.73 5.89 5.84 5.97 6.01 6.13 6.28 6.29 6.50 6.57 6.84 7.12 8.01 7.54 7.83 8.04 8.37 8.57 8.68 8.97 9.18 9.39 9.52 9.66 9.66 10.08
4.16 4.09 4.08 4.07 4.08 4.13 4.10 4.11 4.13 4.22 4.19 4.18 4.12 4.12 4.13 4.14 4.22 4.24 4.24 4.29 4.33 4.38 4.44 4.39 4.35 4.32 4.33 4.33 4.32 4.36 4.35 4.35 4.44 4.55 4.61 4.66 4.71 4.78 4.85 4.96 5.03 5.13 5.21 5.29 5.42 5.56 5.70 5.92 5.95 5.98 6.06 6.14 6.33 6.34 6.47 6.61 6.66 6.83 6.93 7.22 7.48 7.75 8.04 8.10 8.48 8.83 9.06 9.13 9.41 9.71 9.73 9.82 10.19 10.23 9.75
4.37 4.29 4.25 4.26 4.31 4.29 4.26 4.30 4.30 4.30 4.35 4.30 4.30 4.29 4.34 4.36 4.44 4.44 4.52 4.54 4.68 4.71 4.61 4.53 4.48 4.45 4.46 4.51 4.54 4.52 4.56 4.59 4.64 4.75 4.83 4.87 4.95 4.98 5.04 5.20 5.28 5.42 5.44 5.59 5.66 5.82 5.96 6.19 6.33 6.45 6.43 6.49 6.65 6.76 6.83 6.99 7.05 7.21 7.41 7.78 7.98 8.17 9.28 8.62 9.01 9.34 9.50 9.68 9.97 10.23 10.20 9.79 9.84 9.86 9.90
4.61 4.49 4.45 4.42 4.47 4.41 4.40 4.40 4.55 4.50 4.53 4.57 4.54 4.53 4.58 4.63 4.66 4.68 4.78 4.84 4.81 4.93 4.75 4.68 4.56 4.52 4.53 4.58 4.69 4.71 4.76 4.81 4.88 5.00 5.08 5.11 5.18 5.24 5.28 5.42 5.61 5.62 5.72 5.84 5.93 6.06 6.20 6.39 6.53 6.88 6.80 7.01 6.98 7.19 7.26 7.39 7.48 7.62 7.99 8.20 8.49 8.79 8.94 9.16 9.47 9.60 9.85 9.52 9.66 9.74 9.86 9.93 -9999.00 -9999.00 -9999.00
4.76 4.68 4.64 4.68 4.65 4.62 4.54 4.70 4.73 4.71 4.73 4.76 4.86 4.82 4.86 4.88 5.04 5.08 5.15 5.00 4.96 4.88 4.86 4.67 4.53 4.56 4.39 4.74 4.81 4.87 4.96 5.04 5.09 5.23 5.37 5.40 5.43 5.51 5.55 5.64 5.82 6.00 5.99 6.05 6.16 6.33 6.50 6.66 6.92 7.10 7.25 7.22 7.42 7.74 7.73 7.72 7.97 8.15 8.34 8.75 9.01 9.24 9.40 9.60 10.05 9.45 9.59 9.68 -9999.00 -9999.00 -9999.00 -9999.00 -9999.00 -9999.00 -9999.00
5.05 4.99 4.90 4.88 4.85 4.83 4.89 4.77 4.84 4.86 4.96 4.99 5.01 5.15 5.18 5.15 5.08 5.30 5.33 5.18 5.12 5.05 5.04 4.59 4.78 4.74 4.89 5.04 5.14 5.12 5.18 5.47 5.38 5.47 5.55 5.64 5.72 5.77 5.78 5.92 6.09 6.22 6.33 6.35 6.47 6.63 6.82 7.01 7.29 7.53 7.70 7.76 7.97 8.03 8.31 8.35 8.43 8.74 8.94 9.25 9.40 9.60 9.36 9.45 9.49 9.58 -9999.00 -9999.00 -9999.00 -9999.00 -9999.00 -9999.00 -9999.00 -9999.00 -9999.00
5.55 5.42 5.11 5.06 5.04 5.00 4.98 5.10 5.17 5.15 5.18 5.27 5.31 5.48 5.34 5.35 5.26 5.44 5.45 5.34 5.33 5.36 5.48 5.33 5.16 5.12 5.24 5.27 5.31 5.42 5.45 5.58 5.70 5.94 5.86 5.94 5.98 6.09 6.14 6.14 6.38 6.52 6.69 6.78 6.85 7.00 7.26 7.55 7.74 7.97 8.30 8.25 8.31 8.41 8.74 8.89 8.89 9.20 9.37 9.63 9.84 10.12 9.55 -9999.00 -9999.00 -9999.00 -9999.00 -9999.00 -9999.00 -9999.00 -9999.00 -9999.00 -9999.00 -9999.00 -9999.00
