maui/input/gr0_in_month_ascii/gr0_in_jul__maui.asc
ncols        356
nrows        236
xllcorner    -156.702000000000
yllcorner    20.529750000000
cellsize     0.002250000000
NODATA_value  -99.00
[rows 132 to 164 of 236, columns 225 to 299 of 356]
3.78 3.74 3.73 3.69 3.68 3.64 3.61 3.58 3.56 3.57 3.56 3.53 3.52 3.50 3.48 3.52 3.54 3.55 3.52 3.54 3.56 3.57 3.57 3.54 3.52 3.49 3.48 3.50 3.49 3.45 3.40 3.37 3.34 3.34 3.29 3.26 3.31 3.15 3.13 3.06 3.14 3.15 3.10 3.05 3.01 2.96 2.93 2.93 2.94 2.94 2.94 2.94 2.93 2.91 2.95 2.96 3.00 3.03 2.90 3.16 3.05 3.35 3.22 3.50 3.55 3.65 3.74 3.94 4.11 4.20 4.20 4.64 4.98 5.16 5.39
3.90 3.88 3.83 3.56 3.77 3.76 3.74 3.70 3.69 3.65 3.63 3.61 3.60 3.59 3.57 3.57 3.59 3.60 3.62 3.61 3.60 3.59 3.58 3.57 3.57 3.56 3.52 3.50 3.52 3.50 3.45 3.43 3.39 3.37 3.34 3.30 3.32 3.28 3.10 3.16 3.12 3.14 3.14 3.08 3.01 2.97 2.91 2.90 2.91 2.91 2.88 2.87 2.84 2.84 2.82 2.86 2.89 2.91 2.98 3.03 3.14 3.21 3.29 3.36 3.48 3.65 3.75 3.88 4.05 4.14 4.27 4.60 4.83 5.18 5.34
3.89 3.89 3.99 3.83 3.90 3.89 3.86 3.84 3.80 3.76 3.72 3.71 3.69 3.70 3.68 3.64 3.63 3.64 3.69 3.70 3.68 3.64 3.61 3.61 3.63 3.63 3.56 3.53 3.54 3.54 3.54 3.53 3.46 3.41 3.37 3.33 3.30 3.24 3.21 3.20 3.17 3.21 3.15 3.11 3.05 2.99 2.92 2.88 2.86 2.87 2.86 2.83 2.78 2.77 2.77 2.79 2.83 2.79 2.85 2.93 3.02 3.10 3.16 3.28 3.30 3.39 3.61 3.76 3.91 4.02 4.24 4.39 4.48 4.71 5.08
4.01 4.00 3.60 4.09 4.04 4.01 3.99 3.98 3.94 3.89 3.85 3.83 3.81 3.81 3.78 3.76 3.75 3.73 3.74 3.77 3.76 3.73 3.72 3.72 3.68 3.66 3.62 3.61 3.63 3.64 3.60 3.56 3.54 3.48 3.46 3.40 3.34 3.29 3.27 3.25 3.23 3.26 3.22 3.19 3.15 3.05 2.98 2.92 2.88 2.85 2.82 2.79 2.76 2.74 2.75 2.77 2.76 2.77 2.80 2.82 2.90 2.88 2.94 3.12 3.19 3.33 3.53 3.56 3.76 3.77 4.18 4.23 4.37 4.67 4.82
4.09 4.06 3.74 4.37 4.24 4.18 4.15 4.12 4.08 4.07 4.03 3.98 3.96 3.91 3.91 3.93 3.96 3.86 3.83 3.83 3.84 3.87 3.89 3.82 3.76 3.71 3.71 3.77 3.81 3.75 3.65 3.61 3.59 3.56 3.56 3.51 3.40 3.34 3.36 3.31 3.30 3.29 3.24 3.21 3.20 3.15 3.11 3.04 2.96 2.91 2.86 2.81 2.80 2.76 2.74 2.73 2.74 2.75 2.74 2.81 2.86 2.93 2.86 3.08 3.23 3.12 3.38 3.51 3.59 3.76 3.85 4.00 4.09 4.31 4.61
4.17 4.15 4.20 3.78 4.28 4.34 4.31 4.31 4.22 4.21 4.17 4.16 4.13 4.05 4.07 4.08 4.08 4.05 4.00 3.96 3.95 3.99 3.99 3.93 3.89 3.84 3.85 3.90 3.89 3.85 3.79 3.71 3.69 3.67 3.68 3.60 3.51 3.45 3.44 3.40 3.39 3.39 3.32 3.25 3.18 3.18 3.15 3.09 3.00 2.92 2.89 2.86 2.82 2.80 2.77 2.75 2.71 2.73 2.76 2.79 2.81 2.85 2.93 2.86 3.08 3.16 3.32 3.45 3.39 3.59 3.71 3.82 3.90 4.13 4.33
4.25 4.30 3.76 3.92 4.44 4.37 4.52 4.33 4.31 4.37 4.37 4.31 4.30 4.26 4.24 4.23 4.21 4.19 4.20 4.16 4.12 4.12 4.10 4.08 4.07 4.03 4.01 4.02 3.98 3.97 3.92 3.85 3.83 3.79 3.74 3.67 3.61 3.57 3.51 3.49 3.42 3.39 3.31 3.26 3.21 3.19 3.14 3.09 3.00 2.97 2.92 2.87 2.82 2.80 2.76 2.75 2.72 2.70 2.74 2.75 2.76 2.75 2.81 2.74 3.00 3.13 3.28 3.20 3.12 3.45 3.60 3.68 3.83 3.98 4.12
4.37 3.86 4.12 3.60 4.80 4.53 4.40 4.49 4.51 4.54 4.51 4.49 4.47 4.49 4.45 4.38 4.36 4.35 4.38 4.36 4.33 4.30 4.28 4.25 4.23 4.25 4.18 4.15 4.12 4.09 4.06 4.02 3.98 3.88 3.86 3.80 3.76 3.69 3.61 3.56 3.47 3.41 3.39 3.35 3.28 3.23 3.15 3.09 3.07 3.03 2.95 2.88 2.83 2.81 2.78 2.75 2.73 2.71 2.71 2.73 2.73 2.75 2.77 2.82 2.93 2.97 2.93 3.12 3.20 3.30 3.44 3.55 3.66 3.89 4.06
4.42 4.35 3.81 3.58 4.12 4.89 4.72 4.72 4.72 4.65 4.55 4.55 4.66 4.64 4.62 4.57 4.56 4.54 4.57 4.55 4.53 4.49 4.48 4.45 4.47 4.47 4.41 4.33 4.28 4.24 4.21 4.16 4.11 3.98 3.92 3.89 3.86 3.79 3.71 3.65 3.51 3.51 3.46 3.43 3.39 3.28 3.18 3.15 3.11 3.06 2.97 2.88 2.84 2.81 2.79 2.77 2.75 2.72 2.72 2.70 2.70 2.76 2.79 2.81 2.84 2.91 3.00 3.09 3.16 3.25 3.36 3.42 3.56 3.70 3.91
4.09 4.54 4.53 4.16 3.70 4.25 5.04 4.95 4.98 4.92 4.89 4.77 4.78 4.68 4.65 4.60 4.61 4.72 4.72 4.69 4.70 4.70 4.67 4.66 4.63 4.64 4.60 4.52 4.46 4.43 4.37 4.31 4.22 4.10 4.07 4.00 3.93 3.85 3.80 3.75 3.67 3.57 3.54 3.48 3.42 3.33 3.23 3.19 3.10 3.07 2.98 2.90 2.86 2.84 2.80 2.74 2.71 2.70 2.66 2.67 2.72 2.74 2.77 2.81 2.82 2.88 2.91 2.84 3.07 3.20 3.30 3.42 3.46 3.61 3.63
4.18 4.62 4.62 4.16 3.79 4.20 5.14 5.26 5.23 5.16 5.14 5.06 4.97 4.92 4.88 4.84 4.83 4.76 4.74 4.74 4.73 4.72 4.69 4.72 4.82 4.76 4.71 4.68 4.65 4.60 4.47 4.40 4.31 4.25 4.22 4.14 4.06 3.94 3.87 3.83 3.75 3.60 3.57 3.48 3.41 3.38 3.30 3.22 3.15 3.07 3.00 2.94 2.89 2.82 2.68 2.64 2.54 2.54 2.53 2.55 2.70 2.73 2.75 2.79 2.76 2.74 2.79 2.78 3.04 3.09 3.21 3.29 3.34 3.26 3.40
4.26 4.16 4.39 4.34 4.25 4.52 5.02 5.53 5.46 5.38 5.34 5.32 5.19 5.15 5.11 5.09 5.03 4.98 5.01 4.93 4.89 4.86 4.90 4.86 4.86 4.88 4.72 4.81 4.78 4.58 4.64 4.50 4.41 4.22 4.30 4.08 4.18 4.02 3.95 3.88 3.83 3.65 3.56 3.44 3.47 3.40 3.32 3.24 3.19 3.10 3.04 2.90 2.86 2.72 2.68 2.56 2.51 2.55 2.67 2.68 2.69 2.69 2.74 2.76 2.59 2.62 2.64 2.91 2.92 2.95 3.21 3.31 3.37 3.39 3.31
4.34 4.79 3.97 4.45 4.70 5.03 5.01 5.70 5.42 5.37 5.32 5.28 5.21 5.17 5.31 5.25 5.28 5.18 5.16 5.11 5.02 4.99 5.08 4.95 4.84 4.86 4.86 4.91 4.70 4.69 4.78 4.49 4.38 4.30 4.20 4.15 4.20 4.02 3.76 3.82 3.62 3.68 3.61 3.50 3.44 3.42 3.34 3.31 3.21 3.14 3.06 2.94 2.87 2.75 2.72 2.81 2.51 2.44 2.68 2.67 2.68 2.68 2.70 2.71 2.76 2.79 2.72 2.81 2.84 2.94 3.10 3.09 3.32 3.44 3.51
4.41 4.22 4.21 4.25 4.61 5.56 5.66 5.37 4.88 4.54 4.95 4.93 4.93 4.73 4.87 5.02 5.25 5.43 5.32 5.31 5.18 5.21 5.19 5.01 4.97 4.92 4.91 4.87 4.75 4.68 4.61 4.38 4.26 4.10 3.95 3.99 4.08 3.99 3.79 3.84 3.73 3.53 3.61 3.51 3.43 3.36 3.18 3.31 3.22 3.14 3.09 3.00 2.82 2.96 2.91 2.80 2.68 2.58 2.50 2.64 2.60 2.64 2.51 2.73 2.62 2.64 2.79 2.77 2.93 3.00 3.15 3.19 3.22 3.48 3.66
4.42 4.45 4.26 4.22 4.69 5.46 5.07 5.04 4.71 4.41 4.76 4.72 4.73 4.84 4.46 4.77 4.79 4.65 4.68 4.88 5.36 5.18 4.93 4.83 5.11 4.88 4.86 4.76 4.64 4.56 4.56 4.40 4.34 3.96 3.83 3.88 3.92 4.00 3.92 3.68 3.71 3.69 3.57 3.53 3.47 3.38 3.30 3.18 3.20 3.05 3.04 2.89 3.03 3.04 2.88 2.85 2.84 2.75 2.52 2.46 2.63 2.55 2.68 2.73 2.74 2.66 2.88 2.95 2.98 2.91 3.18 3.30 3.38 3.54 3.73
4.41 4.44 4.46 4.56 4.62 4.91 4.95 4.91 4.82 4.66 4.61 4.56 4.36 4.32 4.56 4.57 4.49 4.67 4.35 4.61 5.25 4.58 4.74 4.71 5.19 4.89 4.71 4.77 4.71 4.59 4.42 4.39 4.33 4.19 3.83 4.01 3.89 3.90 3.58 3.58 3.67 3.59 3.53 3.34 3.38 3.32 3.26 3.16 3.10 3.06 3.07 3.05 3.13 3.09 2.91 2.87 2.77 2.79 2.63 2.54 2.51 2.66 2.70 2.72 2.73 2.76 2.83 2.97 3.05 3.14 3.25 3.33 3.49 3.64 3.77
4.44 4.42 4.43 4.47 5.08 4.82 5.01 4.85 4.93 4.82 4.72 4.30 4.28 4.24 4.23 4.47 4.43 4.53 4.32 4.66 4.69 4.92 4.61 4.57 5.09 4.56 4.69 4.64 4.64 4.57 4.48 4.28 4.26 4.00 3.98 3.98 3.88 3.65 3.59 3.32 3.54 3.28 3.11 3.17 3.12 2.98 3.18 3.13 3.13 3.04 2.95 2.97 3.06 3.08 2.90 2.75 2.82 2.74 2.80 2.78 2.76 2.62 2.56 2.68 2.67 2.74 2.86 2.91 3.02 3.22 3.23 3.37 3.56 3.73 3.91
5.01 5.04 5.05 5.04 4.76 4.66 4.63 4.78 4.62 4.56 4.66 4.41 4.37 4.36 4.17 4.17 4.42 4.45 4.48 4.49 4.49 4.61 4.36 4.55 4.84 4.62 4.43 4.42 4.48 4.43 4.38 4.24 4.15 4.03 4.05 3.87 3.80 3.62 3.52 3.42 3.42 3.45 3.29 3.08 3.05 2.93 2.99 3.05 3.06 3.00 2.93 2.91 2.96 3.00 3.01 2.95 2.93 2.93 2.99 2.90 2.89 2.78 2.72 2.62 2.78 2.92 2.78 3.00 3.10 3.17 3.34 3.42 3.63 3.79 3.99
4.66 4.68 4.74 4.66 4.67 4.65 4.64 4.94 4.53 4.50 4.81 4.76 4.36 4.32 4.30 4.30 4.53 4.53 4.52 4.35 4.28 4.30 4.32 4.33 4.68 4.45 4.42 4.47 4.42 4.20 4.26 4.15 3.93 3.93 3.97 3.88 3.87 3.66 3.56 3.42 3.65 3.39 3.54 3.44 3.25 3.07 3.09 2.80 2.95 3.01 2.97 2.97 3.03 3.01 3.04 2.99 2.95 2.98 3.02 3.04 3.04 3.08 3.12 2.97 3.06 3.13 3.30 3.20 3.32 3.15 3.34 3.71 3.79 3.93 4.14
4.73 4.72 4.64 4.65 4.66 5.03 5.01 4.94 4.90 4.86 4.82 4.76 4.34 4.31 4.29 4.29 4.63 4.60 4.54 4.53 4.22 4.34 4.21 4.42 4.22 4.53 4.39 4.38 4.45 4.28 4.16 4.13 4.07 3.91 3.88 3.85 3.78 3.75 3.79 3.78 3.75 3.60 3.24 3.45 3.39 3.28 3.20 2.84 2.76 2.91 3.12 2.88 3.10 3.03 3.03 3.01 2.97 2.99 3.08 3.09 3.11 3.14 3.17 3.22 3.24 3.27 3.41 3.52 3.57 3.74 3.68 3.63 4.09 4.22 4.24
4.60 4.73 4.64 4.69 4.64 4.99 4.95 4.94 4.91 4.85 4.78 4.75 4.34 4.31 4.29 4.57 4.59 4.36 4.46 4.44 4.33 4.24 4.22 4.38 4.26 4.31 4.44 4.39 4.42 4.29 4.20 4.11 4.03 3.86 3.75 3.77 3.79 3.75 3.74 3.65 3.61 3.60 3.57 3.55 3.38 3.28 3.30 3.28 3.09 2.76 3.07 3.14 3.06 3.09 3.06 3.06 3.04 3.03 3.10 3.12 3.14 3.19 3.22 3.24 3.28 3.19 3.45 3.40 3.48 3.75 3.83 3.97 3.96 4.29 4.45
4.61 4.65 4.61 4.62 4.62 4.59 4.96 4.97 4.91 4.82 4.77 4.75 4.71 4.32 4.24 4.52 4.47 4.28 4.28 4.27 4.29 4.14 4.05 4.03 4.01 4.05 4.30 4.30 4.33 4.23 4.20 4.14 3.96 3.84 3.72 3.67 3.69 3.75 3.71 3.62 3.59 3.58 3.49 3.48 3.51 3.39 3.53 3.53 3.37 2.93 2.93 3.04 3.14 3.11 3.09 3.10 3.10 3.14 3.15 3.15 3.21 3.24 3.26 3.30 3.34 3.41 3.47 3.58 3.73 3.84 3.91 4.00 4.17 4.06 4.47
4.62 4.62 4.61 4.62 4.61 4.60 4.58 5.06 4.74 4.66 4.78 4.74 4.71 4.66 4.56 4.37 4.32 4.25 4.26 4.32 4.32 4.05 4.06 3.93 3.77 3.87 4.56 4.48 4.20 4.15 4.05 3.99 3.87 3.83 3.73 3.64 3.61 3.55 3.56 3.64 3.64 3.63 3.54 3.46 3.39 3.49 3.48 3.52 3.59 3.31 2.79 3.05 3.01 3.02 3.02 3.08 3.07 3.06 3.23 3.26 3.27 3.29 3.13 3.32 3.34 3.48 3.55 3.67 3.77 3.89 4.03 3.99 4.10 4.07 4.41
4.62 4.62 4.61 4.62 4.63 4.62 4.61 5.03 4.74 4.70 4.66 4.76 4.70 4.62 4.39 4.36 3.98 4.02 4.13 4.07 4.04 4.05 3.99 3.98 3.69 4.06 4.54 4.45 4.21 4.11 4.03 4.01 3.90 3.78 3.77 3.68 3.61 3.53 3.41 3.49 3.66 3.68 3.61 3.49 3.44 3.47 3.59 3.58 3.49 3.32 3.10 2.83 2.66 2.59 2.55 2.45 2.69 2.93 3.23 3.24 3.30 3.35 3.33 3.38 3.47 3.56 3.62 3.71 3.83 3.96 4.01 4.12 4.16 4.38 4.48
4.63 4.63 4.64 4.65 4.66 4.65 4.64 4.60 4.91 4.91 4.77 4.69 4.45 4.36 4.29 4.23 4.21 3.99 3.82 3.75 3.98 4.00 3.72 3.78 3.73 3.96 4.46 4.38 4.08 4.02 4.01 3.97 3.92 3.87 3.79 3.77 3.67 3.59 3.50 3.38 3.29 3.70 3.53 3.52 3.54 3.48 3.50 3.53 3.57 3.48 3.54 3.25 3.46 3.10 2.85 2.47 2.49 2.78 2.95 3.37 3.36 3.35 3.37 3.39 3.26 3.24 3.39 3.55 3.89 3.93 4.10 4.17 4.16 4.33 4.59
4.66 4.56 5.10 5.01 5.14 4.71 5.05 5.01 4.99 4.87 4.83 4.55 4.52 4.28 4.35 4.28 4.01 3.93 3.96 3.85 3.78 3.81 3.91 3.84 3.87 3.93 4.30 4.40 4.08 4.03 4.05 3.98 3.96 3.97 3.99 3.87 3.78 3.73 3.68 3.51 3.32 3.34 3.25 3.42 3.60 3.53 3.49 3.52 3.59 3.55 3.57 3.71 3.65 3.65 3.23 2.76 2.50 2.69 2.90 3.24 3.32 3.32 2.99 2.90 2.78 3.04 3.19 3.40 3.90 3.99 4.08 4.11 4.18 4.36 4.47
4.57 5.10 4.99 5.00 5.29 5.12 4.65 5.13 5.07 5.00 5.06 4.55 4.39 4.45 4.09 3.73 3.80 3.87 3.72 3.85 3.89 3.75 3.59 3.59 3.59 3.96 4.28 4.29 4.04 3.93 3.84 3.82 3.83 3.80 3.84 3.87 3.80 3.64 3.84 3.65 3.47 3.31 3.24 3.21 3.27 3.40 3.41 3.53 3.50 3.56 3.58 3.66 3.67 3.68 3.61 3.15 2.70 2.72 2.73 2.74 2.86 2.75 2.84 2.86 3.03 3.02 3.06 3.26 3.62 3.60 3.79 4.00 4.16 4.57 4.68
4.60 5.31 5.32 5.51 5.50 5.39 5.29 5.33 5.37 4.93 5.05 4.51 4.31 4.21 3.89 3.77 3.70 3.73 3.89 3.85 3.75 3.70 3.77 3.73 3.74 3.76 3.99 4.23 4.01 3.92 3.83 3.76 3.68 3.68 3.68 3.61 3.57 3.56 3.61 3.71 3.48 3.35 3.42 3.25 3.20 3.18 3.15 3.17 3.39 3.52 3.61 3.67 3.67 3.67 3.74 3.39 2.80 2.65 2.78 2.79 2.85 2.82 2.95 3.00 3.08 3.35 3.18 3.26 3.49 3.52 3.64 3.94 4.27 4.59 4.88
4.84 5.07 5.10 5.10 4.91 4.83 4.77 4.85 5.04 5.01 4.96 4.47 4.18 4.23 4.17 3.88 3.73 3.75 3.87 3.79 3.61 3.74 3.80 3.59 3.64 3.43 3.77 4.21 3.99 3.95 3.87 3.80 3.70 3.62 3.59 3.46 3.51 3.43 3.42 3.43 3.65 3.58 3.54 3.33 3.30 3.27 3.26 3.21 3.20 3.10 3.32 3.63 3.64 3.62 3.76 3.54 2.90 2.70 2.90 2.74 2.92 2.94 3.01 3.08 3.16 3.40 3.55 3.80 3.64 3.68 3.85 4.07 4.44 4.74 5.01
4.55 4.69 4.69 4.72 4.72 4.59 4.52 4.63 4.83 4.79 4.43 4.57 4.55 4.36 4.15 3.71 3.74 3.77 3.72 3.84 3.75 3.70 3.84 3.74 3.68 3.57 3.72 4.18 4.01 3.98 3.89 3.82 3.74 3.68 3.63 3.57 3.53 3.48 3.40 3.33 3.36 3.39 3.72 3.50 3.39 3.40 3.40 3.36 3.32 3.30 3.26 3.18 3.39 3.76 3.78 3.57 2.88 2.77 2.85 2.84 2.98 3.03 3.08 3.15 3.43 3.39 3.36 3.54 3.98 3.90 4.14 4.23 4.74 4.99 5.26
4.43 4.47 4.47 4.50 4.52 4.39 4.28 4.36 4.29 4.34 4.07 4.05 4.25 4.16 4.26 4.09 3.80 3.83 3.67 3.62 3.55 3.86 3.87 3.77 3.78 3.34 3.54 3.98 4.05 3.98 3.90 3.83 3.75 3.70 3.67 3.58 3.53 3.51 3.48 3.41 3.28 3.32 3.51 3.65 3.70 3.61 3.58 3.53 3.47 3.41 3.36 3.21 3.77 3.83 4.00 3.71 3.16 2.87 3.02 2.99 2.95 3.14 3.07 3.30 3.29 3.69 3.72 3.85 3.96 4.55 4.64 4.60 4.96 5.34 5.66
4.34 4.27 4.34 4.31 4.28 4.24 4.23 4.23 4.18 3.93 3.90 3.91 3.98 4.00 4.13 3.99 3.71 3.65 3.67 3.59 3.54 3.74 3.64 3.75 3.71 3.60 3.48 3.88 3.83 3.93 3.89 3.82 3.78 3.71 3.65 3.42 3.51 3.49 3.47 3.44 3.24 3.21 3.20 3.30 3.42 3.88 3.71 3.64 3.55 3.53 3.46 3.42 3.56 4.13 4.04 4.10 3.39 2.94 3.06 3.15 3.18 3.31 3.39 3.41 3.47 3.48 3.96 4.10 4.39 5.00 5.59 5.18 5.50 5.76 6.10
4.01 4.29 4.01 4.15 3.91 3.88 3.87 3.90 4.03 3.80 3.82 3.57 3.80 3.75 4.03 3.86 3.81 3.67 3.58 3.50 3.72 3.56 3.65 3.70 3.54 3.67 3.57 3.88 3.79 3.87 3.90 3.88 3.78 3.69 3.45 3.39 3.50 3.50 3.48 3.44 3.27 3.27 3.10 3.11 3.36 3.44 3.88 3.85 3.70 3.69 3.59 3.50 3.45 4.13 4.14 4.23 3.71 3.11 3.16 3.26 3.34 3.42 3.58 3.94 3.72 4.08 3.91 4.40 4.73 5.12 5.39 6.14 5.81 6.15 6.40
