maui/input/gr0_in_month_ascii/gr0_in_apr__maui.asc
ncols        356
nrows        236
xllcorner    -156.702000000000
yllcorner    20.529750000000
cellsize     0.002250000000
NODATA_value  -99.00
[rows 132 to 164 of 236, columns 75 to 149 of 356]
-9999.00 -9999.00 -9999.00 -9999.00 -9999.00 -9999.00 -9999.00 -9999.00 -9999.00 -9999.00 -9999.00 -9999.00 -9999.00 -9999.00 -9999.00 -9999.00 -9999.00 -9999.00 -9999.00 -9999.00 -9999.00 -9999.00 -9999.00 -9999.00 -9999.00 -9999.00 -9999.00 -9999.00 -9999.00 -9999.00 -9999.00 -9999.00 8.21 8.42 7.82 8.27 8.25 8.31 8.16 8.11 7.82 7.96 7.81 7.48 7.44 7.26 7.28 7.03 7.14 6.94 6.74 6.62 6.44 6.54 6.51 6.31 6.23 6.09 5.99 5.75 5.62 5.65 5.66 5.48 5.31 5.24 5.14 5.16 5.07 4.99 5.00 4.91 4.77 4.59 4.61
-9999.00 -9999.00 -9999.00 -9999.00 -9999.00 -9999.00 -9999.00 -9999.00 -9999.00 -9999.00 -9999.00 -9999.00 -9999.00 -9999.00 -9999.00 -9999.00 -9999.00 -9999.00 -9999.00 -9999.00 -9999.00 -9999.00 -9999.00 -9999.00 -9999.00 -9999.00 -9999.00 -9999.00 -9999.00 -9999.00 -9999.00 -9999.00 8.31 8.43 7.84 8.13 8.23 8.05 8.04 8.06 7.94 7.83 7.52 7.63 7.45 7.36 7.37 7.06 7.06 6.90 6.81 6.54 6.57 6.39 6.37 6.34 6.29 5.94 5.81 5.76 5.56 5.57 5.51 5.30 5.38 5.44 5.12 5.03 4.95 4.84 4.97 4.89 4.84 4.67 4.59
-9999.00 -9999.00 -9999.00 -9999.00 -9999.00 -9999.00 -9999.00 -9999.00 -9999.00 -9999.00 -9999.00 -9999.00 -9999.00 -9999.00 -9999.00 -9999.00 -9999.00 -9999.00 -9999.00 -9999.00 -9999.00 -9999.00 -9999.00 -9999.00 -9999.00 -9999.00 -9999.00 -9999.00 -9999.00 -9999.00 -9999.00 -9999.00 8.30 8.75 8.15 8.31 8.24 7.57 8.04 7.84 7.89 7.88 7.62 7.56 7.36 7.41 7.23 7.24 7.03 6.92 6.82 6.76 6.65 6.49 6.34 6.18 6.07 5.96 5.88 5.75 5.55 5.44 5.58 5.29 5.42 5.38 5.07 5.13 5.01 4.96 4.96 4.89 4.81 4.63 4.65
-9999.00 -9999.00 -9999.00 -9999.00 -9999.00 -9999.00 -9999.00 -9999.00 -9999.00 -9999.00 -9999.00 -9999.00 -9999.00 -9999.00 -9999.00 -9999.00 -9999.00 -9999.00 -9999.00 -9999.00 -9999.00 -9999.00 -9999.00 -9999.00 -9999.00 -9999.00 -9999.00 -9999.00 -9999.00 -9999.00 -9999.00 -9999.00 8.36 9.14 7.83 7.78 8.00 8.38 7.90 8.04 7.98 7.68 7.84 7.49 7.32 7.36 7.27 7.21 7.14 6.81 6.70 6.60 6.53 6.43 6.47 6.28 6.08 6.12 5.89 5.80 5.56 5.47 5.55 5.45 5.39 5.30 5.16 4.97 4.99 4.96 4.88 4.80 4.68 4.75 4.70
-9999.00 -9999.00 -9999.00 -9999.00 -9999.00 -9999.00 -9999.00 -9999.00 -9999.00 -9999.00 -9999.00 -9999.00 -9999.00 -9999.00 -9999.00 -9999.00 -9999.00 -9999.00 -9999.00 -9999.00 -9999.00 -9999.00 -9999.00 -9999.00 -9999.00 -9999.00 -9999.00 -9999.00 -9999.00 -9999.00 -9999.00 -9999.00 8.40 8.43 8.31 7.79 8.27 8.14 8.03 7.99 7.89 7.75 7.31 7.38 7.38 7.35 7.11 7.07 7.12 6.91 6.92 6.84 6.59 6.47 6.36 6.18 6.16 5.93 5.89 5.87 5.52 5.53 5.54 5.35 5.26 5.20 5.08 5.02 4.98 5.02 4.77 4.88 4.83 4.73 4.67
-9999.00 -9999.00 -9999.00 -9999.00 -9999.00 -9999.00 -9999.00 -9999.00 -9999.00 -9999.00 -9999.00 -9999.00 -9999.00 -9999.00 -9999.00 -9999.00 -9999.00 -9999.00 -9999.00 -9999.00 -9999.00 -9999.00 -9999.00 -9999.00 -9999.00 -9999.00 -9999.00 -9999.00 -9999.00 -9999.00 -9999.00 -9999.00 8.39 8.42 8.37 8.65 8.40 8.20 8.14 7.84 7.86 7.68 7.48 7.36 7.44 7.40 7.08 7.00 6.84 6.78 6.74 6.61 6.51 6.48 6.37 6.27 6.04 5.94 5.78 5.73 5.61 5.55 5.46 5.45 5.39 5.17 5.20 5.11 5.07 5.01 4.81 4.85 4.80 4.60 4.66
-9999.00 -9999.00 -9999.00 -9999.00 -9999.00 -9999.00 -9999.00 -9999.00 -9999.00 -9999.00 -9999.00 -9999.00 -9999.00 -9999.00 -9999.00 -9999.00 -9999.00 -9999.00 -9999.00 -9999.00 -9999.00 -9999.00 -9999.00 -9999.00 -9999.00 -9999.00 -9999.00 -9999.00 -9999.00 -9999.00 -9999.00 -9999.00 8.34 8.26 8.38 8.10 8.56 8.45 8.13 7.87 7.81 7.66 6.94 7.47 7.35 7.29 7.25 7.05 6.78 6.89 6.69 6.60 6.52 6.30 6.46 6.38 6.04 6.06 5.92 5.76 5.63 5.58 5.51 5.49 5.24 5.30 5.24 5.16 4.93 5.01 4.90 4.80 4.76 4.66 4.58
-9999.00 -9999.00 -9999.00 -9999.00 -9999.00 -9999.00 -9999.00 -9999.00 -9999.00 -9999.00 -9999.00 -9999.00 -9999.00 -9999.00 -9999.00 -9999.00 -9999.00 -9999.00 -9999.00 -9999.00 -9999.00 -9999.00 -9999.00 -9999.00 -9999.00 -9999.00 -9999.00 -9999.00 -9999.00 -9999.00 -9999.00 -9999.00 -9999.00 8.24 8.20 8.10 8.56 7.70 7.54 7.82 7.61 7.74 7.37 7.34 7.36 7.34 7.11 6.85 6.75 6.79 6.66 6.65 6.52 6.38 6.33 6.15 6.30 6.05 6.04 5.92 5.67 5.61 5.63 5.48 5.36 5.30 5.21 5.13 5.04 4.99 4.89 4.78 4.72 4.64 4.47
-9999.00 -9999.00 -9999.00 -9999.00 -9999.00 -9999.00 -9999.00 -9999.00 -9999.00 -9999.00 -9999.00 -9999.00 -9999.00 -9999.00 -9999.00 -9999.00 -9999.00 -9999.00 -9999.00 -9999.00 -9999.00 -9999.00 -9999.00 -9999.00 -9999.00 -9999.00 -9999.00 -9999.00 -9999.00 -9999.00 -9999.00 -9999.00 8.15 8.11 8.19 7.78 8.10 8.28 8.28 7.79 7.75 7.76 7.56 7.47 7.37 7.22 6.99 6.82 6.82 6.68 6.60 6.59 6.50 6.24 6.33 6.16 6.30 6.19 6.07 5.96 5.88 5.78 5.60 5.48 5.38 5.30 5.22 5.16 4.90 4.83 4.90 4.77 4.68 4.60 4.54
-9999.00 -9999.00 -9999.00 -9999.00 -9999.00 -9999.00 -9999.00 -9999.00 -9999.00 -9999.00 -9999.00 -9999.00 -9999.00 -9999.00 -9999.00 -9999.00 -9999.00 -9999.00 -9999.00 -9999.00 -9999.00 -9999.00 -9999.00 -9999.00 -9999.00 -9999.00 -9999.00 -9999.00 -9999.00 -9999.00 -9999.00 -9999.00 -9999.00 8.06 7.80 8.41 8.01 8.53 8.16 8.06 7.81 7.72 7.54 7.90 7.26 7.09 7.06 6.96 6.92 6.76 6.72 6.59 6.35 6.36 6.20 6.10 6.11 5.98 5.89 5.93 5.85 5.76 5.63 5.51 5.38 5.26 5.15 5.09 5.00 4.94 4.88 4.79 4.70 4.58 4.47
-9999.00 -9999.00 -9999.00 -9999.00 -9999.00 -9999.00 -9999.00 -9999.00 -9999.00 -9999.00 -9999.00 -9999.00 -9999.00 -9999.00 -9999.00 -9999.00 -9999.00 -9999.00 -9999.00 -9999.00 -9999.00 -9999.00 -9999.00 -9999.00 -9999.00 -9999.00 -9999.00 -9999.00 -9999.00 -9999.00 -9999.00 -9999.00 -9999.00 8.08 7.81 7.80 8.43 8.00 8.46 8.10 7.86 7.38 7.56 7.53 7.31 7.09 6.99 6.91 6.93 6.68 6.68 6.44 6.46 6.24 6.29 6.21 6.23 6.09 5.99 5.89 5.80 5.71 5.65 5.51 5.36 5.23 5.09 5.02 4.97 4.91 4.88 4.72 4.64 4.56 4.33
-9999.00 -9999.00 -9999.00 -9999.00 -9999.00 -9999.00 -9999.00 -9999.00 -9999.00 -9999.00 -9999.00 -9999.00 -9999.00 -9999.00 -9999.00 -9999.00 -9999.00 -9999.00 -9999.00 -9999.00 -9999.00 -9999.00 -9999.00 -9999.00 -9999.00 -9999.00 -9999.00 -9999.00 -9999.00 -9999.00 -9999.00 -9999.00 -9999.00 8.06 8.36 7.77 8.11 7.69 7.90 7.83 7.80 7.68 7.56 7.43 7.21 7.14 6.94 6.84 6.97 6.80 6.55 6.68 6.43 6.33 6.38 6.30 6.22 6.08 5.98 5.87 5.75 5.66 5.57 5.48 5.33 5.16 5.05 4.99 4.94 4.86 4.76 4.70 4.63 4.52 4.44
-9999.00 -9999.00 -9999.00 -9999.00 -9999.00 -9999.00 -9999.00 -9999.00 -9999.00 -9999.00 -9999.00 -9999.00 -9999.00 -9999.00 -9999.00 -9999.00 -9999.00 -9999.00 -9999.00 -9999.00 -9999.00 -9999.00 -9999.00 -9999.00 -9999.00 -9999.00 -9999.00 -9999.00 -9999.00 -9999.00 -9999.00 -9999.00 -9999.00 8.05 8.61 8.20 8.23 7.67 7.90 7.79 7.59 7.74 7.62 7.33 7.23 7.08 7.18 7.08 6.97 6.78 6.68 6.64 6.56 6.38 6.25 6.26 6.15 6.04 5.97 5.85 5.72 5.62 5.51 5.45 5.13 5.10 5.01 4.94 4.90 4.83 4.74 4.66 4.62 4.50 4.40
-9999.00 -9999.00 -9999.00 -9999.00 -9999.00 -9999.00 -9999.00 -9999.00 -9999.00 -9999.00 -9999.00 -9999.00 -9999.00 -9999.00 -9999.00 -9999.00 -9999.00 -9999.00 -9999.00 -9999.00 -9999.00 -9999.00 -9999.00 -9999.00 -9999.00 -9999.00 -9999.00 -9999.00 -9999.00 -9999.00 -9999.00 -9999.00 -9999.00 8.11 8.09 7.76 8.05 7.69 8.01 7.80 7.27 7.85 7.58 7.37 7.25 7.12 6.99 6.93 6.77 6.87 6.66 6.50 6.39 6.41 6.29 6.10 6.00 5.88 5.90 5.76 5.66 5.59 5.49 5.40 5.09 4.98 4.97 4.81 4.85 4.78 4.71 4.63 4.53 4.50 4.41
-9999.00 -9999.00 -9999.00 -9999.00 -9999.00 -9999.00 -9999.00 -9999.00 -9999.00 -9999.00 -9999.00 -9999.00 -9999.00 -9999.00 -9999.00 -9999.00 -9999.00 -9999.00 -9999.00 -9999.00 -9999.00 -9999.00 -9999.00 -9999.00 -9999.00 -9999.00 -9999.00 -9999.00 -9999.00 -9999.00 -9999.00 -9999.00 -9999.00 -9999.00 8.09 7.99 7.71 8.06 8.08 8.13 7.90 7.73 7.50 7.33 7.67 7.19 7.16 7.07 6.74 6.72 6.69 6.52 6.27 6.23 6.02 5.93 5.81 5.94 5.84 5.69 5.59 5.51 5.43 5.35 4.94 4.69 4.96 4.93 4.83 4.78 4.70 4.59 4.48 4.43 4.35
-9999.00 -9999.00 -9999.00 -9999.00 -9999.00 -9999.00 -9999.00 -9999.00 -9999.00 -9999.00 -9999.00 -9999.00 -9999.00 -9999.00 -9999.00 -9999.00 -9999.00 -9999.00 -9999.00 -9999.00 -9999.00 -9999.00 -9999.00 -9999.00 -9999.00 -9999.00 -9999.00 -9999.00 -9999.00 -9999.00 -9999.00 -9999.00 -9999.00 -9999.00 -9999.00 7.92 7.93 7.62 7.93 8.11 7.62 7.74 7.59 7.42 7.20 7.12 6.99 6.99 6.71 6.84 6.56 6.53 6.32 6.19 6.08 6.05 5.88 5.65 5.78 5.67 5.54 5.49 5.39 5.32 5.18 4.93 4.97 4.88 4.80 4.74 4.70 4.60 4.47 4.37 4.28
-9999.00 -9999.00 -9999.00 -9999.00 -9999.00 -9999.00 -9999.00 -9999.00 -9999.00 -9999.00 -9999.00 -9999.00 -9999.00 -9999.00 -9999.00 -9999.00 -9999.00 -9999.00 -9999.00 -9999.00 -9999.00 -9999.00 -9999.00 -9999.00 -9999.00 -9999.00 -9999.00 -9999.00 -9999.00 -9999.00 -9999.00 -9999.00 -9999.00 -9999.00 -9999.00 -9999.00 7.93 7.99 7.92 7.76 7.64 7.48 7.60 7.45 7.30 7.31 7.03 6.94 6.92 6.83 6.67 6.41 6.22 6.06 6.05 6.03 5.80 5.82 5.76 5.64 5.52 5.41 5.32 5.22 5.13 5.03 4.94 4.82 4.75 4.69 4.59 4.51 4.45 4.37 4.24
-9999.00 -9999.00 -9999.00 -9999.00 -9999.00 -9999.00 -9999.00 -9999.00 -9999.00 -9999.00 -9999.00 -9999.00 -9999.00 -9999.00 -9999.00 -9999.00 -9999.00 -9999.00 -9999.00 -9999.00 -9999.00 -9999.00 -9999.00 -9999.00 -9999.00 -9999.00 -9999.00 -9999.00 -9999.00 -9999.00 -9999.00 -9999.00 -9999.00 -9999.00 -9999.00 -9999.00 7.96 7.95 7.91 7.82 7.64 7.82 7.56 7.39 7.27 7.36 7.18 6.89 6.85 6.78 6.49 6.38 6.38 6.16 6.16 6.07 5.71 5.67 5.70 5.57 5.47 5.35 5.24 5.05 5.08 4.97 4.89 4.80 4.72 4.63 4.54 4.44 4.36 4.28 4.21
-9999.00 -9999.00 -9999.00 -9999.00 -9999.00 -9999.00 -9999.00 -9999.00 -9999.00 -9999.00 -9999.00 -9999.00 -9999.00 -9999.00 -9999.00 -9999.00 -9999.00 -9999.00 -9999.00 -9999.00 -9999.00 -9999.00 -9999.00 -9999.00 -9999.00 -9999.00 -9999.00 -9999.00 -9999.00 -9999.00 -9999.00 -9999.00 -9999.00 -9999.00 -9999.00 -9999.00 -9999.00 7.95 7.90 7.80 7.28 7.18 7.84 7.49 7.30 7.21 7.08 6.92 6.72 6.63 6.48 6.34 6.09 6.13 6.14 6.01 5.92 5.68 5.64 5.54 5.28 5.29 5.19 5.09 5.00 4.80 4.83 4.75 4.68 4.59 4.49 4.38 4.32 4.23 4.15
-9999.00 -9999.00 -9999.00 -9999.00 -9999.00 -9999.00 -9999.00 -9999.00 -9999.00 -9999.00 -9999.00 -9999.00 -9999.00 -9999.00 -9999.00 -9999.00 -9999.00 -9999.00 -9999.00 -9999.00 -9999.00 -9999.00 -9999.00 -9999.00 -9999.00 -9999.00 -9999.00 -9999.00 -9999.00 -9999.00 -9999.00 -9999.00 -9999.00 -9999.00 -9999.00 -9999.00 -9999.00 7.95 8.57 8.18 7.25 7.56 7.46 7.61 7.40 7.24 7.06 6.95 6.79 6.56 6.45 6.30 6.20 6.22 6.11 5.98 5.90 5.75 5.60 5.34 5.37 5.25 5.02 5.04 4.84 4.87 4.81 4.71 4.59 4.51 4.41 4.36 4.27 4.21 4.13
-9999.00 -9999.00 -9999.00 -9999.00 -9999.00 -9999.00 -9999.00 -9999.00 -9999.00 -9999.00 -9999.00 -9999.00 -9999.00 -9999.00 -9999.00 -9999.00 -9999.00 -9999.00 -9999.00 -9999.00 -9999.00 -9999.00 -9999.00 -9999.00 -9999.00 -9999.00 -9999.00 -9999.00 -9999.00 -9999.00 -9999.00 -9999.00 -9999.00 -9999.00 -9999.00 -9999.00 -9999.00 7.91 7.81 7.76 7.78 7.86 7.23 7.58 7.48 7.14 7.14 6.84 6.69 6.59 6.35 6.30 6.29 6.15 6.05 5.93 5.82 5.71 5.57 5.45 5.37 5.24 5.11 5.01 4.95 4.86 4.77 4.53 4.54 4.44 4.35 4.30 4.24 4.16 4.10
-9999.00 -9999.00 -9999.00 -9999.00 -9999.00 -9999.00 -9999.00 -9999.00 -9999.00 -9999.00 -9999.00 -9999.00 -9999.00 -9999.00 -9999.00 -9999.00 -9999.00 -9999.00 -9999.00 -9999.00 -9999.00 -9999.00 -9999.00 -9999.00 -9999.00 -9999.00 -9999.00 -9999.00 -9999.00 -9999.00 -9999.00 -9999.00 -9999.00 -9999.00 -9999.00 -9999.00 -9999.00 7.93 7.75 7.80 7.31 7.61 7.51 7.57 7.39 7.23 7.11 6.86 6.71 6.46 6.29 6.29 6.29 6.14 6.00 5.91 5.75 5.50 5.51 5.37 5.30 5.25 4.97 4.90 4.92 4.83 4.73 4.64 4.53 4.44 4.31 4.25 4.20 4.13 4.06
-9999.00 -9999.00 -9999.00 -9999.00 -9999.00 -9999.00 -9999.00 -9999.00 -9999.00 -9999.00 -9999.00 -9999.00 -9999.00 -9999.00 -9999.00 -9999.00 -9999.00 -9999.00 -9999.00 -9999.00 -9999.00 -9999.00 -9999.00 -9999.00 -9999.00 -9999.00 -9999.00 -9999.00 -9999.00 -9999.00 -9999.00 -9999.00 -9999.00 -9999.00 -9999.00 -9999.00 -9999.00 -9999.00 7.63 7.41 7.27 7.14 7.03 7.37 7.54 7.14 7.13 7.01 6.86 6.59 6.40 6.21 6.19 6.11 5.97 5.70 5.66 5.54 5.43 5.30 5.21 5.16 5.04 4.86 4.72 4.78 4.70 4.57 4.49 4.37 4.28 4.19 4.12 4.07 4.05
-9999.00 -9999.00 -9999.00 -9999.00 -9999.00 -9999.00 -9999.00 -9999.00 -9999.00 -9999.00 -9999.00 -9999.00 -9999.00 -9999.00 -9999.00 -9999.00 -9999.00 -9999.00 -9999.00 -9999.00 -9999.00 -9999.00 -9999.00 -9999.00 -9999.00 -9999.00 -9999.00 -9999.00 -9999.00 -9999.00 -9999.00 -9999.00 -9999.00 -9999.00 -9999.00 -9999.00 -9999.00 -9999.00 7.57 7.97 7.28 7.58 7.01 7.48 7.51 7.29 7.01 6.89 6.77 6.44 6.30 6.11 6.06 5.89 5.93 5.78 5.62 5.50 5.40 5.24 4.99 5.07 4.85 4.61 4.65 4.73 4.66 4.52 4.43 4.30 4.20 4.13 4.06 4.01 3.97
-9999.00 -9999.00 -9999.00 -9999.00 -9999.00 -9999.00 -9999.00 -9999.00 -9999.00 -9999.00 -9999.00 -9999.00 -9999.00 -9999.00 -9999.00 -9999.00 -9999.00 -9999.00 -9999.00 -9999.00 -9999.00 -9999.00 -9999.00 -9999.00 -9999.00 -9999.00 -9999.00 -9999.00 -9999.00 -9999.00 -9999.00 -9999.00 -9999.00 -9999.00 -9999.00 -9999.00 -9999.00 -9999.00 7.53 7.72 7.17 7.49 7.00 6.82 7.40 7.20 6.98 6.90 6.69 6.31 6.18 6.00 6.16 6.03 5.88 5.77 5.60 5.48 5.37 5.21 5.09 5.02 4.92 4.84 4.61 4.50 4.46 4.50 4.26 4.29 4.16 4.06 3.98 3.93 3.90
-9999.00 -9999.00 -9999.00 -9999.00 -9999.00 -9999.00 -9999.00 -9999.00 -9999.00 -9999.00 -9999.00 -9999.00 -9999.00 -9999.00 -9999.00 -9999.00 -9999.00 -9999.00 -9999.00 -9999.00 -9999.00 -9999.00 -9999.00 -9999.00 -9999.00 -9999.00 -9999.00 -9999.00 -9999.00 -9999.00 -9999.00 -9999.00 -9999.00 -9999.00 -9999.00 -9999.00 -9999.00 7.84 7.71 7.97 7.24 7.50 7.52 7.55 7.38 7.22 6.94 6.87 6.60 6.31 6.32 6.17 6.01 5.99 5.88 5.70 5.57 5.46 5.33 5.17 5.05 4.83 4.86 4.77 4.68 4.59 4.41 4.32 4.22 3.96 3.85 4.02 3.97 3.89 3.81
-9999.00 -9999.00 -9999.00 -9999.00 -9999.00 -9999.00 -9999.00 -9999.00 -9999.00 -9999.00 -9999.00 -9999.00 -9999.00 -9999.00 -9999.00 -9999.00 -9999.00 -9999.00 -9999.00 -9999.00 -9999.00 -9999.00 -9999.00 -9999.00 -9999.00 -9999.00 -9999.00 -9999.00 -9999.00 -9999.00 -9999.00 -9999.00 -9999.00 -9999.00 -9999.00 -9999.00 -9999.00 7.96 7.83 7.38 7.75 7.69 7.43 7.30 6.59 6.93 7.01 6.94 6.64 6.36 6.21 6.08 5.88 5.71 5.85 5.72 5.53 5.40 5.26 4.99 5.01 4.90 4.80 4.71 4.46 4.53 4.45 4.21 4.12 3.87 3.75 3.66 3.60 3.65 3.60
-9999.00 -9999.00 -9999.00 -9999.00 -9999.00 -9999.00 -9999.00 -9999.00 -9999.00 -9999.00 -9999.00 -9999.00 -9999.00 -9999.00 -9999.00 -9999.00 -9999.00 -9999.00 -9999.00 -9999.00 -9999.00 -9999.00 -9999.00 -9999.00 -9999.00 -9999.00 -9999.00 -9999.00 -9999.00 -9999.00 -9999.00 -9999.00 -9999.00 -9999.00 -9999.00 -9999.00 -9999.00 -9999.00 7.87 8.74 8.11 7.51 7.38 7.37 7.03 6.42 6.94 6.59 6.48 6.41 6.18 6.01 5.90 5.72 5.85 5.69 5.50 5.36 5.22 5.10 4.97 4.84 4.72 4.62 4.50 4.30 4.22 4.28 4.22 4.10 3.74 3.63 3.51 3.41 3.34
-9999.00 -9999.00 -9999.00 -9999.00 -9999.00 -9999.00 -9999.00 -9999.00 -9999.00 -9999.00 -9999.00 -9999.00 -9999.00 -9999.00 -9999.00 -9999.00 -9999.00 -9999.00 -9999.00 -9999.00 -9999.00 -9999.00 -9999.00 -9999.00 -9999.00 -9999.00 -9999.00 -9999.00 -9999.00 -9999.00 -9999.00 -9999.00 -9999.00 -9999.00 -9999.00 -9999.00 -9999.00 -9999.00 7.91 8.76 7.73 7.49 7.32 7.54 7.34 7.06 6.32 6.75 6.78 6.27 6.19 6.09 6.03 5.74 5.87 5.72 5.51 5.34 5.14 5.03 4.94 4.70 4.72 4.45 4.47 4.35 4.13 4.06 4.16 4.07 3.71 3.73 3.43 3.35 3.37
-9999.00 -9999.00 -9999.00 -9999.00 -9999.00 -9999.00 -9999.00 -9999.00 -9999.00 -9999.00 -9999.00 -9999.00 -9999.00 -9999.00 -9999.00 -9999.00 -9999.00 -9999.00 -9999.00 -9999.00 -9999.00 -9999.00 -9999.00 -9999.00 -9999.00 -9999.00 -9999.00 -9999.00 -9999.00 -9999.00 -9999.00 -9999.00 -9999.00 -9999.00 -9999.00 -9999.00 -9999.00 -9999.00 7.97 7.35 7.76 7.50 7.35 6.76 7.06 6.92 6.30 6.69 6.70 6.33 6.25 6.10 5.98 5.99 5.70 5.66 5.49 5.38 5.22 5.03 4.92 4.81 4.56 4.55 4.41 4.14 3.94 3.85 3.94 3.86 3.90 3.50 3.39 3.49 3.27
-9999.00 -9999.00 -9999.00 -9999.00 -9999.00 -9999.00 -9999.00 -9999.00 -9999.00 -9999.00 -9999.00 -9999.00 -9999.00 -9999.00 -9999.00 -9999.00 -9999.00 -9999.00 -9999.00 -9999.00 -9999.00 -9999.00 -9999.00 -9999.00 -9999.00 -9999.00 -9999.00 -9999.00 -9999.00 -9999.00 -9999.00 -9999.00 -9999.00 -9999.00 -9999.00 -9999.00 -9999.00 -9999.00 7.90 7.74 7.67 7.51 7.28 7.52 6.59 6.42 6.75 6.52 6.44 6.16 6.17 5.97 5.93 5.94 5.72 5.61 5.44 5.22 5.13 5.01 4.88 4.61 4.62 4.41 4.25 4.15 3.83 3.78 3.74 3.62 3.49 3.57 3.53 3.30 3.21
-9999.00 -9999.00 -9999.00 -9999.00 -9999.00 -9999.00 -9999.00 -9999.00 -9999.00 -9999.00 -9999.00 -9999.00 -9999.00 -9999.00 -9999.00 -9999.00 -9999.00 -9999.00 -9999.00 -9999.00 -9999.00 -9999.00 -9999.00 -9999.00 -9999.00 -9999.00 -9999.00 -9999.00 -9999.00 -9999.00 -9999.00 -9999.00 -9999.00 -9999.00 -9999.00 -9999.00 -9999.00 -9999.00 -9999.00 7.68 7.79 7.50 7.54 7.49 7.36 6.86 6.27 6.07 6.47 5.68 6.02 6.04 6.00 5.72 5.72 5.55 5.37 5.20 5.07 4.94 4.76 4.40 4.57 4.30 4.09 3.95 3.84 3.73 3.66 3.85 3.72 3.36 3.41 3.20 3.15
-9999.00 -9999.00 -9999.00 -9999.00 -9999.00 -9999.00 -9999.00 -9999.00 -9999.00 -9999.00 -9999.00 -9999.00 -9999.00 -9999.00 -9999.00 -9999.00 -9999.00 -9999.00 -9999.00 -9999.00 -9999.00 -9999.00 -9999.00 -9999.00 -9999.00 -9999.00 -9999.00 -9999.00 -9999.00 -9999.00 -9999.00 -9999.00 -9999.00 -9999.00 -9999.00 -9999.00 -9999.00 -9999.00 -9999.00 7.68 8.17 7.07 7.37 7.62 7.37 7.14 7.09 6.81 6.62 6.37 5.98 5.95 5.91 5.78 5.68 5.54 5.30 5.15 5.01 4.93 4.60 4.48 4.39 4.11 4.14 4.00 3.77 3.65 3.56 3.54 3.46 3.37 3.24 3.17 3.11
