maui/input/gr0_in_month_ascii/gr0_in_feb__maui.asc
ncols        356
nrows        236
xllcorner    -156.702000000000
yllcorner    20.529750000000
cellsize     0.002250000000
NODATA_value  -99.00
[rows 99 to 131 of 236, columns 150 to 224 of 356]
5.24 5.17 5.10 5.03 5.00 5.05 4.80 4.77 4.48 4.58 4.52 4.27 4.41 4.24 4.38 4.15 4.27 4.21 4.12 4.11 4.11 3.94 3.98 3.94 3.93 3.81 3.87 3.83 3.81 3.71 3.72 3.69 3.63 3.60 3.52 3.47 3.41 3.40 3.38 3.40 3.37 3.13 3.23 3.20 2.99 3.11 3.02 3.05 3.04 3.01 2.97 2.93 2.93 2.92 2.91 2.92 2.92 2.93 2.93 2.93 2.91 2.90 2.94 2.99 3.03 3.06 3.07 3.09 3.13 3.26 3.25 3.30 3.34 3.34 3.40
5.22 5.14 5.10 5.03 5.01 4.87 4.80 4.56 4.46 4.40 4.44 4.28 4.30 4.19 4.30 4.28 4.21 4.21 4.21 4.12 4.01 4.07 3.89 3.91 3.80 3.79 3.66 3.77 3.71 3.59 3.64 3.61 3.53 3.54 3.56 3.46 3.37 3.34 3.19 3.34 3.31 3.33 3.19 3.14 3.14 3.06 3.05 3.01 3.02 2.96 2.92 2.90 2.88 2.86 2.87 2.87 2.88 2.87 2.89 2.88 2.85 2.86 2.88 2.89 2.95 2.98 2.98 3.01 3.04 3.20 3.19 3.18 3.21 3.30 3.29
5.18 5.30 5.07 4.99 4.99 4.69 4.77 4.54 4.63 4.39 4.32 4.25 4.19 4.14 4.21 4.17 4.14 4.05 4.03 4.09 4.11 3.90 3.86 3.88 3.78 3.73 3.67 3.65 3.67 3.63 3.52 3.58 3.43 3.52 3.42 3.36 3.35 3.33 3.22 3.29 3.23 3.14 3.23 3.09 3.07 3.02 3.02 2.98 2.94 2.92 2.91 2.87 2.84 2.83 2.82 2.84 2.86 2.85 2.83 2.82 2.81 2.83 2.85 2.88 2.91 2.87 2.93 2.95 3.05 3.04 3.09 3.13 3.15 3.23 3.22
5.12 5.03 5.09 5.05 5.03 4.80 4.80 4.67 4.65 4.50 4.31 4.25 4.18 4.23 4.20 4.20 4.11 4.07 4.05 4.05 3.89 3.97 3.84 3.77 3.72 3.66 3.61 3.55 3.51 3.58 3.52 3.48 3.41 3.46 3.40 3.36 3.30 3.35 3.27 3.25 3.22 3.24 3.14 3.02 2.88 3.00 3.00 2.94 2.91 2.90 2.89 2.84 2.79 2.78 2.83 2.84 2.81 2.80 2.80 2.79 2.77 2.80 2.81 2.83 2.90 2.86 2.90 2.94 2.95 2.99 3.02 3.07 3.08 3.10 3.14
5.05 5.01 5.09 5.03 4.93 4.92 4.67 4.65 4.53 4.48 4.29 4.30 4.25 4.24 4.11 4.11 4.11 3.98 4.01 3.89 3.86 3.87 3.88 3.74 3.70 3.62 3.57 3.58 3.47 3.54 3.50 3.42 3.39 3.41 3.32 3.35 3.27 3.29 3.22 3.18 3.18 3.19 3.13 3.09 2.89 3.00 2.97 2.92 2.88 2.88 2.85 2.85 2.78 2.77 2.81 2.80 2.78 2.76 2.75 2.75 2.75 2.75 2.76 2.80 2.82 2.83 2.92 2.85 2.92 2.94 2.97 3.02 3.07 3.04 3.08
5.03 5.05 4.90 4.86 4.78 4.78 4.68 4.74 4.52 4.68 4.29 4.31 4.31 4.20 4.18 3.95 4.05 3.96 3.94 3.85 3.82 3.77 3.70 3.76 3.67 3.61 3.56 3.49 3.46 3.47 3.47 3.43 3.31 3.33 3.23 3.28 3.16 3.17 3.17 3.17 3.15 3.10 3.08 3.04 3.00 2.80 2.95 2.90 2.89 2.85 2.86 2.83 2.80 2.79 2.77 2.74 2.75 2.73 2.72 2.72 2.72 2.73 2.76 2.78 2.77 2.81 2.83 2.79 2.83 2.88 2.90 2.93 2.95 2.98 3.03
5.02 4.98 4.86 4.89 4.89 4.72 4.63 4.55 4.54 4.49 4.36 4.44 4.34 4.21 4.17 4.01 3.97 3.93 3.87 3.83 3.79 3.72 3.65 3.61 3.70 3.54 3.41 3.36 3.43 3.28 3.29 3.20 3.32 3.25 3.19 3.22 3.16 3.10 3.14 3.14 3.08 3.04 3.05 2.99 2.95 2.92 2.91 2.92 2.89 2.86 2.84 2.82 2.80 2.76 2.75 2.73 2.71 2.70 2.70 2.70 2.71 2.73 2.72 2.73 2.74 2.76 2.76 2.79 2.80 2.87 2.87 2.93 2.90 2.89 3.05
4.98 4.89 4.83 4.79 4.74 4.71 4.66 4.62 4.55 4.44 4.30 4.41 4.20 4.12 4.03 4.05 3.94 3.95 3.91 3.79 3.75 3.70 3.62 3.58 3.55 3.62 3.36 3.34 3.36 3.34 3.16 3.19 3.22 3.21 3.14 3.17 3.15 3.09 3.10 3.09 3.09 3.03 3.01 2.96 2.93 2.93 2.91 2.91 2.88 2.85 2.83 2.81 2.77 2.76 2.74 2.70 2.70 2.70 2.69 2.69 2.71 2.69 2.69 2.69 2.69 2.73 2.73 2.75 2.79 2.78 2.84 2.84 2.86 2.95 2.93
5.00 4.89 4.83 4.74 4.67 4.60 4.58 4.52 4.46 4.31 4.41 4.29 4.27 4.23 4.08 4.14 3.91 3.95 3.81 3.81 3.84 3.63 3.60 3.57 3.56 3.48 3.45 3.32 3.24 3.16 3.20 3.19 3.11 3.17 3.16 3.04 3.12 3.11 3.12 3.04 3.03 3.01 2.99 2.98 2.95 2.93 2.88 2.90 2.83 2.86 2.83 2.80 2.76 2.74 2.73 2.71 2.71 2.69 2.68 2.65 2.68 2.67 2.67 2.66 2.67 2.70 2.72 2.71 2.76 2.75 2.77 2.78 2.82 2.82 2.87
4.89 4.88 4.81 4.70 4.68 4.56 4.58 4.56 4.38 4.27 4.26 4.18 4.13 4.10 4.07 3.95 3.97 3.86 3.89 3.72 3.65 3.66 3.59 3.58 3.47 3.50 3.30 3.43 3.21 3.16 3.09 3.05 3.10 3.17 3.12 3.08 3.09 3.09 3.09 3.09 3.02 2.98 2.98 3.01 2.94 2.90 2.90 2.85 2.87 2.86 2.83 2.79 2.76 2.74 2.72 2.71 2.70 2.69 2.68 2.68 2.66 2.66 2.65 2.65 2.65 2.66 2.68 2.69 2.69 2.71 2.73 2.78 2.80 2.80 2.83
4.92 4.74 4.66 4.65 4.57 4.50 4.56 4.43 4.34 4.31 4.26 4.26 4.19 4.06 4.07 3.94 3.88 3.85 3.66 3.72 3.56 3.65 3.55 3.50 3.56 3.41 3.33 3.22 3.30 3.28 3.27 3.12 2.93 3.12 3.00 3.05 3.10 3.05 3.08 3.06 2.96 2.95 2.93 2.95 2.93 2.89 2.89 2.90 2.87 2.85 2.82 2.79 2.77 2.76 2.74 2.73 2.71 2.70 2.68 2.68 2.66 2.65 2.64 2.64 2.65 2.65 2.67 2.68 2.69 2.69 2.72 2.75 2.74 2.76 2.81
4.78 4.71 4.71 4.59 4.50 4.43 4.39 4.34 4.26 4.20 4.17 4.10 4.11 4.07 3.94 3.94 3.90 3.85 3.66 3.61 3.68 3.65 3.60 3.49 3.41 3.32 3.31 3.21 3.23 3.13 3.06 3.19 3.03 2.93 2.96 3.04 3.07 3.02 3.01 2.98 2.96 2.95 2.94 2.93 2.95 2.89 2.93 2.82 2.83 2.85 2.83 2.80 2.79 2.77 2.75 2.73 2.71 2.70 2.70 2.70 2.68 2.67 2.66 2.66 2.64 2.64 2.66 2.67 2.67 2.69 2.69 2.69 2.70 2.75 2.78
4.88 4.79 4.61 4.57 4.51 4.47 4.36 4.32 4.24 4.30 4.06 4.07 4.01 4.08 3.88 3.82 3.79 3.73 3.80 3.57 3.62 3.59 3.57 3.41 3.25 3.24 3.30 3.19 3.13 3.10 3.01 2.97 3.02 2.92 2.93 2.89 3.07 2.99 2.98 2.97 2.94 2.88 2.89 2.90 2.90 2.89 2.94 2.87 2.84 2.87 2.82 2.81 2.79 2.78 2.75 2.73 2.71 2.72 2.68 2.70 2.68 2.67 2.66 2.66 2.66 2.64 2.65 2.65 2.67 2.66 2.66 2.67 2.69 2.71 2.86
4.77 4.57 4.44 4.43 4.34 4.26 4.21 4.15 4.15 4.01 3.99 3.94 3.83 3.78 3.78 3.82 3.50 3.68 3.67 3.64 3.41 3.36 3.34 3.30 3.23 3.22 3.19 3.22 3.10 3.06 3.08 2.97 2.91 3.01 2.89 2.88 2.99 3.04 2.88 2.99 2.94 2.95 2.91 2.85 2.88 2.90 2.89 2.87 2.85 2.82 2.79 2.82 2.81 2.79 2.76 2.74 2.73 2.73 2.72 2.71 2.69 2.68 2.68 2.67 2.67 2.66 2.66 2.66 2.67 2.66 2.65 2.65 2.68 2.75 3.03
4.61 4.67 4.65 4.31 4.29 4.22 4.17 4.14 4.02 4.04 4.03 3.95 3.82 3.76 3.69 3.69 3.49 3.61 3.51 3.44 3.45 3.39 3.35 3.24 3.21 3.16 3.14 3.12 3.07 3.01 2.96 2.92 2.88 2.96 2.96 2.89 2.98 2.99 2.99 3.00 2.95 2.90 2.91 2.64 2.82 2.88 2.82 2.84 2.83 2.69 2.69 2.83 2.81 2.64 2.78 2.77 2.76 2.75 2.73 2.72 2.70 2.69 2.70 2.69 2.68 2.68 2.66 2.65 2.65 2.65 2.64 2.64 2.65 2.89 3.09
4.58 4.45 4.51 4.32 4.39 4.14 4.16 4.08 3.99 3.99 3.87 3.85 3.78 3.81 3.69 3.61 3.48 3.51 3.75 3.45 3.48 3.43 3.35 3.24 3.20 3.20 3.11 3.07 3.05 3.01 2.97 2.91 2.87 2.89 2.82 2.93 2.88 2.85 2.83 2.86 2.74 2.87 2.96 2.67 2.82 2.85 2.87 2.74 2.70 2.73 2.70 2.83 2.83 2.66 2.81 2.80 2.79 2.77 2.75 2.74 2.73 2.72 2.70 2.69 2.69 2.69 2.69 2.68 2.64 2.63 2.63 2.64 2.69 2.91 2.82
4.55 4.49 4.43 4.35 4.30 4.23 4.09 4.10 4.00 3.95 3.83 3.83 3.68 3.66 3.52 3.66 3.44 3.48 3.46 3.48 3.35 3.46 3.34 3.22 3.23 3.28 3.11 3.07 3.04 3.01 2.97 3.03 2.88 2.85 2.79 2.87 2.87 2.89 2.82 2.76 2.77 2.75 2.83 2.76 2.85 2.86 2.72 2.77 2.74 2.73 2.71 2.86 2.86 2.85 2.85 2.82 2.81 2.79 2.78 2.76 2.75 2.74 2.72 2.71 2.70 2.69 2.69 2.68 2.66 2.65 2.64 2.63 2.72 2.88 2.69
4.47 4.38 4.32 4.35 4.29 4.08 4.12 4.01 3.97 3.97 3.84 3.83 3.76 3.72 3.63 3.57 3.53 3.46 3.42 3.39 3.38 3.34 3.24 3.29 3.28 3.21 3.15 3.06 3.10 3.07 2.91 2.88 2.85 2.91 2.81 2.86 2.77 2.74 2.79 2.79 2.71 2.83 2.88 2.80 2.70 2.87 2.72 2.79 2.78 2.74 2.89 2.89 2.89 2.88 2.87 2.85 2.84 2.83 2.81 2.79 2.79 2.76 2.74 2.73 2.72 2.71 2.68 2.68 2.66 2.65 2.65 2.60 2.73 2.73 2.67
4.44 4.38 4.37 4.32 4.20 4.15 4.08 4.08 3.85 3.91 3.82 3.80 3.68 3.61 3.60 3.55 3.48 3.47 3.46 3.43 3.30 3.26 3.26 3.16 3.13 3.11 3.14 3.10 3.05 3.01 2.91 2.94 2.85 2.92 2.80 2.83 2.89 2.70 2.72 2.85 2.77 2.68 2.73 2.80 2.74 2.67 2.84 2.76 2.79 2.90 2.92 2.92 2.92 2.91 2.90 2.88 2.87 2.86 2.84 2.83 2.81 2.78 2.77 2.73 2.72 2.73 2.69 2.69 2.69 2.67 2.68 2.66 2.61 2.62 2.80
4.42 4.33 4.33 4.20 4.16 4.13 4.04 4.10 3.80 3.95 3.87 3.80 3.69 3.63 3.44 3.51 3.49 3.35 3.28 3.23 3.29 3.24 3.19 3.18 3.13 3.07 3.04 3.16 3.05 2.92 2.88 2.87 2.86 2.83 2.78 2.90 2.81 2.71 2.70 2.72 2.78 2.70 2.66 2.66 2.70 2.77 2.75 2.76 2.76 2.97 2.90 2.95 2.96 2.94 2.93 2.92 2.91 2.90 2.89 2.87 2.84 2.82 2.80 2.77 2.75 2.74 2.71 2.72 2.71 2.70 2.69 2.64 2.66 2.73 2.75
4.54 4.39 4.21 4.18 4.15 4.05 3.99 3.92 3.87 3.96 3.90 3.70 3.64 3.62 3.56 3.49 3.47 3.35 3.44 3.25 3.32 3.19 3.17 3.14 3.10 3.08 3.02 2.96 2.91 2.89 2.86 2.85 2.84 2.81 2.92 2.76 2.74 2.76 2.71 2.70 2.72 2.70 2.77 2.71 2.69 2.71 2.76 2.70 2.74 2.85 3.01 3.01 2.96 2.99 2.98 2.97 2.97 2.94 2.93 2.91 2.89 2.88 2.85 2.81 2.79 2.78 2.74 2.75 2.73 2.72 2.71 2.69 2.68 2.63 2.78
4.54 4.41 4.29 4.17 4.13 4.06 3.98 3.99 3.88 3.82 3.83 3.85 3.62 3.59 3.54 3.48 3.33 3.33 3.27 3.25 3.31 3.19 3.16 3.13 3.09 3.05 3.00 2.97 2.92 2.94 2.86 2.94 2.82 2.77 2.74 2.73 2.74 2.74 2.70 2.71 2.78 2.74 2.79 2.80 2.70 2.73 2.81 2.72 2.79 2.79 2.80 2.99 3.05 3.00 3.03 3.02 3.01 2.99 2.98 2.96 2.94 2.92 2.89 2.84 2.82 2.79 2.75 2.77 2.76 2.68 2.73 2.72 2.70 2.68 2.61
4.54 4.45 4.29 4.18 4.10 4.04 3.98 4.01 3.94 3.91 3.79 3.67 3.62 3.58 3.52 3.48 3.33 3.33 3.29 3.23 3.31 3.20 3.13 3.11 3.07 3.02 2.96 2.93 2.92 2.87 2.92 2.84 2.90 2.88 2.79 2.75 2.72 2.70 2.78 2.70 2.70 2.70 2.71 2.71 2.76 2.74 2.73 2.75 2.76 2.78 2.83 2.87 3.08 3.04 3.01 3.06 3.06 3.03 3.05 3.01 2.99 2.97 2.95 2.90 2.89 2.83 2.83 2.78 2.79 2.77 2.76 2.72 2.70 2.64 2.73
4.46 4.41 4.38 4.33 4.12 4.18 4.06 4.03 3.95 3.90 3.86 3.70 3.65 3.62 3.55 3.45 3.42 3.28 3.51 3.22 3.42 3.06 3.13 3.10 3.06 3.01 2.86 2.91 2.89 2.86 2.82 2.81 2.79 2.77 2.77 2.76 2.74 2.70 2.70 2.73 2.71 2.71 2.71 2.71 2.72 2.78 2.80 2.82 2.78 2.80 2.86 2.84 3.02 3.08 3.07 3.10 3.10 3.08 2.95 3.08 3.04 3.02 2.99 2.97 2.91 2.87 2.86 2.82 2.82 2.80 2.79 2.76 2.74 2.76 2.67
4.48 4.42 4.37 4.32 4.27 4.21 4.18 4.02 3.93 3.70 3.74 3.58 3.65 3.61 3.56 3.50 3.45 3.38 3.25 3.25 3.41 3.10 3.05 3.06 3.12 3.00 3.13 2.93 2.98 2.85 2.91 2.82 2.78 2.77 2.84 2.83 2.72 2.72 2.71 2.81 2.83 2.71 2.72 2.73 2.75 2.77 2.78 2.79 2.82 2.82 2.86 2.95 2.92 3.08 3.13 3.12 3.13 3.12 3.01 3.13 3.11 3.07 3.04 3.02 2.98 2.97 2.91 2.90 2.86 2.84 2.81 2.78 2.77 2.77 2.70
4.46 4.41 4.23 4.32 4.17 4.19 4.05 4.07 4.03 3.86 3.76 3.63 3.57 3.50 3.55 3.54 3.40 3.27 3.28 3.16 3.42 3.31 3.03 2.96 2.92 3.03 2.86 3.03 2.93 2.86 2.88 2.85 2.77 2.78 2.74 2.74 2.74 2.73 2.78 2.72 2.78 2.72 2.80 2.76 2.77 2.79 2.81 2.81 2.86 2.87 2.90 2.94 2.98 3.12 3.18 3.19 3.18 3.15 3.17 3.20 3.16 3.14 3.11 3.09 3.04 3.02 2.99 2.93 2.90 2.87 2.73 2.71 2.79 2.77 2.76
4.38 4.31 4.27 4.24 4.27 4.19 4.11 3.96 4.02 3.95 3.78 3.72 3.64 3.60 3.42 3.49 3.39 3.39 3.15 3.11 3.29 3.33 3.24 3.00 3.17 3.03 2.86 2.83 2.82 2.82 2.81 2.85 2.77 2.78 2.75 2.80 2.81 2.72 2.72 2.76 2.77 2.73 2.75 2.77 2.79 2.81 2.83 2.85 2.90 2.92 2.92 2.97 3.04 3.23 3.24 3.25 3.22 3.20 3.22 3.21 3.22 3.20 3.19 3.12 3.11 3.08 3.05 2.99 2.82 2.71 2.79 2.77 2.81 2.79 2.77
4.34 4.37 4.26 4.21 4.24 4.08 4.07 4.02 3.80 3.95 3.80 3.64 3.51 3.54 3.58 3.47 3.36 3.26 3.30 3.24 3.19 3.14 3.08 2.97 2.95 3.15 2.85 2.84 2.81 2.77 2.80 2.80 2.77 2.73 2.83 2.76 2.74 2.78 2.72 2.74 2.79 2.81 2.77 2.78 2.79 2.82 2.85 2.89 2.91 2.93 2.99 3.00 3.04 3.29 3.30 3.28 3.26 3.27 3.27 3.26 3.25 3.22 3.24 3.20 3.16 3.14 3.10 3.06 2.84 2.76 2.84 2.79 2.83 2.81 2.79
4.37 4.35 4.30 4.17 4.20 4.06 3.98 4.00 3.95 3.71 3.76 3.70 3.64 3.64 3.53 3.39 3.28 3.24 3.31 3.30 3.27 3.23 3.14 3.03 2.92 3.05 2.84 3.06 3.01 2.98 2.84 2.77 2.76 2.76 2.83 2.76 2.72 2.72 2.72 2.73 2.84 2.78 2.78 2.80 2.81 2.84 2.88 2.91 2.96 2.98 2.99 3.03 3.10 3.39 3.34 3.20 3.33 3.32 3.32 3.31 3.30 3.28 3.25 3.26 3.22 3.20 3.15 3.12 3.02 2.90 2.77 2.73 2.87 2.84 2.83
4.26 4.14 4.07 4.14 4.09 4.04 3.94 3.97 3.93 3.78 3.81 3.63 3.62 3.47 3.41 3.43 3.27 3.45 3.33 3.39 3.22 3.25 2.93 3.01 2.96 2.92 3.10 2.99 2.92 2.96 2.94 2.88 2.79 2.85 2.84 2.73 2.72 2.72 2.73 2.74 2.77 2.80 2.85 2.81 2.84 2.91 2.91 2.94 2.97 3.10 3.04 3.21 3.20 3.42 3.37 3.37 3.38 3.36 3.36 3.37 3.35 3.34 3.31 3.33 3.30 3.26 3.23 3.19 3.14 3.05 3.01 2.90 2.91 2.88 2.86
4.32 4.18 4.15 4.08 4.07 3.89 4.01 3.95 3.87 3.73 3.61 3.60 3.49 3.43 3.27 3.29 3.24 3.18 3.13 3.12 3.35 3.00 2.97 3.09 2.83 3.08 3.09 3.07 2.81 2.96 2.76 2.84 2.78 2.88 2.76 2.73 2.73 2.73 2.75 2.78 2.79 2.79 2.80 2.84 2.93 2.90 2.95 3.01 3.01 3.07 3.14 3.18 3.18 3.42 3.36 3.42 3.42 3.42 3.43 3.45 3.43 3.40 3.40 3.39 3.37 3.37 3.10 3.01 3.01 2.97 3.01 3.01 2.97 2.94 2.92
4.23 4.16 4.20 4.14 3.98 3.93 3.99 3.89 3.75 3.70 3.59 3.60 3.46 3.40 3.23 3.24 3.20 3.39 3.32 3.07 3.14 3.04 2.96 3.00 2.87 2.85 3.05 3.06 3.03 2.99 2.72 2.89 2.86 2.79 2.73 2.72 2.80 2.76 2.76 2.87 2.84 2.85 2.83 2.93 3.05 3.00 2.97 3.01 3.10 3.13 3.16 3.20 3.42 3.43 3.42 3.45 3.39 3.42 3.49 3.50 3.49 3.46 3.44 3.41 3.45 3.22 2.92 2.95 3.06 3.03 2.99 3.04 3.02 2.89 2.99
4.32 4.15 4.09 4.03 3.95 3.88 3.82 3.79 3.83 3.78 3.63 3.68 3.52 3.55 3.19 3.28 3.18 3.35 3.25 3.13 3.06 3.19 3.12 3.15 3.09 3.09 3.07 2.80 2.90 2.99 2.83 2.80 2.85 2.84 2.74 2.83 2.78 2.76 2.77 2.80 2.86 2.82 2.90 2.93 2.92 3.00 2.98 3.09 3.12 3.16 3.19 3.23 3.28 3.48 3.41 3.49 3.55 3.52 3.55 3.52 3.53 3.51 3.48 3.49 3.27 2.84 3.00 3.06 3.10 3.05 3.04 3.02 2.91 2.96 3.07
