maui/input/gr0_in_month_ascii/gr0_in_jul__maui.asc
ncols        356
nrows        236
xllcorner    -156.702000000000
yllcorner    20.529750000000
cellsize     0.002250000000
NODATA_value  -99.00
[rows 165 to 197 of 236, columns 225 to 299 of 356]
3.91 3.90 3.84 3.79 3.77 3.81 3.53 3.74 3.57 3.69 3.72 3.48 3.77 3.66 3.55 3.76 3.72 3.70 3.53 3.57 3.49 3.65 3.52 3.78 3.79 3.64 3.50 3.92 3.78 3.85 3.84 3.79 3.70 3.46 3.39 3.35 3.47 3.49 3.44 3.40 3.37 3.33 3.29 3.19 3.15 3.17 3.41 3.57 3.77 3.81 3.75 3.65 3.68 4.34 4.27 4.34 4.20 3.46 3.21 3.40 3.53 3.47 3.77 3.94 4.23 4.33 4.25 4.72 4.99 5.32 6.08 6.04 6.65 6.51 6.83
3.75 3.73 3.67 3.69 3.71 3.65 3.63 3.77 3.43 3.67 3.60 3.46 3.55 3.63 3.50 3.55 3.58 3.59 3.54 3.40 3.49 3.54 3.70 3.65 3.80 3.74 3.45 3.67 3.70 3.67 3.74 3.73 3.71 3.50 3.51 3.40 3.31 3.46 3.43 3.44 3.38 3.35 3.37 3.29 3.23 3.20 3.21 3.40 3.90 3.90 3.78 3.78 3.79 4.27 4.41 4.45 4.59 4.01 3.48 3.65 3.78 3.83 3.92 4.01 4.36 4.46 4.87 4.96 5.33 5.58 5.97 6.47 7.01 7.80 7.20
3.62 3.55 3.73 3.78 3.62 3.72 3.46 3.61 3.38 3.51 3.54 3.44 3.61 3.47 3.45 3.41 3.54 3.47 3.49 3.34 3.49 3.55 3.72 3.67 3.68 3.91 3.65 3.64 3.80 3.81 3.68 3.65 3.51 3.83 3.56 3.83 3.55 3.49 3.47 3.52 3.55 3.53 3.47 3.44 3.37 3.29 3.28 3.34 3.85 3.96 3.87 3.90 3.94 3.93 4.62 4.52 4.69 4.60 3.76 3.95 4.28 4.22 4.18 4.35 4.56 4.94 5.14 5.21 5.53 5.91 6.34 6.69 7.04 7.77 7.99
3.52 3.46 3.45 3.50 3.40 3.48 3.40 3.37 3.63 3.59 3.34 3.36 3.40 3.36 3.37 3.36 3.50 3.48 3.43 3.51 3.43 3.50 3.63 3.72 3.65 3.78 3.65 3.52 3.64 3.64 3.59 3.80 3.68 3.90 4.23 3.56 3.54 3.59 3.57 3.57 3.64 3.68 3.66 3.58 3.48 3.42 3.43 3.35 3.44 3.90 4.37 3.86 4.05 4.07 4.29 4.62 4.82 4.94 4.25 4.11 4.38 4.64 4.33 4.45 4.73 5.37 5.57 5.76 5.89 6.34 6.76 7.06 7.31 7.90 8.87
3.50 3.60 3.53 3.50 3.22 3.48 3.55 3.48 3.43 3.48 3.33 3.28 3.51 3.44 3.38 3.34 3.45 3.34 3.47 3.46 3.41 3.43 3.53 3.82 3.70 3.70 3.65 3.66 3.61 3.61 3.69 3.80 3.89 4.17 4.20 3.47 3.61 3.52 3.61 3.58 3.47 3.63 3.84 3.89 3.76 3.63 3.56 3.53 3.52 3.65 4.24 4.24 3.99 4.15 4.34 5.16 5.05 5.01 5.00 4.43 4.99 4.86 4.64 4.66 4.99 5.45 6.04 6.23 6.47 6.83 6.90 7.42 7.99 8.15 8.90
3.51 3.69 3.69 3.58 3.38 3.60 3.63 3.58 3.46 3.56 3.56 3.85 3.69 3.49 3.50 3.52 3.48 3.49 3.37 3.52 3.68 3.62 3.49 3.76 3.69 3.83 3.78 3.78 3.66 3.61 3.70 3.64 3.99 4.48 4.02 3.49 3.60 3.60 3.64 3.61 3.59 3.67 3.84 3.86 3.86 3.82 3.79 3.78 3.65 3.83 4.06 5.60 4.27 4.16 4.36 4.72 5.28 5.41 5.35 5.05 5.20 6.00 6.10 5.15 5.33 5.81 6.18 6.45 6.88 7.10 7.72 7.82 8.16 8.14 8.34
3.52 3.73 3.86 3.59 3.81 3.60 3.66 3.64 3.85 3.87 4.16 3.90 3.75 3.57 3.75 3.67 3.61 3.55 3.49 3.64 3.82 3.90 3.87 3.89 3.89 3.70 3.81 3.99 3.71 3.59 3.73 3.71 4.31 4.70 3.91 3.69 3.65 3.72 3.74 3.75 3.87 3.75 3.92 4.07 4.02 3.99 3.84 3.86 3.97 4.04 4.31 4.77 5.50 4.47 4.15 4.44 5.21 5.51 5.59 5.48 5.50 6.50 6.42 5.67 5.76 6.09 6.37 7.04 7.51 7.72 7.92 8.81 8.06 8.23 -9999.00
3.60 4.00 3.84 3.75 3.96 3.80 3.67 3.80 4.11 4.16 4.05 3.94 3.69 3.70 3.88 3.77 3.88 3.76 3.68 3.83 3.86 4.05 3.96 3.94 3.91 3.73 3.78 3.84 4.02 4.06 3.89 3.79 4.51 4.55 4.00 3.78 3.69 3.78 3.88 3.92 3.92 3.96 3.98 4.16 4.21 4.23 4.02 4.28 4.22 4.28 4.29 4.70 5.43 5.38 4.67 4.74 5.00 5.74 5.75 5.77 5.84 6.79 6.80 6.24 6.28 6.53 7.07 7.17 7.96 8.14 8.51 8.13 8.17 -9999.00 -9999.00
3.81 4.26 4.08 4.08 4.29 4.14 3.94 4.08 4.24 4.42 4.31 4.22 3.84 3.95 3.99 3.99 3.89 4.07 4.06 4.08 4.10 4.12 3.94 3.88 3.82 3.83 4.07 4.02 4.09 4.60 4.03 4.61 5.29 3.89 3.96 3.96 3.81 3.86 3.92 4.09 4.14 4.26 4.17 4.13 4.56 4.29 4.46 4.52 4.55 4.62 4.66 4.85 5.22 6.09 5.26 5.07 5.34 5.50 5.91 6.05 6.55 6.74 7.31 7.41 6.70 7.04 7.37 7.80 8.16 9.31 8.32 8.30 -9999.00 -9999.00 -9999.00
4.24 4.34 4.47 4.29 3.98 4.18 4.25 4.15 4.30 5.05 4.85 4.64 4.37 4.03 4.19 4.11 4.19 4.23 4.34 4.18 3.75 4.21 3.99 3.99 3.95 4.05 4.18 4.19 4.29 4.54 4.30 5.15 5.08 4.31 4.08 4.12 4.05 4.09 4.09 4.26 4.32 4.50 4.45 4.53 4.64 4.93 4.78 4.89 4.95 5.06 5.04 5.12 5.53 5.52 6.03 5.43 5.72 5.81 5.93 6.24 6.35 6.70 6.97 7.71 7.74 7.86 7.86 8.32 8.93 8.47 8.52 -9999.00 -9999.00 -9999.00 -9999.00
4.49 4.74 4.50 4.46 4.56 4.46 4.63 4.49 4.66 5.07 4.97 4.91 4.51 4.47 4.32 4.42 4.50 4.63 4.52 4.16 4.26 4.31 4.08 4.11 4.20 4.27 4.25 4.29 4.51 4.67 4.73 5.18 5.43 4.52 4.36 4.37 4.32 4.31 4.33 4.40 4.49 4.59 4.63 4.79 4.76 5.44 5.08 5.14 5.27 5.24 5.57 5.44 5.69 6.07 6.03 6.21 6.26 6.16 6.40 6.59 6.64 6.85 7.23 7.79 8.12 8.26 8.52 8.84 9.16 8.72 -9999.00 -9999.00 -9999.00 -9999.00 -9999.00
4.83 5.40 4.79 4.80 5.01 4.78 4.85 4.80 4.79 5.06 5.63 5.05 4.92 4.75 4.72 4.85 5.22 4.85 4.83 4.71 4.49 4.38 4.35 4.41 4.52 4.58 4.54 4.71 5.06 4.72 5.40 5.52 5.38 5.00 4.44 4.60 4.54 4.54 4.57 4.62 4.66 4.82 5.06 5.34 5.03 5.18 5.57 5.43 5.69 5.74 5.79 6.04 5.85 7.04 6.21 6.65 7.06 6.54 6.98 7.00 7.19 7.30 7.55 7.91 8.32 8.47 8.80 9.25 9.27 8.97 -9999.00 -9999.00 -9999.00 -9999.00 -9999.00
5.05 5.75 5.03 5.11 5.22 5.38 5.25 5.18 5.03 5.46 6.02 5.46 5.42 5.32 5.03 5.19 5.33 5.40 4.97 4.88 4.84 4.71 4.73 4.74 4.77 4.83 4.87 5.02 5.18 5.44 5.61 6.03 5.81 5.07 4.82 4.81 4.77 4.77 4.81 4.94 4.93 5.01 5.36 5.36 5.46 5.34 6.13 6.11 6.30 6.69 6.19 6.64 6.69 7.15 6.78 7.01 7.13 7.35 7.26 7.38 7.57 7.74 7.86 8.35 8.58 8.69 9.06 9.46 9.12 9.17 -9999.00 -9999.00 -9999.00 -9999.00 -9999.00
5.29 5.29 6.17 5.70 5.42 5.61 5.58 5.56 5.25 5.49 5.75 5.73 5.54 5.64 5.41 5.61 5.58 5.66 5.41 5.21 5.00 5.03 5.03 5.08 5.14 5.17 5.32 5.45 5.97 5.93 6.08 6.79 5.34 5.35 5.23 5.15 5.17 5.16 5.19 5.18 5.34 5.27 5.56 5.63 6.01 5.75 6.10 6.09 6.90 6.58 7.09 7.55 6.95 7.35 8.10 7.37 7.62 7.72 7.83 8.14 8.00 8.18 8.29 8.47 8.84 9.31 9.56 9.70 9.26 -9999.00 -9999.00 -9999.00 -9999.00 -9999.00 -9999.00
5.55 5.55 5.76 5.80 6.02 5.84 5.97 5.94 5.79 5.80 5.95 5.93 5.86 5.96 5.85 5.87 6.11 5.89 5.80 5.47 5.48 5.48 5.41 5.50 5.59 5.69 5.73 5.85 6.53 6.55 6.60 6.08 7.02 5.64 5.63 5.50 5.50 5.51 5.58 5.55 5.52 5.62 5.68 6.06 6.02 6.74 6.23 7.06 6.47 8.47 7.20 7.32 8.30 7.73 8.47 7.90 8.10 8.10 8.44 8.44 8.43 8.50 8.68 8.88 9.16 9.53 9.21 9.36 9.35 -9999.00 -9999.00 -9999.00 -9999.00 -9999.00 -9999.00
5.76 5.78 5.93 6.26 6.22 6.54 6.41 6.22 6.16 6.29 6.20 6.34 6.21 6.13 6.37 6.31 6.03 6.14 5.95 5.89 5.81 5.80 5.83 5.88 5.95 6.04 6.14 6.18 6.61 6.83 6.75 6.45 6.94 6.29 6.10 6.07 5.99 5.86 5.94 5.95 5.84 6.00 6.01 6.29 6.23 6.81 6.72 6.84 7.47 7.27 9.12 8.55 8.74 8.76 8.79 8.45 8.46 8.37 8.49 8.72 8.83 8.74 8.90 9.20 9.48 9.64 9.56 9.48 -9999.00 -9999.00 -9999.00 -9999.00 -9999.00 -9999.00 -9999.00
6.03 6.02 6.24 6.42 6.79 6.86 6.89 6.71 6.65 6.82 6.72 6.90 6.66 6.81 6.73 6.62 6.54 6.37 6.28 6.22 6.20 6.19 6.17 6.17 6.25 6.44 6.53 6.59 6.94 6.93 6.90 7.96 6.67 6.80 6.49 6.50 6.42 6.36 6.41 6.42 6.31 6.38 6.73 6.49 6.80 6.89 8.73 7.25 7.74 7.80 9.06 8.46 8.54 9.25 9.19 9.04 8.98 9.01 8.90 8.96 9.18 9.21 9.34 9.59 9.65 9.76 9.47 9.48 -9999.00 -9999.00 -9999.00 -9999.00 -9999.00 -9999.00 -9999.00
6.23 6.30 6.46 6.64 6.82 7.34 7.28 7.34 7.14 6.98 7.18 7.24 7.33 7.15 7.26 6.74 6.66 6.76 6.58 6.55 6.47 6.47 6.38 6.49 6.55 6.81 6.84 6.88 7.10 7.25 6.93 7.80 7.05 7.12 6.91 7.01 7.09 6.96 6.96 7.01 6.92 6.89 7.70 7.16 6.91 7.39 7.62 8.64 8.42 8.49 8.87 8.58 8.85 8.85 9.17 9.46 9.39 9.36 9.42 9.38 9.55 9.57 10.14 9.44 9.51 9.52 9.55 -9999.00 -9999.00 -9999.00 -9999.00 -9999.00 -9999.00 -9999.00 -9999.00
6.58 6.68 6.74 6.95 7.55 7.85 7.83 7.50 7.51 7.42 7.48 7.31 7.33 7.45 7.18 7.37 7.25 6.95 6.86 6.86 6.81 6.74 6.72 6.81 6.88 7.03 7.03 7.24 7.25 7.57 7.43 7.45 7.93 7.59 7.44 7.68 7.65 7.54 7.63 7.73 7.59 7.53 7.91 8.59 7.91 7.82 8.07 8.46 9.67 8.50 8.58 8.65 -9999.00 8.91 9.11 9.21 9.67 9.60 9.28 9.28 9.35 9.41 9.49 9.55 -9999.00 -9999.00 -9999.00 -9999.00 -9999.00 -9999.00 -9999.00 -9999.00 -9999.00 -9999.00 -9999.00
6.95 7.06 7.12 7.27 7.35 7.59 8.51 7.74 7.73 7.73 7.48 7.53 7.42 7.54 7.48 7.75 7.66 7.48 7.08 7.18 7.19 7.25 7.16 7.11 7.13 7.22 7.44 7.45 7.51 7.64 7.81 7.98 8.68 8.11 8.28 8.19 8.25 8.10 8.45 8.37 8.17 8.12 8.87 9.23 8.45 8.47 8.75 9.05 8.59 8.71 -9999.00 -9999.00 -9999.00 -9999.00 -9999.00 9.27 9.36 9.39 9.42 -9999.00 -9999.00 -9999.00 -9999.00 -9999.00 -9999.00 -9999.00 -9999.00 -9999.00 -9999.00 -9999.00 -9999.00 -9999.00 -9999.00 -9999.00 -9999.00
7.28 7.45 7.53 7.84 7.86 7.94 8.06 8.10 8.10 8.10 8.22 7.69 7.84 7.93 7.61 7.90 7.90 7.91 7.53 7.49 7.38 7.53 7.59 7.49 7.46 7.51 7.65 7.78 7.99 8.08 8.15 8.31 9.00 8.48 9.07 8.99 8.89 8.85 9.02 9.11 8.73 8.70 9.55 9.09 8.97 9.17 8.61 8.66 8.70 -9999.00 -9999.00 -9999.00 -9999.00 -9999.00 -9999.00 -9999.00 -9999.00 -9999.00 -9999.00 -9999.00 -9999.00 -9999.00 -9999.00 -9999.00 -9999.00 -9999.00 -9999.00 -9999.00 -9999.00 -9999.00 -9999.00 -9999.00 -9999.00 -9999.00 -9999.00
7.73 7.80 7.95 8.16 8.29 8.34 8.33 8.41 8.60 8.05 7.90 8.19 8.01 8.06 8.08 8.07 8.05 8.23 7.89 7.70 7.74 7.83 7.80 7.75 7.86 7.75 7.99 8.15 8.27 8.32 8.42 8.68 8.82 9.51 9.47 9.55 9.47 9.58 9.98 9.74 9.36 8.92 8.85 8.87 8.91 8.85 8.77 -9999.00 -9999.00 -9999.00 -9999.00 -9999.00 -9999.00 -9999.00 -9999.00 -9999.00 -9999.00 -9999.00 -9999.00 -9999.00 -9999.00 -9999.00 -9999.00 -9999.00 -9999.00 -9999.00 -9999.00 -9999.00 -9999.00 -9999.00 -9999.00 -9999.00 -9999.00 -9999.00 -9999.00
8.36 8.21 8.38 8.45 8.84 8.74 8.84 8.57 8.89 8.46 8.42 8.28 8.40 8.42 8.38 8.28 8.39 8.46 8.15 7.99 8.16 8.04 8.08 8.16 8.16 8.07 8.27 8.44 8.56 8.56 8.59 8.82 9.06 9.41 9.72 9.63 10.06 10.10 9.47 9.30 9.23 9.12 -9999.00 -9999.00 -9999.00 8.88 -9999.00 -9999.00 -9999.00 -9999.00 -9999.00 -9999.00 -9999.00 -9999.00 -9999.00 -9999.00 -9999.00 -9999.00 -9999.00 -9999.00 -9999.00 -9999.00 -9999.00 -9999.00 -9999.00 -9999.00 -9999.00 -9999.00 -9999.00 -9999.00 -9999.00 -9999.00 -9999.00 -9999.00 -9999.00
8.66 8.81 8.86 9.00 9.09 9.20 9.22 8.99 8.67 8.85 8.85 8.80 8.65 8.59 8.55 8.56 8.77 8.72 8.34 8.59 8.38 8.30 8.33 8.43 8.48 8.49 8.56 8.68 8.68 8.82 8.91 9.07 9.28 9.62 9.88 10.08 10.19 9.80 9.69 -9999.00 -9999.00 -9999.00 -9999.00 -9999.00 -9999.00 -9999.00 -9999.00 -9999.00 -9999.00 -9999.00 -9999.00 -9999.00 -9999.00 -9999.00 -9999.00 -9999.00 -9999.00 -9999.00 -9999.00 -9999.00 -9999.00 -9999.00 -9999.00 -9999.00 -9999.00 -9999.00 -9999.00 -9999.00 -9999.00 -9999.00 -9999.00 -9999.00 -9999.00 -9999.00 -9999.00
9.18 9.29 9.39 9.31 9.78 9.64 9.63 9.24 9.84 9.42 9.14 9.27 9.12 8.79 8.67 8.85 8.88 9.12 8.95 8.82 8.67 8.52 8.61 8.68 8.68 8.78 8.86 8.99 9.10 9.13 9.11 9.31 9.52 9.80 10.08 10.21 9.92 9.86 -9999.00 -9999.00 -9999.00 -9999.00 -9999.00 -9999.00 -9999.00 -9999.00 -9999.00 -9999.00 -9999.00 -9999.00 -9999.00 -9999.00 -9999.00 -9999.00 -9999.00 -9999.00 -9999.00 -9999.00 -9999.00 -9999.00 -9999.00 -9999.00 -9999.00 -9999.00 -9999.00 -9999.00 -9999.00 -9999.00 -9999.00 -9999.00 -9999.00 -9999.00 -9999.00 -9999.00 -9999.00
9.63 9.76 9.82 9.78 10.03 10.02 9.82 10.35 9.84 9.84 9.50 9.54 9.27 9.16 8.83 8.59 9.03 9.47 9.20 9.11 8.98 8.80 8.91 8.94 9.05 9.05 9.09 9.16 9.32 9.46 9.76 9.55 9.72 9.94 10.03 9.95 9.97 -9999.00 -9999.00 -9999.00 -9999.00 -9999.00 -9999.00 -9999.00 -9999.00 -9999.00 -9999.00 -9999.00 -9999.00 -9999.00 -9999.00 -9999.00 -9999.00 -9999.00 -9999.00 -9999.00 -9999.00 -9999.00 -9999.00 -9999.00 -9999.00 -9999.00 -9999.00 -9999.00 -9999.00 -9999.00 -9999.00 -9999.00 -9999.00 -9999.00 -9999.00 -9999.00 -9999.00 -9999.00 -9999.00
10.13 10.02 10.18 10.32 10.40 10.16 10.05 10.29 10.22 9.72 10.13 9.66 9.36 9.24 8.87 9.00 9.34 9.81 9.31 9.29 9.21 9.40 9.05 9.20 9.31 9.39 9.39 9.47 9.73 9.88 9.96 9.75 9.75 9.80 9.89 9.95 -9999.00 -9999.00 -9999.00 -9999.00 -9999.00 -9999.00 -9999.00 -9999.00 -9999.00 -9999.00 -9999.00 -9999.00 -9999.00 -9999.00 -9999.00 -9999.00 -9999.00 -9999.00 -9999.00 -9999.00 -9999.00 -9999.00 -9999.00 -9999.00 -9999.00 -9999.00 -9999.00 -9999.00 -9999.00 -9999.00 -9999.00 -9999.00 -9999.00 -9999.00 -9999.00 -9999.00 -9999.00 -9999.00 -9999.00
9.87 9.93 10.05 10.12 10.73 10.55 10.47 10.60 10.60 10.40 10.60 9.73 9.46 9.47 9.51 9.85 9.77 10.13 9.55 9.54 9.59 9.71 9.42 9.46 9.60 9.70 9.68 9.76 9.95 10.52 10.23 9.89 -9999.00 -9999.00 -9999.00 -9999.00 -9999.00 -9999.00 -9999.00 -9999.00 -9999.00 -9999.00 -9999.00 -9999.00 -9999.00 -9999.00 -9999.00 -9999.00 -9999.00 -9999.00 -9999.00 -9999.00 -9999.00 -9999.00 -9999.00 -9999.00 -9999.00 -9999.00 -9999.00 -9999.00 -9999.00 -9999.00 -9999.00 -9999.00 -9999.00 -9999.00 -9999.00 -9999.00 -9999.00 -9999.00 -9999.00 -9999.00 -9999.00 -9999.00 -9999.00
-9999.00 -9999.00 -9999.00 10.25 10.30 10.35 10.44 10.44 11.02 10.99 10.96 11.00 9.93 10.17 10.38 10.33 10.24 9.68 9.62 9.57 9.51 9.51 10.31 9.88 9.78 9.91 10.05 10.06 10.18 10.30 10.01 10.01 -9999.00 -9999.00 -9999.00 -9999.00 -9999.00 -9999.00 -9999.00 -9999.00 -9999.00 -9999.00 -9999.00 -9999.00 -9999.00 -9999.00 -9999.00 -9999.00 -9999.00 -9999.00 -9999.00 -9999.00 -9999.00 -9999.00 -9999.00 -9999.00 -9999.00 -9999.00 -9999.00 -9999.00 -9999.00 -9999.00 -9999.00 -9999.00 -9999.00 -9999.00 -9999.00 -9999.00 -9999.00 -9999.00 -9999.00 -9999.00 -9999.00 -9999.00 -9999.00
-9999.00 -9999.00 -9999.00 -9999.00 -9999.00 -9999.00 -9999.00 10.61 10.67 10.77 10.74 10.91 10.88 10.89 10.75 10.10 9.99 9.86 -9999.00 -9999.00 -9999.00 9.65 9.81 9.95 10.18 10.12 10.30 10.20 10.18 10.11 10.14 -9999.00 -9999.00 -9999.00 -9999.00 -9999.00 -9999.00 -9999.00 -9999.00 -9999.00 -9999.00 -9999.00 -9999.00 -9999.00 -9999.00 -9999.00 -9999.00 -9999.00 -9999.00 -9999.00 -9999.00 -9999.00 -9999.00 -9999.00 -9999.00 -9999.00 -9999.00 -9999.00 -9999.00 -9999.00 -9999.00 -9999.00 -9999.00 -9999.00 -9999.00 -9999.00 -9999.00 -9999.00 -9999.00 -9999.00 -9999.00 -9999.00 -9999.00 -9999.00 -9999.00
-9999.00 -9999.00 -9999.00 -9999.00 -9999.00 -9999.00 -9999.00 -9999.00 10.74 10.81 10.79 10.74 10.68 10.56 10.41 10.28 -9999.00 -9999.00 -9999.00 -9999.00 -9999.00 -9999.00 -9999.00 10.11 10.98 11.25 11.08 10.31 -9999.00 -9999.00 -9999.00 -9999.00 -9999.00 -9999.00 -9999.00 -9999.00 -9999.00 -9999.00 -9999.00 -9999.00 -9999.00 -9999.00 -9999.00 -9999.00 -9999.00 -9999.00 -9999.00 -9999.00 -9999.00 -9999.00 -9999.00 -9999.00 -9999.00 -9999.00 -9999.00 -9999.00 -9999.00 -9999.00 -9999.00 -9999.00 -9999.00 -9999.00 -9999.00 -9999.00 -9999.00 -9999.00 -9999.00 -9999.00 -9999.00 -9999.00 -9999.00 -9999.00 -9999.00 -9999.00 -9999.00
-9999.00 -9999.00 -9999.00 -9999.00 -9999.00 -9999.00 -9999.00 -9999.00 -9999.00 -9999.00 10.77 -9999.00 -9999.00 -9999.00 10.51 -9999.00 -9999.00 -9999.00 -9999.00 -9999.00 -9999.00 -9999.00 -9999.00 10.26 10.40 10.43 10.49 10.45 -9999.00 -9999.00 -9999.00 -9999.00 -9999.00 -9999.00 -9999.00 -9999.00 -9999.00 -9999.00 -9999.00 -9999.00 -9999.00 -9999.00 -9999.00 -9999.00 -9999.00 -9999.00 -9999.00 -9999.00 -9999.00 -9999.00 -9999.00 -9999.00 -9999.00 -9999.00 -9999.00 -9999.00 -9999.00 -9999.00 -9999.00 -9999.00 -9999.00 -9999.00 -9999.00 -9999.00 -9999.00 -9999.00 -9999.00 -9999.00 -9999.00 -9999.00 -9999.00 -9999.00 -9999.00 -9999.00 -9999.00
-9999.00 -9999.00 -9999.00 -9999.00 -9999.00 -9999.00 -9999.00 -9999.00 -9999.00 -9999.00 -9999.00 -9999.00 -9999.00 -9999.00 -9999.00 -9999.00 -9999.00 -9999.00 -9999.00 -9999.00 -9999.00 -9999.00 -9999.00 -9999.00 10.62 -9999.00 -9999.00 -9999.00 -9999.00 -9999.00 -9999.00 -9999.00 -9999.00 -9999.00 -9999.00 -9999.00 -9999.00 -9999.00 -9999.00 -9999.00 -9999.00 -9999.00 -9999.00 -9999.00 -9999.00 -9999.00 -9999.00 -9999.00 -9999.00 -9999.00 -9999.00 -9999.00 -9999.00 -9999.00 -9999.00 -9999.00 -9999.00 -9999.00 -9999.00 -9999.00 -9999.00 -9999.00 -9999.00 -9999.00 -9999.00 -9999.00 -9999.00 -9999.00 -9999.00 -9999.00 -9999.00 -9999.00 -9999.00 -9999.00 -9999.00
