maui/input/gr0_in_month_ascii/gr0_in_jul__maui.asc
ncols        356
nrows        236
xllcorner    -156.702000000000
yllcorner    20.529750000000
cellsize     0.002250000000
NODATA_value  -99.00
[rows 66 to 98 of 236, columns 0 to 74 of 356]
-9999.00 -9999.00 -9999.00 9.76 9.73 9.37 9.91 9.42 9.23 9.04 8.52 8.67 8.38 8.17 7.98 7.61 7.40 7.25 6.83 6.73 6.40 6.33 6.07 6.07 6.12 5.89 5.80 5.41 5.06 4.77 4.76 4.30 3.97 3.94 3.67 3.55 3.50 3.36 3.17 2.97 2.89 2.79 2.93 2.99 2.65 2.60 2.55 2.67 2.62 2.58 2.74 3.11 3.02 2.66 2.41 2.70 2.63 2.54 2.60 3.03 3.60 4.08 4.11 4.06 3.78 3.22 2.91 2.95 3.14 3.27 3.71 3.75 3.94 4.62 4.84
-9999.00 -9999.00 -9999.00 -9999.00 9.83 9.67 10.45 9.17 9.24 9.12 8.87 8.72 8.49 8.02 7.88 7.63 7.45 7.15 6.86 6.62 6.34 6.12 5.91 5.74 5.47 5.83 5.41 4.99 4.78 4.53 4.26 4.26 4.18 3.81 3.64 3.65 3.62 3.52 3.17 3.04 2.90 2.80 2.88 2.88 2.87 2.68 2.54 2.47 2.59 2.57 2.73 2.96 2.99 2.72 2.47 2.59 2.46 2.63 2.97 3.45 3.96 3.57 4.13 3.54 3.46 3.04 2.98 3.13 3.40 3.94 4.76 4.89 4.96 5.58 5.72
-9999.00 -9999.00 -9999.00 -9999.00 -9999.00 9.63 9.49 9.91 9.42 9.18 8.97 8.62 8.43 8.11 7.87 7.73 7.44 7.20 6.82 6.58 6.30 6.08 5.86 5.66 5.49 5.22 5.05 4.88 4.76 4.62 4.32 4.18 3.92 3.75 3.51 3.34 3.20 3.21 3.42 3.11 2.90 2.79 2.71 2.67 2.64 2.66 2.58 2.51 2.55 2.61 2.72 2.78 2.78 2.61 2.51 2.49 2.79 2.73 3.06 3.64 3.41 3.40 3.88 3.52 3.11 2.87 3.50 3.58 4.29 4.25 4.07 4.18 4.55 4.93 5.48
-9999.00 -9999.00 -9999.00 -9999.00 -9999.00 -9999.00 9.39 8.69 9.11 8.82 8.85 8.64 8.48 8.37 8.01 7.72 7.48 7.08 6.81 6.59 6.42 6.18 5.93 5.92 5.72 5.24 5.22 4.87 4.79 4.52 4.35 4.16 3.97 3.88 3.73 3.40 3.37 3.18 3.04 3.02 2.92 2.86 2.78 2.66 2.60 2.54 2.56 2.68 2.45 2.46 2.57 2.67 2.48 2.51 2.58 2.95 3.11 3.51 3.36 3.60 3.18 3.44 3.40 3.23 2.87 2.91 3.06 3.52 3.46 3.52 3.71 4.16 4.76 5.79 5.37
-9999.00 -9999.00 -9999.00 -9999.00 -9999.00 -9999.00 9.14 9.04 9.13 9.12 8.91 8.71 8.54 8.35 8.07 7.78 7.52 7.18 6.96 6.73 6.53 6.30 6.24 5.93 5.59 5.19 4.97 5.01 4.96 4.70 4.55 4.84 4.74 4.34 4.22 4.03 3.55 3.70 3.37 3.14 2.90 2.75 2.70 2.66 2.61 2.57 2.54 2.49 2.59 2.49 2.53 2.50 2.45 2.61 2.85 2.95 2.97 2.82 3.38 3.06 3.49 3.44 3.20 3.13 2.83 3.00 2.85 3.13 3.58 4.22 4.77 5.40 5.27 4.74 4.65
-9999.00 -9999.00 -9999.00 -9999.00 -9999.00 -9999.00 -9999.00 8.78 8.30 8.80 8.85 8.66 8.51 8.34 8.22 7.96 7.70 7.46 7.17 6.84 6.70 6.50 6.11 5.78 5.65 5.45 5.22 6.08 5.74 5.47 5.50 4.42 4.45 4.30 4.04 4.09 4.19 3.71 3.91 3.91 3.22 2.95 2.80 2.72 2.66 2.61 2.60 2.50 2.40 2.57 2.52 2.48 2.60 2.64 2.69 2.81 2.71 2.75 2.77 2.74 2.81 2.85 2.84 2.79 2.77 2.80 3.04 3.48 4.57 3.64 3.85 3.99 3.77 4.24 4.63
-9999.00 -9999.00 -9999.00 -9999.00 -9999.00 -9999.00 8.70 8.67 8.33 8.19 8.70 8.71 8.53 8.33 8.11 7.80 7.76 7.60 7.29 6.92 6.79 6.60 6.34 6.06 6.02 6.11 5.82 5.23 4.84 4.67 4.44 4.21 3.98 3.80 3.58 3.38 3.30 3.18 3.20 3.22 3.53 3.15 2.94 2.84 2.73 2.66 2.59 2.51 2.47 2.46 2.57 2.51 2.51 2.54 2.56 2.57 2.64 2.62 2.64 2.65 2.69 2.73 2.77 2.73 2.71 2.78 3.03 3.46 3.56 3.26 3.28 3.42 3.91 4.32 4.77
-9999.00 -9999.00 -9999.00 -9999.00 -9999.00 -9999.00 8.59 8.53 8.94 8.17 8.66 8.76 8.48 8.26 7.89 8.10 7.61 8.35 7.63 7.06 6.76 6.55 6.26 6.04 5.82 5.79 5.33 5.09 4.82 4.60 4.43 4.24 4.10 3.86 3.88 3.65 3.20 3.00 2.95 2.92 2.91 2.84 2.79 2.72 2.67 2.63 2.61 2.52 2.50 2.43 2.50 2.50 2.48 2.61 2.66 2.69 2.80 2.68 2.75 2.64 2.45 2.45 2.52 2.70 2.50 2.56 2.82 3.08 2.98 2.77 3.18 3.39 3.50 3.93 5.09
-9999.00 -9999.00 -9999.00 -9999.00 -9999.00 -9999.00 8.60 8.47 8.30 8.79 8.88 8.70 8.51 8.27 8.06 7.74 8.12 7.80 7.62 7.66 7.07 6.75 6.34 5.93 5.82 5.76 5.72 5.94 5.36 5.28 4.99 4.39 3.87 3.83 3.60 3.26 3.27 3.21 3.15 2.89 2.85 2.78 2.70 2.60 2.61 2.60 2.59 2.52 2.50 2.44 2.48 2.49 2.47 2.53 2.68 2.66 2.60 2.58 2.59 2.45 2.72 2.75 2.54 2.82 2.77 2.55 2.59 2.90 3.38 2.72 3.04 3.23 3.48 3.91 4.06
-9999.00 -9999.00 -9999.00 -9999.00 -9999.00 -9999.00 8.71 9.16 8.31 8.80 8.87 8.64 8.42 8.37 8.11 8.42 8.14 8.03 7.66 7.44 7.05 6.92 7.00 6.67 6.37 6.03 5.33 4.97 4.59 4.34 4.57 5.06 5.00 4.60 4.16 4.16 3.92 3.87 3.46 3.18 2.88 2.83 2.78 2.68 2.60 2.60 2.55 2.56 2.44 2.58 2.57 2.52 2.51 2.43 2.41 2.44 2.32 2.36 2.56 2.81 2.99 3.41 3.22 3.01 3.72 3.22 2.72 2.86 3.89 3.28 3.01 3.25 3.39 3.67 3.76
-9999.00 -9999.00 -9999.00 -9999.00 -9999.00 8.88 8.74 8.90 8.37 8.91 8.97 8.84 8.72 8.53 8.44 8.38 7.96 7.54 7.47 6.97 7.14 6.81 6.42 6.11 5.94 5.66 5.03 4.58 4.39 4.26 4.09 4.05 3.97 4.07 4.02 3.86 3.53 3.40 3.58 3.76 3.62 3.63 3.52 2.93 2.74 2.56 2.53 2.55 2.50 2.59 2.42 2.37 2.23 2.24 2.29 2.50 2.52 2.30 2.55 2.96 3.38 3.54 3.73 3.66 3.71 4.04 3.20 2.84 3.63 4.79 3.21 3.89 3.87 4.17 4.57
-9999.00 -9999.00 -9999.00 -9999.00 -9999.00 8.89 9.78 8.90 8.43 8.34 9.18 9.02 8.91 8.83 8.17 8.28 7.71 7.13 8.08 7.32 7.23 6.92 6.55 6.19 5.78 5.47 4.92 4.56 4.30 4.08 4.00 3.97 3.95 3.90 3.81 3.43 3.26 3.25 3.23 3.15 2.99 3.05 3.01 3.08 2.87 2.72 2.64 2.55 2.46 2.50 2.32 2.28 2.39 2.61 2.42 2.79 2.98 2.70 2.74 3.24 3.48 3.76 3.92 4.03 4.16 4.30 3.84 3.41 3.58 4.84 4.24 4.57 5.48 5.24 6.05
-9999.00 -9999.00 -9999.00 -9999.00 -9999.00 8.88 8.52 8.90 8.86 8.39 8.29 9.18 9.39 8.74 8.56 7.60 7.84 7.95 7.61 7.61 7.36 7.04 6.67 6.34 6.10 5.73 5.41 5.03 4.82 4.55 4.41 4.51 4.37 4.51 4.43 4.16 3.96 3.28 3.04 3.00 2.94 2.83 2.76 2.84 2.78 2.59 2.75 2.52 2.29 2.44 2.55 2.61 2.58 2.65 2.93 3.06 3.31 3.23 3.00 3.37 3.79 4.04 3.96 4.34 4.61 4.55 4.56 4.38 4.01 4.55 5.63 5.36 5.50 6.07 6.37
-9999.00 -9999.00 -9999.00 -9999.00 -9999.00 8.90 8.89 8.46 9.70 9.24 9.16 9.04 8.92 8.03 8.36 8.74 8.54 8.34 8.08 7.66 7.46 7.14 6.85 6.49 6.19 5.89 5.81 5.44 5.08 5.02 4.62 5.02 4.81 4.13 3.64 3.60 3.61 3.37 3.21 2.93 2.89 2.85 2.80 2.77 2.74 2.60 2.52 2.58 2.35 2.23 2.44 2.71 2.86 3.16 3.10 3.13 3.40 3.67 3.67 3.81 4.17 4.31 4.41 4.41 4.49 4.71 5.18 5.02 5.74 5.79 5.91 6.36 6.41 6.32 6.22
-9999.00 -9999.00 -9999.00 -9999.00 -9999.00 -9999.00 8.84 8.78 8.47 8.45 8.81 8.72 8.17 8.09 9.03 8.76 8.55 8.38 8.09 7.82 7.66 7.37 7.10 6.76 6.52 6.11 5.77 5.54 5.46 5.19 5.53 5.06 4.27 4.24 4.56 4.43 4.32 4.17 3.62 3.46 3.03 2.88 2.76 2.72 2.72 2.67 2.62 2.70 2.72 2.31 2.45 2.85 2.95 3.10 3.27 3.52 3.71 3.87 3.82 4.20 4.32 4.61 4.71 4.66 4.77 4.86 5.02 5.25 5.97 5.73 5.63 5.44 4.90 5.72 5.91
-9999.00 -9999.00 -9999.00 -9999.00 -9999.00 -9999.00 -9999.00 8.81 8.80 8.39 8.83 8.75 9.32 8.84 9.05 8.87 8.58 8.37 8.08 7.92 7.64 7.39 7.11 6.80 6.59 6.30 5.98 5.99 5.62 5.89 5.04 5.36 5.26 5.58 5.31 5.18 5.07 4.82 4.77 4.13 3.78 3.51 3.41 3.14 3.05 3.22 3.14 2.84 2.87 2.47 2.57 2.54 2.71 2.89 3.09 3.20 3.19 3.48 3.90 4.11 4.28 4.45 4.60 5.00 4.89 5.01 5.43 5.47 4.78 5.20 4.82 4.36 4.64 4.51 4.88
-9999.00 -9999.00 -9999.00 -9999.00 -9999.00 -9999.00 -9999.00 -9999.00 8.67 8.64 8.84 8.36 8.29 9.21 9.05 8.93 8.69 8.59 8.36 8.03 7.75 7.66 7.26 7.02 6.71 6.42 6.56 6.25 6.11 5.99 5.92 5.95 5.65 5.17 4.62 4.26 3.89 3.96 3.94 4.03 4.27 3.97 3.93 3.89 3.38 3.09 2.92 2.78 2.49 2.60 2.62 2.58 2.69 3.03 3.22 3.37 3.69 3.85 4.10 4.29 4.49 4.71 4.86 4.88 4.98 5.30 5.05 4.67 3.72 3.98 4.66 4.11 4.61 3.83 4.09
-9999.00 -9999.00 -9999.00 -9999.00 -9999.00 -9999.00 -9999.00 -9999.00 -9999.00 8.64 8.36 8.84 9.42 8.58 9.34 9.05 8.72 8.58 8.40 8.10 7.92 7.69 7.36 7.09 7.05 6.66 6.44 6.68 5.86 5.60 5.44 5.12 4.74 4.35 3.92 3.70 3.47 3.52 3.46 3.53 3.54 3.50 3.53 3.26 3.61 3.40 3.11 3.02 2.49 2.77 2.56 2.81 2.95 3.08 3.23 3.05 3.21 3.44 3.94 4.39 4.34 4.40 4.36 4.71 4.95 4.66 4.66 3.76 3.07 3.32 4.24 3.61 3.84 3.47 3.56
-9999.00 -9999.00 -9999.00 -9999.00 -9999.00 -9999.00 -9999.00 -9999.00 -9999.00 8.59 8.66 8.38 8.34 8.29 9.24 8.74 8.93 8.71 8.63 8.99 8.03 7.70 7.50 7.37 7.20 6.85 6.61 6.35 6.05 5.96 5.56 5.17 4.68 4.16 4.03 3.75 3.42 3.23 3.19 3.25 3.23 3.26 3.28 3.38 3.56 3.40 3.21 2.85 2.78 2.60 2.57 2.63 2.74 3.02 3.24 3.42 3.74 3.88 3.86 4.15 4.06 3.78 4.41 4.59 4.67 3.86 4.21 3.74 2.90 3.16 3.25 3.28 3.27 3.17 3.38
-9999.00 -9999.00 -9999.00 -9999.00 -9999.00 -9999.00 -9999.00 -9999.00 -9999.00 -9999.00 8.72 8.66 9.23 8.34 8.92 9.21 9.04 8.88 8.67 8.41 8.25 8.00 7.81 7.59 7.39 6.94 6.87 6.63 6.41 6.02 5.76 5.34 4.91 4.75 4.55 4.24 3.63 3.32 3.12 3.08 3.00 3.10 3.10 3.15 3.15 3.21 2.97 2.84 2.91 2.87 2.79 3.20 2.78 2.65 2.98 3.11 3.65 3.66 3.89 4.10 3.71 3.77 4.03 4.33 4.57 3.63 3.24 3.04 3.10 3.14 3.05 2.97 3.17 3.29 3.62
-9999.00 -9999.00 -9999.00 -9999.00 -9999.00 -9999.00 -9999.00 -9999.00 -9999.00 -9999.00 -9999.00 8.62 8.77 9.10 9.82 9.27 9.10 8.88 8.75 8.50 8.31 8.14 7.94 7.66 7.47 7.42 7.03 6.79 6.41 6.15 5.65 5.54 5.18 4.86 4.43 4.23 3.66 3.51 3.15 3.13 3.03 2.98 2.90 3.02 3.04 3.01 2.79 2.88 3.42 3.62 3.18 3.29 3.30 3.02 2.62 3.01 3.34 3.51 3.66 3.98 3.25 3.30 3.62 3.93 4.10 3.73 2.75 3.09 3.00 3.19 3.59 3.49 3.38 3.26 3.52
-9999.00 -9999.00 -9999.00 -9999.00 -9999.00 -9999.00 -9999.00 -9999.00 -9999.00 -9999.00 -9999.00 -9999.00 8.85 8.48 8.41 8.94 9.12 9.04 8.83 8.55 8.42 8.21 7.95 7.84 7.62 7.40 7.20 6.97 6.66 6.18 5.84 5.58 5.08 4.65 4.22 3.77 3.71 3.70 3.31 3.15 3.05 2.97 3.01 2.94 2.83 2.91 3.05 3.17 3.30 3.79 3.94 3.80 3.64 3.38 2.91 2.77 2.96 3.08 3.51 3.69 3.05 3.22 3.16 3.16 3.54 2.95 2.82 3.16 3.13 3.27 3.47 4.29 4.01 3.62 4.20
-9999.00 -9999.00 -9999.00 -9999.00 -9999.00 -9999.00 -9999.00 -9999.00 -9999.00 -9999.00 -9999.00 -9999.00 8.90 8.98 9.15 9.03 9.66 9.09 8.93 8.74 8.57 8.42 7.85 7.99 7.84 7.53 7.46 7.26 6.78 6.33 5.99 5.66 5.13 4.82 4.82 4.74 4.08 4.24 4.10 3.88 3.12 3.38 3.17 3.18 3.09 3.01 3.65 3.47 4.12 4.16 3.96 4.24 3.92 3.86 3.29 3.15 3.28 3.16 2.84 2.99 3.00 3.07 3.02 3.14 3.41 3.51 3.21 3.33 3.42 4.27 3.54 4.12 4.57 4.31 4.30
-9999.00 -9999.00 -9999.00 -9999.00 -9999.00 -9999.00 -9999.00 -9999.00 -9999.00 -9999.00 -9999.00 -9999.00 -9999.00 8.90 9.02 9.36 9.35 9.28 9.05 8.91 8.68 8.18 8.41 8.31 8.07 7.79 7.80 7.55 7.18 6.78 6.33 5.92 5.67 5.51 4.91 5.16 5.26 4.84 4.32 3.83 3.67 3.78 3.55 3.49 3.88 3.73 3.88 3.59 3.87 4.42 4.34 4.62 4.29 4.18 3.85 3.95 3.60 3.44 3.06 2.70 2.95 3.26 3.41 3.95 3.98 3.79 3.80 3.54 4.16 4.41 4.20 3.96 4.93 4.89 5.08
-9999.00 -9999.00 -9999.00 -9999.00 -9999.00 -9999.00 -9999.00 -9999.00 -9999.00 -9999.00 -9999.00 -9999.00 -9999.00 -9999.00 9.15 9.22 9.13 9.80 9.23 9.02 8.76 8.63 8.57 8.41 8.34 8.15 7.91 7.53 7.01 7.05 6.55 6.11 5.74 5.75 5.93 5.38 4.74 4.67 4.72 4.66 4.63 4.34 4.64 4.72 4.15 3.82 3.99 3.83 4.17 4.58 4.55 4.86 4.65 4.53 4.55 3.95 3.64 3.20 2.93 2.80 3.03 3.12 3.56 3.44 3.75 4.20 4.44 4.92 4.71 4.53 4.80 4.64 4.82 5.51 5.90
-9999.00 -9999.00 -9999.00 -9999.00 -9999.00 -9999.00 -9999.00 -9999.00 -9999.00 -9999.00 -9999.00 -9999.00 -9999.00 -9999.00 -9999.00 9.23 9.27 9.10 9.39 9.12 8.94 8.92 8.78 8.71 8.50 8.34 7.96 7.42 7.46 7.11 6.90 6.59 6.52 6.12 5.70 5.87 5.81 5.81 5.70 5.40 5.43 5.00 4.43 3.96 3.36 3.30 3.46 3.90 4.16 4.80 4.80 4.85 4.97 4.71 4.36 4.27 3.83 3.11 3.18 2.87 2.68 3.02 3.10 3.19 3.50 3.62 4.42 3.79 3.95 4.23 4.50 5.03 5.22 5.33 5.20
-9999.00 -9999.00 -9999.00 -9999.00 -9999.00 -9999.00 -9999.00 -9999.00 -9999.00 -9999.00 -9999.00 -9999.00 -9999.00 -9999.00 -9999.00 -9999.00 9.30 9.28 9.47 9.31 9.24 9.11 9.02 8.91 8.64 8.46 7.94 7.95 7.49 7.44 7.32 6.93 6.82 6.80 6.77 6.01 5.60 5.68 5.30 4.89 4.30 3.76 3.85 3.17 3.13 3.13 3.17 3.99 4.69 4.87 5.16 5.00 5.21 4.93 4.72 4.23 3.73 3.32 3.77 3.30 3.14 2.88 2.84 2.80 3.41 3.63 3.71 3.74 4.01 3.75 4.39 4.37 4.43 4.55 4.80
-9999.00 -9999.00 -9999.00 -9999.00 -9999.00 -9999.00 -9999.00 -9999.00 -9999.00 -9999.00 -9999.00 -9999.00 -9999.00 -9999.00 -9999.00 -9999.00 -9999.00 9.27 9.26 9.24 9.47 9.40 9.17 8.98 8.80 8.52 8.56 7.82 7.59 7.35 7.57 7.29 7.06 6.32 5.82 5.18 4.77 4.35 4.18 3.79 3.42 3.19 3.20 3.10 3.03 3.03 3.07 3.30 3.84 4.18 5.00 5.65 4.99 4.59 4.23 3.69 3.63 3.69 3.80 3.68 3.41 3.41 3.35 2.82 3.11 3.40 3.30 3.56 3.45 3.78 3.88 3.73 4.09 4.29 4.53
-9999.00 -9999.00 -9999.00 -9999.00 -9999.00 -9999.00 -9999.00 -9999.00 -9999.00 -9999.00 -9999.00 -9999.00 -9999.00 -9999.00 -9999.00 -9999.00 -9999.00 -9999.00 -9999.00 9.31 9.27 9.45 9.39 9.15 8.96 8.70 8.48 8.28 7.79 7.95 7.28 7.48 7.22 6.75 6.30 5.58 5.16 4.97 4.78 4.14 3.42 3.50 3.24 3.18 3.10 3.15 3.13 3.10 3.94 4.68 5.53 5.76 5.12 4.29 3.43 3.86 3.94 3.81 4.48 4.30 4.12 3.95 3.15 2.97 3.11 3.20 3.21 3.29 3.42 3.53 3.56 3.51 3.52 3.70 4.10
-9999.00 -9999.00 -9999.00 -9999.00 -9999.00 -9999.00 -9999.00 -9999.00 -9999.00 -9999.00 -9999.00 -9999.00 -9999.00 -9999.00 -9999.00 -9999.00 -9999.00 -9999.00 -9999.00 -9999.00 9.28 9.19 9.75 9.30 9.07 8.88 8.61 8.53 7.96 8.00 7.59 7.50 7.34 7.00 6.54 5.94 5.90 4.99 4.52 4.01 4.44 3.51 3.39 3.31 3.20 3.21 3.58 3.62 4.74 5.82 5.94 5.14 4.09 3.54 3.26 3.48 4.06 4.24 4.70 4.39 3.57 3.16 3.11 2.99 3.05 3.04 3.17 3.20 3.11 3.14 3.20 3.39 3.76 4.08 4.68
-9999.00 -9999.00 -9999.00 -9999.00 -9999.00 -9999.00 -9999.00 -9999.00 -9999.00 -9999.00 -9999.00 -9999.00 -9999.00 -9999.00 -9999.00 -9999.00 -9999.00 -9999.00 -9999.00 -9999.00 9.27 9.27 8.52 9.31 9.25 9.07 8.73 8.20 8.10 8.18 7.86 7.65 7.35 6.76 6.69 6.24 5.51 5.16 4.79 5.25 4.35 3.84 3.59 3.41 3.35 3.25 3.65 4.85 5.70 6.49 5.20 4.12 3.49 3.31 3.50 3.77 3.86 4.53 4.90 4.29 3.83 3.27 3.32 3.21 3.23 3.09 3.22 3.27 3.28 3.41 3.53 3.46 3.69 3.79 4.13
-9999.00 -9999.00 -9999.00 -9999.00 -9999.00 -9999.00 -9999.00 -9999.00 -9999.00 -9999.00 -9999.00 -9999.00 -9999.00 -9999.00 -9999.00 -9999.00 -9999.00 -9999.00 -9999.00 -9999.00 -9999.00 9.26 9.27 9.47 9.21 9.08 8.89 8.95 8.35 7.90 7.34 7.48 7.30 7.07 7.16 6.60 6.15 6.12 5.98 5.24 4.99 4.88 4.23 3.76 3.55 3.63 4.28 4.72 6.93 5.64 3.81 3.34 3.23 3.14 3.41 3.78 4.32 5.27 4.26 4.60 4.20 4.05 4.22 4.21 3.21 3.20 3.36 3.28 3.26 3.44 3.69 3.77 3.89 4.67 5.31
-9999.00 -9999.00 -9999.00 -9999.00 -9999.00 -9999.00 -9999.00 -9999.00 -9999.00 -9999.00 -9999.00 -9999.00 -9999.00 -9999.00 -9999.00 -9999.00 -9999.00 -9999.00 -9999.00 -9999.00 -9999.00 -9999.00 9.25 9.19 9.47 9.17 9.26 8.85 8.30 7.84 7.67 7.91 8.14 7.60 7.20 7.21 6.82 6.43 5.87 4.95 4.65 4.35 4.14 3.82 3.80 4.30 5.02 5.76 6.07 4.22 3.56 3.29 3.37 3.09 3.74 4.71 4.98 5.12 4.30 4.86 4.74 4.76 3.59 3.30 3.24 3.38 3.49 3.31 3.49 3.36 3.51 3.45 3.72 4.02 4.32
