maui/input/gr0_in_month_ascii/gr0_in_jan__maui.asc
ncols        356
nrows        236
xllcorner    -156.702000000000
yllcorner    20.529750000000
cellsize     0.002250000000
NODATA_value  -99.00
[rows 99 to 131 of 236, columns 225 to 299 of 356]
3.85 3.87 3.90 3.93 3.98 3.96 4.00 4.50 4.23 4.28 4.26 4.27 4.31 4.42 4.57 4.82 4.97 5.03 5.22 5.21 5.34 5.39 5.39 5.45 5.55 5.51 5.80 5.91 5.65 5.78 6.10 5.87 6.56 6.09 6.07 -9999.00 -9999.00 -9999.00 -9999.00 -9999.00 -9999.00 -9999.00 -9999.00 -9999.00 -9999.00 -9999.00 -9999.00 -9999.00 -9999.00 -9999.00 -9999.00 -9999.00 -9999.00 -9999.00 -9999.00 -9999.00 -9999.00 -9999.00 -9999.00 -9999.00 -9999.00 -9999.00 -9999.00 -9999.00 -9999.00 -9999.00 -9999.00 -9999.00 -9999.00 -9999.00 -9999.00 -9999.00 -9999.00 -9999.00 -9999.00
3.75 3.70 3.73 3.75 3.76 3.89 4.36 4.20 4.15 4.15 4.17 4.19 4.25 4.33 4.78 4.93 4.96 5.01 5.04 5.15 5.20 5.27 5.18 5.29 5.08 5.09 5.52 5.38 5.58 5.45 6.15 6.22 5.85 6.02 6.00 -9999.00 -9999.00 -9999.00 -9999.00 -9999.00 -9999.00 -9999.00 -9999.00 -9999.00 -9999.00 -9999.00 -9999.00 -9999.00 -9999.00 -9999.00 -9999.00 -9999.00 -9999.00 -9999.00 -9999.00 -9999.00 -9999.00 -9999.00 -9999.00 -9999.00 -9999.00 -9999.00 -9999.00 -9999.00 -9999.00 -9999.00 -9999.00 -9999.00 -9999.00 -9999.00 -9999.00 -9999.00 -9999.00 -9999.00 -9999.00
3.57 3.62 3.69 3.73 3.90 3.94 3.95 3.98 4.08 4.04 4.07 4.24 4.43 4.34 4.63 4.83 4.92 4.95 5.00 5.06 5.02 5.13 4.97 4.78 4.91 5.34 5.07 5.18 5.40 5.39 5.51 5.86 5.78 5.79 5.87 5.89 -9999.00 -9999.00 -9999.00 -9999.00 -9999.00 -9999.00 -9999.00 -9999.00 -9999.00 -9999.00 -9999.00 -9999.00 -9999.00 -9999.00 -9999.00 -9999.00 -9999.00 -9999.00 -9999.00 -9999.00 -9999.00 -9999.00 -9999.00 -9999.00 -9999.00 -9999.00 -9999.00 -9999.00 -9999.00 -9999.00 -9999.00 -9999.00 -9999.00 -9999.00 -9999.00 -9999.00 -9999.00 -9999.00 -9999.00
3.53 3.60 3.63 3.76 3.74 3.80 3.87 3.91 3.91 4.05 4.58 4.54 4.59 4.64 4.70 4.71 4.75 4.86 4.94 4.93 4.88 4.92 4.70 4.76 4.81 5.01 4.92 5.07 5.07 5.19 5.30 5.45 5.51 6.11 5.82 5.82 5.82 -9999.00 -9999.00 -9999.00 -9999.00 -9999.00 -9999.00 -9999.00 -9999.00 6.60 6.62 6.59 6.56 6.55 -9999.00 -9999.00 -9999.00 -9999.00 -9999.00 -9999.00 -9999.00 -9999.00 -9999.00 -9999.00 -9999.00 -9999.00 -9999.00 -9999.00 -9999.00 -9999.00 -9999.00 -9999.00 -9999.00 -9999.00 -9999.00 -9999.00 -9999.00 -9999.00 -9999.00
3.45 3.52 3.63 3.61 3.62 3.72 3.75 3.82 4.08 4.32 4.44 4.36 4.44 4.57 4.64 4.67 4.74 4.65 4.77 4.76 4.56 4.59 4.61 4.65 4.79 4.77 4.84 4.97 4.91 5.02 5.35 5.42 5.41 5.56 5.75 5.71 5.81 -9999.00 -9999.00 -9999.00 -9999.00 -9999.00 -9999.00 -9999.00 6.47 6.51 6.66 6.58 6.88 6.50 6.50 -9999.00 -9999.00 -9999.00 -9999.00 -9999.00 -9999.00 -9999.00 -9999.00 -9999.00 -9999.00 -9999.00 -9999.00 -9999.00 -9999.00 -9999.00 -9999.00 -9999.00 -9999.00 -9999.00 -9999.00 -9999.00 -9999.00 -9999.00 -9999.00
3.42 3.41 3.48 3.52 3.56 3.63 3.67 3.79 4.16 4.25 4.30 4.29 4.36 4.45 4.45 4.51 4.41 4.38 4.54 4.37 4.41 4.45 4.49 4.61 4.63 4.69 4.76 4.73 4.85 5.14 4.96 5.20 5.28 5.58 5.91 5.65 5.70 5.73 5.74 5.79 5.82 5.88 6.02 6.20 6.30 6.81 6.48 6.47 6.54 6.27 6.43 6.39 -9999.00 -9999.00 -9999.00 -9999.00 -9999.00 -9999.00 -9999.00 -9999.00 -9999.00 -9999.00 -9999.00 -9999.00 -9999.00 -9999.00 -9999.00 -9999.00 -9999.00 -9999.00 -9999.00 -9999.00 -9999.00 -9999.00 -9999.00
3.32 3.41 3.44 3.47 3.49 3.49 3.57 3.84 4.05 4.16 4.23 4.18 4.18 4.31 4.41 4.41 4.07 4.22 4.23 4.26 4.29 4.33 4.39 4.45 4.50 4.53 4.67 4.71 4.82 4.92 5.00 5.15 5.13 5.32 5.53 5.72 5.79 5.93 6.12 5.83 5.84 6.12 5.98 6.36 6.57 6.27 6.33 6.34 6.41 6.36 6.44 6.32 6.34 6.33 -9999.00 -9999.00 -9999.00 -9999.00 -9999.00 -9999.00 -9999.00 -9999.00 -9999.00 -9999.00 -9999.00 -9999.00 -9999.00 -9999.00 -9999.00 -9999.00 -9999.00 -9999.00 -9999.00 -9999.00 -9999.00
3.26 3.33 3.36 3.40 3.42 3.53 3.73 3.94 3.93 3.99 4.16 3.86 4.22 4.10 4.32 4.18 4.11 4.13 4.12 4.15 4.20 4.27 4.30 4.39 4.40 4.46 4.43 4.60 4.66 4.72 4.79 4.83 5.05 5.03 5.15 5.52 5.58 5.52 5.53 5.58 5.62 5.88 5.80 5.95 5.92 6.06 6.08 6.17 6.25 6.20 6.31 6.33 6.38 6.27 6.27 -9999.00 -9999.00 -9999.00 -9999.00 -9999.00 -9999.00 -9999.00 -9999.00 -9999.00 -9999.00 -9999.00 -9999.00 -9999.00 -9999.00 -9999.00 -9999.00 -9999.00 -9999.00 -9999.00 -9999.00
3.23 3.29 3.31 3.38 3.63 3.78 3.74 3.80 3.86 3.93 3.93 4.04 4.09 4.16 4.22 4.05 4.02 4.00 4.01 4.08 4.12 4.18 4.22 4.24 4.32 4.37 4.52 4.39 4.48 4.59 4.62 4.74 4.74 4.83 5.02 5.20 5.28 5.17 5.39 5.39 5.48 5.48 5.62 5.70 5.81 5.81 5.93 5.93 5.99 6.08 6.14 6.23 6.30 6.35 6.22 6.22 6.21 6.23 -9999.00 -9999.00 -9999.00 -9999.00 -9999.00 -9999.00 -9999.00 -9999.00 -9999.00 -9999.00 -9999.00 -9999.00 -9999.00 -9999.00 -9999.00 -9999.00 -9999.00
3.18 3.24 3.32 3.51 3.66 3.62 3.64 3.73 3.65 3.67 3.66 3.71 3.94 3.92 4.00 3.77 3.87 3.89 3.92 3.98 4.03 4.07 4.14 4.21 4.29 4.29 4.34 4.47 4.41 4.46 4.51 4.59 4.63 4.68 4.92 4.90 4.99 5.05 5.16 5.22 5.32 5.32 5.43 5.57 5.62 5.64 5.72 5.77 5.80 5.83 5.92 6.06 6.19 6.20 6.09 6.28 6.26 6.19 6.20 -9999.00 -9999.00 -9999.00 -9999.00 -9999.00 -9999.00 -9999.00 -9999.00 -9999.00 -9999.00 -9999.00 -9999.00 -9999.00 -9999.00 -9999.00 -9999.00
3.16 3.39 3.52 3.53 3.54 3.56 3.62 3.59 3.58 3.56 3.55 3.64 3.62 3.69 3.77 3.75 3.79 3.82 3.86 3.98 3.93 4.07 4.04 4.20 4.16 4.18 4.23 4.36 4.31 4.33 4.37 4.47 4.50 4.56 4.62 4.73 5.05 4.85 4.97 5.08 5.24 5.19 5.29 5.36 5.45 5.44 5.52 5.60 5.64 5.72 5.84 5.94 5.97 6.02 6.09 6.11 6.24 6.30 6.18 6.19 -9999.00 -9999.00 -9999.00 -9999.00 -9999.00 -9999.00 -9999.00 -9999.00 -9999.00 -9999.00 -9999.00 -9999.00 -9999.00 -9999.00 -9999.00
3.27 3.41 3.46 3.50 3.48 3.44 3.46 3.44 3.49 3.44 3.51 3.53 3.51 3.60 3.64 3.64 3.76 3.72 3.78 3.82 3.89 3.95 4.00 4.04 4.07 4.18 4.12 4.17 4.25 4.23 4.33 4.33 4.37 4.43 4.39 4.58 4.73 4.70 4.84 5.07 4.99 5.01 5.14 5.18 5.29 5.25 5.36 5.48 5.50 5.60 5.62 5.78 5.78 5.84 5.91 5.99 6.08 6.19 6.15 6.14 6.17 -9999.00 -9999.00 -9999.00 -9999.00 -9999.00 -9999.00 -9999.00 -9999.00 -9999.00 -9999.00 -9999.00 -9999.00 -9999.00 -9999.00
3.41 3.31 3.44 3.46 3.38 3.35 3.25 3.34 3.36 3.32 3.42 3.45 3.48 3.52 3.59 3.61 3.64 3.66 3.69 3.71 3.79 3.86 4.02 3.94 3.98 4.11 4.06 4.13 4.15 4.20 4.21 4.23 4.27 4.33 4.40 4.45 4.48 4.58 4.71 4.78 4.86 4.91 4.94 5.05 5.14 5.16 5.20 5.33 5.38 5.41 5.46 5.47 5.58 5.68 5.73 5.84 5.99 6.04 6.20 6.24 6.13 6.23 6.37 6.49 6.59 6.65 -9999.00 -9999.00 -9999.00 -9999.00 -9999.00 -9999.00 -9999.00 -9999.00 -9999.00
3.33 3.28 3.40 3.38 3.39 3.29 3.20 3.26 3.25 3.34 3.36 3.39 3.42 3.49 3.54 3.59 3.58 3.58 3.59 3.63 3.69 3.77 3.84 3.85 3.89 3.98 3.98 4.03 4.06 4.09 4.15 4.14 4.19 4.22 4.30 4.36 4.41 4.43 4.61 4.69 4.71 4.74 4.81 4.91 4.93 4.99 5.11 5.09 5.20 5.23 5.27 5.33 5.50 5.55 5.60 5.69 5.82 5.88 6.03 6.08 6.10 6.14 6.41 6.92 6.73 6.58 6.59 6.54 -9999.00 6.61 6.64 6.65 -9999.00 -9999.00 -9999.00
3.25 3.28 3.31 3.31 3.32 3.26 3.07 3.22 3.26 3.29 3.30 3.33 3.37 3.45 3.45 3.47 3.49 3.50 3.53 3.58 3.65 3.73 3.72 3.77 3.82 3.87 3.87 3.89 3.93 3.95 4.04 4.06 4.09 4.16 4.20 4.27 4.32 4.41 4.44 4.51 4.53 4.58 4.70 4.80 4.88 4.92 4.98 4.89 5.00 5.07 5.15 5.24 5.34 5.39 5.55 5.58 5.64 5.80 5.80 5.89 5.93 6.13 6.48 6.51 6.94 6.53 6.52 6.52 6.55 6.57 6.98 6.61 6.62 6.61 6.61
3.10 3.22 3.21 3.24 3.26 3.27 3.14 3.14 3.19 3.23 3.25 3.29 3.35 3.39 3.38 3.39 3.41 3.44 3.50 3.53 3.67 3.62 3.66 3.76 3.74 3.77 3.83 3.83 3.84 3.88 3.94 3.97 4.00 4.05 4.06 4.14 4.24 4.28 4.31 4.35 4.40 4.54 4.69 4.70 4.65 4.70 4.81 4.83 4.89 4.96 5.01 5.15 5.18 5.29 5.42 5.44 5.46 5.54 5.57 5.70 5.78 5.97 6.24 6.35 6.43 6.48 6.51 6.52 6.53 6.51 6.61 6.59 6.65 6.65 6.62
3.03 3.25 3.16 3.17 3.22 3.21 3.12 3.07 3.17 3.18 3.22 3.24 3.28 3.31 3.34 3.37 3.37 3.39 3.43 3.48 3.61 3.55 3.61 3.65 3.71 3.69 3.74 3.75 3.76 3.77 3.82 3.85 3.91 3.91 4.02 4.06 4.12 4.16 4.20 4.21 4.35 4.43 4.47 4.53 4.57 4.62 4.61 4.70 4.75 4.80 4.89 4.92 5.05 5.14 5.23 5.25 5.34 5.42 5.44 5.48 5.64 5.81 5.95 6.05 6.23 6.40 6.44 6.44 6.47 6.50 6.51 6.55 6.51 6.57 6.60
3.12 3.08 3.11 3.14 3.16 3.17 3.07 3.01 3.12 3.14 3.17 3.21 3.24 3.26 3.29 3.32 3.32 3.34 3.38 3.40 3.47 3.47 3.54 3.56 3.59 3.58 3.62 3.62 3.64 3.69 3.72 3.76 3.83 3.84 3.88 3.93 4.00 4.04 4.12 4.15 4.24 4.26 4.30 4.36 4.42 4.48 4.46 4.53 4.54 4.63 4.70 4.86 4.92 4.99 5.08 5.12 5.20 5.20 5.32 5.38 5.51 5.62 5.76 5.84 5.97 6.00 6.11 6.19 6.33 6.46 6.54 6.52 6.46 6.55 6.49
3.00 3.02 3.02 3.08 3.09 3.11 3.03 3.01 3.08 3.11 3.13 3.16 3.18 3.22 3.23 3.27 3.26 3.31 3.33 3.38 3.40 3.42 3.46 3.52 3.51 3.53 3.55 3.56 3.56 3.62 3.63 3.67 3.71 3.73 3.78 3.81 3.87 3.93 4.00 4.09 4.13 4.18 4.19 4.23 4.26 4.34 4.41 4.39 4.45 4.49 4.61 4.70 4.74 4.84 4.84 4.93 5.07 5.14 5.18 5.28 5.30 5.49 5.56 5.68 5.78 5.84 5.90 6.02 6.10 6.18 6.45 6.42 6.49 6.47 6.48
2.89 2.99 2.98 3.03 3.05 3.06 3.00 3.02 3.06 3.08 3.10 3.13 3.14 3.19 3.18 3.20 3.23 3.27 3.30 3.34 3.36 3.38 3.41 3.44 3.43 3.47 3.50 3.50 3.53 3.52 3.54 3.59 3.58 3.66 3.67 3.74 3.77 3.82 3.91 3.94 4.00 4.02 4.06 4.14 4.18 4.20 4.26 4.30 4.36 4.42 4.48 4.56 4.61 4.68 4.76 4.82 4.89 4.99 5.05 5.13 5.22 5.34 5.40 5.49 5.59 5.67 5.77 5.88 5.95 6.15 6.30 6.36 6.43 6.35 6.39
2.97 2.94 2.99 3.01 3.01 3.03 2.98 3.01 3.04 3.06 3.08 3.10 3.11 3.14 3.14 3.16 3.20 3.26 3.27 3.29 3.30 3.32 3.34 3.37 3.38 3.39 3.43 3.45 3.45 3.46 3.49 3.51 3.55 3.57 3.58 3.62 3.67 3.74 3.76 3.83 3.87 3.88 3.93 3.97 4.08 4.08 4.15 4.22 4.26 4.33 4.37 4.44 4.46 4.54 4.61 4.68 4.76 4.82 4.91 5.02 5.06 5.13 5.20 5.20 5.34 5.46 5.63 5.64 5.81 5.85 6.06 6.17 6.32 6.27 6.33
3.03 3.06 2.95 2.96 2.99 3.00 2.95 3.00 3.01 3.02 3.04 3.07 3.10 3.09 3.11 3.14 3.18 3.17 3.20 3.22 3.24 3.26 3.28 3.31 3.32 3.34 3.37 3.39 3.40 3.40 3.42 3.45 3.49 3.49 3.49 3.53 3.59 3.61 3.65 3.69 3.76 3.77 3.80 3.89 3.94 3.99 4.00 4.12 4.16 4.20 4.24 4.26 4.31 4.35 4.49 4.54 4.60 4.70 4.77 4.83 4.92 4.96 4.95 5.06 5.19 5.26 5.33 5.49 5.59 5.78 5.82 5.97 6.15 6.23 6.23
2.85 2.92 2.93 2.93 2.95 2.98 2.91 2.91 3.03 3.01 3.02 3.05 3.06 3.07 3.09 3.11 3.11 3.18 3.15 3.18 3.20 3.21 3.24 3.25 3.27 3.31 3.34 3.33 3.35 3.36 3.37 3.39 3.40 3.41 3.42 3.44 3.47 3.52 3.57 3.58 3.66 3.69 3.70 3.73 3.82 3.90 3.96 4.01 4.05 4.11 4.15 4.18 4.23 4.29 4.34 4.41 4.47 4.55 4.54 4.55 4.59 4.78 4.80 4.88 4.97 5.00 5.11 5.26 5.28 5.45 5.63 5.73 5.93 5.96 6.07
2.89 2.90 2.91 2.93 2.94 2.88 2.89 2.84 3.03 3.01 3.01 3.03 3.04 3.06 3.06 3.09 3.10 3.12 3.13 3.15 3.15 3.18 3.19 3.20 3.22 3.25 3.29 3.29 3.32 3.34 3.34 3.34 3.34 3.34 3.35 3.38 3.39 3.41 3.47 3.52 3.56 3.59 3.60 3.65 3.74 3.81 3.86 3.90 3.92 3.98 4.04 4.06 4.13 4.19 4.22 4.29 4.35 4.42 4.49 4.40 4.29 4.54 4.59 4.67 4.86 4.85 4.93 5.00 5.17 5.36 5.52 5.61 5.81 5.92 5.98
2.90 2.89 2.90 2.92 2.86 2.87 2.79 2.84 2.85 3.00 3.00 3.02 3.04 3.05 3.07 3.06 3.09 2.94 3.11 3.12 3.12 3.13 3.16 3.17 3.18 3.20 3.23 3.26 3.27 3.28 3.29 3.28 3.29 3.29 3.30 3.32 3.34 3.36 3.40 3.45 3.47 3.50 3.54 3.58 3.63 3.71 3.72 3.80 3.79 3.87 3.93 3.95 3.98 4.08 4.12 4.14 4.20 4.25 4.30 4.40 4.26 4.33 4.49 4.60 4.64 4.66 4.81 4.90 5.03 5.14 5.26 5.43 5.55 5.64 5.83
2.94 2.92 2.90 2.90 2.84 2.77 2.85 2.84 3.02 3.02 2.87 3.01 3.03 3.04 3.05 3.05 3.07 3.07 3.08 3.09 3.09 3.11 3.14 3.14 3.15 3.18 3.19 3.21 3.25 3.25 3.14 3.24 3.23 3.24 3.24 3.27 3.29 3.33 3.34 3.33 3.42 3.46 3.47 3.50 3.53 3.57 3.61 3.66 3.69 3.69 3.76 3.82 3.91 3.94 4.02 4.07 4.10 4.13 4.17 4.22 4.25 4.30 4.35 4.41 4.45 4.49 4.66 4.76 4.85 4.93 5.09 5.18 5.41 5.47 5.67
2.95 2.94 2.94 2.84 2.83 2.86 2.85 3.02 3.03 3.03 3.04 3.04 2.90 2.90 2.90 3.04 3.06 3.06 3.07 3.07 3.09 3.12 3.12 3.13 3.15 3.15 3.16 3.18 3.20 3.20 3.20 3.19 3.19 3.20 3.20 3.22 3.23 3.27 3.29 3.35 3.39 3.39 3.43 3.44 3.44 3.47 3.50 3.53 3.52 3.58 3.63 3.69 3.73 3.82 3.87 3.88 3.93 3.97 4.01 4.08 4.14 4.13 4.18 4.24 4.26 4.42 4.50 4.59 4.69 4.74 4.92 5.05 5.22 5.29 5.48
2.96 2.95 2.95 2.87 2.93 2.92 2.90 2.90 3.04 3.04 3.05 3.05 3.05 2.90 2.90 2.91 2.92 2.93 3.05 3.07 3.08 3.10 3.11 3.12 3.13 3.14 3.16 3.16 3.16 3.15 3.15 3.15 3.15 3.16 3.17 3.18 3.19 3.21 3.29 3.24 3.25 3.26 3.26 3.36 3.37 3.40 3.41 3.41 3.43 3.47 3.52 3.55 3.58 3.64 3.69 3.73 3.77 3.82 3.84 3.89 3.95 3.90 3.99 4.09 4.18 4.30 4.38 4.48 4.48 4.57 4.72 4.85 5.00 5.17 5.18
3.00 2.98 2.97 2.96 2.95 2.94 2.93 2.93 2.92 2.93 3.06 3.06 3.06 3.06 3.06 2.92 2.91 2.92 2.94 2.95 2.96 3.09 3.10 3.11 3.13 3.13 3.15 3.01 3.01 3.12 3.11 3.13 3.12 3.13 3.13 3.14 3.15 3.18 3.19 3.25 3.23 3.19 3.26 3.27 3.29 3.30 3.32 3.31 3.33 3.36 3.41 3.47 3.49 3.40 3.45 3.50 3.65 3.68 3.71 3.72 3.66 3.80 3.83 3.89 4.06 4.06 4.09 4.29 4.27 4.50 4.53 4.75 4.85 4.96 5.06
3.04 3.03 3.01 2.98 2.98 2.97 2.96 2.97 2.96 2.95 2.93 2.94 2.95 2.95 2.95 3.07 3.08 2.93 2.94 2.95 2.96 2.97 2.99 3.00 3.00 3.00 3.12 3.01 2.99 3.10 3.09 3.10 3.10 3.11 3.11 3.11 3.12 3.17 3.18 3.15 3.13 3.19 3.19 3.21 3.20 3.21 3.23 3.24 3.25 3.29 3.30 3.37 3.37 3.42 3.33 3.37 3.40 3.40 3.45 3.48 3.62 3.66 3.74 3.81 3.84 3.89 3.89 4.09 4.15 4.26 4.42 4.56 4.71 4.85 4.97
3.09 3.08 3.07 3.05 3.02 3.01 3.00 3.00 3.00 2.98 2.96 2.96 2.96 2.96 2.97 2.97 2.96 3.09 3.10 2.96 2.96 2.97 3.00 2.99 3.00 3.00 3.00 3.01 2.98 2.96 2.97 2.96 2.96 3.08 3.08 3.09 3.13 3.06 3.09 3.03 3.05 3.14 3.14 3.14 3.14 3.15 3.17 3.17 3.17 3.19 3.23 3.26 3.28 3.18 3.34 3.36 3.28 3.31 3.32 3.31 3.42 3.49 3.63 3.54 3.68 3.62 3.78 3.87 3.98 4.18 4.30 4.35 4.34 4.39 4.52
3.14 3.12 3.11 3.10 3.09 3.06 3.04 3.02 3.03 3.02 3.01 2.99 2.98 2.97 2.99 2.99 2.99 2.99 2.99 2.99 3.00 2.99 3.00 2.99 2.98 2.98 2.99 3.01 2.99 2.97 2.95 2.95 2.95 2.96 2.95 3.09 2.99 2.99 2.98 3.02 3.10 3.10 3.09 2.97 3.10 3.10 3.12 3.12 3.12 3.14 3.15 3.19 3.22 3.10 3.24 3.27 3.28 3.19 3.16 3.18 3.33 3.39 3.52 3.40 3.36 3.48 3.60 3.72 3.90 3.98 4.03 4.14 4.20 4.38 4.55
3.21 3.19 3.17 3.14 3.13 3.12 3.08 3.07 3.06 3.05 3.04 3.02 3.02 3.01 3.01 3.01 3.01 3.01 3.00 3.00 3.01 3.02 3.00 2.99 2.98 2.98 2.99 3.00 2.99 2.97 2.96 2.95 2.95 2.96 2.95 2.96 2.98 2.90 2.89 2.93 3.07 3.08 3.08 2.93 3.06 3.06 3.07 3.07 3.09 3.09 3.11 3.13 3.13 3.14 3.16 3.19 3.21 3.22 3.17 3.15 3.23 3.38 3.46 3.42 3.34 3.43 3.46 3.69 3.82 3.76 3.88 4.13 4.27 4.35 4.51
