maui/input/gr0_in_month_ascii/gr0_in_mar__maui.asc
ncols        356
nrows        236
xllcorner    -156.702000000000
yllcorner    20.529750000000
cellsize     0.002250000000
NODATA_value  -99.00
[rows 99 to 131 of 236, columns 225 to 299 of 356]
3.57 3.59 3.64 3.78 3.87 3.91 4.16 4.83 4.19 4.25 4.21 4.21 4.28 4.41 4.62 4.98 5.27 5.56 5.85 5.82 5.98 6.03 6.05 6.14 6.10 6.03 6.73 6.84 6.22 6.39 6.84 6.77 7.50 6.89 6.82 -9999.00 -9999.00 -9999.00 -9999.00 -9999.00 -9999.00 -9999.00 -9999.00 -9999.00 -9999.00 -9999.00 -9999.00 -9999.00 -9999.00 -9999.00 -9999.00 -9999.00 -9999.00 -9999.00 -9999.00 -9999.00 -9999.00 -9999.00 -9999.00 -9999.00 -9999.00 -9999.00 -9999.00 -9999.00 -9999.00 -9999.00 -9999.00 -9999.00 -9999.00 -9999.00 -9999.00 -9999.00 -9999.00 -9999.00 -9999.00
3.45 3.50 3.55 3.54 3.63 4.08 4.68 4.16 4.07 4.04 4.07 4.11 4.18 4.31 4.91 5.25 5.45 5.53 5.57 5.72 5.78 5.89 5.76 5.91 5.41 5.43 6.24 5.84 6.09 5.94 6.93 7.26 6.50 6.72 6.73 -9999.00 -9999.00 -9999.00 -9999.00 -9999.00 -9999.00 -9999.00 -9999.00 -9999.00 -9999.00 -9999.00 -9999.00 -9999.00 -9999.00 -9999.00 -9999.00 -9999.00 -9999.00 -9999.00 -9999.00 -9999.00 -9999.00 -9999.00 -9999.00 -9999.00 -9999.00 -9999.00 -9999.00 -9999.00 -9999.00 -9999.00 -9999.00 -9999.00 -9999.00 -9999.00 -9999.00 -9999.00 -9999.00 -9999.00 -9999.00
3.32 3.41 3.49 3.57 3.80 3.99 3.85 3.87 3.94 3.94 4.03 4.32 4.55 4.39 4.98 5.26 5.39 5.43 5.50 5.60 5.50 5.74 5.28 5.01 5.16 5.76 5.42 5.59 5.86 5.89 6.06 6.73 6.36 6.40 6.54 6.58 -9999.00 -9999.00 -9999.00 -9999.00 -9999.00 -9999.00 -9999.00 -9999.00 -9999.00 -9999.00 -9999.00 -9999.00 -9999.00 -9999.00 -9999.00 -9999.00 -9999.00 -9999.00 -9999.00 -9999.00 -9999.00 -9999.00 -9999.00 -9999.00 -9999.00 -9999.00 -9999.00 -9999.00 -9999.00 -9999.00 -9999.00 -9999.00 -9999.00 -9999.00 -9999.00 -9999.00 -9999.00 -9999.00 -9999.00
3.26 3.37 3.44 3.59 3.59 3.64 3.70 3.74 3.79 4.05 4.77 4.69 4.91 5.01 5.11 5.10 5.15 5.29 5.42 5.50 5.46 5.36 4.87 4.93 4.99 5.31 5.18 5.41 5.42 5.57 5.73 5.93 6.01 6.88 6.49 6.49 6.51 -9999.00 -9999.00 -9999.00 -9999.00 -9999.00 -9999.00 -9999.00 -9999.00 7.59 7.62 7.58 7.55 7.54 -9999.00 -9999.00 -9999.00 -9999.00 -9999.00 -9999.00 -9999.00 -9999.00 -9999.00 -9999.00 -9999.00 -9999.00 -9999.00 -9999.00 -9999.00 -9999.00 -9999.00 -9999.00 -9999.00 -9999.00 -9999.00 -9999.00 -9999.00 -9999.00 -9999.00
3.16 3.28 3.44 3.39 3.40 3.52 3.55 3.67 4.09 4.42 4.58 4.61 4.74 4.92 5.02 5.08 5.16 5.01 5.27 5.25 4.88 4.73 4.72 4.76 4.97 4.96 5.07 5.28 5.21 5.35 5.80 5.86 5.89 6.11 6.38 6.40 6.49 -9999.00 -9999.00 -9999.00 -9999.00 -9999.00 -9999.00 -9999.00 7.39 7.45 7.64 7.57 7.91 7.46 7.46 -9999.00 -9999.00 -9999.00 -9999.00 -9999.00 -9999.00 -9999.00 -9999.00 -9999.00 -9999.00 -9999.00 -9999.00 -9999.00 -9999.00 -9999.00 -9999.00 -9999.00 -9999.00 -9999.00 -9999.00 -9999.00 -9999.00 -9999.00 -9999.00
3.16 3.13 3.22 3.28 3.34 3.40 3.48 3.68 4.19 4.31 4.38 4.51 4.66 4.81 4.86 4.94 4.68 4.61 4.84 4.59 4.45 4.50 4.57 4.74 4.78 4.86 4.98 5.02 5.11 5.53 5.29 5.59 5.67 6.12 6.62 6.36 6.37 6.43 6.45 6.52 6.57 6.65 6.80 7.05 7.16 7.83 7.45 7.46 7.53 7.18 7.37 7.31 -9999.00 -9999.00 -9999.00 -9999.00 -9999.00 -9999.00 -9999.00 -9999.00 -9999.00 -9999.00 -9999.00 -9999.00 -9999.00 -9999.00 -9999.00 -9999.00 -9999.00 -9999.00 -9999.00 -9999.00 -9999.00 -9999.00 -9999.00
3.04 3.14 3.19 3.20 3.23 3.22 3.37 3.78 4.08 4.20 4.27 4.37 4.41 4.60 4.82 4.74 4.18 4.39 4.22 4.22 4.29 4.37 4.44 4.53 4.63 4.68 4.85 4.91 5.07 5.22 5.34 5.51 5.48 5.79 6.09 6.43 6.65 6.56 6.82 6.64 6.52 7.11 6.74 7.17 7.45 7.16 7.23 7.26 7.34 7.27 7.39 7.23 7.25 7.24 -9999.00 -9999.00 -9999.00 -9999.00 -9999.00 -9999.00 -9999.00 -9999.00 -9999.00 -9999.00 -9999.00 -9999.00 -9999.00 -9999.00 -9999.00 -9999.00 -9999.00 -9999.00 -9999.00 -9999.00 -9999.00
2.96 3.06 3.07 3.12 3.16 3.34 3.62 3.96 4.05 4.10 4.16 4.01 4.64 4.59 4.64 4.29 4.04 4.08 4.05 4.09 4.19 4.28 4.30 4.45 4.50 4.59 4.59 4.77 4.85 4.96 5.02 5.09 5.41 5.36 5.54 6.07 6.33 6.09 6.29 6.34 6.21 6.77 6.47 6.69 6.66 6.84 6.87 7.01 7.11 7.04 7.20 7.23 7.31 7.16 7.16 -9999.00 -9999.00 -9999.00 -9999.00 -9999.00 -9999.00 -9999.00 -9999.00 -9999.00 -9999.00 -9999.00 -9999.00 -9999.00 -9999.00 -9999.00 -9999.00 -9999.00 -9999.00 -9999.00 -9999.00
2.92 2.98 3.01 3.14 3.52 3.81 3.79 3.88 3.96 4.02 3.84 4.25 4.41 4.62 4.53 4.16 3.94 3.91 3.90 4.00 4.05 4.13 4.20 4.26 4.40 4.45 4.66 4.56 4.68 4.76 4.79 4.96 4.96 5.08 5.37 5.65 5.74 5.76 5.88 5.85 6.00 6.02 6.22 6.34 6.49 6.48 6.64 6.66 6.75 6.87 6.95 7.09 7.20 7.29 7.08 7.08 7.07 7.10 -9999.00 -9999.00 -9999.00 -9999.00 -9999.00 -9999.00 -9999.00 -9999.00 -9999.00 -9999.00 -9999.00 -9999.00 -9999.00 -9999.00 -9999.00 -9999.00 -9999.00
2.86 2.95 3.09 3.53 3.70 3.63 3.68 3.80 3.74 3.68 3.51 3.60 3.94 4.13 4.08 3.81 3.77 3.80 3.82 3.88 3.95 4.01 4.11 4.24 4.35 4.34 4.42 4.62 4.52 4.58 4.66 4.74 4.79 4.88 5.26 5.24 5.34 5.57 5.53 5.63 5.80 5.81 5.94 6.14 6.22 6.24 6.35 6.45 6.47 6.50 6.66 6.85 7.05 7.07 6.91 7.16 7.13 7.04 7.07 -9999.00 -9999.00 -9999.00 -9999.00 -9999.00 -9999.00 -9999.00 -9999.00 -9999.00 -9999.00 -9999.00 -9999.00 -9999.00 -9999.00 -9999.00 -9999.00
2.88 3.23 3.54 3.55 3.53 3.59 3.67 3.70 3.55 3.37 3.37 3.49 3.47 3.59 3.65 3.62 3.68 3.72 3.75 3.90 3.83 4.03 4.01 4.21 4.16 4.21 4.28 4.45 4.38 4.39 4.44 4.58 4.63 4.72 4.82 4.97 5.42 5.13 5.27 5.46 5.69 5.60 5.73 5.84 5.97 5.97 6.09 6.20 6.28 6.38 6.56 6.70 6.74 6.80 6.89 6.93 7.10 7.22 7.03 7.05 -9999.00 -9999.00 -9999.00 -9999.00 -9999.00 -9999.00 -9999.00 -9999.00 -9999.00 -9999.00 -9999.00 -9999.00 -9999.00 -9999.00 -9999.00
3.08 3.45 3.48 3.51 3.46 3.54 3.52 3.43 3.29 3.20 3.31 3.34 3.31 3.45 3.48 3.51 3.64 3.60 3.67 3.71 3.81 3.90 3.96 4.00 4.04 4.20 4.12 4.18 4.29 4.26 4.40 4.39 4.46 4.55 4.54 4.76 4.98 4.93 5.12 5.45 5.33 5.34 5.53 5.60 5.75 5.68 5.85 6.03 6.08 6.21 6.24 6.45 6.45 6.53 6.64 6.75 6.90 7.06 6.98 6.98 7.03 -9999.00 -9999.00 -9999.00 -9999.00 -9999.00 -9999.00 -9999.00 -9999.00 -9999.00 -9999.00 -9999.00 -9999.00 -9999.00 -9999.00
3.41 3.41 3.45 3.45 3.28 3.38 3.22 3.11 3.10 3.05 3.19 3.24 3.29 3.35 3.44 3.46 3.51 3.53 3.56 3.59 3.70 3.80 4.01 3.89 3.93 4.12 4.04 4.12 4.14 4.21 4.23 4.28 4.32 4.41 4.49 4.56 4.63 4.78 4.95 5.05 5.14 5.21 5.28 5.41 5.54 5.57 5.63 5.82 5.90 5.92 5.98 5.98 6.15 6.30 6.39 6.57 6.76 6.83 7.05 7.15 6.97 7.10 7.28 7.45 7.58 7.66 -9999.00 -9999.00 -9999.00 -9999.00 -9999.00 -9999.00 -9999.00 -9999.00 -9999.00
3.41 3.37 3.41 3.36 3.35 3.31 3.10 2.98 2.95 3.09 3.13 3.16 3.23 3.34 3.37 3.45 3.40 3.40 3.43 3.48 3.57 3.70 3.75 3.77 3.84 3.96 3.96 4.00 4.02 4.08 4.16 4.15 4.22 4.26 4.36 4.45 4.52 4.65 4.80 4.89 4.91 4.97 5.08 5.22 5.27 5.34 5.50 5.47 5.64 5.67 5.71 5.78 6.05 6.12 6.19 6.34 6.51 6.60 6.84 6.89 6.93 6.99 7.35 7.97 7.74 7.57 7.57 7.53 -9999.00 7.62 7.66 7.68 -9999.00 -9999.00 -9999.00
3.35 3.36 3.30 3.27 3.27 3.27 2.94 2.93 2.99 3.04 3.06 3.10 3.15 3.27 3.26 3.28 3.29 3.29 3.34 3.43 3.55 3.66 3.63 3.69 3.76 3.83 3.82 3.85 3.89 3.92 4.02 4.04 4.08 4.16 4.24 4.35 4.40 4.52 4.58 4.66 4.70 4.75 4.94 5.09 5.19 5.25 5.32 5.26 5.33 5.44 5.54 5.67 5.81 5.89 6.11 6.16 6.25 6.46 6.50 6.57 6.68 6.97 7.47 7.51 7.99 7.52 7.51 7.49 7.54 7.57 8.06 7.62 7.65 7.63 7.64
3.11 3.18 3.16 3.19 3.25 3.21 3.04 2.84 2.91 2.97 3.00 3.06 3.13 3.18 3.17 3.18 3.19 3.21 3.29 3.35 3.56 3.48 3.56 3.69 3.64 3.71 3.77 3.77 3.78 3.83 3.90 3.92 3.98 4.04 4.03 4.16 4.28 4.33 4.39 4.45 4.51 4.73 4.93 4.94 5.02 5.11 5.09 5.12 5.19 5.28 5.36 5.57 5.60 5.75 5.93 5.95 5.97 6.09 6.14 6.34 6.47 6.73 7.13 7.28 7.38 7.45 7.49 7.51 7.52 7.47 7.64 7.64 7.67 7.70 7.67
2.85 3.10 3.11 3.12 3.21 3.15 3.09 2.94 2.88 2.92 2.97 3.00 3.04 3.08 3.11 3.13 3.11 3.13 3.18 3.27 3.46 3.38 3.46 3.55 3.61 3.60 3.65 3.67 3.69 3.70 3.76 3.78 3.86 3.85 4.00 4.06 4.12 4.18 4.24 4.25 4.48 4.58 4.62 4.70 4.93 4.82 4.80 4.93 5.00 5.07 5.19 5.23 5.43 5.54 5.66 5.66 5.78 5.94 5.94 6.02 6.25 6.50 6.70 6.84 7.10 7.34 7.37 7.37 7.43 7.48 7.48 7.57 7.49 7.59 7.64
3.05 3.09 3.05 3.08 3.13 3.15 3.05 2.87 2.82 2.87 2.91 2.96 3.00 3.03 3.06 3.07 3.04 3.06 3.11 3.14 3.23 3.24 3.34 3.39 3.44 3.43 3.49 3.50 3.54 3.59 3.65 3.69 3.77 3.78 3.84 3.89 3.99 4.04 4.14 4.20 4.32 4.35 4.39 4.47 4.55 4.62 4.60 4.70 4.70 4.84 4.95 5.16 5.24 5.34 5.47 5.52 5.63 5.62 5.80 5.89 6.08 6.24 6.43 6.55 6.72 6.77 6.93 7.00 7.22 7.41 7.49 7.52 7.46 7.56 7.50
3.05 3.05 3.02 3.02 3.06 3.09 3.01 2.90 2.78 2.82 2.87 2.90 2.94 3.01 2.99 3.00 2.97 3.02 3.05 3.10 3.12 3.14 3.21 3.30 3.30 3.34 3.37 3.40 3.41 3.51 3.52 3.58 3.63 3.66 3.72 3.74 3.83 3.90 3.99 4.11 4.15 4.24 4.25 4.32 4.34 4.44 4.53 4.50 4.60 4.67 4.84 4.94 5.02 5.14 5.17 5.29 5.44 5.53 5.59 5.73 5.81 6.07 6.15 6.32 6.45 6.53 6.59 6.80 6.88 7.00 7.41 7.35 7.46 7.45 7.46
2.99 3.01 2.98 2.96 3.03 3.04 2.99 2.94 2.76 2.80 2.83 2.87 2.91 2.98 2.93 2.93 2.95 3.01 3.03 3.05 3.06 3.10 3.13 3.20 3.17 3.23 3.29 3.31 3.37 3.39 3.40 3.47 3.44 3.57 3.57 3.66 3.71 3.76 3.89 3.93 4.00 4.02 4.07 4.18 4.23 4.27 4.35 4.40 4.48 4.56 4.65 4.77 4.83 4.92 5.03 5.13 5.21 5.34 5.43 5.57 5.68 5.85 5.93 6.05 6.19 6.29 6.44 6.61 6.69 6.97 7.14 7.25 7.34 7.28 7.33
2.93 2.94 2.93 2.95 2.97 3.03 3.00 2.91 2.74 2.77 2.82 2.85 2.88 2.90 2.89 2.91 2.97 3.06 3.01 3.00 3.00 3.02 3.05 3.08 3.09 3.11 3.19 3.22 3.25 3.28 3.31 3.34 3.42 3.45 3.47 3.52 3.57 3.66 3.69 3.79 3.85 3.85 3.91 3.95 4.11 4.13 4.22 4.30 4.34 4.43 4.49 4.61 4.63 4.73 4.82 4.92 5.04 5.14 5.28 5.41 5.44 5.54 5.63 5.62 5.84 6.00 6.22 6.26 6.46 6.57 6.82 6.97 7.20 7.14 7.24
2.91 2.88 2.88 2.90 2.94 3.01 2.98 2.83 2.71 2.72 2.77 2.82 2.87 2.84 2.87 2.92 2.98 2.97 2.95 2.95 2.94 2.96 3.00 3.01 3.01 3.05 3.10 3.13 3.15 3.17 3.20 3.25 3.32 3.34 3.34 3.40 3.46 3.50 3.56 3.61 3.71 3.72 3.76 3.86 3.95 4.03 4.01 4.18 4.21 4.27 4.32 4.34 4.40 4.46 4.66 4.75 4.84 4.98 5.09 5.16 5.26 5.29 5.27 5.43 5.62 5.70 5.80 5.96 6.18 6.43 6.50 6.72 7.00 7.11 7.09
2.76 2.84 2.86 2.86 2.91 2.87 2.89 2.79 2.73 2.71 2.75 2.81 2.83 2.83 2.85 2.89 2.88 2.97 2.92 2.93 2.93 2.94 2.96 2.96 2.98 3.04 3.06 3.04 3.08 3.10 3.12 3.17 3.19 3.22 3.23 3.27 3.31 3.39 3.46 3.48 3.59 3.62 3.64 3.67 3.81 3.93 4.00 4.05 4.10 4.16 4.20 4.23 4.30 4.39 4.49 4.57 4.66 4.77 4.92 4.93 4.95 5.04 5.07 5.19 5.32 5.32 5.47 5.71 5.74 6.00 6.27 6.38 6.63 6.70 6.84
2.80 2.82 2.84 2.88 2.92 2.85 2.87 2.72 2.73 2.71 2.73 2.78 2.81 2.84 2.83 2.86 2.87 2.89 2.91 2.93 2.91 2.93 2.94 2.94 2.95 2.98 3.01 3.00 3.04 3.06 3.07 3.08 3.08 3.08 3.11 3.16 3.19 3.23 3.32 3.40 3.45 3.49 3.52 3.59 3.72 3.82 3.87 3.92 3.94 3.99 4.05 4.06 4.16 4.26 4.33 4.44 4.51 4.59 4.69 4.70 4.50 4.71 4.79 4.88 5.16 5.13 5.25 5.38 5.58 5.86 6.09 6.21 6.48 6.66 6.70
2.79 2.84 2.87 2.86 2.94 2.86 2.67 2.69 2.70 2.71 2.73 2.75 2.81 2.83 2.84 2.82 2.87 2.83 2.89 2.90 2.89 2.90 2.93 2.92 2.93 2.96 2.97 2.99 2.99 3.01 3.02 3.00 2.99 2.99 3.01 3.05 3.09 3.14 3.23 3.29 3.35 3.38 3.44 3.52 3.58 3.69 3.69 3.77 3.76 3.86 3.93 3.93 3.98 4.12 4.20 4.25 4.30 4.34 4.40 4.53 4.30 4.43 4.66 4.78 4.82 4.86 5.09 5.22 5.42 5.56 5.72 5.98 6.15 6.28 6.51
2.84 2.87 2.88 2.88 2.90 2.64 2.72 2.68 2.75 2.77 2.75 2.76 2.77 2.79 2.81 2.80 2.85 2.84 2.85 2.85 2.87 2.91 2.94 2.92 2.92 2.95 2.96 2.96 3.01 2.99 2.97 2.94 2.92 2.92 2.93 2.96 2.99 3.07 3.13 3.12 3.28 3.34 3.36 3.41 3.44 3.49 3.53 3.59 3.62 3.63 3.71 3.80 3.91 3.96 4.05 4.13 4.14 4.18 4.23 4.29 4.31 4.38 4.45 4.52 4.55 4.61 4.88 5.02 5.15 5.27 5.50 5.62 5.95 6.02 6.31
2.84 2.89 2.91 2.89 2.74 2.72 2.68 2.73 2.77 2.79 2.81 2.82 2.77 2.77 2.78 2.81 2.84 2.83 2.83 2.84 2.87 2.92 2.92 2.94 2.95 2.94 2.96 2.97 2.98 2.96 2.91 2.89 2.88 2.89 2.89 2.89 2.90 2.95 3.01 3.16 3.25 3.27 3.31 3.31 3.32 3.37 3.40 3.45 3.41 3.47 3.55 3.64 3.70 3.80 3.87 3.87 3.93 3.99 4.05 4.13 4.16 4.14 4.19 4.27 4.30 4.55 4.64 4.77 4.91 4.99 5.28 5.47 5.68 5.75 6.05
2.87 2.87 2.89 2.78 2.84 2.77 2.75 2.75 2.78 2.80 2.82 2.82 2.82 2.78 2.78 2.80 2.80 2.81 2.83 2.84 2.86 2.88 2.91 2.93 2.94 2.95 2.96 2.95 2.93 2.90 2.88 2.88 2.87 2.87 2.86 2.86 2.86 2.89 3.01 3.13 3.22 3.23 3.25 3.19 3.21 3.27 3.28 3.29 3.29 3.34 3.42 3.45 3.50 3.58 3.65 3.68 3.71 3.79 3.81 3.88 3.95 3.99 3.94 4.07 4.22 4.40 4.47 4.59 4.58 4.75 4.97 5.19 5.38 5.60 5.62
2.90 2.89 2.88 2.87 2.83 2.79 2.78 2.79 2.79 2.81 2.82 2.84 2.83 2.84 2.82 2.80 2.79 2.81 2.84 2.85 2.86 2.87 2.89 2.91 2.92 2.92 2.94 2.91 2.89 2.86 2.85 2.86 2.84 2.84 2.84 2.83 2.82 2.91 3.09 3.17 3.21 3.14 3.09 3.07 3.09 3.11 3.14 3.13 3.17 3.20 3.27 3.36 3.38 3.41 3.48 3.52 3.56 3.62 3.64 3.64 3.71 3.72 3.74 3.80 4.07 4.20 4.22 4.29 4.28 4.63 4.65 5.02 5.16 5.32 5.45
2.92 2.93 2.92 2.87 2.83 2.81 2.82 2.83 2.83 2.83 2.82 2.82 2.84 2.86 2.85 2.83 2.84 2.82 2.84 2.86 2.85 2.87 2.89 2.89 2.88 2.88 2.88 2.89 2.85 2.83 2.83 2.83 2.82 2.81 2.80 2.79 2.82 2.94 3.12 3.11 3.01 2.97 2.95 2.99 2.97 2.97 2.99 3.02 3.06 3.10 3.13 3.22 3.23 3.29 3.33 3.37 3.40 3.39 3.44 3.48 3.49 3.54 3.63 3.72 3.91 3.96 3.92 4.00 4.09 4.28 4.48 4.71 4.95 5.15 5.32
2.95 2.96 2.96 2.92 2.86 2.86 2.85 2.87 2.88 2.86 2.83 2.83 2.84 2.85 2.86 2.86 2.85 2.86 2.89 2.85 2.85 2.87 2.92 2.89 2.89 2.87 2.87 2.89 2.85 2.82 2.81 2.81 2.80 2.79 2.78 2.78 2.92 3.10 3.13 2.95 2.93 2.86 2.87 2.90 2.89 2.89 2.91 2.91 2.92 2.96 3.01 3.06 3.10 3.14 3.19 3.21 3.25 3.27 3.27 3.24 3.21 3.31 3.49 3.52 3.69 3.57 3.61 3.74 3.89 4.15 4.30 4.38 4.36 4.45 4.66
2.98 2.97 2.97 2.95 2.95 2.91 2.89 2.89 2.90 2.89 2.88 2.85 2.83 2.83 2.86 2.88 2.89 2.88 2.87 2.87 2.89 2.92 2.92 2.89 2.84 2.82 2.84 2.89 2.86 2.82 2.77 2.78 2.78 2.79 2.77 2.79 2.95 3.00 2.98 2.89 2.82 2.81 2.79 2.82 2.81 2.82 2.84 2.84 2.84 2.86 2.89 2.95 3.01 3.02 3.04 3.07 3.08 3.13 3.07 2.87 3.07 3.15 3.33 3.34 3.24 3.23 3.37 3.53 3.76 3.87 3.92 4.06 4.14 4.45 4.71
3.05 3.03 3.03 2.99 2.99 2.99 2.93 2.92 2.92 2.92 2.91 2.89 2.87 2.86 2.87 2.89 2.91 2.90 2.88 2.88 2.90 2.94 2.91 2.88 2.83 2.83 2.84 2.86 2.85 2.81 2.78 2.77 2.77 2.77 2.75 2.78 2.94 2.92 2.76 2.74 2.76 2.79 2.76 2.74 2.74 2.74 2.76 2.76 2.78 2.79 2.82 2.86 2.87 2.88 2.90 2.95 2.98 2.99 2.88 2.83 2.93 3.17 3.25 3.19 3.04 3.14 3.22 3.50 3.66 3.57 3.75 4.09 4.27 4.39 4.65
