maui/input/gr0_in_month_ascii/gr0_in_jun__maui.asc
ncols        356
nrows        236
xllcorner    -156.702000000000
yllcorner    20.529750000000
cellsize     0.002250000000
NODATA_value  -99.00
[rows 132 to 164 of 236, columns 150 to 224 of 356]
4.77 4.83 4.76 4.49 4.54 4.15 4.14 4.10 3.92 3.95 4.19 3.98 3.66 3.16 3.52 3.03 3.05 3.51 3.31 3.53 3.36 3.13 2.85 2.88 3.46 2.76 2.76 2.70 2.69 3.27 3.20 3.20 3.04 2.95 3.10 3.21 3.27 3.29 3.14 3.14 3.24 3.28 3.33 3.38 3.45 3.58 3.58 3.68 3.87 3.94 4.05 4.10 4.21 4.29 4.25 4.29 4.34 4.32 4.36 4.36 4.45 4.39 4.32 4.43 4.08 3.72 3.62 3.65 3.76 3.70 3.67 3.67 3.72 3.71 3.67
4.91 4.77 4.69 4.62 4.35 4.10 4.21 4.05 3.93 3.80 3.87 4.06 3.60 3.13 3.12 3.06 3.01 3.40 3.21 3.38 3.33 3.52 3.17 3.33 3.42 3.10 3.31 3.29 3.10 2.71 3.31 2.93 2.83 2.96 2.98 3.04 3.12 3.10 3.17 3.17 3.25 3.32 3.38 3.41 3.49 3.54 3.68 3.89 3.91 4.02 4.07 4.20 4.40 4.41 4.44 4.45 4.51 4.52 4.53 4.58 4.55 4.57 4.65 4.60 4.17 3.93 4.05 3.80 3.87 3.85 3.83 3.76 3.85 3.72 3.82
4.64 4.72 4.64 4.38 4.48 4.04 3.94 3.98 3.93 3.81 3.82 3.61 3.77 3.69 3.45 3.04 3.29 2.95 2.87 2.84 3.35 3.11 2.78 3.42 3.07 3.16 3.06 3.25 3.29 3.26 2.93 2.89 2.83 2.97 3.00 3.03 3.09 3.12 3.17 3.23 3.30 3.37 3.42 3.46 3.62 3.74 3.89 3.94 3.89 4.14 4.25 4.32 4.41 4.49 4.56 4.62 4.66 4.68 4.76 4.67 4.74 4.76 4.81 4.72 4.63 4.48 4.33 4.36 4.09 3.90 3.96 3.86 3.88 3.98 3.84
4.71 4.64 4.53 4.25 4.29 4.22 3.92 3.81 3.78 3.79 3.74 3.17 3.51 3.70 3.43 3.31 2.94 2.90 2.89 2.80 2.80 2.70 3.08 3.26 3.38 2.71 2.98 2.98 3.04 2.55 3.07 2.84 2.85 2.90 2.94 2.90 3.09 3.15 3.23 3.31 3.35 3.44 3.67 3.54 3.71 3.81 3.91 3.80 3.81 4.00 4.40 4.47 4.52 4.66 4.73 4.76 4.88 4.79 4.91 4.91 4.92 4.96 4.97 4.93 4.84 4.72 4.77 4.37 3.88 3.83 3.77 3.81 3.97 3.96 3.91
4.89 4.77 4.64 4.34 4.08 4.11 4.03 3.82 3.75 3.71 3.62 3.16 3.73 3.03 3.09 3.57 2.97 3.37 2.88 2.87 2.81 2.78 2.76 2.70 2.73 3.38 3.25 3.24 3.23 2.62 3.12 3.09 2.91 2.87 2.91 2.92 3.01 3.19 3.27 3.34 3.38 3.34 3.69 3.65 3.80 3.93 3.97 4.09 4.05 4.08 4.23 4.42 4.66 4.75 4.90 4.91 5.02 5.06 5.09 5.12 5.13 5.10 5.11 5.09 4.77 4.25 4.17 4.28 3.57 4.09 3.86 3.80 4.05 4.03 4.02
4.62 4.73 4.61 4.55 4.12 3.98 3.88 3.79 3.71 3.64 3.81 3.79 3.15 3.41 3.60 3.62 2.96 3.27 2.82 3.45 3.18 2.74 2.73 2.72 2.69 2.99 2.63 3.03 3.22 2.62 3.22 2.88 3.31 3.20 3.10 3.03 3.38 3.23 3.43 3.48 3.43 3.57 3.78 3.86 3.89 3.99 4.07 4.29 4.30 4.42 4.54 4.66 4.77 4.89 5.04 5.10 5.18 5.23 5.27 5.32 5.26 5.27 5.32 4.81 4.25 4.33 4.01 4.02 4.05 4.00 3.94 4.03 4.01 4.12 4.11
4.80 4.49 4.62 4.35 4.09 4.28 3.99 3.89 4.01 3.79 3.58 3.07 3.48 3.57 3.28 2.96 3.34 3.51 3.51 3.42 2.77 3.33 2.71 3.11 3.32 2.69 2.94 3.07 3.00 3.19 2.96 2.86 2.99 3.01 3.07 3.19 3.27 3.32 3.37 3.40 3.63 3.61 3.84 3.90 3.98 4.09 4.15 4.28 4.36 4.56 4.66 4.77 4.89 5.03 5.14 5.23 5.33 5.41 5.41 5.47 5.48 5.52 5.34 4.51 4.24 3.82 4.04 3.99 4.10 4.24 4.02 3.93 4.09 4.19 4.19
4.74 4.68 4.55 4.26 4.18 4.14 4.05 3.91 3.64 3.57 3.51 3.47 3.40 3.33 3.29 3.26 3.32 2.85 2.81 2.77 3.24 2.67 2.67 3.32 3.25 3.21 3.32 3.19 2.95 2.95 2.98 3.13 3.01 3.04 2.99 3.18 3.25 3.34 3.55 3.53 3.44 3.80 3.89 4.00 4.09 4.19 4.29 4.40 4.57 4.70 4.80 4.94 5.08 5.18 5.30 5.46 5.48 5.54 5.56 5.65 5.73 4.99 4.57 4.51 4.09 4.21 4.08 4.21 4.32 4.32 4.10 4.01 3.89 4.14 3.93
4.72 4.62 4.56 4.10 4.04 4.28 3.98 3.72 3.63 3.53 3.48 3.47 3.34 3.30 2.84 2.91 2.83 2.78 3.18 2.74 3.39 3.34 3.33 3.30 3.35 2.68 3.22 3.19 3.02 2.96 2.99 3.02 3.07 3.10 3.16 3.34 3.29 3.37 3.49 3.62 3.80 3.88 3.99 4.13 4.26 4.34 4.44 4.59 4.68 4.84 4.95 5.14 5.25 5.38 5.47 5.61 5.77 5.70 5.78 5.87 5.89 5.34 4.67 4.47 4.40 4.58 4.14 4.47 4.42 4.39 4.33 4.30 4.33 4.09 3.99
4.64 4.57 4.28 4.21 4.15 4.13 3.97 3.96 3.66 3.58 3.05 3.37 3.30 3.25 2.90 2.86 3.46 2.78 3.16 3.16 2.71 3.13 3.11 3.31 3.06 3.29 3.20 3.22 3.20 3.06 3.22 3.07 3.26 3.16 3.22 3.32 3.39 3.47 3.58 3.77 3.73 3.83 4.16 4.26 4.32 4.48 4.60 4.70 4.87 5.03 5.16 5.29 5.45 5.50 5.60 5.77 5.89 5.90 5.60 5.72 5.58 5.26 4.81 4.76 4.63 4.64 4.66 4.58 4.52 4.45 4.43 4.11 4.20 4.21 4.54
4.59 4.50 4.25 4.33 4.27 3.99 3.82 3.74 3.86 3.96 3.06 2.98 3.32 3.48 2.80 2.88 3.43 3.27 3.25 3.30 3.41 3.34 3.27 3.33 3.29 3.13 3.13 3.21 3.07 3.17 3.31 3.34 3.19 3.22 3.27 3.39 3.47 3.55 3.66 3.84 3.73 3.90 4.08 4.39 4.47 4.56 4.54 4.92 5.08 5.23 5.32 5.46 5.68 5.67 5.77 5.89 6.02 5.71 5.85 5.76 5.23 4.63 5.04 4.70 4.31 4.51 4.81 4.33 4.68 4.53 4.50 4.39 4.30 4.30 4.29
4.57 4.28 4.18 4.30 4.03 4.14 4.09 4.07 3.81 3.85 3.13 3.77 3.55 3.27 2.87 2.82 2.78 2.77 3.18 3.42 3.26 3.27 2.65 3.28 2.67 3.28 3.22 3.25 3.21 3.24 3.29 3.34 3.26 3.30 3.48 3.44 3.56 3.77 3.72 3.92 4.02 4.07 4.21 4.51 4.63 4.71 4.86 4.86 5.22 5.36 5.47 5.56 5.69 5.83 5.93 6.03 5.74 6.34 6.01 5.37 4.97 4.82 4.63 4.58 4.72 4.43 4.58 4.80 4.65 4.58 4.54 4.24 4.37 4.37 4.36
4.53 4.44 4.28 4.26 4.18 4.08 3.90 3.78 3.93 3.77 3.05 3.01 2.95 2.93 3.51 3.45 2.76 2.74 3.34 3.38 3.21 3.22 3.22 3.24 3.25 3.27 3.22 3.25 3.28 3.33 3.40 3.44 3.50 3.41 3.46 3.56 3.66 3.75 3.82 4.06 4.26 4.37 4.49 4.68 4.83 4.92 5.02 5.17 5.33 5.48 5.23 5.69 5.82 5.57 5.69 5.89 6.28 6.01 5.46 4.97 5.07 5.20 4.67 4.59 4.77 4.67 4.88 4.83 4.42 4.61 4.51 4.46 4.44 4.42 4.30
4.47 4.35 4.32 4.23 3.88 3.81 3.75 3.93 3.87 3.79 3.75 2.96 2.92 3.51 2.82 2.85 3.16 2.72 2.63 2.67 3.00 3.18 3.07 3.21 3.19 3.09 3.17 3.32 3.38 3.40 3.43 3.49 3.58 3.52 3.60 3.68 3.77 3.90 4.28 4.26 4.38 4.53 4.65 4.83 5.00 5.11 5.21 5.32 5.46 5.28 5.41 5.50 5.61 5.76 5.87 5.97 6.09 5.97 5.36 5.07 4.89 4.75 4.71 4.62 4.57 4.71 4.66 4.64 4.62 4.59 4.58 4.52 4.49 4.31 4.33
4.40 4.12 4.24 3.97 4.01 3.95 3.95 3.88 3.08 3.04 3.47 2.86 3.26 3.41 3.20 3.35 2.74 3.15 3.35 3.23 3.07 2.98 3.17 3.27 3.25 3.23 3.29 3.35 3.41 3.44 3.51 3.59 3.74 3.73 3.80 3.88 3.86 4.14 4.23 4.45 4.56 4.70 4.82 4.98 5.13 5.29 5.36 5.43 5.55 5.43 5.53 5.62 5.73 6.21 5.96 6.06 6.15 5.83 5.40 5.10 4.89 4.78 4.67 4.46 4.79 4.74 4.67 4.66 4.65 4.62 4.60 4.57 4.38 4.37 4.36
4.34 4.27 4.22 4.07 4.01 3.90 3.89 3.82 3.77 3.00 2.96 3.56 3.21 3.17 3.13 3.13 3.32 3.41 3.30 2.78 3.28 2.96 3.17 3.12 3.32 3.32 3.34 3.39 3.48 3.54 3.62 3.77 3.88 3.88 3.88 3.96 3.95 4.10 4.24 4.42 4.75 4.91 4.99 5.16 5.30 5.39 5.54 5.71 5.83 5.94 6.07 6.15 5.84 6.35 6.07 6.14 5.68 5.54 5.23 5.06 4.91 4.79 4.57 4.87 4.81 4.77 4.74 4.69 4.64 4.63 4.59 4.58 4.41 4.40 4.41
4.32 4.22 4.18 4.11 4.06 3.76 3.63 3.76 3.50 3.70 3.57 2.88 2.83 3.08 3.13 3.23 3.03 3.09 3.44 3.08 3.08 3.02 3.32 3.34 3.49 3.39 3.41 3.47 3.48 3.63 3.73 3.88 3.90 3.81 4.00 4.13 4.26 4.25 4.39 4.57 4.76 5.11 5.21 5.30 5.44 5.60 5.41 5.88 5.60 5.69 5.79 6.27 6.01 6.12 6.18 5.59 5.36 5.32 5.10 4.96 4.88 4.78 4.96 4.91 4.83 4.75 4.76 4.72 4.68 4.65 4.60 4.42 4.43 4.44 4.44
4.27 4.21 4.12 4.08 4.02 3.95 3.88 3.78 3.41 3.42 2.90 2.76 3.47 2.71 3.39 3.04 3.02 3.08 3.31 3.21 3.12 3.12 3.22 3.30 3.37 3.45 3.48 3.55 3.52 3.61 3.82 3.89 4.09 4.05 4.18 4.27 4.40 4.54 4.52 4.70 4.85 5.26 5.37 5.47 5.68 5.81 5.55 5.67 5.74 5.82 5.95 6.03 6.16 5.98 5.52 5.45 5.23 5.11 4.99 5.14 5.06 5.03 5.02 4.94 4.89 4.82 4.79 4.75 4.71 4.68 4.62 4.60 4.62 4.67 4.66
4.22 4.13 3.86 3.98 3.67 3.86 3.83 3.73 3.64 3.22 2.88 3.44 2.78 2.80 3.36 3.35 2.99 2.99 3.08 3.27 3.31 3.29 3.33 3.34 3.38 3.48 3.58 3.66 3.57 3.64 3.78 3.94 4.18 3.94 4.30 4.38 4.56 4.69 4.83 4.80 5.17 5.33 5.47 5.30 5.81 5.55 5.66 5.79 5.87 5.95 6.05 6.16 6.06 5.49 5.32 5.17 5.29 5.25 5.18 5.15 5.12 5.10 5.05 4.99 4.93 4.88 4.82 4.78 4.72 4.68 4.64 4.63 4.68 4.69 4.71
4.19 4.10 4.01 3.95 3.74 3.68 3.52 3.66 2.97 2.89 2.86 2.80 3.22 3.40 3.31 3.24 3.17 3.11 3.09 3.00 3.34 3.57 3.42 3.40 3.43 3.51 3.60 3.76 3.76 3.75 3.78 3.90 4.12 4.07 4.40 4.51 4.66 4.83 4.95 5.11 5.27 5.40 5.16 5.51 5.27 5.66 5.78 5.87 5.94 6.05 6.16 6.26 5.65 5.40 5.23 5.40 5.35 5.29 5.35 5.24 5.12 5.08 5.05 5.03 5.16 5.03 4.88 4.84 4.82 4.76 4.79 4.73 4.74 4.72 4.71
4.15 4.07 3.99 3.93 3.87 3.77 3.39 3.30 2.82 3.56 3.29 2.83 3.37 3.12 3.29 3.21 3.20 3.09 3.13 3.19 3.23 3.22 3.26 3.54 3.48 3.58 3.67 3.80 3.96 3.68 3.99 4.01 4.27 4.20 4.55 4.67 4.80 4.96 5.08 5.22 5.36 5.48 5.32 5.21 5.37 5.92 5.88 6.03 6.11 6.18 6.26 6.13 5.56 5.35 5.54 5.51 5.43 5.41 5.40 5.24 5.25 5.22 5.11 5.04 5.23 5.15 4.94 4.91 4.86 4.78 4.79 4.86 4.77 4.74 4.69
3.95 3.87 3.83 3.72 3.79 3.73 3.48 3.66 3.26 3.25 2.73 2.70 3.17 3.34 3.27 3.23 3.21 3.22 3.26 3.18 3.20 3.24 3.32 3.38 3.56 3.67 3.78 3.88 3.80 3.76 4.08 4.20 4.29 4.50 4.63 4.82 4.94 5.07 5.19 5.40 5.07 5.66 5.20 5.30 5.43 5.67 6.01 6.11 6.20 6.28 6.33 6.15 5.57 5.70 5.70 5.68 5.61 5.52 5.36 5.20 5.20 5.19 5.04 5.01 5.00 4.95 4.88 4.84 4.81 4.78 4.84 4.66 4.71 4.68 4.66
4.12 3.89 3.90 3.82 3.60 3.68 3.66 3.36 2.90 3.20 2.67 3.38 3.43 3.20 3.21 3.22 3.20 3.23 3.27 3.20 3.35 3.29 3.37 3.46 3.70 3.79 3.92 3.84 3.85 4.01 3.96 4.18 4.25 4.64 4.80 4.94 5.11 5.20 5.30 5.48 5.25 5.37 5.49 5.62 5.53 5.69 5.84 6.19 6.27 6.33 6.38 6.26 5.97 5.85 5.92 5.86 5.62 5.58 5.39 5.26 5.19 5.14 5.05 5.01 4.96 4.93 4.86 4.85 4.81 4.81 4.78 4.84 4.67 4.66 4.66
3.91 3.75 3.91 3.78 3.52 3.55 3.34 3.16 3.16 3.42 3.32 3.16 3.27 3.21 3.21 3.22 3.22 3.25 3.18 3.23 3.40 3.48 3.59 3.71 3.83 3.92 4.11 4.13 4.21 4.25 4.17 4.29 4.47 4.77 4.94 5.07 5.22 4.96 5.51 5.61 5.35 5.48 5.99 6.15 5.89 6.03 6.18 6.30 6.37 6.47 6.44 6.29 6.10 6.05 6.04 5.93 5.82 5.65 5.59 5.43 5.28 5.21 5.13 5.15 5.12 4.94 4.89 4.83 4.82 4.80 4.78 4.71 4.72 4.68 4.67
4.00 3.67 3.64 3.81 3.64 3.36 3.23 3.40 3.36 3.13 3.37 3.27 3.29 3.28 3.25 3.27 3.31 3.29 3.21 3.28 3.42 3.50 3.60 3.82 3.87 4.03 4.20 4.20 4.32 4.41 4.44 4.39 4.57 4.92 5.06 5.17 5.31 5.54 5.58 5.76 5.87 6.01 5.81 5.96 6.06 6.16 6.23 6.46 6.47 6.47 6.20 6.37 6.24 6.19 6.14 6.03 5.84 5.43 5.56 5.41 5.34 5.27 5.25 5.21 5.14 4.97 4.92 4.90 4.87 4.82 4.79 4.76 4.73 4.74 4.70
3.72 3.82 3.56 3.68 3.70 3.22 3.08 3.43 3.39 3.35 3.31 3.13 3.22 3.18 3.00 3.14 3.36 3.39 3.27 3.40 3.51 3.71 3.83 3.81 3.87 4.18 4.25 4.26 4.35 4.45 4.59 4.69 4.65 4.84 5.16 5.29 5.24 5.49 5.86 5.97 6.06 5.86 6.00 6.15 6.25 6.28 6.37 6.17 6.12 6.37 6.38 6.40 6.37 6.37 6.30 6.00 5.51 5.59 5.48 5.43 5.35 5.32 5.29 5.25 5.16 5.07 5.02 4.98 4.93 5.30 4.89 4.86 4.80 4.76 4.73
3.47 3.55 3.52 3.45 3.33 3.13 3.07 3.26 3.11 3.29 3.21 3.10 3.17 3.22 3.04 3.13 3.39 3.26 3.39 3.50 3.68 3.62 3.63 3.97 3.94 4.16 4.25 4.35 4.38 4.49 4.73 4.87 4.94 4.91 5.27 5.41 5.39 5.64 5.68 5.79 5.86 5.97 6.14 6.24 6.32 6.23 6.23 6.24 6.24 6.22 6.25 6.27 6.26 6.27 6.27 6.13 5.89 5.72 5.64 5.58 5.47 5.51 5.44 5.46 5.36 5.69 5.18 5.12 5.46 5.49 5.14 5.03 5.34 4.93 4.72
3.42 3.36 3.32 3.32 3.25 3.12 3.25 3.35 2.97 3.17 3.18 3.21 3.23 3.14 3.19 3.36 3.24 3.53 3.60 3.67 3.68 3.58 3.80 3.92 4.26 4.23 4.20 4.48 4.48 4.73 4.87 5.02 5.13 5.23 5.24 5.58 5.74 6.01 5.84 5.91 6.00 6.11 6.03 6.12 6.11 6.08 6.04 6.04 6.06 6.06 6.11 6.12 6.16 6.17 6.16 6.11 6.12 6.02 5.95 6.25 5.74 5.80 5.80 6.12 6.05 5.89 5.28 5.41 5.74 5.72 5.69 5.41 5.26 5.11 5.18
3.35 3.31 3.26 3.33 3.29 3.08 3.39 3.15 2.98 3.08 3.19 3.07 3.15 3.12 3.06 3.29 3.31 3.33 3.55 3.63 3.56 3.66 3.90 4.17 4.12 4.28 4.30 4.43 4.58 4.89 4.84 5.18 5.34 5.44 5.43 5.86 5.69 5.78 5.80 5.98 5.95 6.00 5.94 5.95 5.92 5.92 5.89 5.91 5.91 5.94 5.97 6.01 6.05 6.06 6.06 6.02 5.99 5.98 5.87 6.12 6.10 6.09 6.02 5.95 5.77 5.71 5.68 5.74 5.64 5.48 5.22 5.10 4.99 4.87 4.67
3.32 3.25 3.20 3.15 3.10 3.02 3.00 3.32 3.17 3.12 3.29 3.14 3.32 3.21 3.18 3.43 3.50 3.55 3.63 3.84 3.97 3.93 4.16 4.24 4.25 4.16 4.27 4.40 4.69 4.57 5.03 5.48 5.49 5.66 5.85 5.73 5.84 5.85 5.91 5.93 5.92 5.85 5.78 5.78 5.78 5.78 5.79 5.82 5.82 5.84 5.88 5.91 5.91 5.91 5.94 5.89 6.05 5.97 5.93 5.80 5.79 5.76 5.70 5.65 5.59 5.51 5.48 5.42 5.36 5.18 5.05 4.93 4.85 4.70 4.34
3.29 3.25 3.16 3.11 2.98 3.01 2.97 2.98 2.96 2.98 3.02 3.10 3.13 3.24 3.38 3.59 3.68 3.62 3.70 3.81 4.00 4.14 4.13 4.30 4.42 4.47 4.59 4.70 4.45 4.61 4.80 5.47 5.63 5.77 5.52 5.69 5.74 5.66 5.74 5.73 5.71 5.68 5.67 5.67 5.65 5.66 5.66 5.71 5.69 5.39 5.76 6.15 6.15 5.91 5.91 5.78 5.74 5.65 5.61 5.59 5.57 5.53 5.46 5.43 5.38 5.31 5.26 5.20 5.12 5.03 4.86 4.74 4.67 4.51 4.40
3.23 3.20 3.14 3.00 2.95 2.90 2.92 2.94 3.19 3.00 3.15 3.16 3.21 3.29 3.51 3.64 3.76 3.80 3.88 3.97 4.09 4.19 4.31 4.36 4.43 4.52 4.49 4.58 4.54 4.69 5.20 5.55 5.68 5.43 5.51 5.51 5.45 5.68 5.52 5.33 5.54 5.54 5.55 5.55 5.53 5.71 5.70 5.66 5.67 5.43 5.66 5.89 5.68 5.62 5.57 5.57 5.46 5.41 5.38 5.40 5.39 5.24 5.18 5.18 5.08 5.05 5.01 4.92 4.83 4.76 4.45 4.52 4.31 4.24 4.17
3.20 3.15 3.01 2.95 2.90 2.89 2.89 2.91 2.94 2.99 3.14 3.37 3.47 3.57 3.67 3.57 3.80 3.84 3.91 3.94 4.12 4.26 4.25 4.42 4.49 4.46 4.35 4.84 4.68 4.86 5.72 5.50 5.86 5.59 5.32 5.26 5.45 5.47 5.26 5.32 5.44 5.38 5.78 5.38 5.37 5.56 5.47 5.44 5.27 5.20 5.24 5.59 5.50 5.38 5.37 5.33 5.18 5.19 5.03 4.80 4.91 4.97 4.92 4.91 4.85 4.82 4.75 4.66 4.57 4.51 4.47 4.40 4.08 4.01 3.98
