maui/input/gr0_in_month_ascii/gr0_in_nov__maui.asc
ncols        356
nrows        236
xllcorner    -156.702000000000
yllcorner    20.529750000000
cellsize     0.002250000000
NODATA_value  -99.00
[rows 165 to 197 of 236, columns 225 to 299 of 356]
3.10 3.08 3.05 3.04 3.02 3.03 2.96 3.01 2.98 2.97 2.97 2.95 2.98 2.95 2.92 2.93 2.90 2.90 2.83 2.90 2.87 2.97 2.88 2.98 2.96 3.04 2.76 2.95 2.89 2.92 2.92 2.90 2.87 2.84 2.83 2.82 2.81 2.81 2.80 2.79 2.78 2.77 2.77 2.75 2.75 2.75 2.84 2.94 3.10 3.20 3.19 3.21 3.24 3.65 3.66 3.70 3.63 3.23 3.11 3.14 3.25 3.23 3.39 3.50 3.71 3.75 3.75 4.05 4.27 4.43 4.88 4.83 5.22 5.20 5.43
3.03 3.01 2.99 2.99 2.98 2.96 2.96 3.05 2.93 2.95 2.92 2.94 2.91 2.94 2.89 2.91 2.86 2.85 2.87 2.81 2.89 2.90 2.98 2.99 2.98 3.03 2.74 2.91 2.86 2.88 2.91 2.91 2.89 2.87 2.88 2.86 2.82 2.82 2.82 2.83 2.81 2.81 2.82 2.81 2.81 2.81 2.82 2.92 3.11 3.26 3.27 3.32 3.36 3.57 3.72 3.77 3.88 3.52 3.23 3.32 3.39 3.45 3.52 3.62 3.81 3.87 4.14 4.24 4.46 4.62 4.85 5.14 5.45 5.96 5.65
2.97 2.95 3.05 3.06 2.94 2.95 2.90 3.00 2.90 2.93 2.92 2.93 2.98 2.88 2.87 2.86 2.84 2.83 2.83 2.88 2.90 2.92 3.03 3.02 2.98 3.06 2.85 2.92 2.94 2.96 2.89 2.94 2.91 3.01 2.90 2.87 2.92 2.86 2.86 2.88 2.89 2.89 2.89 2.90 2.89 2.87 2.89 2.93 3.19 3.32 3.32 3.40 3.45 3.43 3.79 3.88 3.93 3.90 3.41 3.49 3.72 3.72 3.69 3.80 3.97 4.18 4.33 4.39 4.58 4.84 5.09 5.31 5.51 5.95 6.23
2.94 2.92 2.91 2.91 2.92 2.91 2.90 2.89 3.01 3.01 2.93 2.77 2.88 2.87 2.87 2.85 2.85 2.84 2.83 2.88 2.91 2.94 2.97 3.06 2.98 3.03 2.96 2.95 2.91 2.93 2.88 2.96 3.02 3.03 3.13 2.94 2.93 2.92 2.93 2.93 2.97 2.99 2.99 3.04 2.95 2.94 2.98 2.97 3.03 3.27 3.61 3.45 3.54 3.58 3.70 3.96 4.04 4.09 3.79 3.64 3.80 4.08 3.92 3.92 4.09 4.43 4.60 4.74 4.82 5.09 5.35 5.55 5.72 6.06 6.62
2.94 2.97 2.95 2.93 2.98 2.93 2.95 2.94 2.93 3.01 2.84 2.85 2.93 2.91 2.90 2.88 2.87 2.88 2.87 2.87 2.94 2.96 2.98 3.09 3.02 3.02 2.99 2.94 2.92 2.95 2.97 3.00 3.20 3.21 3.27 2.95 2.94 2.92 2.96 2.98 2.96 3.04 3.10 3.14 3.08 3.06 3.07 3.09 3.13 3.22 3.53 3.65 3.61 3.66 3.73 4.13 4.12 4.15 4.18 3.90 4.15 4.22 4.16 4.16 4.28 4.53 4.84 5.00 5.19 5.42 5.46 5.79 6.15 6.26 6.77
2.95 3.02 3.03 2.99 3.08 2.98 3.05 3.00 3.02 3.09 3.04 3.25 3.08 2.96 2.97 2.92 2.91 2.97 2.92 2.93 3.03 3.07 3.02 3.11 3.08 3.12 3.02 3.07 2.97 2.97 3.02 3.10 3.23 3.77 3.32 2.96 2.99 2.99 3.02 3.03 3.05 3.11 3.18 3.19 3.19 3.19 3.21 3.23 3.21 3.37 3.44 4.36 3.79 3.77 3.78 3.89 4.20 4.34 4.40 4.29 4.25 4.77 4.93 4.46 4.51 4.77 4.96 5.12 5.43 5.59 5.97 6.09 6.27 6.24 6.36
2.99 3.14 3.20 3.05 3.13 3.06 3.08 3.09 3.18 3.23 3.48 3.33 3.16 3.04 3.10 3.02 3.01 3.09 3.04 3.05 3.12 3.16 3.16 3.16 3.16 3.07 3.07 3.15 3.06 3.12 3.18 3.20 3.61 3.76 3.27 3.15 3.06 3.09 3.11 3.13 3.21 3.18 3.28 3.35 3.31 3.32 3.28 3.31 3.40 3.51 3.67 3.92 4.44 3.96 3.77 3.85 4.26 4.46 4.51 4.51 4.51 5.06 5.16 4.78 4.79 4.98 5.16 5.51 5.80 5.97 6.10 6.69 6.20 6.31 -9999.00
3.07 3.36 3.23 3.15 3.24 3.21 3.16 3.22 3.44 3.40 3.41 3.29 3.16 3.16 3.27 3.12 3.16 3.22 3.18 3.27 3.19 3.26 3.24 3.24 3.22 3.13 3.14 3.15 3.27 3.41 3.26 3.36 3.73 3.67 3.31 3.18 3.13 3.17 3.21 3.25 3.27 3.31 3.36 3.45 3.46 3.50 3.43 3.60 3.58 3.65 3.71 3.95 4.37 4.36 4.12 4.12 4.24 4.64 4.65 4.67 4.75 5.26 5.33 5.13 5.11 5.26 5.60 5.66 6.13 6.25 6.48 6.24 6.27 -9999.00 -9999.00
3.21 3.56 3.41 3.48 3.48 3.45 3.34 3.47 3.61 3.64 3.52 3.51 3.30 3.35 3.28 3.27 3.29 3.40 3.43 3.40 3.39 3.34 3.27 3.25 3.23 3.23 3.30 3.28 3.31 3.74 3.40 3.78 4.37 3.44 3.35 3.31 3.24 3.27 3.29 3.36 3.41 3.49 3.49 3.49 3.71 3.64 3.67 3.76 3.84 3.91 3.97 4.07 4.30 4.77 4.39 4.33 4.52 4.57 4.80 4.88 5.19 5.28 5.57 5.68 5.44 5.58 5.80 6.04 6.31 6.97 6.36 6.35 -9999.00 -9999.00 -9999.00
3.51 3.54 3.65 3.55 3.46 3.50 3.56 3.52 3.59 4.18 3.93 3.80 3.59 3.56 3.45 3.47 3.50 3.53 3.59 3.58 3.38 3.49 3.35 3.35 3.34 3.40 3.46 3.43 3.50 3.70 3.61 4.25 4.25 3.60 3.46 3.42 3.40 3.42 3.45 3.50 3.56 3.67 3.67 3.72 3.79 3.93 3.91 3.99 4.05 4.18 4.18 4.27 4.55 4.53 4.78 4.53 4.72 4.81 4.88 5.05 5.11 5.30 5.42 5.86 5.91 6.05 6.11 6.38 6.77 6.47 6.50 -9999.00 -9999.00 -9999.00 -9999.00
3.68 3.82 3.66 3.80 3.70 3.68 3.80 3.69 3.88 4.08 3.91 4.02 3.69 3.65 3.65 3.71 3.79 3.76 3.70 3.65 3.65 3.60 3.46 3.48 3.52 3.56 3.58 3.59 3.81 3.82 4.01 4.21 4.52 3.77 3.61 3.61 3.58 3.59 3.62 3.66 3.72 3.77 3.81 3.91 3.91 4.32 4.12 4.21 4.30 4.26 4.53 4.47 4.65 4.87 4.87 4.92 5.04 5.05 5.19 5.28 5.30 5.43 5.65 5.98 6.16 6.29 6.51 6.75 6.92 6.63 -9999.00 -9999.00 -9999.00 -9999.00 -9999.00
3.84 4.26 3.88 3.92 4.09 3.89 3.99 3.91 3.96 4.15 4.41 4.13 3.99 3.91 3.85 3.99 4.17 3.97 3.91 3.92 3.76 3.68 3.67 3.70 3.76 3.79 3.79 3.85 4.14 3.98 4.39 4.47 4.77 4.10 3.81 3.81 3.76 3.77 3.81 3.86 3.89 3.97 4.11 4.27 4.14 4.21 4.45 4.37 4.55 4.59 4.67 4.85 4.79 5.45 5.01 5.28 5.50 5.24 5.51 5.52 5.64 5.73 5.88 6.09 6.36 6.45 6.67 6.94 6.95 6.79 -9999.00 -9999.00 -9999.00 -9999.00 -9999.00
3.96 4.46 4.07 4.12 4.07 4.20 4.14 4.10 4.14 4.43 4.70 4.41 4.39 4.36 4.10 4.20 4.24 4.37 4.11 4.01 3.99 3.90 3.92 3.93 3.95 3.99 4.03 4.12 4.32 4.45 4.55 4.94 4.65 4.16 4.07 4.00 3.97 3.96 4.00 4.07 4.10 4.14 4.36 4.31 4.43 4.38 4.83 4.78 4.91 5.18 4.92 5.22 5.28 5.56 5.40 5.59 5.60 5.70 5.70 5.81 5.95 6.03 6.10 6.40 6.57 6.65 7.00 7.12 6.90 6.92 -9999.00 -9999.00 -9999.00 -9999.00 -9999.00
4.18 4.22 4.76 4.50 4.31 4.38 4.51 4.40 4.44 4.44 4.55 4.57 4.44 4.61 4.43 4.46 4.43 4.45 4.44 4.34 4.13 4.13 4.09 4.17 4.20 4.23 4.32 4.39 4.82 4.72 4.85 5.31 4.67 4.47 4.33 4.25 4.24 4.24 4.26 4.27 4.37 4.36 4.52 4.55 4.72 4.65 4.85 4.82 5.29 5.11 5.48 5.77 5.42 5.71 6.16 5.85 5.94 5.98 6.07 6.25 6.20 6.31 6.38 6.49 6.72 7.03 7.15 7.25 7.00 -9999.00 -9999.00 -9999.00 -9999.00 -9999.00 -9999.00
4.40 4.41 4.53 4.47 4.90 4.52 4.66 4.67 4.64 4.78 4.74 4.72 4.67 4.76 4.69 4.65 4.75 4.62 4.71 4.36 4.38 4.38 4.32 4.41 4.46 4.56 4.59 4.63 5.00 5.07 5.23 4.89 5.59 4.60 4.61 4.57 4.52 4.53 4.57 4.53 4.54 4.61 4.65 4.89 4.79 5.29 4.99 5.49 5.12 6.35 5.60 5.65 6.28 5.95 6.44 6.21 6.25 6.27 6.42 6.45 6.46 6.53 6.62 6.76 6.93 7.16 7.08 7.07 7.07 -9999.00 -9999.00 -9999.00 -9999.00 -9999.00 -9999.00
4.56 4.57 4.65 4.81 4.86 5.05 4.91 4.80 4.87 4.98 4.91 5.14 4.93 4.89 4.98 4.96 4.81 4.85 4.77 4.65 4.61 4.63 4.64 4.66 4.70 4.76 4.85 4.88 5.22 5.29 5.27 5.16 5.57 5.04 4.86 4.84 4.80 4.78 4.83 4.92 4.78 4.89 4.88 5.05 5.01 5.32 5.41 5.41 5.77 5.66 6.71 6.43 6.57 6.61 6.66 6.48 6.51 6.46 6.51 6.66 6.70 6.67 6.80 6.95 7.16 7.22 7.20 7.14 -9999.00 -9999.00 -9999.00 -9999.00 -9999.00 -9999.00 -9999.00
4.71 4.72 4.88 4.98 5.21 5.27 5.21 5.11 5.11 5.23 5.19 5.36 5.12 5.19 5.13 5.11 5.04 4.97 4.94 4.89 4.88 4.91 4.90 4.90 4.95 5.05 5.13 5.17 5.41 5.38 5.29 6.04 5.30 5.38 5.14 5.15 5.13 5.06 5.12 5.25 5.10 5.11 5.33 5.20 5.41 5.43 6.53 5.67 5.99 6.03 6.77 6.39 6.45 6.94 6.89 6.85 6.82 6.82 6.76 6.82 6.98 6.97 7.02 7.18 7.24 7.32 7.14 7.16 -9999.00 -9999.00 -9999.00 -9999.00 -9999.00 -9999.00 -9999.00
4.85 4.95 5.04 5.14 5.20 5.52 5.47 5.49 5.44 5.35 5.49 5.51 5.57 5.47 5.55 5.32 5.17 5.21 5.15 5.13 5.09 5.09 5.04 5.13 5.16 5.32 5.38 5.40 5.55 5.60 5.42 5.97 5.52 5.51 5.42 5.49 5.54 5.46 5.46 5.62 5.50 5.46 5.94 5.71 5.61 5.80 5.88 6.51 6.41 6.47 6.68 6.48 6.65 6.67 6.86 7.12 7.07 7.07 7.10 7.06 7.13 7.15 7.51 7.10 7.15 7.16 7.19 -9999.00 -9999.00 -9999.00 -9999.00 -9999.00 -9999.00 -9999.00 -9999.00
5.11 5.22 5.25 5.36 5.69 5.85 5.90 5.66 5.69 5.66 5.69 5.59 5.61 5.74 5.57 5.67 5.61 5.41 5.36 5.37 5.33 5.29 5.27 5.35 5.40 5.50 5.53 5.63 5.64 5.82 5.77 5.74 6.10 5.83 5.75 5.93 5.92 5.85 5.89 6.08 5.91 5.87 6.08 6.61 6.10 6.07 6.22 6.39 7.20 6.45 6.50 6.54 -9999.00 6.71 6.86 6.94 7.27 7.21 7.01 7.01 7.04 7.08 7.13 7.17 -9999.00 -9999.00 -9999.00 -9999.00 -9999.00 -9999.00 -9999.00 -9999.00 -9999.00 -9999.00 -9999.00
5.36 5.48 5.51 5.58 5.63 5.77 6.34 5.83 5.86 5.89 5.71 5.76 5.71 5.78 5.81 5.91 5.86 5.76 5.53 5.59 5.59 5.62 5.56 5.56 5.59 5.65 5.77 5.78 5.81 5.91 6.03 6.12 6.61 6.17 6.25 6.35 6.30 6.24 6.40 6.49 6.29 6.25 6.72 7.03 6.44 6.48 6.68 6.85 6.52 6.58 -9999.00 -9999.00 -9999.00 -9999.00 -9999.00 6.98 7.05 7.07 7.09 -9999.00 -9999.00 -9999.00 -9999.00 -9999.00 -9999.00 -9999.00 -9999.00 -9999.00 -9999.00 -9999.00 -9999.00 -9999.00 -9999.00 -9999.00 -9999.00
5.60 5.75 5.78 5.96 5.98 6.04 6.09 6.18 6.11 6.11 6.25 5.90 5.99 6.10 5.98 6.05 6.03 6.05 5.82 5.80 5.74 5.82 5.87 5.81 5.80 5.84 5.93 6.00 6.13 6.19 6.26 6.37 6.71 6.46 6.77 6.74 6.70 6.73 6.79 6.96 6.64 6.62 7.13 6.98 6.84 7.07 6.57 6.59 6.60 -9999.00 -9999.00 -9999.00 -9999.00 -9999.00 -9999.00 -9999.00 -9999.00 -9999.00 -9999.00 -9999.00 -9999.00 -9999.00 -9999.00 -9999.00 -9999.00 -9999.00 -9999.00 -9999.00 -9999.00 -9999.00 -9999.00 -9999.00 -9999.00 -9999.00 -9999.00
5.91 5.96 6.07 6.17 6.27 6.29 6.29 6.41 6.47 6.11 6.06 6.21 6.15 6.18 6.18 6.18 6.18 6.29 6.05 5.94 5.98 6.04 6.02 5.99 6.05 6.00 6.14 6.26 6.33 6.37 6.44 6.62 6.70 7.07 7.06 7.10 7.08 7.19 7.41 7.39 7.18 6.81 6.74 6.76 6.79 6.76 6.68 -9999.00 -9999.00 -9999.00 -9999.00 -9999.00 -9999.00 -9999.00 -9999.00 -9999.00 -9999.00 -9999.00 -9999.00 -9999.00 -9999.00 -9999.00 -9999.00 -9999.00 -9999.00 -9999.00 -9999.00 -9999.00 -9999.00 -9999.00 -9999.00 -9999.00 -9999.00 -9999.00 -9999.00
6.31 6.22 6.35 6.37 6.60 6.54 6.60 6.53 6.66 6.39 6.39 6.34 6.40 6.39 6.38 6.34 6.41 6.46 6.24 6.14 6.26 6.20 6.22 6.25 6.25 6.20 6.32 6.45 6.54 6.53 6.56 6.70 6.88 7.06 7.23 7.22 7.48 7.51 7.12 7.03 6.99 6.93 -9999.00 -9999.00 -9999.00 6.78 -9999.00 -9999.00 -9999.00 -9999.00 -9999.00 -9999.00 -9999.00 -9999.00 -9999.00 -9999.00 -9999.00 -9999.00 -9999.00 -9999.00 -9999.00 -9999.00 -9999.00 -9999.00 -9999.00 -9999.00 -9999.00 -9999.00 -9999.00 -9999.00 -9999.00 -9999.00 -9999.00 -9999.00 -9999.00
6.49 6.60 6.65 6.70 6.77 6.85 6.86 6.82 6.50 6.66 6.64 6.66 6.56 6.52 6.50 6.53 6.66 6.64 6.38 6.53 6.41 6.37 6.38 6.43 6.47 6.47 6.52 6.59 6.61 6.71 6.77 6.87 7.02 7.23 7.37 7.48 7.55 7.32 7.27 -9999.00 -9999.00 -9999.00 -9999.00 -9999.00 -9999.00 -9999.00 -9999.00 -9999.00 -9999.00 -9999.00 -9999.00 -9999.00 -9999.00 -9999.00 -9999.00 -9999.00 -9999.00 -9999.00 -9999.00 -9999.00 -9999.00 -9999.00 -9999.00 -9999.00 -9999.00 -9999.00 -9999.00 -9999.00 -9999.00 -9999.00 -9999.00 -9999.00 -9999.00 -9999.00 -9999.00
6.85 6.92 6.99 6.91 7.19 7.11 7.11 6.98 7.28 7.01 6.85 6.96 6.87 6.65 6.60 6.72 6.75 6.89 6.76 6.69 6.60 6.52 6.58 6.61 6.61 6.68 6.72 6.79 6.87 6.90 6.90 7.04 7.18 7.34 7.52 7.59 7.40 7.36 -9999.00 -9999.00 -9999.00 -9999.00 -9999.00 -9999.00 -9999.00 -9999.00 -9999.00 -9999.00 -9999.00 -9999.00 -9999.00 -9999.00 -9999.00 -9999.00 -9999.00 -9999.00 -9999.00 -9999.00 -9999.00 -9999.00 -9999.00 -9999.00 -9999.00 -9999.00 -9999.00 -9999.00 -9999.00 -9999.00 -9999.00 -9999.00 -9999.00 -9999.00 -9999.00 -9999.00 -9999.00
7.12 7.22 7.26 7.22 7.35 7.36 7.25 7.60 7.28 7.26 7.24 7.13 6.98 6.92 6.72 6.56 6.84 7.10 6.93 6.89 6.81 6.71 6.77 6.80 6.84 6.84 6.87 6.91 7.01 7.11 7.25 7.16 7.27 7.44 7.49 7.42 7.43 -9999.00 -9999.00 -9999.00 -9999.00 -9999.00 -9999.00 -9999.00 -9999.00 -9999.00 -9999.00 -9999.00 -9999.00 -9999.00 -9999.00 -9999.00 -9999.00 -9999.00 -9999.00 -9999.00 -9999.00 -9999.00 -9999.00 -9999.00 -9999.00 -9999.00 -9999.00 -9999.00 -9999.00 -9999.00 -9999.00 -9999.00 -9999.00 -9999.00 -9999.00 -9999.00 -9999.00 -9999.00 -9999.00
7.46 7.37 7.46 7.55 7.58 7.47 7.42 7.57 7.48 7.36 7.61 7.21 7.05 6.98 6.74 6.82 7.03 7.32 7.02 7.00 6.95 7.06 6.86 6.97 7.03 7.06 7.06 7.11 7.28 7.37 7.44 7.28 7.30 7.34 7.39 7.43 -9999.00 -9999.00 -9999.00 -9999.00 -9999.00 -9999.00 -9999.00 -9999.00 -9999.00 -9999.00 -9999.00 -9999.00 -9999.00 -9999.00 -9999.00 -9999.00 -9999.00 -9999.00 -9999.00 -9999.00 -9999.00 -9999.00 -9999.00 -9999.00 -9999.00 -9999.00 -9999.00 -9999.00 -9999.00 -9999.00 -9999.00 -9999.00 -9999.00 -9999.00 -9999.00 -9999.00 -9999.00 -9999.00 -9999.00
7.28 7.31 7.38 7.43 7.81 7.71 7.67 7.72 7.72 7.80 7.94 7.27 7.11 7.11 7.13 7.34 7.33 7.53 7.15 7.15 7.18 7.26 7.09 7.13 7.21 7.26 7.24 7.29 7.42 7.53 7.55 7.36 -9999.00 -9999.00 -9999.00 -9999.00 -9999.00 -9999.00 -9999.00 -9999.00 -9999.00 -9999.00 -9999.00 -9999.00 -9999.00 -9999.00 -9999.00 -9999.00 -9999.00 -9999.00 -9999.00 -9999.00 -9999.00 -9999.00 -9999.00 -9999.00 -9999.00 -9999.00 -9999.00 -9999.00 -9999.00 -9999.00 -9999.00 -9999.00 -9999.00 -9999.00 -9999.00 -9999.00 -9999.00 -9999.00 -9999.00 -9999.00 -9999.00 -9999.00 -9999.00
-9999.00 -9999.00 -9999.00 7.51 7.54 7.58 7.64 7.68 8.03 8.01 8.01 8.05 7.40 7.54 7.66 7.66 7.60 7.25 7.21 7.17 7.14 7.15 7.77 7.38 7.31 7.39 7.47 7.47 7.57 7.66 7.43 7.43 -9999.00 -9999.00 -9999.00 -9999.00 -9999.00 -9999.00 -9999.00 -9999.00 -9999.00 -9999.00 -9999.00 -9999.00 -9999.00 -9999.00 -9999.00 -9999.00 -9999.00 -9999.00 -9999.00 -9999.00 -9999.00 -9999.00 -9999.00 -9999.00 -9999.00 -9999.00 -9999.00 -9999.00 -9999.00 -9999.00 -9999.00 -9999.00 -9999.00 -9999.00 -9999.00 -9999.00 -9999.00 -9999.00 -9999.00 -9999.00 -9999.00 -9999.00 -9999.00
-9999.00 -9999.00 -9999.00 -9999.00 -9999.00 -9999.00 -9999.00 7.77 7.84 7.96 7.95 7.99 8.03 8.03 7.91 7.51 7.44 7.36 -9999.00 -9999.00 -9999.00 7.24 7.32 7.40 7.56 7.53 7.62 7.52 7.51 7.48 7.49 -9999.00 -9999.00 -9999.00 -9999.00 -9999.00 -9999.00 -9999.00 -9999.00 -9999.00 -9999.00 -9999.00 -9999.00 -9999.00 -9999.00 -9999.00 -9999.00 -9999.00 -9999.00 -9999.00 -9999.00 -9999.00 -9999.00 -9999.00 -9999.00 -9999.00 -9999.00 -9999.00 -9999.00 -9999.00 -9999.00 -9999.00 -9999.00 -9999.00 -9999.00 -9999.00 -9999.00 -9999.00 -9999.00 -9999.00 -9999.00 -9999.00 -9999.00 -9999.00 -9999.00
-9999.00 -9999.00 -9999.00 -9999.00 -9999.00 -9999.00 -9999.00 -9999.00 7.88 7.92 7.92 7.90 7.86 7.80 7.70 7.62 -9999.00 -9999.00 -9999.00 -9999.00 -9999.00 -9999.00 -9999.00 7.48 7.80 7.95 7.85 7.58 -9999.00 -9999.00 -9999.00 -9999.00 -9999.00 -9999.00 -9999.00 -9999.00 -9999.00 -9999.00 -9999.00 -9999.00 -9999.00 -9999.00 -9999.00 -9999.00 -9999.00 -9999.00 -9999.00 -9999.00 -9999.00 -9999.00 -9999.00 -9999.00 -9999.00 -9999.00 -9999.00 -9999.00 -9999.00 -9999.00 -9999.00 -9999.00 -9999.00 -9999.00 -9999.00 -9999.00 -9999.00 -9999.00 -9999.00 -9999.00 -9999.00 -9999.00 -9999.00 -9999.00 -9999.00 -9999.00 -9999.00
-9999.00 -9999.00 -9999.00 -9999.00 -9999.00 -9999.00 -9999.00 -9999.00 -9999.00 -9999.00 7.93 -9999.00 -9999.00 -9999.00 7.77 -9999.00 -9999.00 -9999.00 -9999.00 -9999.00 -9999.00 -9999.00 -9999.00 7.53 7.61 7.62 7.65 7.63 -9999.00 -9999.00 -9999.00 -9999.00 -9999.00 -9999.00 -9999.00 -9999.00 -9999.00 -9999.00 -9999.00 -9999.00 -9999.00 -9999.00 -9999.00 -9999.00 -9999.00 -9999.00 -9999.00 -9999.00 -9999.00 -9999.00 -9999.00 -9999.00 -9999.00 -9999.00 -9999.00 -9999.00 -9999.00 -9999.00 -9999.00 -9999.00 -9999.00 -9999.00 -9999.00 -9999.00 -9999.00 -9999.00 -9999.00 -9999.00 -9999.00 -9999.00 -9999.00 -9999.00 -9999.00 -9999.00 -9999.00
-9999.00 -9999.00 -9999.00 -9999.00 -9999.00 -9999.00 -9999.00 -9999.00 -9999.00 -9999.00 -9999.00 -9999.00 -9999.00 -9999.00 -9999.00 -9999.00 -9999.00 -9999.00 -9999.00 -9999.00 -9999.00 -9999.00 -9999.00 -9999.00 7.69 -9999.00 -9999.00 -9999.00 -9999.00 -9999.00 -9999.00 -9999.00 -9999.00 -9999.00 -9999.00 -9999.00 -9999.00 -9999.00 -9999.00 -9999.00 -9999.00 -9999.00 -9999.00 -9999.00 -9999.00 -9999.00 -9999.00 -9999.00 -9999.00 -9999.00 -9999.00 -9999.00 -9999.00 -9999.00 -9999.00 -9999.00 -9999.00 -9999.00 -9999.00 -9999.00 -9999.00 -9999.00 -9999.00 -9999.00 -9999.00 -9999.00 -9999.00 -9999.00 -9999.00 -9999.00 -9999.00 -9999.00 -9999.00 -9999.00 -9999.00
