maui/input/gr0_in_month_ascii/gr0_in_sep__maui.asc
ncols        356
nrows        236
xllcorner    -156.702000000000
yllcorner    20.529750000000
cellsize     0.002250000000
NODATA_value  -99.00
[rows 66 to 98 of 236, columns 150 to 224 of 356]
8.92 8.86 8.92 8.85 8.88 8.75 8.69 8.60 8.71 8.40 8.40 8.12 8.12 7.95 7.97 8.48 7.94 7.95 7.82 7.83 7.69 7.38 7.85 8.09 7.48 7.38 7.72 7.24 7.39 7.37 7.72 7.74 7.34 7.44 7.03 7.02 7.17 7.32 7.06 6.96 7.04 7.05 6.99 7.86 7.39 7.45 7.39 7.31 7.51 7.29 7.43 7.69 7.20 7.67 7.57 7.66 7.72 7.84 8.07 7.89 8.15 8.23 8.45 8.49 8.18 8.57 8.40 8.41 -9999.00 -9999.00 -9999.00 -9999.00 -9999.00 -9999.00 -9999.00
8.86 8.80 8.70 8.75 8.80 8.70 8.62 8.57 8.39 8.29 8.13 8.06 7.96 7.86 7.79 8.49 7.78 7.84 7.67 7.78 7.70 7.85 7.53 7.60 7.73 7.34 7.54 7.56 7.42 7.32 7.56 7.27 7.19 7.35 7.19 7.12 7.02 7.06 6.93 6.90 6.69 7.06 7.19 7.31 7.32 7.02 7.11 7.24 7.14 7.15 7.43 7.34 7.43 7.62 7.24 7.39 7.61 7.66 7.61 7.84 8.03 8.16 8.24 8.14 8.26 8.38 8.14 8.34 -9999.00 -9999.00 -9999.00 -9999.00 -9999.00 -9999.00 -9999.00
8.79 8.69 8.64 8.69 8.56 8.59 8.48 8.42 8.36 8.17 8.02 8.07 7.77 7.74 7.67 8.02 7.89 7.73 7.24 7.38 7.38 7.45 7.37 7.27 7.37 7.59 7.21 7.24 7.29 7.06 7.46 7.48 7.15 6.87 7.11 7.03 7.07 6.65 6.87 6.88 6.73 6.88 6.96 7.36 7.06 6.96 6.92 7.05 6.96 7.22 7.14 7.25 7.21 7.48 7.25 7.36 7.43 7.61 7.60 7.68 7.73 7.87 7.95 8.09 8.16 8.20 8.09 8.27 -9999.00 -9999.00 -9999.00 -9999.00 -9999.00 -9999.00 -9999.00
8.72 8.46 8.56 8.53 8.41 8.47 8.36 8.28 8.17 8.02 7.92 7.90 7.73 7.65 7.60 7.69 7.67 7.55 7.53 7.39 7.27 7.27 7.25 7.12 7.06 7.35 7.11 7.08 7.33 6.91 7.19 6.97 7.36 7.04 7.05 7.03 6.99 6.79 6.70 6.49 6.56 6.71 7.34 6.90 6.95 6.86 6.91 6.89 6.94 7.03 6.93 7.03 7.09 7.39 7.39 7.16 7.33 7.32 7.58 7.37 7.59 7.65 7.74 8.10 8.24 8.01 8.26 8.17 8.17 8.17 -9999.00 -9999.00 -9999.00 -9999.00 -9999.00
8.66 8.41 8.52 8.42 8.28 8.27 8.23 8.18 8.15 7.94 7.76 7.67 7.63 7.54 7.51 7.40 8.27 7.37 7.34 7.20 7.15 7.14 7.44 7.17 6.97 7.34 7.08 7.03 7.24 6.89 7.14 6.79 6.89 7.11 6.93 6.66 6.87 6.74 6.68 6.37 6.60 6.78 6.72 6.87 6.96 6.76 6.94 6.61 6.80 6.90 6.81 6.81 7.09 7.22 7.26 7.00 7.34 7.37 7.23 7.21 7.43 7.66 7.89 7.83 8.05 8.13 8.73 8.07 8.12 8.12 8.12 8.14 -9999.00 -9999.00 -9999.00
8.84 8.56 8.42 8.37 8.25 8.10 8.13 7.96 7.85 8.01 7.61 7.42 7.49 7.26 7.28 7.31 7.35 7.11 7.07 6.96 6.91 6.97 7.22 7.09 6.90 7.36 6.86 6.88 7.14 6.87 7.01 6.63 6.65 6.82 6.75 6.78 6.82 6.71 6.61 6.52 6.71 6.98 6.78 6.67 6.72 6.61 6.76 6.51 6.61 6.74 6.65 6.84 6.81 6.94 7.07 6.85 6.97 7.03 7.27 7.12 7.10 7.55 7.68 7.49 7.37 8.02 7.70 7.98 8.31 8.10 8.16 8.09 8.09 -9999.00 -9999.00
8.62 8.52 8.32 8.17 8.15 8.15 7.95 7.78 7.69 7.67 7.49 7.36 7.35 7.32 7.13 7.11 7.04 7.75 6.85 6.74 6.61 6.71 7.03 6.90 6.82 6.91 7.15 6.86 6.91 6.84 6.95 6.70 6.60 6.62 6.72 6.64 6.63 6.59 6.45 6.42 6.49 6.73 6.87 6.40 6.51 6.56 6.54 6.48 6.61 6.65 6.49 6.54 6.73 6.80 6.89 6.79 6.83 6.72 6.80 6.97 6.97 7.19 7.54 7.11 7.37 7.47 7.69 8.04 7.81 8.26 8.27 7.88 8.12 8.19 -9999.00
8.57 8.44 8.32 8.11 8.06 7.91 7.83 7.82 7.59 7.46 7.73 7.28 7.19 7.11 6.99 6.94 6.95 7.20 7.17 6.70 6.43 6.53 6.89 6.84 6.84 6.77 6.79 6.69 6.68 6.86 6.61 6.28 6.44 6.73 6.69 6.42 6.59 6.51 6.34 6.23 6.40 6.56 6.63 6.43 6.44 6.37 6.53 6.25 6.41 6.50 6.45 6.37 6.54 6.63 6.73 6.58 6.65 6.70 6.61 6.84 6.89 6.87 7.23 6.99 7.23 7.34 7.61 7.41 7.95 7.76 8.03 7.85 8.30 8.22 8.38
8.49 8.38 8.11 8.04 8.05 7.70 7.74 7.66 7.51 7.39 7.31 7.54 7.34 7.00 7.00 6.85 6.81 7.10 7.95 6.96 6.44 6.39 6.87 6.59 6.78 6.67 6.78 6.53 6.51 6.61 6.46 6.58 6.36 6.65 6.51 6.28 6.37 6.30 6.19 6.16 6.58 6.11 6.48 6.25 6.34 6.03 6.19 6.26 6.20 6.31 6.44 6.20 6.25 6.31 6.58 6.43 6.29 6.39 6.51 6.63 6.49 6.93 6.80 7.06 6.88 7.08 7.21 7.22 7.88 7.79 7.61 7.67 8.08 8.43 9.03
8.38 8.30 8.09 7.91 7.81 7.74 7.75 7.49 7.36 7.20 7.03 7.14 7.12 6.98 6.84 6.90 6.77 6.74 7.61 6.81 6.73 6.63 6.68 6.62 6.64 6.41 6.40 6.70 6.19 6.31 6.36 6.36 6.18 6.57 6.44 6.19 6.20 6.26 6.11 6.08 6.47 6.14 6.40 6.15 6.12 5.94 6.04 6.34 6.12 6.37 6.10 6.09 5.97 6.15 6.26 6.19 6.14 6.25 6.26 6.31 6.39 6.54 6.77 6.77 6.95 6.96 7.04 7.16 7.36 7.51 7.46 7.72 7.85 8.39 8.54
8.31 8.19 8.19 8.21 7.78 7.68 7.59 7.45 7.20 7.11 6.96 6.96 6.97 6.86 6.88 6.73 6.71 6.66 7.09 6.73 6.61 6.63 6.48 6.43 6.40 6.33 6.30 6.56 6.39 6.23 6.32 6.28 6.28 6.19 6.31 6.15 6.10 5.96 5.97 6.13 6.44 5.91 6.22 5.94 5.91 5.90 5.94 6.12 6.10 6.08 5.99 5.91 6.11 5.86 6.14 5.89 6.03 6.05 6.09 6.07 6.36 6.41 6.64 6.59 6.74 6.78 6.88 7.16 7.17 7.14 7.18 7.39 7.65 8.35 9.05
8.20 8.23 8.01 7.90 8.08 7.68 7.47 7.30 7.27 7.18 7.31 7.01 6.91 6.76 6.69 6.63 6.56 6.58 7.11 6.58 6.55 6.44 6.37 6.52 6.32 6.31 6.29 6.33 6.42 6.18 6.23 6.11 6.16 6.02 6.31 6.22 5.95 5.84 5.89 6.06 6.07 5.91 5.99 6.14 5.81 5.68 5.84 5.87 5.74 5.83 5.78 5.72 5.88 5.80 5.78 5.73 5.69 5.79 5.93 5.92 6.02 6.20 6.28 6.44 6.52 6.70 7.10 6.92 7.06 7.05 7.14 7.45 7.73 7.62 8.59
8.14 8.05 7.90 7.76 7.64 7.74 7.43 7.33 7.20 7.11 7.09 6.96 6.89 6.67 6.58 6.53 6.44 6.46 7.27 6.40 6.35 6.29 6.34 6.43 6.44 6.20 6.12 6.21 6.18 6.14 6.06 5.97 5.91 6.06 6.10 6.17 5.82 5.82 5.88 5.84 6.09 5.78 5.99 6.01 5.88 5.59 5.53 5.78 5.66 5.74 5.52 5.55 5.69 5.70 5.57 5.62 5.58 5.61 5.70 5.84 5.90 6.16 6.03 6.18 6.36 6.76 6.69 6.80 6.93 6.88 6.87 7.32 7.34 7.78 7.62
7.92 7.90 7.82 7.65 7.57 7.56 7.57 7.32 7.17 7.03 6.92 6.79 6.76 6.67 6.47 6.44 6.32 6.59 6.53 6.28 6.19 6.17 6.16 6.20 6.28 6.05 6.17 6.24 6.24 6.04 5.99 5.97 5.78 5.95 6.14 5.89 5.76 5.70 5.71 5.66 5.97 5.68 5.81 5.66 5.75 5.33 5.35 5.59 5.38 5.51 5.44 5.45 5.46 5.43 5.53 5.51 5.34 5.39 5.48 5.68 5.77 5.98 5.93 6.02 6.17 6.28 6.35 6.61 6.64 6.77 7.11 7.08 7.20 7.42 7.74
7.84 7.76 7.65 7.53 7.45 7.43 7.26 7.17 7.11 7.09 7.04 6.76 6.66 6.69 6.52 6.36 6.28 6.93 6.49 6.38 6.15 6.07 6.01 6.04 6.06 6.25 5.93 6.09 6.07 5.95 5.88 5.86 5.70 5.61 5.76 5.74 5.81 5.60 5.61 5.57 5.82 5.71 5.52 5.38 5.46 5.26 5.32 5.29 5.28 5.32 5.25 5.29 5.39 5.28 5.25 5.36 5.26 5.27 5.31 5.48 5.60 5.60 5.78 5.71 6.23 6.00 6.13 6.25 6.52 6.58 6.67 6.84 6.79 7.49 7.18
7.69 7.63 7.57 7.50 7.39 7.30 7.11 7.14 7.01 6.86 6.87 6.98 6.63 6.56 6.43 6.35 6.28 6.17 6.69 6.28 6.14 6.04 5.97 5.99 6.03 5.89 6.06 6.12 5.86 5.72 5.76 5.68 5.63 5.52 5.62 5.55 5.58 5.39 5.46 5.44 5.82 5.30 5.49 5.28 5.64 5.21 5.17 5.15 5.12 5.21 5.15 5.09 5.19 5.09 5.15 5.15 5.09 5.08 5.12 5.31 5.47 5.54 5.61 5.63 5.81 5.82 5.90 6.11 6.39 6.43 6.49 6.61 6.61 6.68 6.93
7.65 7.61 7.51 7.42 7.27 7.24 7.22 6.94 6.86 6.83 6.69 6.82 6.60 6.50 6.48 6.30 6.29 6.21 6.20 6.25 5.98 5.97 5.84 5.76 5.85 5.73 5.95 5.84 5.77 5.69 5.71 5.64 5.48 5.43 5.50 5.53 5.53 5.42 5.32 5.30 5.60 5.46 5.33 5.14 5.31 5.44 5.01 5.09 4.96 5.13 4.97 4.93 5.10 5.01 4.99 5.01 4.95 4.93 5.04 5.16 5.40 5.37 5.46 5.55 5.58 5.72 5.96 5.99 6.07 6.22 6.27 6.31 6.49 6.53 6.79
7.53 7.48 7.40 7.28 7.18 7.09 6.99 6.95 6.81 6.72 6.66 6.41 6.79 6.64 6.33 6.22 6.19 6.09 6.10 6.12 6.33 5.88 5.90 5.71 5.68 5.73 5.88 5.85 5.68 5.68 5.48 5.58 5.52 5.39 5.46 5.45 5.43 5.18 5.22 5.23 5.44 5.45 5.08 5.05 4.98 5.11 4.95 4.91 4.81 4.96 4.80 4.84 4.77 4.79 4.83 4.81 4.77 4.79 4.88 4.96 5.26 5.12 5.32 5.24 5.34 5.58 5.73 5.81 5.86 5.91 6.05 6.12 6.21 6.29 6.57
7.77 7.51 7.30 7.20 7.13 7.00 6.88 6.86 6.75 6.61 6.71 6.24 6.18 6.37 6.31 6.15 6.08 6.20 5.99 6.10 5.91 6.10 5.94 5.73 5.75 5.68 5.80 5.71 5.68 5.48 5.51 5.44 5.43 5.32 5.24 5.45 5.27 5.21 5.24 5.18 5.24 5.26 5.07 4.89 5.07 4.98 5.03 4.72 4.70 4.70 4.64 4.73 4.64 4.60 4.61 4.59 4.57 4.60 4.75 4.69 4.98 5.04 5.19 5.35 5.24 5.32 5.43 5.47 5.37 5.64 5.95 5.87 6.03 6.25 6.20
7.49 7.41 7.19 7.34 7.02 6.93 6.82 6.72 6.69 6.57 6.34 6.75 6.40 6.53 6.23 6.26 6.14 6.03 5.96 5.93 5.80 5.75 6.13 5.91 5.71 5.65 5.77 5.55 5.69 5.42 5.37 5.37 5.34 5.26 5.07 5.32 5.19 5.18 5.15 5.03 5.16 4.99 5.06 4.85 4.78 4.89 4.88 4.60 4.64 4.58 4.49 4.60 4.59 4.46 4.50 4.40 4.48 4.51 4.52 4.68 4.83 5.01 4.99 4.98 5.11 5.25 5.17 5.22 5.30 5.39 5.77 5.72 5.89 6.05 6.11
7.34 7.44 7.19 7.07 6.98 6.98 6.78 6.68 6.57 6.45 6.42 6.41 6.31 6.25 6.27 6.11 6.09 6.04 5.94 5.83 5.86 5.84 5.66 5.67 5.88 5.67 5.60 5.38 5.53 5.39 5.27 5.23 5.33 5.26 4.98 5.25 5.11 4.99 5.06 5.06 4.91 4.94 4.97 4.81 4.66 4.86 4.94 4.56 4.67 4.48 4.30 4.38 4.40 4.39 4.46 4.40 4.43 4.44 4.52 4.54 4.70 4.77 4.95 4.88 4.91 5.07 5.01 4.98 5.14 5.31 5.43 5.54 5.69 5.77 5.92
7.28 7.20 7.25 7.02 6.87 6.78 6.88 6.67 6.57 6.43 6.29 6.25 6.24 6.17 6.07 6.25 6.01 5.95 5.89 5.83 5.72 5.66 5.72 5.58 5.71 5.69 5.64 5.50 5.47 5.29 5.12 4.96 5.23 5.14 5.16 4.99 4.88 4.93 4.94 4.94 4.82 4.71 4.75 4.95 4.59 4.52 4.75 4.48 4.45 4.43 4.25 4.29 4.31 4.32 4.35 4.32 4.30 4.36 4.45 4.57 4.59 4.65 4.59 4.71 4.78 4.86 4.89 4.88 4.95 4.99 5.24 5.42 5.48 5.68 5.91
7.41 7.18 7.06 6.89 6.84 6.75 6.80 6.73 6.48 6.40 6.26 6.15 6.12 6.11 6.20 6.08 6.05 5.89 5.85 5.86 5.69 5.63 5.57 5.74 5.54 5.62 5.41 5.53 5.28 5.27 5.22 5.06 5.08 4.94 4.95 4.82 4.93 4.84 4.70 4.81 4.72 4.61 4.68 4.87 4.48 4.47 4.37 4.64 4.30 4.28 4.19 4.10 4.22 4.19 4.19 4.18 4.21 4.27 4.28 4.38 4.44 4.53 4.62 4.58 4.69 4.72 4.71 4.76 4.84 4.98 5.06 5.26 5.24 5.44 5.52
7.20 7.11 6.97 6.86 6.77 6.72 6.66 6.71 6.48 6.53 6.26 6.11 6.04 6.00 5.88 5.83 5.88 5.92 5.76 5.69 5.73 5.59 5.48 5.23 5.30 5.46 5.40 5.31 5.48 5.22 5.06 5.17 4.93 4.85 4.86 4.75 4.70 4.90 4.69 4.70 4.62 4.51 4.57 4.45 4.39 4.28 4.33 4.60 4.24 4.03 4.04 4.08 4.16 4.14 4.10 4.00 4.10 4.15 4.19 4.23 4.47 4.28 4.47 4.42 4.51 4.69 4.61 4.59 4.67 4.74 4.86 4.98 5.10 5.22 5.38
7.26 7.21 6.92 6.83 6.76 6.69 6.59 6.58 6.36 6.35 6.57 6.09 6.00 5.94 5.84 5.78 5.75 5.95 5.48 5.38 5.39 5.24 5.26 5.25 5.44 5.48 5.29 5.25 5.40 5.10 4.95 4.84 4.97 4.88 4.91 4.70 4.64 4.66 4.53 4.55 4.53 4.41 4.37 4.33 4.57 4.21 4.30 4.33 4.15 4.01 3.97 3.88 3.91 4.03 3.97 4.01 4.02 3.95 4.01 4.20 4.23 4.29 4.34 4.31 4.46 4.36 4.60 4.46 4.52 4.59 4.76 4.65 4.92 5.05 5.09
7.12 7.03 6.94 6.83 6.75 6.63 6.53 6.37 6.28 6.19 6.11 6.15 5.97 5.81 5.75 5.74 5.67 5.43 5.48 5.60 5.55 5.21 5.22 5.15 5.16 5.26 5.16 5.23 5.20 5.29 4.97 4.82 4.86 4.82 4.66 4.79 4.51 4.51 4.57 4.56 4.34 4.35 4.26 4.15 4.20 4.24 4.18 4.12 4.05 4.04 3.92 3.85 3.89 3.97 3.89 3.94 3.94 3.90 4.01 4.22 4.13 4.14 4.14 4.32 4.28 4.30 4.36 4.33 4.39 4.35 4.57 4.49 4.79 4.90 5.06
7.10 7.00 6.86 6.43 6.64 6.59 6.49 6.33 6.17 6.21 6.04 6.26 6.10 5.77 5.68 5.66 5.66 5.60 5.58 5.35 5.51 5.28 5.20 5.11 5.09 5.42 5.08 5.08 5.05 5.28 5.07 4.52 4.49 4.71 4.72 4.55 4.64 4.40 4.38 4.43 4.39 4.25 4.17 4.16 4.20 4.25 4.08 4.18 4.18 3.90 3.85 3.77 3.78 3.86 3.82 3.82 3.85 3.86 3.94 3.97 4.01 3.98 3.92 4.14 4.13 4.11 4.17 4.20 4.27 4.39 4.41 4.61 4.58 4.64 4.91
7.03 6.92 6.83 6.69 6.61 6.34 6.58 6.31 6.12 6.00 5.94 6.06 5.98 5.84 5.50 5.32 5.28 5.36 5.51 5.27 5.41 5.19 5.03 5.03 4.93 5.23 5.28 5.01 5.01 4.92 5.30 4.82 5.08 4.95 4.56 4.49 4.45 4.35 4.34 4.26 4.17 4.30 4.04 4.07 4.08 4.19 4.05 4.14 3.97 3.96 3.84 3.69 3.71 3.73 3.71 3.70 3.75 3.78 3.73 3.84 3.90 3.87 3.91 4.00 4.01 4.11 4.07 4.09 4.20 4.24 4.44 4.35 4.34 4.66 4.73
6.93 6.80 6.73 6.60 6.51 6.42 6.31 6.30 6.23 5.99 5.89 5.79 5.94 5.46 5.78 5.43 5.39 5.54 5.14 5.13 5.10 5.11 5.04 4.95 5.11 5.05 5.03 4.78 5.00 4.81 4.76 5.07 4.96 4.73 4.90 4.79 4.64 4.43 4.26 4.15 4.20 4.14 4.19 4.01 4.07 4.04 3.84 4.05 3.85 3.78 3.81 3.60 3.65 3.61 3.59 3.60 3.62 3.68 3.85 3.75 3.70 3.77 3.81 3.96 3.91 3.92 3.94 4.00 4.10 4.02 4.12 4.12 4.42 4.49 4.67
6.95 6.77 6.66 6.54 6.50 6.32 6.22 5.89 6.06 6.09 5.93 5.72 5.45 5.76 5.43 5.28 5.23 5.15 5.11 5.09 5.01 5.02 4.98 5.19 5.14 5.01 4.93 5.07 4.89 4.87 4.71 4.85 4.88 4.66 4.62 4.74 4.57 4.68 4.57 4.28 4.22 4.11 4.01 4.01 3.94 4.00 3.80 3.88 3.89 3.66 3.68 3.56 3.54 3.54 3.52 3.51 3.48 3.66 3.77 3.62 3.61 3.60 3.69 3.86 3.77 3.69 3.73 3.85 3.94 4.03 4.01 4.17 4.21 4.17 4.77
6.86 6.70 6.62 6.50 6.40 6.09 5.98 5.70 5.91 5.92 5.58 5.80 5.58 5.57 5.42 5.26 5.24 5.12 5.10 5.11 5.11 5.02 5.17 5.00 4.67 4.67 4.87 5.01 4.98 4.72 4.68 4.66 4.73 4.74 4.50 4.51 4.51 4.49 4.51 4.25 4.19 4.12 3.96 3.81 3.81 3.88 3.86 3.64 3.65 3.61 3.64 3.52 3.49 3.47 3.44 3.45 3.52 3.53 3.58 3.49 3.49 3.46 3.54 3.60 3.59 3.74 3.73 3.80 3.84 3.79 3.97 3.94 4.11 4.46 4.37
6.77 6.65 6.59 6.53 6.56 5.91 5.76 5.63 5.59 5.95 5.81 5.69 5.27 5.28 5.49 5.45 5.11 5.20 5.02 5.27 4.90 5.20 4.81 4.71 4.64 4.90 4.82 4.81 4.72 4.80 4.61 4.68 4.69 4.56 4.55 4.36 4.45 4.29 4.43 4.43 4.07 3.90 3.83 3.74 3.73 3.81 3.80 3.64 3.50 3.61 3.45 3.45 3.39 3.37 3.39 3.40 3.45 3.40 3.38 3.38 3.38 3.35 3.38 3.47 3.53 3.56 3.59 3.61 3.69 3.72 3.79 3.82 4.01 4.16 4.21
6.76 6.61 6.53 6.47 6.39 6.11 6.21 6.09 5.48 5.39 5.35 5.36 5.30 5.20 5.24 5.36 5.35 5.09 5.37 5.19 5.12 4.80 5.00 4.99 4.88 4.60 4.82 4.90 4.73 4.74 4.83 4.51 4.44 4.49 4.35 4.35 4.35 4.34 4.28 4.31 3.98 3.94 3.93 3.81 3.77 3.69 3.68 3.72 3.49 3.49 3.46 3.38 3.31 3.31 3.32 3.34 3.43 3.29 3.31 3.27 3.26 3.24 3.30 3.46 3.43 3.45 3.52 3.60 3.59 3.69 3.88 3.92 3.94 4.03 4.02
