maui/input/air_temperature_monthly/tmaxmay_250m_maui.asc
ncols        356
nrows        236
xllcorner    -156.702000000000
yllcorner    20.529750000000
cellsize     0.002250000000
NODATA_value  -99.00
[rows 93 to 123 of 236, columns 71 to 141 of 356]
22.71 23.49 23.57 24.09 24.11 24.40 25.08 25.51 25.90 26.10 26.58 26.98 27.11 27.28 27.43 27.49 27.55 27.61 27.66 27.69 27.74 27.78 27.82 27.87 27.90 27.94 27.97 28.00 28.01 28.04 28.05 28.07 28.10 28.12 28.13 28.14 28.13 28.12 28.11 28.10 28.09 28.06 28.03 28.01 27.99 27.96 27.95 27.94 27.92 27.89 27.85 27.76 27.73 27.72 27.72 27.72 27.69 27.67 27.65 27.62 27.62 27.56 27.53 27.51 27.45 27.43 27.40 27.36 27.35 27.33 27.27
21.97 22.01 22.56 23.49 24.28 25.06 25.12 25.45 25.55 26.09 26.57 26.98 27.14 27.33 27.45 27.53 27.60 27.65 27.70 27.74 27.77 27.81 27.84 27.88 27.92 27.95 27.97 28.00 28.03 28.06 28.08 28.10 28.11 28.12 28.13 28.13 28.12 28.11 28.11 28.10 28.08 28.06 28.03 28.01 27.98 27.95 27.94 27.92 27.91 27.89 27.85 27.79 27.73 27.71 27.71 27.69 27.67 27.64 27.64 27.64 27.60 27.58 27.53 27.50 27.44 27.41 27.39 27.36 27.34 27.31 27.25
21.73 22.78 23.76 24.51 24.98 25.36 25.59 25.88 26.10 26.42 26.68 26.90 27.10 27.32 27.45 27.55 27.63 27.68 27.73 27.78 27.80 27.84 27.88 27.89 27.92 27.95 27.98 28.01 28.03 28.04 28.07 28.11 28.12 28.13 28.13 28.12 28.12 28.11 28.10 28.08 28.07 28.05 28.03 28.00 27.97 27.94 27.91 27.90 27.90 27.88 27.85 27.74 27.70 27.70 27.69 27.68 27.66 27.62 27.61 27.62 27.61 27.57 27.54 27.51 27.48 27.44 27.40 27.36 27.33 27.29 27.25
22.45 22.91 23.22 23.75 24.27 25.21 25.48 25.52 25.90 26.43 26.68 26.92 27.11 27.32 27.44 27.55 27.64 27.71 27.76 27.83 27.85 27.86 27.89 27.92 27.94 27.97 27.99 28.01 28.02 28.04 28.08 28.11 28.12 28.12 28.12 28.12 28.11 28.10 28.09 28.08 28.06 28.05 28.02 27.99 27.97 27.95 27.92 27.89 27.89 27.87 27.86 27.82 27.75 27.70 27.69 27.68 27.65 27.62 27.61 27.61 27.60 27.58 27.53 27.50 27.47 27.43 27.39 27.33 27.32 27.27 27.22
22.77 23.03 24.47 25.21 25.35 25.65 25.98 26.19 26.21 26.47 26.85 26.99 27.16 27.35 27.46 27.55 27.64 27.72 27.79 27.85 27.88 27.89 27.92 27.95 27.97 27.99 28.01 28.03 28.05 28.07 28.10 28.12 28.13 28.13 28.13 28.12 28.11 28.10 28.09 28.07 28.06 28.04 28.01 27.99 27.96 27.94 27.92 27.89 27.87 27.86 27.86 27.82 27.80 27.73 27.69 27.67 27.65 27.63 27.60 27.58 27.57 27.56 27.53 27.51 27.47 27.43 27.36 27.32 27.27 27.26 27.21
22.30 22.95 23.59 23.96 24.24 24.51 25.20 25.81 26.28 26.67 26.85 27.04 27.22 27.37 27.48 27.59 27.66 27.72 27.78 27.85 27.88 27.92 27.95 27.99 27.99 28.02 28.04 28.05 28.07 28.09 28.11 28.13 28.14 28.14 28.13 28.12 28.12 28.12 28.09 28.08 28.06 28.04 28.00 27.97 27.95 27.93 27.91 27.89 27.86 27.85 27.83 27.81 27.79 27.77 27.69 27.66 27.64 27.62 27.58 27.57 27.54 27.50 27.52 27.48 27.45 27.43 27.39 27.36 27.31 27.24 27.20
23.43 23.92 24.48 25.01 25.38 25.33 25.56 25.91 26.26 26.68 26.93 27.12 27.27 27.42 27.53 27.61 27.68 27.74 27.80 27.86 27.90 27.93 27.97 28.00 28.03 28.04 28.06 28.07 28.09 28.11 28.12 28.14 28.15 28.15 28.13 28.13 28.11 28.10 28.08 28.06 28.04 28.01 28.01 27.96 27.94 27.92 27.90 27.88 27.85 27.84 27.81 27.79 27.78 27.75 27.74 27.72 27.70 27.63 27.57 27.56 27.52 27.50 27.48 27.48 27.45 27.41 27.36 27.34 27.27 27.22 27.18
22.31 22.82 23.26 23.94 24.57 25.02 25.67 26.08 26.33 26.71 26.92 27.11 27.32 27.48 27.58 27.66 27.71 27.77 27.82 27.87 27.91 27.95 27.99 28.03 28.06 28.06 28.08 28.09 28.11 28.12 28.14 28.15 28.16 28.15 28.14 28.13 28.12 28.10 28.08 28.06 28.03 28.01 27.99 27.97 27.93 27.93 27.89 27.87 27.86 27.83 27.81 27.78 27.75 27.74 27.73 27.71 27.70 27.65 27.60 27.54 27.51 27.48 27.46 27.44 27.42 27.39 27.36 27.33 27.27 27.24 27.20
22.46 22.77 23.19 23.75 24.09 24.53 25.08 25.54 26.10 26.74 27.04 27.18 27.36 27.53 27.63 27.69 27.73 27.79 27.85 27.89 27.92 27.96 28.02 28.05 28.08 28.09 28.09 28.11 28.12 28.14 28.16 28.17 28.17 28.16 28.14 28.14 28.12 28.10 28.08 28.06 28.04 28.00 27.98 27.95 27.93 27.92 27.89 27.87 27.85 27.82 27.80 27.78 27.75 27.73 27.72 27.69 27.67 27.64 27.61 27.56 27.50 27.46 27.44 27.40 27.35 27.35 27.34 27.31 27.17 27.15 27.14
22.70 23.24 23.88 23.69 24.19 24.84 25.27 25.99 26.55 26.86 27.04 27.28 27.43 27.57 27.66 27.73 27.78 27.82 27.87 27.91 27.94 27.98 28.03 28.06 28.10 28.12 28.12 28.13 28.14 28.16 28.17 28.18 28.19 28.17 28.16 28.14 28.12 28.10 28.08 28.06 28.03 28.01 27.98 27.94 27.92 27.91 27.88 27.86 27.84 27.82 27.80 27.77 27.73 27.72 27.69 27.67 27.65 27.63 27.60 27.56 27.51 27.42 27.40 27.33 27.29 27.28 27.31 27.29 27.16 27.11 27.08
23.26 23.42 23.79 24.84 24.61 24.80 25.16 25.75 26.22 26.82 27.13 27.32 27.52 27.61 27.68 27.76 27.82 27.86 27.90 27.93 27.96 28.00 28.04 28.09 28.12 28.15 28.17 28.14 28.16 28.18 28.19 28.21 28.20 28.18 28.16 28.15 28.14 28.12 28.09 28.07 28.05 28.03 27.99 27.94 27.92 27.89 27.88 27.86 27.84 27.81 27.79 27.76 27.74 27.72 27.70 27.63 27.64 27.60 27.58 27.54 27.50 27.44 27.35 27.29 27.25 27.25 27.27 27.25 27.17 27.07 27.02
23.34 23.74 24.72 24.66 24.86 25.79 25.65 26.09 26.49 26.84 27.05 27.29 27.51 27.62 27.70 27.78 27.84 27.91 27.93 27.96 28.00 28.03 28.06 28.10 28.14 28.18 28.21 28.16 28.18 28.20 28.21 28.22 28.20 28.19 28.18 28.16 28.14 28.12 28.10 28.07 28.06 28.04 28.01 27.96 27.94 27.92 27.86 27.85 27.83 27.80 27.78 27.76 27.74 27.71 27.70 27.68 27.66 27.62 27.60 27.55 27.51 27.45 27.37 27.29 27.20 27.16 27.14 27.16 27.18 27.02 26.95
23.53 23.61 23.90 24.29 25.11 25.79 25.97 25.87 26.31 26.86 27.09 27.31 27.52 27.65 27.74 27.82 27.88 27.93 27.98 28.00 28.04 28.07 28.10 28.12 28.15 28.19 28.19 28.19 28.19 28.21 28.22 28.23 28.22 28.20 28.19 28.16 28.15 28.13 28.11 28.09 28.06 28.02 28.00 27.97 27.95 27.93 27.90 27.87 27.82 27.80 27.78 27.76 27.74 27.70 27.66 27.64 27.62 27.59 27.57 27.54 27.52 27.46 27.36 27.26 27.14 27.13 27.09 27.09 27.08 26.98 26.94
24.70 23.98 24.35 24.69 24.70 25.15 25.65 26.26 26.46 26.53 26.80 27.20 27.59 27.70 27.78 27.85 27.91 27.96 28.00 28.05 28.08 28.11 28.14 28.15 28.19 28.21 28.24 28.20 28.22 28.22 28.23 28.23 28.23 28.22 28.20 28.18 28.18 28.15 28.14 28.12 28.09 28.05 28.02 27.98 27.94 27.93 27.90 27.86 27.83 27.80 27.78 27.76 27.73 27.70 27.65 27.61 27.59 27.57 27.55 27.49 27.46 27.45 27.45 27.35 27.20 27.13 27.05 27.02 27.00 26.98 26.86
23.90 24.92 24.91 24.47 24.71 25.03 25.44 25.67 26.07 26.51 26.74 27.27 27.73 27.78 27.83 27.90 27.96 28.01 28.03 28.07 28.11 28.15 28.17 28.20 28.22 28.23 28.25 28.23 28.23 28.24 28.24 28.25 28.25 28.25 28.22 28.20 28.18 28.16 28.14 28.12 28.09 28.06 28.02 27.99 27.95 27.91 27.87 27.85 27.82 27.80 27.77 27.74 27.71 27.70 27.67 27.61 27.57 27.54 27.52 27.47 27.43 27.41 27.38 27.31 27.34 27.26 27.06 26.97 26.96 26.91 26.84
23.97 24.39 24.73 25.86 25.14 25.38 25.68 25.77 26.35 26.77 27.23 27.54 27.68 27.81 27.93 27.97 28.02 28.05 28.08 28.11 28.14 28.17 28.21 28.23 28.25 28.25 28.26 28.25 28.25 28.26 28.26 28.27 28.27 28.26 28.23 28.20 28.19 28.17 28.15 28.13 28.10 28.08 28.00 27.98 27.93 27.90 27.88 27.84 27.82 27.79 27.76 27.72 27.69 27.67 27.63 27.60 27.57 27.54 27.49 27.46 27.43 27.37 27.33 27.30 27.23 27.18 27.17 27.06 26.91 26.89 26.84
24.25 24.05 24.41 25.03 25.88 26.15 26.42 26.69 26.90 27.09 27.28 27.49 27.69 27.80 27.94 28.01 28.08 28.10 28.12 28.15 28.18 28.21 28.24 28.24 28.27 28.27 28.28 28.28 28.28 28.28 28.28 28.28 28.29 28.27 28.26 28.25 28.22 28.17 28.17 28.14 28.11 28.08 28.04 28.00 27.96 27.91 27.87 27.85 27.82 27.79 27.76 27.72 27.70 27.66 27.61 27.59 27.56 27.53 27.48 27.44 27.39 27.35 27.31 27.27 27.21 27.15 27.09 27.04 26.93 26.83 26.82
24.28 24.68 24.75 24.82 25.03 25.29 25.47 25.80 26.24 26.76 26.88 27.26 27.74 27.89 27.98 28.04 28.19 28.13 28.17 28.20 28.22 28.24 28.28 28.29 28.29 28.29 28.29 28.29 28.29 28.30 28.30 28.30 28.31 28.30 28.29 28.26 28.24 28.21 28.18 28.15 28.12 28.08 28.05 28.04 28.02 27.96 27.91 27.86 27.84 27.81 27.78 27.74 27.70 27.66 27.61 27.59 27.56 27.53 27.48 27.43 27.35 27.31 27.28 27.25 27.18 27.13 27.05 26.99 26.88 26.84 26.79
24.45 24.47 24.67 24.98 25.53 25.49 25.80 26.15 26.40 26.86 27.29 27.72 27.90 27.99 28.05 28.08 28.12 28.16 28.20 28.23 28.25 28.27 28.30 28.30 28.29 28.31 28.31 28.31 28.31 28.32 28.31 28.32 28.31 28.29 28.27 28.25 28.22 28.20 28.19 28.16 28.13 28.11 28.07 28.04 28.02 27.99 27.94 27.89 27.87 27.85 27.81 27.75 27.71 27.66 27.61 27.59 27.55 27.51 27.46 27.40 27.40 27.35 27.29 27.23 27.18 27.11 27.05 26.98 26.90 26.85 26.78
24.53 24.56 24.81 25.09 25.33 25.62 25.81 26.18 26.84 27.26 27.44 27.69 27.88 28.02 28.09 28.12 28.16 28.20 28.23 28.25 28.27 28.30 28.31 28.32 28.31 28.32 28.32 28.32 28.32 28.33 28.33 28.33 28.32 28.31 28.29 28.29 28.26 28.22 28.20 28.17 28.14 28.12 28.09 28.08 28.04 27.99 27.97 27.94 27.89 27.84 27.79 27.74 27.70 27.65 27.61 27.56 27.52 27.51 27.47 27.42 27.35 27.34 27.26 27.24 27.20 27.14 27.07 26.98 26.89 26.84 26.81
24.81 24.79 24.93 25.19 25.46 25.77 26.10 26.27 26.63 27.03 27.50 27.81 27.98 28.06 28.13 28.16 28.20 28.23 28.26 28.28 28.29 28.31 28.33 28.33 28.33 28.34 28.34 28.34 28.33 28.34 28.34 28.34 28.34 28.32 28.29 28.28 28.26 28.23 28.21 28.19 28.16 28.13 28.13 28.08 28.04 28.00 27.97 27.93 27.90 27.83 27.79 27.78 27.74 27.66 27.53 27.50 27.50 27.48 27.44 27.42 27.32 27.27 27.26 27.23 27.17 27.13 27.04 26.93 26.89 26.85 26.78
25.31 25.22 25.22 25.35 25.63 25.85 26.18 26.51 26.85 27.07 27.39 27.79 28.05 28.12 28.16 28.20 28.24 28.26 28.29 28.31 28.32 28.33 28.34 28.35 28.35 28.35 28.35 28.35 28.34 28.34 28.34 28.35 28.34 28.33 28.32 28.29 28.26 28.24 28.22 28.20 28.17 28.16 28.13 28.08 28.06 28.01 27.96 27.93 27.89 27.82 27.78 27.74 27.70 27.61 27.47 27.44 27.45 27.44 27.38 27.37 27.27 27.25 27.21 27.20 27.15 27.11 27.02 26.94 26.89 26.80 26.73
25.44 25.25 25.46 25.54 25.78 26.19 26.28 26.51 26.81 27.25 27.62 27.97 28.10 28.15 28.20 28.24 28.28 28.30 28.32 28.34 28.34 28.35 28.36 28.36 28.36 28.36 28.36 28.36 28.36 28.36 28.35 28.36 28.35 28.33 28.33 28.31 28.27 28.25 28.24 28.21 28.19 28.17 28.15 28.11 28.06 28.01 27.97 27.93 27.88 27.84 27.80 27.74 27.63 27.54 27.49 27.41 27.37 27.37 27.33 27.28 27.26 27.21 27.19 27.14 27.12 27.04 26.98 26.93 26.81 26.77 26.69
25.70 25.43 25.83 25.74 25.91 26.18 26.49 26.71 26.91 27.29 27.66 27.98 28.14 28.21 28.25 28.29 28.31 28.33 28.35 28.35 28.36 28.36 28.36 28.36 28.36 28.36 28.36 28.37 28.36 28.36 28.36 28.36 28.36 28.35 28.34 28.33 28.29 28.28 28.26 28.24 28.21 28.17 28.15 28.11 28.06 28.02 27.98 27.93 27.88 27.84 27.82 27.77 27.70 27.55 27.48 27.40 27.36 27.31 27.29 27.27 27.24 27.21 27.15 27.12 27.06 26.99 26.96 26.90 26.82 26.76 26.70
25.96 25.64 25.81 26.06 26.10 26.33 26.53 26.84 27.20 27.39 27.68 27.97 28.18 28.27 28.29 28.33 28.35 28.35 28.36 28.36 28.36 28.36 28.36 28.36 28.37 28.36 28.37 28.37 28.37 28.37 28.37 28.37 28.36 28.35 28.34 28.32 28.30 28.27 28.23 28.23 28.19 28.15 28.12 28.09 28.06 28.02 27.99 27.95 27.92 27.86 27.82 27.78 27.71 27.57 27.50 27.43 27.38 27.34 27.28 27.24 27.22 27.18 27.13 27.07 27.04 26.94 26.88 26.87 26.80 26.75 26.69
26.25 25.93 25.98 26.35 26.37 26.54 26.68 26.90 27.21 27.46 27.74 28.04 28.21 28.29 28.35 28.35 -9999.00 -9999.00 -9999.00 -9999.00 -9999.00 -9999.00 -9999.00 -9999.00 -9999.00 28.37 28.37 28.37 28.37 28.37 28.37 28.37 28.36 28.35 28.35 28.33 28.31 28.28 28.25 28.22 28.20 28.16 28.15 28.10 28.06 28.03 27.98 27.93 27.92 27.87 27.82 27.78 27.71 27.57 27.54 27.54 27.53 27.38 27.31 27.25 27.21 27.16 27.09 27.05 26.97 26.92 26.88 26.80 26.78 26.73 26.67
26.68 26.13 26.21 26.32 26.79 26.72 26.85 27.08 27.28 27.64 27.85 28.10 28.29 28.35 28.36 -9999.00 -9999.00 -9999.00 -9999.00 -9999.00 -9999.00 -9999.00 -9999.00 -9999.00 -9999.00 -9999.00 -9999.00 28.37 28.37 28.37 28.37 28.37 28.37 28.37 28.35 28.34 28.32 28.30 28.28 28.24 28.20 28.18 28.16 28.13 28.07 28.05 28.02 27.98 27.91 27.88 27.83 27.78 27.73 27.71 27.63 27.57 27.54 27.49 27.36 27.29 27.20 27.15 27.09 27.05 26.97 26.92 26.87 26.76 26.73 26.70 26.64
27.04 26.42 26.41 26.54 26.66 27.14 27.12 27.23 27.40 27.66 27.94 28.26 28.35 -9999.00 -9999.00 -9999.00 -9999.00 -9999.00 -9999.00 -9999.00 -9999.00 -9999.00 -9999.00 -9999.00 -9999.00 -9999.00 -9999.00 -9999.00 -9999.00 28.37 28.37 28.37 28.37 28.37 28.36 28.34 28.32 28.31 28.29 28.27 28.24 28.21 28.17 28.12 28.09 28.03 27.97 27.91 27.88 27.84 27.84 27.77 27.73 27.70 27.62 27.53 27.48 27.36 27.30 27.29 27.22 27.17 27.11 27.07 27.01 26.94 26.89 26.86 26.76 26.68 26.65
27.48 26.69 26.75 26.81 26.99 27.08 27.32 27.42 27.54 27.78 27.97 28.26 -9999.00 -9999.00 -9999.00 -9999.00 -9999.00 -9999.00 -9999.00 -9999.00 -9999.00 -9999.00 -9999.00 -9999.00 -9999.00 -9999.00 -9999.00 -9999.00 -9999.00 -9999.00 -9999.00 28.37 28.37 28.37 28.36 28.34 28.33 28.31 28.30 28.26 28.22 28.20 28.18 28.12 28.08 28.02 27.93 27.87 27.83 27.79 27.80 27.75 27.70 27.67 27.62 27.54 27.49 27.44 27.35 27.25 27.23 27.18 27.14 27.08 27.00 26.95 26.88 26.80 26.69 26.64 26.60
27.38 27.01 27.22 27.03 27.13 27.29 27.37 27.58 27.70 27.86 28.18 -9999.00 -9999.00 -9999.00 -9999.00 -9999.00 -9999.00 -9999.00 -9999.00 -9999.00 -9999.00 -9999.00 -9999.00 -9999.00 -9999.00 -9999.00 -9999.00 -9999.00 -9999.00 -9999.00 -9999.00 -9999.00 28.37 28.37 28.37 28.35 28.33 28.32 28.30 28.27 28.23 28.20 28.15 28.11 28.06 28.02 27.94 27.85 27.78 27.75 27.74 27.73 27.68 27.64 27.58 27.54 27.50 27.46 27.34 27.25 27.19 27.12 27.09 27.04 26.99 26.90 26.83 26.74 26.64 26.57 26.52
27.56 27.46 27.37 27.38 27.48 27.63 27.67 27.90 27.93 28.05 28.24 -9999.00 -9999.00 -9999.00 -9999.00 -9999.00 -9999.00 -9999.00 -9999.00 -9999.00 -9999.00 -9999.00 -9999.00 -9999.00 -9999.00 -9999.00 -9999.00 -9999.00 -9999.00 -9999.00 -9999.00 -9999.00 -9999.00 28.37 28.37 28.36 28.34 28.32 28.29 28.26 28.23 28.20 28.15 28.11 28.06 28.01 27.95 27.86 27.76 27.72 27.69 27.68 27.65 27.61 27.55 27.51 27.48 27.41 27.35 27.26 27.18 27.13 27.08 27.03 26.98 26.92 26.81 26.70 26.62 26.55 26.49
