maui/input/air_temperature_monthly/tmaxdec_250m_maui.asc
ncols        356
nrows        236
xllcorner    -156.702000000000
yllcorner    20.529750000000
cellsize     0.002250000000
NODATA_value  -99.00
[rows 62 to 92 of 236, columns 0 to 70 of 356]
-9999.00 -9999.00 27.03 27.01 27.00 26.94 26.83 26.74 26.62 26.40 26.33 26.27 26.20 26.10 25.99 25.88 25.80 25.66 25.47 25.28 25.11 24.86 24.65 24.26 24.01 23.73 23.51 23.18 22.85 22.77 22.65 21.92 21.60 21.38 21.14 20.80 20.46 20.16 20.77 19.61 19.38 19.15 19.43 19.14 19.17 18.70 18.26 17.65 17.44 18.01 19.29 20.62 20.88 19.13 18.54 17.58 17.11 17.12 17.65 18.17 19.01 19.07 20.16 21.72 22.97 23.91 23.03 21.72 21.29 21.22 21.65
-9999.00 -9999.00 27.03 27.02 26.99 26.96 26.86 26.71 26.62 26.49 26.40 26.32 26.23 26.14 26.09 25.96 25.85 25.72 25.51 25.31 25.10 24.83 24.55 24.23 24.12 23.85 23.61 23.26 22.98 22.53 22.21 21.89 21.87 21.55 21.05 20.67 20.35 20.01 20.24 20.47 19.56 19.08 18.80 18.47 18.93 18.24 18.20 17.44 17.02 17.59 18.78 19.94 20.54 19.59 17.92 17.79 17.09 17.30 17.75 18.56 19.21 19.47 20.74 21.93 23.00 23.53 22.95 21.75 21.31 22.49 22.98
-9999.00 -9999.00 27.04 27.03 27.01 26.97 26.85 26.71 26.60 26.49 26.43 26.41 26.30 26.20 26.05 25.95 25.83 25.72 25.50 25.29 25.10 24.87 24.56 24.26 24.00 23.69 23.72 23.25 22.83 22.61 22.22 21.90 21.72 21.41 21.03 21.08 20.54 20.05 19.61 19.46 20.05 19.59 18.59 18.68 18.34 18.17 17.84 17.44 16.86 17.40 18.53 19.19 20.45 19.21 17.77 17.62 17.26 17.35 18.02 18.30 19.36 20.73 21.58 22.70 23.32 22.98 22.29 21.09 21.35 21.47 22.68
-9999.00 -9999.00 27.04 27.03 27.02 27.01 26.95 26.83 26.77 26.68 26.49 26.40 26.32 26.22 26.06 25.98 25.83 25.68 25.48 25.31 25.26 24.95 24.71 24.34 24.04 23.74 23.48 23.19 22.93 22.55 22.26 22.04 21.84 21.92 21.15 20.65 20.34 20.16 19.79 19.23 18.93 18.83 19.20 18.62 18.11 17.90 17.28 17.19 16.71 17.13 18.17 19.09 20.10 19.02 17.40 17.11 17.33 17.16 17.91 19.38 20.44 21.71 22.30 23.09 22.81 21.87 21.33 20.64 20.92 21.58 21.87
-9999.00 -9999.00 -9999.00 -9999.00 27.03 27.01 26.92 26.79 26.71 26.61 26.51 26.43 26.29 26.17 26.05 25.94 25.80 25.68 25.47 25.28 25.05 24.86 24.62 24.62 24.36 24.09 23.95 23.54 23.33 22.97 22.77 22.10 21.62 21.56 21.12 21.01 20.86 20.52 20.14 19.44 19.04 18.50 18.20 18.73 17.90 17.33 17.28 16.68 16.83 16.74 17.94 18.88 19.74 18.65 17.09 16.65 17.03 17.47 18.55 20.35 21.62 22.30 22.45 22.50 22.45 21.42 20.35 20.14 20.91 21.43 22.46
-9999.00 -9999.00 -9999.00 -9999.00 -9999.00 27.02 26.97 26.86 26.76 26.70 26.56 26.46 26.34 26.22 26.08 25.95 25.81 25.68 25.47 25.26 25.03 24.81 24.57 24.35 24.04 24.07 23.59 23.22 22.87 22.57 22.24 22.37 22.13 21.48 21.17 21.21 21.08 20.78 19.79 19.30 18.88 18.61 18.58 17.82 18.13 17.81 16.99 16.56 16.39 16.31 17.45 18.53 19.34 18.25 16.76 16.43 17.02 18.56 20.12 21.36 21.98 21.27 22.36 21.90 21.73 20.60 20.12 20.79 21.59 22.72 23.89
-9999.00 -9999.00 -9999.00 -9999.00 -9999.00 -9999.00 27.01 26.89 26.81 26.74 26.61 26.51 26.38 26.25 26.08 26.00 25.84 25.67 25.45 25.28 25.05 24.82 24.58 24.33 24.08 23.77 23.48 23.22 22.90 22.68 22.38 22.09 21.67 21.28 20.92 20.58 20.26 20.16 20.54 19.56 18.72 18.36 18.01 18.06 17.40 16.99 17.17 16.30 15.96 15.81 16.54 17.21 17.29 16.69 16.33 17.59 19.38 19.32 20.28 21.35 21.36 20.90 22.05 21.79 21.03 19.72 21.63 22.12 23.33 23.15 22.53
-9999.00 -9999.00 -9999.00 -9999.00 -9999.00 -9999.00 27.02 26.98 26.87 26.76 26.66 26.56 26.47 26.37 26.17 26.02 25.85 25.67 25.47 25.33 25.16 24.97 24.69 24.43 24.23 23.83 23.58 23.33 23.03 22.70 22.34 22.05 21.75 21.60 21.41 20.88 20.57 20.04 19.54 19.47 19.28 19.04 18.54 17.72 17.76 17.16 16.60 16.84 15.83 15.51 15.89 15.51 16.34 16.59 17.93 19.68 20.12 20.83 20.90 21.14 20.62 20.85 21.69 21.21 20.34 19.93 20.51 21.86 21.77 21.86 22.25
-9999.00 -9999.00 -9999.00 -9999.00 -9999.00 -9999.00 -9999.00 27.02 26.94 26.83 26.71 26.61 26.52 26.39 26.25 26.08 25.93 25.73 25.55 25.44 25.26 25.09 24.91 24.61 24.28 23.85 23.55 23.30 23.13 22.85 22.85 23.19 23.08 22.58 22.48 21.94 21.05 21.28 20.64 19.97 19.41 18.38 18.02 17.92 17.46 17.02 16.60 16.03 15.96 15.43 15.39 15.34 16.09 17.40 18.95 19.47 19.88 19.33 20.56 20.27 20.79 20.68 20.73 20.49 19.24 19.60 19.77 21.02 22.16 23.41 23.93
-9999.00 -9999.00 -9999.00 -9999.00 -9999.00 -9999.00 -9999.00 27.03 26.93 26.84 26.72 26.63 26.57 26.47 26.36 26.21 26.06 25.93 25.73 25.50 25.39 25.23 24.85 24.49 24.23 23.89 23.63 24.33 24.20 24.03 23.79 22.51 22.59 22.34 22.01 22.00 22.15 21.29 21.62 21.37 19.88 19.34 18.47 18.14 17.83 17.48 16.79 16.18 15.60 15.41 14.87 15.09 15.46 15.93 17.30 18.59 18.28 18.73 18.89 18.48 18.73 18.93 18.87 18.48 18.79 19.07 20.80 22.04 23.66 22.39 22.55
-9999.00 -9999.00 -9999.00 -9999.00 -9999.00 -9999.00 -9999.00 27.03 26.96 26.86 26.78 26.65 26.57 26.47 26.31 26.14 26.06 25.96 25.79 25.62 25.48 25.39 25.07 24.80 24.77 24.80 24.51 23.80 23.22 22.90 22.57 22.24 21.86 21.52 21.12 20.64 20.40 20.00 20.11 20.03 20.61 19.80 19.23 18.87 18.42 17.51 16.84 16.22 15.64 15.03 14.71 14.58 14.77 15.32 15.50 16.15 16.00 16.73 16.64 16.70 16.84 17.16 17.11 18.03 18.28 18.99 20.51 21.96 22.06 21.20 21.26
-9999.00 -9999.00 -9999.00 -9999.00 -9999.00 -9999.00 -9999.00 27.04 26.95 26.87 26.78 26.67 26.57 26.43 26.21 26.31 26.13 26.14 26.08 25.76 25.54 25.38 25.13 24.73 24.42 24.34 23.81 23.50 23.25 22.94 22.61 22.45 22.13 21.82 21.74 21.36 20.28 19.94 19.39 19.02 18.91 18.65 18.56 17.99 17.31 17.13 16.95 16.47 15.42 15.11 14.54 14.46 14.83 14.83 14.75 14.49 14.88 15.49 15.60 16.06 16.70 16.96 17.09 17.47 17.85 18.90 19.17 20.13 20.43 19.98 20.96
-9999.00 -9999.00 -9999.00 -9999.00 -9999.00 -9999.00 -9999.00 27.04 26.97 26.87 26.77 26.67 26.56 26.42 26.31 26.20 26.34 26.20 26.08 25.96 25.72 25.45 25.11 24.73 24.59 24.33 24.50 24.51 24.10 23.97 23.52 22.79 22.12 21.67 21.25 20.83 20.82 20.62 20.05 19.00 18.55 18.12 17.81 17.57 17.68 16.87 16.46 16.52 15.59 15.02 14.52 14.32 14.57 14.50 14.68 14.71 14.72 15.32 16.34 18.16 19.83 19.85 18.86 19.97 20.16 19.18 18.58 19.91 21.54 20.24 20.10
-9999.00 -9999.00 -9999.00 -9999.00 -9999.00 -9999.00 -9999.00 27.05 26.97 26.87 26.78 26.68 26.52 26.43 26.32 26.44 26.41 26.26 26.03 25.86 25.65 25.56 25.63 25.47 25.06 24.64 24.10 23.57 23.20 22.90 23.07 23.64 23.45 22.85 22.49 22.49 22.07 21.90 21.28 20.33 19.67 19.27 18.92 18.08 17.11 16.63 16.23 15.79 15.33 15.16 14.53 14.18 14.32 14.34 14.69 14.96 15.98 16.12 18.36 19.80 20.54 21.13 21.19 20.66 22.13 21.33 20.17 20.18 22.86 21.68 20.98
-9999.00 -9999.00 -9999.00 -9999.00 -9999.00 -9999.00 -9999.00 27.06 27.00 26.93 26.83 26.73 26.62 26.49 26.52 26.49 26.39 26.30 26.11 25.93 25.74 25.51 25.22 24.97 24.74 24.33 23.65 23.07 22.78 22.49 22.19 22.12 22.21 22.10 22.04 21.75 21.45 21.13 21.43 21.78 21.44 21.08 20.64 19.35 18.00 17.55 16.61 16.03 15.60 15.11 14.78 15.36 16.23 16.29 16.41 18.11 19.07 17.67 18.66 19.72 20.98 21.38 21.77 22.05 22.21 22.56 21.24 20.37 22.25 23.52 21.47
-9999.00 -9999.00 -9999.00 -9999.00 -9999.00 -9999.00 -9999.00 27.06 27.05 27.00 26.90 26.84 26.76 26.69 26.64 26.57 26.45 26.35 26.21 26.07 25.82 25.56 25.26 25.04 24.71 24.36 23.74 23.28 23.01 22.64 22.47 22.39 22.23 22.14 21.97 21.27 20.84 20.93 20.76 20.57 19.82 19.97 19.63 19.86 19.17 18.43 17.43 16.59 15.99 15.71 16.45 16.54 17.77 19.14 18.36 19.43 19.88 19.68 19.51 20.80 21.17 21.73 22.03 22.26 22.54 23.07 22.35 21.68 21.74 23.75 22.89
-9999.00 -9999.00 -9999.00 -9999.00 -9999.00 -9999.00 27.09 27.07 27.06 27.03 26.97 26.90 26.82 26.80 26.71 26.60 26.52 26.45 26.27 26.11 25.94 25.70 25.40 25.16 24.94 24.62 24.29 23.92 23.65 23.31 23.09 22.97 23.06 22.97 22.67 22.55 22.02 21.16 20.32 19.59 19.27 19.34 18.80 18.10 17.72 17.24 17.06 16.66 16.13 16.45 18.25 19.09 19.01 19.01 19.53 19.81 20.53 20.65 20.42 21.01 21.55 21.91 22.04 22.47 22.87 22.98 22.99 22.94 22.52 23.05 24.31
-9999.00 -9999.00 -9999.00 -9999.00 -9999.00 -9999.00 27.09 27.08 27.07 27.06 27.02 26.94 26.88 26.83 26.81 26.75 26.65 26.51 26.38 26.19 25.99 25.80 25.57 25.33 25.11 24.80 24.54 24.24 23.99 23.80 23.39 23.64 23.33 22.29 21.84 21.82 21.71 21.38 20.61 19.95 19.19 18.49 17.95 17.57 17.50 17.20 16.91 18.46 18.39 16.44 17.36 18.76 19.41 20.05 20.27 20.44 20.74 21.27 21.26 21.45 22.02 22.25 22.44 22.47 22.66 23.00 23.59 23.62 23.95 24.01 24.46
-9999.00 -9999.00 -9999.00 -9999.00 -9999.00 -9999.00 -9999.00 27.09 27.08 27.06 27.05 26.99 26.95 26.91 26.87 26.75 26.66 26.55 26.39 26.21 26.10 25.94 25.74 25.49 25.30 24.97 24.68 24.43 24.26 23.99 24.37 23.68 22.80 22.83 23.29 23.12 22.91 22.48 21.79 21.09 20.37 19.84 19.47 18.97 19.11 18.72 18.74 19.40 19.05 17.40 17.95 19.12 19.51 20.02 20.41 20.86 21.23 21.49 21.70 21.98 22.16 22.62 22.79 22.76 22.96 23.14 23.37 23.81 24.26 24.13 24.22
-9999.00 -9999.00 -9999.00 -9999.00 -9999.00 -9999.00 -9999.00 -9999.00 27.08 27.07 27.06 27.03 26.99 26.96 26.88 26.79 26.65 26.53 26.39 26.25 26.09 25.91 25.75 25.56 25.36 25.14 24.86 24.72 24.55 24.68 23.96 24.07 24.03 24.17 23.88 23.69 23.57 23.27 23.19 22.26 21.90 21.31 20.82 20.03 20.22 20.61 20.21 19.82 19.20 18.33 16.52 17.91 18.91 19.56 20.11 20.26 20.15 20.71 21.45 21.80 22.10 22.37 22.64 23.17 23.11 23.54 23.81 23.90 23.33 23.68 23.28
-9999.00 -9999.00 -9999.00 -9999.00 -9999.00 -9999.00 -9999.00 -9999.00 -9999.00 27.08 27.07 27.05 27.02 26.98 26.92 26.83 26.70 26.66 26.55 26.35 26.19 26.07 25.82 25.66 25.44 25.24 25.23 25.14 25.07 24.96 24.81 24.65 24.32 23.78 23.25 22.52 22.18 22.27 22.30 22.38 22.37 21.88 21.67 21.61 20.42 19.69 19.49 18.92 18.21 17.16 18.43 19.16 19.55 20.09 20.45 20.91 21.16 21.32 21.72 22.08 22.35 22.68 22.95 23.05 23.22 23.65 23.51 23.11 22.15 22.33 23.25
-9999.00 -9999.00 -9999.00 -9999.00 -9999.00 -9999.00 -9999.00 -9999.00 -9999.00 -9999.00 27.08 27.07 27.06 27.03 26.99 26.92 26.79 26.66 26.55 26.41 26.30 26.11 25.91 25.75 25.72 25.47 25.29 25.38 24.83 24.51 24.32 23.94 23.39 22.99 22.33 21.66 21.17 20.87 21.13 21.05 21.03 20.76 21.23 20.46 20.87 20.73 20.35 19.62 17.93 16.42 18.41 19.57 19.87 20.20 20.52 20.22 20.27 20.89 21.81 22.23 22.18 22.32 22.36 22.90 23.20 23.10 23.17 22.25 20.88 20.91 22.74
-9999.00 -9999.00 -9999.00 -9999.00 -9999.00 -9999.00 -9999.00 -9999.00 -9999.00 -9999.00 27.09 27.08 27.07 27.06 27.02 26.96 26.86 26.74 26.66 26.51 26.37 26.16 26.01 25.94 25.76 25.58 25.49 25.31 25.00 24.83 24.45 24.08 23.54 22.83 22.39 21.89 21.31 20.79 20.31 19.85 19.65 19.51 20.21 19.76 20.50 20.51 19.62 18.89 17.29 17.62 18.90 19.29 19.70 20.39 20.81 20.77 21.24 21.44 21.40 21.94 21.84 21.42 22.48 22.81 22.95 22.05 23.02 22.21 20.05 20.40 20.84
-9999.00 -9999.00 -9999.00 -9999.00 -9999.00 -9999.00 -9999.00 -9999.00 -9999.00 -9999.00 -9999.00 27.08 27.08 27.07 27.03 26.96 26.89 26.80 26.68 26.56 26.47 26.33 26.21 26.07 25.86 25.68 25.64 25.47 25.24 24.91 24.65 24.28 23.89 23.73 23.44 22.99 21.95 21.15 20.39 19.97 19.51 19.17 18.82 18.77 19.28 19.33 18.51 18.28 19.80 19.88 19.80 20.56 20.14 19.94 19.92 20.24 21.09 21.37 21.47 21.86 21.49 21.33 21.87 22.64 22.97 22.00 21.15 20.40 19.11 19.38 20.03
-9999.00 -9999.00 -9999.00 -9999.00 -9999.00 -9999.00 -9999.00 -9999.00 -9999.00 -9999.00 -9999.00 27.09 27.08 27.07 27.05 26.98 26.90 26.81 26.74 26.61 26.50 26.36 26.20 26.11 25.98 25.86 25.68 25.49 25.23 25.01 24.61 24.48 24.20 23.79 23.24 23.05 22.10 21.46 20.99 20.47 19.90 19.34 18.99 18.63 18.19 18.06 18.57 19.30 20.74 21.20 20.87 20.91 21.20 20.47 19.72 20.14 20.79 20.80 21.04 21.61 20.82 20.71 21.40 21.90 22.34 22.16 19.14 18.61 18.97 19.77 21.35
-9999.00 -9999.00 -9999.00 -9999.00 -9999.00 -9999.00 -9999.00 -9999.00 -9999.00 -9999.00 -9999.00 -9999.00 27.09 27.08 27.04 27.01 26.93 26.87 26.77 26.65 26.52 26.39 26.26 26.14 26.02 25.92 25.81 25.59 25.37 25.01 24.71 24.45 24.00 23.44 22.98 22.40 22.18 22.21 21.32 21.03 20.02 19.76 19.47 19.07 19.19 18.96 20.20 20.53 20.78 21.69 21.88 21.71 21.53 21.04 20.34 19.58 19.96 19.97 20.79 21.17 20.33 20.02 19.71 20.75 21.62 20.24 19.22 20.13 20.40 20.93 21.74
-9999.00 -9999.00 -9999.00 -9999.00 -9999.00 -9999.00 -9999.00 -9999.00 -9999.00 -9999.00 -9999.00 -9999.00 -9999.00 27.09 27.07 27.04 26.99 26.88 26.79 26.68 26.57 26.45 26.34 26.25 26.19 26.05 25.95 25.78 25.44 25.12 24.83 24.51 23.98 23.64 23.73 23.64 22.82 22.92 22.80 22.35 20.65 20.92 20.80 20.29 20.69 20.25 21.34 21.12 21.96 22.26 21.89 22.26 21.87 21.77 20.78 20.73 20.97 20.69 20.06 20.16 19.47 19.84 20.37 20.76 21.35 21.61 20.99 21.21 21.15 22.88 21.49
-9999.00 -9999.00 -9999.00 -9999.00 -9999.00 -9999.00 -9999.00 -9999.00 -9999.00 -9999.00 -9999.00 -9999.00 -9999.00 -9999.00 27.08 27.07 27.03 26.93 26.82 26.76 26.63 26.54 26.45 26.40 26.30 26.21 26.13 25.97 25.69 25.41 25.06 24.71 24.51 24.39 23.73 23.90 24.08 23.60 22.78 22.25 22.03 22.26 21.77 21.67 22.23 21.83 21.80 21.26 21.87 22.61 22.45 22.72 22.30 22.14 21.78 21.87 21.53 21.06 20.30 18.79 18.92 19.93 20.89 22.17 22.21 22.20 22.07 21.60 22.70 23.04 22.72
-9999.00 -9999.00 -9999.00 -9999.00 -9999.00 -9999.00 -9999.00 -9999.00 -9999.00 -9999.00 -9999.00 -9999.00 -9999.00 -9999.00 -9999.00 27.07 27.05 27.00 26.91 26.81 26.69 26.63 26.58 26.53 26.42 26.30 26.12 25.93 25.74 25.56 25.21 24.93 24.60 24.51 24.73 24.19 23.45 23.37 23.49 23.46 23.37 22.99 23.24 23.13 22.66 21.85 21.81 21.57 22.40 22.81 22.78 23.04 22.78 22.63 22.69 21.91 21.42 20.72 20.01 18.89 19.75 20.05 21.11 20.67 21.44 22.20 22.76 23.38 23.42 23.24 23.72
-9999.00 -9999.00 -9999.00 -9999.00 -9999.00 -9999.00 -9999.00 -9999.00 -9999.00 -9999.00 -9999.00 -9999.00 -9999.00 -9999.00 -9999.00 -9999.00 27.07 27.03 26.97 26.85 26.81 26.76 26.69 26.64 26.50 26.34 26.19 26.01 25.86 25.76 25.43 25.18 25.22 24.90 24.43 24.57 24.59 24.51 24.44 24.16 24.06 23.58 23.09 22.36 21.22 20.52 20.94 21.99 22.42 23.13 23.14 23.12 23.21 22.97 22.51 22.37 21.95 20.35 20.45 19.75 18.64 19.16 19.89 19.90 20.08 21.38 22.68 21.75 22.04 22.89 23.37
-9999.00 -9999.00 -9999.00 -9999.00 -9999.00 -9999.00 -9999.00 -9999.00 -9999.00 -9999.00 -9999.00 -9999.00 -9999.00 -9999.00 -9999.00 -9999.00 -9999.00 27.06 27.03 26.98 26.89 26.83 26.80 26.72 26.58 26.43 26.30 26.12 26.03 25.84 25.65 25.50 25.41 25.26 25.22 24.75 24.38 24.21 23.97 23.60 23.01 22.16 22.26 20.78 20.67 19.64 20.03 22.27 23.22 23.32 23.57 23.37 23.55 23.26 23.00 22.30 21.59 20.49 21.42 20.60 20.67 19.91 19.89 18.79 20.04 21.21 21.52 21.08 22.23 21.64 22.95
