maui/input/air_temperature_monthly/tmaxjun_250m_maui.asc
ncols        356
nrows        236
xllcorner    -156.702000000000
yllcorner    20.529750000000
cellsize     0.002250000000
NODATA_value  -99.00
[rows 160 to 191 of 236, columns 142 to 212 of 356]
25.40 25.26 25.07 24.93 24.73 24.48 24.31 24.13 23.99 23.80 23.62 23.49 23.36 23.19 22.93 22.59 22.26 21.86 21.54 21.30 21.00 20.67 20.37 20.09 19.77 19.51 19.26 19.03 18.87 18.57 18.19 17.80 17.42 17.16 16.90 16.74 16.59 16.44 16.31 16.09 15.93 15.81 15.59 15.34 15.20 15.09 14.97 14.87 14.91 14.87 14.95 14.96 15.01 15.04 15.10 15.09 15.09 15.06 15.03 14.99 14.94 14.92 14.92 14.97 15.01 15.02 15.03 15.06 15.08 15.08 15.15
25.28 25.12 24.97 24.79 24.59 24.35 24.18 24.05 23.87 23.66 23.50 23.36 23.15 22.96 22.73 22.32 21.96 21.63 21.27 20.98 20.69 20.46 20.18 19.89 19.61 19.32 19.01 18.80 18.61 18.45 18.09 17.67 17.26 16.96 16.80 16.67 16.49 16.27 16.09 15.87 15.76 15.56 15.35 15.15 15.03 15.04 14.97 14.97 14.98 15.08 15.18 15.19 15.22 15.23 15.24 15.24 15.27 15.24 15.19 15.15 15.16 15.14 15.11 15.17 15.19 15.29 15.35 15.39 15.39 15.45 15.51
25.12 24.99 24.79 24.60 24.37 24.18 24.04 23.91 23.78 23.61 23.34 23.16 22.94 22.76 22.47 22.13 21.78 21.37 21.05 20.68 20.41 20.21 20.00 19.68 19.38 19.09 18.82 18.63 18.49 18.22 17.96 17.69 17.26 16.91 16.76 16.61 16.43 16.23 15.96 15.77 15.59 15.45 15.30 15.23 15.19 15.30 15.21 15.24 15.28 15.33 15.35 15.36 15.41 15.42 15.42 15.39 15.46 15.43 15.37 15.36 15.37 15.40 15.39 15.44 15.49 15.61 15.68 15.69 15.72 15.78 15.87
25.07 24.90 24.71 24.46 24.25 24.03 23.92 23.82 23.62 23.47 23.24 23.05 22.77 22.49 22.19 21.84 21.57 21.16 20.79 20.48 20.16 19.88 19.73 19.44 19.20 18.91 18.65 18.44 18.28 18.04 17.77 17.49 17.22 16.88 16.72 16.58 16.36 16.14 15.89 15.67 15.53 15.40 15.44 15.47 15.52 15.52 15.54 15.54 15.53 15.53 15.52 15.54 15.60 15.63 15.64 15.58 15.70 15.64 15.59 15.57 15.59 15.67 15.72 15.70 15.86 15.95 16.04 16.01 15.99 16.15 16.22
24.94 24.77 24.59 24.39 24.19 24.03 23.86 23.72 23.50 23.31 23.13 22.92 22.61 22.31 22.01 21.63 21.29 20.91 20.55 20.27 20.00 19.72 19.45 19.26 19.04 18.77 18.51 18.29 18.10 17.89 17.58 17.37 17.09 16.78 16.57 16.36 16.15 15.90 15.58 15.39 15.45 15.54 15.72 15.82 15.83 15.82 15.86 15.82 15.76 15.76 15.73 15.76 15.81 15.87 15.88 15.88 15.98 15.93 15.85 15.82 15.84 15.99 16.01 16.02 16.21 16.29 16.36 16.36 16.39 16.49 16.52
24.86 24.64 24.45 24.33 24.15 23.92 23.78 23.60 23.38 23.19 22.94 22.79 22.47 22.10 21.81 21.50 21.14 20.72 20.36 20.02 19.81 19.53 19.26 19.06 18.88 18.59 18.42 18.17 17.93 17.73 17.45 17.14 16.87 16.63 16.35 16.16 16.00 15.73 15.54 15.60 15.68 15.81 15.89 16.07 16.13 16.13 16.15 16.06 15.99 15.94 15.95 15.98 16.02 16.08 16.10 16.16 16.20 16.19 16.18 16.12 16.17 16.26 16.38 16.51 16.53 16.67 16.73 16.69 16.76 16.80 16.90
24.68 24.49 24.29 24.14 23.99 23.81 23.63 23.43 23.26 23.11 22.86 22.61 22.32 22.00 21.69 21.32 20.99 20.63 20.18 19.83 19.53 19.38 19.06 18.81 18.68 18.50 18.26 17.93 17.61 17.33 17.02 16.77 16.68 16.48 16.24 16.07 15.99 15.90 15.86 15.94 16.07 16.07 16.11 16.22 16.31 16.37 16.34 16.25 16.23 16.18 16.19 16.23 16.26 16.27 16.33 16.39 16.44 16.42 16.48 16.45 16.49 16.59 16.70 16.91 16.82 17.06 17.27 17.17 17.26 17.34 17.47
24.54 24.28 24.10 23.94 23.85 23.65 23.51 23.26 23.05 22.85 22.70 22.50 22.21 21.88 21.55 21.15 20.82 20.45 20.01 19.62 19.29 19.08 18.86 18.59 18.36 18.23 17.96 17.59 17.26 16.96 16.75 16.56 16.52 16.37 16.12 16.03 16.07 16.13 16.24 16.21 16.20 16.25 16.29 16.40 16.46 16.51 16.51 16.43 16.42 16.40 16.41 16.48 16.49 16.53 16.59 16.64 16.70 16.69 16.78 16.81 16.76 17.03 17.26 17.33 17.43 17.67 17.86 17.86 17.94 17.96 18.11
24.35 24.13 23.94 23.80 23.62 23.46 23.26 23.05 22.89 22.62 22.40 22.19 21.93 21.64 21.39 21.03 20.68 20.26 19.86 19.48 19.14 18.89 18.58 18.40 18.10 17.80 17.46 17.07 16.72 16.65 16.60 16.48 16.23 16.22 16.32 16.33 16.39 16.56 16.43 16.37 16.41 16.40 16.48 16.56 16.64 16.65 16.66 16.60 16.60 16.61 16.65 16.70 16.74 16.76 16.83 16.91 17.01 16.97 17.04 17.23 17.40 17.50 17.87 17.94 18.11 18.19 18.41 18.42 18.62 18.52 18.84
24.23 24.01 23.85 23.66 23.46 23.25 23.09 22.83 22.65 22.47 22.14 21.87 21.65 21.37 21.02 20.73 20.41 20.10 19.77 19.44 19.03 18.70 18.32 18.07 17.67 17.29 16.91 16.69 16.53 16.47 16.49 16.43 16.36 16.39 16.51 16.63 16.72 16.68 16.64 16.56 16.57 16.57 16.63 16.75 16.80 16.83 16.80 16.81 16.81 16.82 16.85 16.91 17.03 17.11 17.20 17.36 17.42 17.54 17.59 17.76 18.02 18.10 18.23 18.43 18.60 18.73 18.95 18.93 19.16 19.12 19.41
24.07 23.92 23.79 23.56 23.38 23.11 22.85 22.63 22.44 22.21 21.93 21.66 21.38 21.11 20.77 20.40 20.09 19.71 19.47 19.22 18.84 18.45 18.12 17.96 17.57 17.02 16.65 16.57 16.63 16.66 16.58 16.59 16.63 16.69 16.76 16.85 16.84 16.79 16.78 16.71 16.79 16.80 16.82 16.90 17.01 17.06 17.05 17.00 16.89 17.16 17.27 17.34 17.42 17.50 17.61 17.76 17.90 18.02 18.17 18.34 18.60 18.71 18.78 19.13 19.05 19.30 19.37 19.64 19.58 19.68 19.88
24.00 23.86 23.66 23.42 23.26 22.99 22.67 22.44 22.21 22.01 21.73 21.44 21.16 20.84 20.49 20.16 19.85 19.38 19.05 18.69 18.27 17.93 17.70 17.41 17.08 17.26 16.93 16.77 16.73 16.73 16.74 16.72 16.73 16.94 17.15 17.23 17.12 17.05 17.03 16.97 17.03 17.12 17.13 17.26 17.37 17.35 17.40 17.27 17.23 17.52 17.78 17.76 17.87 18.02 18.14 18.24 18.40 18.57 18.72 18.96 19.00 19.27 19.29 19.50 19.57 19.74 19.75 19.93 20.04 20.20 20.27
23.90 23.75 23.51 23.31 23.16 22.91 22.61 22.33 22.10 21.81 21.55 21.24 20.96 20.77 20.35 19.94 19.49 19.02 18.78 18.30 17.89 17.66 17.64 17.52 17.28 17.53 17.61 17.33 16.94 16.98 17.03 17.14 17.22 17.46 17.52 17.65 17.57 17.55 17.56 17.43 17.38 17.49 17.51 17.64 17.74 17.75 17.81 17.79 17.80 18.04 18.13 18.19 18.35 18.48 18.62 18.79 18.86 19.04 19.20 19.42 19.53 19.68 19.85 19.91 20.11 20.19 20.28 20.49 20.74 20.70 20.83
23.91 23.71 23.42 23.26 23.06 22.84 22.62 22.39 22.08 21.80 21.47 21.10 20.79 20.50 20.31 19.88 19.50 19.23 18.90 18.44 17.99 17.85 17.80 17.71 17.70 17.89 17.84 17.66 17.39 17.32 17.43 17.61 17.71 17.89 17.99 18.03 17.98 18.04 18.00 17.93 17.82 17.94 17.89 18.04 18.16 18.16 18.27 18.35 18.30 18.53 18.70 18.73 18.82 19.00 19.15 19.19 19.27 19.50 19.76 19.81 20.08 20.21 20.31 20.41 20.63 20.62 20.83 20.94 21.26 21.22 21.40
23.92 23.60 23.32 23.13 22.89 22.72 22.60 22.42 22.14 21.83 21.36 21.02 20.67 20.44 20.22 20.00 19.61 19.37 18.75 18.49 18.40 18.49 18.34 18.19 18.03 18.04 18.06 17.96 17.79 17.81 17.90 18.00 18.19 18.36 18.39 18.43 18.38 18.39 18.41 18.32 18.30 18.35 18.32 18.49 18.56 18.62 18.75 18.86 18.85 19.00 19.17 19.21 19.35 19.51 19.69 19.81 19.82 19.96 20.12 20.30 20.46 20.57 20.76 20.83 20.97 21.09 21.25 21.50 21.64 21.66 21.83
23.87 23.57 23.30 23.02 22.80 22.66 22.50 22.37 22.17 21.88 21.48 20.83 20.50 20.32 19.97 19.67 19.36 19.10 18.96 18.69 18.89 18.84 18.66 18.48 18.35 18.32 18.37 18.29 18.22 18.27 18.32 18.41 18.61 18.71 18.80 18.84 18.80 18.90 18.80 18.71 18.66 18.80 18.80 18.94 19.02 19.07 19.23 19.31 19.31 19.50 19.72 19.83 19.94 20.10 20.20 20.33 20.39 20.53 20.65 20.98 20.88 21.06 21.30 21.21 21.41 21.60 21.73 21.85 22.09 22.06 22.32
23.79 23.53 23.26 23.04 22.74 22.59 22.43 22.26 22.05 21.75 21.39 20.97 20.54 20.23 19.87 19.47 19.28 19.37 19.14 19.26 19.21 19.11 18.92 18.78 18.73 18.71 18.74 18.65 18.62 18.59 18.68 18.78 18.94 19.11 19.20 19.32 19.29 19.32 19.23 19.12 19.08 19.16 19.20 19.33 19.50 19.66 19.77 19.84 19.92 20.01 20.19 20.37 20.49 20.57 20.70 20.88 20.86 20.98 21.09 21.28 21.37 21.60 21.59 21.58 21.76 22.09 22.14 22.33 22.59 22.55 22.80
23.82 23.53 23.27 22.99 22.72 22.53 22.40 22.17 21.95 21.62 21.30 20.77 20.13 19.58 19.81 19.49 19.49 19.61 19.64 19.60 19.51 19.39 19.20 19.12 19.13 19.08 19.16 19.15 19.08 19.01 19.06 19.17 19.26 19.43 19.54 19.69 19.68 19.71 19.66 19.59 19.61 19.67 19.72 19.87 19.99 20.18 20.24 20.37 20.51 20.55 20.77 20.84 20.96 21.11 21.16 21.33 21.35 21.49 21.53 21.69 21.94 21.97 22.13 22.19 22.25 22.42 22.66 22.85 22.95 23.09 23.22
23.80 23.58 23.26 22.93 22.64 22.42 22.27 22.13 21.92 21.53 21.11 20.67 19.95 20.01 20.21 19.84 19.97 20.02 20.01 19.91 19.81 19.69 19.56 19.53 19.50 19.48 19.55 19.50 19.43 19.42 19.42 19.55 19.64 19.84 20.01 20.12 20.15 20.20 20.19 20.27 20.18 20.25 20.34 20.41 20.54 20.71 20.80 20.98 21.12 21.14 21.26 21.30 21.40 21.54 21.56 21.78 21.84 21.92 22.01 22.21 22.46 22.41 22.52 22.57 22.77 22.84 23.04 23.15 23.27 23.61 23.58
23.76 23.55 23.28 23.03 22.50 22.38 22.18 21.95 21.35 21.10 20.93 20.79 20.38 20.43 20.41 20.33 20.24 20.34 20.29 20.18 20.08 20.00 19.94 19.87 19.79 19.83 19.89 19.88 19.78 19.81 19.84 19.92 20.01 20.16 20.44 20.50 20.57 20.64 20.69 20.82 20.80 20.80 20.92 20.90 21.01 21.18 21.33 21.44 21.55 21.72 21.79 21.78 21.98 21.99 21.99 22.15 22.31 22.35 22.38 22.37 22.69 22.81 22.91 22.99 23.15 23.33 23.41 23.54 23.65 23.88 24.06
23.66 23.41 23.13 22.91 22.32 22.25 22.08 21.74 21.49 21.20 21.09 20.97 20.85 20.68 20.60 20.55 20.56 20.58 20.60 20.51 20.44 20.32 20.27 20.18 20.19 20.17 20.21 20.26 20.12 20.19 20.20 20.32 20.42 20.58 20.72 20.87 20.94 21.08 21.11 21.22 21.26 21.17 21.35 21.43 21.53 21.69 21.79 21.95 22.03 22.17 22.25 22.20 22.31 22.39 22.45 22.56 22.68 22.75 22.62 22.55 22.99 23.38 23.27 23.39 23.49 23.71 23.77 23.88 24.11 24.25 24.74
23.59 23.26 22.87 22.58 22.05 21.92 21.96 21.50 21.47 21.28 21.17 21.24 21.17 20.96 20.83 20.84 20.84 20.83 20.81 20.82 20.73 20.67 20.58 20.54 20.55 20.46 20.53 20.60 20.59 20.58 20.61 20.78 20.87 20.97 21.07 21.31 21.35 21.41 21.55 21.65 21.67 21.69 21.86 21.81 21.96 22.17 22.25 22.38 22.49 22.61 22.63 22.67 22.69 22.71 22.94 22.97 23.11 23.11 22.93 23.07 23.35 23.50 23.67 23.71 23.79 23.98 24.18 24.26 24.48 24.54 24.79
23.62 23.19 22.74 22.42 22.17 22.08 21.81 21.68 21.47 21.24 21.39 21.46 21.37 21.21 21.09 21.07 21.07 21.06 21.02 21.09 21.06 20.93 20.94 20.90 20.93 20.87 20.94 20.94 20.95 20.95 21.04 21.15 21.25 21.42 21.48 21.66 21.76 21.79 21.88 21.92 22.00 22.03 22.17 22.20 22.35 22.49 22.61 22.72 22.87 23.05 23.10 23.12 23.08 23.15 23.24 23.32 23.43 23.53 23.44 23.46 23.70 23.78 23.93 24.15 24.29 24.29 24.52 24.68 24.98 25.22 25.15
23.84 23.51 22.94 22.65 22.55 22.32 21.98 21.79 21.73 22.02 21.84 21.73 21.64 21.50 21.35 21.37 21.20 21.37 21.34 21.39 21.38 21.36 21.35 21.35 21.32 21.25 21.32 21.27 21.35 21.33 21.51 21.61 21.66 21.81 21.88 22.06 22.14 22.21 22.24 22.26 22.31 22.37 22.54 22.67 22.79 22.88 22.95 23.04 23.23 23.40 23.52 23.51 23.48 23.59 23.73 23.71 23.92 23.89 23.80 23.90 23.97 24.12 24.28 24.39 24.47 24.59 24.84 25.03 25.17 25.35 25.54
23.84 23.38 23.17 23.02 22.86 22.71 22.48 22.39 22.37 22.22 22.06 21.95 21.97 21.89 21.71 21.76 21.81 21.87 21.77 21.85 21.79 21.80 21.83 21.84 21.73 21.68 21.69 21.66 21.84 21.85 21.96 22.06 22.13 22.26 22.34 22.43 22.54 22.60 22.58 22.64 22.67 22.84 22.90 23.03 23.09 23.24 23.37 23.39 23.52 23.73 23.79 23.85 23.81 23.90 24.07 24.09 24.13 24.24 24.30 24.33 24.39 24.46 24.59 24.64 24.78 24.91 25.11 25.29 25.52 25.61 25.89
24.08 23.77 23.48 23.37 23.22 22.98 22.89 22.69 22.57 22.49 22.34 22.24 22.20 22.20 22.12 22.15 22.27 22.41 22.37 22.37 22.29 22.23 22.24 22.22 22.16 22.17 22.21 22.20 22.30 22.34 22.40 22.54 22.65 22.74 22.79 22.85 22.93 22.92 22.89 22.82 22.87 23.13 23.40 23.42 23.41 23.52 23.70 23.73 23.78 23.96 24.10 24.28 24.22 24.26 24.37 24.44 24.57 24.72 24.64 24.65 24.73 24.80 24.91 25.02 25.29 25.37 25.37 25.65 25.87 25.92 26.20
24.17 23.52 23.46 23.40 23.38 23.22 23.07 22.94 22.92 22.76 22.60 22.53 22.48 22.48 22.48 22.53 22.55 22.71 22.76 22.79 22.82 22.73 22.74 22.67 22.56 22.65 22.67 22.71 22.80 22.84 22.86 23.02 23.13 23.21 23.25 23.30 23.31 23.25 23.23 23.19 23.26 23.51 23.67 23.80 23.74 23.89 23.96 24.06 24.08 24.28 24.38 24.49 24.55 24.63 24.68 24.98 24.80 24.92 25.00 25.01 25.02 25.10 25.22 25.29 25.36 25.66 25.64 25.85 26.11 26.32 26.44
24.25 23.73 23.54 23.56 23.55 23.20 23.01 23.28 23.22 23.08 22.94 22.80 22.80 22.76 22.83 22.84 22.93 23.00 23.14 23.20 23.15 23.12 23.15 23.10 23.08 23.10 23.15 23.19 23.26 23.33 23.35 23.47 23.60 23.72 23.67 23.66 23.64 23.58 23.58 23.59 23.64 23.84 23.96 24.06 24.10 24.19 24.26 24.33 24.43 24.61 24.76 24.83 24.93 25.03 25.12 25.31 25.23 25.35 25.30 25.27 25.35 25.41 25.47 25.53 25.77 25.79 26.22 26.12 26.31 26.59 26.73
24.31 24.16 23.96 23.84 23.74 23.65 23.66 23.63 23.53 23.39 23.23 23.16 23.14 23.04 23.14 23.16 23.17 23.24 23.41 23.49 23.47 23.48 23.47 23.51 23.52 23.51 23.58 23.62 23.70 23.75 23.84 24.02 24.02 23.95 23.92 23.91 23.91 23.88 23.89 23.99 24.08 24.24 24.28 24.38 24.43 24.49 24.56 24.61 24.71 24.83 25.07 25.18 25.24 25.31 25.54 25.45 25.53 25.56 25.57 25.64 25.64 25.74 25.74 25.87 26.08 26.12 26.44 26.78 26.65 26.81 27.02
24.43 24.50 24.41 24.24 24.12 23.94 24.06 23.95 23.84 23.71 23.62 23.48 23.44 23.42 23.57 23.60 23.52 23.63 23.72 23.81 23.78 23.76 23.85 23.89 23.90 23.91 23.95 24.06 24.10 24.18 24.22 24.30 24.24 24.22 24.17 24.18 24.18 24.22 24.23 24.34 24.42 24.49 24.59 24.69 24.71 24.76 24.82 24.93 25.04 25.14 25.28 25.41 25.47 25.61 25.90 25.84 25.90 26.04 25.89 25.89 25.99 26.04 26.07 26.20 26.32 26.47 26.55 26.75 27.35 27.13 27.20
24.80 24.77 24.67 24.55 24.34 24.36 24.33 24.23 24.15 24.06 23.89 23.90 23.87 23.88 23.92 24.03 23.87 24.02 24.04 24.10 24.13 24.12 24.19 24.20 24.24 24.24 24.37 24.43 24.40 24.44 24.54 24.56 24.48 24.47 24.43 24.48 24.49 24.53 24.52 24.60 24.71 24.75 24.83 24.96 25.05 25.12 25.10 25.14 25.27 25.42 25.45 25.64 25.72 25.82 26.14 26.32 26.28 26.35 26.28 26.22 26.32 26.47 26.41 26.58 26.67 26.80 26.84 27.06 27.90 27.61 27.54
25.12 25.02 24.85 24.89 24.71 24.63 24.59 24.58 24.52 24.37 24.36 24.28 24.24 24.22 24.26 24.21 24.23 24.26 24.35 24.37 24.39 24.45 24.42 24.47 24.51 24.53 24.61 24.68 24.69 24.70 24.84 24.85 24.74 24.74 24.69 24.74 24.75 24.81 24.79 24.81 24.94 25.08 25.09 25.18 25.29 25.37 25.40 25.48 25.55 25.67 25.71 25.85 25.96 26.11 26.28 26.36 26.49 26.51 26.63 26.57 26.67 26.70 26.80 26.92 26.94 27.10 27.13 27.34 27.53 28.15 27.80
