maui/input/air_temperature_monthly/tmaxjan_250m_maui.asc
ncols        356
nrows        236
xllcorner    -156.702000000000
yllcorner    20.529750000000
cellsize     0.002250000000
NODATA_value  -99.00
[rows 124 to 154 of 236, columns 142 to 212 of 356]
24.83 24.77 24.71 24.67 24.61 24.50 24.40 24.33 24.22 24.14 24.08 24.00 23.87 23.75 23.64 23.53 23.46 23.31 23.16 23.08 22.96 22.81 22.67 22.58 22.43 22.25 22.13 22.16 22.00 21.73 21.57 21.41 21.23 21.06 20.88 20.70 20.57 20.40 20.27 20.03 19.90 19.75 19.49 19.23 19.09 18.85 18.77 18.50 18.26 18.01 17.78 17.59 17.35 17.15 16.92 16.81 16.65 16.53 16.16 15.97 15.79 15.70 15.65 15.68 15.76 15.84 15.53 15.58 15.75 15.82 15.84
24.80 24.74 24.70 24.65 24.59 24.50 24.41 24.35 24.24 24.12 24.04 23.98 23.90 23.75 23.62 23.48 23.45 23.31 23.13 23.01 22.91 22.81 22.66 22.55 22.42 22.30 22.11 21.98 21.87 21.72 21.53 21.36 21.20 21.00 20.83 20.63 20.44 20.33 20.15 19.91 19.76 19.64 19.39 19.15 18.93 18.72 18.57 18.39 18.16 17.93 17.73 17.48 17.26 17.06 16.74 16.61 16.43 16.28 16.13 15.75 15.57 15.42 15.36 15.45 15.62 15.62 15.41 15.46 15.48 15.58 15.54
24.79 24.74 24.67 24.61 24.54 24.46 24.39 24.31 24.19 24.09 24.04 23.95 23.86 23.73 23.55 23.45 23.35 23.32 23.20 23.03 22.81 22.71 22.70 22.52 22.32 22.27 22.18 22.01 21.85 21.67 21.45 21.35 21.18 20.98 20.76 20.60 20.45 20.28 20.05 19.79 19.63 19.48 19.27 19.05 18.79 18.58 18.45 18.27 18.04 17.82 17.59 17.41 17.21 16.95 16.68 16.43 16.30 16.12 16.00 15.61 15.35 15.16 15.20 15.38 15.35 15.32 15.27 15.26 15.25 15.30 15.41
24.78 24.72 24.64 24.57 24.49 24.40 24.30 24.19 24.07 24.04 23.96 23.86 23.77 23.69 23.54 23.42 23.31 23.19 23.09 22.98 22.86 22.69 22.58 22.45 22.32 22.23 22.09 22.02 21.80 21.67 21.40 21.25 21.09 20.90 20.73 20.55 20.52 20.21 19.97 19.76 19.49 19.36 19.16 18.94 18.67 18.44 18.31 18.09 17.93 17.67 17.47 17.23 17.05 16.82 16.56 16.29 16.08 15.92 15.72 15.53 15.10 14.87 14.99 15.12 15.14 15.14 15.05 15.06 15.03 15.10 15.16
24.71 24.65 24.60 24.49 24.42 24.33 24.26 24.15 24.04 23.97 23.84 23.80 23.72 23.64 23.46 23.34 23.28 23.15 23.02 22.90 22.77 22.65 22.59 22.41 22.29 22.18 22.12 21.95 21.73 21.60 21.33 21.13 20.97 20.82 20.75 20.59 20.35 20.08 19.86 19.73 19.40 19.23 19.06 18.81 18.58 18.36 18.15 17.99 17.79 17.65 17.41 17.15 16.93 16.70 16.38 16.08 15.84 15.68 15.46 15.27 15.05 14.53 14.66 14.93 14.93 15.00 14.88 14.77 14.85 14.86 14.97
24.68 24.60 24.51 24.43 24.36 24.27 24.20 24.11 23.98 23.89 23.83 23.72 23.69 23.54 23.41 23.31 23.14 23.02 22.93 22.82 22.69 22.54 22.44 22.35 22.22 22.03 21.90 21.73 21.77 21.43 21.29 21.14 20.94 20.80 20.67 20.50 20.35 20.08 19.74 19.52 19.37 19.30 19.06 18.78 18.49 18.25 18.03 17.86 17.68 17.49 17.36 17.12 16.89 16.58 16.21 15.96 15.64 15.46 15.29 15.05 14.83 14.74 14.69 14.73 14.80 14.71 14.63 14.56 14.56 14.69 14.77
24.61 24.57 24.48 24.44 24.35 24.25 24.15 24.06 23.99 23.87 23.77 23.68 23.53 23.45 23.40 23.19 23.10 22.98 22.91 22.72 22.56 22.45 22.33 22.21 22.12 22.01 21.80 21.69 21.50 21.44 21.28 21.03 20.87 20.70 20.55 20.39 20.17 19.92 19.68 19.47 19.29 19.09 18.92 18.69 18.41 18.24 17.94 17.73 17.53 17.36 17.12 16.94 16.71 16.42 16.15 15.77 15.56 15.32 15.13 14.90 14.69 14.61 14.62 14.61 14.63 14.58 14.44 14.39 14.43 14.48 14.49
24.59 24.52 24.46 24.38 24.31 24.21 24.14 24.09 23.99 23.83 23.73 23.62 23.47 23.34 23.21 23.13 23.06 22.93 22.79 22.70 22.52 22.38 22.20 22.13 22.05 21.85 21.70 21.56 21.36 21.30 21.25 20.98 20.79 20.59 20.41 20.26 20.07 19.78 19.57 19.38 19.15 18.91 18.72 18.60 18.33 18.01 17.87 17.68 17.40 17.23 17.00 16.75 16.55 16.30 16.02 15.72 15.47 15.24 15.04 14.82 14.61 14.53 14.51 14.46 14.46 14.35 14.26 14.32 14.24 14.26 14.36
24.60 24.51 24.44 24.34 24.23 24.21 24.14 24.02 23.93 23.77 23.69 23.59 23.42 23.32 23.20 23.06 22.98 22.89 22.86 22.60 22.47 22.31 22.13 22.01 21.89 21.74 21.58 21.62 21.23 21.14 21.02 20.89 20.73 20.45 20.30 20.12 19.88 19.74 19.50 19.29 19.00 18.70 18.54 18.38 18.18 18.05 17.75 17.51 17.28 17.10 16.81 16.60 16.35 16.14 15.90 15.60 15.35 15.14 14.90 14.73 14.50 14.35 14.39 14.27 14.21 14.15 14.08 14.09 14.04 14.03 14.09
24.60 24.49 24.41 24.29 24.20 24.14 24.09 23.98 23.86 23.71 23.61 23.53 23.41 23.24 23.12 22.99 22.89 22.75 22.63 22.60 22.39 22.25 22.05 21.91 21.77 21.64 21.48 21.32 21.14 21.14 20.94 20.76 20.56 20.34 20.25 20.10 19.86 19.63 19.43 19.19 18.92 18.59 18.31 18.13 17.96 17.75 17.63 17.40 17.12 16.90 16.68 16.48 16.21 16.06 15.78 15.53 15.29 15.05 14.84 14.55 14.36 14.17 14.13 14.12 14.01 13.98 13.96 13.88 13.90 13.81 13.83
24.58 24.46 24.40 24.27 24.19 24.11 24.04 23.92 23.76 23.64 23.54 23.45 23.34 23.16 23.00 22.86 22.78 22.64 22.55 22.43 22.38 22.17 22.00 21.85 21.70 21.55 21.37 21.21 21.05 20.92 20.82 20.75 20.43 20.25 20.14 20.03 19.79 19.63 19.33 19.13 18.82 18.53 18.29 18.00 17.70 17.53 17.35 17.20 17.01 16.73 16.47 16.29 16.16 15.97 15.71 15.45 15.07 14.83 14.56 14.44 14.23 14.07 13.96 13.91 13.82 13.84 13.72 13.73 13.66 13.58 13.51
24.52 24.42 24.40 24.31 24.22 24.09 24.03 23.97 23.84 23.69 23.56 23.44 23.24 23.14 22.96 22.78 22.74 22.62 22.48 22.32 22.17 22.13 21.96 21.80 21.63 21.50 21.32 21.13 20.98 20.83 20.69 20.57 20.40 20.17 20.06 19.92 19.74 19.56 19.40 19.08 18.73 18.49 18.26 18.00 17.67 17.38 17.13 16.94 16.85 16.59 16.31 16.11 15.97 15.79 15.55 15.36 15.11 14.67 14.27 14.11 14.11 13.89 13.80 13.76 13.57 13.63 13.51 13.50 13.45 13.38 13.32
24.45 24.41 24.32 24.24 24.17 24.10 23.99 23.92 23.83 23.70 23.53 23.39 23.20 23.06 22.92 22.78 22.68 22.58 22.41 22.30 22.09 21.97 21.94 21.77 21.60 21.39 21.23 21.08 20.94 20.76 20.61 20.47 20.25 20.13 20.01 19.90 19.68 19.48 19.20 19.03 18.72 18.45 18.14 17.89 17.64 17.40 17.11 16.82 16.70 16.41 16.09 15.90 15.74 15.61 15.36 15.11 14.87 14.66 14.37 14.14 13.97 13.74 13.59 13.55 13.38 13.37 13.29 13.23 13.20 13.22 13.17
24.40 24.36 24.30 24.22 24.13 24.06 23.97 23.89 23.73 23.63 23.50 23.41 23.25 23.04 22.89 22.73 22.60 22.50 22.30 22.17 21.99 21.85 21.78 21.70 21.58 21.41 21.21 21.02 20.87 20.70 20.56 20.35 20.18 20.03 19.90 19.76 19.66 19.43 19.21 18.81 18.60 18.35 18.15 17.82 17.47 17.27 16.96 16.69 16.44 16.20 15.82 15.69 15.53 15.42 15.21 14.82 14.60 14.39 14.19 13.95 13.78 13.59 13.45 13.37 13.22 13.17 13.08 12.97 13.06 12.98 12.94
24.45 24.33 24.29 24.17 24.05 24.02 23.89 23.76 23.71 23.57 23.50 23.39 23.21 23.01 22.86 22.70 22.55 22.37 22.24 22.08 21.89 21.79 21.69 21.59 21.51 21.28 21.15 20.96 20.77 20.57 20.47 20.30 20.10 19.88 19.74 19.53 19.34 19.21 18.95 18.74 18.41 18.18 17.91 17.67 17.43 17.08 16.85 16.55 16.29 15.97 15.64 15.42 15.32 15.16 14.96 14.62 14.28 14.11 13.97 13.78 13.58 13.46 13.29 13.16 13.03 12.95 12.90 12.77 12.72 12.68 13.06
24.42 24.31 24.25 24.15 24.01 23.95 23.84 23.77 23.62 23.55 23.39 23.27 23.16 22.99 22.86 22.65 22.52 22.34 22.16 22.01 21.87 21.71 21.66 21.47 21.34 21.17 21.00 20.85 20.73 20.52 20.34 20.21 20.02 19.81 19.56 19.24 19.11 19.10 18.76 18.48 18.33 18.13 17.84 17.47 17.18 17.00 16.69 16.38 16.07 15.73 15.44 15.20 15.15 14.83 14.63 14.36 14.12 13.93 13.72 13.57 13.39 13.27 13.10 12.90 12.86 12.73 12.70 12.52 12.38 13.05 13.82
24.43 24.28 24.21 24.14 23.98 23.87 23.75 23.68 23.59 23.47 23.40 23.22 23.13 23.00 22.84 22.61 22.43 22.26 22.11 21.95 21.77 21.61 21.49 21.43 21.20 21.04 20.86 20.69 20.58 20.48 20.35 20.13 19.87 19.62 19.40 19.18 18.97 18.80 18.64 18.39 18.08 17.97 17.67 17.34 16.99 16.74 16.45 16.17 15.90 15.56 15.21 14.96 14.73 14.48 14.35 14.11 13.92 13.72 13.60 13.34 13.18 13.00 12.91 12.67 12.41 12.54 12.40 12.23 12.19 12.90 13.87
24.35 24.24 24.18 24.11 23.99 23.88 23.72 23.58 23.49 23.40 23.29 23.19 23.12 22.96 22.81 22.64 22.44 22.27 22.05 21.89 21.72 21.57 21.39 21.23 21.16 20.92 20.76 20.61 20.48 20.35 20.17 20.00 19.76 19.55 19.27 19.03 18.83 18.53 18.46 18.15 17.90 17.68 17.37 17.03 16.67 16.49 16.17 15.98 15.66 15.25 14.95 14.75 14.44 14.24 14.05 13.88 13.70 13.48 13.33 13.14 12.91 12.86 12.74 12.46 12.26 12.26 12.09 12.02 12.29 12.90 13.61
24.27 24.21 24.13 24.11 23.89 23.80 23.69 23.56 23.42 23.32 23.25 23.09 22.99 22.81 22.73 22.56 22.37 22.30 22.06 21.85 21.70 21.44 21.29 21.13 20.97 20.83 20.76 20.59 20.34 20.29 20.05 19.84 19.70 19.44 19.20 18.98 18.61 18.30 18.04 17.79 17.58 17.32 17.10 16.83 16.55 16.25 15.92 15.67 15.45 15.15 14.72 14.39 14.23 14.11 13.87 13.61 13.40 13.20 13.10 12.92 12.72 12.64 12.51 12.30 12.08 11.94 11.85 12.01 12.58 13.34 13.22
24.23 24.16 24.07 23.94 23.86 23.78 23.63 23.51 23.40 23.29 23.15 23.04 22.92 22.71 22.55 22.50 22.26 22.01 21.95 21.81 21.60 21.44 21.31 21.07 20.91 20.76 20.57 20.47 20.27 20.13 19.90 19.76 19.50 19.28 19.07 18.66 18.42 18.06 17.75 17.62 17.26 17.03 16.87 16.57 16.24 16.00 15.71 15.40 15.22 14.93 14.46 14.13 13.98 13.90 13.72 13.44 13.21 13.03 12.87 12.76 12.60 12.39 12.23 12.08 11.92 11.70 11.60 12.30 13.26 13.71 14.08
24.17 24.11 24.02 23.91 23.80 23.75 23.57 23.44 23.35 23.23 23.07 22.96 22.82 22.60 22.48 22.35 22.22 21.99 21.83 21.73 21.55 21.41 21.29 21.07 20.86 20.68 20.44 20.25 20.10 19.94 19.78 19.57 19.33 19.11 18.72 18.44 18.17 17.80 17.49 17.26 17.05 16.76 16.53 16.27 15.98 15.69 15.46 15.11 14.77 14.52 14.24 13.92 13.72 13.60 13.51 13.31 13.08 12.85 12.69 12.56 12.41 12.19 11.99 11.82 11.68 11.48 12.13 12.61 13.09 13.48 14.27
24.16 24.04 23.95 23.87 23.75 23.62 23.58 23.44 23.25 23.08 23.03 22.89 22.75 22.59 22.46 22.25 22.06 21.85 21.74 21.58 21.45 21.25 21.08 20.97 20.75 20.53 20.32 20.06 19.85 19.71 19.52 19.31 19.13 18.82 18.43 18.16 17.87 17.65 17.31 17.02 16.72 16.44 16.14 15.87 15.64 15.29 14.99 14.70 14.43 14.18 13.98 13.72 13.49 13.35 13.24 13.11 12.88 12.74 12.55 12.46 12.29 12.04 11.86 11.68 11.49 11.73 12.46 13.16 13.61 13.94 14.18
24.13 24.02 23.95 23.84 23.68 23.54 23.46 23.35 23.16 23.03 22.92 22.80 22.63 22.47 22.34 22.15 22.01 21.83 21.65 21.50 21.35 21.13 21.01 20.77 20.62 20.43 20.15 19.85 19.64 19.45 19.21 19.04 18.87 18.62 18.34 17.99 17.69 17.39 17.08 16.79 16.50 16.16 15.93 15.61 15.24 14.97 14.57 14.28 14.12 13.90 13.73 13.52 13.32 13.11 13.02 12.91 12.75 12.52 12.38 12.27 12.09 11.94 11.71 11.54 11.40 12.04 12.49 13.23 13.81 14.06 14.25
24.07 23.97 23.89 23.82 23.68 23.53 23.38 23.24 23.07 22.94 22.84 22.68 22.51 22.37 22.26 22.07 21.94 21.77 21.62 21.40 21.21 21.05 20.89 20.67 20.51 20.32 20.04 19.79 19.63 19.30 18.98 18.71 18.60 18.38 18.09 17.78 17.49 17.15 16.84 16.55 16.22 15.87 15.60 15.37 15.02 14.65 14.35 14.03 13.80 13.58 13.50 13.27 13.08 12.97 12.74 12.63 12.48 12.32 12.13 12.02 11.91 11.69 11.51 11.42 11.77 12.12 12.85 13.33 13.80 14.13 14.17
24.00 23.89 23.81 23.68 23.57 23.47 23.36 23.13 23.00 22.83 22.75 22.62 22.54 22.31 22.14 21.96 21.81 21.64 21.51 21.33 21.13 20.89 20.64 20.43 20.25 20.09 19.87 19.62 19.36 19.12 18.80 18.48 18.26 18.03 17.80 17.53 17.18 16.87 16.57 16.21 15.87 15.59 15.30 15.01 14.70 14.34 14.12 13.84 13.54 13.31 13.20 13.08 12.88 12.64 12.53 12.40 12.25 12.12 11.96 11.83 11.62 11.42 11.32 11.94 12.50 12.67 13.17 13.55 13.84 14.08 14.11
23.96 23.83 23.71 23.60 23.46 23.35 23.19 23.04 22.88 22.82 22.62 22.57 22.42 22.30 22.13 21.88 21.65 21.54 21.37 21.20 21.04 20.82 20.59 20.32 20.08 19.89 19.66 19.45 19.27 18.92 18.56 18.26 18.02 17.75 17.54 17.26 16.95 16.62 16.25 15.88 15.58 15.29 14.94 14.68 14.38 14.16 13.93 13.68 13.44 13.12 12.96 12.83 12.67 12.47 12.31 12.14 12.03 11.90 11.70 11.56 11.34 11.68 12.06 12.24 12.77 13.12 13.46 13.68 13.88 13.93 13.92
23.90 23.80 23.67 23.55 23.39 23.28 23.11 22.96 22.82 22.66 22.54 22.37 22.28 22.12 22.04 21.79 21.56 21.41 21.27 21.03 20.86 20.67 20.45 20.25 20.03 19.69 19.44 19.22 18.95 18.71 18.42 18.07 17.78 17.47 17.19 16.98 16.76 16.41 15.98 15.63 15.30 15.03 14.61 14.41 14.12 13.93 13.74 13.53 13.27 13.04 12.82 12.67 12.47 12.31 12.13 11.94 11.81 11.69 11.52 11.34 11.54 12.13 12.52 12.84 13.12 13.28 13.47 13.59 13.69 13.71 13.78
23.84 23.69 23.58 23.45 23.36 23.22 23.10 22.97 22.80 22.63 22.46 22.31 22.14 22.07 21.92 21.71 21.52 21.38 21.22 20.99 20.76 20.60 20.34 20.13 19.89 19.64 19.28 18.93 18.65 18.39 18.14 17.81 17.50 17.16 16.92 16.62 16.46 16.17 15.80 15.41 15.01 14.69 14.38 14.18 13.96 13.72 13.57 13.35 13.12 12.93 12.74 12.60 12.39 12.13 11.94 11.80 11.69 11.52 11.33 11.16 11.77 12.35 12.73 12.88 12.98 13.14 13.07 13.36 13.62 13.66 13.72
23.79 23.64 23.48 23.36 23.25 23.15 22.99 22.91 22.73 22.57 22.40 22.25 22.10 21.96 21.82 21.66 21.44 21.31 21.05 20.89 20.65 20.42 20.20 19.99 19.71 19.48 19.08 18.80 18.44 18.06 17.85 17.55 17.22 16.86 16.53 16.32 16.10 15.92 15.56 15.17 14.80 14.44 14.15 13.96 13.76 13.55 13.40 13.20 13.00 12.81 12.66 12.51 12.25 11.99 11.79 11.54 11.41 11.30 11.17 11.42 12.00 12.48 12.62 12.68 12.84 12.90 12.93 13.33 13.29 13.31 13.58
23.76 23.61 23.49 23.29 23.17 23.08 22.96 22.83 22.74 22.59 22.33 22.07 21.93 21.83 21.65 21.51 21.34 21.10 20.87 20.68 20.41 20.21 19.98 19.77 19.48 19.14 18.90 18.57 18.24 17.91 17.46 17.16 16.88 16.53 16.21 15.94 15.82 15.56 15.28 14.89 14.48 14.22 14.02 13.76 13.59 13.41 13.24 13.09 12.89 12.70 12.54 12.39 12.17 11.76 11.56 11.41 11.25 11.12 11.04 11.40 11.99 12.33 12.32 12.35 12.50 12.68 13.02 13.39 13.37 13.36 13.69
23.66 23.54 23.36 23.24 23.08 22.94 22.86 22.78 22.63 22.46 22.24 22.00 21.77 21.65 21.48 21.28 21.15 20.96 20.72 20.43 20.10 19.93 19.70 19.50 19.21 18.90 18.61 18.29 17.90 17.62 17.29 16.93 16.50 16.16 15.86 15.62 15.54 15.28 14.97 14.59 14.30 14.04 13.79 13.60 13.36 13.24 13.08 12.96 12.77 12.58 12.41 12.22 12.00 11.73 11.46 11.26 11.14 11.03 10.94 11.20 11.76 12.02 11.89 12.01 12.23 12.57 12.97 13.26 13.40 13.49 13.67
