maui/input/air_temperature_monthly/tmaxfeb_250m_maui.asc
ncols        356
nrows        236
xllcorner    -156.702000000000
yllcorner    20.529750000000
cellsize     0.002250000000
NODATA_value  -99.00
[rows 160 to 191 of 236, columns 142 to 212 of 356]
22.90 22.79 22.62 22.51 22.33 22.11 21.95 21.79 21.66 21.48 21.30 21.16 21.04 20.86 20.59 20.24 19.89 19.46 19.12 18.82 18.46 18.07 17.70 17.36 16.99 16.71 16.44 16.18 15.99 15.67 15.25 14.85 14.45 14.18 13.91 13.67 13.46 13.23 13.05 12.74 12.51 12.35 12.03 11.68 11.49 11.34 11.18 11.02 11.09 11.03 11.15 11.15 11.23 11.26 11.35 11.34 11.34 11.30 11.27 11.22 11.15 11.13 11.14 11.21 11.27 11.29 11.32 11.35 11.39 11.40 11.51
22.80 22.68 22.54 22.39 22.21 22.00 21.84 21.73 21.55 21.35 21.19 21.04 20.82 20.62 20.38 19.96 19.58 19.23 18.83 18.48 18.13 17.82 17.48 17.14 16.83 16.51 16.18 15.95 15.74 15.55 15.15 14.71 14.29 13.97 13.76 13.57 13.32 13.00 12.74 12.43 12.27 12.00 11.71 11.43 11.26 11.26 11.17 11.16 11.18 11.32 11.46 11.47 11.52 11.53 11.55 11.56 11.59 11.56 11.49 11.44 11.45 11.44 11.41 11.50 11.52 11.67 11.75 11.81 11.82 11.91 12.00
22.66 22.56 22.38 22.22 22.02 21.84 21.72 21.60 21.48 21.30 21.02 20.84 20.61 20.41 20.10 19.75 19.39 18.95 18.58 18.15 17.82 17.56 17.29 16.93 16.59 16.28 15.99 15.78 15.61 15.32 15.03 14.74 14.29 13.92 13.70 13.48 13.23 12.94 12.56 12.30 12.04 11.84 11.63 11.53 11.48 11.63 11.51 11.55 11.60 11.67 11.70 11.72 11.79 11.80 11.80 11.76 11.86 11.82 11.75 11.74 11.75 11.80 11.79 11.87 11.95 12.11 12.21 12.23 12.28 12.37 12.51
22.63 22.48 22.32 22.10 21.92 21.71 21.61 21.51 21.31 21.17 20.93 20.73 20.44 20.14 19.81 19.44 19.16 18.71 18.29 17.92 17.55 17.21 17.01 16.69 16.42 16.11 15.82 15.60 15.40 15.14 14.84 14.54 14.25 13.89 13.65 13.45 13.13 12.81 12.46 12.16 11.95 11.77 11.83 11.87 11.94 11.93 11.97 11.97 11.95 11.96 11.94 11.97 12.05 12.10 12.11 12.02 12.20 12.12 12.05 12.03 12.06 12.18 12.26 12.24 12.46 12.59 12.71 12.68 12.66 12.89 13.00
22.53 22.37 22.22 22.05 21.87 21.73 21.56 21.42 21.19 21.00 20.82 20.60 20.28 19.96 19.64 19.23 18.86 18.43 18.02 17.68 17.36 17.05 16.73 16.51 16.27 15.97 15.69 15.45 15.23 14.99 14.64 14.42 14.12 13.76 13.45 13.15 12.84 12.49 12.04 11.77 11.85 11.96 12.22 12.36 12.36 12.35 12.42 12.36 12.28 12.27 12.24 12.28 12.35 12.43 12.45 12.44 12.58 12.52 12.42 12.38 12.41 12.63 12.66 12.69 12.95 13.07 13.17 13.17 13.23 13.37 13.43
22.47 22.27 22.10 22.00 21.84 21.63 21.48 21.30 21.08 20.88 20.63 20.47 20.13 19.74 19.43 19.08 18.68 18.22 17.81 17.42 17.16 16.85 16.55 16.33 16.12 15.81 15.60 15.33 15.07 14.83 14.52 14.19 13.90 13.56 13.16 12.87 12.64 12.25 11.98 12.07 12.18 12.35 12.46 12.70 12.80 12.79 12.81 12.69 12.60 12.53 12.54 12.59 12.65 12.73 12.75 12.84 12.90 12.89 12.87 12.80 12.88 13.01 13.19 13.37 13.40 13.60 13.69 13.63 13.75 13.81 13.94
22.32 22.14 21.96 21.83 21.69 21.51 21.33 21.13 20.96 20.81 20.55 20.29 19.99 19.64 19.30 18.89 18.52 18.10 17.60 17.22 16.89 16.70 16.37 16.10 15.94 15.73 15.46 15.11 14.77 14.45 14.10 13.80 13.65 13.36 13.01 12.76 12.63 12.50 12.44 12.54 12.71 12.71 12.77 12.92 13.04 13.12 13.09 12.96 12.94 12.87 12.89 12.94 12.98 13.00 13.08 13.17 13.24 13.21 13.30 13.27 13.33 13.48 13.64 13.92 13.81 14.08 14.30 14.20 14.30 14.39 14.53
22.20 21.96 21.78 21.63 21.55 21.35 21.21 20.96 20.75 20.54 20.39 20.18 19.88 19.53 19.15 18.70 18.31 17.90 17.41 17.00 16.64 16.40 16.17 15.89 15.64 15.48 15.18 14.78 14.43 14.09 13.83 13.52 13.44 13.22 12.85 12.71 12.75 12.83 12.97 12.91 12.91 12.97 13.01 13.17 13.25 13.32 13.32 13.21 13.20 13.18 13.19 13.28 13.30 13.36 13.45 13.52 13.61 13.60 13.72 13.76 13.71 14.04 14.28 14.36 14.46 14.70 14.90 14.90 14.99 15.02 15.18
22.03 21.82 21.64 21.50 21.32 21.17 20.96 20.76 20.59 20.32 20.09 19.87 19.59 19.28 18.98 18.57 18.16 17.69 17.26 16.86 16.49 16.22 15.89 15.70 15.39 15.07 14.70 14.28 13.90 13.75 13.63 13.43 13.06 13.01 13.13 13.14 13.21 13.42 13.24 13.15 13.19 13.18 13.29 13.40 13.50 13.52 13.54 13.45 13.46 13.47 13.53 13.60 13.66 13.69 13.78 13.89 14.00 13.96 14.04 14.23 14.41 14.52 14.90 14.97 15.15 15.24 15.46 15.48 15.68 15.59 15.92
21.93 21.71 21.55 21.37 21.17 20.97 20.80 20.54 20.35 20.16 19.82 19.54 19.30 18.98 18.59 18.24 17.88 17.53 17.17 16.81 16.39 16.04 15.65 15.39 14.98 14.59 14.17 13.91 13.64 13.51 13.50 13.38 13.24 13.26 13.41 13.56 13.66 13.60 13.53 13.42 13.43 13.41 13.50 13.67 13.73 13.77 13.74 13.75 13.75 13.77 13.82 13.89 14.01 14.10 14.19 14.36 14.42 14.54 14.60 14.78 15.04 15.13 15.27 15.47 15.65 15.78 16.00 15.99 16.23 16.20 16.50
21.77 21.63 21.50 21.27 21.10 20.82 20.56 20.34 20.14 19.91 19.60 19.31 19.01 18.69 18.31 17.89 17.54 17.13 16.87 16.60 16.20 15.80 15.45 15.29 14.89 14.32 13.93 13.79 13.80 13.80 13.65 13.61 13.62 13.68 13.76 13.87 13.84 13.75 13.74 13.64 13.74 13.75 13.77 13.88 13.99 14.05 14.04 13.99 13.87 14.15 14.26 14.33 14.42 14.49 14.61 14.76 14.91 15.03 15.18 15.36 15.64 15.75 15.83 16.18 16.11 16.36 16.43 16.71 16.65 16.76 16.98
21.71 21.57 21.37 21.14 20.98 20.71 20.39 20.16 19.92 19.70 19.41 19.10 18.77 18.40 18.01 17.64 17.30 16.81 16.46 16.08 15.64 15.28 15.05 14.74 14.40 14.58 14.23 14.04 13.95 13.90 13.89 13.81 13.77 14.00 14.19 14.26 14.14 14.06 14.03 13.97 14.02 14.12 14.13 14.25 14.37 14.34 14.39 14.26 14.22 14.52 14.78 14.76 14.88 15.02 15.15 15.25 15.41 15.59 15.74 15.99 16.04 16.32 16.35 16.56 16.64 16.81 16.83 17.01 17.12 17.29 17.38
21.62 21.47 21.23 21.03 20.88 20.63 20.33 20.04 19.80 19.50 19.23 18.89 18.56 18.32 17.85 17.40 16.94 16.45 16.19 15.70 15.27 15.03 15.00 14.87 14.63 14.87 14.94 14.63 14.19 14.18 14.20 14.27 14.31 14.53 14.58 14.69 14.60 14.58 14.58 14.44 14.38 14.50 14.51 14.64 14.74 14.75 14.81 14.79 14.80 15.04 15.14 15.20 15.36 15.50 15.64 15.81 15.89 16.07 16.23 16.46 16.58 16.73 16.91 16.98 17.18 17.27 17.37 17.57 17.84 17.80 17.95
21.63 21.43 21.14 20.99 20.79 20.56 20.34 20.10 19.78 19.49 19.14 18.73 18.38 18.03 17.80 17.35 16.95 16.67 16.32 15.85 15.39 15.23 15.17 15.08 15.06 15.24 15.18 14.96 14.65 14.54 14.60 14.74 14.81 14.97 15.05 15.08 15.02 15.07 15.03 14.95 14.83 14.95 14.90 15.04 15.17 15.16 15.27 15.36 15.31 15.55 15.72 15.75 15.84 16.03 16.18 16.22 16.31 16.54 16.81 16.86 17.14 17.28 17.38 17.49 17.71 17.71 17.91 18.03 18.35 18.33 18.52
21.64 21.33 21.05 20.86 20.62 20.45 20.32 20.13 19.84 19.52 19.02 18.65 18.25 17.97 17.71 17.47 17.07 16.82 16.18 15.91 15.81 15.90 15.74 15.58 15.41 15.40 15.40 15.27 15.06 15.04 15.08 15.14 15.30 15.44 15.46 15.50 15.43 15.43 15.44 15.35 15.33 15.37 15.34 15.51 15.58 15.63 15.77 15.88 15.87 16.02 16.20 16.24 16.39 16.55 16.73 16.85 16.86 17.01 17.18 17.36 17.53 17.64 17.84 17.91 18.05 18.18 18.34 18.60 18.74 18.76 18.94
21.60 21.30 21.03 20.76 20.53 20.38 20.22 20.08 19.86 19.56 19.14 18.45 18.08 17.86 17.47 17.14 16.83 16.55 16.40 16.13 16.32 16.26 16.07 15.89 15.74 15.70 15.72 15.61 15.50 15.49 15.50 15.56 15.72 15.81 15.89 15.92 15.86 15.95 15.85 15.74 15.69 15.82 15.82 15.96 16.05 16.09 16.25 16.34 16.34 16.53 16.76 16.87 16.99 17.15 17.25 17.39 17.45 17.59 17.72 18.05 17.96 18.14 18.38 18.30 18.50 18.70 18.82 18.95 19.20 19.16 19.43
21.52 21.26 20.99 20.77 20.47 20.31 20.14 19.97 19.74 19.42 19.04 18.59 18.12 17.77 17.38 16.95 16.75 16.84 16.60 16.71 16.65 16.54 16.34 16.19 16.14 16.10 16.10 15.98 15.90 15.83 15.87 15.93 16.07 16.22 16.29 16.40 16.36 16.38 16.28 16.17 16.12 16.20 16.23 16.36 16.53 16.70 16.80 16.88 16.96 17.06 17.24 17.42 17.55 17.63 17.77 17.95 17.93 18.06 18.16 18.36 18.46 18.69 18.68 18.68 18.86 19.19 19.25 19.44 19.70 19.66 19.91
21.55 21.26 21.00 20.72 20.44 20.25 20.10 19.86 19.64 19.29 18.94 18.38 17.71 17.12 17.32 16.97 16.96 17.08 17.10 17.06 16.97 16.84 16.64 16.55 16.55 16.48 16.53 16.48 16.37 16.25 16.26 16.33 16.39 16.54 16.63 16.77 16.76 16.78 16.72 16.65 16.66 16.71 16.77 16.91 17.03 17.22 17.29 17.42 17.57 17.61 17.83 17.91 18.03 18.18 18.24 18.40 18.43 18.57 18.62 18.79 19.04 19.07 19.24 19.29 19.36 19.53 19.78 19.96 20.06 20.20 20.34
21.53 21.31 20.99 20.66 20.36 20.13 19.96 19.82 19.60 19.19 18.75 18.27 17.53 17.56 17.73 17.33 17.45 17.49 17.48 17.38 17.27 17.15 17.01 16.97 16.92 16.88 16.92 16.84 16.72 16.67 16.62 16.71 16.78 16.96 17.12 17.21 17.23 17.28 17.26 17.34 17.24 17.30 17.39 17.46 17.60 17.77 17.86 18.04 18.18 18.21 18.34 18.38 18.48 18.62 18.64 18.87 18.93 19.01 19.10 19.31 19.56 19.52 19.63 19.69 19.89 19.96 20.16 20.27 20.39 20.73 20.70
21.48 21.27 21.00 20.74 20.21 20.07 19.86 19.63 19.01 18.75 18.56 18.40 17.96 17.98 17.94 17.83 17.73 17.83 17.77 17.65 17.55 17.46 17.40 17.31 17.21 17.23 17.26 17.21 17.06 17.05 17.04 17.09 17.16 17.29 17.55 17.60 17.67 17.72 17.77 17.89 17.88 17.87 17.98 17.97 18.07 18.25 18.40 18.52 18.63 18.80 18.88 18.87 19.07 19.08 19.09 19.25 19.41 19.46 19.49 19.48 19.81 19.94 20.03 20.11 20.28 20.46 20.54 20.66 20.78 21.01 21.19
21.38 21.13 20.84 20.62 20.02 19.93 19.75 19.40 19.14 18.84 18.72 18.58 18.43 18.23 18.14 18.06 18.06 18.07 18.08 17.99 17.91 17.79 17.72 17.62 17.60 17.55 17.56 17.56 17.38 17.42 17.40 17.50 17.57 17.72 17.84 17.98 18.05 18.18 18.20 18.31 18.34 18.25 18.43 18.50 18.61 18.77 18.88 19.03 19.12 19.27 19.35 19.30 19.42 19.49 19.56 19.67 19.80 19.87 19.74 19.68 20.12 20.51 20.40 20.53 20.63 20.85 20.91 21.02 21.25 21.39 21.88
21.30 20.97 20.57 20.28 19.73 19.59 19.62 19.15 19.11 18.91 18.78 18.84 18.75 18.51 18.37 18.36 18.34 18.32 18.29 18.30 18.20 18.13 18.02 17.97 17.94 17.82 17.85 17.88 17.83 17.78 17.80 17.94 18.02 18.11 18.19 18.42 18.46 18.52 18.66 18.75 18.77 18.79 18.95 18.90 19.05 19.27 19.35 19.48 19.60 19.72 19.74 19.79 19.81 19.83 20.06 20.10 20.24 20.24 20.07 20.21 20.49 20.65 20.81 20.86 20.94 21.13 21.33 21.41 21.63 21.69 21.94
21.32 20.89 20.43 20.11 19.84 19.75 19.46 19.32 19.11 18.86 18.99 19.05 18.94 18.76 18.62 18.59 18.57 18.56 18.50 18.56 18.51 18.38 18.36 18.30 18.30 18.19 18.23 18.19 18.17 18.14 18.21 18.31 18.40 18.56 18.61 18.79 18.88 18.91 18.99 19.03 19.10 19.13 19.27 19.30 19.45 19.60 19.72 19.83 19.99 20.17 20.23 20.25 20.21 20.28 20.38 20.46 20.57 20.67 20.59 20.60 20.85 20.94 21.09 21.32 21.46 21.46 21.68 21.85 22.15 22.38 22.31
21.54 21.20 20.63 20.33 20.22 19.98 19.62 19.42 19.36 19.64 19.44 19.32 19.21 19.04 18.87 18.87 18.69 18.85 18.81 18.84 18.81 18.79 18.75 18.72 18.64 18.54 18.59 18.51 18.56 18.52 18.68 18.77 18.81 18.95 19.02 19.20 19.27 19.33 19.36 19.38 19.43 19.49 19.65 19.78 19.90 20.00 20.07 20.17 20.36 20.53 20.66 20.65 20.62 20.74 20.88 20.86 21.08 21.05 20.96 21.06 21.13 21.28 21.45 21.56 21.65 21.77 22.01 22.20 22.35 22.53 22.71
21.52 21.06 20.85 20.69 20.52 20.36 20.12 20.01 19.98 19.82 19.65 19.52 19.53 19.43 19.22 19.25 19.29 19.33 19.22 19.28 19.19 19.18 19.18 19.16 19.02 18.95 18.95 18.88 19.05 19.04 19.13 19.23 19.29 19.42 19.49 19.57 19.68 19.74 19.71 19.77 19.80 19.97 20.02 20.15 20.21 20.38 20.50 20.52 20.66 20.87 20.94 21.01 20.97 21.06 21.23 21.25 21.30 21.41 21.47 21.50 21.57 21.64 21.77 21.83 21.97 22.09 22.30 22.48 22.71 22.80 23.08
21.76 21.44 21.15 21.02 20.87 20.61 20.50 20.29 20.16 20.07 19.90 19.79 19.74 19.72 19.61 19.62 19.72 19.84 19.78 19.75 19.64 19.56 19.56 19.51 19.44 19.43 19.45 19.42 19.50 19.53 19.58 19.71 19.81 19.91 19.95 20.01 20.08 20.06 20.03 19.95 20.00 20.27 20.53 20.56 20.55 20.66 20.84 20.88 20.94 21.12 21.27 21.45 21.39 21.43 21.55 21.62 21.75 21.90 21.82 21.84 21.92 21.99 22.11 22.21 22.49 22.57 22.57 22.85 23.08 23.12 23.40
21.83 21.17 21.10 21.04 21.00 20.83 20.66 20.52 20.48 20.32 20.14 20.06 19.99 19.97 19.95 19.97 19.97 20.11 20.13 20.14 20.14 20.03 20.04 19.94 19.82 19.90 19.90 19.93 20.01 20.04 20.05 20.20 20.31 20.38 20.42 20.46 20.46 20.40 20.38 20.34 20.41 20.66 20.82 20.95 20.89 21.05 21.12 21.22 21.24 21.44 21.56 21.66 21.73 21.82 21.86 22.17 21.99 22.11 22.20 22.20 22.22 22.30 22.42 22.50 22.57 22.87 22.85 23.07 23.33 23.54 23.66
21.90 21.36 21.17 21.17 21.15 20.79 20.57 20.83 20.76 20.60 20.44 20.29 20.27 20.21 20.26 20.26 20.33 20.37 20.50 20.53 20.46 20.42 20.43 20.37 20.33 20.33 20.38 20.41 20.47 20.54 20.55 20.67 20.79 20.90 20.85 20.83 20.80 20.74 20.74 20.74 20.79 21.00 21.12 21.23 21.26 21.35 21.43 21.50 21.61 21.79 21.95 22.02 22.13 22.22 22.32 22.51 22.43 22.56 22.51 22.48 22.56 22.62 22.68 22.75 23.00 23.01 23.45 23.35 23.54 23.82 23.96
21.93 21.77 21.56 21.43 21.32 21.21 21.20 21.15 21.03 20.88 20.70 20.61 20.58 20.45 20.54 20.55 20.55 20.60 20.75 20.81 20.77 20.76 20.73 20.77 20.77 20.74 20.81 20.85 20.92 20.96 21.04 21.22 21.21 21.14 21.11 21.09 21.08 21.05 21.06 21.15 21.25 21.41 21.44 21.55 21.61 21.66 21.74 21.79 21.90 22.02 22.26 22.38 22.44 22.51 22.75 22.66 22.74 22.78 22.79 22.86 22.86 22.97 22.97 23.10 23.31 23.35 23.68 24.03 23.89 24.05 24.26
22.02 22.09 21.99 21.81 21.67 21.47 21.57 21.44 21.32 21.18 21.07 20.91 20.87 20.82 20.96 20.98 20.88 20.97 21.04 21.11 21.07 21.04 21.11 21.15 21.15 21.15 21.18 21.29 21.32 21.40 21.43 21.51 21.44 21.41 21.35 21.36 21.36 21.39 21.41 21.51 21.60 21.67 21.77 21.87 21.89 21.95 22.01 22.13 22.24 22.34 22.49 22.62 22.68 22.82 23.12 23.06 23.13 23.27 23.12 23.12 23.22 23.28 23.30 23.44 23.56 23.72 23.80 24.00 24.60 24.39 24.45
22.36 22.32 22.22 22.09 21.87 21.87 21.81 21.70 21.61 21.51 21.33 21.31 21.27 21.26 21.28 21.37 21.20 21.34 21.34 21.40 21.41 21.40 21.46 21.46 21.50 21.48 21.61 21.67 21.63 21.66 21.76 21.77 21.69 21.67 21.62 21.67 21.67 21.72 21.71 21.79 21.90 21.94 22.02 22.15 22.25 22.31 22.29 22.34 22.47 22.63 22.67 22.85 22.94 23.05 23.37 23.55 23.51 23.58 23.51 23.45 23.56 23.72 23.66 23.82 23.93 24.05 24.09 24.31 25.17 24.88 24.80
22.66 22.55 22.38 22.40 22.21 22.12 22.06 22.03 21.96 21.79 21.77 21.67 21.61 21.58 21.60 21.54 21.55 21.56 21.64 21.66 21.67 21.73 21.69 21.73 21.76 21.79 21.86 21.92 21.93 21.92 22.06 22.07 21.95 21.95 21.89 21.94 21.95 22.00 21.98 22.00 22.14 22.27 22.29 22.38 22.49 22.58 22.61 22.69 22.76 22.89 22.93 23.07 23.19 23.34 23.52 23.60 23.74 23.75 23.88 23.82 23.92 23.96 24.05 24.17 24.19 24.36 24.39 24.60 24.80 25.43 25.07
