maui/input/air_temperature_monthly/tmaxnov_250m_maui.asc
ncols        356
nrows        236
xllcorner    -156.702000000000
yllcorner    20.529750000000
cellsize     0.002250000000
NODATA_value  -99.00
[rows 64 to 95 of 236, columns 0 to 70 of 356]
-9999.00 -9999.00 28.34 28.33 28.33 28.30 28.17 28.03 27.92 27.81 27.74 27.72 27.60 27.50 27.33 27.23 27.11 27.01 26.79 26.60 26.43 26.23 25.96 25.69 25.47 25.16 25.18 24.65 24.18 23.92 23.50 23.18 23.03 22.74 22.35 22.42 21.88 21.40 20.97 20.85 21.45 20.92 19.81 19.87 19.52 19.36 19.03 18.63 18.03 18.58 19.72 20.35 21.58 20.18 18.56 18.30 17.82 17.83 18.46 18.68 19.73 21.12 21.98 23.17 23.86 23.54 22.86 21.65 21.96 22.13 23.44
-9999.00 -9999.00 28.34 28.34 28.33 28.33 28.28 28.16 28.10 28.01 27.80 27.71 27.62 27.51 27.34 27.25 27.11 26.95 26.75 26.59 26.58 26.29 26.08 25.75 25.49 25.20 24.92 24.59 24.28 23.86 23.55 23.32 23.14 23.26 22.47 21.97 21.67 21.53 21.18 20.62 20.28 20.11 20.44 19.79 19.25 19.04 18.42 18.36 17.86 18.29 19.36 20.28 21.26 20.03 18.21 17.78 17.88 17.59 18.28 19.77 20.84 22.14 22.73 23.58 23.31 22.37 21.83 21.15 21.49 22.23 22.58
-9999.00 -9999.00 -9999.00 -9999.00 28.34 28.32 28.24 28.12 28.04 27.93 27.83 27.74 27.59 27.46 27.33 27.21 27.07 26.95 26.74 26.55 26.33 26.18 25.97 26.01 25.79 25.56 25.43 24.96 24.71 24.30 24.08 23.38 22.88 22.87 22.44 22.34 22.21 21.90 21.55 20.84 20.39 19.78 19.39 19.90 19.01 18.43 18.41 17.82 17.99 17.87 19.12 20.08 20.94 19.72 17.93 17.29 17.53 17.88 18.93 20.78 22.07 22.75 22.90 22.94 22.91 21.86 20.76 20.58 21.44 22.04 23.17
-9999.00 -9999.00 -9999.00 -9999.00 -9999.00 -9999.00 28.29 28.18 28.08 28.03 27.88 27.78 27.64 27.52 27.36 27.22 27.08 26.94 26.73 26.52 26.29 26.09 25.89 25.70 25.42 25.51 25.04 24.63 24.24 23.89 23.53 23.65 23.40 22.75 22.46 22.52 22.41 22.15 21.17 20.68 20.22 19.89 19.79 18.93 19.24 18.93 18.10 17.68 17.50 17.41 18.59 19.72 20.55 19.33 17.59 17.04 17.47 18.97 20.55 21.82 22.45 21.66 22.79 22.29 22.10 20.94 20.46 21.22 22.12 23.35 24.64
-9999.00 -9999.00 -9999.00 -9999.00 -9999.00 -9999.00 28.34 28.22 28.14 28.07 27.93 27.82 27.69 27.55 27.36 27.27 27.10 26.93 26.70 26.53 26.30 26.09 25.87 25.65 25.44 25.17 24.91 24.64 24.27 24.02 23.67 23.34 22.90 22.50 22.16 21.82 21.51 21.46 21.92 20.93 20.04 19.62 19.19 19.19 18.48 18.05 18.25 17.37 17.02 16.85 17.63 18.32 18.37 17.65 17.09 18.18 19.86 19.69 20.65 21.77 21.76 21.25 22.42 22.12 21.32 19.97 22.03 22.59 23.92 23.80 23.21
-9999.00 -9999.00 -9999.00 -9999.00 -9999.00 -9999.00 28.34 28.31 28.20 28.10 27.99 27.88 27.78 27.68 27.46 27.30 27.12 26.92 26.72 26.58 26.41 26.22 25.97 25.73 25.57 25.21 25.00 24.76 24.43 24.05 23.64 23.30 22.97 22.81 22.65 22.12 21.81 21.30 20.83 20.82 20.64 20.35 19.75 18.83 18.86 18.21 17.61 17.87 16.82 16.48 16.90 16.51 17.34 17.49 18.70 20.27 20.51 21.16 21.22 21.50 20.96 21.17 22.02 21.48 20.56 20.17 20.84 22.32 22.29 22.46 22.94
-9999.00 -9999.00 -9999.00 -9999.00 -9999.00 -9999.00 -9999.00 28.35 28.27 28.16 28.04 27.94 27.84 27.69 27.54 27.36 27.20 26.99 26.81 26.69 26.51 26.34 26.18 25.89 25.60 25.20 24.94 24.72 24.53 24.21 24.17 24.49 24.36 23.83 23.73 23.21 22.29 22.56 21.96 21.33 20.78 19.66 19.22 19.05 18.55 18.03 17.57 16.97 16.89 16.36 16.34 16.28 17.02 18.28 19.68 19.94 20.13 19.48 20.80 20.56 21.13 20.98 20.99 20.71 19.39 19.82 20.06 21.44 22.72 24.10 24.72
-9999.00 -9999.00 -9999.00 -9999.00 -9999.00 -9999.00 -9999.00 28.35 28.26 28.17 28.06 27.96 27.89 27.78 27.66 27.49 27.33 27.19 26.99 26.75 26.64 26.47 26.10 25.75 25.53 25.22 25.00 25.78 25.64 25.44 25.15 23.78 23.85 23.57 23.23 23.25 23.44 22.57 22.98 22.78 21.23 20.65 19.70 19.31 18.93 18.48 17.73 17.08 16.48 16.30 15.76 15.98 16.31 16.68 17.88 18.93 18.37 18.75 19.00 18.67 18.96 19.14 19.03 18.59 18.92 19.26 21.16 22.54 24.32 23.05 23.28
-9999.00 -9999.00 -9999.00 -9999.00 -9999.00 -9999.00 -9999.00 28.35 28.29 28.19 28.11 27.98 27.90 27.78 27.61 27.43 27.34 27.23 27.06 26.88 26.73 26.64 26.32 26.06 26.07 26.14 25.89 25.19 24.60 24.27 23.90 23.51 23.08 22.71 22.29 21.82 21.62 21.24 21.39 21.36 22.00 21.16 20.53 20.09 19.54 18.50 17.75 17.08 16.48 15.86 15.55 15.40 15.54 15.98 15.93 16.31 15.92 16.63 16.62 16.80 16.98 17.29 17.18 18.13 18.40 19.21 20.89 22.51 22.68 21.82 21.94
-9999.00 -9999.00 -9999.00 -9999.00 -9999.00 -9999.00 -9999.00 28.36 28.28 28.20 28.11 28.00 27.90 27.74 27.50 27.61 27.41 27.42 27.36 27.02 26.80 26.64 26.38 25.98 25.68 25.63 25.12 24.84 24.61 24.29 23.94 23.74 23.37 23.03 22.95 22.58 21.49 21.18 20.63 20.29 20.24 19.98 19.84 19.15 18.34 18.07 17.80 17.28 16.18 15.87 15.30 15.19 15.52 15.40 15.09 14.52 14.72 15.31 15.53 16.13 16.83 17.08 17.17 17.54 17.96 19.14 19.51 20.59 20.98 20.56 21.64
-9999.00 -9999.00 -9999.00 -9999.00 -9999.00 -9999.00 -9999.00 28.36 28.30 28.20 28.11 28.00 27.89 27.74 27.61 27.50 27.64 27.49 27.36 27.24 26.98 26.70 26.35 25.97 25.84 25.60 25.82 25.87 25.48 25.37 24.89 24.11 23.37 22.88 22.43 22.00 22.03 21.86 21.30 20.24 19.83 19.41 19.03 18.68 18.69 17.74 17.23 17.26 16.29 15.70 15.18 14.94 15.14 14.94 14.90 14.67 14.51 15.10 16.28 18.32 20.11 20.11 19.03 20.16 20.39 19.44 18.90 20.37 22.15 20.84 20.75
-9999.00 -9999.00 -9999.00 -9999.00 -9999.00 -9999.00 -9999.00 28.37 28.30 28.20 28.11 28.01 27.85 27.74 27.63 27.75 27.72 27.55 27.31 27.14 26.92 26.82 26.90 26.73 26.32 25.91 25.38 24.86 24.51 24.23 24.41 25.01 24.78 24.13 23.73 23.74 23.32 23.18 22.57 21.60 20.96 20.57 20.17 19.19 18.05 17.45 16.95 16.43 15.94 15.75 15.06 14.65 14.73 14.61 14.76 14.84 15.78 15.90 18.36 20.01 20.83 21.42 21.46 20.90 22.47 21.70 20.57 20.66 23.54 22.36 21.68
-9999.00 -9999.00 -9999.00 -9999.00 -9999.00 -9999.00 -9999.00 28.38 28.33 28.27 28.16 28.07 27.95 27.81 27.84 27.81 27.71 27.61 27.40 27.22 27.01 26.77 26.47 26.20 25.97 25.56 24.88 24.30 24.04 23.77 23.48 23.42 23.50 23.36 23.28 22.96 22.65 22.34 22.69 23.09 22.78 22.44 21.97 20.52 18.98 18.40 17.33 16.66 16.17 15.61 15.21 15.74 16.56 16.48 16.42 18.04 18.96 17.50 18.65 19.88 21.24 21.66 22.04 22.34 22.55 22.99 21.70 20.87 22.93 24.31 22.21
-9999.00 -9999.00 -9999.00 -9999.00 -9999.00 -9999.00 -9999.00 28.39 28.38 28.34 28.25 28.18 28.10 28.02 27.97 27.89 27.77 27.67 27.51 27.36 27.11 26.83 26.51 26.29 25.93 25.59 24.96 24.50 24.26 23.91 23.77 23.70 23.54 23.43 23.22 22.46 22.00 22.11 21.96 21.78 21.03 21.23 20.89 21.08 20.24 19.34 18.20 17.22 16.51 16.14 16.84 16.82 18.02 19.33 18.36 19.37 19.79 19.60 19.54 21.00 21.42 21.99 22.28 22.53 22.88 23.51 22.87 22.26 22.43 24.60 23.74
-9999.00 -9999.00 -9999.00 -9999.00 -9999.00 -9999.00 28.41 28.40 28.40 28.38 28.32 28.25 28.16 28.15 28.05 27.93 27.84 27.77 27.59 27.42 27.23 26.98 26.67 26.41 26.18 25.85 25.52 25.15 24.90 24.58 24.40 24.30 24.41 24.30 23.96 23.80 23.22 22.32 21.46 20.71 20.41 20.52 20.00 19.24 18.74 18.10 17.80 17.27 16.60 16.83 18.61 19.38 19.18 19.08 19.53 19.74 20.48 20.67 20.55 21.24 21.82 22.17 22.29 22.75 23.21 23.42 23.53 23.60 23.26 23.90 25.28
-9999.00 -9999.00 -9999.00 -9999.00 -9999.00 -9999.00 28.42 28.41 28.41 28.40 28.37 28.30 28.23 28.17 28.15 28.09 27.98 27.83 27.70 27.50 27.29 27.09 26.85 26.59 26.36 26.04 25.77 25.47 25.24 25.08 24.68 24.98 24.66 23.57 23.07 23.02 22.89 22.54 21.74 21.07 20.29 19.59 19.07 18.68 18.52 18.07 17.65 19.16 18.96 16.78 17.61 18.92 19.47 20.06 20.23 20.38 20.71 21.36 21.48 21.73 22.33 22.55 22.74 22.79 23.02 23.44 24.16 24.32 24.78 24.92 25.45
-9999.00 -9999.00 -9999.00 -9999.00 -9999.00 -9999.00 -9999.00 28.42 28.42 28.42 28.40 28.35 28.30 28.26 28.21 28.09 27.99 27.88 27.72 27.53 27.41 27.25 27.04 26.77 26.56 26.22 25.92 25.66 25.50 25.25 25.68 24.99 24.08 24.11 24.59 24.39 24.15 23.68 22.95 22.24 21.51 20.98 20.63 20.12 20.21 19.69 19.60 20.18 19.68 17.78 18.19 19.22 19.48 19.94 20.32 20.81 21.26 21.66 21.98 22.32 22.50 22.98 23.14 23.12 23.37 23.63 23.95 24.54 25.11 25.05 25.21
-9999.00 -9999.00 -9999.00 -9999.00 -9999.00 -9999.00 -9999.00 -9999.00 28.43 28.43 28.42 28.39 28.35 28.31 28.23 28.14 27.99 27.86 27.72 27.58 27.41 27.22 27.05 26.85 26.63 26.40 26.10 25.97 25.79 25.95 25.22 25.37 25.35 25.50 25.21 25.00 24.85 24.52 24.42 23.46 23.12 22.53 22.05 21.22 21.39 21.70 21.18 20.65 19.88 18.82 16.73 17.97 18.85 19.45 20.01 20.22 20.20 20.91 21.75 22.15 22.46 22.74 23.02 23.59 23.57 24.09 24.45 24.66 24.16 24.60 24.24
-9999.00 -9999.00 -9999.00 -9999.00 -9999.00 -9999.00 -9999.00 -9999.00 -9999.00 28.44 28.43 28.42 28.38 28.34 28.27 28.17 28.04 27.99 27.88 27.68 27.52 27.39 27.13 26.96 26.73 26.52 26.50 26.41 26.33 26.23 26.08 25.94 25.63 25.07 24.52 23.76 23.39 23.46 23.47 23.57 23.59 23.13 22.93 22.86 21.60 20.79 20.47 19.75 18.89 17.65 18.81 19.38 19.63 20.10 20.47 21.02 21.38 21.61 22.08 22.46 22.74 23.07 23.38 23.51 23.73 24.24 24.18 23.87 22.96 23.21 24.23
-9999.00 -9999.00 -9999.00 -9999.00 -9999.00 -9999.00 -9999.00 -9999.00 -9999.00 -9999.00 28.44 28.43 28.42 28.39 28.35 28.27 28.13 27.99 27.88 27.74 27.62 27.43 27.22 27.06 27.03 26.77 26.58 26.66 26.09 25.75 25.56 25.18 24.62 24.21 23.54 22.84 22.32 21.99 22.24 22.16 22.17 21.92 22.44 21.63 22.06 21.87 21.38 20.50 18.61 16.91 18.88 19.95 20.13 20.38 20.70 20.43 20.54 21.23 22.20 22.63 22.57 22.71 22.78 23.38 23.75 23.72 23.88 23.02 21.66 21.74 23.72
-9999.00 -9999.00 -9999.00 -9999.00 -9999.00 -9999.00 -9999.00 -9999.00 -9999.00 -9999.00 28.46 28.44 28.43 28.42 28.37 28.31 28.21 28.07 28.00 27.84 27.69 27.49 27.33 27.26 27.08 26.89 26.79 26.59 26.26 26.08 25.68 25.31 24.75 24.03 23.59 23.07 22.46 21.91 21.40 20.90 20.70 20.58 21.33 20.87 21.64 21.62 20.61 19.73 17.95 18.21 19.46 19.78 20.11 20.75 21.17 21.13 21.64 21.85 21.79 22.34 22.22 21.79 22.92 23.31 23.51 22.66 23.80 23.04 20.82 21.24 21.74
-9999.00 -9999.00 -9999.00 -9999.00 -9999.00 -9999.00 -9999.00 -9999.00 -9999.00 -9999.00 -9999.00 28.45 28.44 28.43 28.39 28.32 28.23 28.14 28.02 27.89 27.80 27.66 27.54 27.39 27.19 27.00 26.96 26.77 26.53 26.17 25.90 25.51 25.11 24.96 24.68 24.22 23.14 22.30 21.49 21.03 20.53 20.18 19.84 19.81 20.34 20.35 19.43 19.09 20.59 20.59 20.46 21.20 20.70 20.43 20.37 20.69 21.57 21.82 21.89 22.28 21.88 21.72 22.30 23.14 23.55 22.64 21.87 21.17 19.87 20.19 20.91
-9999.00 -9999.00 -9999.00 -9999.00 -9999.00 -9999.00 -9999.00 -9999.00 -9999.00 -9999.00 -9999.00 -9999.00 28.45 28.44 28.41 28.34 28.25 28.15 28.08 27.94 27.83 27.69 27.53 27.44 27.32 27.19 27.01 26.80 26.52 26.28 25.86 25.72 25.43 25.02 24.44 24.28 23.29 22.62 22.11 21.54 20.92 20.33 19.99 19.63 19.16 19.00 19.48 20.16 21.57 22.00 21.62 21.62 21.88 21.07 20.26 20.67 21.31 21.27 21.47 22.05 21.22 21.10 21.83 22.39 22.93 22.87 19.82 19.33 19.76 20.63 22.30
-9999.00 -9999.00 -9999.00 -9999.00 -9999.00 -9999.00 -9999.00 -9999.00 -9999.00 -9999.00 -9999.00 -9999.00 -9999.00 28.45 28.40 28.36 28.28 28.22 28.12 27.98 27.86 27.72 27.59 27.47 27.35 27.25 27.15 26.91 26.68 26.29 25.97 25.69 25.22 24.64 24.16 23.58 23.36 23.40 22.45 22.13 21.04 20.76 20.47 20.06 20.19 19.92 21.18 21.46 21.65 22.56 22.73 22.50 22.27 21.72 20.95 20.12 20.48 20.45 21.26 21.64 20.76 20.43 20.10 21.22 22.22 20.90 19.94 20.96 21.29 21.86 22.72
-9999.00 -9999.00 -9999.00 -9999.00 -9999.00 -9999.00 -9999.00 -9999.00 -9999.00 -9999.00 -9999.00 -9999.00 -9999.00 28.45 28.44 28.40 28.35 28.23 28.14 28.02 27.91 27.79 27.68 27.59 27.53 27.39 27.29 27.11 26.75 26.41 26.11 25.77 25.20 24.84 24.94 24.86 24.01 24.13 24.00 23.51 21.70 21.96 21.82 21.29 21.73 21.28 22.40 22.10 22.93 23.20 22.77 23.11 22.64 22.51 21.44 21.34 21.56 21.23 20.54 20.63 19.91 20.30 20.87 21.31 22.02 22.41 21.83 22.12 22.09 23.92 22.47
-9999.00 -9999.00 -9999.00 -9999.00 -9999.00 -9999.00 -9999.00 -9999.00 -9999.00 -9999.00 -9999.00 -9999.00 -9999.00 -9999.00 28.45 28.44 28.39 28.29 28.17 28.11 27.98 27.88 27.79 27.74 27.64 27.56 27.49 27.32 27.03 26.74 26.36 25.99 25.77 25.64 24.94 25.13 25.33 24.84 23.98 23.41 23.16 23.36 22.83 22.71 23.31 22.91 22.87 22.25 22.86 23.59 23.36 23.58 23.11 22.91 22.48 22.53 22.15 21.64 20.82 19.22 19.37 20.45 21.48 22.88 22.99 23.07 23.00 22.55 23.72 24.10 23.76
-9999.00 -9999.00 -9999.00 -9999.00 -9999.00 -9999.00 -9999.00 -9999.00 -9999.00 -9999.00 -9999.00 -9999.00 -9999.00 -9999.00 -9999.00 28.44 28.42 28.37 28.27 28.17 28.04 27.99 27.93 27.88 27.77 27.66 27.47 27.29 27.11 26.91 26.53 26.23 25.88 25.78 26.01 25.45 24.67 24.60 24.72 24.69 24.56 24.13 24.36 24.24 23.73 22.90 22.85 22.57 23.40 23.78 23.68 23.89 23.59 23.39 23.40 22.55 22.01 21.27 20.53 19.35 20.28 20.63 21.78 21.38 22.25 23.10 23.73 24.42 24.49 24.30 24.81
-9999.00 -9999.00 -9999.00 -9999.00 -9999.00 -9999.00 -9999.00 -9999.00 -9999.00 -9999.00 -9999.00 -9999.00 -9999.00 -9999.00 -9999.00 -9999.00 28.44 28.40 28.33 28.21 28.18 28.12 28.05 28.00 27.86 27.71 27.55 27.38 27.23 27.13 26.77 26.49 26.53 26.19 25.70 25.84 25.87 25.79 25.71 25.41 25.28 24.76 24.22 23.42 22.21 21.48 21.92 23.00 23.41 24.10 24.04 23.97 24.01 23.71 23.18 22.99 22.55 20.88 21.00 20.28 19.16 19.75 20.55 20.61 20.84 22.25 23.66 22.72 23.04 23.93 24.44
-9999.00 -9999.00 -9999.00 -9999.00 -9999.00 -9999.00 -9999.00 -9999.00 -9999.00 -9999.00 -9999.00 -9999.00 -9999.00 -9999.00 -9999.00 -9999.00 -9999.00 28.44 28.41 28.35 28.27 28.21 28.17 28.09 27.95 27.80 27.67 27.50 27.41 27.21 27.01 26.84 26.74 26.58 26.54 26.04 25.65 25.46 25.20 24.81 24.18 23.27 23.36 21.78 21.65 20.56 20.96 23.29 24.24 24.29 24.49 24.23 24.38 24.02 23.70 22.94 22.19 21.03 22.06 21.23 21.34 20.60 20.61 19.47 20.83 22.09 22.46 22.02 23.24 22.61 24.01
-9999.00 -9999.00 -9999.00 -9999.00 -9999.00 -9999.00 -9999.00 -9999.00 -9999.00 -9999.00 -9999.00 -9999.00 -9999.00 -9999.00 -9999.00 -9999.00 -9999.00 -9999.00 -9999.00 28.42 28.37 28.34 28.22 28.15 28.04 27.92 27.76 27.58 27.44 27.28 27.14 27.06 26.80 26.32 25.81 25.18 24.59 24.30 24.00 23.49 22.73 22.14 21.80 21.21 20.69 20.53 20.25 21.40 23.08 23.70 24.43 24.92 24.22 23.66 23.14 22.26 21.86 21.88 22.54 22.47 21.94 21.93 22.06 20.57 19.59 20.60 21.03 21.35 21.66 22.64 22.75
-9999.00 -9999.00 -9999.00 -9999.00 -9999.00 -9999.00 -9999.00 -9999.00 -9999.00 -9999.00 -9999.00 -9999.00 -9999.00 -9999.00 -9999.00 -9999.00 -9999.00 -9999.00 -9999.00 -9999.00 28.42 28.36 28.32 28.23 28.11 27.95 27.81 27.67 27.53 27.39 27.22 27.19 27.03 26.64 26.22 25.65 25.28 25.07 24.85 24.04 22.86 23.04 22.08 21.50 21.50 21.31 21.10 21.50 23.49 24.39 24.99 25.11 24.43 23.62 21.85 22.00 22.63 22.69 23.51 23.28 23.09 22.81 21.48 19.81 19.27 19.44 19.69 20.52 21.18 21.40 21.88
-9999.00 -9999.00 -9999.00 -9999.00 -9999.00 -9999.00 -9999.00 -9999.00 -9999.00 -9999.00 -9999.00 -9999.00 -9999.00 -9999.00 -9999.00 -9999.00 -9999.00 -9999.00 -9999.00 -9999.00 -9999.00 28.41 28.34 28.26 28.17 28.05 27.89 27.75 27.62 27.48 27.41 27.24 27.08 26.82 26.44 26.02 26.02 25.13 24.36 23.80 24.40 23.08 22.35 22.45 22.19 21.39 22.46 22.79 24.46 25.35 25.42 24.57 23.38 22.32 20.75 21.23 22.89 23.40 23.88 23.49 22.59 21.34 21.03 19.71 19.86 19.74 19.90 20.29 20.70 20.98 21.27
