maui/input/air_temperature_monthly/tmaxdec_250m_maui.asc
ncols        356
nrows        236
xllcorner    -156.702000000000
yllcorner    20.529750000000
cellsize     0.002250000000
NODATA_value  -99.00
[rows 62 to 92 of 236, columns 142 to 212 of 356]
-9999.00 -9999.00 26.87 26.77 26.71 26.72 26.66 26.65 26.65 26.68 26.55 26.51 26.44 26.41 26.38 26.30 26.34 26.19 26.12 26.09 26.02 26.36 25.71 25.72 25.76 25.77 25.76 25.76 25.72 25.76 25.66 25.76 25.58 25.65 25.60 25.48 25.45 25.37 25.41 25.33 25.37 25.20 25.17 25.09 24.91 24.90 25.00 25.07 25.07 24.99 24.95 24.97 24.99 25.20 25.27 25.00 25.00 24.99 25.01 25.06 25.21 25.29 25.28 25.25 25.25 25.34 25.30 25.32 25.69 -9999.00 -9999.00
26.88 26.84 26.80 26.76 26.70 26.63 26.61 26.57 26.60 26.57 26.53 26.47 26.42 26.35 26.32 26.27 26.20 26.15 26.08 26.01 25.93 26.30 25.73 25.64 25.78 25.73 25.71 25.68 25.66 25.69 25.60 25.68 25.53 25.48 25.42 25.41 25.46 25.34 25.34 25.25 25.29 25.11 25.05 24.99 24.73 24.87 24.94 25.10 24.99 24.90 24.87 24.86 24.84 25.31 24.87 25.00 24.93 24.92 24.92 25.03 25.19 25.06 25.20 25.20 25.16 25.17 25.16 25.27 25.38 -9999.00 -9999.00
26.86 26.84 26.77 26.72 26.71 26.60 26.60 26.51 26.48 26.46 26.52 26.47 26.45 26.33 26.26 26.23 26.17 26.09 26.03 25.97 25.88 25.81 26.28 25.92 25.73 25.70 25.68 25.62 25.58 25.61 25.49 25.60 25.39 25.32 25.46 25.31 25.27 25.28 25.27 25.27 25.19 25.02 24.98 24.88 24.84 25.06 25.08 24.87 24.91 24.80 24.77 24.76 25.10 25.05 24.83 24.92 24.86 24.82 24.84 24.99 25.08 24.99 25.12 25.10 25.07 25.06 25.16 25.36 25.49 -9999.00 -9999.00
26.83 26.79 26.78 26.68 26.61 26.59 26.57 26.50 26.45 26.42 26.46 26.45 26.37 26.32 26.26 26.21 26.17 26.08 25.98 25.86 25.81 25.75 25.69 25.75 25.67 25.65 25.63 25.56 25.48 25.51 25.38 25.60 25.31 25.24 25.41 25.18 25.21 25.21 25.21 25.20 25.02 24.96 24.88 24.88 25.01 24.81 24.74 24.71 24.71 24.72 24.69 25.04 25.03 24.88 24.77 24.81 24.72 24.74 24.77 24.84 25.02 24.91 25.03 24.99 25.04 25.03 25.08 25.18 25.27 -9999.00 25.76
26.83 26.74 26.72 26.66 26.60 26.55 26.51 26.48 26.43 26.39 26.42 26.38 26.39 26.30 26.27 26.20 26.17 26.04 25.95 25.83 25.74 25.67 25.66 25.90 25.60 25.56 25.54 25.46 25.48 25.37 25.39 25.51 25.22 25.13 25.29 25.03 25.12 25.08 25.18 25.04 24.93 24.94 24.79 24.77 24.73 24.74 24.56 24.54 24.55 24.56 24.58 25.05 24.72 24.76 24.70 24.66 24.61 24.62 24.69 24.86 24.80 24.94 24.89 24.84 24.87 24.92 25.11 25.06 25.17 25.24 25.45
26.77 26.69 26.66 26.65 26.58 26.54 26.48 26.44 26.41 26.38 26.32 26.33 26.34 26.28 26.21 26.17 26.06 26.00 25.89 25.80 25.71 25.62 25.55 25.97 25.50 25.49 25.43 25.38 25.34 25.40 25.21 25.21 25.30 25.12 25.18 25.16 25.06 24.97 25.10 24.94 24.84 24.85 24.75 24.67 24.66 24.58 24.47 24.46 24.45 24.48 24.66 24.69 24.63 24.54 24.51 24.60 24.52 24.54 24.70 24.68 24.70 24.84 24.67 24.76 24.79 24.92 24.91 24.98 25.17 25.17 25.25
26.72 26.68 26.64 26.60 26.56 26.51 26.41 26.39 26.37 26.31 26.28 26.30 26.22 26.22 26.15 26.10 26.04 25.92 25.83 25.76 25.61 25.55 25.47 25.64 25.44 25.41 25.31 25.23 25.22 25.19 25.13 25.11 25.08 25.22 25.00 24.95 24.95 24.83 25.01 25.00 24.83 24.71 24.68 24.60 24.59 24.46 24.41 24.36 24.27 24.37 24.46 24.78 24.49 24.42 24.39 24.48 24.47 24.59 24.52 24.59 24.58 24.75 24.62 24.64 24.76 24.84 24.85 24.93 24.97 25.04 25.12
26.67 26.64 26.61 26.54 26.51 26.48 26.39 26.36 26.32 26.27 26.23 26.21 26.14 26.15 26.09 26.04 25.91 25.84 25.75 25.71 25.59 25.50 25.42 25.42 25.41 25.33 25.27 25.17 25.11 25.13 25.03 25.01 24.97 25.12 24.91 24.90 24.94 24.75 24.81 24.69 24.87 24.63 24.59 24.52 24.49 24.39 24.29 24.18 24.20 24.26 24.71 24.40 24.38 24.33 24.37 24.36 24.39 24.45 24.37 24.43 24.49 24.70 24.72 24.56 24.69 24.68 24.85 24.72 24.86 24.93 25.03
26.64 26.59 26.55 26.51 26.46 26.42 26.45 26.34 26.30 26.24 26.20 26.14 26.06 26.05 26.01 25.97 25.89 25.75 25.66 25.58 25.50 25.45 25.32 25.30 25.67 25.22 25.17 25.07 25.03 25.00 25.10 25.00 24.90 25.03 24.82 24.80 24.88 24.67 24.79 24.54 24.56 24.66 24.50 24.42 24.39 24.34 24.23 24.08 24.18 24.40 24.27 24.35 24.39 24.25 24.38 24.21 24.27 24.34 24.27 24.28 24.48 24.58 24.58 24.44 24.64 24.69 24.62 24.60 24.76 24.90 25.09
26.61 26.57 26.53 26.48 26.44 26.40 26.34 26.36 26.29 26.23 26.15 26.12 26.04 25.95 25.88 25.84 25.75 25.75 25.57 25.43 25.45 25.27 25.24 25.22 25.21 25.11 25.03 24.93 24.89 24.90 24.99 24.90 24.85 25.03 24.74 24.71 24.81 24.61 24.70 24.44 24.42 24.42 24.37 24.32 24.33 24.26 24.19 24.19 24.25 24.45 24.28 24.19 24.21 24.12 24.22 24.11 24.12 24.20 24.14 24.26 24.27 24.37 24.46 24.29 24.40 24.43 24.59 24.51 24.61 24.85 24.93
26.58 26.55 26.51 26.48 26.43 26.38 26.31 26.29 26.28 26.22 26.07 26.01 25.99 25.97 25.85 25.73 25.66 25.65 25.50 25.39 25.35 25.28 25.15 25.10 25.03 25.43 24.91 24.78 24.67 24.73 24.86 24.79 24.79 24.78 24.88 24.66 24.64 24.58 24.63 24.40 24.30 24.37 24.33 24.25 24.19 24.16 24.09 24.04 24.08 24.34 24.32 24.05 24.03 24.06 24.12 23.99 24.10 24.12 24.01 24.02 24.20 24.25 24.32 24.25 24.29 24.22 24.28 24.41 24.50 24.61 24.84
26.55 26.51 26.45 26.40 26.37 26.36 26.30 26.26 26.25 26.18 26.10 25.98 25.93 25.84 25.78 25.76 25.60 25.51 25.57 25.34 25.26 25.17 25.06 25.00 24.96 25.08 24.93 24.75 24.48 24.52 24.83 24.73 24.69 24.64 24.64 24.61 24.52 24.56 24.35 24.29 24.23 24.35 24.30 24.14 24.16 24.08 23.94 23.93 23.98 24.18 24.17 23.95 23.95 23.89 24.00 23.85 23.91 23.98 23.95 23.90 24.03 24.10 24.16 24.08 24.14 24.15 24.18 24.30 24.32 24.35 24.61
26.52 26.41 26.37 26.34 26.32 26.31 26.29 26.23 26.22 26.16 25.99 25.94 25.92 25.77 25.73 25.67 25.55 25.45 25.39 25.42 25.28 25.10 25.04 24.94 24.88 24.99 25.44 24.96 24.46 24.42 24.75 24.62 24.63 24.53 24.59 24.47 24.42 24.36 24.31 24.29 24.13 24.28 24.16 24.03 24.01 23.93 23.83 23.79 24.09 23.79 23.99 23.84 23.86 23.67 23.71 23.79 23.72 23.81 23.92 23.73 23.78 23.83 24.05 23.94 23.89 23.92 23.99 24.09 24.03 24.36 24.30
26.44 26.40 26.34 26.30 26.28 26.27 26.23 26.21 26.16 26.10 25.99 25.87 25.80 25.75 25.73 25.56 25.46 25.33 25.20 25.25 25.21 25.07 24.97 24.90 24.85 24.81 25.33 24.73 24.64 24.58 24.61 24.55 24.55 24.44 24.41 24.54 24.30 24.23 24.23 24.15 24.01 24.21 24.07 23.93 23.90 23.85 23.72 23.70 23.98 23.69 23.95 23.67 23.63 23.56 23.57 23.79 23.62 23.78 23.62 23.61 23.60 23.68 23.77 23.69 23.65 23.79 23.80 23.85 23.92 24.06 24.26
26.38 26.37 26.32 26.28 26.25 26.24 26.22 26.19 26.12 26.04 25.95 25.97 25.79 25.71 25.64 25.47 25.37 25.27 25.15 25.13 25.08 24.98 24.96 24.85 24.80 24.75 25.07 24.66 24.61 24.55 24.55 24.50 24.42 24.37 24.32 24.50 24.25 24.16 24.11 24.01 23.97 23.89 23.97 23.91 23.81 23.71 23.62 23.72 23.93 23.56 23.70 23.52 23.43 23.41 23.43 23.58 23.53 23.55 23.46 23.39 23.61 23.41 23.65 23.41 23.57 23.56 23.62 23.64 23.87 24.01 24.12
26.34 26.34 26.35 26.24 26.21 26.17 26.20 26.16 26.07 26.00 25.94 25.87 25.87 25.71 25.57 25.44 25.34 25.27 25.17 25.06 25.03 24.93 24.85 24.79 24.71 24.70 25.00 24.54 24.54 24.48 24.46 24.43 24.35 24.30 24.24 24.23 24.26 24.08 24.03 23.93 23.86 23.82 23.94 23.87 23.71 23.59 23.53 23.64 23.60 23.44 23.57 23.57 23.31 23.18 23.27 23.33 23.23 23.27 23.28 23.24 23.47 23.33 23.40 23.28 23.27 23.36 23.45 23.49 23.56 23.73 23.82
26.32 26.30 26.28 26.29 26.17 26.12 26.13 26.04 26.03 25.97 25.88 25.80 25.72 25.69 25.55 25.45 25.35 25.23 25.14 25.01 24.99 24.87 24.78 24.71 24.62 24.62 25.15 24.49 24.43 24.37 24.35 24.36 24.35 24.22 24.16 24.17 24.14 24.06 23.96 23.84 23.75 23.73 23.76 23.78 23.57 23.46 23.51 23.42 23.58 23.29 23.45 23.41 23.31 23.07 23.00 23.21 23.11 23.19 23.00 23.03 23.18 23.21 23.11 23.12 23.14 23.14 23.26 23.39 23.45 23.69 23.67
26.30 26.26 26.25 26.21 26.15 26.08 26.03 25.96 25.91 25.89 25.84 25.73 25.67 25.65 25.57 25.47 25.37 25.23 25.12 25.00 24.91 24.84 24.72 24.64 24.53 24.64 24.59 24.42 24.34 24.28 24.25 24.27 24.27 24.14 24.08 24.15 24.06 23.97 23.90 23.75 23.64 23.62 23.76 23.55 23.51 23.35 23.31 23.23 23.43 23.17 23.25 23.10 23.13 22.87 22.79 23.01 22.83 22.94 22.89 22.89 22.91 22.94 23.01 23.03 22.91 22.96 23.04 23.23 23.42 23.50 23.47
26.27 26.24 26.21 26.17 26.13 26.14 25.96 25.91 25.86 25.82 25.74 25.66 25.60 25.57 25.44 25.37 25.30 25.22 25.13 24.99 24.86 24.80 24.66 24.57 24.50 24.90 24.50 24.44 24.32 24.20 24.16 24.17 24.17 24.18 24.01 24.01 24.03 23.80 23.80 23.74 23.56 23.44 23.46 23.40 23.41 23.19 23.17 23.10 23.27 23.17 22.96 22.80 22.84 22.73 22.70 22.73 22.71 22.70 22.71 22.74 22.84 22.77 22.75 22.88 22.80 22.84 22.84 23.03 23.15 23.22 23.32
26.25 26.22 26.20 26.13 26.06 26.08 25.92 25.86 25.78 25.74 25.69 25.64 25.56 25.50 25.36 25.28 25.25 25.15 25.04 25.02 24.88 24.72 24.66 24.58 24.47 24.40 24.71 24.35 24.28 24.18 24.11 24.10 24.02 23.98 23.99 24.00 23.83 23.70 23.69 23.58 23.49 23.36 23.42 23.31 23.26 23.07 23.02 22.95 23.24 22.85 22.91 22.66 22.97 22.58 22.54 22.58 22.54 22.62 22.59 22.53 22.63 22.53 22.63 22.62 22.63 22.64 22.63 22.86 22.99 23.09 23.15
26.25 26.19 26.17 26.11 26.02 25.96 25.86 25.77 25.75 25.72 25.65 25.60 25.49 25.39 25.35 25.23 25.15 25.10 24.98 24.88 24.84 24.76 24.63 24.56 24.51 24.42 24.41 24.33 24.19 24.08 24.00 23.95 23.88 23.83 23.89 23.88 23.76 23.68 23.57 23.45 23.35 23.27 23.20 23.19 23.09 22.99 22.88 22.80 23.01 22.87 22.73 22.55 22.65 22.76 22.39 22.48 22.33 22.51 22.39 22.33 22.50 22.41 22.46 22.47 22.43 22.47 22.55 22.69 22.89 22.91 22.97
26.20 26.16 26.12 26.09 26.02 25.93 25.87 25.81 25.69 25.65 25.59 25.51 25.44 25.36 25.29 25.23 25.12 25.04 24.93 24.85 24.88 24.79 24.60 24.47 24.44 24.33 24.28 24.29 24.38 24.05 23.96 23.89 23.81 23.83 23.81 23.85 23.66 23.56 23.44 23.37 23.28 23.23 23.14 23.22 23.01 22.83 22.76 22.69 22.84 22.78 22.47 22.43 22.41 22.43 22.31 22.26 22.16 22.31 22.17 22.22 22.13 22.22 22.28 22.27 22.23 22.27 22.37 22.45 22.76 22.65 22.85
26.15 26.13 26.05 26.00 25.97 25.91 25.85 25.80 25.77 25.62 25.54 25.46 25.40 25.31 25.21 25.18 25.08 24.95 24.91 24.83 24.75 24.67 24.60 24.43 24.36 24.31 24.23 24.18 24.06 24.13 23.98 23.88 23.82 23.76 23.75 23.71 23.57 23.40 23.34 23.23 23.17 23.10 23.01 23.12 22.88 22.75 22.73 22.60 22.65 22.60 22.43 22.24 22.37 22.21 22.33 22.04 22.01 22.01 21.99 22.08 21.99 21.97 22.00 22.02 22.02 22.03 22.20 22.25 22.42 22.50 22.67
26.10 26.07 26.08 25.97 25.91 25.87 25.84 25.76 25.68 25.60 25.49 25.51 25.34 25.27 25.17 25.08 25.04 24.94 24.85 24.79 24.68 24.66 24.54 24.50 24.41 24.30 24.22 24.13 24.02 23.97 24.15 24.09 23.84 23.77 23.72 23.57 23.61 23.33 23.20 23.15 23.07 23.04 22.84 22.95 22.77 22.66 22.60 22.46 22.53 22.33 22.49 22.14 22.06 22.15 22.23 21.89 21.89 21.83 21.74 21.89 21.87 21.79 21.86 21.86 21.87 21.91 21.99 22.10 22.24 22.44 22.44
26.07 26.02 25.98 25.93 25.89 25.82 25.80 25.68 25.60 25.58 25.49 25.40 25.31 25.24 25.15 25.07 24.97 24.88 24.80 24.73 24.62 24.54 24.48 24.43 24.38 24.32 24.22 24.09 24.00 23.92 23.83 23.80 23.95 23.78 23.54 23.45 23.47 23.30 23.13 23.02 23.05 22.94 22.73 22.88 22.63 22.56 22.47 22.38 22.28 22.27 22.21 22.06 21.93 22.08 22.12 21.73 21.87 21.70 21.45 21.62 21.64 21.64 21.70 21.72 21.75 21.77 21.85 22.02 22.13 22.19 22.38
26.07 26.01 25.96 25.92 25.84 25.77 25.75 25.62 25.57 25.51 25.50 25.36 25.26 25.19 25.27 25.07 24.97 24.85 24.72 24.66 24.57 24.49 24.43 24.42 24.33 24.25 24.18 24.11 23.98 23.87 23.81 23.80 23.78 23.83 23.73 23.49 23.40 23.17 23.00 22.77 22.97 22.84 22.80 22.60 22.51 22.40 22.33 22.24 22.16 22.02 21.99 22.18 21.80 21.71 21.94 21.61 21.59 21.59 21.44 21.49 21.50 21.50 21.57 21.55 21.56 21.65 21.76 21.91 21.94 22.04 22.13
26.03 26.02 25.94 25.87 25.83 25.76 25.66 25.62 25.59 25.51 25.42 25.30 25.24 25.17 25.11 25.15 24.94 24.85 24.71 24.59 24.53 24.43 24.37 24.40 24.36 24.21 24.13 24.05 23.97 23.88 23.78 23.86 23.73 23.69 23.55 23.62 23.34 23.15 23.09 22.97 22.83 22.76 22.68 22.54 22.47 22.29 22.20 22.08 21.97 21.90 21.91 22.08 21.67 21.60 21.49 21.74 21.40 21.38 21.30 21.21 21.33 21.35 21.37 21.38 21.41 21.51 21.56 21.67 21.76 21.91 22.00
26.07 25.99 25.94 25.86 25.82 25.76 25.61 25.57 25.54 25.48 25.37 25.29 25.22 25.17 25.11 25.05 24.96 24.98 24.73 24.58 24.49 24.41 24.29 24.22 24.24 24.17 24.09 24.01 23.93 23.88 23.76 23.72 23.71 23.60 23.50 23.41 23.37 23.21 23.03 22.98 22.80 22.68 22.65 22.49 22.33 22.38 22.07 21.99 21.85 21.76 21.82 21.63 21.51 21.39 21.42 21.69 21.44 21.12 21.10 21.13 21.19 21.22 21.22 21.22 21.25 21.31 21.42 21.48 21.77 21.69 21.83
26.03 25.98 25.96 25.92 25.84 25.77 25.66 25.55 25.50 25.47 25.36 25.29 25.24 25.17 25.08 24.97 24.88 24.82 24.84 24.58 24.48 24.39 24.27 24.19 24.15 24.21 24.05 23.94 23.86 23.80 23.71 23.71 23.59 23.53 23.44 23.36 23.35 23.13 22.92 22.78 22.76 22.62 22.55 22.42 22.28 22.11 22.00 21.84 21.74 21.63 21.62 21.48 21.66 21.26 21.35 21.42 21.07 21.04 20.94 20.93 20.98 21.06 21.02 21.01 21.08 21.15 21.23 21.42 21.47 21.55 21.65
25.98 25.94 25.92 25.86 25.81 25.74 25.65 25.56 25.50 25.44 25.38 25.31 25.24 25.15 25.06 24.92 24.79 24.74 24.66 24.60 24.48 24.30 24.22 24.19 24.09 24.04 24.04 23.95 23.85 23.78 23.72 23.63 23.57 23.41 23.30 23.30 23.16 23.33 22.93 22.63 22.64 22.54 22.43 22.34 22.13 21.98 21.92 21.91 21.60 21.49 21.39 21.30 21.24 21.29 21.17 21.12 20.91 20.93 20.82 20.75 20.83 20.89 20.86 20.88 20.93 20.96 21.13 21.40 21.29 21.35 21.36
25.98 25.90 25.86 25.84 25.78 25.74 25.66 25.58 25.51 25.44 25.34 25.28 25.17 25.13 25.05 24.91 24.77 24.68 24.62 24.69 24.44 24.30 24.19 24.13 24.09 23.98 23.97 23.89 23.83 23.77 23.68 23.59 23.52 23.50 23.26 23.22 23.13 23.14 22.99 22.22 22.28 22.49 22.37 22.25 22.10 21.96 21.84 21.74 21.70 21.39 21.23 21.20 21.22 21.27 21.07 21.12 21.07 20.77 20.67 20.60 20.66 20.73 20.71 20.74 20.80 20.84 21.03 21.05 21.13 21.12 21.21
