maui/input/air_temperature_monthly/tmaxjun_250m_maui.asc
ncols        356
nrows        236
xllcorner    -156.702000000000
yllcorner    20.529750000000
cellsize     0.002250000000
NODATA_value  -99.00
[rows 192 to 223 of 236, columns 142 to 212 of 356]
25.44 25.28 25.22 25.12 25.01 24.95 24.94 24.89 24.83 24.72 24.67 24.63 24.65 24.56 24.54 24.55 24.56 24.56 24.61 24.65 24.71 24.72 24.73 24.72 24.85 24.88 24.89 24.98 25.02 25.08 25.18 25.11 25.06 25.02 25.03 25.03 25.02 25.07 25.07 25.06 25.19 25.33 25.40 25.44 25.50 25.58 25.65 25.76 25.83 25.94 26.00 26.08 26.21 26.35 26.52 26.62 26.73 26.71 26.77 26.84 26.99 26.99 27.08 27.16 27.21 27.34 27.40 27.57 27.73 27.93 28.03
25.61 25.57 25.52 25.45 25.36 25.31 25.25 25.23 25.17 25.02 24.96 24.96 24.89 24.83 24.80 24.86 24.85 24.83 24.88 24.93 24.96 24.96 25.02 25.04 25.15 25.14 25.26 25.30 25.47 25.52 25.38 25.29 25.21 25.18 25.20 25.26 25.30 25.28 25.34 25.36 25.42 25.56 25.64 25.67 25.76 25.78 25.84 26.00 26.08 26.21 26.22 26.36 26.43 26.57 26.72 26.85 27.04 27.00 27.07 27.12 27.21 27.30 27.35 27.43 27.47 27.59 27.71 27.90 28.01 28.14 28.76
25.83 25.80 25.82 25.81 25.69 25.58 25.55 25.48 25.41 25.32 25.25 25.21 25.15 25.05 25.01 25.04 25.07 25.12 25.16 25.21 25.27 25.26 25.32 25.30 25.42 25.45 25.47 25.57 25.61 25.59 25.54 25.46 25.30 25.25 25.26 25.34 25.47 25.50 25.56 25.61 25.69 25.82 25.90 25.92 25.98 26.04 26.07 26.20 26.39 26.39 26.48 26.60 26.67 26.77 26.90 27.06 27.18 27.45 27.36 27.39 27.44 27.57 27.64 27.64 27.74 27.82 28.05 28.14 28.29 28.44 28.57
26.02 26.05 26.06 26.03 25.93 25.85 25.79 25.73 25.70 25.55 25.51 25.43 25.40 25.34 25.22 25.27 25.29 25.41 25.42 25.45 25.56 25.54 25.58 25.60 25.61 25.64 25.72 25.72 25.70 25.68 25.66 25.25 25.15 25.27 25.04 25.52 25.60 25.67 25.77 25.85 25.91 26.04 26.17 26.20 26.23 26.29 26.32 26.40 26.57 26.73 26.72 26.77 26.85 26.98 27.11 27.24 27.40 27.54 27.59 27.62 27.70 27.90 27.90 27.89 28.01 28.09 28.19 28.44 28.52 28.63 28.75
26.29 26.26 26.28 26.23 26.19 26.19 26.08 26.01 25.93 25.84 25.75 25.68 25.64 25.60 25.52 25.50 25.58 25.58 25.69 25.73 25.84 25.89 25.85 25.88 25.90 25.89 25.91 25.92 25.86 25.86 25.86 25.31 25.56 25.36 25.68 25.84 25.95 25.93 25.99 26.07 26.11 26.27 26.34 26.42 26.49 26.53 26.53 26.64 26.79 26.91 27.00 27.00 27.09 27.20 27.32 27.48 27.60 27.79 27.89 27.94 28.00 28.04 28.19 28.20 28.23 28.37 28.48 28.63 28.72 28.79 28.95
26.42 26.44 26.42 26.39 26.36 26.38 26.34 26.27 26.17 26.03 25.95 25.89 25.87 25.80 25.76 25.75 25.81 25.92 25.95 26.03 26.07 26.14 26.09 26.09 26.09 26.18 26.19 26.17 26.14 26.17 26.30 26.14 25.96 25.92 26.05 26.08 26.12 26.22 26.25 26.36 26.42 26.51 26.56 26.68 26.71 26.80 26.83 26.82 27.02 27.13 27.26 27.30 27.34 27.43 27.60 27.78 27.93 28.03 28.26 28.19 28.20 28.25 28.40 28.45 28.45 28.61 28.67 28.79 28.91 29.02 -9999.00
26.65 26.64 26.58 26.58 26.53 26.54 26.50 26.43 26.37 26.28 26.22 26.11 26.12 26.05 26.01 26.06 26.21 26.24 26.24 26.21 26.28 26.32 26.34 26.35 26.39 26.40 26.41 26.43 26.39 26.43 26.46 26.35 26.27 25.77 26.23 26.29 26.35 26.44 26.50 26.60 26.64 26.71 26.76 26.85 26.98 27.01 27.11 27.12 27.26 27.34 27.53 27.52 27.63 27.71 27.82 27.99 28.14 28.22 28.33 28.42 28.45 28.50 28.62 28.66 28.68 28.79 28.91 28.96 29.11 -9999.00 -9999.00
26.86 26.81 26.76 26.73 26.57 26.20 26.49 26.64 26.60 26.54 26.43 26.38 26.34 26.33 26.33 26.45 26.49 26.48 26.52 26.52 26.53 26.53 26.53 26.53 26.56 26.57 26.61 26.60 26.55 26.61 26.60 26.51 26.31 26.22 26.17 26.62 26.65 26.67 26.73 26.83 26.88 26.96 26.94 27.03 27.16 27.30 27.33 27.36 27.51 27.63 27.77 27.83 27.88 27.94 28.05 28.21 28.32 28.38 28.47 28.58 28.69 28.79 28.85 28.91 28.97 29.02 29.17 -9999.00 -9999.00 -9999.00 -9999.00
27.00 26.93 26.89 26.82 26.49 26.54 26.71 26.79 26.79 26.74 26.63 26.64 26.62 26.61 26.65 26.67 26.72 26.74 26.77 26.77 26.78 26.75 26.70 26.78 26.76 26.72 26.77 26.73 26.73 26.78 26.74 26.77 26.71 26.54 26.56 26.91 26.92 26.93 27.00 27.06 27.15 27.20 27.20 27.33 27.36 27.46 27.61 27.73 27.83 27.88 28.02 28.06 28.13 28.16 28.25 28.36 28.50 28.63 28.69 28.72 28.81 29.00 29.07 -9999.00 -9999.00 -9999.00 -9999.00 -9999.00 -9999.00 -9999.00 -9999.00
27.15 27.10 27.07 27.08 27.03 26.85 26.82 26.90 26.99 26.90 26.81 26.85 26.85 26.85 26.87 26.87 26.88 26.92 26.95 26.95 26.97 26.97 26.90 26.86 26.89 26.90 26.95 26.93 26.91 26.94 26.96 26.97 26.86 26.78 26.84 27.06 27.13 27.16 27.21 27.23 27.32 27.42 27.46 27.52 27.58 27.72 27.83 27.96 28.06 28.13 28.22 28.26 28.33 28.41 28.46 28.60 28.62 28.80 28.90 28.93 29.03 -9999.00 -9999.00 -9999.00 -9999.00 -9999.00 -9999.00 -9999.00 -9999.00 -9999.00 -9999.00
27.37 27.23 27.18 27.19 27.19 27.10 26.97 27.05 27.11 27.06 27.00 27.03 27.06 27.06 27.13 27.13 27.10 27.07 27.11 27.15 27.18 27.16 27.16 27.11 27.20 27.14 27.13 27.10 27.11 27.14 27.13 27.16 27.08 27.07 27.13 27.30 27.38 27.40 27.43 27.46 27.52 27.59 27.68 27.76 27.87 27.92 28.08 28.17 28.26 28.35 28.42 28.43 28.48 28.58 28.66 28.75 28.84 28.97 29.08 -9999.00 -9999.00 -9999.00 -9999.00 -9999.00 -9999.00 -9999.00 -9999.00 -9999.00 -9999.00 -9999.00 -9999.00
27.53 27.44 27.41 27.40 27.35 27.24 27.11 27.12 27.10 27.23 27.20 27.25 27.27 27.26 27.29 27.34 27.32 27.29 27.35 27.37 27.36 27.38 27.39 27.42 27.31 27.32 27.30 27.25 27.24 27.32 27.36 27.35 27.28 27.31 27.39 27.53 27.58 27.59 27.64 27.71 27.75 27.83 27.94 28.00 28.10 28.13 28.29 28.42 28.45 28.56 28.65 28.65 28.70 28.79 28.81 28.93 29.06 -9999.00 -9999.00 -9999.00 -9999.00 -9999.00 -9999.00 -9999.00 -9999.00 -9999.00 -9999.00 -9999.00 -9999.00 -9999.00 -9999.00
27.77 27.65 27.63 27.60 27.50 27.43 27.35 27.36 27.61 27.56 27.46 27.41 27.50 27.48 27.53 27.55 27.52 27.52 27.59 27.60 27.61 27.60 27.59 27.56 27.60 27.59 27.51 27.46 27.44 27.49 27.55 27.57 27.53 27.55 27.63 27.73 27.76 27.78 27.84 27.89 27.99 28.06 28.19 28.25 28.32 28.29 28.46 28.58 28.71 28.79 28.85 28.87 28.92 28.96 29.03 29.18 -9999.00 -9999.00 -9999.00 -9999.00 -9999.00 -9999.00 -9999.00 -9999.00 -9999.00 -9999.00 -9999.00 -9999.00 -9999.00 -9999.00 -9999.00
27.94 27.87 27.80 27.73 27.71 27.64 27.60 27.58 27.69 27.81 27.75 27.64 27.72 27.76 27.73 27.73 27.73 27.81 27.79 27.81 27.82 27.81 27.79 27.94 27.86 27.81 27.71 27.65 27.66 27.72 27.73 27.74 27.77 27.75 27.80 27.93 27.99 27.98 28.04 28.11 28.19 28.26 28.35 28.49 28.58 28.65 28.71 28.80 28.87 28.94 29.02 29.14 29.18 29.16 -9999.00 -9999.00 -9999.00 -9999.00 -9999.00 -9999.00 -9999.00 -9999.00 -9999.00 -9999.00 -9999.00 -9999.00 -9999.00 -9999.00 -9999.00 -9999.00 -9999.00
28.11 28.03 27.96 27.95 27.92 27.85 27.82 27.83 27.88 27.97 27.98 27.92 28.02 27.99 27.94 27.95 27.90 28.00 28.00 27.99 28.03 28.06 28.06 28.10 28.04 27.99 27.91 27.88 27.88 27.90 27.93 27.96 28.02 27.99 28.04 28.13 28.18 28.21 28.22 28.29 28.35 28.48 28.61 28.69 28.84 28.92 28.91 28.99 29.10 29.11 -9999.00 -9999.00 -9999.00 -9999.00 -9999.00 -9999.00 -9999.00 -9999.00 -9999.00 -9999.00 -9999.00 -9999.00 -9999.00 -9999.00 -9999.00 -9999.00 -9999.00 -9999.00 -9999.00 -9999.00 -9999.00
28.19 28.17 28.16 28.16 28.13 28.06 28.05 28.05 28.10 28.08 28.21 28.20 28.24 28.08 28.14 28.17 28.16 28.20 28.22 28.23 28.27 28.27 28.29 28.23 28.19 28.17 28.13 28.14 28.14 28.13 28.17 28.16 28.20 28.22 28.28 28.33 28.37 28.43 28.44 28.49 28.53 28.63 28.83 28.95 29.07 29.16 29.14 29.19 -9999.00 -9999.00 -9999.00 -9999.00 -9999.00 -9999.00 -9999.00 -9999.00 -9999.00 -9999.00 -9999.00 -9999.00 -9999.00 -9999.00 -9999.00 -9999.00 -9999.00 -9999.00 -9999.00 -9999.00 -9999.00 -9999.00 -9999.00
28.39 28.35 28.36 28.37 28.31 28.25 28.28 28.29 28.30 28.28 28.35 28.42 28.46 28.33 28.37 28.33 28.37 28.44 28.43 28.40 28.43 28.42 28.46 28.46 28.39 28.34 28.35 28.37 28.37 28.39 28.40 28.45 28.43 28.48 28.50 28.54 28.58 28.61 28.65 28.69 28.75 28.82 28.93 29.12 -9999.00 -9999.00 -9999.00 -9999.00 -9999.00 -9999.00 -9999.00 -9999.00 -9999.00 -9999.00 -9999.00 -9999.00 -9999.00 -9999.00 -9999.00 -9999.00 -9999.00 -9999.00 -9999.00 -9999.00 -9999.00 -9999.00 -9999.00 -9999.00 -9999.00 -9999.00 -9999.00
28.59 28.66 28.61 28.56 28.52 28.48 28.51 28.53 28.51 28.49 28.49 28.57 28.57 28.50 28.54 28.56 28.59 28.60 28.62 28.64 28.65 28.71 28.64 28.63 28.68 28.62 28.61 28.67 28.62 28.62 28.63 28.73 28.71 28.71 28.68 28.74 28.79 28.80 28.85 28.90 28.91 28.98 29.11 -9999.00 -9999.00 -9999.00 -9999.00 -9999.00 -9999.00 -9999.00 -9999.00 -9999.00 -9999.00 -9999.00 -9999.00 -9999.00 -9999.00 -9999.00 -9999.00 -9999.00 -9999.00 -9999.00 -9999.00 -9999.00 -9999.00 -9999.00 -9999.00 -9999.00 -9999.00 -9999.00 -9999.00
28.82 28.82 28.82 28.75 28.70 28.67 28.69 28.73 28.77 28.76 28.73 28.77 28.70 28.75 28.70 28.81 28.77 28.76 28.78 28.85 28.88 28.92 28.91 28.83 28.89 28.91 28.89 28.94 28.85 28.84 28.88 28.94 28.96 28.91 28.90 28.93 28.96 29.00 29.04 29.09 29.08 29.15 -9999.00 -9999.00 -9999.00 -9999.00 -9999.00 -9999.00 -9999.00 -9999.00 -9999.00 -9999.00 -9999.00 -9999.00 -9999.00 -9999.00 -9999.00 -9999.00 -9999.00 -9999.00 -9999.00 -9999.00 -9999.00 -9999.00 -9999.00 -9999.00 -9999.00 -9999.00 -9999.00 -9999.00 -9999.00
28.96 28.95 28.92 28.90 28.86 28.82 28.83 28.87 28.88 28.90 28.88 28.87 28.93 28.94 29.00 29.01 29.00 29.04 28.98 28.98 29.05 29.09 29.12 29.08 29.08 29.10 29.13 29.17 29.14 29.07 29.10 29.12 29.12 29.08 29.06 29.08 29.11 29.13 29.17 29.17 29.19 -9999.00 -9999.00 -9999.00 -9999.00 -9999.00 -9999.00 -9999.00 -9999.00 -9999.00 -9999.00 -9999.00 -9999.00 -9999.00 -9999.00 -9999.00 -9999.00 -9999.00 -9999.00 -9999.00 -9999.00 -9999.00 -9999.00 -9999.00 -9999.00 -9999.00 -9999.00 -9999.00 -9999.00 -9999.00 -9999.00
29.04 29.00 28.96 28.97 28.92 28.92 28.90 28.96 28.95 28.95 28.93 28.92 28.98 29.07 29.08 29.17 29.17 29.17 29.12 29.06 29.12 29.18 -9999.00 -9999.00 -9999.00 -9999.00 -9999.00 -9999.00 -9999.00 -9999.00 -9999.00 -9999.00 29.19 29.19 29.19 29.20 29.19 -9999.00 -9999.00 -9999.00 -9999.00 -9999.00 -9999.00 -9999.00 -9999.00 -9999.00 -9999.00 -9999.00 -9999.00 -9999.00 -9999.00 -9999.00 -9999.00 -9999.00 -9999.00 -9999.00 -9999.00 -9999.00 -9999.00 -9999.00 -9999.00 -9999.00 -9999.00 -9999.00 -9999.00 -9999.00 -9999.00 -9999.00 -9999.00 -9999.00 -9999.00
29.08 29.03 29.01 29.00 28.97 28.97 28.99 29.01 29.01 29.03 28.99 29.00 29.17 29.16 -9999.00 -9999.00 -9999.00 -9999.00 29.18 29.18 -9999.00 -9999.00 -9999.00 -9999.00 -9999.00 -9999.00 -9999.00 -9999.00 -9999.00 -9999.00 -9999.00 -9999.00 -9999.00 -9999.00 -9999.00 -9999.00 -9999.00 -9999.00 -9999.00 -9999.00 -9999.00 -9999.00 -9999.00 -9999.00 -9999.00 -9999.00 -9999.00 -9999.00 -9999.00 -9999.00 -9999.00 -9999.00 -9999.00 -9999.00 -9999.00 -9999.00 -9999.00 -9999.00 -9999.00 -9999.00 -9999.00 -9999.00 -9999.00 -9999.00 -9999.00 -9999.00 -9999.00 -9999.00 -9999.00 -9999.00 -9999.00
29.18 29.13 29.06 29.04 29.04 29.05 29.06 29.05 29.10 29.16 29.11 -9999.00 -9999.00 -9999.00 -9999.00 -9999.00 -9999.00 -9999.00 -9999.00 -9999.00 -9999.00 -9999.00 -9999.00 -9999.00 -9999.00 -9999.00 -9999.00 -9999.00 -9999.00 -9999.00 -9999.00 -9999.00 -9999.00 -9999.00 -9999.00 -9999.00 -9999.00 -9999.00 -9999.00 -9999.00 -9999.00 -9999.00 -9999.00 -9999.00 -9999.00 -9999.00 -9999.00 -9999.00 -9999.00 -9999.00 -9999.00 -9999.00 -9999.00 -9999.00 -9999.00 -9999.00 -9999.00 -9999.00 -9999.00 -9999.00 -9999.00 -9999.00 -9999.00 -9999.00 -9999.00 -9999.00 -9999.00 -9999.00 -9999.00 -9999.00 -9999.00
-9999.00 -9999.00 29.18 29.10 29.12 29.14 29.16 -9999.00 -9999.00 -9999.00 -9999.00 -9999.00 -9999.00 -9999.00 -9999.00 -9999.00 -9999.00 -9999.00 -9999.00 -9999.00 -9999.00 -9999.00 -9999.00 -9999.00 -9999.00 -9999.00 -9999.00 -9999.00 -9999.00 -9999.00 -9999.00 -9999.00 -9999.00 -9999.00 -9999.00 -9999.00 -9999.00 -9999.00 -9999.00 -9999.00 -9999.00 -9999.00 -9999.00 -9999.00 -9999.00 -9999.00 -9999.00 -9999.00 -9999.00 -9999.00 -9999.00 -9999.00 -9999.00 -9999.00 -9999.00 -9999.00 -9999.00 -9999.00 -9999.00 -9999.00 -9999.00 -9999.00 -9999.00 -9999.00 -9999.00 -9999.00 -9999.00 -9999.00 -9999.00 -9999.00 -9999.00
-9999.00 -9999.00 -9999.00 -9999.00 -9999.00 -9999.00 -9999.00 -9999.00 -9999.00 -9999.00 -9999.00 -9999.00 -9999.00 -9999.00 -9999.00 -9999.00 -9999.00 -9999.00 -9999.00 -9999.00 -9999.00 -9999.00 -9999.00 -9999.00 -9999.00 -9999.00 -9999.00 -9999.00 -9999.00 -9999.00 -9999.00 -9999.00 -9999.00 -9999.00 -9999.00 -9999.00 -9999.00 -9999.00 -9999.00 -9999.00 -9999.00 -9999.00 -9999.00 -9999.00 -9999.00 -9999.00 -9999.00 -9999.00 -9999.00 -9999.00 -9999.00 -9999.00 -9999.00 -9999.00 -9999.00 -9999.00 -9999.00 -9999.00 -9999.00 -9999.00 -9999.00 -9999.00 -9999.00 -9999.00 -9999.00 -9999.00 -9999.00 -9999.00 -9999.00 -9999.00 -9999.00
-9999.00 -9999.00 -9999.00 -9999.00 -9999.00 -9999.00 -9999.00 -9999.00 -9999.00 -9999.00 -9999.00 -9999.00 -9999.00 -9999.00 -9999.00 -9999.00 -9999.00 -9999.00 -9999.00 -9999.00 -9999.00 -9999.00 -9999.00 -9999.00 -9999.00 -9999.00 -9999.00 -9999.00 -9999.00 -9999.00 -9999.00 -9999.00 -9999.00 -9999.00 -9999.00 -9999.00 -9999.00 -9999.00 -9999.00 -9999.00 -9999.00 -9999.00 -9999.00 -9999.00 -9999.00 -9999.00 -9999.00 -9999.00 -9999.00 -9999.00 -9999.00 -9999.00 -9999.00 -9999.00 -9999.00 -9999.00 -9999.00 -9999.00 -9999.00 -9999.00 -9999.00 -9999.00 -9999.00 -9999.00 -9999.00 -9999.00 -9999.00 -9999.00 -9999.00 -9999.00 -9999.00
-9999.00 -9999.00 -9999.00 -9999.00 -9999.00 -9999.00 -9999.00 -9999.00 -9999.00 -9999.00 -9999.00 -9999.00 -9999.00 -9999.00 -9999.00 -9999.00 -9999.00 -9999.00 -9999.00 -9999.00 -9999.00 -9999.00 -9999.00 -9999.00 -9999.00 -9999.00 -9999.00 -9999.00 -9999.00 -9999.00 -9999.00 -9999.00 -9999.00 -9999.00 -9999.00 -9999.00 -9999.00 -9999.00 -9999.00 -9999.00 -9999.00 -9999.00 -9999.00 -9999.00 -9999.00 -9999.00 -9999.00 -9999.00 -9999.00 -9999.00 -9999.00 -9999.00 -9999.00 -9999.00 -9999.00 -9999.00 -9999.00 -9999.00 -9999.00 -9999.00 -9999.00 -9999.00 -9999.00 -9999.00 -9999.00 -9999.00 -9999.00 -9999.00 -9999.00 -9999.00 -9999.00
-9999.00 -9999.00 -9999.00 -9999.00 -9999.00 -9999.00 -9999.00 -9999.00 -9999.00 -9999.00 -9999.00 -9999.00 -9999.00 -9999.00 -9999.00 -9999.00 -9999.00 -9999.00 -9999.00 -9999.00 -9999.00 -9999.00 -9999.00 -9999.00 -9999.00 -9999.00 -9999.00 -9999.00 -9999.00 -9999.00 -9999.00 -9999.00 -9999.00 -9999.00 -9999.00 -9999.00 -9999.00 -9999.00 -9999.00 -9999.00 -9999.00 -9999.00 -9999.00 -9999.00 -9999.00 -9999.00 -9999.00 -9999.00 -9999.00 -9999.00 -9999.00 -9999.00 -9999.00 -9999.00 -9999.00 -9999.00 -9999.00 -9999.00 -9999.00 -9999.00 -9999.00 -9999.00 -9999.00 -9999.00 -9999.00 -9999.00 -9999.00 -9999.00 -9999.00 -9999.00 -9999.00
-9999.00 -9999.00 -9999.00 -9999.00 -9999.00 -9999.00 -9999.00 -9999.00 -9999.00 -9999.00 -9999.00 -9999.00 -9999.00 -9999.00 -9999.00 -9999.00 -9999.00 -9999.00 -9999.00 -9999.00 -9999.00 -9999.00 -9999.00 -9999.00 -9999.00 -9999.00 -9999.00 -9999.00 -9999.00 -9999.00 -9999.00 -9999.00 -9999.00 -9999.00 -9999.00 -9999.00 -9999.00 -9999.00 -9999.00 -9999.00 -9999.00 -9999.00 -9999.00 -9999.00 -9999.00 -9999.00 -9999.00 -9999.00 -9999.00 -9999.00 -9999.00 -9999.00 -9999.00 -9999.00 -9999.00 -9999.00 -9999.00 -9999.00 -9999.00 -9999.00 -9999.00 -9999.00 -9999.00 -9999.00 -9999.00 -9999.00 -9999.00 -9999.00 -9999.00 -9999.00 -9999.00
-9999.00 -9999.00 -9999.00 -9999.00 -9999.00 -9999.00 -9999.00 -9999.00 -9999.00 -9999.00 -9999.00 -9999.00 -9999.00 -9999.00 -9999.00 -9999.00 -9999.00 -9999.00 -9999.00 -9999.00 -9999.00 -9999.00 -9999.00 -9999.00 -9999.00 -9999.00 -9999.00 -9999.00 -9999.00 -9999.00 -9999.00 -9999.00 -9999.00 -9999.00 -9999.00 -9999.00 -9999.00 -9999.00 -9999.00 -9999.00 -9999.00 -9999.00 -9999.00 -9999.00 -9999.00 -9999.00 -9999.00 -9999.00 -9999.00 -9999.00 -9999.00 -9999.00 -9999.00 -9999.00 -9999.00 -9999.00 -9999.00 -9999.00 -9999.00 -9999.00 -9999.00 -9999.00 -9999.00 -9999.00 -9999.00 -9999.00 -9999.00 -9999.00 -9999.00 -9999.00 -9999.00
-9999.00 -9999.00 -9999.00 -9999.00 -9999.00 -9999.00 -9999.00 -9999.00 -9999.00 -9999.00 -9999.00 -9999.00 -9999.00 -9999.00 -9999.00 -9999.00 -9999.00 -9999.00 -9999.00 -9999.00 -9999.00 -9999.00 -9999.00 -9999.00 -9999.00 -9999.00 -9999.00 -9999.00 -9999.00 -9999.00 -9999.00 -9999.00 -9999.00 -9999.00 -9999.00 -9999.00 -9999.00 -9999.00 -9999.00 -9999.00 -9999.00 -9999.00 -9999.00 -9999.00 -9999.00 -9999.00 -9999.00 -9999.00 -9999.00 -9999.00 -9999.00 -9999.00 -9999.00 -9999.00 -9999.00 -9999.00 -9999.00 -9999.00 -9999.00 -9999.00 -9999.00 -9999.00 -9999.00 -9999.00 -9999.00 -9999.00 -9999.00 -9999.00 -9999.00 -9999.00 -9999.00
-9999.00 -9999.00 -9999.00 -9999.00 -9999.00 -9999.00 -9999.00 -9999.00 -9999.00 -9999.00 -9999.00 -9999.00 -9999.00 -9999.00 -9999.00 -9999.00 -9999.00 -9999.00 -9999.00 -9999.00 -9999.00 -9999.00 -9999.00 -9999.00 -9999.00 -9999.00 -9999.00 -9999.00 -9999.00 -9999.00 -9999.00 -9999.00 -9999.00 -9999.00 -9999.00 -9999.00 -9999.00 -9999.00 -9999.00 -9999.00 -9999.00 -9999.00 -9999.00 -9999.00 -9999.00 -9999.00 -9999.00 -9999.00 -9999.00 -9999.00 -9999.00 -9999.00 -9999.00 -9999.00 -9999.00 -9999.00 -9999.00 -9999.00 -9999.00 -9999.00 -9999.00 -9999.00 -9999.00 -9999.00 -9999.00 -9999.00 -9999.00 -9999.00 -9999.00 -9999.00 -9999.00
