maui/input/air_temperature_monthly/tmaxapr_250m_maui.asc
ncols        356
nrows        236
xllcorner    -156.702000000000
yllcorner    20.529750000000
cellsize     0.002250000000
NODATA_value  -99.00
[rows 32 to 63 of 236, columns 0 to 70 of 356]
-9999.00 -9999.00 -9999.00 -9999.00 -9999.00 -9999.00 -9999.00 -9999.00 -9999.00 -9999.00 -9999.00 -9999.00 -9999.00 27.22 27.16 27.05 27.05 26.96 26.86 26.73 26.54 26.55 26.32 26.10 25.87 25.73 26.16 25.66 25.50 25.33 25.25 25.49 24.95 24.85 24.66 24.71 24.75 24.94 24.80 24.38 24.44 24.70 24.44 24.90 24.66 25.51 25.45 24.54 24.41 24.68 24.48 24.11 24.47 24.75 24.47 24.51 24.58 24.98 25.00 24.89 25.28 25.46 25.35 25.92 26.08 25.86 26.23 26.71 26.13 25.97 25.96
-9999.00 -9999.00 -9999.00 -9999.00 -9999.00 -9999.00 -9999.00 -9999.00 -9999.00 -9999.00 -9999.00 -9999.00 -9999.00 27.20 27.08 27.03 26.95 26.93 26.84 26.71 26.62 26.42 26.26 26.14 25.87 25.65 25.60 25.91 25.36 25.47 25.11 25.25 25.18 24.78 24.65 24.49 24.76 24.83 24.66 24.62 24.25 24.38 24.50 24.80 24.52 24.69 25.59 25.17 24.44 24.28 24.14 23.94 24.59 24.41 24.00 24.47 24.31 24.67 24.79 24.71 25.04 25.02 25.49 25.64 25.70 25.62 26.52 26.18 25.89 25.78 25.91
-9999.00 -9999.00 -9999.00 -9999.00 -9999.00 -9999.00 -9999.00 -9999.00 -9999.00 -9999.00 -9999.00 -9999.00 27.26 27.12 27.02 27.01 26.90 26.84 26.74 26.60 26.48 26.34 26.21 25.96 25.74 25.48 25.37 25.38 25.60 25.19 25.21 24.75 24.63 24.84 24.56 24.41 24.51 24.98 24.46 24.54 24.10 24.33 24.15 24.08 24.58 24.43 24.59 25.39 24.70 24.16 24.04 23.76 24.26 24.00 23.69 23.88 24.21 24.84 24.17 24.33 24.68 25.07 25.21 24.84 25.26 25.56 26.44 25.64 25.35 25.86 26.39
-9999.00 -9999.00 -9999.00 -9999.00 -9999.00 -9999.00 -9999.00 -9999.00 -9999.00 -9999.00 -9999.00 -9999.00 27.25 27.13 27.00 26.98 26.83 26.70 26.61 26.43 26.39 26.24 26.08 25.93 25.67 25.59 25.25 25.14 24.97 25.56 24.85 24.82 24.56 24.67 24.47 24.29 24.36 24.77 24.17 24.09 23.83 24.14 23.99 24.03 24.35 23.91 24.28 25.17 24.55 23.78 24.05 23.50 23.84 24.07 23.50 23.57 24.15 24.41 23.88 24.04 24.62 25.07 24.67 24.74 24.91 25.93 26.09 25.06 25.08 25.75 25.89
-9999.00 -9999.00 -9999.00 -9999.00 -9999.00 -9999.00 -9999.00 -9999.00 -9999.00 -9999.00 -9999.00 27.29 27.18 27.10 26.94 26.79 26.74 26.74 26.53 26.43 26.27 26.27 25.96 25.82 25.83 25.48 25.36 25.03 24.90 25.13 25.20 24.54 24.43 24.39 24.50 24.38 24.11 24.74 24.01 23.76 23.91 23.95 23.72 23.87 24.15 23.96 24.36 24.64 24.85 24.01 23.83 23.55 23.62 23.58 23.47 23.32 23.99 24.26 23.65 23.74 24.37 24.72 24.13 24.54 25.22 26.12 25.43 24.84 25.16 25.55 25.46
-9999.00 -9999.00 -9999.00 -9999.00 -9999.00 -9999.00 -9999.00 -9999.00 -9999.00 -9999.00 27.32 27.29 27.22 27.12 26.91 26.77 26.65 26.51 26.54 26.31 26.13 26.10 25.91 25.80 25.60 25.58 25.18 25.09 24.81 24.65 25.24 24.50 24.29 24.23 24.43 24.27 23.91 24.47 23.88 23.51 23.69 23.51 23.51 23.64 24.01 23.74 23.90 24.02 24.70 24.40 23.48 23.35 23.13 23.13 23.18 23.26 23.96 23.46 23.34 23.91 24.16 24.41 24.15 24.71 25.41 25.53 24.84 25.17 25.33 25.26 25.62
-9999.00 -9999.00 -9999.00 -9999.00 -9999.00 -9999.00 -9999.00 -9999.00 -9999.00 -9999.00 27.32 27.22 27.10 27.07 26.91 26.85 26.58 26.45 26.36 26.29 26.25 25.94 25.77 25.71 25.55 25.34 25.32 25.09 24.87 24.59 24.70 24.71 24.11 24.00 24.30 23.83 23.64 24.20 23.97 23.35 23.29 23.40 23.30 23.38 23.60 23.47 23.50 23.48 24.26 24.50 23.31 23.37 22.78 22.89 22.88 23.14 23.55 23.05 23.14 23.52 23.99 24.12 24.53 25.34 25.19 24.81 24.84 24.85 25.03 25.41 25.69
-9999.00 -9999.00 -9999.00 -9999.00 -9999.00 -9999.00 -9999.00 -9999.00 -9999.00 27.33 27.28 27.13 27.03 26.95 26.89 26.73 26.64 26.69 26.35 26.22 26.07 25.92 25.91 25.60 25.47 25.33 25.06 24.93 24.75 24.55 24.37 24.91 24.18 23.89 23.79 23.73 23.43 23.69 23.96 23.33 23.16 23.09 23.00 23.25 23.45 22.90 22.98 23.07 23.73 24.57 23.42 22.97 22.82 22.63 22.68 23.11 23.24 22.84 22.87 23.40 23.67 23.94 24.74 25.48 24.44 24.60 24.74 24.68 24.88 25.45 25.42
-9999.00 -9999.00 -9999.00 -9999.00 -9999.00 -9999.00 -9999.00 -9999.00 -9999.00 27.34 27.27 27.12 27.01 26.91 26.78 26.70 26.58 26.47 26.36 26.38 26.04 25.88 25.63 25.54 25.43 25.16 24.92 24.88 24.63 24.43 24.21 24.17 24.40 24.49 24.14 23.55 23.46 23.49 24.16 23.36 23.09 22.80 22.60 22.96 23.04 22.53 22.70 22.94 23.50 24.46 23.52 22.61 22.53 22.40 22.44 23.18 22.86 22.58 22.73 23.09 23.34 23.72 23.97 25.18 24.19 24.39 24.32 24.76 24.94 25.02 25.03
-9999.00 -9999.00 -9999.00 -9999.00 -9999.00 -9999.00 -9999.00 -9999.00 -9999.00 27.28 27.18 27.08 26.99 26.87 26.75 26.61 26.52 26.43 26.34 26.31 26.09 26.05 25.73 25.46 25.33 25.22 25.07 24.77 24.58 24.30 24.13 24.03 23.96 23.71 24.04 23.77 23.39 23.27 23.69 23.84 23.15 22.79 22.72 22.63 22.50 22.37 22.64 22.36 22.69 24.35 23.66 22.66 22.32 22.17 22.40 22.73 22.78 22.44 22.62 22.93 23.27 23.57 24.70 24.83 24.01 24.12 24.21 24.82 24.42 24.38 24.35
-9999.00 -9999.00 -9999.00 -9999.00 -9999.00 -9999.00 -9999.00 -9999.00 27.32 27.24 27.17 27.08 26.99 26.82 26.66 26.55 26.45 26.40 26.30 26.16 26.08 25.93 25.73 25.58 25.29 25.21 24.88 24.74 24.72 24.46 24.05 23.89 23.86 23.70 23.32 24.12 23.32 23.16 23.06 23.22 23.12 22.75 22.41 22.39 22.15 22.28 22.51 22.27 22.23 23.41 23.86 22.69 21.99 21.84 22.31 22.50 22.54 22.25 22.40 22.78 23.06 24.06 24.44 24.39 23.71 23.84 24.02 24.09 24.23 23.94 24.26
-9999.00 -9999.00 -9999.00 -9999.00 -9999.00 -9999.00 -9999.00 -9999.00 27.29 27.20 27.11 26.98 26.92 26.77 26.61 26.49 26.39 26.38 26.26 26.16 26.00 25.76 25.85 25.44 25.31 25.15 24.80 24.82 24.40 24.25 24.34 23.86 23.67 23.42 23.25 23.65 23.47 23.12 22.77 23.14 22.89 22.59 21.90 21.90 21.85 22.19 22.06 22.00 22.05 23.13 23.84 23.26 22.36 21.65 22.23 22.31 22.31 21.98 22.29 22.70 22.98 24.29 23.97 23.79 23.43 23.76 23.73 23.69 24.04 23.79 24.14
-9999.00 -9999.00 -9999.00 -9999.00 -9999.00 -9999.00 -9999.00 27.36 27.28 27.17 27.07 26.93 26.82 26.72 26.58 26.45 26.36 26.29 26.20 26.06 25.93 25.73 25.50 25.33 25.17 24.94 24.81 24.63 24.43 24.21 24.11 23.79 23.64 23.33 23.09 22.96 23.62 22.92 22.80 22.58 23.10 22.45 21.65 21.39 21.59 22.10 21.83 21.71 21.86 22.18 23.36 23.67 22.71 21.78 21.87 21.97 22.19 21.75 22.22 22.27 23.08 24.15 23.17 23.13 23.28 23.53 23.19 23.43 23.71 23.63 24.13
-9999.00 -9999.00 -9999.00 -9999.00 -9999.00 -9999.00 -9999.00 27.35 27.28 27.22 27.10 26.96 26.82 26.72 26.58 26.47 26.37 26.26 26.17 26.03 25.89 25.68 25.48 25.26 25.05 25.21 24.67 24.44 24.44 24.11 24.00 23.60 23.35 23.23 22.93 22.86 23.13 22.89 22.48 22.31 22.86 22.33 21.64 21.11 21.32 21.95 21.55 21.39 21.64 21.76 23.17 23.18 22.09 21.59 21.50 21.79 22.03 21.74 22.06 22.25 23.41 23.76 23.18 22.86 23.04 23.30 23.05 23.12 23.56 23.62 23.97
-9999.00 -9999.00 -9999.00 -9999.00 -9999.00 -9999.00 -9999.00 27.34 27.24 27.11 27.01 26.98 26.81 26.71 26.59 26.52 26.40 26.25 26.12 25.99 25.82 25.74 25.46 25.23 25.09 24.83 25.01 24.54 24.28 24.05 24.06 23.60 23.30 23.05 22.97 22.71 22.93 22.91 22.33 21.85 22.84 22.35 21.49 20.96 21.65 21.47 21.31 21.24 21.37 21.75 22.73 23.55 22.17 21.16 21.49 21.79 21.82 21.39 21.84 22.41 23.72 22.62 22.88 22.39 22.67 22.61 22.85 23.26 23.53 23.83 24.48
-9999.00 -9999.00 -9999.00 -9999.00 -9999.00 -9999.00 27.37 27.33 27.23 27.08 27.00 26.88 26.87 26.70 26.59 26.51 26.40 26.26 26.12 25.99 25.78 25.63 25.51 25.33 25.11 24.84 24.64 24.73 24.69 24.04 23.77 23.55 23.59 23.26 22.87 22.63 23.01 22.43 22.39 22.08 22.46 21.94 21.40 21.02 21.37 21.50 21.02 21.17 20.97 22.00 22.94 23.43 22.01 21.16 21.43 21.23 21.38 21.44 21.90 22.36 23.25 22.23 22.40 22.09 21.91 22.12 22.59 23.03 23.65 24.06 24.32
-9999.00 -9999.00 -9999.00 -9999.00 -9999.00 27.38 27.37 27.30 27.19 27.07 27.00 26.88 26.79 26.70 26.61 26.54 26.39 26.26 26.12 25.95 25.79 25.64 25.50 25.32 25.10 24.81 24.69 24.36 24.18 24.33 24.18 23.78 23.32 23.05 22.96 22.63 22.85 22.61 22.06 21.97 21.69 22.03 21.77 21.34 21.14 21.32 20.77 20.58 20.92 21.99 22.66 23.14 22.11 21.09 21.11 21.19 21.01 21.30 21.69 22.99 22.39 21.95 22.00 21.61 22.01 22.49 22.51 22.89 23.00 23.51 23.85
-9999.00 -9999.00 -9999.00 -9999.00 -9999.00 27.38 27.37 27.26 27.15 27.06 27.01 26.93 26.82 26.72 26.62 26.51 26.36 26.25 26.11 25.97 25.86 25.70 25.52 25.29 25.06 24.81 24.56 24.29 24.11 24.07 23.63 23.40 23.81 23.57 23.02 22.54 22.43 22.59 22.25 21.71 21.50 21.24 21.60 21.34 21.29 20.68 20.57 20.26 20.74 21.60 21.60 22.50 22.38 21.32 20.89 21.03 20.71 21.37 22.63 22.43 21.49 21.46 21.66 21.55 22.00 22.05 22.53 22.33 22.38 23.43 23.48
-9999.00 -9999.00 -9999.00 -9999.00 27.40 27.39 27.37 27.29 27.23 27.13 27.08 27.06 26.98 26.76 26.67 26.56 26.39 26.25 26.11 25.95 25.82 25.66 25.46 25.27 25.06 24.74 24.47 24.22 23.99 23.79 23.90 23.31 22.99 23.31 23.18 23.10 22.61 22.14 22.29 22.16 21.92 21.33 21.00 21.38 20.74 20.47 20.61 20.02 20.79 21.39 20.99 22.32 22.38 21.09 20.72 20.66 20.54 21.67 22.74 21.16 21.08 21.23 21.32 21.66 21.64 22.03 21.70 21.78 22.18 22.78 23.23
-9999.00 -9999.00 -9999.00 -9999.00 27.40 27.39 27.37 27.26 27.17 27.08 27.08 26.94 26.85 26.89 26.80 26.58 26.38 26.23 26.09 25.99 25.82 25.71 25.49 25.24 25.01 24.76 24.50 24.32 24.02 23.66 23.47 23.48 23.28 22.65 22.71 22.08 22.70 22.27 21.68 21.74 21.29 21.53 20.89 20.78 20.77 20.17 20.04 19.82 20.41 20.72 20.51 21.51 22.77 21.51 20.38 20.31 20.87 20.97 22.50 20.87 20.80 20.85 21.11 21.45 21.50 21.82 21.74 22.12 22.35 23.33 23.96
-9999.00 -9999.00 -9999.00 -9999.00 27.40 27.39 27.34 27.22 27.19 27.09 26.99 26.96 26.83 26.72 26.61 26.54 26.38 26.32 26.15 26.12 26.11 25.70 25.48 25.25 25.01 24.75 24.47 24.15 23.87 23.97 23.81 23.37 22.94 22.62 22.74 22.15 21.90 22.69 21.87 21.35 21.51 21.21 20.77 20.36 20.81 20.17 19.89 19.68 20.18 20.48 20.14 21.40 22.53 21.36 20.21 20.71 20.44 20.72 22.03 20.62 20.39 20.19 20.83 21.20 21.77 22.18 22.42 22.59 23.36 24.24 24.87
-9999.00 -9999.00 -9999.00 -9999.00 27.40 27.39 27.27 27.19 27.11 27.08 27.00 26.90 26.81 26.75 26.67 26.53 26.40 26.27 26.12 25.96 25.81 25.85 25.78 25.32 25.01 24.76 24.39 24.10 23.89 23.55 23.33 23.05 23.13 22.71 22.22 22.22 21.84 21.75 21.78 21.88 20.99 20.98 20.77 20.26 20.27 19.91 19.56 19.65 20.36 20.26 19.86 21.08 22.33 21.01 20.12 20.12 20.22 20.57 21.55 20.22 19.99 20.17 20.46 21.03 21.60 21.93 22.05 23.03 24.35 24.88 25.13
-9999.00 -9999.00 -9999.00 -9999.00 27.41 27.34 27.25 27.14 27.09 27.01 26.96 26.94 26.86 26.71 26.63 26.52 26.38 26.24 26.11 25.95 25.87 25.65 25.46 25.23 25.39 25.20 24.87 24.28 23.87 23.54 23.19 22.86 22.69 22.51 22.65 21.80 21.44 21.10 21.09 21.71 21.73 20.89 20.60 20.07 19.93 19.70 19.51 19.26 19.80 19.84 20.12 21.37 21.76 20.56 19.83 19.76 19.81 20.35 21.86 20.02 20.06 20.09 20.18 20.59 20.81 21.45 22.12 22.83 23.56 24.67 24.96
-9999.00 -9999.00 -9999.00 -9999.00 27.40 27.33 27.21 27.11 27.05 26.99 26.91 26.83 26.81 26.75 26.63 26.53 26.47 26.31 26.14 25.99 25.78 25.62 25.50 25.34 25.07 24.81 24.43 24.66 24.66 23.99 23.64 23.08 22.59 22.31 21.95 22.08 21.81 21.03 20.96 21.16 20.97 21.02 20.27 19.86 19.66 19.97 19.23 19.04 19.40 19.25 19.96 20.74 21.82 20.58 19.45 19.39 19.44 20.05 21.32 20.03 19.78 19.79 19.98 20.79 20.77 21.27 22.71 23.86 24.62 24.80 24.43
-9999.00 -9999.00 -9999.00 -9999.00 27.40 27.33 27.21 27.08 26.97 26.93 26.87 26.80 26.74 26.69 26.61 26.47 26.38 26.25 26.08 25.96 25.72 25.55 25.32 25.16 24.97 24.71 24.47 24.02 23.73 23.80 23.97 24.17 24.00 23.45 22.91 22.22 22.01 21.43 21.04 20.57 20.95 20.54 20.44 19.67 19.37 19.23 19.14 18.88 19.09 18.85 19.77 20.80 21.66 20.33 19.32 19.26 19.25 19.42 20.11 19.71 19.71 19.58 20.72 22.55 21.84 22.14 23.27 24.37 24.13 24.01 23.56
-9999.00 -9999.00 -9999.00 27.42 27.39 27.32 27.14 27.03 26.96 26.83 26.82 26.75 26.68 26.65 26.55 26.48 26.35 26.22 26.04 25.85 25.71 25.49 25.24 25.01 24.77 24.63 24.49 24.24 23.76 23.36 23.18 22.78 22.86 22.90 23.04 23.49 22.92 22.93 22.41 21.48 20.27 20.18 20.51 19.80 19.13 18.96 19.35 18.76 18.41 18.38 18.99 20.13 21.53 20.10 18.91 18.85 18.86 19.56 19.73 19.25 19.49 19.66 20.76 22.43 23.23 23.73 24.01 24.00 22.95 22.42 22.43
-9999.00 -9999.00 -9999.00 27.42 27.38 27.30 27.19 27.05 26.90 26.83 26.75 26.74 26.65 26.57 26.52 26.43 26.32 26.17 26.01 25.78 25.61 25.44 25.20 24.89 24.70 24.50 24.33 23.87 23.91 23.25 23.01 22.74 22.33 22.03 21.84 22.91 22.91 21.37 21.27 21.71 20.65 20.00 19.77 19.97 19.54 18.71 18.61 18.52 18.18 18.32 19.36 20.91 20.40 19.70 18.70 18.52 18.73 19.11 19.44 18.76 19.77 21.08 22.34 22.97 23.41 22.67 23.60 24.11 22.68 21.65 21.90
-9999.00 -9999.00 27.42 27.39 27.36 27.29 27.20 27.09 26.95 26.82 26.74 26.69 26.62 26.56 26.48 26.39 26.28 26.13 25.95 25.73 25.58 25.33 25.17 25.05 24.82 24.50 24.14 23.80 23.47 23.29 23.19 23.03 22.40 21.99 21.60 21.40 22.16 22.19 20.61 20.73 21.23 19.97 19.66 19.66 19.08 18.74 18.40 18.51 17.94 18.11 19.07 20.40 20.76 19.37 18.23 18.21 18.49 18.66 19.10 18.54 20.34 22.05 22.51 22.53 22.33 22.05 23.52 24.01 22.48 21.45 21.50
-9999.00 -9999.00 -9999.00 27.41 27.35 27.26 27.16 27.10 26.98 26.79 26.72 26.67 26.62 26.54 26.46 26.39 26.29 26.14 26.02 25.72 25.53 25.33 25.13 24.91 24.69 24.43 24.13 23.72 23.36 23.07 22.98 22.50 22.49 22.15 21.55 21.13 21.25 21.82 21.07 20.13 20.83 20.86 20.04 19.08 19.03 18.51 18.19 18.06 17.67 18.20 19.43 20.91 19.60 19.39 18.00 17.73 17.80 18.06 18.52 17.96 19.22 19.68 20.25 20.55 21.81 23.34 23.80 23.77 22.59 21.24 21.07
-9999.00 -9999.00 27.43 27.43 27.40 27.30 27.21 27.10 26.93 26.77 26.69 26.65 26.61 26.53 26.44 26.37 26.28 26.11 25.94 25.73 25.55 25.37 25.21 24.96 24.71 24.41 24.03 24.07 23.48 22.98 22.68 22.39 22.13 21.95 21.72 21.19 20.82 21.62 21.34 20.50 19.83 19.89 20.23 19.88 18.94 18.69 17.93 17.67 17.39 18.13 19.31 20.46 19.24 18.74 17.76 16.88 16.73 17.44 17.58 18.10 19.18 18.64 19.51 20.84 22.38 23.60 22.48 22.42 21.91 20.69 21.02
-9999.00 -9999.00 27.44 27.43 27.42 27.37 27.26 27.17 27.05 26.82 26.75 26.70 26.63 26.53 26.43 26.33 26.26 26.13 25.95 25.78 25.64 25.42 25.24 24.87 24.64 24.34 24.09 23.72 23.34 23.23 23.11 22.36 22.01 21.75 21.46 21.10 20.75 20.49 21.15 19.97 19.72 19.46 19.68 19.28 19.22 18.64 18.11 17.42 17.14 17.66 18.87 20.14 20.35 18.49 17.84 16.87 16.43 16.52 17.12 17.67 18.51 18.53 19.61 21.15 22.40 23.36 22.48 21.15 20.72 20.64 21.09
-9999.00 -9999.00 27.44 27.43 27.41 27.38 27.28 27.13 27.05 26.91 26.83 26.74 26.66 26.57 26.53 26.40 26.29 26.17 25.98 25.80 25.61 25.36 25.11 24.82 24.74 24.47 24.21 23.81 23.48 22.99 22.64 22.31 22.29 21.93 21.38 20.97 20.66 20.36 20.63 20.89 19.93 19.39 19.03 18.60 18.97 18.18 18.08 17.23 16.73 17.25 18.39 19.48 19.98 18.89 17.12 16.99 16.34 16.65 17.20 18.06 18.70 18.92 20.20 21.38 22.44 22.99 22.42 21.22 20.75 21.95 22.44
