maui/input/air_temperature_monthly/tmaxoct_250m_maui.asc
ncols        356
nrows        236
xllcorner    -156.702000000000
yllcorner    20.529750000000
cellsize     0.002250000000
NODATA_value  -99.00
[rows 32 to 63 of 236, columns 0 to 70 of 356]
-9999.00 -9999.00 -9999.00 -9999.00 -9999.00 -9999.00 -9999.00 -9999.00 -9999.00 -9999.00 -9999.00 -9999.00 -9999.00 29.51 29.44 29.32 29.33 29.23 29.12 29.00 28.81 28.83 28.61 28.41 28.20 28.09 28.59 28.11 27.98 27.81 27.74 27.98 27.42 27.31 27.11 27.15 27.18 27.36 27.19 26.75 26.79 27.06 26.78 27.25 27.00 27.88 27.82 26.86 26.73 27.01 26.81 26.42 26.80 27.08 26.80 26.85 26.93 27.36 27.39 27.27 27.67 27.84 27.70 28.27 28.42 28.17 28.53 29.01 28.39 28.19 28.16
-9999.00 -9999.00 -9999.00 -9999.00 -9999.00 -9999.00 -9999.00 -9999.00 -9999.00 -9999.00 -9999.00 -9999.00 -9999.00 29.50 29.37 29.31 29.23 29.21 29.11 28.97 28.89 28.69 28.55 28.46 28.21 28.03 28.03 28.39 27.84 27.97 27.60 27.73 27.65 27.23 27.09 26.92 27.18 27.24 27.04 27.00 26.59 26.73 26.85 27.16 26.86 27.03 27.97 27.54 26.77 26.61 26.47 26.25 26.94 26.74 26.31 26.80 26.63 27.03 27.16 27.07 27.41 27.39 27.87 28.01 28.06 27.95 28.87 28.49 28.16 28.02 28.14
-9999.00 -9999.00 -9999.00 -9999.00 -9999.00 -9999.00 -9999.00 -9999.00 -9999.00 -9999.00 -9999.00 -9999.00 29.56 29.42 29.32 29.30 29.18 29.11 29.01 28.86 28.74 28.62 28.51 28.28 28.09 27.86 27.80 27.84 28.10 27.69 27.70 27.21 27.08 27.30 27.00 26.83 26.92 27.40 26.84 26.91 26.44 26.68 26.49 26.42 26.94 26.78 26.94 27.78 27.06 26.50 26.38 26.09 26.61 26.33 26.00 26.19 26.53 27.19 26.49 26.66 27.02 27.44 27.58 27.19 27.62 27.92 28.81 27.96 27.63 28.13 28.66
-9999.00 -9999.00 -9999.00 -9999.00 -9999.00 -9999.00 -9999.00 -9999.00 -9999.00 -9999.00 -9999.00 -9999.00 29.55 29.44 29.30 29.27 29.12 28.98 28.87 28.69 28.66 28.52 28.38 28.26 28.03 27.99 27.68 27.59 27.44 28.05 27.31 27.28 27.00 27.12 26.90 26.70 26.77 27.17 26.54 26.45 26.17 26.49 26.34 26.38 26.72 26.25 26.64 27.57 26.92 26.12 26.42 25.85 26.20 26.42 25.83 25.89 26.48 26.74 26.17 26.34 26.94 27.44 27.02 27.10 27.28 28.33 28.49 27.39 27.38 28.04 28.16
-9999.00 -9999.00 -9999.00 -9999.00 -9999.00 -9999.00 -9999.00 -9999.00 -9999.00 -9999.00 -9999.00 29.58 29.48 29.41 29.25 29.08 29.03 29.02 28.80 28.69 28.54 28.56 28.26 28.15 28.20 27.88 27.80 27.49 27.36 27.60 27.66 26.97 26.86 26.82 26.93 26.80 26.51 27.15 26.37 26.11 26.27 26.31 26.06 26.24 26.54 26.33 26.75 27.04 27.27 26.39 26.22 25.94 25.99 25.93 25.82 25.64 26.33 26.60 25.94 26.03 26.68 27.07 26.46 26.89 27.61 28.56 27.82 27.19 27.50 27.87 27.74
-9999.00 -9999.00 -9999.00 -9999.00 -9999.00 -9999.00 -9999.00 -9999.00 -9999.00 -9999.00 29.59 29.57 29.52 29.43 29.21 29.07 28.94 28.79 28.82 28.57 28.40 28.39 28.21 28.13 27.97 28.00 27.62 27.54 27.26 27.09 27.70 26.93 26.71 26.65 26.86 26.68 26.30 26.87 26.25 25.86 26.05 25.86 25.86 26.00 26.42 26.14 26.31 26.45 27.15 26.85 25.89 25.75 25.49 25.49 25.55 25.61 26.33 25.78 25.65 26.24 26.49 26.76 26.49 27.08 27.83 27.98 27.26 27.58 27.70 27.59 27.93
-9999.00 -9999.00 -9999.00 -9999.00 -9999.00 -9999.00 -9999.00 -9999.00 -9999.00 -9999.00 29.59 29.50 29.39 29.38 29.22 29.16 28.87 28.74 28.64 28.56 28.53 28.22 28.07 28.04 27.93 27.76 27.77 27.55 27.31 27.02 27.14 27.15 26.53 26.42 26.73 26.22 26.02 26.60 26.35 25.70 25.64 25.77 25.65 25.74 26.01 25.90 25.95 25.94 26.76 27.02 25.78 25.82 25.18 25.27 25.25 25.51 25.92 25.38 25.47 25.85 26.35 26.48 26.90 27.74 27.61 27.25 27.28 27.27 27.41 27.77 28.02
-9999.00 -9999.00 -9999.00 -9999.00 -9999.00 -9999.00 -9999.00 -9999.00 -9999.00 29.61 29.55 29.41 29.32 29.25 29.20 29.04 28.94 28.99 28.64 28.50 28.35 28.20 28.21 27.92 27.84 27.75 27.51 27.39 27.19 26.98 26.79 27.37 26.61 26.30 26.20 26.13 25.81 26.07 26.34 25.68 25.51 25.45 25.36 25.64 25.89 25.36 25.46 25.58 26.27 27.15 25.96 25.47 25.29 25.07 25.09 25.51 25.62 25.18 25.21 25.77 26.06 26.34 27.16 27.92 26.84 27.03 27.17 27.09 27.28 27.83 27.76
-9999.00 -9999.00 -9999.00 -9999.00 -9999.00 -9999.00 -9999.00 -9999.00 -9999.00 29.61 29.54 29.40 29.30 29.21 29.09 29.01 28.88 28.77 28.66 28.67 28.32 28.16 27.93 27.88 27.80 27.57 27.35 27.33 27.07 26.86 26.64 26.59 26.84 26.93 26.57 25.94 25.84 25.86 26.55 25.71 25.42 25.14 24.96 25.37 25.50 25.02 25.23 25.49 26.09 27.10 26.12 25.16 25.05 24.88 24.89 25.63 25.25 24.93 25.09 25.48 25.76 26.16 26.39 27.63 26.59 26.80 26.72 27.18 27.35 27.41 27.38
-9999.00 -9999.00 -9999.00 -9999.00 -9999.00 -9999.00 -9999.00 -9999.00 -9999.00 29.55 29.46 29.35 29.28 29.17 29.06 28.93 28.84 28.75 28.65 28.61 28.38 28.35 28.04 27.79 27.70 27.64 27.50 27.20 27.02 26.73 26.56 26.45 26.38 26.12 26.46 26.17 25.77 25.63 26.06 26.21 25.50 25.15 25.11 25.06 24.98 24.89 25.21 24.94 25.29 27.02 26.31 25.26 24.88 24.69 24.89 25.19 25.20 24.82 25.01 25.34 25.72 26.03 27.18 27.30 26.42 26.53 26.61 27.26 26.84 26.77 26.70
-9999.00 -9999.00 -9999.00 -9999.00 -9999.00 -9999.00 -9999.00 -9999.00 29.60 29.51 29.44 29.36 29.28 29.11 28.97 28.87 28.78 28.73 28.62 28.46 28.38 28.23 28.04 27.92 27.67 27.63 27.32 27.18 27.16 26.90 26.48 26.31 26.28 26.11 25.70 26.53 25.69 25.52 25.41 25.58 25.50 25.13 24.81 24.84 24.64 24.82 25.10 24.87 24.83 26.06 26.54 25.31 24.55 24.38 24.82 24.98 24.98 24.66 24.81 25.21 25.50 26.54 26.91 26.85 26.13 26.26 26.44 26.51 26.67 26.35 26.66
-9999.00 -9999.00 -9999.00 -9999.00 -9999.00 -9999.00 -9999.00 -9999.00 29.56 29.48 29.39 29.26 29.20 29.06 28.92 28.81 28.72 28.72 28.60 28.48 28.31 28.07 28.18 27.78 27.70 27.57 27.25 27.28 26.84 26.69 26.78 26.28 26.08 25.81 25.63 26.03 25.85 25.47 25.11 25.51 25.27 24.99 24.30 24.35 24.34 24.73 24.63 24.59 24.64 25.77 26.51 25.90 24.94 24.17 24.74 24.79 24.76 24.41 24.73 25.15 25.43 26.77 26.43 26.24 25.85 26.20 26.17 26.12 26.50 26.23 26.57
-9999.00 -9999.00 -9999.00 -9999.00 -9999.00 -9999.00 -9999.00 29.64 29.56 29.45 29.35 29.21 29.11 29.02 28.89 28.77 28.69 28.64 28.54 28.39 28.24 28.03 27.81 27.66 27.54 27.35 27.26 27.08 26.88 26.65 26.54 26.20 26.04 25.71 25.46 25.31 25.99 25.26 25.13 24.93 25.50 24.85 24.05 23.81 24.06 24.61 24.36 24.27 24.43 24.76 25.99 26.31 25.29 24.29 24.35 24.42 24.65 24.19 24.68 24.72 25.56 26.65 25.62 25.57 25.72 25.98 25.63 25.88 26.18 26.09 26.60
-9999.00 -9999.00 -9999.00 -9999.00 -9999.00 -9999.00 -9999.00 29.64 29.57 29.50 29.38 29.24 29.11 29.02 28.89 28.79 28.70 28.60 28.50 28.35 28.19 27.98 27.78 27.58 27.42 27.64 27.11 26.89 26.89 26.54 26.42 26.00 25.73 25.61 25.28 25.21 25.48 25.22 24.82 24.66 25.26 24.73 24.04 23.52 23.76 24.44 24.05 23.91 24.18 24.31 25.78 25.78 24.63 24.08 23.95 24.23 24.48 24.19 24.54 24.74 25.95 26.30 25.68 25.33 25.50 25.76 25.51 25.58 26.04 26.09 26.44
-9999.00 -9999.00 -9999.00 -9999.00 -9999.00 -9999.00 -9999.00 29.63 29.53 29.39 29.28 29.26 29.10 29.00 28.89 28.85 28.74 28.58 28.45 28.31 28.12 28.03 27.76 27.55 27.45 27.23 27.47 26.99 26.71 26.47 26.47 25.98 25.67 25.41 25.32 25.05 25.27 25.25 24.66 24.18 25.24 24.75 23.87 23.34 24.07 23.91 23.77 23.72 23.88 24.28 25.30 26.15 24.69 23.62 23.94 24.23 24.26 23.83 24.31 24.93 26.29 25.15 25.39 24.86 25.14 25.07 25.32 25.75 26.03 26.34 27.01
-9999.00 -9999.00 -9999.00 -9999.00 -9999.00 -9999.00 29.66 29.62 29.52 29.36 29.28 29.16 29.15 28.99 28.90 28.83 28.73 28.60 28.45 28.31 28.08 27.93 27.80 27.64 27.46 27.23 27.06 27.16 27.12 26.44 26.16 25.92 25.96 25.62 25.21 24.96 25.36 24.77 24.74 24.43 24.84 24.31 23.77 23.39 23.76 23.92 23.46 23.64 23.44 24.52 25.50 26.01 24.52 23.61 23.88 23.66 23.81 23.88 24.37 24.87 25.81 24.74 24.90 24.56 24.35 24.58 25.07 25.53 26.18 26.62 26.89
-9999.00 -9999.00 -9999.00 -9999.00 -9999.00 29.68 29.67 29.60 29.48 29.35 29.29 29.16 29.07 28.99 28.91 28.85 28.72 28.60 28.46 28.28 28.10 27.94 27.80 27.63 27.44 27.20 27.11 26.78 26.59 26.73 26.57 26.15 25.66 25.39 25.30 24.96 25.17 24.95 24.40 24.31 24.02 24.38 24.12 23.68 23.50 23.74 23.20 23.03 23.39 24.51 25.20 25.70 24.62 23.54 23.55 23.63 23.42 23.73 24.14 25.51 24.90 24.44 24.49 24.07 24.47 24.96 24.99 25.41 25.55 26.09 26.44
-9999.00 -9999.00 -9999.00 -9999.00 -9999.00 29.69 29.67 29.56 29.45 29.34 29.30 29.21 29.11 29.01 28.92 28.83 28.69 28.59 28.45 28.31 28.18 28.00 27.82 27.60 27.40 27.19 26.98 26.71 26.52 26.47 25.99 25.74 26.17 25.93 25.36 24.87 24.75 24.94 24.58 24.03 23.82 23.54 23.92 23.65 23.65 23.08 23.01 22.71 23.23 24.10 24.10 25.03 24.91 23.80 23.34 23.48 23.12 23.80 25.11 24.90 23.92 23.90 24.13 24.04 24.50 24.53 25.05 24.86 24.95 26.05 26.09
-9999.00 -9999.00 -9999.00 -9999.00 29.70 29.69 29.67 29.60 29.53 29.42 29.37 29.35 29.27 29.05 28.97 28.88 28.72 28.59 28.46 28.30 28.14 27.96 27.76 27.58 27.39 27.12 26.89 26.65 26.41 26.17 26.27 25.64 25.30 25.64 25.52 25.45 24.95 24.46 24.62 24.49 24.24 23.63 23.28 23.70 23.10 22.89 23.10 22.51 23.31 23.92 23.48 24.86 24.92 23.58 23.19 23.10 22.95 24.11 25.22 23.57 23.48 23.66 23.78 24.17 24.16 24.57 24.23 24.34 24.78 25.41 25.87
-9999.00 -9999.00 -9999.00 -9999.00 29.71 29.70 29.68 29.56 29.47 29.37 29.37 29.23 29.14 29.18 29.10 28.89 28.71 28.57 28.44 28.32 28.13 28.02 27.79 27.55 27.35 27.14 26.93 26.77 26.45 26.04 25.82 25.82 25.60 24.94 25.00 24.36 25.03 24.59 23.97 24.03 23.56 23.83 23.17 23.09 23.15 22.62 22.56 22.35 22.95 23.26 23.02 24.05 25.35 24.03 22.84 22.74 23.30 23.39 24.98 23.26 23.18 23.26 23.58 23.98 24.07 24.41 24.32 24.73 24.99 26.02 26.67
-9999.00 -9999.00 -9999.00 -9999.00 29.72 29.71 29.66 29.52 29.50 29.38 29.28 29.25 29.11 29.01 28.91 28.84 28.69 28.65 28.50 28.47 28.45 28.01 27.78 27.56 27.35 27.14 26.89 26.60 26.29 26.36 26.18 25.69 25.24 24.91 25.03 24.42 24.16 24.99 24.14 23.59 23.77 23.47 23.04 22.66 23.20 22.62 22.41 22.23 22.76 23.08 22.70 23.99 25.15 23.90 22.67 23.15 22.85 23.13 24.50 23.01 22.75 22.55 23.27 23.71 24.38 24.82 25.06 25.25 26.06 27.00 27.65
-9999.00 -9999.00 -9999.00 -9999.00 29.73 29.71 29.58 29.50 29.42 29.38 29.29 29.18 29.09 29.04 28.96 28.83 28.72 28.60 28.46 28.30 28.14 28.16 28.08 27.62 27.34 27.13 26.79 26.53 26.29 25.92 25.68 25.37 25.44 25.00 24.49 24.50 24.08 23.99 24.01 24.12 23.20 23.20 23.02 22.56 22.66 22.38 22.07 22.22 23.00 22.91 22.48 23.73 25.00 23.58 22.60 22.55 22.63 22.99 24.02 22.60 22.32 22.52 22.86 23.53 24.18 24.56 24.70 25.73 27.12 27.68 27.95
-9999.00 -9999.00 -9999.00 -9999.00 29.73 29.66 29.56 29.45 29.39 29.31 29.26 29.23 29.14 28.99 28.92 28.82 28.69 28.56 28.45 28.29 28.20 27.96 27.75 27.53 27.73 27.57 27.28 26.71 26.28 25.92 25.54 25.16 24.98 24.79 24.94 24.04 23.64 23.28 23.27 23.92 23.95 23.09 22.82 22.36 22.32 22.19 22.05 21.86 22.47 22.53 22.83 24.10 24.48 23.17 22.34 22.22 22.23 22.78 24.35 22.41 22.43 22.45 22.58 23.05 23.35 24.08 24.81 25.55 26.32 27.49 27.81
-9999.00 -9999.00 -9999.00 -9999.00 29.73 29.66 29.53 29.42 29.36 29.30 29.21 29.12 29.09 29.03 28.92 28.82 28.78 28.63 28.48 28.33 28.11 27.94 27.80 27.64 27.38 27.15 26.82 27.11 27.12 26.41 26.01 25.40 24.87 24.57 24.19 24.31 23.99 23.17 23.12 23.34 23.16 23.22 22.49 22.15 22.06 22.47 21.79 21.67 22.10 21.98 22.73 23.51 24.59 23.25 22.00 21.88 21.89 22.49 23.80 22.43 22.16 22.16 22.38 23.27 23.32 23.91 25.45 26.66 27.47 27.67 27.30
-9999.00 -9999.00 -9999.00 -9999.00 29.74 29.66 29.53 29.39 29.28 29.23 29.17 29.09 29.02 28.97 28.89 28.76 28.68 28.56 28.40 28.30 28.06 27.88 27.62 27.45 27.26 27.03 26.84 26.43 26.16 26.21 26.36 26.54 26.35 25.75 25.17 24.42 24.18 23.59 23.20 22.73 23.16 22.75 22.70 21.98 21.78 21.72 21.73 21.54 21.83 21.62 22.57 23.62 24.48 23.04 21.91 21.78 21.71 21.85 22.52 22.09 22.09 21.95 23.16 25.12 24.45 24.83 26.05 27.23 26.99 26.87 26.41
-9999.00 -9999.00 -9999.00 29.76 29.73 29.65 29.46 29.34 29.27 29.13 29.12 29.04 28.97 28.93 28.83 28.76 28.64 28.52 28.35 28.18 28.05 27.81 27.52 27.28 27.05 26.93 26.84 26.65 26.18 25.75 25.54 25.09 25.15 25.17 25.30 25.74 25.14 25.15 24.62 23.68 22.44 22.39 22.80 22.15 21.57 21.48 21.98 21.44 21.14 21.14 21.79 22.96 24.38 22.83 21.52 21.39 21.32 21.99 22.12 21.58 21.83 22.03 23.21 25.01 25.91 26.50 26.85 26.87 25.79 25.24 25.24
-9999.00 -9999.00 -9999.00 29.76 29.71 29.63 29.51 29.37 29.21 29.13 29.04 29.03 28.94 28.84 28.80 28.71 28.61 28.46 28.31 28.09 27.92 27.75 27.49 27.15 26.96 26.78 26.66 26.23 26.33 25.64 25.37 25.05 24.60 24.26 24.04 25.14 25.13 23.52 23.44 23.91 22.84 22.20 22.02 22.34 22.01 21.25 21.23 21.21 20.91 21.09 22.20 23.82 23.26 22.46 21.34 21.07 21.20 21.50 21.79 21.04 22.10 23.51 24.88 25.59 26.12 25.41 26.46 27.01 25.52 24.44 24.70
-9999.00 -9999.00 29.75 29.73 29.70 29.62 29.52 29.41 29.26 29.13 29.04 28.98 28.91 28.84 28.75 28.67 28.55 28.41 28.23 28.02 27.88 27.63 27.45 27.32 27.08 26.78 26.43 26.13 25.85 25.68 25.55 25.36 24.68 24.22 23.78 23.56 24.35 24.38 22.74 22.88 23.43 22.14 21.87 21.98 21.50 21.27 21.03 21.22 20.68 20.90 21.93 23.33 23.69 22.17 20.89 20.76 20.93 21.00 21.39 20.78 22.66 24.50 25.05 25.14 24.99 24.78 26.36 26.89 25.30 24.23 24.28
-9999.00 -9999.00 -9999.00 29.74 29.68 29.60 29.49 29.42 29.30 29.10 29.03 28.97 28.91 28.82 28.73 28.65 28.55 28.41 28.29 27.99 27.81 27.62 27.42 27.19 26.95 26.69 26.41 26.03 25.73 25.44 25.34 24.82 24.79 24.40 23.75 23.29 23.43 24.01 23.23 22.24 22.98 23.01 22.21 21.33 21.42 21.01 20.80 20.76 20.42 21.04 22.36 23.93 22.54 22.26 20.72 20.29 20.20 20.36 20.76 20.14 21.47 22.00 22.68 23.07 24.46 26.12 26.62 26.61 25.41 24.02 23.84
-9999.00 -9999.00 29.77 29.76 29.74 29.63 29.54 29.43 29.25 29.08 29.00 28.95 28.90 28.82 28.72 28.64 28.54 28.37 28.19 27.99 27.83 27.66 27.50 27.23 26.96 26.66 26.29 26.38 25.81 25.34 25.04 24.71 24.42 24.21 23.95 23.39 23.02 23.82 23.50 22.60 21.89 21.97 22.39 22.14 21.30 21.18 20.52 20.36 20.15 20.99 22.29 23.52 22.23 21.66 20.54 19.46 19.12 19.70 19.75 20.25 21.40 20.91 21.93 23.42 25.09 26.40 25.25 25.23 24.72 23.47 23.82
-9999.00 -9999.00 29.77 29.77 29.76 29.71 29.59 29.50 29.37 29.14 29.06 29.00 28.92 28.82 28.71 28.60 28.52 28.38 28.20 28.03 27.90 27.70 27.53 27.14 26.90 26.58 26.34 25.99 25.64 25.59 25.48 24.68 24.31 24.02 23.70 23.31 22.95 22.64 23.29 22.04 21.77 21.51 21.81 21.50 21.56 21.10 20.69 20.08 19.89 20.52 21.85 23.22 23.44 21.48 20.70 19.51 18.85 18.76 19.27 19.79 20.68 20.79 22.04 23.76 25.14 26.18 25.28 23.92 23.50 23.44 23.93
-9999.00 -9999.00 29.77 29.77 29.75 29.72 29.62 29.47 29.38 29.23 29.14 29.05 28.96 28.87 28.82 28.68 28.56 28.43 28.23 28.05 27.86 27.63 27.39 27.09 27.01 26.71 26.45 26.07 25.77 25.33 24.99 24.65 24.61 24.22 23.62 23.17 22.82 22.48 22.74 22.99 21.98 21.45 21.13 20.78 21.29 20.60 20.62 19.86 19.46 20.08 21.34 22.53 23.09 21.96 20.01 19.70 18.80 18.92 19.34 20.18 20.86 21.20 22.66 24.02 25.21 25.81 25.24 24.00 23.54 24.83 25.37
