maui/input/air_temperature_monthly/tmaxfeb_250m_maui.asc
ncols        356
nrows        236
xllcorner    -156.702000000000
yllcorner    20.529750000000
cellsize     0.002250000000
NODATA_value  -99.00
[rows 192 to 223 of 236, columns 142 to 212 of 356]
22.96 22.79 22.71 22.60 22.49 22.41 22.39 22.33 22.25 22.12 22.06 22.00 22.01 21.91 21.86 21.86 21.87 21.86 21.90 21.94 21.99 21.99 22.00 21.99 22.10 22.13 22.14 22.22 22.26 22.32 22.41 22.33 22.27 22.23 22.24 22.24 22.22 22.27 22.27 22.26 22.39 22.53 22.61 22.65 22.72 22.79 22.86 22.98 23.05 23.16 23.23 23.31 23.44 23.58 23.76 23.86 23.97 23.96 24.02 24.09 24.24 24.24 24.34 24.42 24.47 24.60 24.67 24.83 25.00 25.20 25.31
23.10 23.05 22.99 22.91 22.81 22.75 22.68 22.64 22.56 22.41 22.33 22.32 22.24 22.17 22.12 22.17 22.16 22.13 22.17 22.22 22.24 22.23 22.28 22.31 22.41 22.40 22.51 22.54 22.71 22.75 22.61 22.51 22.43 22.40 22.42 22.47 22.51 22.49 22.55 22.57 22.63 22.77 22.85 22.89 22.97 23.00 23.06 23.22 23.31 23.44 23.46 23.59 23.66 23.82 23.97 24.10 24.29 24.25 24.32 24.37 24.47 24.55 24.60 24.69 24.73 24.85 24.98 25.17 25.28 25.42 26.04
23.30 23.27 23.27 23.25 23.12 23.01 22.96 22.89 22.80 22.70 22.62 22.56 22.49 22.38 22.33 22.35 22.37 22.41 22.44 22.49 22.55 22.52 22.59 22.56 22.68 22.70 22.72 22.81 22.85 22.82 22.77 22.68 22.52 22.47 22.48 22.56 22.69 22.72 22.78 22.83 22.90 23.04 23.12 23.14 23.21 23.26 23.30 23.43 23.63 23.63 23.72 23.84 23.91 24.02 24.15 24.31 24.43 24.71 24.61 24.65 24.69 24.83 24.90 24.90 25.00 25.08 25.32 25.41 25.57 25.72 25.86
23.48 23.51 23.51 23.47 23.36 23.27 23.20 23.13 23.08 22.93 22.87 22.78 22.73 22.66 22.53 22.57 22.58 22.70 22.70 22.72 22.83 22.80 22.85 22.86 22.87 22.89 22.97 22.96 22.94 22.92 22.89 22.47 22.37 22.50 22.26 22.74 22.82 22.89 22.99 23.08 23.14 23.27 23.39 23.43 23.46 23.52 23.55 23.64 23.81 23.97 23.96 24.01 24.10 24.23 24.36 24.50 24.65 24.79 24.85 24.88 24.96 25.17 25.17 25.15 25.28 25.36 25.46 25.71 25.80 25.91 26.03
23.74 23.71 23.72 23.66 23.62 23.60 23.49 23.40 23.32 23.21 23.11 23.03 22.98 22.93 22.84 22.81 22.87 22.87 22.97 23.00 23.11 23.15 23.11 23.14 23.15 23.13 23.16 23.16 23.10 23.10 23.09 22.54 22.79 22.59 22.91 23.07 23.18 23.16 23.21 23.30 23.34 23.50 23.57 23.65 23.72 23.76 23.77 23.88 24.03 24.15 24.24 24.25 24.34 24.45 24.57 24.73 24.86 25.05 25.15 25.20 25.26 25.30 25.46 25.46 25.51 25.65 25.75 25.91 26.00 26.07 26.24
23.86 23.88 23.86 23.82 23.78 23.79 23.74 23.67 23.55 23.40 23.31 23.24 23.20 23.13 23.08 23.05 23.11 23.21 23.23 23.30 23.34 23.40 23.35 23.35 23.34 23.43 23.43 23.41 23.38 23.41 23.54 23.38 23.19 23.16 23.28 23.31 23.35 23.45 23.48 23.60 23.65 23.75 23.79 23.92 23.95 24.04 24.06 24.06 24.26 24.38 24.50 24.55 24.59 24.69 24.85 25.03 25.18 25.29 25.52 25.45 25.46 25.51 25.67 25.73 25.73 25.89 25.95 26.07 26.20 26.31 -9999.00
24.10 24.08 24.01 24.01 23.95 23.95 23.91 23.82 23.76 23.66 23.58 23.46 23.46 23.38 23.33 23.37 23.51 23.54 23.53 23.49 23.56 23.59 23.60 23.62 23.65 23.65 23.66 23.68 23.63 23.67 23.70 23.59 23.50 23.00 23.46 23.53 23.59 23.68 23.74 23.83 23.88 23.95 24.00 24.09 24.22 24.25 24.35 24.36 24.51 24.59 24.77 24.77 24.88 24.96 25.08 25.25 25.40 25.48 25.59 25.69 25.72 25.77 25.89 25.94 25.96 26.07 26.19 26.25 26.39 -9999.00 -9999.00
24.30 24.25 24.18 24.15 23.99 23.60 23.89 24.03 23.99 23.92 23.79 23.73 23.69 23.67 23.66 23.77 23.80 23.78 23.82 23.81 23.81 23.81 23.80 23.79 23.82 23.82 23.86 23.85 23.80 23.86 23.84 23.76 23.55 23.46 23.40 23.86 23.89 23.91 23.96 24.07 24.12 24.20 24.18 24.28 24.40 24.55 24.58 24.61 24.76 24.88 25.03 25.09 25.14 25.20 25.31 25.47 25.59 25.65 25.74 25.85 25.97 26.07 26.13 26.19 26.25 26.30 26.45 -9999.00 -9999.00 -9999.00 -9999.00
24.44 24.36 24.31 24.24 23.90 23.94 24.11 24.19 24.17 24.12 24.00 24.00 23.97 23.96 23.99 23.99 24.04 24.05 24.07 24.06 24.07 24.04 23.97 24.05 24.03 23.98 24.04 23.99 23.99 24.04 23.99 24.02 23.95 23.78 23.81 24.16 24.17 24.18 24.24 24.30 24.39 24.44 24.45 24.58 24.61 24.71 24.86 24.98 25.09 25.14 25.28 25.32 25.39 25.42 25.52 25.62 25.76 25.90 25.96 25.99 26.09 26.28 26.35 -9999.00 -9999.00 -9999.00 -9999.00 -9999.00 -9999.00 -9999.00 -9999.00
24.58 24.53 24.49 24.49 24.44 24.25 24.21 24.29 24.37 24.28 24.19 24.22 24.21 24.20 24.21 24.20 24.20 24.24 24.26 24.25 24.26 24.26 24.18 24.14 24.16 24.18 24.22 24.20 24.18 24.20 24.22 24.23 24.11 24.03 24.09 24.31 24.38 24.41 24.45 24.48 24.57 24.67 24.71 24.77 24.84 24.98 25.09 25.21 25.32 25.39 25.48 25.53 25.60 25.67 25.73 25.87 25.89 26.07 26.18 26.21 26.31 -9999.00 -9999.00 -9999.00 -9999.00 -9999.00 -9999.00 -9999.00 -9999.00 -9999.00 -9999.00
24.79 24.65 24.59 24.60 24.60 24.51 24.36 24.44 24.50 24.44 24.38 24.40 24.42 24.41 24.48 24.47 24.43 24.40 24.43 24.46 24.48 24.46 24.45 24.40 24.48 24.42 24.41 24.38 24.38 24.41 24.40 24.42 24.34 24.33 24.39 24.56 24.64 24.66 24.68 24.72 24.78 24.84 24.93 25.01 25.13 25.18 25.35 25.43 25.53 25.62 25.69 25.69 25.75 25.85 25.93 26.02 26.12 26.25 26.36 26.45 -9999.00 -9999.00 -9999.00 -9999.00 -9999.00 -9999.00 -9999.00 -9999.00 -9999.00 -9999.00 -9999.00
24.95 24.86 24.82 24.81 24.75 24.64 24.51 24.51 24.49 24.61 24.57 24.62 24.64 24.62 24.64 24.69 24.66 24.62 24.68 24.69 24.67 24.69 24.70 24.71 24.60 24.61 24.58 24.53 24.52 24.59 24.64 24.63 24.55 24.57 24.66 24.79 24.85 24.86 24.90 24.97 25.02 25.09 25.20 25.26 25.37 25.39 25.55 25.69 25.72 25.83 25.92 25.93 25.98 26.06 26.09 26.21 26.34 -9999.00 -9999.00 -9999.00 -9999.00 -9999.00 -9999.00 -9999.00 -9999.00 -9999.00 -9999.00 -9999.00 -9999.00 -9999.00 -9999.00
25.19 25.06 25.04 25.00 24.90 24.83 24.74 24.75 25.00 24.94 24.84 24.78 24.87 24.84 24.89 24.90 24.86 24.86 24.92 24.93 24.93 24.91 24.90 24.87 24.90 24.89 24.81 24.75 24.73 24.78 24.83 24.85 24.81 24.83 24.90 25.01 25.04 25.06 25.11 25.16 25.26 25.33 25.46 25.52 25.59 25.56 25.74 25.85 25.98 26.06 26.13 26.14 26.20 26.24 26.31 26.46 -9999.00 -9999.00 -9999.00 -9999.00 -9999.00 -9999.00 -9999.00 -9999.00 -9999.00 -9999.00 -9999.00 -9999.00 -9999.00 -9999.00 -9999.00
25.35 25.28 25.21 25.14 25.11 25.04 24.99 24.97 25.08 25.19 25.13 25.01 25.09 25.12 25.08 25.08 25.08 25.15 25.13 25.14 25.15 25.13 25.11 25.26 25.17 25.11 25.01 24.95 24.96 25.01 25.02 25.02 25.06 25.04 25.09 25.21 25.27 25.27 25.32 25.39 25.47 25.53 25.62 25.77 25.86 25.93 25.99 26.08 26.15 26.22 26.30 26.42 26.46 26.44 -9999.00 -9999.00 -9999.00 -9999.00 -9999.00 -9999.00 -9999.00 -9999.00 -9999.00 -9999.00 -9999.00 -9999.00 -9999.00 -9999.00 -9999.00 -9999.00 -9999.00
25.52 25.44 25.36 25.36 25.32 25.25 25.21 25.22 25.27 25.35 25.36 25.30 25.39 25.35 25.30 25.30 25.25 25.34 25.35 25.33 25.37 25.39 25.38 25.42 25.36 25.30 25.22 25.19 25.18 25.20 25.23 25.25 25.31 25.28 25.33 25.42 25.47 25.50 25.50 25.58 25.64 25.76 25.89 25.97 26.12 26.20 26.20 26.28 26.38 26.40 -9999.00 -9999.00 -9999.00 -9999.00 -9999.00 -9999.00 -9999.00 -9999.00 -9999.00 -9999.00 -9999.00 -9999.00 -9999.00 -9999.00 -9999.00 -9999.00 -9999.00 -9999.00 -9999.00 -9999.00 -9999.00
25.60 25.57 25.56 25.56 25.53 25.45 25.44 25.44 25.48 25.46 25.59 25.58 25.61 25.45 25.50 25.53 25.51 25.55 25.56 25.57 25.60 25.61 25.62 25.55 25.51 25.48 25.45 25.45 25.44 25.44 25.47 25.46 25.50 25.52 25.58 25.63 25.67 25.73 25.74 25.78 25.83 25.93 26.13 26.24 26.37 26.46 26.43 26.48 -9999.00 -9999.00 -9999.00 -9999.00 -9999.00 -9999.00 -9999.00 -9999.00 -9999.00 -9999.00 -9999.00 -9999.00 -9999.00 -9999.00 -9999.00 -9999.00 -9999.00 -9999.00 -9999.00 -9999.00 -9999.00 -9999.00 -9999.00
25.79 25.75 25.76 25.77 25.71 25.65 25.67 25.68 25.69 25.66 25.73 25.80 25.84 25.70 25.74 25.69 25.73 25.79 25.78 25.74 25.77 25.75 25.79 25.79 25.71 25.66 25.67 25.69 25.68 25.70 25.71 25.76 25.74 25.78 25.80 25.85 25.88 25.92 25.95 25.99 26.05 26.12 26.23 26.42 -9999.00 -9999.00 -9999.00 -9999.00 -9999.00 -9999.00 -9999.00 -9999.00 -9999.00 -9999.00 -9999.00 -9999.00 -9999.00 -9999.00 -9999.00 -9999.00 -9999.00 -9999.00 -9999.00 -9999.00 -9999.00 -9999.00 -9999.00 -9999.00 -9999.00 -9999.00 -9999.00
25.99 26.06 26.01 25.96 25.92 25.87 25.90 25.92 25.89 25.88 25.87 25.95 25.94 25.87 25.91 25.93 25.94 25.95 25.96 25.99 25.99 26.04 25.97 25.96 26.01 25.95 25.94 26.00 25.94 25.94 25.95 26.05 26.02 26.03 26.00 26.05 26.10 26.11 26.16 26.21 26.22 26.29 26.42 -9999.00 -9999.00 -9999.00 -9999.00 -9999.00 -9999.00 -9999.00 -9999.00 -9999.00 -9999.00 -9999.00 -9999.00 -9999.00 -9999.00 -9999.00 -9999.00 -9999.00 -9999.00 -9999.00 -9999.00 -9999.00 -9999.00 -9999.00 -9999.00 -9999.00 -9999.00 -9999.00 -9999.00
26.22 26.21 26.21 26.15 26.10 26.06 26.08 26.12 26.16 26.14 26.11 26.15 26.08 26.12 26.06 26.17 26.13 26.12 26.13 26.19 26.23 26.26 26.25 26.17 26.22 26.24 26.22 26.27 26.17 26.16 26.20 26.26 26.28 26.23 26.21 26.24 26.27 26.32 26.35 26.40 26.39 26.46 -9999.00 -9999.00 -9999.00 -9999.00 -9999.00 -9999.00 -9999.00 -9999.00 -9999.00 -9999.00 -9999.00 -9999.00 -9999.00 -9999.00 -9999.00 -9999.00 -9999.00 -9999.00 -9999.00 -9999.00 -9999.00 -9999.00 -9999.00 -9999.00 -9999.00 -9999.00 -9999.00 -9999.00 -9999.00
26.36 26.35 26.32 26.29 26.25 26.21 26.21 26.26 26.27 26.28 26.26 26.25 26.30 26.32 26.36 26.37 26.36 26.40 26.33 26.33 26.39 26.44 26.46 26.41 26.41 26.43 26.46 26.50 26.46 26.39 26.43 26.44 26.44 26.40 26.38 26.40 26.43 26.44 26.49 26.48 26.51 -9999.00 -9999.00 -9999.00 -9999.00 -9999.00 -9999.00 -9999.00 -9999.00 -9999.00 -9999.00 -9999.00 -9999.00 -9999.00 -9999.00 -9999.00 -9999.00 -9999.00 -9999.00 -9999.00 -9999.00 -9999.00 -9999.00 -9999.00 -9999.00 -9999.00 -9999.00 -9999.00 -9999.00 -9999.00 -9999.00
26.44 26.40 26.36 26.36 26.31 26.31 26.29 26.35 26.33 26.33 26.31 26.29 26.35 26.44 26.45 26.54 26.53 26.53 26.47 26.41 26.47 26.52 -9999.00 -9999.00 -9999.00 -9999.00 -9999.00 -9999.00 -9999.00 -9999.00 -9999.00 -9999.00 26.51 26.51 26.51 26.52 26.51 -9999.00 -9999.00 -9999.00 -9999.00 -9999.00 -9999.00 -9999.00 -9999.00 -9999.00 -9999.00 -9999.00 -9999.00 -9999.00 -9999.00 -9999.00 -9999.00 -9999.00 -9999.00 -9999.00 -9999.00 -9999.00 -9999.00 -9999.00 -9999.00 -9999.00 -9999.00 -9999.00 -9999.00 -9999.00 -9999.00 -9999.00 -9999.00 -9999.00 -9999.00
26.48 26.43 26.41 26.39 26.36 26.35 26.38 26.40 26.40 26.42 26.37 26.38 26.55 26.54 -9999.00 -9999.00 -9999.00 -9999.00 26.53 26.53 -9999.00 -9999.00 -9999.00 -9999.00 -9999.00 -9999.00 -9999.00 -9999.00 -9999.00 -9999.00 -9999.00 -9999.00 -9999.00 -9999.00 -9999.00 -9999.00 -9999.00 -9999.00 -9999.00 -9999.00 -9999.00 -9999.00 -9999.00 -9999.00 -9999.00 -9999.00 -9999.00 -9999.00 -9999.00 -9999.00 -9999.00 -9999.00 -9999.00 -9999.00 -9999.00 -9999.00 -9999.00 -9999.00 -9999.00 -9999.00 -9999.00 -9999.00 -9999.00 -9999.00 -9999.00 -9999.00 -9999.00 -9999.00 -9999.00 -9999.00 -9999.00
26.58 26.53 26.46 26.43 26.43 26.44 26.45 26.44 26.48 26.54 26.49 -9999.00 -9999.00 -9999.00 -9999.00 -9999.00 -9999.00 -9999.00 -9999.00 -9999.00 -9999.00 -9999.00 -9999.00 -9999.00 -9999.00 -9999.00 -9999.00 -9999.00 -9999.00 -9999.00 -9999.00 -9999.00 -9999.00 -9999.00 -9999.00 -9999.00 -9999.00 -9999.00 -9999.00 -9999.00 -9999.00 -9999.00 -9999.00 -9999.00 -9999.00 -9999.00 -9999.00 -9999.00 -9999.00 -9999.00 -9999.00 -9999.00 -9999.00 -9999.00 -9999.00 -9999.00 -9999.00 -9999.00 -9999.00 -9999.00 -9999.00 -9999.00 -9999.00 -9999.00 -9999.00 -9999.00 -9999.00 -9999.00 -9999.00 -9999.00 -9999.00
-9999.00 -9999.00 26.58 26.49 26.52 26.53 26.55 -9999.00 -9999.00 -9999.00 -9999.00 -9999.00 -9999.00 -9999.00 -9999.00 -9999.00 -9999.00 -9999.00 -9999.00 -9999.00 -9999.00 -9999.00 -9999.00 -9999.00 -9999.00 -9999.00 -9999.00 -9999.00 -9999.00 -9999.00 -9999.00 -9999.00 -9999.00 -9999.00 -9999.00 -9999.00 -9999.00 -9999.00 -9999.00 -9999.00 -9999.00 -9999.00 -9999.00 -9999.00 -9999.00 -9999.00 -9999.00 -9999.00 -9999.00 -9999.00 -9999.00 -9999.00 -9999.00 -9999.00 -9999.00 -9999.00 -9999.00 -9999.00 -9999.00 -9999.00 -9999.00 -9999.00 -9999.00 -9999.00 -9999.00 -9999.00 -9999.00 -9999.00 -9999.00 -9999.00 -9999.00
-9999.00 -9999.00 -9999.00 -9999.00 -9999.00 -9999.00 -9999.00 -9999.00 -9999.00 -9999.00 -9999.00 -9999.00 -9999.00 -9999.00 -9999.00 -9999.00 -9999.00 -9999.00 -9999.00 -9999.00 -9999.00 -9999.00 -9999.00 -9999.00 -9999.00 -9999.00 -9999.00 -9999.00 -9999.00 -9999.00 -9999.00 -9999.00 -9999.00 -9999.00 -9999.00 -9999.00 -9999.00 -9999.00 -9999.00 -9999.00 -9999.00 -9999.00 -9999.00 -9999.00 -9999.00 -9999.00 -9999.00 -9999.00 -9999.00 -9999.00 -9999.00 -9999.00 -9999.00 -9999.00 -9999.00 -9999.00 -9999.00 -9999.00 -9999.00 -9999.00 -9999.00 -9999.00 -9999.00 -9999.00 -9999.00 -9999.00 -9999.00 -9999.00 -9999.00 -9999.00 -9999.00
-9999.00 -9999.00 -9999.00 -9999.00 -9999.00 -9999.00 -9999.00 -9999.00 -9999.00 -9999.00 -9999.00 -9999.00 -9999.00 -9999.00 -9999.00 -9999.00 -9999.00 -9999.00 -9999.00 -9999.00 -9999.00 -9999.00 -9999.00 -9999.00 -9999.00 -9999.00 -9999.00 -9999.00 -9999.00 -9999.00 -9999.00 -9999.00 -9999.00 -9999.00 -9999.00 -9999.00 -9999.00 -9999.00 -9999.00 -9999.00 -9999.00 -9999.00 -9999.00 -9999.00 -9999.00 -9999.00 -9999.00 -9999.00 -9999.00 -9999.00 -9999.00 -9999.00 -9999.00 -9999.00 -9999.00 -9999.00 -9999.00 -9999.00 -9999.00 -9999.00 -9999.00 -9999.00 -9999.00 -9999.00 -9999.00 -9999.00 -9999.00 -9999.00 -9999.00 -9999.00 -9999.00
-9999.00 -9999.00 -9999.00 -9999.00 -9999.00 -9999.00 -9999.00 -9999.00 -9999.00 -9999.00 -9999.00 -9999.00 -9999.00 -9999.00 -9999.00 -9999.00 -9999.00 -9999.00 -9999.00 -9999.00 -9999.00 -9999.00 -9999.00 -9999.00 -9999.00 -9999.00 -9999.00 -9999.00 -9999.00 -9999.00 -9999.00 -9999.00 -9999.00 -9999.00 -9999.00 -9999.00 -9999.00 -9999.00 -9999.00 -9999.00 -9999.00 -9999.00 -9999.00 -9999.00 -9999.00 -9999.00 -9999.00 -9999.00 -9999.00 -9999.00 -9999.00 -9999.00 -9999.00 -9999.00 -9999.00 -9999.00 -9999.00 -9999.00 -9999.00 -9999.00 -9999.00 -9999.00 -9999.00 -9999.00 -9999.00 -9999.00 -9999.00 -9999.00 -9999.00 -9999.00 -9999.00
-9999.00 -9999.00 -9999.00 -9999.00 -9999.00 -9999.00 -9999.00 -9999.00 -9999.00 -9999.00 -9999.00 -9999.00 -9999.00 -9999.00 -9999.00 -9999.00 -9999.00 -9999.00 -9999.00 -9999.00 -9999.00 -9999.00 -9999.00 -9999.00 -9999.00 -9999.00 -9999.00 -9999.00 -9999.00 -9999.00 -9999.00 -9999.00 -9999.00 -9999.00 -9999.00 -9999.00 -9999.00 -9999.00 -9999.00 -9999.00 -9999.00 -9999.00 -9999.00 -9999.00 -9999.00 -9999.00 -9999.00 -9999.00 -9999.00 -9999.00 -9999.00 -9999.00 -9999.00 -9999.00 -9999.00 -9999.00 -9999.00 -9999.00 -9999.00 -9999.00 -9999.00 -9999.00 -9999.00 -9999.00 -9999.00 -9999.00 -9999.00 -9999.00 -9999.00 -9999.00 -9999.00
-9999.00 -9999.00 -9999.00 -9999.00 -9999.00 -9999.00 -9999.00 -9999.00 -9999.00 -9999.00 -9999.00 -9999.00 -9999.00 -9999.00 -9999.00 -9999.00 -9999.00 -9999.00 -9999.00 -9999.00 -9999.00 -9999.00 -9999.00 -9999.00 -9999.00 -9999.00 -9999.00 -9999.00 -9999.00 -9999.00 -9999.00 -9999.00 -9999.00 -9999.00 -9999.00 -9999.00 -9999.00 -9999.00 -9999.00 -9999.00 -9999.00 -9999.00 -9999.00 -9999.00 -9999.00 -9999.00 -9999.00 -9999.00 -9999.00 -9999.00 -9999.00 -9999.00 -9999.00 -9999.00 -9999.00 -9999.00 -9999.00 -9999.00 -9999.00 -9999.00 -9999.00 -9999.00 -9999.00 -9999.00 -9999.00 -9999.00 -9999.00 -9999.00 -9999.00 -9999.00 -9999.00
-9999.00 -9999.00 -9999.00 -9999.00 -9999.00 -9999.00 -9999.00 -9999.00 -9999.00 -9999.00 -9999.00 -9999.00 -9999.00 -9999.00 -9999.00 -9999.00 -9999.00 -9999.00 -9999.00 -9999.00 -9999.00 -9999.00 -9999.00 -9999.00 -9999.00 -9999.00 -9999.00 -9999.00 -9999.00 -9999.00 -9999.00 -9999.00 -9999.00 -9999.00 -9999.00 -9999.00 -9999.00 -9999.00 -9999.00 -9999.00 -9999.00 -9999.00 -9999.00 -9999.00 -9999.00 -9999.00 -9999.00 -9999.00 -9999.00 -9999.00 -9999.00 -9999.00 -9999.00 -9999.00 -9999.00 -9999.00 -9999.00 -9999.00 -9999.00 -9999.00 -9999.00 -9999.00 -9999.00 -9999.00 -9999.00 -9999.00 -9999.00 -9999.00 -9999.00 -9999.00 -9999.00
-9999.00 -9999.00 -9999.00 -9999.00 -9999.00 -9999.00 -9999.00 -9999.00 -9999.00 -9999.00 -9999.00 -9999.00 -9999.00 -9999.00 -9999.00 -9999.00 -9999.00 -9999.00 -9999.00 -9999.00 -9999.00 -9999.00 -9999.00 -9999.00 -9999.00 -9999.00 -9999.00 -9999.00 -9999.00 -9999.00 -9999.00 -9999.00 -9999.00 -9999.00 -9999.00 -9999.00 -9999.00 -9999.00 -9999.00 -9999.00 -9999.00 -9999.00 -9999.00 -9999.00 -9999.00 -9999.00 -9999.00 -9999.00 -9999.00 -9999.00 -9999.00 -9999.00 -9999.00 -9999.00 -9999.00 -9999.00 -9999.00 -9999.00 -9999.00 -9999.00 -9999.00 -9999.00 -9999.00 -9999.00 -9999.00 -9999.00 -9999.00 -9999.00 -9999.00 -9999.00 -9999.00
-9999.00 -9999.00 -9999.00 -9999.00 -9999.00 -9999.00 -9999.00 -9999.00 -9999.00 -9999.00 -9999.00 -9999.00 -9999.00 -9999.00 -9999.00 -9999.00 -9999.00 -9999.00 -9999.00 -9999.00 -9999.00 -9999.00 -9999.00 -9999.00 -9999.00 -9999.00 -9999.00 -9999.00 -9999.00 -9999.00 -9999.00 -9999.00 -9999.00 -9999.00 -9999.00 -9999.00 -9999.00 -9999.00 -9999.00 -9999.00 -9999.00 -9999.00 -9999.00 -9999.00 -9999.00 -9999.00 -9999.00 -9999.00 -9999.00 -9999.00 -9999.00 -9999.00 -9999.00 -9999.00 -9999.00 -9999.00 -9999.00 -9999.00 -9999.00 -9999.00 -9999.00 -9999.00 -9999.00 -9999.00 -9999.00 -9999.00 -9999.00 -9999.00 -9999.00 -9999.00 -9999.00
