maui/input/air_temperature_monthly/tmaxsep_250m_maui.asc
ncols        356
nrows        236
xllcorner    -156.702000000000
yllcorner    20.529750000000
cellsize     0.002250000000
NODATA_value  -99.00
[rows 96 to 127 of 236, columns 213 to 283 of 356]
22.47 22.45 22.70 22.64 22.72 22.78 22.91 23.04 23.05 23.27 23.87 23.81 23.96 24.33 24.41 24.72 24.92 25.25 25.44 26.38 26.85 26.21 26.22 26.12 26.33 26.35 26.37 26.65 26.74 27.24 27.72 27.84 27.99 27.90 27.96 27.98 28.04 28.42 28.60 28.63 28.69 28.75 -9999.00 -9999.00 -9999.00 -9999.00 -9999.00 -9999.00 -9999.00 -9999.00 -9999.00 -9999.00 -9999.00 -9999.00 -9999.00 -9999.00 -9999.00 -9999.00 -9999.00 -9999.00 -9999.00 -9999.00 -9999.00 -9999.00 -9999.00 -9999.00 -9999.00 -9999.00 -9999.00 -9999.00 -9999.00
22.24 22.36 22.40 22.38 22.56 22.50 22.59 22.71 22.94 23.26 23.37 23.55 23.91 24.04 24.31 24.45 24.84 24.96 25.21 25.86 26.13 25.62 25.78 25.89 26.15 26.08 26.21 26.36 26.64 26.93 27.54 27.80 27.78 27.81 27.85 27.89 27.87 28.46 28.61 28.65 28.69 28.73 -9999.00 -9999.00 -9999.00 -9999.00 -9999.00 -9999.00 -9999.00 -9999.00 -9999.00 -9999.00 -9999.00 -9999.00 -9999.00 -9999.00 -9999.00 -9999.00 -9999.00 -9999.00 -9999.00 -9999.00 -9999.00 -9999.00 -9999.00 -9999.00 -9999.00 -9999.00 -9999.00 -9999.00 -9999.00
22.23 22.16 22.17 22.25 22.33 22.26 22.41 22.75 22.84 22.94 23.13 23.37 23.49 23.69 23.92 24.13 24.41 24.70 25.15 25.83 25.58 25.47 25.47 25.61 25.67 25.84 26.01 26.12 26.59 26.86 27.35 27.72 27.68 27.75 27.75 27.79 27.81 28.14 28.52 28.61 28.56 28.63 -9999.00 -9999.00 -9999.00 -9999.00 -9999.00 -9999.00 -9999.00 -9999.00 -9999.00 -9999.00 -9999.00 -9999.00 -9999.00 -9999.00 -9999.00 -9999.00 -9999.00 -9999.00 -9999.00 -9999.00 -9999.00 -9999.00 -9999.00 -9999.00 -9999.00 -9999.00 -9999.00 -9999.00 -9999.00
21.93 22.02 22.06 22.04 22.06 22.14 22.47 22.43 22.54 22.67 22.89 22.94 23.19 23.31 23.50 23.89 24.14 24.36 25.11 26.02 24.97 25.15 25.15 25.20 25.35 25.59 26.00 26.49 26.97 27.23 27.55 27.51 27.61 27.64 27.69 27.74 27.69 27.59 28.29 28.37 27.81 27.86 28.31 -9999.00 -9999.00 -9999.00 -9999.00 -9999.00 -9999.00 -9999.00 -9999.00 -9999.00 -9999.00 -9999.00 -9999.00 -9999.00 -9999.00 -9999.00 -9999.00 -9999.00 -9999.00 -9999.00 -9999.00 -9999.00 -9999.00 -9999.00 -9999.00 -9999.00 -9999.00 -9999.00 -9999.00
21.83 21.80 21.83 21.78 21.81 21.85 22.26 22.20 22.15 22.25 22.53 22.54 22.82 22.97 23.16 23.41 23.58 24.76 25.62 24.76 24.71 24.75 24.85 24.96 25.11 25.37 26.28 26.77 27.01 27.12 27.19 27.35 27.40 27.54 27.40 27.55 27.01 26.99 27.88 27.47 27.58 27.49 28.45 28.61 27.96 -9999.00 -9999.00 -9999.00 -9999.00 -9999.00 -9999.00 -9999.00 -9999.00 -9999.00 -9999.00 -9999.00 -9999.00 -9999.00 -9999.00 -9999.00 -9999.00 -9999.00 -9999.00 -9999.00 -9999.00 -9999.00 -9999.00 -9999.00 -9999.00 -9999.00 -9999.00
21.61 21.67 21.53 21.61 21.63 21.85 21.77 21.85 21.96 22.00 22.19 22.21 22.36 22.58 22.85 23.14 23.82 24.19 24.03 24.22 24.46 24.52 24.86 25.33 25.57 25.52 26.27 26.79 26.83 26.93 27.04 27.19 27.26 27.40 26.85 26.67 26.67 27.37 26.99 27.20 27.42 27.47 27.61 28.24 27.79 27.92 -9999.00 -9999.00 -9999.00 -9999.00 -9999.00 -9999.00 -9999.00 -9999.00 -9999.00 -9999.00 -9999.00 -9999.00 -9999.00 -9999.00 -9999.00 -9999.00 -9999.00 -9999.00 -9999.00 -9999.00 -9999.00 -9999.00 -9999.00 -9999.00 -9999.00
21.41 21.62 21.44 21.51 21.58 21.52 21.57 21.58 21.68 21.68 21.71 21.82 22.06 22.29 22.48 23.07 23.10 23.38 23.64 23.87 24.07 24.76 25.83 25.70 26.05 26.18 26.37 26.51 26.62 26.75 26.87 27.03 27.05 26.94 26.32 26.40 26.45 26.82 26.69 26.99 27.01 27.12 27.36 27.45 27.53 28.34 27.98 -9999.00 -9999.00 -9999.00 -9999.00 -9999.00 -9999.00 -9999.00 -9999.00 -9999.00 -9999.00 -9999.00 -9999.00 -9999.00 -9999.00 -9999.00 -9999.00 -9999.00 -9999.00 -9999.00 -9999.00 -9999.00 -9999.00 -9999.00 -9999.00
21.33 21.37 21.34 21.63 21.34 21.45 21.43 21.46 21.46 21.55 21.42 21.53 21.67 21.89 22.26 22.44 22.62 22.92 23.16 23.56 24.41 25.01 25.27 25.47 25.71 25.99 26.16 26.31 26.42 26.25 26.71 26.75 26.31 26.04 26.05 26.15 26.39 26.42 26.54 26.88 26.78 26.90 27.36 27.36 27.46 27.59 27.85 -9999.00 -9999.00 -9999.00 -9999.00 -9999.00 -9999.00 -9999.00 -9999.00 -9999.00 -9999.00 -9999.00 -9999.00 -9999.00 -9999.00 -9999.00 -9999.00 -9999.00 -9999.00 -9999.00 -9999.00 -9999.00 -9999.00 -9999.00 -9999.00
21.25 21.18 21.29 21.40 21.29 21.20 21.17 21.22 21.16 21.13 21.17 21.29 21.51 21.59 21.83 21.86 22.10 22.43 22.75 23.48 24.48 24.71 24.93 25.20 25.50 25.79 25.96 26.10 25.83 25.60 26.07 25.78 25.52 25.62 25.76 26.03 26.08 26.24 26.36 26.49 26.54 27.05 26.84 27.11 27.23 27.65 28.21 -9999.00 -9999.00 -9999.00 -9999.00 -9999.00 -9999.00 -9999.00 -9999.00 -9999.00 28.78 28.73 28.75 28.78 28.82 -9999.00 -9999.00 -9999.00 -9999.00 -9999.00 -9999.00 -9999.00 -9999.00 -9999.00 -9999.00
21.01 21.02 21.08 21.05 21.06 21.05 21.24 21.05 21.14 20.95 21.03 21.33 21.20 21.42 21.49 21.60 21.74 21.94 22.29 23.43 24.09 24.33 24.55 24.81 25.20 25.65 25.79 25.64 24.90 25.16 24.97 25.03 25.19 25.32 25.51 25.66 25.84 25.88 26.22 26.22 26.51 26.71 26.80 26.95 27.01 27.31 27.59 27.96 28.15 27.76 27.98 -9999.00 27.95 28.47 28.16 28.23 28.47 28.49 28.55 28.59 28.64 28.61 28.72 -9999.00 -9999.00 -9999.00 -9999.00 -9999.00 -9999.00 -9999.00 -9999.00
20.77 20.77 20.91 20.89 20.94 21.00 20.90 20.93 20.85 20.83 21.05 20.93 20.95 21.13 21.20 21.34 21.45 21.88 22.75 23.40 23.69 23.91 24.14 24.21 25.26 25.47 25.50 24.87 24.51 24.54 24.60 24.72 24.91 25.08 25.15 25.40 25.64 25.84 25.75 26.01 26.12 26.29 26.33 26.47 26.82 26.77 27.01 27.57 27.80 27.60 27.81 27.81 27.70 28.14 27.91 28.09 28.09 28.23 28.26 28.37 28.44 28.42 28.55 28.59 28.68 -9999.00 -9999.00 -9999.00 -9999.00 -9999.00 -9999.00
20.56 20.63 20.85 20.86 20.69 20.95 20.77 20.70 20.64 20.74 20.68 20.75 20.89 21.02 21.05 21.34 22.23 22.70 22.80 23.05 23.30 23.50 23.44 24.28 24.70 25.14 25.04 24.31 24.08 24.12 24.20 24.43 24.68 24.74 24.87 25.07 25.27 25.38 25.75 25.65 25.85 25.91 26.01 26.21 26.25 26.41 26.77 27.12 27.22 27.24 27.35 27.32 27.48 27.50 27.67 27.78 27.94 27.93 28.05 28.09 28.14 28.26 28.34 28.46 28.56 28.67 -9999.00 -9999.00 -9999.00 -9999.00 -9999.00
20.47 20.50 20.49 20.61 20.63 20.69 20.61 20.61 20.68 20.67 20.57 20.68 20.74 20.89 21.39 22.27 22.47 22.47 22.51 22.78 22.97 22.83 22.47 22.69 23.37 24.04 24.08 23.78 23.56 23.76 23.86 24.06 24.25 24.41 24.61 24.86 25.09 25.12 25.32 25.61 25.52 25.58 25.73 25.83 25.91 26.09 26.57 26.62 26.71 26.95 26.93 27.05 27.25 27.30 27.39 27.57 27.67 27.70 27.81 27.89 27.93 28.01 28.11 28.34 28.44 28.49 28.48 28.54 -9999.00 -9999.00 -9999.00
20.33 20.43 20.50 20.46 20.57 20.54 20.54 20.61 20.68 20.51 20.51 20.66 20.91 21.94 22.25 22.37 22.32 22.33 22.49 22.63 22.48 22.08 21.94 22.29 22.37 22.69 23.06 22.98 23.19 23.36 23.51 23.82 23.97 24.25 24.32 24.67 24.65 24.85 24.98 25.27 25.16 25.36 25.41 25.50 25.58 25.78 25.90 26.13 26.69 26.38 26.56 26.81 27.08 27.00 27.13 27.25 27.41 27.43 27.57 27.69 27.78 27.84 28.01 28.14 28.19 28.24 28.32 28.40 28.59 28.67 -9999.00
20.22 20.32 20.36 20.43 20.53 20.48 20.62 20.53 20.49 20.49 20.60 20.68 21.57 22.26 22.33 22.36 22.22 22.28 22.32 22.17 21.79 21.50 21.75 21.86 22.02 22.22 22.41 22.54 22.92 22.91 23.15 23.35 23.61 23.84 23.99 24.27 24.30 24.81 24.64 24.89 24.92 24.92 25.15 25.13 25.24 25.45 25.58 25.78 26.09 26.02 26.31 26.73 26.58 26.71 26.83 26.96 27.15 27.18 27.33 27.53 27.60 27.68 27.73 27.88 27.93 27.99 28.11 28.30 28.39 28.52 -9999.00
20.15 20.22 20.28 20.47 20.41 20.55 20.47 20.45 20.52 20.50 20.60 21.43 22.36 22.35 22.34 22.25 22.17 22.11 21.90 21.20 21.23 21.27 21.45 21.58 21.72 21.89 22.14 22.28 22.43 22.57 22.73 22.88 23.19 23.47 23.87 23.73 23.92 24.30 24.28 24.47 24.56 24.72 24.81 24.86 24.96 25.12 25.25 25.42 25.55 25.77 26.15 26.17 26.26 26.40 26.55 26.70 26.87 26.94 27.05 27.28 27.38 27.40 27.48 27.55 27.71 27.80 27.89 28.09 28.19 28.29 28.49
20.13 20.19 20.24 20.38 20.40 20.58 20.42 20.48 20.52 20.57 21.35 22.53 22.52 22.36 22.26 22.08 22.13 22.01 21.44 20.95 21.07 21.22 21.29 21.37 21.49 21.75 21.91 22.11 22.10 22.15 22.26 22.45 22.71 23.03 23.32 23.33 23.53 23.89 23.93 24.08 24.19 24.33 24.49 24.52 24.67 24.83 24.98 25.16 25.38 25.55 25.72 25.83 25.88 26.03 26.19 26.39 26.52 26.60 26.83 26.93 27.07 27.12 27.20 27.35 27.55 27.61 27.70 27.87 27.99 28.08 28.33
19.95 19.97 20.19 20.33 20.39 20.36 20.41 20.39 20.42 20.97 22.28 22.78 22.64 22.38 22.07 21.95 21.92 21.86 21.11 20.89 21.00 21.10 21.12 21.19 21.31 21.60 21.59 21.67 21.75 21.80 21.92 22.14 22.44 22.75 22.74 22.94 23.14 23.37 23.51 23.65 23.81 23.92 24.14 24.19 24.32 24.50 24.69 24.90 25.06 25.24 25.37 25.45 25.53 25.72 25.92 26.14 26.30 26.41 26.49 26.56 26.72 26.80 26.97 27.15 27.31 27.39 27.62 27.66 27.76 27.92 28.01
19.92 19.93 20.11 20.28 20.46 20.28 20.26 20.31 20.38 21.49 22.87 22.73 22.37 22.10 21.91 21.89 21.87 21.78 21.29 20.75 20.88 20.90 20.97 21.10 21.27 21.38 21.34 21.38 21.46 21.53 21.72 21.86 22.31 22.22 22.41 22.62 22.84 22.95 23.13 23.23 23.33 23.50 23.71 23.83 23.99 24.18 24.34 24.53 24.72 24.84 24.94 25.12 25.31 25.56 25.80 25.87 26.06 26.15 26.15 26.23 26.37 26.53 26.70 26.98 27.06 27.24 27.43 27.45 27.54 27.67 27.72
19.73 19.88 20.03 20.22 20.31 20.20 20.12 20.16 20.44 21.84 22.83 22.29 21.50 22.04 21.95 21.87 21.91 21.73 21.52 20.97 20.79 20.81 20.92 20.95 21.01 21.12 21.21 21.27 21.26 21.33 21.47 21.65 22.05 21.94 22.13 22.29 22.39 22.49 22.70 22.81 22.93 23.06 23.27 23.41 23.65 23.82 24.02 24.16 24.36 24.44 24.64 24.82 25.04 25.22 25.29 25.43 25.79 25.64 25.69 25.91 26.05 26.20 26.41 26.62 26.81 26.98 27.13 27.23 27.33 27.44 27.49
19.69 19.86 20.00 20.07 20.09 20.00 20.00 20.10 20.42 22.14 22.42 21.72 22.02 22.00 21.92 21.91 21.89 21.75 21.50 20.99 20.67 20.73 20.80 20.88 20.92 20.97 21.06 21.14 21.10 21.15 21.27 21.36 21.56 21.61 21.84 21.95 22.05 22.05 22.22 22.27 22.41 22.64 22.83 23.00 23.28 23.39 23.56 23.76 23.92 24.05 24.31 24.52 24.66 24.80 24.83 24.99 25.17 25.27 25.32 25.51 25.67 25.82 26.04 26.37 26.52 26.67 26.84 26.97 27.11 27.18 27.31
19.69 19.73 20.04 19.97 19.90 19.81 19.96 20.12 20.79 21.12 21.69 22.30 22.19 22.05 21.95 21.89 21.82 21.70 21.54 20.90 20.59 20.67 20.72 20.77 20.78 20.93 20.89 20.99 20.94 21.08 21.12 21.28 21.32 21.41 21.55 21.75 21.75 21.82 21.89 21.94 22.03 22.27 22.36 22.55 22.76 22.93 23.13 23.30 23.47 23.70 23.89 24.10 24.27 24.41 24.46 24.66 24.72 24.93 25.11 25.15 25.35 25.52 25.80 26.00 26.19 26.37 26.49 26.69 26.82 26.94 27.05
19.65 19.79 19.76 19.79 19.65 19.88 20.06 20.07 20.24 20.45 21.59 22.36 22.23 22.05 21.92 21.84 21.82 21.74 21.64 21.17 20.60 20.70 20.71 20.76 20.72 20.90 20.79 20.82 20.87 21.03 21.24 21.14 21.20 21.29 21.37 21.47 21.45 21.57 21.67 21.68 21.83 21.83 21.93 22.13 22.32 22.51 22.68 22.87 23.03 23.25 23.48 23.65 23.82 23.92 24.02 24.21 24.33 24.52 24.72 24.88 25.06 25.27 25.46 25.68 25.83 26.00 26.17 26.38 26.48 26.66 26.80
19.41 19.46 19.60 19.64 19.63 19.82 19.78 19.96 20.07 20.19 20.99 22.07 21.98 21.87 21.81 21.85 21.85 21.79 21.75 21.30 20.62 20.71 20.79 20.77 20.78 20.82 20.75 20.78 20.86 21.07 20.98 21.01 21.02 21.05 21.15 21.19 21.26 21.30 21.43 21.49 21.49 21.58 21.66 21.76 21.94 22.08 22.24 22.38 22.57 22.81 22.94 23.21 23.41 23.53 23.58 23.68 23.99 24.13 24.35 24.59 24.73 24.96 25.14 25.37 25.45 25.64 25.80 25.98 26.18 26.37 26.59
19.35 19.37 19.44 19.53 19.72 19.61 19.70 19.85 19.94 20.11 20.16 20.61 21.47 21.59 21.67 21.74 21.80 21.83 21.76 21.42 20.60 20.63 20.66 20.79 20.89 20.77 20.81 20.87 20.95 20.91 20.81 20.86 20.85 20.89 20.97 21.01 21.06 21.11 21.21 21.26 21.27 21.32 21.38 21.49 21.65 21.72 21.78 21.96 22.15 22.28 22.48 22.72 22.94 23.03 23.14 23.36 23.62 23.80 24.01 24.25 24.38 24.56 24.74 24.86 25.08 25.27 25.48 25.66 25.82 26.06 26.26
18.99 19.10 19.24 19.35 19.44 19.44 19.53 19.62 19.84 19.92 20.31 21.10 21.23 21.39 21.57 21.68 21.77 21.84 21.75 21.35 20.62 20.65 20.66 20.83 20.85 20.81 20.85 20.88 20.85 21.00 20.79 20.79 20.78 20.78 20.83 20.84 20.91 21.05 21.06 21.04 21.11 21.14 21.20 21.29 21.35 21.41 21.45 21.57 21.69 21.87 22.08 22.28 22.52 22.65 22.75 22.90 23.21 23.49 23.70 23.87 24.04 24.17 24.39 24.55 24.73 24.94 25.15 25.33 25.49 25.69 25.95
18.72 19.16 18.99 19.30 19.27 19.37 19.38 19.51 19.67 19.85 20.95 21.08 21.12 21.26 21.38 21.55 21.73 21.78 21.74 20.93 20.57 20.61 20.66 20.77 20.75 20.88 20.84 20.93 20.89 20.85 20.84 20.83 20.75 20.76 20.79 20.77 20.78 20.85 20.94 20.93 21.00 21.05 21.07 21.10 21.09 21.11 21.17 21.27 21.35 21.50 21.67 21.90 22.09 22.22 22.32 22.57 22.89 23.15 23.32 23.50 23.62 23.81 23.98 24.09 24.37 24.60 24.79 25.02 25.17 25.34 25.55
18.52 18.64 18.73 18.84 18.96 19.13 19.22 19.32 19.52 19.90 20.89 20.92 20.96 21.11 21.26 21.46 21.64 21.73 21.44 20.56 20.57 20.59 20.63 20.67 20.88 20.82 20.93 20.86 20.93 20.85 20.88 20.83 20.76 20.76 20.77 20.73 20.72 20.77 20.73 20.85 20.88 20.93 20.92 20.89 20.87 20.90 20.92 21.02 21.10 21.19 21.38 21.60 21.73 21.87 22.03 22.21 22.47 22.67 22.83 23.02 23.09 23.38 23.63 23.77 23.94 24.24 24.44 24.58 24.73 24.87 25.04
18.27 18.36 18.51 18.62 18.75 18.83 19.12 19.80 20.48 20.63 20.77 20.77 20.81 20.98 21.21 21.24 21.33 21.32 20.62 20.43 20.48 20.54 20.59 20.68 20.74 20.78 20.88 20.81 20.95 20.85 20.86 20.84 20.82 20.87 20.89 20.80 20.77 20.81 20.74 20.79 20.87 20.88 20.83 20.73 20.69 20.69 20.71 20.79 20.89 21.01 21.17 21.35 21.58 21.67 21.77 21.89 22.01 22.15 22.31 22.54 22.69 22.86 23.14 23.39 23.68 23.83 24.01 24.26 24.30 24.45 24.69
18.19 18.10 18.21 18.32 18.47 18.75 20.01 20.53 20.58 20.62 20.64 20.60 20.68 20.82 21.02 21.00 20.88 20.26 20.28 20.28 20.38 20.46 20.55 20.68 20.75 20.79 20.77 20.81 20.88 20.82 20.86 20.89 20.93 21.06 20.95 21.01 20.99 20.91 20.84 20.80 20.81 20.75 20.66 20.59 20.53 20.54 20.56 20.62 20.68 20.82 20.96 21.28 21.40 21.46 21.59 21.64 21.68 21.83 21.91 22.08 22.20 22.42 22.66 22.95 23.15 23.38 23.57 23.70 23.84 24.04 24.31
17.81 17.93 18.00 18.09 18.25 19.21 20.46 20.55 20.53 20.45 20.46 20.42 20.47 20.57 20.63 20.69 20.25 20.12 20.13 20.14 20.28 20.42 20.48 20.57 20.65 20.69 20.73 20.82 20.76 20.80 20.86 20.95 20.99 20.99 21.05 21.12 21.08 21.04 20.97 20.86 20.73 20.64 20.51 20.51 20.42 20.42 20.43 20.46 20.52 20.61 20.90 21.28 21.29 21.31 21.31 21.30 21.37 21.51 21.56 21.62 21.73 21.97 22.23 22.42 22.60 22.87 23.07 23.19 23.37 23.61 23.81
17.66 17.78 17.78 17.89 18.03 18.81 19.90 20.45 20.22 20.09 20.14 20.14 20.21 20.29 20.34 20.33 19.91 19.94 19.96 20.06 20.19 20.31 20.39 20.41 20.51 20.63 20.62 20.76 20.71 20.79 20.87 20.97 21.06 21.06 21.13 21.17 21.08 21.03 20.97 20.89 20.75 20.58 20.45 20.40 20.33 20.35 20.30 20.33 20.29 20.42 20.99 21.21 21.17 20.94 20.84 20.94 21.00 21.08 21.20 21.19 21.29 21.48 21.74 21.96 22.19 22.33 22.51 22.74 22.95 23.15 23.29
