maui/input/air_temperature_monthly/tmaxapr_250m_maui.asc
ncols        356
nrows        236
xllcorner    -156.702000000000
yllcorner    20.529750000000
cellsize     0.002250000000
NODATA_value  -99.00
[rows 64 to 95 of 236, columns 71 to 141 of 356]
22.50 22.91 23.13 23.58 24.28 24.78 25.00 25.24 25.48 25.69 25.94 26.20 26.35 26.47 26.57 26.74 26.89 27.01 27.12 27.16 27.06 27.31 -9999.00 -9999.00 -9999.00 -9999.00 -9999.00 -9999.00 -9999.00 -9999.00 -9999.00 -9999.00 -9999.00 -9999.00 -9999.00 -9999.00 -9999.00 -9999.00 -9999.00 -9999.00 -9999.00 -9999.00 -9999.00 -9999.00 -9999.00 -9999.00 -9999.00 -9999.00 -9999.00 -9999.00 -9999.00 -9999.00 -9999.00 -9999.00 -9999.00 -9999.00 -9999.00 -9999.00 -9999.00 -9999.00 -9999.00 -9999.00 -9999.00 -9999.00 -9999.00 -9999.00 -9999.00 -9999.00 -9999.00 -9999.00 -9999.00
21.79 22.68 23.35 23.77 23.84 24.10 24.19 24.46 24.77 25.31 25.89 26.17 26.34 26.50 26.63 26.77 26.86 27.01 27.11 27.01 27.14 27.18 -9999.00 -9999.00 -9999.00 -9999.00 -9999.00 -9999.00 -9999.00 -9999.00 -9999.00 -9999.00 -9999.00 -9999.00 -9999.00 -9999.00 -9999.00 -9999.00 -9999.00 -9999.00 -9999.00 -9999.00 -9999.00 -9999.00 -9999.00 -9999.00 -9999.00 -9999.00 -9999.00 -9999.00 -9999.00 -9999.00 -9999.00 -9999.00 -9999.00 -9999.00 -9999.00 -9999.00 -9999.00 -9999.00 -9999.00 -9999.00 -9999.00 -9999.00 -9999.00 27.29 27.27 27.26 27.23 27.21 27.20
21.95 22.23 23.13 23.50 23.97 24.47 24.69 24.81 24.87 25.27 25.71 26.11 26.34 26.41 26.66 26.71 26.90 27.02 27.05 26.96 27.12 27.22 27.30 -9999.00 -9999.00 -9999.00 -9999.00 -9999.00 -9999.00 -9999.00 -9999.00 -9999.00 -9999.00 -9999.00 -9999.00 -9999.00 -9999.00 -9999.00 -9999.00 -9999.00 -9999.00 -9999.00 -9999.00 -9999.00 -9999.00 -9999.00 -9999.00 -9999.00 -9999.00 -9999.00 -9999.00 -9999.00 -9999.00 -9999.00 -9999.00 -9999.00 -9999.00 -9999.00 -9999.00 -9999.00 27.29 27.29 27.29 27.28 27.28 27.25 27.25 27.23 27.21 27.19 27.18
23.59 23.66 23.95 24.19 24.41 24.54 24.83 25.31 25.61 25.82 26.00 26.14 26.22 26.46 26.53 26.71 26.87 26.96 26.99 26.88 27.06 27.18 27.26 27.29 27.32 -9999.00 -9999.00 -9999.00 -9999.00 -9999.00 -9999.00 -9999.00 -9999.00 -9999.00 -9999.00 -9999.00 -9999.00 -9999.00 -9999.00 -9999.00 -9999.00 -9999.00 -9999.00 -9999.00 -9999.00 -9999.00 -9999.00 -9999.00 -9999.00 -9999.00 -9999.00 -9999.00 27.35 -9999.00 -9999.00 -9999.00 -9999.00 -9999.00 27.34 27.33 27.31 27.27 27.28 27.26 27.25 27.23 27.23 27.21 27.19 27.17 27.15
22.27 22.86 23.71 24.33 24.33 25.02 25.18 25.27 25.53 25.80 25.73 26.07 26.34 26.40 26.57 26.73 26.81 26.87 26.95 26.96 27.11 27.19 27.21 27.28 27.30 27.34 -9999.00 -9999.00 -9999.00 -9999.00 -9999.00 -9999.00 -9999.00 -9999.00 -9999.00 -9999.00 -9999.00 -9999.00 -9999.00 -9999.00 -9999.00 -9999.00 -9999.00 -9999.00 -9999.00 -9999.00 -9999.00 -9999.00 -9999.00 -9999.00 27.35 27.35 27.35 27.33 27.33 27.35 27.35 27.34 27.33 27.31 27.27 27.25 27.26 27.24 27.22 27.20 27.19 27.14 27.16 27.12 27.06
22.51 23.29 24.30 23.98 24.59 24.20 24.53 24.46 25.22 25.75 25.94 26.18 26.12 26.32 26.49 26.66 26.71 26.81 26.75 27.03 27.09 27.09 27.08 27.24 27.27 27.31 27.35 -9999.00 -9999.00 -9999.00 -9999.00 -9999.00 -9999.00 -9999.00 -9999.00 -9999.00 -9999.00 -9999.00 -9999.00 -9999.00 -9999.00 -9999.00 -9999.00 -9999.00 -9999.00 -9999.00 -9999.00 -9999.00 -9999.00 27.35 27.34 27.34 27.34 27.31 27.29 27.32 27.33 27.32 27.31 27.29 27.27 27.24 27.24 27.19 27.19 27.17 27.16 27.12 27.11 27.09 27.03
23.87 23.72 23.15 23.08 23.56 23.24 23.84 24.36 24.71 25.27 25.67 25.84 26.04 26.25 26.42 26.56 26.69 26.81 26.78 26.95 27.07 27.14 27.19 27.22 27.25 27.22 27.31 -9999.00 -9999.00 -9999.00 -9999.00 -9999.00 -9999.00 -9999.00 -9999.00 -9999.00 -9999.00 -9999.00 -9999.00 -9999.00 -9999.00 -9999.00 -9999.00 -9999.00 -9999.00 -9999.00 27.35 27.34 27.34 27.33 27.32 27.32 27.29 27.26 27.27 27.28 27.31 27.29 27.28 27.28 27.25 27.24 27.20 27.18 27.15 27.14 27.14 27.07 27.01 27.07 27.01
22.07 22.03 22.85 23.33 23.79 24.19 24.55 24.95 25.33 25.46 25.57 25.88 26.10 26.26 26.44 26.57 26.69 26.80 26.94 27.03 27.09 27.12 27.17 27.20 27.08 27.21 27.33 -9999.00 -9999.00 -9999.00 -9999.00 -9999.00 -9999.00 -9999.00 -9999.00 -9999.00 -9999.00 -9999.00 -9999.00 -9999.00 -9999.00 -9999.00 -9999.00 -9999.00 -9999.00 27.34 27.32 27.33 27.31 27.32 27.31 27.30 27.29 27.25 27.25 27.25 27.28 27.28 27.26 27.25 27.23 27.21 27.17 27.16 27.12 27.11 27.10 27.01 26.95 26.98 26.99
21.28 21.86 22.63 23.33 23.55 24.42 24.71 24.90 24.76 24.87 25.45 25.76 26.11 26.29 26.41 26.54 26.67 26.80 26.94 27.02 27.07 27.10 27.13 26.98 27.20 27.28 27.31 27.35 27.35 -9999.00 -9999.00 -9999.00 -9999.00 -9999.00 -9999.00 -9999.00 -9999.00 -9999.00 -9999.00 -9999.00 -9999.00 -9999.00 27.35 27.35 27.34 27.33 27.31 27.29 27.30 27.32 27.30 27.28 27.28 27.25 27.25 27.24 27.24 27.24 27.24 27.23 27.21 27.21 27.18 27.15 27.11 27.10 27.09 27.03 26.94 26.92 26.96
20.82 21.46 22.36 23.61 23.73 23.57 24.46 24.25 24.19 24.83 25.41 25.73 26.04 26.23 26.42 26.54 26.68 26.86 26.96 27.00 27.01 27.08 26.98 27.12 27.24 27.24 27.30 27.31 -9999.00 -9999.00 -9999.00 -9999.00 -9999.00 -9999.00 27.35 27.35 27.35 27.35 27.35 27.35 27.36 27.36 27.34 27.35 27.34 27.31 27.30 27.29 27.29 27.31 27.26 27.26 27.27 27.26 27.25 27.24 27.23 27.22 27.21 27.22 27.20 27.19 27.19 27.17 27.15 27.13 27.12 27.05 26.94 26.86 26.92
20.77 21.42 21.94 22.18 22.95 23.60 23.41 23.82 24.23 24.83 25.34 25.79 26.00 26.20 26.43 26.56 26.78 26.84 26.91 26.95 26.99 26.88 27.03 27.12 27.22 27.27 27.29 27.31 -9999.00 -9999.00 -9999.00 -9999.00 -9999.00 27.36 27.36 27.36 27.36 27.36 27.36 27.36 27.35 27.35 27.34 27.33 27.33 27.31 27.29 27.29 27.28 27.30 27.23 27.22 27.24 27.23 27.24 27.24 27.23 27.22 27.19 27.18 27.18 27.18 27.18 27.17 27.15 27.12 27.09 27.02 26.89 26.84 26.86
20.87 21.25 21.80 21.94 22.37 22.85 23.48 24.30 24.73 25.11 25.45 25.80 26.03 26.23 26.47 26.68 26.75 26.77 26.84 26.94 26.91 26.94 27.05 27.16 27.24 27.29 27.29 27.30 27.34 27.35 -9999.00 -9999.00 27.36 27.35 27.36 27.36 27.36 27.36 27.36 27.36 27.36 27.34 27.33 27.33 27.35 27.34 27.31 27.28 27.27 27.26 27.23 27.22 27.22 27.22 27.22 27.23 27.23 27.21 27.19 27.14 27.14 27.16 27.15 27.12 27.09 27.09 27.05 27.00 26.92 26.82 26.77
22.31 22.11 22.58 23.13 24.02 23.93 24.01 23.95 24.37 25.02 25.55 25.93 26.08 26.42 26.58 26.63 26.63 26.71 26.82 26.90 26.91 27.01 27.10 27.20 27.22 27.22 27.29 27.31 27.30 27.34 27.34 27.35 27.36 27.36 27.36 27.36 27.36 27.36 27.36 27.36 27.35 27.35 27.34 27.30 27.33 27.29 27.29 27.29 27.28 27.25 27.24 27.22 27.21 27.21 27.22 27.23 27.22 27.20 27.18 27.12 27.12 27.12 27.12 27.07 27.04 27.03 27.02 26.98 26.91 26.81 26.75
23.10 23.80 23.87 24.62 24.27 24.51 24.76 24.91 25.14 25.42 25.76 25.99 26.34 26.48 26.41 26.46 26.59 26.71 26.84 26.92 26.91 27.02 27.11 27.21 27.20 27.27 27.23 27.29 27.29 27.31 27.33 27.35 27.36 27.36 27.36 27.36 27.36 27.35 27.36 27.36 27.35 27.33 27.31 27.30 27.26 27.26 27.25 27.30 27.29 27.26 27.22 27.21 27.21 27.20 27.19 27.21 27.21 27.20 27.17 27.13 27.10 27.09 27.08 27.04 27.01 26.99 26.98 26.90 26.85 26.80 26.71
23.93 24.09 24.71 24.99 25.27 25.42 25.54 25.65 25.54 25.76 26.01 26.23 26.34 26.22 26.36 26.49 26.61 26.74 26.85 26.87 26.91 27.13 27.06 27.06 27.22 27.17 27.23 27.23 27.24 27.31 27.35 27.35 27.35 27.35 27.35 27.35 27.35 27.35 27.34 27.35 27.35 27.33 27.29 27.29 27.27 27.25 27.26 27.27 27.27 27.23 27.21 27.21 27.20 27.19 27.19 27.19 27.20 27.19 27.17 27.12 27.10 27.07 27.04 27.02 26.97 26.95 26.90 26.86 26.85 26.77 26.72
24.63 24.70 24.79 24.79 24.75 25.01 25.17 25.31 25.68 25.89 25.87 25.76 26.08 26.22 26.39 26.53 26.63 26.75 26.86 26.88 26.86 26.95 27.06 27.15 27.20 27.15 27.19 27.22 27.30 27.28 27.32 27.33 27.33 27.33 27.34 27.34 27.34 27.34 27.34 27.35 27.34 27.33 27.30 27.27 27.27 27.26 27.26 27.27 27.27 27.24 27.22 27.21 27.19 27.18 27.18 27.16 27.17 27.18 27.16 27.12 27.09 27.07 27.04 27.01 26.97 26.92 26.88 26.85 26.83 26.73 26.70
23.88 23.53 24.47 24.47 24.00 24.73 24.30 24.43 24.71 24.83 24.93 25.54 25.96 26.17 26.33 26.48 26.61 26.72 26.85 26.90 26.86 27.02 27.04 27.18 27.15 27.17 27.23 27.24 27.23 27.24 27.30 27.32 27.32 27.32 27.31 27.31 27.32 27.32 27.34 27.34 27.32 27.31 27.30 27.27 27.26 27.25 27.25 27.24 27.25 27.25 27.23 27.21 27.19 27.18 27.17 27.16 27.15 27.16 27.14 27.12 27.08 27.06 27.04 27.01 26.97 26.93 26.88 26.84 26.80 26.75 26.68
22.91 23.38 23.11 23.61 23.13 23.41 23.54 23.46 24.41 24.89 25.39 25.65 25.91 26.09 26.27 26.45 26.58 26.70 26.81 26.88 26.94 27.06 27.05 27.16 27.15 27.15 27.17 27.26 27.24 27.26 27.30 27.30 27.30 27.30 27.31 27.30 27.31 27.33 27.33 27.32 27.31 27.30 27.30 27.28 27.27 27.25 27.24 27.23 27.23 27.23 27.22 27.19 27.18 27.17 27.16 27.15 27.15 27.13 27.12 27.08 27.05 27.02 27.02 26.98 26.93 26.86 26.87 26.83 26.78 26.74 26.68
22.55 23.31 22.09 22.58 22.20 22.55 22.86 24.03 24.37 24.62 25.29 25.59 25.83 26.03 26.24 26.41 26.57 26.70 26.80 26.87 26.91 27.06 27.01 27.08 27.09 27.19 27.19 27.22 27.25 27.27 27.28 27.28 27.28 27.28 27.28 27.29 27.31 27.32 27.32 27.31 27.30 27.28 27.28 27.28 27.27 27.24 27.23 27.23 27.21 27.20 27.19 27.17 27.16 27.15 27.14 27.14 27.14 27.13 27.10 27.05 27.02 26.99 26.97 26.95 26.88 26.82 26.80 26.79 26.76 26.73 26.67
21.24 21.64 21.33 21.50 21.36 22.04 23.07 24.02 24.50 24.80 25.19 25.57 25.83 26.02 26.20 26.38 26.53 26.66 26.77 26.83 26.90 26.96 27.06 27.12 27.16 27.16 27.17 27.20 27.23 27.26 27.25 27.26 27.26 27.26 27.28 27.29 27.30 27.30 27.30 27.29 27.28 27.27 27.27 27.26 27.26 27.25 27.21 27.22 27.20 27.18 27.17 27.15 27.14 27.13 27.13 27.13 27.12 27.10 27.08 27.01 26.99 26.98 26.95 26.93 26.86 26.80 26.77 26.77 26.72 26.65 26.62
20.52 20.32 20.52 21.37 22.09 22.65 23.12 23.53 23.92 24.37 24.88 25.48 25.71 25.94 26.14 26.31 26.47 26.61 26.71 26.80 26.96 26.94 27.07 27.09 27.09 27.15 27.15 27.21 27.23 27.24 27.24 27.24 27.25 27.27 27.28 27.29 27.30 27.29 27.28 27.28 27.27 27.26 27.25 27.25 27.24 27.24 27.22 27.20 27.19 27.18 27.15 27.15 27.12 27.11 27.11 27.11 27.09 27.07 27.03 27.00 26.96 26.94 26.94 26.89 26.84 26.78 26.77 26.73 26.71 26.65 26.60
20.60 20.14 20.97 21.86 22.25 22.49 23.35 24.01 24.52 24.91 25.20 25.46 25.71 25.91 26.11 26.28 26.44 26.58 26.70 26.81 26.90 26.97 27.06 27.05 27.09 27.14 27.16 27.21 27.21 27.22 27.23 27.23 27.25 27.26 27.28 27.29 27.29 27.28 27.28 27.27 27.26 27.25 27.24 27.23 27.22 27.22 27.20 27.18 27.15 27.10 27.11 27.11 27.11 27.08 27.09 27.08 27.06 27.06 27.02 26.99 26.94 26.90 26.89 26.87 26.83 26.77 26.74 26.72 26.66 26.61 26.55
22.23 21.17 20.61 21.45 22.29 22.89 23.80 24.21 24.54 24.85 25.17 25.44 25.70 25.93 26.10 26.30 26.42 26.56 26.68 26.78 26.87 26.90 27.04 27.08 27.10 27.10 27.14 27.17 27.20 27.21 27.21 27.23 27.24 27.26 27.27 27.28 27.28 27.28 27.27 27.26 27.25 27.24 27.23 27.22 27.20 27.19 27.19 27.16 27.15 27.06 27.06 27.08 27.07 27.07 27.06 27.04 27.03 27.05 27.00 26.95 26.91 26.89 26.86 26.86 26.80 26.76 26.73 26.69 26.64 26.59 26.53
23.02 22.40 21.77 22.77 22.77 22.49 23.28 24.20 24.65 24.91 25.09 25.48 25.71 25.96 26.13 26.29 26.41 26.56 26.66 26.77 26.83 26.95 26.99 27.05 27.10 27.10 27.14 27.16 27.18 27.19 27.21 27.22 27.24 27.25 27.26 27.27 27.27 27.27 27.26 27.25 27.24 27.24 27.21 27.20 27.18 27.18 27.16 27.12 27.09 27.03 27.02 27.03 27.05 27.04 27.01 26.99 26.99 27.04 27.01 26.95 26.88 26.86 26.84 26.82 26.81 26.75 26.70 26.67 26.66 26.57 26.52
22.80 23.69 22.76 22.92 24.05 23.12 23.21 23.42 24.04 24.69 25.31 25.52 25.76 26.01 26.16 26.29 26.42 26.55 26.66 26.75 26.82 26.94 26.99 27.05 27.09 27.09 27.12 27.15 27.16 27.19 27.20 27.22 27.23 27.24 27.25 27.27 27.27 27.26 27.26 27.25 27.24 27.23 27.21 27.19 27.17 27.16 27.17 27.11 27.06 26.99 26.98 26.96 27.00 26.95 26.97 26.96 26.95 26.99 26.97 26.91 26.83 26.81 26.80 26.79 26.78 26.75 26.72 26.66 26.63 26.58 26.50
22.38 23.58 23.86 24.11 24.23 24.12 24.21 23.98 24.40 24.77 25.30 25.66 25.85 26.06 26.19 26.31 26.43 26.55 26.67 26.76 26.84 26.93 26.97 27.03 27.06 27.08 27.12 27.14 27.16 27.17 27.19 27.21 27.23 27.24 27.25 27.26 27.26 27.25 27.25 27.24 27.23 27.21 27.19 27.18 27.16 27.15 27.14 27.08 27.05 26.97 26.95 26.92 26.94 26.94 26.99 26.91 26.92 26.93 26.91 26.86 26.77 26.76 26.75 26.74 26.75 26.74 26.69 26.65 26.62 26.58 26.55
23.43 23.67 24.21 24.66 24.84 24.82 25.02 25.03 25.28 25.50 25.70 25.88 26.01 26.13 26.21 26.33 26.44 26.57 26.67 26.76 26.86 26.91 26.96 27.01 27.05 27.07 27.11 27.13 27.14 27.16 27.18 27.20 27.22 27.24 27.25 27.26 27.26 27.25 27.24 27.24 27.22 27.20 27.19 27.17 27.15 27.13 27.13 27.08 27.04 26.98 26.91 26.89 26.89 26.91 26.90 26.92 26.90 26.86 26.83 26.83 26.78 26.76 26.75 26.74 26.73 26.71 26.65 26.62 26.60 26.56 26.53
23.78 23.95 23.97 23.79 24.36 24.42 24.77 24.92 25.07 25.33 25.53 25.74 25.93 26.09 26.26 26.37 26.47 26.58 26.66 26.76 26.85 26.90 26.95 27.00 27.04 27.08 27.09 27.11 27.12 27.13 27.16 27.19 27.22 27.24 27.25 27.26 27.25 27.25 27.24 27.23 27.21 27.20 27.18 27.16 27.14 27.12 27.11 27.08 27.05 26.98 26.91 26.88 26.87 26.88 26.87 26.94 26.86 26.84 26.80 26.78 26.77 26.76 26.72 26.71 26.70 26.69 26.66 26.56 26.56 26.52 26.49
22.49 23.10 23.23 23.42 23.72 24.04 24.46 24.72 25.01 25.33 25.60 25.79 25.99 26.17 26.33 26.44 26.51 26.60 26.69 26.75 26.81 26.88 26.95 26.99 27.04 27.05 27.07 27.10 27.12 27.13 27.16 27.19 27.21 27.23 27.25 27.25 27.25 27.24 27.23 27.22 27.20 27.18 27.16 27.13 27.12 27.10 27.09 27.07 27.04 27.01 26.95 26.88 26.86 26.86 26.85 26.86 26.87 26.80 26.78 26.76 26.73 26.68 26.68 26.66 26.61 26.60 26.59 26.51 26.51 26.47 26.44
21.64 22.38 22.45 22.94 22.97 23.27 23.95 24.40 24.80 25.03 25.52 25.92 26.06 26.23 26.40 26.50 26.58 26.67 26.74 26.79 26.85 26.89 26.94 26.98 27.02 27.06 27.09 27.12 27.13 27.16 27.17 27.19 27.21 27.23 27.25 27.25 27.24 27.23 27.23 27.21 27.20 27.18 27.14 27.12 27.10 27.08 27.07 27.06 27.04 27.01 26.97 26.88 26.85 26.84 26.84 26.84 26.81 26.79 26.76 26.74 26.74 26.68 26.65 26.63 26.58 26.56 26.53 26.49 26.48 26.46 26.40
20.94 20.97 21.48 22.37 23.14 23.91 24.00 24.36 24.48 25.03 25.52 25.92 26.09 26.29 26.43 26.54 26.64 26.72 26.79 26.85 26.88 26.92 26.95 26.99 27.03 27.06 27.09 27.12 27.15 27.17 27.19 27.21 27.22 27.23 27.25 27.24 27.23 27.23 27.22 27.21 27.19 27.17 27.14 27.12 27.09 27.06 27.05 27.03 27.03 27.00 26.97 26.90 26.85 26.83 26.83 26.81 26.79 26.76 26.75 26.75 26.72 26.69 26.65 26.62 26.57 26.54 26.51 26.49 26.47 26.44 26.39
20.70 21.69 22.63 23.36 23.83 24.22 24.47 24.78 25.02 25.36 25.62 25.85 26.05 26.28 26.44 26.57 26.67 26.75 26.82 26.88 26.90 26.95 26.99 27.01 27.04 27.07 27.10 27.12 27.15 27.15 27.18 27.22 27.23 27.24 27.24 27.23 27.23 27.22 27.21 27.20 27.18 27.17 27.14 27.11 27.08 27.05 27.03 27.01 27.01 27.00 26.97 26.86 26.82 26.82 26.81 26.80 26.77 26.74 26.73 26.74 26.73 26.69 26.66 26.63 26.60 26.56 26.53 26.49 26.46 26.42 26.38
