maui/input/air_temperature_monthly/tmaxjan_250m_maui.asc
ncols        356
nrows        236
xllcorner    -156.702000000000
yllcorner    20.529750000000
cellsize     0.002250000000
NODATA_value  -99.00
[rows 186 to 216 of 236, columns 142 to 212 of 356]
22.00 21.36 21.30 21.23 21.20 21.03 20.88 20.74 20.71 20.54 20.37 20.29 20.22 20.20 20.17 20.18 20.17 20.30 20.32 20.31 20.31 20.21 20.21 20.11 20.00 20.07 20.06 20.09 20.17 20.20 20.21 20.35 20.45 20.52 20.55 20.60 20.60 20.54 20.52 20.48 20.54 20.78 20.93 21.05 20.99 21.15 21.22 21.32 21.33 21.53 21.64 21.74 21.80 21.89 21.94 22.23 22.07 22.19 22.27 22.28 22.30 22.38 22.50 22.58 22.65 22.95 22.93 23.14 23.40 23.61 23.72
22.05 21.55 21.36 21.36 21.34 20.99 20.79 21.04 20.97 20.82 20.67 20.52 20.49 20.43 20.48 20.47 20.53 20.56 20.67 20.70 20.62 20.58 20.58 20.52 20.49 20.48 20.52 20.55 20.62 20.68 20.69 20.79 20.91 21.02 20.97 20.95 20.92 20.86 20.86 20.87 20.92 21.11 21.22 21.32 21.36 21.45 21.52 21.59 21.69 21.87 22.02 22.09 22.19 22.29 22.39 22.58 22.50 22.63 22.58 22.56 22.64 22.70 22.76 22.82 23.07 23.08 23.51 23.42 23.60 23.88 24.02
22.08 21.93 21.73 21.61 21.50 21.39 21.38 21.34 21.23 21.09 20.92 20.83 20.80 20.67 20.75 20.76 20.75 20.78 20.92 20.97 20.93 20.92 20.88 20.91 20.91 20.88 20.94 20.98 21.05 21.09 21.17 21.33 21.32 21.25 21.22 21.21 21.20 21.17 21.17 21.27 21.36 21.51 21.54 21.64 21.70 21.76 21.83 21.88 21.99 22.10 22.33 22.45 22.51 22.58 22.81 22.73 22.81 22.85 22.87 22.94 22.94 23.04 23.04 23.18 23.38 23.42 23.73 24.07 23.95 24.10 24.30
22.17 22.23 22.14 21.96 21.83 21.64 21.73 21.62 21.51 21.37 21.27 21.12 21.07 21.02 21.15 21.17 21.07 21.15 21.21 21.27 21.23 21.19 21.25 21.29 21.29 21.28 21.31 21.42 21.45 21.52 21.55 21.62 21.56 21.53 21.47 21.48 21.48 21.51 21.52 21.62 21.71 21.77 21.87 21.97 21.99 22.04 22.10 22.22 22.32 22.43 22.56 22.69 22.76 22.90 23.19 23.13 23.20 23.34 23.20 23.20 23.30 23.35 23.37 23.51 23.63 23.78 23.86 24.05 24.63 24.42 24.49
22.49 22.46 22.36 22.23 22.02 22.02 21.97 21.86 21.78 21.69 21.51 21.50 21.46 21.45 21.47 21.56 21.39 21.51 21.51 21.56 21.57 21.55 21.60 21.60 21.63 21.62 21.73 21.79 21.75 21.78 21.87 21.89 21.81 21.79 21.74 21.79 21.79 21.84 21.82 21.90 22.00 22.05 22.12 22.25 22.34 22.41 22.39 22.44 22.57 22.72 22.75 22.93 23.02 23.13 23.44 23.62 23.58 23.65 23.59 23.53 23.63 23.78 23.72 23.88 23.98 24.11 24.15 24.36 25.18 24.90 24.83
22.78 22.67 22.50 22.52 22.34 22.26 22.20 22.17 22.11 21.95 21.93 21.84 21.79 21.76 21.77 21.72 21.72 21.73 21.80 21.82 21.82 21.87 21.83 21.87 21.90 21.92 21.98 22.04 22.05 22.05 22.17 22.18 22.07 22.07 22.01 22.06 22.07 22.12 22.10 22.12 22.25 22.38 22.40 22.48 22.59 22.68 22.71 22.80 22.86 22.98 23.02 23.16 23.28 23.42 23.60 23.68 23.81 23.82 23.95 23.89 23.98 24.02 24.11 24.23 24.24 24.41 24.44 24.64 24.82 25.42 25.08
23.06 22.90 22.82 22.72 22.61 22.53 22.51 22.45 22.38 22.26 22.21 22.15 22.16 22.07 22.03 22.03 22.03 22.02 22.06 22.09 22.13 22.13 22.14 22.12 22.23 22.25 22.26 22.34 22.38 22.43 22.52 22.45 22.40 22.36 22.37 22.36 22.35 22.40 22.39 22.38 22.51 22.65 22.72 22.76 22.82 22.90 22.97 23.09 23.16 23.26 23.32 23.40 23.53 23.67 23.84 23.94 24.04 24.03 24.09 24.16 24.30 24.30 24.39 24.47 24.51 24.64 24.71 24.86 25.02 25.21 25.31
23.19 23.14 23.09 23.01 22.91 22.85 22.79 22.75 22.68 22.54 22.47 22.45 22.38 22.32 22.28 22.32 22.31 22.28 22.31 22.36 22.38 22.37 22.42 22.44 22.54 22.52 22.62 22.65 22.81 22.86 22.72 22.64 22.56 22.53 22.55 22.60 22.64 22.61 22.67 22.69 22.76 22.89 22.97 23.00 23.08 23.11 23.17 23.33 23.41 23.54 23.55 23.68 23.75 23.89 24.04 24.17 24.35 24.31 24.38 24.43 24.53 24.61 24.65 24.74 24.77 24.88 25.01 25.19 25.29 25.42 26.02
23.39 23.35 23.35 23.33 23.21 23.10 23.05 22.99 22.90 22.81 22.74 22.69 22.62 22.52 22.47 22.49 22.51 22.55 22.58 22.62 22.68 22.65 22.71 22.69 22.80 22.82 22.83 22.92 22.96 22.93 22.89 22.81 22.66 22.61 22.62 22.69 22.82 22.84 22.90 22.95 23.02 23.16 23.24 23.26 23.32 23.37 23.41 23.53 23.72 23.73 23.81 23.92 23.99 24.09 24.22 24.38 24.49 24.76 24.67 24.71 24.75 24.88 24.94 24.94 25.04 25.11 25.33 25.42 25.57 25.71 25.84
23.55 23.58 23.58 23.54 23.43 23.35 23.28 23.21 23.17 23.03 22.97 22.89 22.85 22.79 22.66 22.70 22.71 22.82 22.82 22.85 22.95 22.92 22.96 22.98 22.98 23.00 23.07 23.07 23.05 23.03 23.00 22.61 22.52 22.64 22.41 22.88 22.95 23.02 23.11 23.19 23.25 23.38 23.50 23.54 23.57 23.62 23.65 23.74 23.90 24.06 24.05 24.10 24.18 24.30 24.43 24.56 24.71 24.84 24.90 24.93 25.01 25.20 25.20 25.19 25.31 25.38 25.47 25.71 25.79 25.90 26.01
23.80 23.77 23.78 23.72 23.67 23.66 23.55 23.47 23.39 23.30 23.20 23.13 23.08 23.04 22.95 22.93 22.99 22.99 23.09 23.12 23.21 23.26 23.22 23.25 23.25 23.24 23.26 23.26 23.21 23.21 23.20 22.67 22.91 22.73 23.04 23.19 23.29 23.28 23.33 23.41 23.45 23.61 23.68 23.76 23.83 23.86 23.87 23.98 24.12 24.24 24.33 24.33 24.41 24.52 24.64 24.79 24.91 25.10 25.20 25.24 25.30 25.34 25.49 25.49 25.53 25.66 25.75 25.90 25.99 26.05 26.21
23.92 23.93 23.91 23.87 23.83 23.84 23.79 23.72 23.61 23.47 23.39 23.32 23.29 23.23 23.18 23.16 23.21 23.31 23.33 23.40 23.43 23.50 23.45 23.44 23.43 23.52 23.53 23.50 23.48 23.51 23.63 23.48 23.30 23.27 23.40 23.42 23.46 23.56 23.59 23.70 23.75 23.84 23.89 24.01 24.05 24.14 24.16 24.15 24.35 24.46 24.58 24.63 24.66 24.75 24.91 25.08 25.23 25.33 25.55 25.49 25.49 25.54 25.69 25.74 25.74 25.89 25.95 26.06 26.18 26.28 -9999.00
24.14 24.12 24.05 24.05 23.99 23.99 23.95 23.87 23.80 23.71 23.64 23.53 23.54 23.46 23.41 23.46 23.59 23.62 23.61 23.58 23.64 23.67 23.69 23.70 23.73 23.74 23.74 23.77 23.72 23.76 23.78 23.69 23.60 23.13 23.57 23.64 23.69 23.78 23.84 23.93 23.97 24.05 24.09 24.18 24.31 24.34 24.44 24.45 24.59 24.67 24.85 24.84 24.95 25.02 25.13 25.29 25.44 25.52 25.62 25.71 25.74 25.79 25.90 25.95 25.96 26.07 26.18 26.23 26.37 -9999.00 -9999.00
24.34 24.28 24.22 24.19 24.03 23.66 23.93 24.07 24.02 23.96 23.84 23.79 23.75 23.73 23.72 23.83 23.87 23.85 23.88 23.88 23.88 23.88 23.88 23.87 23.90 23.90 23.94 23.93 23.88 23.93 23.92 23.84 23.64 23.57 23.51 23.96 23.99 24.00 24.06 24.17 24.21 24.29 24.27 24.36 24.49 24.63 24.66 24.69 24.84 24.95 25.09 25.15 25.19 25.25 25.36 25.51 25.62 25.68 25.76 25.87 25.98 26.08 26.13 26.19 26.24 26.30 -9999.00 -9999.00 -9999.00 -9999.00 -9999.00
24.47 24.39 24.35 24.27 23.95 23.98 24.14 24.22 24.20 24.15 24.03 24.04 24.01 24.00 24.03 24.04 24.09 24.10 24.12 24.12 24.12 24.09 24.03 24.11 24.09 24.05 24.10 24.06 24.06 24.10 24.06 24.09 24.03 23.87 23.90 24.24 24.25 24.26 24.33 24.39 24.47 24.52 24.53 24.65 24.69 24.79 24.93 25.05 25.15 25.20 25.34 25.38 25.44 25.47 25.56 25.66 25.79 25.92 25.97 26.01 26.10 26.28 26.35 -9999.00 -9999.00 -9999.00 -9999.00 -9999.00 -9999.00 -9999.00 -9999.00
24.60 24.56 24.51 24.52 24.47 24.28 24.25 24.32 24.40 24.30 24.21 24.24 24.23 24.23 24.24 24.24 24.24 24.28 24.30 24.29 24.31 24.30 24.23 24.19 24.21 24.23 24.27 24.25 24.23 24.26 24.28 24.29 24.18 24.11 24.16 24.38 24.45 24.48 24.53 24.56 24.65 24.74 24.78 24.85 24.91 25.04 25.16 25.28 25.38 25.45 25.53 25.58 25.64 25.71 25.77 25.89 25.92 26.09 26.19 26.22 26.31 -9999.00 -9999.00 -9999.00 -9999.00 -9999.00 -9999.00 -9999.00 -9999.00 -9999.00 -9999.00
24.81 24.67 24.62 24.62 24.62 24.53 24.39 24.46 24.52 24.46 24.40 24.42 24.44 24.43 24.50 24.49 24.46 24.43 24.46 24.49 24.51 24.49 24.48 24.43 24.52 24.45 24.45 24.42 24.43 24.45 24.45 24.47 24.40 24.39 24.45 24.62 24.70 24.72 24.75 24.78 24.85 24.91 25.00 25.08 25.19 25.24 25.40 25.48 25.58 25.67 25.74 25.74 25.79 25.88 25.96 26.04 26.13 26.26 26.36 -9999.00 -9999.00 -9999.00 -9999.00 -9999.00 -9999.00 -9999.00 -9999.00 -9999.00 -9999.00 -9999.00 -9999.00
24.96 24.87 24.84 24.83 24.77 24.66 24.53 24.53 24.51 24.63 24.59 24.64 24.65 24.63 24.65 24.70 24.67 24.63 24.69 24.71 24.69 24.71 24.72 24.73 24.62 24.63 24.61 24.56 24.55 24.63 24.67 24.66 24.59 24.62 24.70 24.84 24.89 24.91 24.95 25.02 25.07 25.15 25.26 25.31 25.42 25.45 25.60 25.74 25.77 25.87 25.96 25.96 26.01 26.09 26.12 26.23 26.35 -9999.00 -9999.00 -9999.00 -9999.00 -9999.00 -9999.00 -9999.00 -9999.00 -9999.00 -9999.00 -9999.00 -9999.00 -9999.00 -9999.00
25.19 25.07 25.05 25.01 24.91 24.84 24.76 24.76 25.00 24.95 24.85 24.79 24.87 24.85 24.89 24.90 24.87 24.86 24.93 24.93 24.94 24.92 24.91 24.88 24.91 24.90 24.82 24.77 24.75 24.80 24.85 24.87 24.83 24.86 24.93 25.04 25.07 25.09 25.15 25.20 25.30 25.38 25.50 25.57 25.63 25.61 25.78 25.89 26.02 26.10 26.16 26.17 26.22 26.26 26.33 26.47 -9999.00 -9999.00 -9999.00 -9999.00 -9999.00 -9999.00 -9999.00 -9999.00 -9999.00 -9999.00 -9999.00 -9999.00 -9999.00 -9999.00 -9999.00
25.35 25.28 25.21 25.14 25.11 25.04 25.00 24.98 25.08 25.19 25.12 25.01 25.09 25.12 25.08 25.08 25.08 25.15 25.12 25.14 25.15 25.13 25.11 25.25 25.17 25.11 25.01 24.96 24.97 25.02 25.03 25.04 25.07 25.06 25.10 25.23 25.29 25.29 25.35 25.42 25.50 25.57 25.66 25.80 25.89 25.96 26.02 26.11 26.18 26.24 26.32 26.44 26.48 26.46 -9999.00 -9999.00 -9999.00 -9999.00 -9999.00 -9999.00 -9999.00 -9999.00 -9999.00 -9999.00 -9999.00 -9999.00 -9999.00 -9999.00 -9999.00 -9999.00 -9999.00
25.51 25.43 25.35 25.35 25.32 25.24 25.21 25.21 25.27 25.35 25.35 25.29 25.38 25.34 25.30 25.30 25.25 25.33 25.34 25.32 25.36 25.38 25.37 25.41 25.35 25.29 25.22 25.19 25.18 25.20 25.23 25.25 25.31 25.29 25.34 25.43 25.48 25.51 25.52 25.60 25.66 25.78 25.91 25.99 26.14 26.22 26.22 26.30 26.40 26.41 -9999.00 -9999.00 -9999.00 -9999.00 -9999.00 -9999.00 -9999.00 -9999.00 -9999.00 -9999.00 -9999.00 -9999.00 -9999.00 -9999.00 -9999.00 -9999.00 -9999.00 -9999.00 -9999.00 -9999.00 -9999.00
25.58 25.56 25.55 25.54 25.51 25.45 25.43 25.43 25.47 25.45 25.58 25.56 25.60 25.44 25.49 25.51 25.50 25.54 25.55 25.56 25.59 25.59 25.61 25.54 25.50 25.47 25.44 25.44 25.44 25.43 25.46 25.45 25.49 25.51 25.57 25.63 25.67 25.73 25.74 25.79 25.84 25.94 26.13 26.24 26.37 26.46 -9999.00 -9999.00 -9999.00 -9999.00 -9999.00 -9999.00 -9999.00 -9999.00 -9999.00 -9999.00 -9999.00 -9999.00 -9999.00 -9999.00 -9999.00 -9999.00 -9999.00 -9999.00 -9999.00 -9999.00 -9999.00 -9999.00 -9999.00 -9999.00 -9999.00
25.76 25.73 25.74 25.75 25.69 25.63 25.66 25.67 25.67 25.65 25.71 25.78 25.81 25.68 25.72 25.68 25.71 25.77 25.76 25.73 25.75 25.74 25.78 25.77 25.70 25.65 25.66 25.67 25.67 25.69 25.69 25.74 25.72 25.77 25.79 25.84 25.87 25.91 25.94 25.98 26.04 26.12 26.23 26.42 -9999.00 -9999.00 -9999.00 -9999.00 -9999.00 -9999.00 -9999.00 -9999.00 -9999.00 -9999.00 -9999.00 -9999.00 -9999.00 -9999.00 -9999.00 -9999.00 -9999.00 -9999.00 -9999.00 -9999.00 -9999.00 -9999.00 -9999.00 -9999.00 -9999.00 -9999.00 -9999.00
25.96 26.03 25.98 25.93 25.89 25.84 25.88 25.89 25.87 25.85 25.85 25.93 25.92 25.85 25.89 25.91 25.93 25.93 25.94 25.97 25.97 26.02 25.95 25.94 25.98 25.93 25.92 25.97 25.92 25.92 25.93 26.02 26.00 26.00 25.97 26.03 26.08 26.10 26.14 26.19 26.21 26.28 26.41 -9999.00 -9999.00 -9999.00 -9999.00 -9999.00 -9999.00 -9999.00 -9999.00 -9999.00 -9999.00 -9999.00 -9999.00 -9999.00 -9999.00 -9999.00 -9999.00 -9999.00 -9999.00 -9999.00 -9999.00 -9999.00 -9999.00 -9999.00 -9999.00 -9999.00 -9999.00 -9999.00 -9999.00
26.17 26.17 26.17 26.11 26.06 26.03 26.04 26.09 26.13 26.11 26.08 26.12 26.05 26.10 26.04 26.15 26.11 26.10 26.11 26.17 26.20 26.24 26.23 26.14 26.19 26.21 26.19 26.24 26.15 26.13 26.17 26.23 26.25 26.20 26.19 26.22 26.25 26.29 26.33 26.39 26.37 26.45 -9999.00 -9999.00 -9999.00 -9999.00 -9999.00 -9999.00 -9999.00 -9999.00 -9999.00 -9999.00 -9999.00 -9999.00 -9999.00 -9999.00 -9999.00 -9999.00 -9999.00 -9999.00 -9999.00 -9999.00 -9999.00 -9999.00 -9999.00 -9999.00 -9999.00 -9999.00 -9999.00 -9999.00 -9999.00
26.31 26.31 26.27 26.25 26.21 26.17 26.18 26.22 26.23 26.24 26.23 26.22 26.27 26.28 26.33 26.34 26.33 26.37 26.30 26.30 26.37 26.41 26.43 26.39 26.39 26.40 26.43 26.47 26.43 26.36 26.39 26.41 26.40 26.37 26.35 26.37 26.40 26.42 26.47 26.46 -9999.00 -9999.00 -9999.00 -9999.00 -9999.00 -9999.00 -9999.00 -9999.00 -9999.00 -9999.00 -9999.00 -9999.00 -9999.00 -9999.00 -9999.00 -9999.00 -9999.00 -9999.00 -9999.00 -9999.00 -9999.00 -9999.00 -9999.00 -9999.00 -9999.00 -9999.00 -9999.00 -9999.00 -9999.00 -9999.00 -9999.00
26.39 26.35 26.31 26.31 26.27 26.27 26.25 26.31 26.29 26.30 26.27 26.26 26.32 26.41 26.41 26.50 26.50 26.50 26.44 26.38 26.44 26.50 -9999.00 -9999.00 -9999.00 -9999.00 -9999.00 -9999.00 -9999.00 -9999.00 -9999.00 -9999.00 26.48 26.48 26.48 26.49 26.49 -9999.00 -9999.00 -9999.00 -9999.00 -9999.00 -9999.00 -9999.00 -9999.00 -9999.00 -9999.00 -9999.00 -9999.00 -9999.00 -9999.00 -9999.00 -9999.00 -9999.00 -9999.00 -9999.00 -9999.00 -9999.00 -9999.00 -9999.00 -9999.00 -9999.00 -9999.00 -9999.00 -9999.00 -9999.00 -9999.00 -9999.00 -9999.00 -9999.00 -9999.00
26.42 26.38 26.36 26.35 26.31 26.31 26.34 26.36 26.36 26.38 26.33 26.34 26.51 26.50 -9999.00 -9999.00 -9999.00 -9999.00 26.51 26.50 -9999.00 -9999.00 -9999.00 -9999.00 -9999.00 -9999.00 -9999.00 -9999.00 -9999.00 -9999.00 -9999.00 -9999.00 -9999.00 -9999.00 -9999.00 -9999.00 -9999.00 -9999.00 -9999.00 -9999.00 -9999.00 -9999.00 -9999.00 -9999.00 -9999.00 -9999.00 -9999.00 -9999.00 -9999.00 -9999.00 -9999.00 -9999.00 -9999.00 -9999.00 -9999.00 -9999.00 -9999.00 -9999.00 -9999.00 -9999.00 -9999.00 -9999.00 -9999.00 -9999.00 -9999.00 -9999.00 -9999.00 -9999.00 -9999.00 -9999.00 -9999.00
26.52 26.47 26.40 26.38 26.39 26.39 26.41 26.40 26.44 26.50 26.45 -9999.00 -9999.00 -9999.00 -9999.00 -9999.00 -9999.00 -9999.00 -9999.00 -9999.00 -9999.00 -9999.00 -9999.00 -9999.00 -9999.00 -9999.00 -9999.00 -9999.00 -9999.00 -9999.00 -9999.00 -9999.00 -9999.00 -9999.00 -9999.00 -9999.00 -9999.00 -9999.00 -9999.00 -9999.00 -9999.00 -9999.00 -9999.00 -9999.00 -9999.00 -9999.00 -9999.00 -9999.00 -9999.00 -9999.00 -9999.00 -9999.00 -9999.00 -9999.00 -9999.00 -9999.00 -9999.00 -9999.00 -9999.00 -9999.00 -9999.00 -9999.00 -9999.00 -9999.00 -9999.00 -9999.00 -9999.00 -9999.00 -9999.00 -9999.00 -9999.00
-9999.00 -9999.00 26.52 26.44 26.46 -9999.00 -9999.00 -9999.00 -9999.00 -9999.00 -9999.00 -9999.00 -9999.00 -9999.00 -9999.00 -9999.00 -9999.00 -9999.00 -9999.00 -9999.00 -9999.00 -9999.00 -9999.00 -9999.00 -9999.00 -9999.00 -9999.00 -9999.00 -9999.00 -9999.00 -9999.00 -9999.00 -9999.00 -9999.00 -9999.00 -9999.00 -9999.00 -9999.00 -9999.00 -9999.00 -9999.00 -9999.00 -9999.00 -9999.00 -9999.00 -9999.00 -9999.00 -9999.00 -9999.00 -9999.00 -9999.00 -9999.00 -9999.00 -9999.00 -9999.00 -9999.00 -9999.00 -9999.00 -9999.00 -9999.00 -9999.00 -9999.00 -9999.00 -9999.00 -9999.00 -9999.00 -9999.00 -9999.00 -9999.00 -9999.00 -9999.00
-9999.00 -9999.00 -9999.00 -9999.00 -9999.00 -9999.00 -9999.00 -9999.00 -9999.00 -9999.00 -9999.00 -9999.00 -9999.00 -9999.00 -9999.00 -9999.00 -9999.00 -9999.00 -9999.00 -9999.00 -9999.00 -9999.00 -9999.00 -9999.00 -9999.00 -9999.00 -9999.00 -9999.00 -9999.00 -9999.00 -9999.00 -9999.00 -9999.00 -9999.00 -9999.00 -9999.00 -9999.00 -9999.00 -9999.00 -9999.00 -9999.00 -9999.00 -9999.00 -9999.00 -9999.00 -9999.00 -9999.00 -9999.00 -9999.00 -9999.00 -9999.00 -9999.00 -9999.00 -9999.00 -9999.00 -9999.00 -9999.00 -9999.00 -9999.00 -9999.00 -9999.00 -9999.00 -9999.00 -9999.00 -9999.00 -9999.00 -9999.00 -9999.00 -9999.00 -9999.00 -9999.00
