maui/input/air_temperature_monthly/tmaxnov_250m_maui.asc
ncols        356
nrows        236
xllcorner    -156.702000000000
yllcorner    20.529750000000
cellsize     0.002250000000
NODATA_value  -99.00
[rows 192 to 223 of 236, columns 142 to 212 of 356]
24.72 24.55 24.48 24.38 24.27 24.20 24.18 24.12 24.04 23.91 23.86 23.80 23.81 23.71 23.67 23.68 23.68 23.67 23.72 23.75 23.80 23.80 23.80 23.79 23.91 23.93 23.93 24.02 24.06 24.11 24.20 24.13 24.06 24.02 24.02 24.02 24.00 24.05 24.04 24.02 24.15 24.29 24.36 24.40 24.46 24.53 24.61 24.72 24.79 24.90 24.97 25.05 25.18 25.33 25.50 25.61 25.72 25.71 25.77 25.85 26.01 26.01 26.11 26.19 26.25 26.38 26.46 26.63 26.79 27.00 27.11
24.86 24.82 24.76 24.69 24.58 24.53 24.47 24.43 24.36 24.20 24.13 24.12 24.04 23.98 23.93 23.98 23.97 23.94 23.98 24.03 24.05 24.04 24.09 24.11 24.22 24.20 24.31 24.34 24.51 24.56 24.40 24.31 24.22 24.19 24.20 24.25 24.30 24.27 24.32 24.34 24.40 24.54 24.61 24.65 24.74 24.76 24.82 24.98 25.06 25.20 25.21 25.35 25.42 25.57 25.73 25.86 26.06 26.02 26.10 26.15 26.25 26.34 26.40 26.49 26.53 26.65 26.79 26.99 27.10 27.23 27.87
25.07 25.03 25.04 25.03 24.90 24.79 24.75 24.68 24.59 24.49 24.42 24.36 24.29 24.19 24.14 24.16 24.18 24.22 24.26 24.30 24.36 24.34 24.40 24.37 24.49 24.51 24.52 24.62 24.66 24.62 24.57 24.48 24.32 24.26 24.27 24.35 24.48 24.50 24.56 24.61 24.68 24.81 24.89 24.92 24.98 25.04 25.07 25.21 25.40 25.40 25.50 25.61 25.69 25.80 25.93 26.10 26.22 26.50 26.41 26.45 26.50 26.64 26.71 26.71 26.82 26.90 27.14 27.24 27.40 27.55 27.69
25.24 25.27 25.28 25.25 25.14 25.05 24.99 24.92 24.87 24.72 24.67 24.58 24.53 24.47 24.34 24.38 24.40 24.52 24.52 24.54 24.65 24.62 24.66 24.67 24.68 24.70 24.77 24.77 24.75 24.73 24.69 24.27 24.16 24.29 24.04 24.54 24.61 24.68 24.78 24.87 24.92 25.05 25.18 25.22 25.25 25.31 25.34 25.43 25.60 25.76 25.76 25.80 25.89 26.03 26.16 26.30 26.45 26.60 26.66 26.70 26.79 26.99 27.00 26.98 27.12 27.19 27.30 27.56 27.65 27.76 27.88
25.50 25.48 25.49 25.44 25.39 25.38 25.27 25.19 25.10 25.00 24.90 24.83 24.78 24.73 24.65 24.62 24.69 24.69 24.79 24.82 24.93 24.97 24.93 24.96 24.96 24.95 24.97 24.98 24.91 24.91 24.90 24.34 24.59 24.38 24.71 24.87 24.98 24.96 25.01 25.09 25.14 25.30 25.38 25.46 25.53 25.57 25.57 25.69 25.84 25.96 26.06 26.06 26.15 26.26 26.39 26.55 26.68 26.88 26.99 27.04 27.10 27.14 27.31 27.31 27.35 27.50 27.61 27.77 27.86 27.93 28.10
25.63 25.65 25.63 25.59 25.55 25.57 25.52 25.45 25.34 25.18 25.10 25.03 25.00 24.93 24.89 24.87 24.92 25.03 25.05 25.12 25.16 25.22 25.17 25.17 25.16 25.25 25.25 25.23 25.20 25.23 25.36 25.19 25.00 24.96 25.09 25.12 25.16 25.26 25.29 25.41 25.46 25.56 25.61 25.74 25.77 25.86 25.89 25.88 26.09 26.20 26.33 26.38 26.42 26.52 26.69 26.87 27.03 27.14 27.38 27.31 27.32 27.37 27.53 27.59 27.59 27.75 27.82 27.94 28.06 28.18 -9999.00
25.86 25.85 25.78 25.78 25.72 25.72 25.68 25.60 25.54 25.44 25.36 25.25 25.26 25.17 25.13 25.18 25.32 25.36 25.35 25.31 25.38 25.41 25.43 25.44 25.47 25.48 25.48 25.51 25.46 25.50 25.52 25.42 25.32 24.81 25.28 25.35 25.41 25.49 25.55 25.65 25.70 25.78 25.83 25.92 26.05 26.09 26.19 26.20 26.35 26.43 26.62 26.62 26.73 26.81 26.93 27.10 27.26 27.34 27.46 27.56 27.58 27.64 27.76 27.81 27.83 27.94 28.06 28.12 28.27 -9999.00 -9999.00
26.07 26.01 25.95 25.92 25.76 25.37 25.66 25.81 25.77 25.70 25.58 25.52 25.48 25.46 25.46 25.57 25.62 25.59 25.63 25.63 25.63 25.63 25.63 25.62 25.65 25.65 25.69 25.68 25.63 25.68 25.67 25.58 25.37 25.28 25.22 25.69 25.72 25.73 25.79 25.91 25.95 26.04 26.02 26.12 26.25 26.40 26.43 26.46 26.61 26.74 26.89 26.95 27.00 27.06 27.17 27.34 27.46 27.52 27.61 27.73 27.84 27.95 28.01 28.07 28.13 28.18 28.33 -9999.00 -9999.00 -9999.00 -9999.00
26.21 26.13 26.08 26.01 25.67 25.71 25.88 25.96 25.95 25.90 25.78 25.79 25.76 25.75 25.78 25.80 25.85 25.86 25.89 25.88 25.89 25.86 25.79 25.87 25.86 25.81 25.86 25.82 25.82 25.87 25.82 25.85 25.79 25.61 25.64 26.00 26.01 26.01 26.08 26.14 26.24 26.29 26.30 26.43 26.47 26.57 26.72 26.85 26.95 27.00 27.15 27.20 27.26 27.30 27.39 27.50 27.64 27.78 27.84 27.88 27.97 28.16 28.24 -9999.00 -9999.00 -9999.00 -9999.00 -9999.00 -9999.00 -9999.00 -9999.00
26.35 26.30 26.26 26.27 26.22 26.03 25.99 26.07 26.15 26.06 25.97 26.00 25.99 25.99 26.00 26.00 26.01 26.05 26.07 26.06 26.08 26.08 26.01 25.96 25.99 26.00 26.05 26.03 26.01 26.04 26.05 26.06 25.94 25.87 25.92 26.15 26.22 26.25 26.30 26.33 26.42 26.52 26.57 26.64 26.70 26.84 26.96 27.08 27.20 27.26 27.35 27.41 27.48 27.55 27.61 27.75 27.78 27.96 28.06 28.10 28.20 -9999.00 -9999.00 -9999.00 -9999.00 -9999.00 -9999.00 -9999.00 -9999.00 -9999.00 -9999.00
26.56 26.42 26.36 26.37 26.38 26.28 26.14 26.22 26.28 26.23 26.16 26.19 26.21 26.20 26.27 26.27 26.23 26.20 26.24 26.28 26.30 26.28 26.27 26.22 26.31 26.25 26.24 26.21 26.22 26.24 26.24 26.26 26.18 26.17 26.23 26.41 26.49 26.51 26.54 26.57 26.64 26.70 26.80 26.88 27.00 27.06 27.22 27.31 27.40 27.50 27.57 27.58 27.64 27.74 27.83 27.91 28.01 28.14 28.25 28.35 -9999.00 -9999.00 -9999.00 -9999.00 -9999.00 -9999.00 -9999.00 -9999.00 -9999.00 -9999.00 -9999.00
26.72 26.63 26.60 26.59 26.53 26.42 26.28 26.28 26.27 26.39 26.36 26.41 26.43 26.40 26.43 26.48 26.46 26.42 26.48 26.50 26.48 26.51 26.52 26.54 26.43 26.44 26.41 26.36 26.35 26.43 26.48 26.47 26.39 26.42 26.51 26.65 26.70 26.72 26.76 26.83 26.88 26.96 27.07 27.13 27.24 27.27 27.43 27.57 27.61 27.72 27.81 27.82 27.87 27.96 27.99 28.11 28.24 -9999.00 -9999.00 -9999.00 -9999.00 -9999.00 -9999.00 -9999.00 -9999.00 -9999.00 -9999.00 -9999.00 -9999.00 -9999.00 -9999.00
26.97 26.84 26.83 26.78 26.68 26.61 26.52 26.53 26.79 26.73 26.63 26.57 26.66 26.64 26.69 26.70 26.66 26.66 26.73 26.74 26.75 26.73 26.73 26.69 26.73 26.72 26.64 26.58 26.56 26.62 26.67 26.69 26.65 26.68 26.76 26.87 26.90 26.92 26.97 27.02 27.13 27.21 27.34 27.40 27.47 27.44 27.63 27.74 27.88 27.96 28.02 28.04 28.10 28.14 28.22 28.37 -9999.00 -9999.00 -9999.00 -9999.00 -9999.00 -9999.00 -9999.00 -9999.00 -9999.00 -9999.00 -9999.00 -9999.00 -9999.00 -9999.00 -9999.00
27.14 27.07 27.00 26.92 26.89 26.82 26.78 26.76 26.87 26.99 26.92 26.81 26.89 26.92 26.89 26.89 26.88 26.96 26.94 26.96 26.97 26.95 26.94 27.09 27.00 26.95 26.84 26.79 26.79 26.86 26.87 26.87 26.91 26.89 26.94 27.07 27.13 27.13 27.19 27.26 27.35 27.41 27.50 27.66 27.75 27.82 27.89 27.98 28.05 28.12 28.20 28.33 28.38 28.35 -9999.00 -9999.00 -9999.00 -9999.00 -9999.00 -9999.00 -9999.00 -9999.00 -9999.00 -9999.00 -9999.00 -9999.00 -9999.00 -9999.00 -9999.00 -9999.00 -9999.00
27.31 27.23 27.15 27.15 27.12 27.04 27.00 27.01 27.07 27.15 27.16 27.10 27.19 27.16 27.11 27.12 27.07 27.16 27.16 27.15 27.19 27.22 27.21 27.26 27.19 27.13 27.06 27.03 27.02 27.05 27.07 27.10 27.17 27.14 27.19 27.29 27.34 27.37 27.38 27.46 27.52 27.65 27.78 27.86 28.02 28.10 28.10 28.18 28.29 28.31 -9999.00 -9999.00 -9999.00 -9999.00 -9999.00 -9999.00 -9999.00 -9999.00 -9999.00 -9999.00 -9999.00 -9999.00 -9999.00 -9999.00 -9999.00 -9999.00 -9999.00 -9999.00 -9999.00 -9999.00 -9999.00
27.40 27.37 27.36 27.36 27.33 27.25 27.24 27.24 27.29 27.26 27.40 27.39 27.43 27.26 27.32 27.34 27.33 27.38 27.39 27.40 27.43 27.44 27.46 27.39 27.35 27.33 27.29 27.30 27.29 27.29 27.32 27.32 27.36 27.38 27.44 27.50 27.54 27.60 27.62 27.67 27.71 27.82 28.02 28.14 28.27 28.36 28.34 28.39 -9999.00 -9999.00 -9999.00 -9999.00 -9999.00 -9999.00 -9999.00 -9999.00 -9999.00 -9999.00 -9999.00 -9999.00 -9999.00 -9999.00 -9999.00 -9999.00 -9999.00 -9999.00 -9999.00 -9999.00 -9999.00 -9999.00 -9999.00
27.59 27.56 27.57 27.57 27.52 27.45 27.48 27.49 27.49 27.47 27.54 27.62 27.66 27.52 27.56 27.52 27.56 27.62 27.62 27.58 27.60 27.59 27.64 27.63 27.56 27.51 27.52 27.54 27.53 27.56 27.57 27.62 27.60 27.65 27.67 27.72 27.76 27.80 27.83 27.87 27.94 28.02 28.13 28.32 -9999.00 -9999.00 -9999.00 -9999.00 -9999.00 -9999.00 -9999.00 -9999.00 -9999.00 -9999.00 -9999.00 -9999.00 -9999.00 -9999.00 -9999.00 -9999.00 -9999.00 -9999.00 -9999.00 -9999.00 -9999.00 -9999.00 -9999.00 -9999.00 -9999.00 -9999.00 -9999.00
27.80 27.88 27.82 27.77 27.73 27.68 27.72 27.73 27.71 27.69 27.69 27.77 27.76 27.70 27.73 27.76 27.78 27.79 27.81 27.83 27.84 27.89 27.82 27.81 27.86 27.80 27.79 27.85 27.80 27.80 27.81 27.91 27.89 27.90 27.87 27.93 27.98 28.00 28.05 28.10 28.12 28.19 28.33 -9999.00 -9999.00 -9999.00 -9999.00 -9999.00 -9999.00 -9999.00 -9999.00 -9999.00 -9999.00 -9999.00 -9999.00 -9999.00 -9999.00 -9999.00 -9999.00 -9999.00 -9999.00 -9999.00 -9999.00 -9999.00 -9999.00 -9999.00 -9999.00 -9999.00 -9999.00 -9999.00 -9999.00
28.03 28.03 28.03 27.97 27.92 27.88 27.90 27.94 27.98 27.97 27.93 27.98 27.91 27.96 27.90 28.01 27.97 27.96 27.98 28.05 28.08 28.12 28.11 28.02 28.08 28.10 28.09 28.13 28.04 28.03 28.07 28.13 28.16 28.10 28.10 28.13 28.16 28.21 28.25 28.31 28.29 28.37 -9999.00 -9999.00 -9999.00 -9999.00 -9999.00 -9999.00 -9999.00 -9999.00 -9999.00 -9999.00 -9999.00 -9999.00 -9999.00 -9999.00 -9999.00 -9999.00 -9999.00 -9999.00 -9999.00 -9999.00 -9999.00 -9999.00 -9999.00 -9999.00 -9999.00 -9999.00 -9999.00 -9999.00 -9999.00
28.19 28.18 28.14 28.12 28.08 28.04 28.04 28.09 28.10 28.11 28.09 28.09 28.14 28.16 28.21 28.22 28.21 28.25 28.18 28.18 28.25 28.30 28.32 28.28 28.28 28.30 28.33 28.38 28.34 28.27 28.30 28.32 28.32 28.29 28.27 28.29 28.32 28.34 28.40 28.39 -9999.00 -9999.00 -9999.00 -9999.00 -9999.00 -9999.00 -9999.00 -9999.00 -9999.00 -9999.00 -9999.00 -9999.00 -9999.00 -9999.00 -9999.00 -9999.00 -9999.00 -9999.00 -9999.00 -9999.00 -9999.00 -9999.00 -9999.00 -9999.00 -9999.00 -9999.00 -9999.00 -9999.00 -9999.00 -9999.00 -9999.00
28.27 28.23 28.19 28.19 28.15 28.15 28.12 28.18 28.17 28.17 28.14 28.13 28.19 28.29 28.29 28.39 28.39 -9999.00 28.33 28.27 28.33 28.39 -9999.00 -9999.00 -9999.00 -9999.00 -9999.00 -9999.00 -9999.00 -9999.00 -9999.00 -9999.00 -9999.00 -9999.00 28.41 28.42 28.42 -9999.00 -9999.00 -9999.00 -9999.00 -9999.00 -9999.00 -9999.00 -9999.00 -9999.00 -9999.00 -9999.00 -9999.00 -9999.00 -9999.00 -9999.00 -9999.00 -9999.00 -9999.00 -9999.00 -9999.00 -9999.00 -9999.00 -9999.00 -9999.00 -9999.00 -9999.00 -9999.00 -9999.00 -9999.00 -9999.00 -9999.00 -9999.00 -9999.00 -9999.00
28.31 28.26 28.24 28.23 28.19 28.19 28.22 28.24 28.24 28.26 28.21 28.22 28.40 28.39 -9999.00 -9999.00 -9999.00 -9999.00 28.40 28.40 -9999.00 -9999.00 -9999.00 -9999.00 -9999.00 -9999.00 -9999.00 -9999.00 -9999.00 -9999.00 -9999.00 -9999.00 -9999.00 -9999.00 -9999.00 -9999.00 -9999.00 -9999.00 -9999.00 -9999.00 -9999.00 -9999.00 -9999.00 -9999.00 -9999.00 -9999.00 -9999.00 -9999.00 -9999.00 -9999.00 -9999.00 -9999.00 -9999.00 -9999.00 -9999.00 -9999.00 -9999.00 -9999.00 -9999.00 -9999.00 -9999.00 -9999.00 -9999.00 -9999.00 -9999.00 -9999.00 -9999.00 -9999.00 -9999.00 -9999.00 -9999.00
28.42 28.36 28.29 28.27 28.27 28.28 28.29 28.28 28.33 28.39 28.34 -9999.00 -9999.00 -9999.00 -9999.00 -9999.00 -9999.00 -9999.00 -9999.00 -9999.00 -9999.00 -9999.00 -9999.00 -9999.00 -9999.00 -9999.00 -9999.00 -9999.00 -9999.00 -9999.00 -9999.00 -9999.00 -9999.00 -9999.00 -9999.00 -9999.00 -9999.00 -9999.00 -9999.00 -9999.00 -9999.00 -9999.00 -9999.00 -9999.00 -9999.00 -9999.00 -9999.00 -9999.00 -9999.00 -9999.00 -9999.00 -9999.00 -9999.00 -9999.00 -9999.00 -9999.00 -9999.00 -9999.00 -9999.00 -9999.00 -9999.00 -9999.00 -9999.00 -9999.00 -9999.00 -9999.00 -9999.00 -9999.00 -9999.00 -9999.00 -9999.00
-9999.00 -9999.00 28.42 28.34 28.36 28.38 28.40 -9999.00 -9999.00 -9999.00 -9999.00 -9999.00 -9999.00 -9999.00 -9999.00 -9999.00 -9999.00 -9999.00 -9999.00 -9999.00 -9999.00 -9999.00 -9999.00 -9999.00 -9999.00 -9999.00 -9999.00 -9999.00 -9999.00 -9999.00 -9999.00 -9999.00 -9999.00 -9999.00 -9999.00 -9999.00 -9999.00 -9999.00 -9999.00 -9999.00 -9999.00 -9999.00 -9999.00 -9999.00 -9999.00 -9999.00 -9999.00 -9999.00 -9999.00 -9999.00 -9999.00 -9999.00 -9999.00 -9999.00 -9999.00 -9999.00 -9999.00 -9999.00 -9999.00 -9999.00 -9999.00 -9999.00 -9999.00 -9999.00 -9999.00 -9999.00 -9999.00 -9999.00 -9999.00 -9999.00 -9999.00
-9999.00 -9999.00 -9999.00 -9999.00 -9999.00 -9999.00 -9999.00 -9999.00 -9999.00 -9999.00 -9999.00 -9999.00 -9999.00 -9999.00 -9999.00 -9999.00 -9999.00 -9999.00 -9999.00 -9999.00 -9999.00 -9999.00 -9999.00 -9999.00 -9999.00 -9999.00 -9999.00 -9999.00 -9999.00 -9999.00 -9999.00 -9999.00 -9999.00 -9999.00 -9999.00 -9999.00 -9999.00 -9999.00 -9999.00 -9999.00 -9999.00 -9999.00 -9999.00 -9999.00 -9999.00 -9999.00 -9999.00 -9999.00 -9999.00 -9999.00 -9999.00 -9999.00 -9999.00 -9999.00 -9999.00 -9999.00 -9999.00 -9999.00 -9999.00 -9999.00 -9999.00 -9999.00 -9999.00 -9999.00 -9999.00 -9999.00 -9999.00 -9999.00 -9999.00 -9999.00 -9999.00
-9999.00 -9999.00 -9999.00 -9999.00 -9999.00 -9999.00 -9999.00 -9999.00 -9999.00 -9999.00 -9999.00 -9999.00 -9999.00 -9999.00 -9999.00 -9999.00 -9999.00 -9999.00 -9999.00 -9999.00 -9999.00 -9999.00 -9999.00 -9999.00 -9999.00 -9999.00 -9999.00 -9999.00 -9999.00 -9999.00 -9999.00 -9999.00 -9999.00 -9999.00 -9999.00 -9999.00 -9999.00 -9999.00 -9999.00 -9999.00 -9999.00 -9999.00 -9999.00 -9999.00 -9999.00 -9999.00 -9999.00 -9999.00 -9999.00 -9999.00 -9999.00 -9999.00 -9999.00 -9999.00 -9999.00 -9999.00 -9999.00 -9999.00 -9999.00 -9999.00 -9999.00 -9999.00 -9999.00 -9999.00 -9999.00 -9999.00 -9999.00 -9999.00 -9999.00 -9999.00 -9999.00
-9999.00 -9999.00 -9999.00 -9999.00 -9999.00 -9999.00 -9999.00 -9999.00 -9999.00 -9999.00 -9999.00 -9999.00 -9999.00 -9999.00 -9999.00 -9999.00 -9999.00 -9999.00 -9999.00 -9999.00 -9999.00 -9999.00 -9999.00 -9999.00 -9999.00 -9999.00 -9999.00 -9999.00 -9999.00 -9999.00 -9999.00 -9999.00 -9999.00 -9999.00 -9999.00 -9999.00 -9999.00 -9999.00 -9999.00 -9999.00 -9999.00 -9999.00 -9999.00 -9999.00 -9999.00 -9999.00 -9999.00 -9999.00 -9999.00 -9999.00 -9999.00 -9999.00 -9999.00 -9999.00 -9999.00 -9999.00 -9999.00 -9999.00 -9999.00 -9999.00 -9999.00 -9999.00 -9999.00 -9999.00 -9999.00 -9999.00 -9999.00 -9999.00 -9999.00 -9999.00 -9999.00
-9999.00 -9999.00 -9999.00 -9999.00 -9999.00 -9999.00 -9999.00 -9999.00 -9999.00 -9999.00 -9999.00 -9999.00 -9999.00 -9999.00 -9999.00 -9999.00 -9999.00 -9999.00 -9999.00 -9999.00 -9999.00 -9999.00 -9999.00 -9999.00 -9999.00 -9999.00 -9999.00 -9999.00 -9999.00 -9999.00 -9999.00 -9999.00 -9999.00 -9999.00 -9999.00 -9999.00 -9999.00 -9999.00 -9999.00 -9999.00 -9999.00 -9999.00 -9999.00 -9999.00 -9999.00 -9999.00 -9999.00 -9999.00 -9999.00 -9999.00 -9999.00 -9999.00 -9999.00 -9999.00 -9999.00 -9999.00 -9999.00 -9999.00 -9999.00 -9999.00 -9999.00 -9999.00 -9999.00 -9999.00 -9999.00 -9999.00 -9999.00 -9999.00 -9999.00 -9999.00 -9999.00
-9999.00 -9999.00 -9999.00 -9999.00 -9999.00 -9999.00 -9999.00 -9999.00 -9999.00 -9999.00 -9999.00 -9999.00 -9999.00 -9999.00 -9999.00 -9999.00 -9999.00 -9999.00 -9999.00 -9999.00 -9999.00 -9999.00 -9999.00 -9999.00 -9999.00 -9999.00 -9999.00 -9999.00 -9999.00 -9999.00 -9999.00 -9999.00 -9999.00 -9999.00 -9999.00 -9999.00 -9999.00 -9999.00 -9999.00 -9999.00 -9999.00 -9999.00 -9999.00 -9999.00 -9999.00 -9999.00 -9999.00 -9999.00 -9999.00 -9999.00 -9999.00 -9999.00 -9999.00 -9999.00 -9999.00 -9999.00 -9999.00 -9999.00 -9999.00 -9999.00 -9999.00 -9999.00 -9999.00 -9999.00 -9999.00 -9999.00 -9999.00 -9999.00 -9999.00 -9999.00 -9999.00
-9999.00 -9999.00 -9999.00 -9999.00 -9999.00 -9999.00 -9999.00 -9999.00 -9999.00 -9999.00 -9999.00 -9999.00 -9999.00 -9999.00 -9999.00 -9999.00 -9999.00 -9999.00 -9999.00 -9999.00 -9999.00 -9999.00 -9999.00 -9999.00 -9999.00 -9999.00 -9999.00 -9999.00 -9999.00 -9999.00 -9999.00 -9999.00 -9999.00 -9999.00 -9999.00 -9999.00 -9999.00 -9999.00 -9999.00 -9999.00 -9999.00 -9999.00 -9999.00 -9999.00 -9999.00 -9999.00 -9999.00 -9999.00 -9999.00 -9999.00 -9999.00 -9999.00 -9999.00 -9999.00 -9999.00 -9999.00 -9999.00 -9999.00 -9999.00 -9999.00 -9999.00 -9999.00 -9999.00 -9999.00 -9999.00 -9999.00 -9999.00 -9999.00 -9999.00 -9999.00 -9999.00
-9999.00 -9999.00 -9999.00 -9999.00 -9999.00 -9999.00 -9999.00 -9999.00 -9999.00 -9999.00 -9999.00 -9999.00 -9999.00 -9999.00 -9999.00 -9999.00 -9999.00 -9999.00 -9999.00 -9999.00 -9999.00 -9999.00 -9999.00 -9999.00 -9999.00 -9999.00 -9999.00 -9999.00 -9999.00 -9999.00 -9999.00 -9999.00 -9999.00 -9999.00 -9999.00 -9999.00 -9999.00 -9999.00 -9999.00 -9999.00 -9999.00 -9999.00 -9999.00 -9999.00 -9999.00 -9999.00 -9999.00 -9999.00 -9999.00 -9999.00 -9999.00 -9999.00 -9999.00 -9999.00 -9999.00 -9999.00 -9999.00 -9999.00 -9999.00 -9999.00 -9999.00 -9999.00 -9999.00 -9999.00 -9999.00 -9999.00 -9999.00 -9999.00 -9999.00 -9999.00 -9999.00
-9999.00 -9999.00 -9999.00 -9999.00 -9999.00 -9999.00 -9999.00 -9999.00 -9999.00 -9999.00 -9999.00 -9999.00 -9999.00 -9999.00 -9999.00 -9999.00 -9999.00 -9999.00 -9999.00 -9999.00 -9999.00 -9999.00 -9999.00 -9999.00 -9999.00 -9999.00 -9999.00 -9999.00 -9999.00 -9999.00 -9999.00 -9999.00 -9999.00 -9999.00 -9999.00 -9999.00 -9999.00 -9999.00 -9999.00 -9999.00 -9999.00 -9999.00 -9999.00 -9999.00 -9999.00 -9999.00 -9999.00 -9999.00 -9999.00 -9999.00 -9999.00 -9999.00 -9999.00 -9999.00 -9999.00 -9999.00 -9999.00 -9999.00 -9999.00 -9999.00 -9999.00 -9999.00 -9999.00 -9999.00 -9999.00 -9999.00 -9999.00 -9999.00 -9999.00 -9999.00 -9999.00
