maui/input/air_temperature_monthly/tmaxdec_250m_maui.asc
ncols        356
nrows        236
xllcorner    -156.702000000000
yllcorner    20.529750000000
cellsize     0.002250000000
NODATA_value  -99.00
[rows 93 to 123 of 236, columns 213 to 283 of 356]
21.14 21.15 21.31 21.25 21.30 21.44 21.46 21.74 21.64 21.75 21.98 22.07 22.33 22.38 22.63 22.57 22.80 22.83 22.96 23.08 23.58 24.40 24.60 23.85 24.22 24.68 24.54 24.13 24.13 24.22 24.36 24.90 25.22 25.28 25.33 25.45 25.41 25.42 25.54 25.66 25.75 -9999.00 -9999.00 -9999.00 -9999.00 -9999.00 -9999.00 -9999.00 -9999.00 -9999.00 -9999.00 -9999.00 -9999.00 -9999.00 -9999.00 -9999.00 -9999.00 -9999.00 -9999.00 -9999.00 -9999.00 -9999.00 -9999.00 -9999.00 -9999.00 -9999.00 -9999.00 -9999.00 -9999.00 -9999.00 -9999.00
21.00 20.91 20.95 21.01 21.14 21.26 21.27 21.33 21.45 21.69 21.75 22.12 22.03 22.27 22.37 22.48 22.49 22.70 22.96 23.04 24.19 24.19 23.75 23.76 23.97 23.80 23.72 23.83 23.82 23.98 24.30 24.96 25.11 25.11 25.17 25.22 25.29 25.37 25.49 25.60 25.72 25.83 -9999.00 -9999.00 -9999.00 -9999.00 -9999.00 -9999.00 -9999.00 -9999.00 -9999.00 -9999.00 -9999.00 -9999.00 -9999.00 -9999.00 -9999.00 -9999.00 -9999.00 -9999.00 -9999.00 -9999.00 -9999.00 -9999.00 -9999.00 -9999.00 -9999.00 -9999.00 -9999.00 -9999.00 -9999.00
20.71 20.57 20.66 20.75 20.85 20.96 21.09 21.05 21.33 21.38 21.48 22.06 21.80 21.93 22.18 22.21 22.31 22.58 22.51 23.21 24.45 23.42 23.06 23.12 23.22 23.29 23.47 23.45 23.66 23.78 24.24 24.80 25.01 24.91 24.99 25.05 25.13 25.28 25.58 25.58 25.69 25.80 -9999.00 -9999.00 -9999.00 -9999.00 -9999.00 -9999.00 -9999.00 -9999.00 -9999.00 -9999.00 -9999.00 -9999.00 -9999.00 -9999.00 -9999.00 -9999.00 -9999.00 -9999.00 -9999.00 -9999.00 -9999.00 -9999.00 -9999.00 -9999.00 -9999.00 -9999.00 -9999.00 -9999.00 -9999.00
20.21 20.21 20.49 20.49 20.61 20.70 20.83 20.94 20.95 21.11 21.61 21.49 21.56 21.82 21.84 22.05 22.13 22.35 22.47 23.31 23.71 23.07 23.05 22.93 23.10 23.10 23.12 23.39 23.47 23.96 24.44 24.56 24.73 24.68 24.78 24.84 24.95 25.35 25.56 25.62 25.71 25.80 -9999.00 -9999.00 -9999.00 -9999.00 -9999.00 -9999.00 -9999.00 -9999.00 -9999.00 -9999.00 -9999.00 -9999.00 -9999.00 -9999.00 -9999.00 -9999.00 -9999.00 -9999.00 -9999.00 -9999.00 -9999.00 -9999.00 -9999.00 -9999.00 -9999.00 -9999.00 -9999.00 -9999.00 -9999.00
19.90 20.04 20.11 20.16 20.39 20.36 20.46 20.57 20.78 21.07 21.11 21.22 21.50 21.57 21.77 21.81 22.06 22.09 22.28 22.85 23.08 22.56 22.66 22.74 22.96 22.87 22.97 23.11 23.37 23.65 24.23 24.49 24.49 24.53 24.60 24.68 24.72 25.32 25.50 25.59 25.67 25.76 -9999.00 -9999.00 -9999.00 -9999.00 -9999.00 -9999.00 -9999.00 -9999.00 -9999.00 -9999.00 -9999.00 -9999.00 -9999.00 -9999.00 -9999.00 -9999.00 -9999.00 -9999.00 -9999.00 -9999.00 -9999.00 -9999.00 -9999.00 -9999.00 -9999.00 -9999.00 -9999.00 -9999.00 -9999.00
19.84 19.79 19.83 19.97 20.11 20.08 20.23 20.54 20.63 20.72 20.85 21.01 21.08 21.23 21.39 21.50 21.67 21.86 22.24 22.86 22.59 22.43 22.40 22.50 22.53 22.67 22.81 22.90 23.33 23.57 24.03 24.38 24.35 24.44 24.46 24.53 24.60 24.95 25.35 25.49 25.49 25.62 -9999.00 -9999.00 -9999.00 -9999.00 -9999.00 -9999.00 -9999.00 -9999.00 -9999.00 -9999.00 -9999.00 -9999.00 -9999.00 -9999.00 -9999.00 -9999.00 -9999.00 -9999.00 -9999.00 -9999.00 -9999.00 -9999.00 -9999.00 -9999.00 -9999.00 -9999.00 -9999.00 -9999.00 -9999.00
19.49 19.58 19.65 19.69 19.77 19.88 20.22 20.20 20.32 20.45 20.61 20.60 20.81 20.88 20.99 21.26 21.41 21.53 22.19 23.02 22.00 22.12 22.10 22.13 22.26 22.45 22.81 23.25 23.69 23.92 24.21 24.16 24.25 24.29 24.36 24.43 24.43 24.38 25.07 25.19 24.72 24.83 25.29 -9999.00 25.73 -9999.00 -9999.00 -9999.00 -9999.00 -9999.00 -9999.00 -9999.00 -9999.00 -9999.00 -9999.00 -9999.00 -9999.00 -9999.00 -9999.00 -9999.00 -9999.00 -9999.00 -9999.00 -9999.00 -9999.00 -9999.00 -9999.00 -9999.00 -9999.00 -9999.00 -9999.00
19.32 19.30 19.35 19.36 19.44 19.53 19.96 19.95 19.94 20.04 20.29 20.27 20.50 20.60 20.70 20.84 20.89 21.90 22.65 21.80 21.70 21.69 21.79 21.90 22.05 22.26 23.08 23.53 23.73 23.82 23.86 24.00 24.04 24.17 24.05 24.21 23.74 23.76 24.63 24.27 24.42 24.39 25.33 25.53 24.96 -9999.00 -9999.00 -9999.00 -9999.00 -9999.00 -9999.00 -9999.00 -9999.00 -9999.00 -9999.00 -9999.00 -9999.00 -9999.00 -9999.00 -9999.00 -9999.00 -9999.00 -9999.00 -9999.00 -9999.00 -9999.00 -9999.00 -9999.00 -9999.00 -9999.00 -9999.00
19.05 19.11 19.00 19.11 19.19 19.46 19.45 19.58 19.74 19.81 20.01 20.02 20.15 20.30 20.49 20.65 21.16 21.40 21.18 21.25 21.39 21.41 21.74 22.20 22.45 22.39 23.08 23.55 23.57 23.65 23.72 23.85 23.90 24.02 23.52 23.37 23.39 24.07 23.74 23.96 24.20 24.28 24.45 25.09 24.72 24.90 -9999.00 -9999.00 -9999.00 -9999.00 -9999.00 -9999.00 -9999.00 -9999.00 -9999.00 -9999.00 -9999.00 -9999.00 -9999.00 -9999.00 -9999.00 -9999.00 -9999.00 -9999.00 -9999.00 -9999.00 -9999.00 -9999.00 -9999.00 -9999.00 -9999.00
18.81 19.00 18.84 18.94 19.06 19.08 19.22 19.30 19.46 19.53 19.61 19.73 19.94 20.13 20.25 20.69 20.58 20.72 20.85 20.93 21.01 21.60 22.58 22.48 22.84 22.97 23.14 23.28 23.38 23.48 23.56 23.70 23.70 23.60 23.01 23.10 23.16 23.52 23.42 23.72 23.76 23.89 24.14 24.26 24.39 25.20 24.93 -9999.00 -9999.00 -9999.00 -9999.00 -9999.00 -9999.00 -9999.00 -9999.00 -9999.00 -9999.00 -9999.00 -9999.00 -9999.00 -9999.00 -9999.00 -9999.00 -9999.00 -9999.00 -9999.00 -9999.00 -9999.00 -9999.00 -9999.00 -9999.00
18.68 18.70 18.68 18.99 18.78 18.97 19.05 19.18 19.27 19.44 19.39 19.51 19.64 19.84 20.17 20.25 20.26 20.40 20.47 20.69 21.37 21.86 22.07 22.24 22.46 22.73 22.90 23.03 23.16 22.99 23.41 23.44 23.02 22.77 22.76 22.84 23.07 23.12 23.25 23.58 23.51 23.63 24.07 24.10 24.23 24.42 24.74 -9999.00 -9999.00 -9999.00 -9999.00 -9999.00 -9999.00 -9999.00 -9999.00 -9999.00 -9999.00 -9999.00 -9999.00 -9999.00 -9999.00 -9999.00 -9999.00 -9999.00 -9999.00 -9999.00 -9999.00 -9999.00 -9999.00 -9999.00 -9999.00
18.56 18.48 18.58 18.72 18.68 18.69 18.77 18.92 18.97 19.03 19.14 19.28 19.51 19.61 19.85 19.81 19.91 20.10 20.23 20.72 21.52 21.65 21.80 22.01 22.27 22.53 22.66 22.79 22.55 22.34 22.79 22.52 22.28 22.39 22.49 22.72 22.77 22.94 23.07 23.21 23.26 23.74 23.55 23.82 23.97 24.41 24.99 -9999.00 -9999.00 -9999.00 -9999.00 -9999.00 -9999.00 -9999.00 -9999.00 -9999.00 25.85 25.82 25.84 25.87 25.91 -9999.00 -9999.00 -9999.00 -9999.00 -9999.00 -9999.00 -9999.00 -9999.00 -9999.00 -9999.00
18.29 18.30 18.35 18.36 18.43 18.51 18.79 18.72 18.91 18.81 18.96 19.27 19.18 19.42 19.51 19.60 19.67 19.79 19.95 20.82 21.30 21.42 21.54 21.72 22.03 22.42 22.52 22.37 21.67 21.91 21.74 21.80 21.95 22.08 22.25 22.38 22.56 22.61 22.93 22.94 23.22 23.40 23.49 23.64 23.73 24.05 24.36 24.73 24.94 24.63 24.87 -9999.00 24.94 25.46 25.21 25.31 25.57 25.60 25.66 25.70 25.74 25.71 25.81 -9999.00 -9999.00 -9999.00 -9999.00 -9999.00 -9999.00 -9999.00 -9999.00
18.04 18.04 18.17 18.18 18.28 18.42 18.44 18.57 18.59 18.65 18.91 18.82 18.87 19.07 19.18 19.31 19.41 19.78 20.48 20.95 21.10 21.20 21.30 21.26 22.16 22.31 22.31 21.70 21.34 21.35 21.38 21.50 21.66 21.82 21.90 22.13 22.36 22.57 22.51 22.75 22.87 23.01 23.04 23.18 23.53 23.53 23.78 24.34 24.58 24.42 24.65 24.70 24.62 25.09 24.92 25.15 25.20 25.36 25.38 25.48 25.55 25.54 25.67 25.71 25.79 -9999.00 -9999.00 -9999.00 -9999.00 -9999.00 -9999.00
17.81 17.88 18.08 18.11 18.00 18.33 18.26 18.30 18.35 18.52 18.49 18.57 18.72 18.87 18.94 19.24 20.07 20.50 20.54 20.70 20.85 20.97 20.81 21.46 21.74 22.09 21.97 21.26 21.00 21.01 21.05 21.25 21.44 21.49 21.63 21.81 22.01 22.13 22.49 22.41 22.62 22.67 22.75 22.95 23.01 23.19 23.55 23.90 24.02 24.07 24.20 24.19 24.35 24.41 24.64 24.82 25.02 25.05 25.17 25.21 25.26 25.40 25.48 25.60 25.69 25.79 -9999.00 -9999.00 -9999.00 -9999.00 -9999.00
17.69 17.72 17.70 17.83 17.90 18.03 18.04 18.14 18.30 18.38 18.31 18.40 18.47 18.64 19.14 20.00 20.20 20.20 20.23 20.44 20.57 20.40 20.01 20.12 20.65 21.20 21.19 20.87 20.60 20.74 20.79 20.95 21.08 21.22 21.41 21.63 21.84 21.86 22.06 22.36 22.30 22.36 22.51 22.63 22.72 22.92 23.38 23.45 23.56 23.80 23.80 23.93 24.11 24.18 24.32 24.56 24.71 24.79 24.90 25.00 25.06 25.16 25.27 25.49 25.58 25.62 25.61 25.67 -9999.00 -9999.00 -9999.00
17.53 17.62 17.68 17.66 17.80 17.84 17.91 18.05 18.18 18.10 18.12 18.28 18.53 19.52 19.83 19.98 19.96 19.97 20.12 20.23 20.08 19.70 19.55 19.83 19.83 20.06 20.36 20.22 20.34 20.44 20.53 20.79 20.89 21.14 21.19 21.50 21.45 21.62 21.73 22.02 21.96 22.16 22.23 22.35 22.46 22.66 22.79 23.02 23.56 23.29 23.47 23.71 23.96 23.91 24.07 24.22 24.41 24.46 24.62 24.76 24.89 25.00 25.18 25.30 25.35 25.39 25.46 25.55 25.72 25.81 -9999.00
17.39 17.48 17.52 17.59 17.72 17.72 17.90 17.86 17.86 17.92 18.07 18.18 19.04 19.72 19.82 19.88 19.77 19.83 19.87 19.73 19.38 19.13 19.36 19.45 19.55 19.70 19.82 19.88 20.17 20.11 20.29 20.44 20.63 20.82 20.95 21.20 21.19 21.63 21.44 21.68 21.72 21.74 22.00 22.04 22.18 22.39 22.53 22.73 23.04 22.98 23.26 23.65 23.52 23.67 23.80 23.96 24.13 24.18 24.33 24.55 24.69 24.84 24.91 25.05 25.10 25.16 25.28 25.45 25.54 25.66 -9999.00
17.30 17.36 17.41 17.60 17.57 17.73 17.69 17.66 17.75 17.78 17.92 18.75 19.67 19.72 19.75 19.69 19.64 19.59 19.40 18.75 18.81 18.87 19.07 19.19 19.28 19.40 19.61 19.68 19.77 19.86 19.98 20.08 20.33 20.56 20.93 20.78 20.91 21.21 21.16 21.33 21.42 21.60 21.72 21.81 21.91 22.08 22.25 22.43 22.57 22.76 23.13 23.16 23.26 23.40 23.56 23.72 23.88 23.94 24.03 24.29 24.45 24.53 24.63 24.72 24.89 24.96 25.07 25.26 25.36 25.46 25.65
17.27 17.31 17.35 17.48 17.52 17.69 17.54 17.59 17.64 17.73 18.50 19.64 19.70 19.61 19.59 19.46 19.52 19.41 18.89 18.45 18.60 18.77 18.87 18.95 19.06 19.28 19.41 19.54 19.51 19.53 19.63 19.78 19.98 20.24 20.50 20.48 20.61 20.90 20.90 21.04 21.15 21.32 21.49 21.52 21.67 21.83 21.99 22.17 22.41 22.57 22.75 22.87 22.93 23.08 23.26 23.46 23.58 23.65 23.86 23.97 24.14 24.22 24.31 24.48 24.70 24.78 24.89 25.06 25.17 25.27 25.50
17.09 17.09 17.28 17.41 17.47 17.45 17.48 17.45 17.48 18.01 19.26 19.76 19.68 19.51 19.29 19.25 19.24 19.21 18.52 18.33 18.47 18.59 18.65 18.74 18.86 19.12 19.10 19.15 19.21 19.26 19.38 19.56 19.79 20.06 20.02 20.17 20.32 20.49 20.59 20.71 20.88 21.01 21.22 21.27 21.38 21.54 21.72 21.93 22.09 22.26 22.42 22.53 22.61 22.82 23.03 23.25 23.41 23.50 23.58 23.65 23.83 23.91 24.06 24.24 24.42 24.54 24.79 24.86 24.96 25.12 25.22
17.05 17.03 17.19 17.35 17.53 17.36 17.33 17.36 17.41 18.44 19.74 19.61 19.32 19.14 19.04 19.07 19.10 19.05 18.60 18.13 18.28 18.34 18.43 18.59 18.76 18.88 18.84 18.88 18.96 19.04 19.23 19.33 19.72 19.61 19.75 19.91 20.10 20.19 20.33 20.42 20.52 20.69 20.88 20.98 21.11 21.28 21.42 21.60 21.78 21.89 22.02 22.20 22.41 22.69 22.94 23.02 23.22 23.29 23.29 23.38 23.52 23.65 23.80 24.05 24.14 24.35 24.57 24.63 24.74 24.89 24.95
16.85 16.97 17.11 17.29 17.39 17.28 17.19 17.20 17.44 18.72 19.64 19.15 18.45 19.00 18.96 18.93 19.01 18.89 18.73 18.26 18.12 18.18 18.31 18.38 18.46 18.59 18.69 18.76 18.77 18.86 19.00 19.16 19.51 19.39 19.53 19.65 19.74 19.83 20.02 20.12 20.24 20.34 20.52 20.63 20.83 20.99 21.17 21.31 21.49 21.56 21.75 21.95 22.18 22.39 22.49 22.63 22.99 22.84 22.89 23.09 23.23 23.36 23.54 23.72 23.90 24.09 24.26 24.38 24.51 24.65 24.73
16.79 16.94 17.07 17.13 17.15 17.06 17.05 17.13 17.41 18.99 19.23 18.58 18.90 18.90 18.85 18.86 18.86 18.77 18.58 18.16 17.91 18.02 18.13 18.23 18.31 18.39 18.50 18.60 18.60 18.68 18.81 18.89 19.07 19.10 19.29 19.36 19.46 19.46 19.64 19.69 19.81 20.02 20.17 20.31 20.54 20.63 20.80 21.00 21.15 21.27 21.51 21.72 21.87 22.02 22.09 22.27 22.45 22.53 22.57 22.73 22.89 23.02 23.21 23.50 23.65 23.82 23.99 24.12 24.29 24.40 24.55
16.77 16.80 17.09 17.02 16.94 16.84 16.99 17.13 17.75 18.03 18.54 19.11 19.02 18.89 18.79 18.74 18.69 18.59 18.48 17.95 17.73 17.85 17.95 18.04 18.10 18.27 18.28 18.41 18.40 18.57 18.64 18.82 18.85 18.93 19.04 19.20 19.19 19.27 19.37 19.41 19.49 19.71 19.79 19.96 20.13 20.28 20.47 20.64 20.80 21.03 21.21 21.40 21.56 21.70 21.79 22.02 22.09 22.27 22.42 22.43 22.61 22.76 23.01 23.18 23.38 23.57 23.68 23.87 24.02 24.17 24.31
16.70 16.83 16.79 16.81 16.67 16.88 17.05 17.08 17.23 17.41 18.44 19.15 19.01 18.82 18.68 18.62 18.61 18.54 18.47 18.08 17.62 17.76 17.82 17.92 17.93 18.15 18.11 18.17 18.28 18.47 18.72 18.67 18.74 18.82 18.88 18.96 18.94 19.06 19.18 19.19 19.33 19.31 19.43 19.62 19.77 19.95 20.14 20.32 20.48 20.70 20.90 21.04 21.19 21.30 21.45 21.68 21.80 21.96 22.12 22.24 22.39 22.56 22.72 22.92 23.07 23.25 23.42 23.62 23.72 23.92 24.09
16.45 16.49 16.61 16.63 16.61 16.78 16.76 16.95 17.07 17.18 17.89 18.88 18.75 18.61 18.53 18.58 18.58 18.55 18.51 18.14 17.54 17.65 17.76 17.79 17.84 17.94 17.94 18.04 18.18 18.44 18.42 18.49 18.54 18.59 18.68 18.71 18.78 18.83 18.96 19.02 19.02 19.10 19.20 19.27 19.43 19.58 19.76 19.92 20.14 20.38 20.48 20.69 20.87 21.00 21.12 21.27 21.57 21.68 21.86 22.06 22.16 22.34 22.46 22.66 22.76 22.96 23.12 23.29 23.49 23.69 23.92
16.37 16.36 16.42 16.47 16.64 16.55 16.64 16.81 16.91 17.07 17.11 17.52 18.26 18.33 18.38 18.44 18.50 18.56 18.51 18.23 17.46 17.48 17.52 17.68 17.79 17.74 17.85 17.97 18.13 18.19 18.18 18.29 18.33 18.40 18.49 18.53 18.58 18.65 18.76 18.81 18.83 18.87 18.93 19.01 19.15 19.22 19.32 19.54 19.78 19.95 20.10 20.31 20.52 20.64 20.80 21.05 21.30 21.46 21.63 21.83 21.93 22.06 22.18 22.27 22.49 22.67 22.89 23.05 23.22 23.45 23.66
16.02 16.08 16.17 16.26 16.34 16.34 16.44 16.55 16.77 16.86 17.22 17.95 18.03 18.16 18.31 18.40 18.47 18.55 18.48 18.13 17.43 17.45 17.46 17.62 17.63 17.65 17.74 17.81 17.88 18.13 18.02 18.11 18.17 18.23 18.30 18.32 18.41 18.57 18.60 18.60 18.68 18.70 18.75 18.82 18.86 18.92 18.98 19.14 19.32 19.55 19.75 19.96 20.20 20.37 20.51 20.69 20.99 21.23 21.42 21.58 21.71 21.81 21.98 22.10 22.26 22.45 22.65 22.80 22.96 23.16 23.41
15.79 16.14 15.94 16.20 16.15 16.24 16.26 16.40 16.57 16.76 17.78 17.90 17.92 18.04 18.15 18.30 18.45 18.50 18.44 17.69 17.34 17.38 17.42 17.52 17.49 17.64 17.62 17.72 17.77 17.83 17.90 17.97 17.99 18.09 18.16 18.18 18.23 18.33 18.46 18.48 18.55 18.59 18.60 18.61 18.61 18.63 18.70 18.83 18.95 19.15 19.35 19.61 19.83 20.01 20.14 20.41 20.74 20.98 21.14 21.32 21.42 21.57 21.70 21.78 22.03 22.24 22.39 22.59 22.73 22.90 23.10
15.62 15.68 15.72 15.78 15.85 16.00 16.09 16.20 16.40 16.77 17.70 17.73 17.76 17.90 18.04 18.23 18.39 18.47 18.16 17.32 17.31 17.34 17.38 17.40 17.59 17.54 17.65 17.61 17.72 17.70 17.77 17.79 17.81 17.88 17.98 18.01 18.06 18.18 18.21 18.35 18.39 18.43 18.43 18.39 18.38 18.41 18.44 18.57 18.68 18.81 19.03 19.27 19.46 19.66 19.86 20.08 20.38 20.59 20.76 20.94 21.00 21.25 21.44 21.56 21.71 21.99 22.16 22.25 22.38 22.51 22.68
