maui/input/air_temperature_monthly/tmaxmar_250m_maui.asc
ncols        356
nrows        236
xllcorner    -156.702000000000
yllcorner    20.529750000000
cellsize     0.002250000000
NODATA_value  -99.00
[rows 93 to 123 of 236, columns 213 to 283 of 356]
20.88 20.91 21.09 21.03 21.07 21.24 21.28 21.57 21.45 21.58 21.80 21.88 22.14 22.19 22.46 22.40 22.65 22.69 22.84 22.98 23.53 24.41 24.61 23.81 24.21 24.69 24.55 24.12 24.10 24.17 24.29 24.82 25.12 25.14 25.19 25.31 25.28 25.30 25.43 25.57 25.66 -9999.00 -9999.00 -9999.00 -9999.00 -9999.00 -9999.00 -9999.00 -9999.00 -9999.00 -9999.00 -9999.00 -9999.00 -9999.00 -9999.00 -9999.00 -9999.00 -9999.00 -9999.00 -9999.00 -9999.00 -9999.00 -9999.00 -9999.00 -9999.00 -9999.00 -9999.00 -9999.00 -9999.00 -9999.00 -9999.00
20.77 20.70 20.75 20.79 20.91 21.04 21.06 21.11 21.26 21.54 21.59 21.96 21.84 22.08 22.18 22.30 22.33 22.55 22.83 22.93 24.15 24.18 23.71 23.73 23.94 23.76 23.68 23.81 23.80 23.95 24.26 24.93 25.06 25.02 25.07 25.10 25.16 25.24 25.36 25.48 25.61 25.72 -9999.00 -9999.00 -9999.00 -9999.00 -9999.00 -9999.00 -9999.00 -9999.00 -9999.00 -9999.00 -9999.00 -9999.00 -9999.00 -9999.00 -9999.00 -9999.00 -9999.00 -9999.00 -9999.00 -9999.00 -9999.00 -9999.00 -9999.00 -9999.00 -9999.00 -9999.00 -9999.00 -9999.00 -9999.00
20.55 20.43 20.52 20.58 20.65 20.74 20.88 20.84 21.16 21.21 21.32 21.91 21.62 21.76 22.01 22.05 22.15 22.44 22.37 23.11 24.41 23.34 22.98 23.05 23.16 23.24 23.42 23.40 23.62 23.76 24.24 24.81 25.01 24.88 24.94 24.98 25.03 25.16 25.44 25.45 25.57 25.67 -9999.00 -9999.00 -9999.00 -9999.00 -9999.00 -9999.00 -9999.00 -9999.00 -9999.00 -9999.00 -9999.00 -9999.00 -9999.00 -9999.00 -9999.00 -9999.00 -9999.00 -9999.00 -9999.00 -9999.00 -9999.00 -9999.00 -9999.00 -9999.00 -9999.00 -9999.00 -9999.00 -9999.00 -9999.00
20.14 20.15 20.42 20.39 20.47 20.53 20.67 20.80 20.82 20.99 21.50 21.35 21.41 21.70 21.70 21.91 22.00 22.24 22.35 23.21 23.62 22.96 22.95 22.83 23.02 23.03 23.05 23.33 23.42 23.94 24.43 24.58 24.74 24.69 24.78 24.82 24.90 25.27 25.45 25.50 25.58 25.66 -9999.00 -9999.00 -9999.00 -9999.00 -9999.00 -9999.00 -9999.00 -9999.00 -9999.00 -9999.00 -9999.00 -9999.00 -9999.00 -9999.00 -9999.00 -9999.00 -9999.00 -9999.00 -9999.00 -9999.00 -9999.00 -9999.00 -9999.00 -9999.00 -9999.00 -9999.00 -9999.00 -9999.00 -9999.00
19.88 20.03 20.10 20.10 20.30 20.26 20.37 20.50 20.74 21.03 21.06 21.16 21.44 21.49 21.68 21.72 22.00 22.03 22.19 22.76 22.98 22.43 22.54 22.62 22.86 22.77 22.89 23.04 23.32 23.61 24.22 24.49 24.50 24.55 24.62 24.70 24.70 25.28 25.44 25.50 25.57 25.61 -9999.00 -9999.00 -9999.00 -9999.00 -9999.00 -9999.00 -9999.00 -9999.00 -9999.00 -9999.00 -9999.00 -9999.00 -9999.00 -9999.00 -9999.00 -9999.00 -9999.00 -9999.00 -9999.00 -9999.00 -9999.00 -9999.00 -9999.00 -9999.00 -9999.00 -9999.00 -9999.00 -9999.00 -9999.00
19.85 19.81 19.85 19.95 20.06 20.03 20.21 20.57 20.67 20.75 20.88 21.05 21.11 21.24 21.38 21.49 21.66 21.84 22.20 22.82 22.52 22.35 22.29 22.39 22.41 22.56 22.71 22.81 23.27 23.53 24.02 24.39 24.36 24.45 24.48 24.56 24.60 24.94 25.33 25.45 25.41 25.49 -9999.00 -9999.00 -9999.00 -9999.00 -9999.00 -9999.00 -9999.00 -9999.00 -9999.00 -9999.00 -9999.00 -9999.00 -9999.00 -9999.00 -9999.00 -9999.00 -9999.00 -9999.00 -9999.00 -9999.00 -9999.00 -9999.00 -9999.00 -9999.00 -9999.00 -9999.00 -9999.00 -9999.00 -9999.00
19.51 19.63 19.70 19.72 19.78 19.90 20.27 20.27 20.41 20.54 20.72 20.72 20.92 20.98 21.08 21.35 21.48 21.59 22.24 23.08 21.98 22.09 22.04 22.05 22.14 22.35 22.73 23.19 23.65 23.90 24.22 24.17 24.28 24.31 24.39 24.46 24.43 24.36 25.08 25.18 24.66 24.73 25.19 -9999.00 25.59 -9999.00 -9999.00 -9999.00 -9999.00 -9999.00 -9999.00 -9999.00 -9999.00 -9999.00 -9999.00 -9999.00 -9999.00 -9999.00 -9999.00 -9999.00 -9999.00 -9999.00 -9999.00 -9999.00 -9999.00 -9999.00 -9999.00 -9999.00 -9999.00 -9999.00 -9999.00
19.37 19.37 19.44 19.44 19.51 19.60 20.06 20.06 20.06 20.18 20.45 20.44 20.68 20.77 20.87 20.99 21.03 22.08 22.83 21.91 21.79 21.75 21.81 21.87 21.98 22.21 23.04 23.50 23.71 23.80 23.86 24.01 24.07 24.20 24.09 24.25 23.73 23.74 24.64 24.26 24.39 24.34 25.30 25.48 24.85 -9999.00 -9999.00 -9999.00 -9999.00 -9999.00 -9999.00 -9999.00 -9999.00 -9999.00 -9999.00 -9999.00 -9999.00 -9999.00 -9999.00 -9999.00 -9999.00 -9999.00 -9999.00 -9999.00 -9999.00 -9999.00 -9999.00 -9999.00 -9999.00 -9999.00 -9999.00
19.13 19.22 19.12 19.24 19.32 19.60 19.59 19.73 19.91 19.99 20.20 20.22 20.36 20.54 20.73 20.87 21.41 21.64 21.38 21.46 21.60 21.58 21.86 22.29 22.49 22.41 23.11 23.58 23.57 23.66 23.74 23.88 23.93 24.07 23.54 23.38 23.40 24.09 23.73 23.96 24.19 24.29 24.45 25.08 24.66 24.80 -9999.00 -9999.00 -9999.00 -9999.00 -9999.00 -9999.00 -9999.00 -9999.00 -9999.00 -9999.00 -9999.00 -9999.00 -9999.00 -9999.00 -9999.00 -9999.00 -9999.00 -9999.00 -9999.00 -9999.00 -9999.00 -9999.00 -9999.00 -9999.00 -9999.00
18.92 19.15 19.01 19.13 19.25 19.26 19.39 19.50 19.67 19.74 19.80 19.94 20.18 20.40 20.54 21.00 20.88 21.00 21.13 21.22 21.30 21.87 22.86 22.70 23.02 23.11 23.26 23.37 23.44 23.54 23.62 23.75 23.75 23.64 23.03 23.12 23.19 23.55 23.44 23.73 23.77 23.91 24.17 24.29 24.38 25.20 24.87 -9999.00 -9999.00 -9999.00 -9999.00 -9999.00 -9999.00 -9999.00 -9999.00 -9999.00 -9999.00 -9999.00 -9999.00 -9999.00 -9999.00 -9999.00 -9999.00 -9999.00 -9999.00 -9999.00 -9999.00 -9999.00 -9999.00 -9999.00 -9999.00
18.81 18.88 18.88 19.22 19.00 19.20 19.27 19.42 19.51 19.66 19.59 19.74 19.90 20.14 20.49 20.57 20.59 20.74 20.81 21.05 21.75 22.22 22.40 22.53 22.73 22.97 23.12 23.23 23.32 23.12 23.52 23.53 23.06 22.78 22.79 22.89 23.13 23.17 23.30 23.64 23.56 23.69 24.15 24.16 24.28 24.44 24.73 -9999.00 -9999.00 -9999.00 -9999.00 -9999.00 -9999.00 -9999.00 -9999.00 -9999.00 -9999.00 -9999.00 -9999.00 -9999.00 -9999.00 -9999.00 -9999.00 -9999.00 -9999.00 -9999.00 -9999.00 -9999.00 -9999.00 -9999.00 -9999.00
18.72 18.68 18.81 18.98 18.93 18.94 19.03 19.19 19.23 19.29 19.40 19.55 19.81 19.92 20.16 20.13 20.26 20.45 20.59 21.12 21.95 22.05 22.18 22.37 22.61 22.85 22.98 23.09 22.80 22.54 22.96 22.65 22.35 22.44 22.55 22.81 22.86 23.02 23.14 23.28 23.34 23.86 23.66 23.91 24.04 24.47 25.05 -9999.00 -9999.00 -9999.00 -9999.00 -9999.00 -9999.00 -9999.00 -9999.00 -9999.00 25.82 25.79 25.82 25.85 25.90 -9999.00 -9999.00 -9999.00 -9999.00 -9999.00 -9999.00 -9999.00 -9999.00 -9999.00 -9999.00
18.46 18.52 18.60 18.62 18.69 18.78 19.08 19.01 19.21 19.11 19.27 19.61 19.53 19.78 19.87 19.95 20.01 20.13 20.32 21.25 21.73 21.85 21.97 22.14 22.46 22.83 22.92 22.73 21.97 22.18 21.95 21.97 22.10 22.22 22.38 22.51 22.68 22.71 23.04 23.05 23.35 23.55 23.65 23.78 23.85 24.14 24.43 24.82 25.01 24.66 24.88 -9999.00 24.90 25.45 25.17 25.25 25.50 25.54 25.62 25.67 25.73 25.71 25.82 -9999.00 -9999.00 -9999.00 -9999.00 -9999.00 -9999.00 -9999.00 -9999.00
18.22 18.26 18.44 18.45 18.55 18.70 18.72 18.87 18.91 18.99 19.28 19.22 19.28 19.50 19.60 19.72 19.79 20.17 20.91 21.40 21.54 21.64 21.75 21.73 22.68 22.81 22.79 22.11 21.70 21.66 21.66 21.73 21.89 22.05 22.11 22.34 22.55 22.72 22.63 22.88 23.00 23.18 23.23 23.36 23.70 23.65 23.89 24.44 24.68 24.49 24.70 24.73 24.65 25.12 24.90 25.09 25.10 25.26 25.32 25.44 25.54 25.54 25.66 25.71 25.80 -9999.00 -9999.00 -9999.00 -9999.00 -9999.00 -9999.00
17.99 18.10 18.35 18.39 18.27 18.62 18.55 18.61 18.69 18.90 18.91 19.02 19.19 19.36 19.43 19.73 20.58 21.02 21.05 21.20 21.35 21.45 21.29 22.00 22.31 22.65 22.50 21.73 21.43 21.38 21.38 21.54 21.74 21.79 21.91 22.08 22.25 22.34 22.69 22.59 22.78 22.85 22.95 23.15 23.20 23.36 23.71 24.03 24.13 24.16 24.27 24.25 24.43 24.48 24.66 24.79 24.93 24.95 25.09 25.16 25.23 25.38 25.46 25.59 25.69 25.81 -9999.00 -9999.00 -9999.00 -9999.00 -9999.00
17.87 17.94 17.96 18.12 18.20 18.33 18.35 18.47 18.67 18.79 18.77 18.90 19.00 19.19 19.73 20.61 20.81 20.80 20.82 21.03 21.16 20.97 20.54 20.66 21.20 21.76 21.74 21.38 21.09 21.19 21.21 21.32 21.45 21.57 21.74 21.95 22.14 22.14 22.32 22.61 22.51 22.58 22.73 22.84 22.92 23.10 23.57 23.60 23.69 23.92 23.89 24.01 24.22 24.28 24.38 24.56 24.66 24.72 24.84 24.94 25.01 25.11 25.23 25.47 25.59 25.64 25.63 25.69 -9999.00 -9999.00 -9999.00
17.70 17.83 17.93 17.95 18.11 18.15 18.23 18.39 18.57 18.52 18.61 18.82 19.12 20.18 20.53 20.67 20.64 20.65 20.80 20.92 20.76 20.35 20.16 20.43 20.41 20.63 20.92 20.76 20.89 20.96 21.03 21.25 21.34 21.56 21.57 21.87 21.79 21.95 22.04 22.33 22.23 22.43 22.47 22.58 22.67 22.85 22.98 23.19 23.74 23.43 23.59 23.83 24.10 24.02 24.15 24.26 24.41 24.45 24.59 24.72 24.83 24.93 25.12 25.27 25.34 25.41 25.49 25.56 25.74 25.83 -9999.00
17.54 17.65 17.73 17.86 18.02 18.02 18.22 18.21 18.26 18.37 18.58 18.74 19.69 20.44 20.56 20.62 20.50 20.56 20.61 20.47 20.10 19.82 20.05 20.11 20.19 20.34 20.44 20.48 20.77 20.69 20.86 20.98 21.17 21.33 21.41 21.63 21.58 22.02 21.80 22.03 22.06 22.05 22.29 22.29 22.40 22.59 22.72 22.91 23.22 23.14 23.42 23.82 23.68 23.79 23.90 24.02 24.18 24.22 24.35 24.55 24.64 24.76 24.83 25.00 25.07 25.17 25.29 25.46 25.56 25.69 -9999.00
17.45 17.52 17.61 17.85 17.84 18.02 18.00 18.01 18.16 18.25 18.45 19.37 20.36 20.45 20.52 20.47 20.41 20.36 20.16 19.48 19.54 19.59 19.77 19.88 19.98 20.11 20.29 20.35 20.44 20.52 20.62 20.70 20.94 21.14 21.49 21.29 21.39 21.67 21.59 21.73 21.80 21.94 22.03 22.09 22.17 22.31 22.46 22.62 22.74 22.95 23.33 23.36 23.44 23.56 23.70 23.82 23.96 24.01 24.11 24.33 24.44 24.48 24.56 24.66 24.84 24.95 25.07 25.27 25.39 25.49 25.68
17.43 17.48 17.55 17.72 17.78 17.99 17.87 17.97 18.06 18.21 19.07 20.32 20.42 20.37 20.37 20.25 20.31 20.21 19.66 19.20 19.34 19.51 19.59 19.67 19.78 20.00 20.12 20.27 20.22 20.23 20.32 20.47 20.67 20.91 21.14 21.08 21.20 21.46 21.41 21.51 21.57 21.68 21.82 21.84 21.97 22.10 22.24 22.40 22.63 22.78 22.95 23.08 23.13 23.28 23.44 23.60 23.68 23.74 23.95 24.04 24.17 24.21 24.28 24.43 24.65 24.75 24.87 25.05 25.19 25.31 25.54
17.25 17.25 17.48 17.65 17.72 17.72 17.80 17.82 17.90 18.52 19.89 20.46 20.43 20.29 20.09 20.05 20.04 20.02 19.30 19.10 19.23 19.34 19.39 19.47 19.59 19.86 19.81 19.86 19.91 19.95 20.08 20.28 20.54 20.80 20.74 20.87 21.00 21.14 21.20 21.27 21.36 21.43 21.60 21.61 21.70 21.85 22.02 22.22 22.37 22.51 22.66 22.75 22.83 23.04 23.24 23.43 23.55 23.64 23.71 23.75 23.89 23.95 24.09 24.24 24.40 24.52 24.77 24.84 24.97 25.16 25.25
17.21 17.20 17.41 17.60 17.79 17.62 17.62 17.69 17.82 18.96 20.39 20.32 20.06 19.91 19.82 19.87 19.91 19.88 19.42 18.92 19.06 19.11 19.19 19.34 19.51 19.61 19.54 19.55 19.60 19.66 19.86 20.00 20.45 20.33 20.49 20.68 20.87 20.92 21.03 21.05 21.08 21.19 21.32 21.38 21.48 21.62 21.76 21.93 22.11 22.20 22.30 22.45 22.65 22.93 23.17 23.22 23.41 23.47 23.46 23.52 23.62 23.74 23.87 24.12 24.19 24.38 24.57 24.61 24.73 24.91 24.98
17.00 17.15 17.33 17.55 17.66 17.55 17.48 17.51 17.82 19.23 20.28 19.83 19.13 19.76 19.75 19.74 19.84 19.73 19.57 19.08 18.92 18.98 19.10 19.15 19.21 19.31 19.37 19.38 19.32 19.36 19.48 19.67 20.08 19.98 20.19 20.38 20.51 20.60 20.77 20.83 20.89 20.94 21.07 21.12 21.27 21.39 21.54 21.67 21.85 21.91 22.08 22.24 22.46 22.65 22.72 22.85 23.21 23.05 23.09 23.28 23.37 23.48 23.66 23.83 23.99 24.15 24.30 24.38 24.51 24.67 24.75
16.94 17.12 17.31 17.41 17.45 17.36 17.35 17.44 17.77 19.49 19.82 19.19 19.57 19.63 19.62 19.67 19.71 19.64 19.46 19.01 18.74 18.84 18.94 19.03 19.08 19.11 19.16 19.17 19.06 19.04 19.12 19.19 19.40 19.48 19.77 19.94 20.12 20.17 20.38 20.43 20.54 20.71 20.83 20.91 21.09 21.11 21.22 21.41 21.54 21.64 21.88 22.06 22.19 22.33 22.35 22.50 22.66 22.75 22.79 22.95 23.07 23.19 23.37 23.65 23.77 23.91 24.05 24.16 24.32 24.42 24.57
16.90 16.98 17.34 17.31 17.26 17.18 17.31 17.44 18.12 18.48 19.07 19.71 19.65 19.58 19.55 19.54 19.54 19.49 19.40 18.84 18.59 18.70 18.79 18.87 18.90 19.02 18.94 18.96 18.81 18.84 18.81 18.96 18.99 19.11 19.31 19.58 19.66 19.82 20.00 20.12 20.24 20.47 20.53 20.66 20.78 20.86 20.98 21.11 21.22 21.43 21.60 21.77 21.93 22.05 22.09 22.28 22.31 22.49 22.64 22.65 22.83 22.96 23.21 23.35 23.52 23.67 23.77 23.96 24.09 24.22 24.34
16.82 17.01 17.02 17.10 17.00 17.25 17.41 17.41 17.58 17.81 18.94 19.72 19.62 19.48 19.40 19.38 19.44 19.44 19.40 19.01 18.52 18.65 18.70 18.78 18.79 18.95 18.81 18.76 18.71 18.75 18.88 18.76 18.80 18.89 19.01 19.15 19.20 19.40 19.62 19.76 19.99 20.05 20.19 20.39 20.52 20.64 20.75 20.88 20.96 21.15 21.34 21.45 21.59 21.68 21.78 21.97 22.04 22.19 22.33 22.46 22.61 22.78 22.94 23.11 23.24 23.38 23.55 23.74 23.83 24.00 24.14
16.57 16.65 16.83 16.91 16.94 17.17 17.14 17.32 17.43 17.57 18.34 19.41 19.32 19.23 19.21 19.31 19.39 19.40 19.41 19.06 18.44 18.57 18.68 18.70 18.74 18.79 18.71 18.71 18.74 18.86 18.69 18.67 18.62 18.64 18.73 18.79 18.89 18.97 19.19 19.36 19.49 19.70 19.88 20.03 20.22 20.34 20.47 20.56 20.70 20.90 20.98 21.16 21.31 21.39 21.46 21.57 21.84 21.93 22.08 22.27 22.37 22.54 22.69 22.87 22.94 23.12 23.27 23.44 23.63 23.80 24.00
16.50 16.53 16.63 16.76 16.99 16.94 17.05 17.22 17.32 17.49 17.55 17.98 18.79 18.90 19.01 19.14 19.27 19.36 19.35 19.09 18.33 18.37 18.45 18.63 18.74 18.64 18.69 18.76 18.84 18.80 18.65 18.63 18.54 18.52 18.56 18.59 18.64 18.70 18.84 18.96 19.08 19.26 19.45 19.65 19.88 19.98 20.07 20.25 20.42 20.54 20.68 20.86 21.00 21.05 21.16 21.37 21.59 21.73 21.87 22.06 22.14 22.26 22.38 22.46 22.66 22.83 23.05 23.21 23.37 23.58 23.76
16.12 16.25 16.42 16.57 16.69 16.73 16.85 16.97 17.19 17.30 17.70 18.46 18.57 18.72 18.91 19.06 19.19 19.29 19.26 18.92 18.25 18.30 18.35 18.56 18.58 18.58 18.63 18.69 18.71 18.90 18.70 18.68 18.60 18.52 18.52 18.47 18.50 18.63 18.64 18.65 18.78 18.90 19.05 19.25 19.40 19.56 19.67 19.84 20.00 20.22 20.40 20.57 20.75 20.83 20.92 21.05 21.31 21.54 21.70 21.83 21.94 21.99 22.14 22.25 22.40 22.59 22.80 22.96 23.12 23.30 23.52
15.86 16.32 16.18 16.52 16.51 16.63 16.67 16.82 17.00 17.21 18.30 18.43 18.49 18.62 18.74 18.93 19.12 19.19 19.17 18.42 18.10 18.18 18.26 18.40 18.39 18.54 18.52 18.65 18.68 18.70 18.73 18.74 18.64 18.63 18.59 18.50 18.46 18.49 18.55 18.53 18.60 18.68 18.75 18.84 18.93 19.05 19.21 19.40 19.58 19.80 20.00 20.25 20.43 20.55 20.63 20.85 21.13 21.34 21.45 21.59 21.65 21.76 21.85 21.91 22.15 22.36 22.53 22.75 22.89 23.02 23.19
15.67 15.82 15.93 16.07 16.19 16.38 16.49 16.61 16.83 17.24 18.23 18.27 18.33 18.47 18.64 18.84 19.02 19.12 18.84 18.00 18.03 18.08 18.16 18.21 18.43 18.39 18.51 18.49 18.61 18.60 18.69 18.67 18.63 18.65 18.64 18.56 18.52 18.53 18.45 18.50 18.49 18.51 18.51 18.51 18.54 18.63 18.73 18.93 19.10 19.31 19.61 19.92 20.10 20.27 20.44 20.61 20.82 20.98 21.11 21.24 21.25 21.46 21.63 21.72 21.84 22.09 22.28 22.41 22.53 22.62 22.74
