maui/input/air_temperature_monthly/tmaxsep_250m_maui.asc
ncols        356
nrows        236
xllcorner    -156.702000000000
yllcorner    20.529750000000
cellsize     0.002250000000
NODATA_value  -99.00
[rows 64 to 95 of 236, columns 142 to 212 of 356]
30.06 30.02 29.94 29.87 29.86 29.72 29.71 29.61 29.57 29.55 29.61 29.56 29.54 29.43 29.36 29.34 29.29 29.23 29.18 29.13 29.04 28.99 29.50 29.13 28.94 28.91 28.89 28.83 28.79 28.81 28.68 28.79 28.56 28.46 28.60 28.42 28.37 28.36 28.35 28.34 28.25 28.06 28.01 27.90 27.86 28.10 28.11 27.88 27.92 27.79 27.75 27.74 28.09 28.04 27.79 27.87 27.80 27.76 27.77 27.92 28.02 27.92 28.06 28.05 28.03 28.02 28.13 28.35 28.48 -9999.00 -9999.00
30.04 29.99 29.96 29.84 29.76 29.72 29.69 29.61 29.55 29.51 29.56 29.55 29.47 29.42 29.37 29.33 29.30 29.22 29.13 29.02 28.98 28.93 28.88 28.95 28.88 28.87 28.85 28.78 28.69 28.72 28.57 28.81 28.48 28.39 28.55 28.30 28.32 28.31 28.29 28.28 28.08 28.02 27.93 27.93 28.06 27.84 27.76 27.72 27.70 27.70 27.66 28.02 28.00 27.82 27.69 27.73 27.62 27.63 27.66 27.73 27.92 27.79 27.93 27.89 27.95 27.94 28.00 28.11 28.21 -9999.00 28.72
30.04 29.94 29.91 29.84 29.76 29.70 29.64 29.60 29.54 29.50 29.53 29.48 29.50 29.40 29.38 29.32 29.31 29.18 29.10 28.99 28.92 28.86 28.86 29.13 28.82 28.79 28.77 28.68 28.71 28.58 28.60 28.72 28.39 28.28 28.44 28.14 28.23 28.18 28.28 28.13 28.01 28.02 27.85 27.83 27.78 27.78 27.57 27.54 27.53 27.52 27.53 28.01 27.64 27.68 27.60 27.54 27.48 27.48 27.54 27.72 27.64 27.79 27.74 27.69 27.72 27.79 27.99 27.94 28.06 28.15 28.35
29.99 29.90 29.86 29.83 29.75 29.69 29.62 29.57 29.53 29.49 29.43 29.45 29.46 29.39 29.33 29.30 29.19 29.14 29.05 28.97 28.89 28.81 28.76 29.21 28.73 28.72 28.66 28.61 28.57 28.62 28.42 28.41 28.49 28.27 28.32 28.30 28.18 28.08 28.22 28.05 27.94 27.95 27.83 27.74 27.72 27.62 27.48 27.45 27.42 27.43 27.60 27.62 27.54 27.42 27.38 27.46 27.37 27.38 27.53 27.50 27.51 27.66 27.48 27.58 27.61 27.75 27.75 27.83 28.03 28.04 28.11
29.95 29.89 29.84 29.79 29.74 29.68 29.55 29.53 29.50 29.44 29.40 29.42 29.34 29.34 29.27 29.23 29.18 29.07 28.99 28.93 28.79 28.75 28.68 28.87 28.67 28.65 28.55 28.46 28.44 28.41 28.34 28.31 28.26 28.39 28.15 28.08 28.08 27.95 28.15 28.14 27.95 27.82 27.78 27.69 27.66 27.51 27.43 27.35 27.24 27.31 27.38 27.71 27.37 27.29 27.24 27.32 27.29 27.41 27.33 27.40 27.38 27.56 27.42 27.43 27.55 27.64 27.65 27.74 27.79 27.87 27.95
29.91 29.86 29.82 29.74 29.69 29.65 29.55 29.51 29.46 29.40 29.36 29.34 29.26 29.28 29.22 29.18 29.05 28.99 28.92 28.89 28.78 28.70 28.64 28.65 28.65 28.57 28.51 28.41 28.34 28.36 28.25 28.21 28.15 28.29 28.06 28.04 28.09 27.89 27.96 27.83 28.03 27.76 27.71 27.62 27.57 27.44 27.30 27.15 27.15 27.19 27.65 27.30 27.25 27.18 27.22 27.19 27.22 27.27 27.16 27.22 27.29 27.51 27.52 27.34 27.47 27.46 27.65 27.50 27.65 27.72 27.83
29.88 29.82 29.76 29.71 29.65 29.60 29.62 29.50 29.45 29.38 29.34 29.27 29.18 29.18 29.15 29.11 29.03 28.90 28.82 28.76 28.70 28.65 28.54 28.53 28.94 28.46 28.41 28.31 28.27 28.23 28.33 28.21 28.09 28.21 27.97 27.95 28.04 27.82 27.96 27.70 27.71 27.81 27.64 27.53 27.48 27.39 27.24 27.05 27.14 27.35 27.18 27.24 27.27 27.10 27.23 27.04 27.09 27.15 27.06 27.07 27.28 27.37 27.37 27.21 27.42 27.48 27.40 27.37 27.54 27.69 27.89
29.85 29.80 29.75 29.69 29.64 29.59 29.52 29.53 29.45 29.38 29.30 29.26 29.18 29.08 29.02 28.98 28.90 28.91 28.73 28.61 28.64 28.48 28.46 28.46 28.46 28.36 28.27 28.17 28.13 28.13 28.21 28.11 28.04 28.22 27.90 27.87 27.98 27.78 27.89 27.62 27.60 27.59 27.52 27.45 27.43 27.33 27.22 27.19 27.22 27.41 27.20 27.08 27.08 26.98 27.07 26.94 26.94 27.01 26.93 27.05 27.05 27.15 27.24 27.05 27.17 27.19 27.37 27.27 27.38 27.63 27.72
29.82 29.78 29.73 29.69 29.64 29.58 29.50 29.47 29.46 29.38 29.22 29.15 29.14 29.12 28.99 28.88 28.81 28.81 28.67 28.57 28.55 28.50 28.38 28.34 28.27 28.71 28.16 28.02 27.90 27.96 28.09 28.00 27.99 27.97 28.07 27.84 27.82 27.78 27.85 27.61 27.49 27.56 27.50 27.40 27.29 27.23 27.13 27.04 27.05 27.31 27.27 26.95 26.91 26.93 26.98 26.83 26.93 26.93 26.80 26.79 26.97 27.02 27.08 27.00 27.04 26.96 27.03 27.17 27.27 27.38 27.63
29.80 29.75 29.67 29.62 29.58 29.56 29.50 29.45 29.44 29.36 29.27 29.14 29.08 28.99 28.94 28.92 28.76 28.68 28.76 28.53 28.46 28.38 28.29 28.24 28.21 28.35 28.20 28.01 27.71 27.75 28.07 27.95 27.89 27.84 27.83 27.81 27.72 27.78 27.57 27.51 27.44 27.56 27.49 27.29 27.28 27.16 26.98 26.94 26.97 27.16 27.13 26.87 26.85 26.77 26.88 26.70 26.75 26.80 26.75 26.66 26.79 26.85 26.90 26.81 26.86 26.88 26.91 27.05 27.08 27.12 27.40
29.77 29.64 29.60 29.56 29.53 29.51 29.50 29.43 29.42 29.35 29.16 29.11 29.09 28.94 28.89 28.84 28.72 28.63 28.57 28.62 28.49 28.32 28.28 28.19 28.14 28.27 28.76 28.25 27.70 27.66 28.00 27.85 27.85 27.74 27.80 27.67 27.64 27.58 27.55 27.53 27.36 27.51 27.36 27.20 27.14 27.01 26.87 26.81 27.11 26.77 26.96 26.77 26.77 26.57 26.59 26.66 26.56 26.63 26.72 26.49 26.52 26.56 26.77 26.65 26.59 26.61 26.69 26.81 26.75 27.12 27.06
29.69 29.65 29.58 29.52 29.49 29.48 29.44 29.41 29.36 29.30 29.17 29.05 28.97 28.92 28.91 28.74 28.64 28.51 28.39 28.46 28.43 28.30 28.21 28.16 28.11 28.09 28.65 28.01 27.92 27.85 27.86 27.78 27.78 27.66 27.63 27.76 27.53 27.46 27.47 27.40 27.25 27.45 27.29 27.10 27.03 26.95 26.78 26.74 27.02 26.69 26.94 26.62 26.57 26.48 26.47 26.69 26.48 26.62 26.41 26.37 26.33 26.39 26.47 26.36 26.31 26.45 26.47 26.52 26.61 26.77 27.00
29.63 29.62 29.56 29.50 29.47 29.45 29.44 29.40 29.33 29.24 29.14 29.17 28.98 28.90 28.83 28.65 28.56 28.46 28.35 28.35 28.30 28.22 28.21 28.12 28.08 28.04 28.39 27.95 27.89 27.83 27.81 27.75 27.66 27.60 27.55 27.75 27.49 27.40 27.36 27.27 27.23 27.14 27.20 27.11 26.96 26.82 26.70 26.78 26.99 26.59 26.71 26.50 26.38 26.35 26.36 26.49 26.41 26.38 26.25 26.13 26.33 26.09 26.32 26.04 26.20 26.18 26.24 26.26 26.53 26.70 26.83
29.59 29.59 29.60 29.47 29.43 29.39 29.42 29.37 29.27 29.20 29.15 29.07 29.07 28.90 28.76 28.63 28.53 28.48 28.38 28.28 28.27 28.18 28.11 28.05 27.99 27.99 28.33 27.84 27.84 27.77 27.74 27.70 27.60 27.55 27.48 27.47 27.51 27.33 27.30 27.20 27.13 27.08 27.19 27.08 26.87 26.72 26.63 26.73 26.68 26.49 26.61 26.59 26.30 26.15 26.23 26.25 26.10 26.10 26.06 25.97 26.18 25.99 26.04 25.88 25.84 25.93 26.02 26.07 26.15 26.36 26.47
29.58 29.55 29.53 29.53 29.40 29.34 29.34 29.25 29.24 29.18 29.09 29.00 28.93 28.90 28.75 28.66 28.56 28.45 28.37 28.25 28.24 28.12 28.04 27.99 27.91 27.92 28.50 27.80 27.73 27.67 27.63 27.64 27.62 27.48 27.42 27.43 27.40 27.33 27.25 27.14 27.04 27.01 27.01 27.00 26.75 26.61 26.63 26.53 26.69 26.36 26.51 26.46 26.35 26.08 25.96 26.15 26.00 26.02 25.77 25.75 25.85 25.85 25.70 25.68 25.67 25.65 25.76 25.90 25.98 26.26 26.28
29.57 29.52 29.49 29.45 29.38 29.30 29.25 29.17 29.12 29.10 29.05 28.94 28.89 28.86 28.79 28.69 28.60 28.46 28.37 28.25 28.18 28.11 28.00 27.92 27.82 27.95 27.91 27.74 27.65 27.59 27.55 27.55 27.55 27.41 27.35 27.43 27.34 27.25 27.20 27.06 26.94 26.91 27.03 26.77 26.71 26.51 26.46 26.36 26.57 26.27 26.34 26.17 26.18 25.89 25.77 25.95 25.70 25.77 25.64 25.58 25.55 25.53 25.56 25.54 25.36 25.39 25.47 25.67 25.89 26.01 26.02
29.54 29.50 29.46 29.41 29.36 29.36 29.17 29.12 29.07 29.03 28.95 28.87 28.82 28.79 28.67 28.59 28.54 28.47 28.38 28.26 28.14 28.08 27.95 27.87 27.80 28.25 27.82 27.77 27.64 27.51 27.46 27.46 27.45 27.47 27.29 27.30 27.32 27.10 27.11 27.06 26.87 26.73 26.74 26.64 26.63 26.38 26.34 26.26 26.43 26.31 26.07 25.89 25.91 25.75 25.68 25.65 25.55 25.48 25.43 25.40 25.45 25.32 25.23 25.32 25.19 25.20 25.20 25.41 25.54 25.65 25.80
29.52 29.49 29.45 29.37 29.29 29.31 29.13 29.06 28.98 28.94 28.90 28.85 28.78 28.72 28.59 28.52 28.49 28.40 28.30 28.30 28.17 28.02 27.97 27.90 27.79 27.72 28.06 27.69 27.61 27.50 27.41 27.40 27.31 27.26 27.28 27.29 27.12 27.00 27.00 26.89 26.80 26.66 26.72 26.58 26.50 26.29 26.23 26.14 26.44 26.02 26.06 25.78 26.08 25.61 25.51 25.49 25.36 25.39 25.28 25.16 25.20 25.03 25.08 25.01 24.98 24.95 24.93 25.18 25.32 25.45 25.56
29.52 29.45 29.43 29.36 29.25 29.18 29.08 28.97 28.96 28.93 28.86 28.81 28.71 28.61 28.58 28.47 28.40 28.36 28.25 28.16 28.14 28.07 27.95 27.88 27.85 27.76 27.75 27.68 27.53 27.40 27.32 27.25 27.17 27.12 27.18 27.18 27.06 26.98 26.88 26.77 26.67 26.57 26.49 26.46 26.35 26.24 26.11 26.02 26.24 26.08 25.91 25.69 25.77 25.83 25.36 25.39 25.15 25.26 25.07 24.93 25.04 24.89 24.88 24.84 24.77 24.78 24.84 24.98 25.20 25.24 25.32
29.47 29.43 29.37 29.34 29.26 29.16 29.09 29.02 28.89 28.86 28.80 28.72 28.65 28.58 28.52 28.48 28.37 28.30 28.20 28.14 28.19 28.11 27.93 27.80 27.78 27.68 27.63 27.64 27.74 27.39 27.28 27.20 27.11 27.13 27.11 27.16 26.96 26.86 26.75 26.70 26.61 26.55 26.45 26.53 26.30 26.10 26.02 25.94 26.09 26.01 25.67 25.60 25.54 25.51 25.30 25.17 24.98 25.06 24.83 24.81 24.64 24.67 24.70 24.64 24.56 24.57 24.65 24.73 25.05 24.94 25.17
29.42 29.39 29.31 29.25 29.21 29.13 29.07 29.01 28.99 28.82 28.75 28.67 28.62 28.53 28.44 28.42 28.34 28.22 28.19 28.12 28.06 28.00 27.94 27.77 27.70 27.65 27.58 27.53 27.41 27.49 27.32 27.20 27.14 27.07 27.06 27.03 26.88 26.72 26.67 26.58 26.53 26.45 26.34 26.45 26.20 26.06 26.03 25.88 25.91 25.84 25.64 25.41 25.53 25.29 25.35 24.95 24.83 24.74 24.64 24.67 24.50 24.44 24.43 24.40 24.36 24.33 24.48 24.51 24.69 24.78 24.96
29.37 29.34 29.34 29.22 29.15 29.10 29.07 28.98 28.89 28.80 28.69 28.72 28.56 28.49 28.40 28.33 28.29 28.21 28.13 28.09 28.00 27.99 27.88 27.85 27.76 27.65 27.58 27.49 27.38 27.32 27.52 27.45 27.18 27.09 27.04 26.89 26.93 26.65 26.53 26.50 26.43 26.40 26.19 26.30 26.12 26.00 25.93 25.76 25.82 25.56 25.70 25.31 25.21 25.24 25.26 24.82 24.73 24.58 24.40 24.49 24.40 24.28 24.30 24.24 24.21 24.21 24.26 24.35 24.49 24.70 24.70
29.35 29.29 29.24 29.18 29.13 29.05 29.02 28.90 28.81 28.78 28.70 28.61 28.52 28.46 28.38 28.31 28.23 28.15 28.09 28.02 27.94 27.87 27.82 27.77 27.73 27.68 27.58 27.45 27.37 27.28 27.19 27.16 27.31 27.12 26.87 26.78 26.80 26.64 26.47 26.36 26.43 26.32 26.10 26.26 25.99 25.93 25.83 25.72 25.57 25.52 25.42 25.23 25.06 25.18 25.16 24.66 24.72 24.46 24.11 24.21 24.18 24.15 24.16 24.12 24.10 24.08 24.13 24.27 24.37 24.42 24.62
29.34 29.28 29.22 29.17 29.08 29.00 28.98 28.84 28.78 28.72 28.71 28.57 28.47 28.41 28.50 28.32 28.23 28.12 28.00 27.96 27.88 27.81 27.77 27.77 27.68 27.61 27.55 27.47 27.35 27.24 27.17 27.17 27.15 27.20 27.10 26.84 26.75 26.51 26.34 26.12 26.36 26.23 26.18 25.98 25.90 25.78 25.70 25.60 25.48 25.28 25.21 25.38 24.93 24.79 24.97 24.55 24.45 24.36 24.12 24.11 24.06 24.02 24.04 23.96 23.92 23.96 24.03 24.15 24.15 24.24 24.33
29.31 29.29 29.20 29.12 29.07 28.99 28.89 28.84 28.80 28.72 28.62 28.50 28.45 28.39 28.33 28.40 28.19 28.11 27.99 27.88 27.84 27.75 27.70 27.75 27.72 27.57 27.49 27.42 27.35 27.26 27.15 27.24 27.11 27.06 26.91 26.99 26.69 26.50 26.45 26.33 26.20 26.14 26.05 25.92 25.87 25.69 25.59 25.45 25.30 25.18 25.15 25.29 24.81 24.69 24.51 24.71 24.27 24.15 24.00 23.84 23.92 23.89 23.84 23.79 23.77 23.82 23.82 23.90 23.96 24.09 24.18
29.35 29.27 29.20 29.11 29.06 29.00 28.83 28.78 28.75 28.68 28.58 28.49 28.43 28.38 28.33 28.28 28.20 28.25 28.01 27.87 27.79 27.73 27.62 27.56 27.59 27.53 27.46 27.38 27.31 27.26 27.13 27.10 27.10 26.98 26.88 26.78 26.75 26.58 26.39 26.34 26.15 26.04 26.02 25.87 25.73 25.79 25.47 25.37 25.18 25.04 25.06 24.82 24.65 24.47 24.45 24.67 24.33 23.91 23.82 23.79 23.80 23.78 23.71 23.64 23.61 23.62 23.68 23.69 23.95 23.83 23.96
29.31 29.25 29.22 29.17 29.09 29.01 28.88 28.77 28.71 28.68 28.55 28.49 28.44 28.38 28.30 28.19 28.12 28.07 28.12 27.87 27.78 27.71 27.61 27.53 27.49 27.57 27.42 27.31 27.24 27.18 27.08 27.09 26.98 26.92 26.83 26.75 26.74 26.50 26.28 26.13 26.12 25.99 25.93 25.81 25.67 25.51 25.40 25.22 25.08 24.90 24.85 24.66 24.82 24.35 24.40 24.40 23.95 23.83 23.66 23.59 23.61 23.62 23.51 23.44 23.45 23.46 23.48 23.62 23.62 23.67 23.75
29.25 29.22 29.18 29.11 29.06 28.98 28.88 28.77 28.71 28.64 28.58 28.50 28.44 28.35 28.26 28.13 28.02 27.98 27.92 27.88 27.78 27.61 27.55 27.53 27.44 27.40 27.40 27.33 27.23 27.17 27.11 27.02 26.97 26.81 26.70 26.71 26.55 26.74 26.31 25.99 26.00 25.91 25.83 25.74 25.53 25.38 25.32 25.29 24.92 24.74 24.59 24.47 24.38 24.40 24.22 24.11 23.80 23.73 23.54 23.41 23.44 23.45 23.35 23.32 23.31 23.27 23.37 23.59 23.42 23.45 23.41
29.26 29.17 29.12 29.09 29.03 28.98 28.88 28.80 28.71 28.64 28.54 28.48 28.37 28.33 28.25 28.12 27.98 27.91 27.87 27.97 27.73 27.61 27.51 27.46 27.44 27.34 27.34 27.27 27.22 27.17 27.07 26.98 26.91 26.92 26.68 26.63 26.54 26.54 26.38 25.57 25.64 25.88 25.77 25.66 25.51 25.37 25.24 25.11 25.02 24.62 24.41 24.35 24.36 24.40 24.14 24.13 24.00 23.59 23.40 23.27 23.29 23.30 23.22 23.20 23.20 23.16 23.28 23.24 23.27 23.21 23.24
29.19 29.16 29.09 29.03 28.95 28.90 28.83 28.76 28.68 28.60 28.53 28.42 28.36 28.31 28.24 28.12 27.96 27.84 27.79 27.80 27.72 27.57 27.47 27.44 27.39 27.33 27.26 27.21 27.17 27.10 27.01 26.93 26.76 26.70 26.76 26.58 26.53 26.37 26.61 26.04 26.32 26.07 25.79 25.67 25.55 25.36 25.21 24.95 24.77 24.76 24.37 24.26 24.22 24.25 24.02 24.03 23.66 23.64 23.42 23.14 23.15 23.13 23.07 23.02 23.04 23.02 23.03 23.03 23.09 23.03 23.07
29.17 29.09 29.05 29.01 28.92 28.85 28.81 28.72 28.63 28.53 28.47 28.36 28.30 28.24 28.13 28.10 27.95 27.85 27.76 27.67 27.61 27.55 27.51 27.45 27.39 27.33 27.24 27.16 27.11 27.04 26.95 26.82 26.71 26.65 26.60 26.64 26.49 26.29 26.17 26.36 26.22 25.98 26.02 25.82 25.58 25.41 25.10 24.88 24.68 24.51 24.49 24.21 24.19 24.06 23.84 23.90 23.51 23.38 23.39 23.01 23.02 22.92 22.87 22.86 22.85 22.84 23.09 22.88 22.83 22.87 22.89
29.16 29.09 29.02 28.94 28.91 28.84 28.78 28.73 28.67 28.51 28.43 28.34 28.21 28.16 28.05 27.99 27.96 27.88 27.71 27.61 27.59 27.52 27.47 27.42 27.35 27.25 27.24 27.15 27.10 27.03 26.91 26.84 26.70 26.61 26.53 26.58 26.46 26.40 26.17 26.13 26.11 25.91 25.77 25.74 25.56 25.58 25.40 24.94 24.71 24.44 24.30 24.17 23.96 23.97 23.69 23.70 23.63 23.20 23.21 22.94 22.90 22.81 22.78 22.72 22.72 22.78 22.91 22.68 22.64 22.61 22.67
