maui/input/air_temperature_monthly/tmaxjan_250m_maui.asc
ncols        356
nrows        236
xllcorner    -156.702000000000
yllcorner    20.529750000000
cellsize     0.002250000000
NODATA_value  -99.00
[rows 93 to 123 of 236, columns 71 to 141 of 356]
21.42 22.12 22.17 22.62 22.62 22.88 23.51 23.91 24.27 24.46 24.89 25.25 25.37 25.52 25.67 25.74 25.80 25.86 25.92 25.96 26.01 26.05 26.10 26.14 26.18 26.22 26.24 26.27 26.28 26.31 26.32 26.34 26.36 26.37 26.39 26.39 26.38 26.37 26.37 26.36 26.34 26.32 26.29 26.27 26.26 26.23 26.22 26.21 26.20 26.17 26.13 26.05 26.03 26.02 26.02 26.02 25.99 25.97 25.95 25.93 25.92 25.86 25.83 25.81 25.76 25.74 25.70 25.67 25.66 25.64 25.57
20.72 20.74 21.22 22.05 22.76 23.48 23.55 23.86 23.95 24.44 24.88 25.25 25.40 25.57 25.69 25.78 25.85 25.91 25.96 26.01 26.04 26.08 26.12 26.16 26.19 26.22 26.25 26.27 26.29 26.32 26.34 26.35 26.36 26.37 26.39 26.38 26.38 26.37 26.36 26.35 26.33 26.31 26.29 26.27 26.24 26.21 26.20 26.19 26.19 26.16 26.13 26.07 26.02 26.01 26.00 25.99 25.97 25.94 25.94 25.94 25.91 25.88 25.83 25.81 25.75 25.72 25.69 25.67 25.64 25.61 25.56
20.48 21.41 22.30 22.98 23.41 23.76 23.98 24.25 24.45 24.75 24.98 25.18 25.36 25.56 25.70 25.80 25.88 25.94 25.99 26.05 26.07 26.11 26.16 26.17 26.20 26.22 26.25 26.27 26.29 26.30 26.33 26.36 26.37 26.38 26.38 26.37 26.37 26.36 26.35 26.34 26.32 26.31 26.28 26.26 26.23 26.20 26.18 26.17 26.17 26.16 26.13 26.03 25.99 25.99 25.99 25.98 25.95 25.92 25.91 25.92 25.91 25.87 25.84 25.81 25.78 25.74 25.70 25.66 25.63 25.59 25.55
21.11 21.52 21.80 22.27 22.76 23.63 23.88 23.92 24.27 24.75 24.98 25.19 25.37 25.57 25.69 25.80 25.89 25.97 26.03 26.09 26.12 26.13 26.16 26.20 26.21 26.24 26.26 26.27 26.28 26.30 26.33 26.36 26.37 26.37 26.37 26.37 26.36 26.35 26.34 26.33 26.32 26.30 26.28 26.25 26.23 26.21 26.18 26.16 26.16 26.15 26.14 26.10 26.04 25.99 25.98 25.97 25.95 25.92 25.91 25.91 25.90 25.88 25.83 25.80 25.77 25.73 25.69 25.63 25.62 25.57 25.52
21.39 21.61 22.93 23.61 23.75 24.02 24.34 24.53 24.55 24.78 25.13 25.26 25.42 25.61 25.72 25.81 25.90 25.98 26.05 26.11 26.15 26.16 26.19 26.22 26.24 26.25 26.27 26.29 26.31 26.32 26.35 26.36 26.37 26.38 26.37 26.37 26.36 26.34 26.33 26.32 26.31 26.29 26.27 26.24 26.22 26.20 26.18 26.16 26.14 26.14 26.13 26.10 26.08 26.01 25.98 25.97 25.94 25.92 25.90 25.88 25.86 25.85 25.83 25.81 25.76 25.73 25.66 25.62 25.58 25.56 25.52
20.94 21.53 22.12 22.46 22.73 22.98 23.62 24.18 24.62 24.97 25.14 25.31 25.48 25.63 25.74 25.85 25.93 25.99 26.05 26.11 26.15 26.19 26.22 26.25 26.25 26.28 26.29 26.30 26.32 26.34 26.36 26.37 26.38 26.38 26.37 26.37 26.36 26.36 26.33 26.32 26.31 26.29 26.25 26.23 26.21 26.19 26.17 26.15 26.13 26.12 26.10 26.08 26.06 26.05 25.98 25.95 25.93 25.91 25.88 25.86 25.84 25.80 25.82 25.78 25.75 25.73 25.69 25.66 25.62 25.54 25.51
21.97 22.42 22.93 23.42 23.78 23.74 23.95 24.27 24.59 24.98 25.21 25.39 25.54 25.68 25.80 25.88 25.95 26.01 26.07 26.13 26.17 26.20 26.23 26.27 26.29 26.30 26.31 26.32 26.33 26.35 26.37 26.38 26.39 26.39 26.37 26.37 26.35 26.35 26.33 26.31 26.29 26.27 26.26 26.22 26.20 26.18 26.16 26.14 26.12 26.10 26.09 26.07 26.05 26.03 26.02 26.00 25.99 25.92 25.87 25.86 25.82 25.79 25.78 25.77 25.74 25.71 25.66 25.64 25.58 25.53 25.49
20.94 21.41 21.82 22.45 23.03 23.45 24.05 24.42 24.66 25.00 25.20 25.39 25.59 25.75 25.85 25.93 25.98 26.04 26.09 26.14 26.18 26.22 26.25 26.29 26.31 26.32 26.33 26.33 26.35 26.37 26.38 26.39 26.40 26.39 26.38 26.37 26.36 26.34 26.32 26.31 26.28 26.26 26.24 26.22 26.19 26.19 26.15 26.13 26.12 26.10 26.08 26.06 26.03 26.02 26.01 26.00 25.98 25.94 25.89 25.84 25.81 25.78 25.76 25.74 25.72 25.69 25.66 25.63 25.58 25.55 25.51
21.07 21.36 21.76 22.27 22.59 23.01 23.51 23.94 24.44 25.04 25.32 25.46 25.63 25.80 25.90 25.96 26.01 26.07 26.13 26.16 26.19 26.23 26.28 26.31 26.33 26.34 26.34 26.35 26.37 26.38 26.40 26.40 26.41 26.40 26.38 26.38 26.36 26.34 26.32 26.31 26.28 26.26 26.23 26.21 26.19 26.18 26.15 26.14 26.11 26.09 26.07 26.06 26.02 26.01 26.00 25.97 25.95 25.93 25.90 25.85 25.80 25.76 25.74 25.70 25.66 25.66 25.65 25.62 25.49 25.46 25.45
21.30 21.80 22.39 22.22 22.68 23.29 23.68 24.34 24.86 25.15 25.33 25.56 25.71 25.85 25.93 26.00 26.05 26.09 26.14 26.18 26.21 26.24 26.28 26.32 26.35 26.36 26.37 26.38 26.39 26.40 26.41 26.42 26.43 26.40 26.40 26.38 26.36 26.34 26.32 26.30 26.28 26.26 26.23 26.20 26.18 26.17 26.15 26.12 26.10 26.09 26.07 26.04 26.01 26.00 25.97 25.95 25.93 25.91 25.89 25.85 25.80 25.73 25.70 25.64 25.60 25.59 25.62 25.59 25.48 25.42 25.40
21.82 21.97 22.31 23.28 23.07 23.25 23.58 24.13 24.57 25.12 25.41 25.60 25.80 25.88 25.95 26.03 26.09 26.13 26.17 26.20 26.22 26.26 26.30 26.34 26.37 26.39 26.41 26.39 26.40 26.42 26.43 26.44 26.43 26.41 26.40 26.39 26.38 26.36 26.33 26.31 26.30 26.28 26.24 26.20 26.18 26.16 26.14 26.12 26.10 26.08 26.07 26.03 26.01 25.99 25.98 25.91 25.92 25.89 25.87 25.84 25.79 25.74 25.65 25.60 25.56 25.56 25.58 25.56 25.49 25.39 25.35
21.89 22.27 23.16 23.11 23.30 24.15 24.03 24.44 24.82 25.14 25.34 25.58 25.79 25.90 25.97 26.05 26.11 26.18 26.20 26.22 26.26 26.28 26.31 26.35 26.38 26.42 26.44 26.40 26.42 26.44 26.45 26.45 26.44 26.42 26.41 26.40 26.38 26.36 26.34 26.32 26.30 26.29 26.26 26.22 26.20 26.18 26.13 26.11 26.10 26.07 26.05 26.04 26.01 25.99 25.97 25.96 25.94 25.90 25.89 25.84 25.80 25.75 25.67 25.60 25.52 25.48 25.46 25.48 25.50 25.35 25.29
22.07 22.15 22.42 22.77 23.52 24.16 24.33 24.25 24.66 25.17 25.39 25.60 25.80 25.93 26.01 26.09 26.15 26.20 26.24 26.26 26.29 26.32 26.34 26.36 26.39 26.43 26.43 26.43 26.43 26.44 26.45 26.46 26.45 26.44 26.42 26.40 26.39 26.37 26.35 26.34 26.31 26.28 26.25 26.22 26.20 26.19 26.16 26.14 26.09 26.07 26.05 26.04 26.02 25.98 25.94 25.92 25.91 25.88 25.86 25.83 25.81 25.76 25.66 25.57 25.47 25.45 25.42 25.42 25.40 25.31 25.28
23.14 22.49 22.83 23.14 23.15 23.57 24.04 24.61 24.80 24.87 25.13 25.51 25.87 25.98 26.05 26.12 26.18 26.23 26.26 26.30 26.33 26.36 26.38 26.39 26.42 26.44 26.47 26.43 26.46 26.45 26.46 26.47 26.46 26.45 26.43 26.42 26.41 26.39 26.38 26.37 26.34 26.30 26.28 26.24 26.20 26.19 26.16 26.13 26.10 26.08 26.06 26.03 26.01 25.98 25.93 25.90 25.88 25.86 25.84 25.79 25.76 25.75 25.75 25.66 25.52 25.45 25.38 25.35 25.33 25.31 25.20
22.41 23.35 23.34 22.94 23.17 23.48 23.86 24.08 24.46 24.86 25.08 25.58 26.00 26.06 26.10 26.17 26.22 26.26 26.29 26.32 26.36 26.39 26.41 26.44 26.45 26.46 26.48 26.46 26.46 26.47 26.48 26.48 26.48 26.48 26.45 26.43 26.41 26.40 26.38 26.36 26.34 26.31 26.27 26.25 26.21 26.17 26.14 26.12 26.09 26.07 26.04 26.01 25.99 25.98 25.95 25.90 25.86 25.83 25.81 25.76 25.73 25.71 25.69 25.62 25.65 25.58 25.39 25.30 25.30 25.25 25.19
22.47 22.87 23.19 24.23 23.58 23.80 24.09 24.18 24.72 25.11 25.54 25.83 25.96 26.08 26.19 26.23 26.27 26.30 26.33 26.35 26.38 26.41 26.45 26.46 26.48 26.48 26.49 26.49 26.48 26.49 26.49 26.50 26.50 26.49 26.46 26.44 26.43 26.41 26.39 26.38 26.35 26.32 26.26 26.23 26.19 26.17 26.14 26.11 26.09 26.06 26.04 26.00 25.97 25.95 25.92 25.89 25.86 25.83 25.79 25.76 25.73 25.67 25.64 25.61 25.55 25.50 25.50 25.39 25.25 25.23 25.19
22.74 22.56 22.90 23.47 24.25 24.51 24.77 25.02 25.22 25.40 25.58 25.78 25.97 26.07 26.21 26.27 26.32 26.35 26.37 26.39 26.42 26.44 26.47 26.48 26.50 26.50 26.51 26.51 26.51 26.51 26.51 26.51 26.52 26.50 26.50 26.49 26.46 26.41 26.41 26.39 26.36 26.33 26.29 26.26 26.22 26.18 26.14 26.12 26.09 26.06 26.03 26.00 25.98 25.94 25.90 25.88 25.85 25.82 25.78 25.74 25.69 25.65 25.63 25.58 25.53 25.47 25.42 25.37 25.27 25.18 25.17
22.77 23.15 23.22 23.29 23.48 23.73 23.90 24.21 24.62 25.10 25.22 25.57 26.02 26.15 26.24 26.29 26.43 26.37 26.41 26.44 26.45 26.47 26.51 26.52 26.52 26.52 26.52 26.52 26.52 26.53 26.53 26.53 26.54 26.53 26.52 26.50 26.47 26.45 26.43 26.40 26.37 26.34 26.31 26.29 26.28 26.22 26.17 26.13 26.12 26.09 26.06 26.02 25.98 25.95 25.90 25.88 25.86 25.83 25.78 25.73 25.66 25.62 25.60 25.56 25.51 25.46 25.39 25.33 25.23 25.19 25.14
22.93 22.96 23.15 23.44 23.95 23.92 24.21 24.53 24.77 25.20 25.60 25.99 26.16 26.24 26.30 26.32 26.36 26.40 26.43 26.46 26.48 26.50 26.53 26.53 26.52 26.54 26.54 26.54 26.55 26.55 26.54 26.55 26.55 26.53 26.51 26.49 26.46 26.44 26.44 26.41 26.38 26.36 26.32 26.30 26.28 26.25 26.20 26.16 26.14 26.12 26.09 26.03 25.99 25.95 25.90 25.88 25.84 25.81 25.76 25.71 25.70 25.66 25.60 25.55 25.50 25.43 25.38 25.32 25.25 25.20 25.13
23.01 23.04 23.28 23.54 23.76 24.03 24.21 24.56 25.17 25.56 25.73 25.97 26.14 26.27 26.33 26.36 26.40 26.44 26.46 26.48 26.50 26.53 26.54 26.55 26.55 26.55 26.55 26.55 26.55 26.56 26.56 26.56 26.55 26.54 26.53 26.53 26.50 26.46 26.44 26.42 26.39 26.37 26.35 26.34 26.30 26.25 26.24 26.21 26.17 26.11 26.06 26.03 25.99 25.94 25.90 25.86 25.82 25.81 25.77 25.73 25.66 25.65 25.58 25.55 25.52 25.47 25.40 25.33 25.24 25.20 25.17
23.26 23.26 23.39 23.63 23.88 24.18 24.48 24.64 24.98 25.35 25.79 26.07 26.22 26.31 26.37 26.40 26.43 26.47 26.49 26.51 26.53 26.54 26.56 26.56 26.56 26.57 26.57 26.57 26.57 26.57 26.57 26.57 26.57 26.56 26.53 26.52 26.50 26.48 26.46 26.44 26.41 26.38 26.38 26.34 26.30 26.27 26.23 26.20 26.17 26.11 26.07 26.06 26.02 25.95 25.83 25.80 25.80 25.78 25.75 25.73 25.63 25.59 25.57 25.54 25.49 25.45 25.37 25.27 25.24 25.21 25.15
23.72 23.66 23.66 23.79 24.04 24.25 24.55 24.86 25.18 25.39 25.68 26.05 26.30 26.36 26.40 26.44 26.47 26.50 26.52 26.54 26.55 26.56 26.57 26.58 26.58 26.58 26.58 26.59 26.58 26.58 26.58 26.59 26.58 26.57 26.56 26.53 26.51 26.49 26.47 26.45 26.43 26.41 26.38 26.34 26.32 26.28 26.23 26.20 26.16 26.10 26.06 26.03 25.99 25.90 25.78 25.75 25.75 25.74 25.69 25.68 25.59 25.57 25.53 25.52 25.47 25.44 25.36 25.29 25.24 25.16 25.09
23.85 23.69 23.88 23.96 24.19 24.56 24.65 24.87 25.14 25.55 25.90 26.22 26.34 26.39 26.44 26.48 26.51 26.54 26.56 26.57 26.57 26.58 26.59 26.60 26.60 26.60 26.60 26.60 26.60 26.60 26.59 26.60 26.59 26.58 26.57 26.55 26.52 26.50 26.49 26.46 26.44 26.42 26.40 26.37 26.32 26.28 26.24 26.21 26.16 26.12 26.09 26.03 25.92 25.84 25.79 25.72 25.68 25.69 25.65 25.60 25.58 25.53 25.52 25.47 25.45 25.37 25.32 25.27 25.17 25.14 25.06
24.09 23.86 24.22 24.15 24.31 24.56 24.85 25.06 25.24 25.59 25.93 26.23 26.39 26.45 26.48 26.53 26.55 26.57 26.59 26.59 26.60 26.60 26.60 26.60 26.60 26.60 26.61 26.61 26.61 26.61 26.61 26.61 26.60 26.59 26.58 26.57 26.54 26.53 26.51 26.49 26.46 26.43 26.41 26.37 26.32 26.29 26.25 26.21 26.16 26.13 26.10 26.05 25.99 25.85 25.78 25.71 25.67 25.63 25.60 25.59 25.56 25.54 25.48 25.45 25.40 25.33 25.30 25.25 25.17 25.12 25.07
24.34 24.05 24.21 24.45 24.49 24.70 24.89 25.18 25.51 25.69 25.96 26.23 26.42 26.50 26.53 26.57 26.59 26.59 26.59 26.60 26.60 26.60 26.61 26.61 26.61 26.61 26.61 26.61 26.61 26.61 26.62 26.61 26.61 26.60 26.59 26.58 26.56 26.52 26.49 26.49 26.45 26.42 26.39 26.36 26.32 26.29 26.26 26.23 26.19 26.14 26.10 26.06 26.00 25.87 25.81 25.74 25.69 25.65 25.60 25.56 25.54 25.50 25.46 25.40 25.38 25.28 25.23 25.22 25.16 25.11 25.06
24.62 24.33 24.37 24.72 24.74 24.90 25.03 25.24 25.52 25.76 26.01 26.29 26.45 26.53 26.59 26.59 -9999.00 -9999.00 -9999.00 -9999.00 -9999.00 -9999.00 -9999.00 -9999.00 26.61 26.61 26.62 26.62 26.62 26.62 26.62 26.62 26.62 26.61 26.60 26.59 26.57 26.54 26.52 26.49 26.46 26.43 26.41 26.37 26.33 26.30 26.26 26.21 26.20 26.15 26.10 26.07 26.00 25.88 25.84 25.84 25.83 25.70 25.63 25.57 25.53 25.49 25.43 25.38 25.31 25.27 25.23 25.16 25.14 25.10 25.04
25.02 24.52 24.60 24.69 25.13 25.07 25.19 25.41 25.59 25.92 26.12 26.35 26.53 26.59 -9999.00 -9999.00 -9999.00 -9999.00 -9999.00 -9999.00 -9999.00 -9999.00 -9999.00 -9999.00 -9999.00 -9999.00 -9999.00 -9999.00 26.63 26.63 26.63 26.63 26.63 26.62 26.61 26.60 26.58 26.56 26.54 26.51 26.47 26.45 26.43 26.40 26.34 26.32 26.29 26.26 26.19 26.16 26.12 26.07 26.02 26.00 25.93 25.87 25.84 25.79 25.67 25.61 25.53 25.48 25.42 25.39 25.31 25.27 25.23 25.12 25.09 25.07 25.02
25.35 24.79 24.79 24.91 25.02 25.46 25.45 25.55 25.71 25.95 26.22 26.51 26.60 -9999.00 -9999.00 -9999.00 -9999.00 -9999.00 -9999.00 -9999.00 -9999.00 -9999.00 -9999.00 -9999.00 -9999.00 -9999.00 -9999.00 -9999.00 -9999.00 -9999.00 26.63 26.64 26.63 26.63 26.62 26.60 26.59 26.57 26.56 26.53 26.51 26.48 26.44 26.39 26.36 26.31 26.25 26.20 26.16 26.13 26.12 26.06 26.03 25.99 25.92 25.83 25.79 25.68 25.63 25.61 25.54 25.50 25.45 25.41 25.35 25.29 25.24 25.21 25.12 25.05 25.03
25.78 25.06 25.12 25.17 25.34 25.42 25.65 25.74 25.86 26.08 26.26 26.52 -9999.00 -9999.00 -9999.00 -9999.00 -9999.00 -9999.00 -9999.00 -9999.00 -9999.00 -9999.00 -9999.00 -9999.00 -9999.00 -9999.00 -9999.00 -9999.00 -9999.00 -9999.00 -9999.00 26.64 26.64 26.64 26.62 26.61 26.60 26.59 26.57 26.53 26.49 26.47 26.45 26.40 26.36 26.30 26.22 26.16 26.13 26.08 26.09 26.05 26.00 25.97 25.92 25.84 25.79 25.75 25.67 25.58 25.55 25.51 25.47 25.41 25.34 25.30 25.23 25.16 25.06 25.01 24.98
25.71 25.38 25.57 25.39 25.49 25.63 25.71 25.91 26.01 26.17 26.46 -9999.00 -9999.00 -9999.00 -9999.00 -9999.00 -9999.00 -9999.00 -9999.00 -9999.00 -9999.00 -9999.00 -9999.00 -9999.00 -9999.00 -9999.00 -9999.00 -9999.00 -9999.00 -9999.00 -9999.00 -9999.00 26.64 26.64 26.64 26.62 26.61 26.59 26.57 26.55 26.51 26.47 26.43 26.39 26.35 26.31 26.23 26.15 26.08 26.05 26.04 26.03 25.98 25.94 25.88 25.85 25.81 25.78 25.66 25.58 25.52 25.46 25.43 25.38 25.33 25.26 25.18 25.10 25.01 24.95 24.90
25.90 25.81 25.72 25.74 25.83 25.96 26.00 26.21 26.24 26.35 26.53 -9999.00 -9999.00 -9999.00 -9999.00 -9999.00 -9999.00 -9999.00 -9999.00 -9999.00 -9999.00 -9999.00 -9999.00 -9999.00 -9999.00 -9999.00 -9999.00 -9999.00 -9999.00 -9999.00 -9999.00 -9999.00 -9999.00 26.65 26.65 26.64 26.62 26.60 26.58 26.54 26.51 26.48 26.44 26.39 26.35 26.30 26.25 26.16 26.07 26.03 26.00 25.98 25.96 25.92 25.86 25.83 25.79 25.73 25.67 25.59 25.52 25.47 25.42 25.37 25.32 25.27 25.17 25.07 25.00 24.93 24.87
