maui/input/air_temperature_monthly/tmaxapr_250m_maui.asc
ncols        356
nrows        236
xllcorner    -156.702000000000
yllcorner    20.529750000000
cellsize     0.002250000000
NODATA_value  -99.00
[rows 96 to 127 of 236, columns 213 to 283 of 356]
19.58 19.51 19.70 19.60 19.62 19.63 19.72 19.82 19.80 19.93 20.41 20.27 20.35 20.65 20.69 20.94 21.12 21.45 21.67 22.65 23.16 22.58 22.60 22.53 22.75 22.81 22.86 23.17 23.30 23.88 24.42 24.60 24.78 24.76 24.87 24.93 25.02 25.41 25.62 25.68 25.76 25.84 -9999.00 -9999.00 -9999.00 -9999.00 -9999.00 -9999.00 -9999.00 -9999.00 -9999.00 -9999.00 -9999.00 -9999.00 -9999.00 -9999.00 -9999.00 -9999.00 -9999.00 -9999.00 -9999.00 -9999.00 -9999.00 -9999.00 -9999.00 -9999.00 -9999.00 -9999.00 -9999.00 -9999.00 -9999.00
19.33 19.40 19.39 19.32 19.44 19.32 19.38 19.47 19.65 19.88 19.89 20.00 20.30 20.38 20.59 20.66 21.00 21.11 21.38 22.09 22.44 21.98 22.15 22.29 22.57 22.52 22.66 22.83 23.13 23.47 24.12 24.44 24.49 24.59 24.69 24.77 24.78 25.36 25.54 25.62 25.69 25.76 -9999.00 -9999.00 -9999.00 -9999.00 -9999.00 -9999.00 -9999.00 -9999.00 -9999.00 -9999.00 -9999.00 -9999.00 -9999.00 -9999.00 -9999.00 -9999.00 -9999.00 -9999.00 -9999.00 -9999.00 -9999.00 -9999.00 -9999.00 -9999.00 -9999.00 -9999.00 -9999.00 -9999.00 -9999.00
19.32 19.20 19.16 19.18 19.22 19.11 19.21 19.48 19.51 19.52 19.63 19.80 19.89 20.06 20.22 20.34 20.56 20.82 21.29 22.04 21.87 21.80 21.84 22.02 22.10 22.27 22.44 22.56 23.03 23.33 23.86 24.26 24.28 24.43 24.49 24.59 24.64 24.97 25.37 25.50 25.49 25.60 -9999.00 -9999.00 -9999.00 -9999.00 -9999.00 -9999.00 -9999.00 -9999.00 -9999.00 -9999.00 -9999.00 -9999.00 -9999.00 -9999.00 -9999.00 -9999.00 -9999.00 -9999.00 -9999.00 -9999.00 -9999.00 -9999.00 -9999.00 -9999.00 -9999.00 -9999.00 -9999.00 -9999.00 -9999.00
19.04 19.06 19.04 18.97 18.97 19.01 19.28 19.17 19.21 19.25 19.37 19.37 19.58 19.69 19.82 20.10 20.29 20.47 21.23 22.19 21.23 21.44 21.50 21.60 21.78 22.01 22.41 22.88 23.37 23.65 24.00 23.99 24.13 24.22 24.32 24.42 24.41 24.35 25.07 25.19 24.70 24.78 25.25 -9999.00 25.67 -9999.00 -9999.00 -9999.00 -9999.00 -9999.00 -9999.00 -9999.00 -9999.00 -9999.00 -9999.00 -9999.00 -9999.00 -9999.00 -9999.00 -9999.00 -9999.00 -9999.00 -9999.00 -9999.00 -9999.00 -9999.00 -9999.00 -9999.00 -9999.00 -9999.00 -9999.00
18.95 18.87 18.83 18.74 18.74 18.76 19.10 18.98 18.85 18.86 19.06 19.02 19.23 19.36 19.50 19.66 19.76 20.85 21.69 20.92 20.91 20.99 21.16 21.33 21.53 21.79 22.67 23.14 23.39 23.52 23.62 23.79 23.89 24.06 23.95 24.13 23.64 23.66 24.57 24.23 24.39 24.35 25.30 25.50 24.90 -9999.00 -9999.00 -9999.00 -9999.00 -9999.00 -9999.00 -9999.00 -9999.00 -9999.00 -9999.00 -9999.00 -9999.00 -9999.00 -9999.00 -9999.00 -9999.00 -9999.00 -9999.00 -9999.00 -9999.00 -9999.00 -9999.00 -9999.00 -9999.00 -9999.00 -9999.00
18.77 18.78 18.59 18.62 18.63 18.82 18.70 18.71 18.74 18.70 18.84 18.80 18.90 19.08 19.29 19.46 20.03 20.33 20.17 20.36 20.61 20.69 21.11 21.64 21.92 21.91 22.65 23.16 23.22 23.35 23.46 23.62 23.71 23.87 23.37 23.22 23.23 23.93 23.60 23.86 24.12 24.23 24.41 25.06 24.66 24.83 -9999.00 -9999.00 -9999.00 -9999.00 -9999.00 -9999.00 -9999.00 -9999.00 -9999.00 -9999.00 -9999.00 -9999.00 -9999.00 -9999.00 -9999.00 -9999.00 -9999.00 -9999.00 -9999.00 -9999.00 -9999.00 -9999.00 -9999.00 -9999.00 -9999.00
18.63 18.78 18.55 18.59 18.63 18.57 18.59 18.55 18.58 18.54 18.55 18.60 18.77 18.97 19.10 19.54 19.45 19.64 19.83 20.01 20.18 20.86 21.97 21.93 22.32 22.50 22.73 22.90 23.04 23.18 23.30 23.46 23.49 23.41 22.83 22.93 22.99 23.36 23.26 23.58 23.63 23.79 24.06 24.21 24.34 25.17 24.85 -9999.00 -9999.00 -9999.00 -9999.00 -9999.00 -9999.00 -9999.00 -9999.00 -9999.00 -9999.00 -9999.00 -9999.00 -9999.00 -9999.00 -9999.00 -9999.00 -9999.00 -9999.00 -9999.00 -9999.00 -9999.00 -9999.00 -9999.00 -9999.00
18.55 18.56 18.51 18.76 18.48 18.59 18.57 18.57 18.53 18.57 18.42 18.48 18.57 18.76 19.09 19.14 19.18 19.34 19.45 19.75 20.51 21.09 21.39 21.64 21.93 22.27 22.51 22.69 22.85 22.71 23.15 23.18 22.76 22.52 22.55 22.67 22.91 22.96 23.09 23.44 23.35 23.50 23.97 24.02 24.17 24.36 24.66 -9999.00 -9999.00 -9999.00 -9999.00 -9999.00 -9999.00 -9999.00 -9999.00 -9999.00 -9999.00 -9999.00 -9999.00 -9999.00 -9999.00 -9999.00 -9999.00 -9999.00 -9999.00 -9999.00 -9999.00 -9999.00 -9999.00 -9999.00 -9999.00
18.49 18.42 18.50 18.60 18.49 18.43 18.43 18.47 18.39 18.33 18.33 18.39 18.56 18.62 18.82 18.77 18.89 19.07 19.21 19.77 20.64 20.84 21.07 21.36 21.68 22.03 22.28 22.47 22.26 22.07 22.54 22.27 22.00 22.13 22.28 22.56 22.63 22.79 22.92 23.06 23.11 23.61 23.42 23.71 23.86 24.32 24.90 -9999.00 -9999.00 -9999.00 -9999.00 -9999.00 -9999.00 -9999.00 -9999.00 -9999.00 25.70 25.67 25.70 25.74 25.79 -9999.00 -9999.00 -9999.00 -9999.00 -9999.00 -9999.00 -9999.00 -9999.00 -9999.00 -9999.00
18.26 18.28 18.33 18.30 18.32 18.35 18.58 18.42 18.51 18.31 18.35 18.58 18.40 18.58 18.61 18.66 18.71 18.81 18.97 19.90 20.41 20.58 20.77 21.02 21.41 21.89 22.10 22.02 21.35 21.65 21.49 21.56 21.71 21.87 22.08 22.23 22.42 22.47 22.79 22.79 23.07 23.27 23.37 23.53 23.61 23.93 24.23 24.63 24.85 24.54 24.78 -9999.00 24.82 25.36 25.08 25.15 25.38 25.41 25.48 25.54 25.60 25.59 25.72 -9999.00 -9999.00 -9999.00 -9999.00 -9999.00 -9999.00 -9999.00 -9999.00
18.03 18.04 18.18 18.17 18.24 18.35 18.32 18.40 18.35 18.34 18.53 18.36 18.31 18.43 18.45 18.53 18.57 18.90 19.60 20.08 20.24 20.36 20.51 20.54 21.54 21.76 21.85 21.31 21.01 21.08 21.15 21.28 21.47 21.68 21.78 22.02 22.26 22.46 22.37 22.60 22.71 22.87 22.92 23.07 23.42 23.39 23.63 24.19 24.45 24.30 24.55 24.60 24.54 25.03 24.81 24.98 24.99 25.13 25.18 25.29 25.39 25.40 25.55 25.61 25.70 -9999.00 -9999.00 -9999.00 -9999.00 -9999.00 -9999.00
17.81 17.89 18.11 18.14 18.01 18.33 18.24 18.24 18.25 18.39 18.32 18.35 18.42 18.49 18.45 18.67 19.44 19.81 19.81 19.93 20.07 20.18 20.04 20.78 21.13 21.55 21.50 20.85 20.66 20.73 20.82 21.03 21.28 21.38 21.55 21.75 21.95 22.05 22.39 22.28 22.46 22.53 22.63 22.84 22.89 23.06 23.40 23.74 23.86 23.90 24.05 24.07 24.28 24.36 24.55 24.66 24.82 24.82 24.95 25.00 25.08 25.23 25.33 25.47 25.57 25.69 -9999.00 -9999.00 -9999.00 -9999.00 -9999.00
17.71 17.75 17.76 17.90 17.97 18.11 18.11 18.18 18.32 18.39 18.30 18.38 18.41 18.52 18.95 19.73 19.82 19.74 19.68 19.84 19.92 19.72 19.31 19.46 20.06 20.68 20.75 20.48 20.27 20.46 20.55 20.74 20.93 21.12 21.34 21.59 21.81 21.83 22.01 22.27 22.17 22.24 22.40 22.51 22.60 22.78 23.24 23.28 23.37 23.61 23.62 23.78 24.02 24.11 24.22 24.42 24.53 24.58 24.68 24.77 24.85 24.97 25.09 25.33 25.45 25.50 25.50 25.57 -9999.00 -9999.00 -9999.00
17.57 17.67 17.76 17.77 17.92 17.97 18.04 18.16 18.30 18.22 18.25 18.41 18.65 19.65 19.91 19.99 19.86 19.77 19.82 19.84 19.60 19.15 18.98 19.28 19.31 19.61 19.97 19.88 20.04 20.15 20.29 20.58 20.74 21.04 21.12 21.46 21.42 21.60 21.71 21.97 21.88 22.07 22.13 22.24 22.33 22.51 22.63 22.84 23.37 23.08 23.29 23.55 23.83 23.79 23.95 24.07 24.24 24.28 24.42 24.55 24.68 24.79 24.97 25.11 25.18 25.24 25.33 25.43 25.62 25.73 -9999.00
17.45 17.55 17.62 17.73 17.88 17.89 18.07 18.02 18.04 18.12 18.29 18.42 19.32 20.01 20.09 20.10 19.92 19.90 19.84 19.57 19.09 18.73 18.92 19.01 19.16 19.36 19.52 19.61 19.91 19.84 20.05 20.23 20.48 20.72 20.88 21.14 21.15 21.61 21.43 21.66 21.70 21.70 21.94 21.94 22.06 22.24 22.37 22.54 22.83 22.77 23.07 23.49 23.37 23.53 23.65 23.79 23.97 24.01 24.16 24.37 24.50 24.62 24.68 24.84 24.90 24.99 25.12 25.32 25.43 25.58 -9999.00
17.38 17.44 17.52 17.75 17.76 17.94 17.89 17.87 17.98 18.06 18.22 19.09 20.05 20.11 20.15 20.07 19.98 19.87 19.60 18.83 18.76 18.71 18.84 18.92 19.05 19.21 19.42 19.51 19.60 19.68 19.79 19.90 20.16 20.42 20.84 20.72 20.86 21.20 21.17 21.35 21.43 21.57 21.68 21.74 21.82 21.96 22.10 22.23 22.34 22.55 22.94 22.99 23.11 23.26 23.40 23.55 23.71 23.78 23.89 24.14 24.28 24.33 24.40 24.49 24.68 24.78 24.90 25.10 25.24 25.36 25.58
17.37 17.41 17.47 17.66 17.74 17.95 17.82 17.88 17.94 18.05 18.86 20.06 20.15 20.09 20.08 19.96 20.00 19.86 19.27 18.74 18.79 18.87 18.88 18.91 19.00 19.22 19.33 19.48 19.43 19.43 19.51 19.65 19.83 20.11 20.40 20.41 20.58 20.91 20.94 21.08 21.17 21.30 21.45 21.48 21.62 21.76 21.87 22.00 22.22 22.37 22.55 22.70 22.78 22.94 23.11 23.30 23.40 23.49 23.72 23.83 23.97 24.03 24.10 24.28 24.51 24.59 24.69 24.88 25.03 25.16 25.43
17.23 17.20 17.42 17.61 17.71 17.72 17.79 17.78 17.83 18.39 19.69 20.22 20.19 20.05 19.86 19.83 19.81 19.77 19.02 18.78 18.85 18.89 18.88 18.89 18.97 19.22 19.15 19.18 19.21 19.24 19.34 19.50 19.72 19.99 19.97 20.14 20.31 20.51 20.65 20.77 20.90 20.99 21.19 21.24 21.35 21.50 21.64 21.82 21.95 22.09 22.25 22.36 22.46 22.67 22.88 23.10 23.26 23.36 23.45 23.51 23.66 23.74 23.90 24.09 24.27 24.37 24.59 24.67 24.81 25.01 25.14
17.23 17.19 17.36 17.56 17.77 17.63 17.63 17.70 17.78 18.88 20.23 20.12 19.86 19.71 19.64 19.69 19.75 19.70 19.22 18.71 18.81 18.80 18.83 18.91 19.05 19.13 19.03 19.02 19.06 19.11 19.26 19.35 19.74 19.60 19.77 19.94 20.13 20.22 20.38 20.46 20.52 20.67 20.86 20.97 21.10 21.25 21.37 21.52 21.68 21.78 21.90 22.07 22.26 22.55 22.79 22.87 23.09 23.18 23.19 23.25 23.36 23.50 23.66 23.95 24.04 24.22 24.40 24.46 24.60 24.79 24.88
17.06 17.18 17.32 17.52 17.63 17.53 17.48 17.54 17.83 19.20 20.17 19.70 19.01 19.61 19.60 19.59 19.71 19.61 19.44 18.95 18.77 18.78 18.86 18.87 18.90 18.98 19.02 19.03 18.98 19.03 19.12 19.26 19.59 19.44 19.60 19.72 19.80 19.87 20.05 20.13 20.22 20.32 20.52 20.64 20.84 20.97 21.12 21.23 21.41 21.48 21.67 21.84 22.06 22.25 22.33 22.49 22.87 22.74 22.80 22.99 23.11 23.23 23.44 23.64 23.83 24.00 24.15 24.28 24.42 24.58 24.67
17.01 17.16 17.31 17.41 17.44 17.35 17.35 17.46 17.79 19.47 19.76 19.15 19.50 19.54 19.52 19.57 19.62 19.56 19.38 18.95 18.67 18.74 18.83 18.88 18.91 18.95 19.01 19.03 18.96 18.99 19.05 19.08 19.22 19.22 19.41 19.47 19.54 19.51 19.66 19.68 19.78 19.98 20.15 20.31 20.55 20.61 20.74 20.92 21.07 21.19 21.43 21.63 21.76 21.91 21.95 22.13 22.32 22.44 22.49 22.66 22.80 22.92 23.12 23.44 23.59 23.75 23.92 24.08 24.25 24.36 24.50
16.98 17.02 17.35 17.32 17.26 17.18 17.32 17.48 18.14 18.47 19.05 19.69 19.63 19.55 19.50 19.49 19.50 19.45 19.37 18.83 18.59 18.71 18.78 18.82 18.86 19.01 18.97 19.03 18.95 19.05 19.04 19.15 19.11 19.15 19.23 19.36 19.31 19.35 19.41 19.43 19.49 19.67 19.73 19.91 20.10 20.23 20.39 20.56 20.70 20.93 21.11 21.30 21.46 21.59 21.66 21.88 21.97 22.17 22.34 22.36 22.55 22.69 22.95 23.14 23.32 23.49 23.63 23.85 24.01 24.15 24.28
16.92 17.06 17.06 17.12 17.01 17.26 17.43 17.47 17.62 17.84 18.95 19.73 19.63 19.49 19.39 19.38 19.45 19.45 19.41 19.05 18.59 18.75 18.78 18.85 18.86 19.06 18.97 18.97 19.02 19.15 19.32 19.19 19.19 19.20 19.19 19.21 19.13 19.20 19.27 19.24 19.35 19.29 19.39 19.57 19.72 19.88 20.03 20.21 20.37 20.58 20.79 20.92 21.08 21.18 21.31 21.54 21.69 21.86 22.03 22.17 22.33 22.50 22.68 22.90 23.03 23.17 23.36 23.59 23.72 23.92 24.08
16.69 16.75 16.91 16.96 16.98 17.17 17.17 17.38 17.48 17.62 18.39 19.44 19.36 19.28 19.26 19.35 19.42 19.43 19.45 19.13 18.58 18.73 18.83 18.84 18.91 19.01 18.98 19.01 19.11 19.31 19.23 19.25 19.22 19.18 19.17 19.11 19.09 19.07 19.14 19.14 19.09 19.13 19.19 19.26 19.42 19.52 19.67 19.81 20.00 20.24 20.35 20.58 20.74 20.85 20.95 21.11 21.43 21.57 21.75 21.96 22.09 22.28 22.44 22.65 22.73 22.87 23.04 23.25 23.48 23.70 23.93
16.65 16.67 16.75 16.86 17.06 16.98 17.09 17.26 17.35 17.54 17.61 18.04 18.87 19.00 19.11 19.21 19.32 19.41 19.42 19.20 18.50 18.56 18.63 18.81 18.96 18.92 19.01 19.09 19.23 19.26 19.20 19.25 19.21 19.19 19.18 19.12 19.08 19.06 19.08 19.06 19.00 18.99 19.01 19.07 19.19 19.23 19.29 19.46 19.65 19.79 19.98 20.19 20.38 20.46 20.60 20.85 21.12 21.30 21.49 21.72 21.84 21.99 22.15 22.24 22.44 22.59 22.81 23.01 23.20 23.46 23.67
16.33 16.44 16.58 16.71 16.80 16.83 16.94 17.04 17.26 17.35 17.74 18.50 18.64 18.82 19.00 19.14 19.26 19.38 19.35 19.06 18.43 18.50 18.56 18.77 18.84 18.87 18.95 19.02 19.09 19.33 19.20 19.24 19.23 19.19 19.19 19.13 19.12 19.19 19.14 19.04 19.01 18.96 18.94 18.97 18.97 18.99 19.02 19.13 19.25 19.46 19.65 19.84 20.05 20.18 20.30 20.47 20.77 21.04 21.25 21.44 21.60 21.72 21.91 22.03 22.19 22.38 22.59 22.76 22.94 23.16 23.43
16.15 16.55 16.39 16.69 16.66 16.78 16.81 16.94 17.10 17.29 18.35 18.49 18.54 18.70 18.82 19.01 19.21 19.28 19.29 18.57 18.28 18.38 18.48 18.64 18.67 18.84 18.84 18.97 19.03 19.09 19.16 19.20 19.17 19.20 19.22 19.17 19.14 19.17 19.22 19.13 19.11 19.05 18.96 18.89 18.80 18.77 18.79 18.89 18.97 19.13 19.29 19.51 19.69 19.83 19.95 20.21 20.51 20.77 20.95 21.15 21.28 21.46 21.60 21.68 21.94 22.16 22.34 22.55 22.70 22.89 23.11
16.03 16.14 16.21 16.31 16.41 16.58 16.66 16.76 16.96 17.35 18.31 18.35 18.40 18.56 18.72 18.93 19.12 19.22 18.97 18.16 18.20 18.28 18.38 18.47 18.70 18.69 18.83 18.82 18.96 18.97 19.06 19.07 19.06 19.11 19.17 19.15 19.15 19.20 19.14 19.20 19.16 19.10 18.99 18.83 18.69 18.65 18.62 18.70 18.77 18.86 19.03 19.24 19.37 19.52 19.70 19.89 20.16 20.37 20.55 20.75 20.83 21.12 21.34 21.47 21.62 21.91 22.10 22.23 22.36 22.50 22.68
15.85 15.94 16.07 16.16 16.26 16.32 16.59 17.23 17.88 18.05 18.21 18.21 18.27 18.46 18.69 18.73 18.83 18.84 18.19 18.02 18.09 18.19 18.27 18.39 18.47 18.56 18.69 18.66 18.86 18.85 18.91 18.94 18.98 19.09 19.18 19.14 19.14 19.21 19.18 19.22 19.23 19.15 19.03 18.81 18.65 18.56 18.51 18.55 18.62 18.72 18.85 19.03 19.25 19.34 19.45 19.58 19.73 19.91 20.11 20.35 20.51 20.69 20.94 21.18 21.45 21.62 21.80 22.04 22.06 22.18 22.40
15.79 15.71 15.84 15.94 16.06 16.31 17.50 17.97 18.01 18.06 18.08 18.04 18.16 18.33 18.52 18.52 18.43 17.86 17.89 17.90 18.01 18.12 18.22 18.37 18.43 18.50 18.50 18.56 18.69 18.71 18.78 18.86 18.95 19.14 19.10 19.19 19.21 19.20 19.19 19.17 19.16 19.05 18.94 18.78 18.63 18.55 18.48 18.47 18.47 18.57 18.69 18.99 19.10 19.15 19.27 19.32 19.41 19.61 19.76 19.96 20.11 20.34 20.58 20.86 21.04 21.28 21.48 21.62 21.74 21.89 22.13
15.44 15.57 15.64 15.74 15.90 16.81 18.01 18.06 18.03 17.94 17.95 17.90 17.97 18.09 18.14 18.23 17.85 17.76 17.78 17.78 17.94 18.10 18.18 18.27 18.35 18.40 18.41 18.50 18.50 18.58 18.66 18.79 18.90 18.93 19.04 19.13 19.15 19.17 19.15 19.09 18.97 18.90 18.78 18.74 18.61 18.54 18.48 18.42 18.39 18.40 18.65 19.01 19.01 19.01 19.00 18.99 19.10 19.29 19.43 19.55 19.71 19.99 20.27 20.46 20.66 20.92 21.12 21.24 21.39 21.60 21.76
15.29 15.41 15.43 15.55 15.68 16.44 17.51 18.02 17.80 17.66 17.70 17.68 17.75 17.84 17.90 17.92 17.54 17.60 17.61 17.71 17.87 18.02 18.12 18.13 18.22 18.33 18.31 18.45 18.43 18.53 18.63 18.74 18.85 18.87 18.96 19.02 18.98 18.99 18.99 18.96 18.86 18.73 18.65 18.60 18.52 18.52 18.43 18.37 18.24 18.27 18.77 18.96 18.89 18.65 18.54 18.64 18.72 18.86 19.04 19.11 19.30 19.57 19.86 20.11 20.37 20.51 20.69 20.91 21.09 21.25 21.36
