maui/input/air_temperature_monthly/tmaxsep_250m_maui.asc
ncols        356
nrows        236
xllcorner    -156.702000000000
yllcorner    20.529750000000
cellsize     0.002250000000
NODATA_value  -99.00
[rows 96 to 127 of 236, columns 71 to 141 of 356]
24.33 24.82 25.14 25.69 26.24 27.19 27.47 27.51 27.88 28.40 28.66 28.89 29.09 29.31 29.43 29.54 29.63 29.70 29.75 29.80 29.82 29.83 29.86 29.89 29.91 29.93 29.95 29.96 29.98 30.00 30.03 30.06 30.07 30.07 30.07 30.07 30.06 30.05 30.04 30.03 30.01 29.99 29.97 29.94 29.92 29.90 29.87 29.84 29.84 29.83 29.82 29.78 29.71 29.66 29.65 29.64 29.61 29.58 29.57 29.57 29.57 29.54 29.50 29.47 29.44 29.40 29.36 29.30 29.29 29.24 29.19
24.65 24.93 26.38 27.14 27.31 27.62 27.96 28.16 28.19 28.44 28.82 28.97 29.14 29.35 29.46 29.55 29.63 29.71 29.77 29.83 29.85 29.86 29.88 29.91 29.93 29.95 29.96 29.99 30.00 30.02 30.05 30.06 30.08 30.08 30.07 30.07 30.06 30.04 30.03 30.02 30.00 29.98 29.96 29.93 29.91 29.89 29.87 29.84 29.82 29.82 29.81 29.78 29.76 29.68 29.65 29.63 29.61 29.59 29.56 29.55 29.53 29.52 29.50 29.48 29.43 29.39 29.33 29.29 29.25 29.23 29.19
24.17 24.84 25.50 25.89 26.20 26.48 27.18 27.78 28.26 28.65 28.83 29.02 29.21 29.36 29.47 29.58 29.65 29.71 29.76 29.82 29.85 29.89 29.91 29.95 29.95 29.97 29.99 30.00 30.02 30.04 30.06 30.08 30.09 30.09 30.08 30.07 30.06 30.07 30.03 30.02 30.01 29.99 29.94 29.92 29.90 29.88 29.86 29.84 29.81 29.80 29.78 29.76 29.74 29.73 29.65 29.62 29.60 29.57 29.54 29.53 29.50 29.47 29.49 29.45 29.42 29.40 29.35 29.33 29.29 29.21 29.18
25.32 25.82 26.40 26.94 27.33 27.30 27.53 27.88 28.23 28.66 28.91 29.10 29.26 29.41 29.52 29.60 29.67 29.72 29.78 29.83 29.87 29.90 29.93 29.96 29.99 29.99 30.01 30.01 30.03 30.05 30.07 30.09 30.09 30.09 30.08 30.07 30.05 30.05 30.03 30.01 29.99 29.96 29.96 29.91 29.89 29.87 29.84 29.82 29.80 29.79 29.76 29.74 29.73 29.71 29.70 29.67 29.66 29.58 29.53 29.52 29.48 29.46 29.44 29.44 29.41 29.37 29.33 29.31 29.24 29.20 29.16
24.22 24.73 25.19 25.89 26.52 26.98 27.63 28.04 28.30 28.68 28.90 29.10 29.31 29.48 29.58 29.65 29.70 29.75 29.79 29.84 29.88 29.91 29.95 29.99 30.01 30.01 30.03 30.03 30.06 30.07 30.08 30.09 30.10 30.10 30.08 30.07 30.06 30.04 30.02 30.01 29.98 29.95 29.93 29.91 29.88 29.88 29.84 29.81 29.81 29.78 29.76 29.74 29.70 29.69 29.69 29.67 29.65 29.60 29.55 29.50 29.47 29.44 29.42 29.40 29.38 29.35 29.32 29.29 29.24 29.21 29.18
24.36 24.69 25.13 25.69 26.04 26.49 27.03 27.50 28.06 28.72 29.02 29.17 29.35 29.52 29.62 29.67 29.71 29.77 29.82 29.85 29.88 29.92 29.98 30.00 30.03 30.04 30.04 30.05 30.07 30.09 30.10 30.11 30.12 30.10 30.09 30.08 30.06 30.04 30.02 30.01 29.98 29.95 29.93 29.90 29.88 29.86 29.84 29.82 29.80 29.77 29.75 29.74 29.70 29.68 29.67 29.64 29.62 29.59 29.57 29.51 29.46 29.42 29.40 29.36 29.31 29.32 29.31 29.28 29.14 29.12 29.11
24.61 25.16 25.82 25.63 26.14 26.79 27.22 27.94 28.51 28.83 29.02 29.27 29.42 29.56 29.65 29.71 29.75 29.79 29.84 29.87 29.90 29.93 29.98 30.01 30.05 30.07 30.07 30.08 30.09 30.10 30.12 30.13 30.13 30.11 30.10 30.08 30.07 30.05 30.02 30.00 29.98 29.96 29.92 29.89 29.87 29.85 29.83 29.81 29.79 29.77 29.75 29.72 29.68 29.68 29.65 29.62 29.60 29.58 29.55 29.51 29.46 29.38 29.36 29.29 29.25 29.24 29.28 29.25 29.13 29.07 29.05
25.17 25.34 25.73 26.79 26.56 26.76 27.12 27.71 28.19 28.79 29.11 29.31 29.51 29.59 29.66 29.74 29.79 29.83 29.86 29.89 29.91 29.95 29.99 30.04 30.07 30.09 30.12 30.09 30.11 30.12 30.14 30.15 30.14 30.12 30.10 30.09 30.08 30.06 30.03 30.01 30.00 29.98 29.94 29.89 29.87 29.84 29.82 29.81 29.79 29.76 29.75 29.71 29.69 29.67 29.65 29.58 29.59 29.56 29.54 29.50 29.45 29.40 29.30 29.25 29.21 29.21 29.23 29.22 29.14 29.03 28.99
25.25 25.67 26.65 26.60 26.81 27.74 27.61 28.05 28.46 28.81 29.03 29.27 29.50 29.60 29.67 29.75 29.80 29.87 29.89 29.92 29.95 29.98 30.01 30.05 30.09 30.12 30.15 30.11 30.12 30.14 30.15 30.16 30.14 30.13 30.12 30.10 30.08 30.06 30.04 30.02 30.00 29.99 29.95 29.91 29.89 29.86 29.81 29.80 29.78 29.75 29.73 29.71 29.69 29.66 29.65 29.63 29.61 29.57 29.55 29.50 29.46 29.41 29.33 29.24 29.16 29.12 29.10 29.13 29.15 28.99 28.92
25.44 25.53 25.83 26.22 27.04 27.74 27.92 27.83 28.28 28.84 29.07 29.29 29.50 29.63 29.71 29.79 29.84 29.89 29.94 29.95 29.99 30.01 30.04 30.06 30.09 30.13 30.13 30.13 30.13 30.15 30.16 30.17 30.16 30.14 30.13 30.10 30.09 30.07 30.05 30.03 30.00 29.97 29.94 29.91 29.89 29.87 29.85 29.82 29.77 29.75 29.73 29.72 29.69 29.65 29.61 29.59 29.58 29.55 29.52 29.49 29.47 29.41 29.31 29.22 29.10 29.09 29.05 29.05 29.04 28.94 28.91
26.61 25.90 26.28 26.62 26.64 27.10 27.61 28.23 28.43 28.51 28.78 29.18 29.57 29.68 29.74 29.81 29.87 29.92 29.95 30.00 30.02 30.05 30.08 30.09 30.12 30.14 30.18 30.14 30.16 30.16 30.17 30.17 30.17 30.16 30.13 30.12 30.11 30.09 30.08 30.07 30.04 29.99 29.97 29.93 29.89 29.88 29.84 29.81 29.78 29.76 29.73 29.71 29.69 29.65 29.60 29.56 29.54 29.53 29.50 29.45 29.41 29.40 29.40 29.30 29.16 29.09 29.01 28.98 28.96 28.94 28.82
25.82 26.84 26.83 26.41 26.66 26.99 27.40 27.64 28.05 28.49 28.72 29.25 29.70 29.75 29.80 29.86 29.91 29.96 29.98 30.01 30.05 30.09 30.11 30.14 30.16 30.17 30.18 30.16 30.17 30.17 30.18 30.18 30.18 30.18 30.15 30.13 30.11 30.10 30.08 30.06 30.03 30.00 29.96 29.93 29.90 29.86 29.82 29.80 29.77 29.75 29.72 29.69 29.66 29.66 29.63 29.56 29.52 29.49 29.47 29.42 29.38 29.36 29.34 29.26 29.29 29.22 29.02 28.92 28.92 28.87 28.81
25.89 26.32 26.67 27.80 27.09 27.34 27.65 27.74 28.33 28.75 29.21 29.51 29.65 29.77 29.89 29.92 29.97 30.00 30.02 30.05 30.08 30.11 30.15 30.16 30.18 30.18 30.20 30.19 30.19 30.19 30.19 30.20 30.21 30.19 30.16 30.14 30.13 30.10 30.08 30.07 30.04 30.02 29.95 29.92 29.87 29.85 29.82 29.79 29.77 29.74 29.71 29.68 29.65 29.62 29.59 29.55 29.52 29.49 29.45 29.41 29.38 29.32 29.28 29.25 29.19 29.14 29.13 29.02 28.86 28.85 28.80
26.18 25.98 26.35 26.98 27.83 28.11 28.38 28.66 28.87 29.05 29.25 29.45 29.65 29.76 29.90 29.96 30.02 30.05 30.06 30.09 30.12 30.14 30.17 30.18 30.20 30.20 30.22 30.22 30.21 30.21 30.22 30.22 30.22 30.21 30.20 30.19 30.16 30.11 30.11 30.08 30.05 30.02 29.98 29.95 29.91 29.86 29.82 29.80 29.77 29.74 29.71 29.67 29.65 29.61 29.57 29.55 29.51 29.48 29.43 29.39 29.34 29.30 29.27 29.22 29.16 29.10 29.04 28.99 28.89 28.79 28.78
26.22 26.63 26.70 26.78 26.99 27.25 27.44 27.77 28.21 28.72 28.84 29.22 29.70 29.84 29.93 29.98 30.13 30.07 30.11 30.14 30.15 30.18 30.22 30.22 30.22 30.22 30.22 30.22 30.23 30.23 30.23 30.23 30.24 30.24 30.23 30.20 30.17 30.15 30.12 30.09 30.06 30.02 29.99 29.98 29.97 29.90 29.85 29.81 29.79 29.76 29.73 29.69 29.65 29.62 29.57 29.54 29.51 29.48 29.43 29.38 29.30 29.26 29.23 29.19 29.13 29.08 29.00 28.94 28.83 28.79 28.74
26.40 26.42 26.62 26.94 27.49 27.45 27.76 28.11 28.36 28.81 29.24 29.67 29.85 29.93 29.99 30.02 30.06 30.09 30.13 30.16 30.19 30.20 30.23 30.23 30.23 30.24 30.24 30.24 30.25 30.25 30.24 30.25 30.25 30.23 30.21 30.18 30.16 30.14 30.13 30.10 30.07 30.04 30.01 29.98 29.96 29.93 29.88 29.83 29.82 29.80 29.76 29.70 29.66 29.61 29.57 29.54 29.50 29.46 29.41 29.35 29.35 29.30 29.24 29.18 29.12 29.05 28.99 28.93 28.85 28.80 28.73
26.47 26.51 26.76 27.04 27.28 27.57 27.76 28.13 28.78 29.20 29.38 29.63 29.82 29.96 30.02 30.05 30.09 30.14 30.16 30.18 30.20 30.23 30.24 30.25 30.25 30.25 30.26 30.26 30.25 30.26 30.26 30.26 30.25 30.24 30.22 30.23 30.19 30.16 30.13 30.10 30.08 30.06 30.03 30.02 29.98 29.93 29.92 29.89 29.84 29.78 29.74 29.69 29.65 29.60 29.56 29.51 29.47 29.46 29.42 29.37 29.30 29.29 29.21 29.18 29.15 29.09 29.02 28.93 28.84 28.79 28.76
26.75 26.74 26.88 27.13 27.40 27.72 28.04 28.21 28.57 28.96 29.43 29.75 29.91 30.00 30.06 30.09 30.13 30.16 30.19 30.21 30.22 30.24 30.26 30.27 30.26 30.27 30.27 30.27 30.26 30.27 30.27 30.27 30.27 30.25 30.22 30.21 30.19 30.17 30.15 30.12 30.10 30.07 30.06 30.02 29.98 29.95 29.91 29.88 29.85 29.78 29.74 29.73 29.69 29.61 29.48 29.45 29.45 29.43 29.39 29.37 29.27 29.22 29.20 29.17 29.11 29.07 28.98 28.87 28.83 28.80 28.73
27.24 27.16 27.16 27.29 27.57 27.79 28.11 28.44 28.78 29.00 29.32 29.71 29.98 30.05 30.09 30.13 30.17 30.19 30.22 30.24 30.25 30.26 30.27 30.28 30.28 30.28 30.28 30.28 30.28 30.28 30.28 30.29 30.28 30.27 30.25 30.22 30.20 30.18 30.16 30.14 30.11 30.10 30.06 30.02 30.00 29.96 29.91 29.87 29.84 29.77 29.73 29.69 29.65 29.56 29.42 29.39 29.40 29.39 29.33 29.31 29.22 29.20 29.16 29.14 29.09 29.05 28.97 28.88 28.84 28.75 28.67
27.37 27.18 27.39 27.48 27.71 28.12 28.21 28.44 28.73 29.18 29.54 29.90 30.02 30.08 30.13 30.17 30.21 30.23 30.25 30.27 30.27 30.28 30.29 30.29 30.29 30.30 30.30 30.29 30.29 30.29 30.29 30.29 30.29 30.27 30.26 30.24 30.21 30.18 30.18 30.14 30.13 30.10 30.08 30.05 30.00 29.96 29.92 29.88 29.82 29.78 29.75 29.69 29.58 29.49 29.44 29.36 29.32 29.32 29.28 29.22 29.20 29.16 29.14 29.08 29.06 28.98 28.92 28.87 28.76 28.72 28.63
27.62 27.36 27.75 27.66 27.84 28.10 28.41 28.64 28.84 29.21 29.58 29.90 30.07 30.14 30.17 30.22 30.24 30.26 30.28 30.29 30.29 30.30 30.29 30.30 30.30 30.30 30.30 30.31 30.30 30.30 30.30 30.30 30.29 30.28 30.27 30.26 30.23 30.21 30.19 30.17 30.14 30.11 30.08 30.05 30.00 29.96 29.92 29.87 29.83 29.79 29.77 29.72 29.65 29.50 29.43 29.35 29.30 29.26 29.23 29.22 29.19 29.16 29.09 29.06 29.01 28.93 28.90 28.85 28.76 28.70 28.64
27.88 27.56 27.73 27.98 28.02 28.25 28.45 28.76 29.12 29.31 29.60 29.90 30.10 30.19 30.22 30.25 30.27 30.28 30.28 30.29 30.29 30.30 30.30 30.30 30.30 30.30 30.30 30.30 30.30 30.30 30.31 30.30 30.30 30.28 30.28 30.26 30.24 30.20 30.17 30.16 30.13 30.09 30.06 30.03 29.99 29.96 29.93 29.89 29.86 29.80 29.76 29.72 29.66 29.51 29.45 29.38 29.33 29.28 29.23 29.18 29.16 29.12 29.07 29.01 28.98 28.88 28.81 28.81 28.74 28.69 28.63
28.16 27.84 27.89 28.26 28.29 28.46 28.59 28.82 29.12 29.38 29.66 29.96 30.13 30.21 30.27 30.28 -9999.00 -9999.00 -9999.00 -9999.00 -9999.00 -9999.00 -9999.00 -9999.00 30.31 30.31 30.31 30.31 30.31 30.31 30.31 30.31 30.30 30.29 30.28 30.27 30.25 30.22 30.19 30.16 30.13 30.10 30.09 30.04 30.00 29.97 29.92 29.87 29.86 29.81 29.76 29.73 29.65 29.52 29.49 29.49 29.47 29.33 29.26 29.19 29.15 29.10 29.03 28.99 28.91 28.86 28.81 28.74 28.72 28.67 28.61
28.59 28.04 28.12 28.23 28.70 28.63 28.76 29.00 29.19 29.55 29.76 30.02 30.21 30.27 30.28 -9999.00 -9999.00 -9999.00 -9999.00 -9999.00 -9999.00 -9999.00 -9999.00 -9999.00 -9999.00 -9999.00 -9999.00 30.31 30.31 30.31 30.31 30.31 30.31 30.30 30.29 30.28 30.26 30.24 30.22 30.18 30.14 30.12 30.10 30.07 30.01 29.99 29.96 29.92 29.85 29.82 29.77 29.73 29.68 29.65 29.58 29.51 29.48 29.43 29.30 29.23 29.14 29.09 29.03 28.99 28.90 28.85 28.81 28.70 28.66 28.63 28.58
28.94 28.32 28.32 28.44 28.57 29.04 29.03 29.14 29.31 29.57 29.86 30.18 30.27 -9999.00 -9999.00 -9999.00 -9999.00 -9999.00 -9999.00 -9999.00 -9999.00 -9999.00 -9999.00 -9999.00 -9999.00 -9999.00 -9999.00 -9999.00 -9999.00 30.31 30.31 30.32 30.31 30.31 30.30 30.27 30.26 30.25 30.23 30.20 30.18 30.15 30.11 30.05 30.02 29.97 29.91 29.85 29.82 29.78 29.78 29.71 29.68 29.64 29.56 29.47 29.43 29.31 29.25 29.23 29.16 29.11 29.05 29.01 28.94 28.87 28.82 28.79 28.69 28.61 28.59
29.38 28.60 28.66 28.71 28.90 28.98 29.23 29.33 29.45 29.69 29.89 30.17 -9999.00 -9999.00 -9999.00 -9999.00 -9999.00 -9999.00 -9999.00 -9999.00 -9999.00 -9999.00 -9999.00 -9999.00 -9999.00 -9999.00 -9999.00 -9999.00 -9999.00 -9999.00 -9999.00 30.31 30.31 30.31 30.30 30.28 30.27 30.25 30.24 30.20 30.15 30.13 30.11 30.06 30.02 29.95 29.87 29.81 29.77 29.73 29.74 29.70 29.65 29.62 29.56 29.48 29.43 29.38 29.29 29.19 29.17 29.11 29.07 29.01 28.94 28.89 28.81 28.74 28.63 28.57 28.53
29.28 28.92 29.13 28.93 29.04 29.19 29.27 29.49 29.61 29.78 30.10 -9999.00 -9999.00 -9999.00 -9999.00 -9999.00 -9999.00 -9999.00 -9999.00 -9999.00 -9999.00 -9999.00 -9999.00 -9999.00 -9999.00 -9999.00 -9999.00 -9999.00 -9999.00 -9999.00 -9999.00 -9999.00 30.31 30.31 30.31 30.29 30.27 30.26 30.23 30.21 30.17 30.13 30.09 30.04 30.00 29.96 29.88 29.79 29.72 29.69 29.68 29.67 29.62 29.58 29.52 29.49 29.44 29.40 29.28 29.19 29.13 29.06 29.02 28.98 28.92 28.84 28.76 28.67 28.57 28.50 28.45
29.46 29.37 29.27 29.29 29.39 29.53 29.57 29.80 29.84 29.96 30.15 -9999.00 -9999.00 -9999.00 -9999.00 -9999.00 -9999.00 -9999.00 -9999.00 -9999.00 -9999.00 -9999.00 -9999.00 -9999.00 -9999.00 -9999.00 -9999.00 -9999.00 -9999.00 -9999.00 -9999.00 -9999.00 -9999.00 30.31 30.31 30.30 30.28 30.26 30.23 30.20 30.16 30.13 30.09 30.04 30.00 29.95 29.89 29.80 29.70 29.66 29.63 29.62 29.59 29.55 29.49 29.45 29.42 29.35 29.28 29.20 29.12 29.07 29.02 28.96 28.91 28.85 28.74 28.63 28.55 28.48 28.41
29.81 29.57 29.48 29.63 29.59 29.81 29.78 29.79 30.10 30.22 -9999.00 -9999.00 -9999.00 -9999.00 -9999.00 -9999.00 -9999.00 -9999.00 -9999.00 -9999.00 -9999.00 -9999.00 -9999.00 -9999.00 -9999.00 -9999.00 -9999.00 -9999.00 -9999.00 -9999.00 -9999.00 -9999.00 -9999.00 -9999.00 -9999.00 30.31 30.29 30.26 30.23 30.18 30.13 30.10 30.06 30.01 29.97 29.95 29.88 29.81 29.76 29.71 29.66 29.62 29.58 29.54 29.48 29.45 29.41 29.35 29.26 29.21 29.15 29.10 29.04 28.98 28.92 28.85 28.77 28.69 28.56 28.49 28.42
30.16 29.82 29.61 29.81 29.82 29.93 30.02 30.15 30.17 -9999.00 -9999.00 -9999.00 -9999.00 -9999.00 -9999.00 -9999.00 -9999.00 -9999.00 -9999.00 -9999.00 -9999.00 -9999.00 -9999.00 -9999.00 -9999.00 -9999.00 -9999.00 -9999.00 -9999.00 -9999.00 -9999.00 -9999.00 -9999.00 -9999.00 -9999.00 30.31 30.29 30.26 30.23 30.16 30.11 30.07 30.04 30.00 29.95 29.92 29.88 29.82 29.74 29.70 29.70 29.63 29.59 29.54 29.49 29.44 29.38 29.32 29.24 29.20 29.18 29.12 29.06 28.99 28.93 28.86 28.78 28.73 28.64 28.52 28.43
30.28 30.19 29.93 30.03 30.08 30.20 30.28 -9999.00 -9999.00 -9999.00 -9999.00 -9999.00 -9999.00 -9999.00 -9999.00 -9999.00 -9999.00 -9999.00 -9999.00 -9999.00 -9999.00 -9999.00 -9999.00 -9999.00 -9999.00 -9999.00 -9999.00 -9999.00 -9999.00 -9999.00 -9999.00 -9999.00 -9999.00 -9999.00 -9999.00 -9999.00 30.31 30.27 30.24 30.21 30.11 30.07 30.04 30.00 29.95 29.90 29.86 29.81 29.76 29.71 29.66 29.63 29.60 29.56 29.49 29.43 29.35 29.29 29.23 29.17 29.12 29.07 29.01 28.96 28.88 28.81 28.75 28.66 28.56 28.49 28.42
-9999.00 30.28 30.28 -9999.00 -9999.00 -9999.00 -9999.00 -9999.00 -9999.00 -9999.00 -9999.00 -9999.00 -9999.00 -9999.00 -9999.00 -9999.00 -9999.00 -9999.00 -9999.00 -9999.00 -9999.00 -9999.00 -9999.00 -9999.00 -9999.00 -9999.00 -9999.00 -9999.00 -9999.00 -9999.00 -9999.00 -9999.00 -9999.00 -9999.00 -9999.00 -9999.00 30.31 30.29 30.24 30.17 30.12 30.08 30.04 30.01 29.98 29.94 29.90 29.83 29.78 29.74 29.69 29.65 29.61 29.56 29.49 29.44 29.37 29.29 29.22 29.16 29.12 29.07 28.99 28.94 28.88 28.79 28.72 28.63 28.53 28.44 28.36
