maui/input/air_temperature_monthly/tmaxaug_250m_maui.asc
ncols        356
nrows        236
xllcorner    -156.702000000000
yllcorner    20.529750000000
cellsize     0.002250000000
NODATA_value  -99.00
[rows 62 to 92 of 236, columns 0 to 70 of 356]
-9999.00 -9999.00 30.17 30.16 30.16 30.11 30.00 29.91 29.79 29.57 29.49 29.43 29.36 29.25 29.14 29.04 28.96 28.84 28.66 28.49 28.35 28.14 27.97 27.60 27.36 27.04 26.77 26.40 26.04 25.96 25.82 25.02 24.62 24.31 23.99 23.58 23.20 22.83 23.37 22.09 21.76 21.45 21.68 21.35 21.36 20.85 20.35 19.65 19.34 19.83 21.04 22.32 22.51 20.62 19.99 19.01 18.52 18.58 19.29 20.01 21.05 21.32 22.63 24.38 25.77 26.79 25.97 24.73 24.37 24.32 24.78
-9999.00 -9999.00 30.17 30.16 30.14 30.12 30.02 29.88 29.79 29.66 29.57 29.48 29.39 29.30 29.24 29.11 28.99 28.87 28.68 28.51 28.32 28.08 27.83 27.54 27.46 27.16 26.88 26.48 26.16 25.69 25.34 24.98 24.92 24.51 23.92 23.46 23.11 22.69 22.84 22.98 21.94 21.36 21.01 20.64 21.11 20.39 20.29 19.42 18.88 19.38 20.50 21.57 22.06 20.97 19.21 19.08 18.39 18.70 19.32 20.35 21.19 21.69 23.21 24.58 25.78 26.39 25.89 24.76 24.37 25.63 26.16
-9999.00 -9999.00 30.17 30.17 30.16 30.13 30.01 29.87 29.76 29.66 29.60 29.57 29.46 29.35 29.19 29.08 28.96 28.86 28.65 28.46 28.29 28.09 27.81 27.55 27.33 27.01 27.00 26.47 25.99 25.74 25.34 24.99 24.76 24.38 23.92 23.92 23.33 22.75 22.20 21.94 22.45 21.89 20.78 20.84 20.48 20.31 19.91 19.41 18.69 19.15 20.21 20.76 21.91 20.49 18.93 18.77 18.46 18.69 19.55 20.03 21.33 22.98 24.06 25.36 26.10 25.83 25.21 24.06 24.41 24.58 25.85
-9999.00 -9999.00 -9999.00 30.17 30.17 30.16 30.12 29.99 29.94 29.85 29.65 29.57 29.48 29.37 29.19 29.11 28.96 28.80 28.61 28.45 28.44 28.14 27.94 27.60 27.33 27.03 26.74 26.41 26.09 25.68 25.38 25.13 24.89 24.92 24.06 23.49 23.12 22.88 22.40 21.71 21.30 21.11 21.41 20.76 20.21 20.01 19.32 19.16 18.57 18.89 19.86 20.68 21.58 20.31 18.51 18.15 18.43 18.42 19.38 21.11 22.43 23.97 24.77 25.75 25.57 24.69 24.21 23.59 23.95 24.69 25.02
-9999.00 -9999.00 -9999.00 -9999.00 -9999.00 30.16 30.08 29.95 29.88 29.77 29.68 29.59 29.45 29.32 29.19 29.06 28.92 28.80 28.59 28.41 28.19 28.03 27.82 27.86 27.62 27.38 27.24 26.77 26.52 26.11 25.90 25.20 24.66 24.56 24.05 23.87 23.65 23.26 22.79 21.96 21.45 20.81 20.42 20.90 20.01 19.42 19.30 18.60 18.69 18.50 19.63 20.48 21.25 19.96 18.15 17.57 17.99 18.62 19.96 22.08 23.62 24.53 24.88 25.09 25.18 24.23 23.20 23.06 23.93 24.54 25.64
-9999.00 -9999.00 -9999.00 -9999.00 -9999.00 -9999.00 30.13 30.02 29.92 29.87 29.73 29.62 29.49 29.37 29.22 29.07 28.93 28.79 28.58 28.38 28.16 27.96 27.75 27.55 27.27 27.35 26.87 26.46 26.07 25.72 25.36 25.48 25.20 24.47 24.10 24.08 23.90 23.57 22.47 21.87 21.35 20.98 20.87 20.01 20.29 19.93 18.97 18.41 18.16 18.03 19.12 20.12 20.81 19.49 17.72 17.24 17.85 19.61 21.51 23.06 23.93 23.39 24.73 24.44 24.40 23.35 22.91 23.69 24.61 25.86 27.11
-9999.00 -9999.00 -9999.00 -9999.00 -9999.00 -9999.00 -9999.00 30.05 29.98 29.91 29.77 29.67 29.54 29.40 29.21 29.13 28.95 28.78 28.56 28.39 28.17 27.95 27.73 27.50 27.29 27.01 26.75 26.48 26.11 25.85 25.50 25.18 24.72 24.27 23.84 23.43 23.05 22.91 23.25 22.16 21.20 20.75 20.31 20.30 19.58 19.07 19.13 18.10 17.68 17.50 18.20 18.75 18.61 17.75 17.15 18.30 20.15 20.27 21.58 22.98 23.22 22.96 24.37 24.28 23.61 22.35 24.39 25.00 26.36 26.26 25.66
-9999.00 -9999.00 -9999.00 -9999.00 -9999.00 -9999.00 -9999.00 30.14 30.04 29.93 29.83 29.73 29.63 29.53 29.32 29.16 28.97 28.78 28.57 28.44 28.28 28.09 27.83 27.59 27.42 27.06 26.85 26.60 26.27 25.88 25.48 25.15 24.81 24.59 24.34 23.73 23.34 22.75 22.19 22.05 21.77 21.45 20.88 19.98 19.96 19.23 18.52 18.64 17.54 17.19 17.53 17.01 17.58 17.53 18.67 20.32 20.77 21.72 22.13 22.67 22.39 22.86 23.96 23.62 22.82 22.49 23.18 24.70 24.73 24.92 25.37
-9999.00 -9999.00 -9999.00 -9999.00 -9999.00 -9999.00 -9999.00 30.18 30.10 30.00 29.88 29.78 29.68 29.54 29.40 29.22 29.06 28.85 28.66 28.55 28.37 28.21 28.04 27.75 27.45 27.04 26.78 26.55 26.36 26.04 26.00 26.31 26.16 25.60 25.43 24.82 23.82 24.00 23.33 22.59 21.92 20.79 20.37 20.19 19.65 19.06 18.48 17.79 17.66 17.10 17.01 16.82 17.26 18.28 19.65 20.00 20.41 20.08 21.68 21.70 22.53 22.65 22.90 22.79 21.61 22.10 22.41 23.83 25.13 26.51 27.11
-9999.00 -9999.00 -9999.00 -9999.00 -9999.00 -9999.00 -9999.00 30.18 30.09 30.01 29.90 29.80 29.74 29.64 29.52 29.35 29.19 29.05 28.85 28.61 28.51 28.34 27.96 27.61 27.38 27.06 26.83 27.59 27.46 27.26 26.96 25.59 25.65 25.36 24.96 24.89 24.99 24.06 24.39 24.08 22.45 21.81 20.84 20.41 19.99 19.48 18.64 17.92 17.27 17.05 16.44 16.52 16.58 16.73 17.89 19.03 18.72 19.42 19.91 19.82 20.38 20.82 20.94 20.67 21.11 21.54 23.48 24.90 26.70 25.48 25.71
-9999.00 -9999.00 -9999.00 -9999.00 -9999.00 -9999.00 -9999.00 30.18 30.13 30.02 29.95 29.82 29.74 29.63 29.47 29.29 29.20 29.09 28.91 28.74 28.59 28.49 28.18 27.92 27.92 27.98 27.72 27.02 26.44 26.11 25.73 25.34 24.91 24.53 24.07 23.53 23.24 22.80 22.88 22.76 23.26 22.32 21.65 21.18 20.58 19.50 18.68 17.95 17.30 16.62 16.21 15.91 15.80 16.07 16.00 16.49 16.35 17.35 17.58 17.97 18.43 19.00 19.11 20.20 20.59 21.49 23.22 24.88 25.09 24.27 24.39
-9999.00 -9999.00 -9999.00 -9999.00 -9999.00 -9999.00 -9999.00 30.19 30.11 30.03 29.95 29.84 29.74 29.59 29.36 29.46 29.27 29.28 29.21 28.88 28.66 28.49 28.24 27.84 27.54 27.48 26.97 26.69 26.46 26.14 25.78 25.57 25.19 24.85 24.75 24.31 23.16 22.78 22.17 21.75 21.57 21.20 21.01 20.30 19.45 19.12 18.80 18.21 17.07 16.67 15.96 15.67 15.75 15.51 15.20 14.76 15.20 16.07 16.50 17.31 18.28 18.79 19.09 19.62 20.16 21.41 21.86 22.99 23.42 23.03 24.09
-9999.00 -9999.00 -9999.00 -9999.00 -9999.00 -9999.00 -9999.00 30.19 30.13 30.03 29.94 29.84 29.73 29.59 29.46 29.36 29.50 29.34 29.21 29.09 28.83 28.55 28.21 27.83 27.70 27.46 27.67 27.70 27.31 27.19 26.72 25.93 25.20 24.70 24.26 23.79 23.74 23.48 22.84 21.72 21.23 20.72 20.29 19.92 19.88 18.88 18.33 18.28 17.25 16.56 15.90 15.47 15.41 15.09 15.05 14.94 15.01 15.87 17.25 19.47 21.51 21.76 20.91 22.20 22.56 21.72 21.26 22.78 24.57 23.31 23.21
-9999.00 -9999.00 -9999.00 -9999.00 -9999.00 -9999.00 -9999.00 30.19 30.12 30.03 29.94 29.84 29.69 29.59 29.48 29.60 29.57 29.41 29.17 28.99 28.77 28.67 28.75 28.59 28.18 27.77 27.23 26.70 26.34 26.07 26.25 26.83 26.59 25.94 25.56 25.52 25.03 24.81 24.12 23.11 22.41 21.95 21.49 20.51 19.33 18.66 18.10 17.50 16.93 16.66 15.86 15.29 15.10 14.83 14.95 15.12 16.27 16.66 19.29 21.13 22.20 23.04 23.28 22.91 24.60 23.95 22.91 23.05 25.93 24.80 24.12
-9999.00 -9999.00 -9999.00 -9999.00 -9999.00 -9999.00 -9999.00 30.19 30.14 30.09 29.99 29.90 29.78 29.66 29.69 29.66 29.56 29.46 29.26 29.07 28.87 28.63 28.33 28.07 27.84 27.43 26.74 26.16 25.90 25.63 25.34 25.26 25.33 25.18 25.09 24.76 24.39 24.01 24.27 24.60 24.24 23.84 23.29 21.83 20.27 19.61 18.46 17.71 17.15 16.55 16.05 16.41 16.96 16.71 16.59 18.27 19.39 18.21 19.56 20.99 22.57 23.21 23.80 24.31 24.68 25.22 24.02 23.25 25.31 26.69 24.63
-9999.00 -9999.00 -9999.00 -9999.00 -9999.00 -9999.00 -9999.00 30.19 30.19 30.15 30.06 30.01 29.93 29.86 29.81 29.73 29.61 29.51 29.37 29.22 28.96 28.69 28.37 28.15 27.80 27.46 26.83 26.36 26.11 25.76 25.61 25.54 25.37 25.24 25.01 24.26 23.77 23.82 23.59 23.35 22.55 22.67 22.25 22.37 21.52 20.55 19.33 18.28 17.52 17.11 17.70 17.50 18.42 19.52 18.51 19.56 20.17 20.25 20.40 22.05 22.67 23.44 23.94 24.46 25.00 25.74 25.16 24.59 24.76 26.92 26.08
-9999.00 -9999.00 -9999.00 -9999.00 -9999.00 -9999.00 -9999.00 30.19 30.19 30.18 30.13 30.06 29.98 29.97 29.89 29.77 29.68 29.61 29.44 29.27 29.09 28.84 28.53 28.27 28.05 27.72 27.38 27.01 26.75 26.43 26.24 26.13 26.22 26.10 25.75 25.59 25.00 24.06 23.13 22.32 21.94 21.97 21.39 20.59 20.07 19.39 19.00 18.40 17.67 17.85 19.47 20.03 19.60 19.31 19.69 19.92 20.81 21.23 21.33 22.23 22.99 23.53 23.89 24.63 25.30 25.63 25.81 25.88 25.53 26.16 27.50
-9999.00 -9999.00 -9999.00 -9999.00 -9999.00 -9999.00 -9999.00 30.19 30.19 30.19 30.16 30.10 30.04 30.00 29.98 29.92 29.82 29.67 29.54 29.35 29.15 28.95 28.71 28.45 28.21 27.90 27.64 27.33 27.08 26.91 26.51 26.80 26.48 25.39 24.89 24.82 24.69 24.31 23.45 22.69 21.83 21.08 20.52 20.08 19.90 19.41 18.90 20.29 20.02 17.80 18.50 19.62 19.95 20.35 20.44 20.57 21.04 21.86 22.17 22.64 23.43 23.85 24.28 24.61 25.06 25.62 26.40 26.54 26.97 27.10 27.61
-9999.00 -9999.00 -9999.00 -9999.00 -9999.00 -9999.00 -9999.00 30.20 30.19 30.19 30.19 30.14 30.11 30.07 30.04 29.92 29.83 29.72 29.56 29.38 29.26 29.10 28.89 28.63 28.42 28.08 27.78 27.52 27.35 27.09 27.51 26.81 25.92 25.94 26.40 26.20 25.96 25.48 24.69 23.89 23.07 22.48 22.09 21.54 21.60 21.04 20.86 21.32 20.75 18.81 19.12 19.99 20.07 20.34 20.60 21.08 21.63 22.15 22.64 23.18 23.57 24.24 24.64 24.90 25.35 25.72 26.10 26.65 27.21 27.17 27.33
-9999.00 -9999.00 -9999.00 -9999.00 -9999.00 -9999.00 -9999.00 -9999.00 -9999.00 30.19 30.19 30.17 30.14 30.11 30.04 29.96 29.82 29.70 29.57 29.43 29.27 29.08 28.91 28.71 28.48 28.25 27.96 27.83 27.64 27.79 27.05 27.19 27.17 27.33 27.03 26.83 26.67 26.31 26.17 25.14 24.70 24.04 23.52 22.66 22.78 23.05 22.47 21.84 20.99 19.87 17.74 18.81 19.50 19.92 20.37 20.58 20.63 21.43 22.43 23.01 23.52 24.00 24.51 25.32 25.47 26.06 26.46 26.64 26.18 26.65 26.33
-9999.00 -9999.00 -9999.00 -9999.00 -9999.00 -9999.00 -9999.00 -9999.00 -9999.00 30.19 30.19 30.19 30.17 30.13 30.08 29.99 29.87 29.83 29.72 29.53 29.37 29.24 28.99 28.81 28.58 28.37 28.35 28.27 28.19 28.08 27.92 27.78 27.46 26.92 26.38 25.61 25.23 25.29 25.27 25.30 25.23 24.68 24.41 24.30 23.01 22.17 21.81 21.02 20.08 18.77 19.81 20.20 20.23 20.55 20.82 21.36 21.78 22.15 22.79 23.35 23.84 24.37 24.87 25.21 25.56 26.14 26.10 25.79 24.93 25.22 26.27
-9999.00 -9999.00 -9999.00 -9999.00 -9999.00 -9999.00 -9999.00 -9999.00 -9999.00 -9999.00 30.19 30.19 30.19 30.18 30.15 30.08 29.96 29.83 29.73 29.59 29.48 29.29 29.08 28.91 28.87 28.62 28.42 28.50 27.94 27.61 27.42 27.04 26.49 26.10 25.42 24.72 24.18 23.84 24.06 23.95 23.89 23.55 23.97 23.12 23.48 23.26 22.75 21.83 19.89 18.12 19.91 20.77 20.73 20.79 21.00 20.71 20.92 21.76 22.92 23.55 23.70 24.04 24.28 25.04 25.51 25.54 25.73 24.90 23.60 23.73 25.72
-9999.00 -9999.00 -9999.00 -9999.00 -9999.00 -9999.00 -9999.00 -9999.00 -9999.00 -9999.00 30.20 30.19 30.19 30.19 30.16 30.11 30.02 29.90 29.84 29.69 29.54 29.34 29.18 29.11 28.93 28.74 28.63 28.43 28.11 27.93 27.54 27.17 26.62 25.90 25.46 24.95 24.33 23.77 23.26 22.75 22.51 22.30 22.93 22.39 23.10 23.03 21.99 21.11 19.30 19.45 20.53 20.66 20.77 21.20 21.46 21.39 22.00 22.38 22.53 23.30 23.38 23.13 24.41 24.92 25.21 24.42 25.56 24.85 22.72 23.19 23.73
-9999.00 -9999.00 -9999.00 -9999.00 -9999.00 -9999.00 -9999.00 -9999.00 -9999.00 -9999.00 -9999.00 30.19 30.19 30.19 30.17 30.11 30.04 29.96 29.85 29.73 29.64 29.51 29.39 29.25 29.04 28.85 28.80 28.61 28.36 28.01 27.75 27.37 26.97 26.81 26.53 26.07 25.00 24.18 23.38 22.93 22.41 21.99 21.54 21.40 21.84 21.80 20.86 20.51 21.94 21.86 21.61 22.17 21.49 21.03 20.82 21.09 22.02 22.44 22.72 23.33 23.11 23.10 23.80 24.72 25.19 24.33 23.59 22.95 21.72 22.11 22.88
-9999.00 -9999.00 -9999.00 -9999.00 -9999.00 -9999.00 -9999.00 -9999.00 -9999.00 -9999.00 -9999.00 -9999.00 30.19 30.19 30.18 30.12 30.05 29.97 29.90 29.77 29.67 29.53 29.38 29.29 29.17 29.05 28.86 28.65 28.36 28.13 27.72 27.58 27.29 26.87 26.30 26.13 25.16 24.50 24.01 23.45 22.83 22.19 21.75 21.28 20.72 20.51 20.94 21.58 22.96 23.33 22.86 22.73 22.83 21.87 20.92 21.26 21.93 22.02 22.43 23.20 22.53 22.53 23.35 23.96 24.53 24.49 21.50 21.06 21.56 22.48 24.21
-9999.00 -9999.00 -9999.00 -9999.00 -9999.00 -9999.00 -9999.00 -9999.00 -9999.00 -9999.00 -9999.00 -9999.00 30.19 30.19 30.16 30.14 30.07 30.02 29.93 29.81 29.69 29.56 29.44 29.33 29.21 29.11 29.01 28.76 28.53 28.14 27.83 27.56 27.09 26.51 26.04 25.46 25.24 25.28 24.35 24.04 22.94 22.64 22.28 21.79 21.82 21.49 22.68 22.91 23.08 23.95 24.05 23.73 23.38 22.72 21.83 20.94 21.29 21.35 22.30 22.83 22.10 21.89 21.66 22.82 23.81 22.51 21.59 22.62 23.01 23.66 24.60
-9999.00 -9999.00 -9999.00 -9999.00 -9999.00 -9999.00 -9999.00 -9999.00 -9999.00 -9999.00 -9999.00 -9999.00 -9999.00 30.19 30.19 30.16 30.13 30.03 29.94 29.83 29.73 29.62 29.52 29.44 29.39 29.25 29.15 28.97 28.60 28.26 27.96 27.63 27.08 26.72 26.82 26.74 25.90 26.01 25.88 25.40 23.61 23.85 23.69 23.11 23.44 22.92 23.94 23.60 24.37 24.62 24.17 24.42 23.87 23.65 22.49 22.33 22.53 22.25 21.67 21.88 21.29 21.77 22.39 22.87 23.58 23.97 23.44 23.74 23.78 25.66 24.33
-9999.00 -9999.00 -9999.00 -9999.00 -9999.00 -9999.00 -9999.00 -9999.00 -9999.00 -9999.00 -9999.00 -9999.00 -9999.00 -9999.00 -9999.00 30.19 30.16 30.07 29.96 29.92 29.80 29.71 29.63 29.59 29.50 29.41 29.34 29.17 28.88 28.58 28.20 27.84 27.63 27.52 26.83 27.02 27.21 26.72 25.87 25.31 25.06 25.26 24.73 24.57 25.08 24.59 24.47 23.79 24.34 25.04 24.79 24.96 24.41 24.16 23.66 23.66 23.27 22.78 22.02 20.55 20.79 21.92 22.98 24.38 24.50 24.61 24.58 24.17 25.38 25.84 25.59
-9999.00 -9999.00 -9999.00 -9999.00 -9999.00 -9999.00 -9999.00 -9999.00 -9999.00 -9999.00 -9999.00 -9999.00 -9999.00 -9999.00 -9999.00 30.19 30.18 30.14 30.05 29.97 29.85 29.81 29.76 29.72 29.62 29.51 29.33 29.14 28.95 28.76 28.38 28.08 27.74 27.65 27.88 27.33 26.57 26.49 26.61 26.57 26.45 26.02 26.24 26.09 25.55 24.68 24.54 24.18 24.97 25.32 25.18 25.33 24.98 24.75 24.70 23.82 23.27 22.53 21.82 20.71 21.68 22.07 23.24 22.87 23.74 24.60 25.25 25.98 26.13 26.04 26.63
-9999.00 -9999.00 -9999.00 -9999.00 -9999.00 -9999.00 -9999.00 -9999.00 -9999.00 -9999.00 -9999.00 -9999.00 -9999.00 -9999.00 -9999.00 -9999.00 30.19 30.16 30.11 30.00 29.98 29.93 29.88 29.84 29.71 29.56 29.41 29.24 29.08 28.98 28.63 28.35 28.39 28.06 27.58 27.72 27.75 27.66 27.57 27.28 27.15 26.64 26.11 25.31 24.13 23.41 23.76 24.74 25.10 25.75 25.64 25.50 25.49 25.15 24.58 24.37 23.91 22.23 22.32 21.64 20.56 21.16 21.99 22.08 22.33 23.73 25.13 24.27 24.69 25.68 26.30
-9999.00 -9999.00 -9999.00 -9999.00 -9999.00 -9999.00 -9999.00 -9999.00 -9999.00 -9999.00 -9999.00 -9999.00 -9999.00 -9999.00 -9999.00 -9999.00 -9999.00 30.19 30.18 30.13 30.06 30.01 29.99 29.92 29.79 29.65 29.53 29.36 29.27 29.07 28.87 28.71 28.61 28.45 28.41 27.92 27.54 27.35 27.09 26.69 26.07 25.19 25.28 23.74 23.64 22.58 22.94 25.17 26.06 26.07 26.20 25.87 25.96 25.51 25.13 24.36 23.61 22.41 23.35 22.54 22.66 21.96 22.01 20.93 22.28 23.54 23.90 23.55 24.87 24.39 25.86
