maui/input/air_temperature_monthly/tmaxjul_250m_maui.asc
ncols        356
nrows        236
xllcorner    -156.702000000000
yllcorner    20.529750000000
cellsize     0.002250000000
NODATA_value  -99.00
[rows 160 to 191 of 236, columns 213 to 283 of 356]
15.30 15.42 15.51 15.55 15.57 15.70 15.90 16.13 16.26 16.38 16.36 16.57 16.28 16.20 16.14 16.12 16.09 16.16 16.22 16.05 16.01 16.01 16.05 16.54 17.15 17.69 18.72 19.21 19.34 19.34 19.30 19.14 19.03 18.84 18.68 18.61 18.74 18.31 16.76 16.31 16.48 16.50 16.49 16.46 16.49 16.59 16.64 16.77 16.99 17.02 17.03 17.50 18.24 19.74 19.59 19.67 19.80 19.91 20.07 20.09 20.24 20.32 20.72 21.43 21.52 21.65 21.79 21.39 19.73 18.82 18.90
15.61 15.69 15.78 15.82 15.89 15.98 16.19 16.38 16.53 16.64 16.71 17.00 16.66 16.59 16.59 16.54 16.52 16.67 16.66 16.49 16.42 16.47 16.59 16.54 16.56 17.39 18.17 19.60 19.69 19.82 19.74 19.65 19.58 19.47 19.23 19.22 19.26 19.09 17.56 16.93 17.04 17.09 17.12 17.14 17.16 17.15 17.23 17.35 17.45 17.45 17.45 17.49 17.68 19.07 20.02 19.92 20.02 20.17 20.38 20.43 20.56 20.63 20.61 20.54 21.04 22.08 22.02 21.59 20.06 19.19 19.32
15.94 15.99 16.07 16.14 16.24 16.37 16.46 16.66 16.81 16.89 17.15 17.68 17.28 17.08 17.13 17.04 16.98 17.36 17.11 17.08 17.09 17.21 17.43 17.14 17.12 17.18 17.97 19.29 20.11 20.15 20.12 20.08 20.04 19.91 19.93 19.81 19.77 19.71 18.39 17.49 17.66 17.66 17.73 17.78 17.84 17.86 17.84 17.85 17.76 17.77 17.79 17.84 17.91 18.20 19.37 19.95 20.62 20.46 20.67 20.79 20.91 20.90 20.84 20.75 21.70 22.36 22.44 21.91 20.67 19.68 19.77
16.27 16.38 16.41 16.47 16.61 16.71 16.82 16.98 17.32 17.38 17.77 18.15 18.02 17.86 17.86 17.80 17.83 18.01 17.85 17.78 17.89 18.22 18.32 18.13 18.01 17.85 17.80 18.87 20.23 20.50 20.54 20.49 20.47 20.42 20.34 20.20 20.16 20.03 19.06 18.03 18.19 18.22 18.19 18.39 18.49 18.46 18.41 18.30 18.03 18.07 18.17 18.18 18.32 18.39 18.43 18.90 20.06 20.84 20.97 21.10 21.11 21.17 21.07 21.02 21.65 22.58 22.54 22.53 21.22 20.05 20.16
16.66 16.72 16.75 16.86 16.92 17.14 17.45 17.68 17.93 18.13 18.34 18.53 18.67 18.60 18.59 18.56 18.61 18.59 18.81 18.57 18.78 18.91 18.96 19.31 18.86 18.64 18.50 18.55 19.62 20.79 20.84 20.85 20.81 20.80 20.67 20.51 20.54 20.43 19.37 18.72 18.60 18.83 18.82 18.89 19.03 18.99 18.96 18.77 18.45 18.42 18.45 18.55 18.64 18.79 18.82 18.80 19.41 19.76 20.88 21.50 21.51 21.48 21.36 21.28 21.30 22.58 22.70 22.74 21.88 20.58 20.54
17.18 17.35 17.27 17.64 17.63 17.99 18.15 18.47 18.56 18.86 18.98 19.12 19.18 19.36 19.34 19.32 19.37 19.29 19.56 19.33 19.63 19.74 19.83 20.18 19.58 19.52 19.38 19.19 19.29 20.26 21.05 21.11 21.17 21.21 21.06 20.96 20.92 20.81 20.18 19.38 19.26 19.32 19.34 19.40 19.47 19.41 19.40 19.24 18.98 18.90 18.95 18.91 19.08 19.13 19.36 19.26 19.33 19.41 19.95 21.06 21.78 21.82 21.72 21.64 21.71 22.71 22.90 22.92 22.60 21.50 21.03
17.76 18.12 18.12 18.26 18.32 18.53 18.78 19.55 19.26 19.86 19.61 19.64 19.74 19.96 19.95 19.91 20.18 20.02 20.00 20.00 20.77 20.61 20.93 21.13 20.28 20.32 20.13 19.98 19.89 19.93 21.02 21.45 21.51 21.49 21.41 21.31 21.32 21.36 21.08 19.87 19.86 19.85 19.81 19.98 19.90 19.93 19.91 19.66 19.49 19.38 19.38 19.45 19.43 19.65 19.72 19.77 19.84 19.85 19.85 20.71 21.80 22.04 21.96 22.02 22.04 22.56 23.09 23.07 23.21 22.38 21.55
18.42 18.59 18.76 19.00 19.00 19.20 19.53 19.93 20.05 20.32 20.32 20.35 20.36 20.53 20.52 20.61 20.80 20.68 20.78 20.78 21.11 21.46 21.62 21.56 20.98 20.98 20.90 20.65 20.56 20.68 20.78 21.69 21.81 21.82 21.86 21.69 21.70 21.67 21.61 20.47 20.42 20.42 20.39 20.46 20.36 20.98 21.27 21.05 19.84 19.88 19.91 19.96 20.03 20.12 20.17 20.33 20.27 20.29 20.33 20.53 21.59 22.18 22.12 22.20 22.28 22.27 23.12 23.32 23.37 23.32 22.19
19.09 19.18 19.53 19.70 19.68 20.00 20.20 20.32 20.87 20.83 20.91 21.03 21.22 21.07 21.39 21.21 21.85 21.34 21.71 21.58 21.64 22.86 22.06 22.15 21.59 21.51 21.51 21.28 21.30 21.32 21.27 21.92 22.10 22.16 22.17 22.09 22.05 21.98 21.86 20.95 20.92 20.90 20.88 20.94 21.52 22.30 23.47 22.51 20.75 20.22 20.40 20.44 20.64 20.79 20.71 21.08 20.75 20.74 20.83 20.87 21.06 21.93 23.13 22.43 22.54 22.62 23.06 23.47 23.65 23.81 23.26
19.75 19.78 20.09 20.32 20.33 20.59 21.11 21.09 21.36 21.45 21.65 21.60 21.73 22.21 22.07 21.95 22.65 22.00 22.31 22.30 22.36 22.98 22.86 23.04 22.22 22.11 22.10 21.92 21.84 21.97 21.84 21.75 22.42 22.46 22.41 22.52 22.42 22.31 22.11 21.65 21.45 21.37 21.30 21.34 22.65 23.57 23.56 21.97 20.62 20.68 20.75 20.91 21.04 21.24 21.42 21.60 21.27 21.22 21.31 21.34 21.49 21.75 22.65 23.09 22.76 22.88 23.04 23.87 23.97 24.08 24.10
20.34 20.39 20.58 20.98 21.02 21.24 21.59 21.80 21.80 22.13 22.74 22.45 22.26 22.88 22.93 22.74 23.41 22.65 23.29 22.93 23.11 23.52 24.10 24.35 22.73 22.65 22.79 22.43 22.34 22.73 22.34 22.35 22.90 22.86 22.76 22.70 22.64 22.51 22.29 22.03 21.90 21.88 21.69 22.04 23.33 24.81 23.34 21.94 21.04 21.14 21.28 21.37 21.49 21.70 21.89 22.01 21.77 21.73 21.80 21.83 21.91 22.19 22.39 24.46 23.37 23.13 23.16 23.50 24.27 24.48 24.58
20.88 20.96 21.16 21.63 21.63 21.83 22.29 22.82 22.45 22.66 24.18 23.82 22.79 23.79 23.33 23.24 23.72 23.33 23.47 23.49 24.30 24.26 25.16 24.17 23.23 23.18 23.50 23.01 23.01 23.42 23.07 23.07 23.34 23.21 23.11 23.00 22.88 22.76 22.55 22.47 22.45 22.70 22.65 22.59 24.35 24.70 23.32 21.78 21.43 21.59 21.72 21.79 22.03 21.97 22.23 22.36 22.21 22.21 22.24 22.29 22.34 22.58 22.95 23.50 24.59 23.52 23.16 23.37 24.24 24.68 24.74
21.67 21.68 21.89 22.10 22.41 22.52 22.76 23.45 23.11 23.26 24.25 23.86 23.42 24.16 23.57 23.83 24.27 24.10 23.88 24.10 24.88 25.25 24.95 23.80 23.82 23.80 23.73 23.56 23.68 23.93 23.70 23.99 23.62 23.54 23.43 23.35 23.16 23.00 22.98 22.89 23.32 23.72 22.84 23.26 24.72 24.46 22.97 21.99 21.88 21.96 22.08 22.19 22.29 22.42 22.52 22.70 22.69 22.75 22.65 22.92 22.82 22.95 23.17 23.54 24.41 24.43 23.83 23.84 24.10 24.83 24.94
21.95 22.35 22.37 22.61 23.20 23.12 23.34 23.73 24.12 23.75 24.19 25.10 24.14 24.84 24.35 24.77 24.87 24.49 24.56 24.92 25.31 26.08 25.04 24.58 24.33 24.47 24.20 24.13 24.14 24.49 24.54 24.20 23.95 23.82 23.77 23.60 23.47 23.38 23.50 23.34 23.33 24.40 23.40 24.69 25.77 23.92 22.56 22.45 22.28 22.33 22.39 22.57 22.71 22.93 22.92 22.92 23.34 23.28 23.16 23.31 23.41 23.51 23.71 23.76 24.15 25.12 24.45 24.20 24.53 24.70 25.13
22.40 22.76 23.12 23.19 23.64 23.69 23.91 24.48 25.18 24.43 24.39 24.95 25.18 25.29 25.11 25.25 25.18 25.05 25.20 25.05 25.24 26.25 25.64 25.32 25.18 25.15 24.69 24.73 24.77 24.80 24.94 24.54 24.19 24.18 23.98 23.93 23.83 23.94 24.01 23.80 23.92 24.38 23.89 25.21 25.36 23.81 22.97 22.89 22.77 22.80 22.87 22.95 23.12 23.40 23.41 23.49 23.59 23.85 23.72 23.83 23.90 24.08 24.03 24.12 24.74 24.61 25.13 24.70 24.93 25.17 25.33
22.92 23.09 23.78 23.73 24.17 24.20 24.60 24.69 25.21 25.10 25.07 25.23 25.61 25.52 25.57 25.58 25.65 25.53 25.77 25.52 25.84 26.28 26.15 25.76 25.39 25.26 25.16 25.27 25.39 25.35 25.18 24.76 24.64 24.44 24.30 24.28 24.29 24.33 24.27 24.21 24.64 24.30 24.61 25.01 25.89 24.11 23.35 23.37 23.27 23.26 23.33 23.38 23.51 23.62 23.72 23.92 23.90 24.63 24.19 24.39 24.49 24.32 24.73 24.60 24.85 25.15 25.19 25.39 25.58 25.54 25.78
23.37 23.66 23.87 24.94 24.52 24.92 24.85 25.25 25.21 25.84 25.62 25.68 25.94 26.42 26.04 26.07 26.02 25.99 26.11 25.99 25.99 26.31 27.13 25.93 25.86 25.74 25.61 25.82 26.02 25.72 25.44 25.23 25.02 24.88 24.82 24.83 24.87 24.83 24.74 24.77 25.15 24.62 25.27 25.48 26.31 24.72 23.81 23.81 23.68 23.69 23.73 23.82 23.90 24.04 24.30 24.57 24.32 24.42 24.83 24.66 24.93 24.93 25.04 25.28 25.22 26.09 25.55 25.93 26.19 25.94 26.21
23.79 23.92 24.22 24.41 25.26 25.16 25.34 25.78 25.63 26.28 26.14 26.15 26.23 26.70 26.36 26.45 26.42 26.45 26.42 26.33 26.30 26.46 27.28 26.37 26.58 26.22 26.03 26.19 26.28 26.02 25.79 25.57 25.47 25.34 25.35 25.29 25.23 25.20 25.18 25.24 25.59 25.46 25.58 26.16 25.90 24.53 24.30 24.19 24.13 24.10 24.14 24.26 24.30 24.36 24.72 24.65 24.81 24.70 25.45 25.43 25.60 25.94 25.63 25.87 25.91 26.26 26.11 26.25 26.37 26.52 26.57
24.17 24.33 24.59 24.88 25.10 25.91 26.35 25.79 26.48 26.26 26.42 26.48 26.54 26.55 27.15 27.14 26.80 26.72 26.95 26.75 26.73 26.75 26.99 26.93 26.68 26.55 26.50 26.61 26.54 26.32 26.15 25.95 25.82 25.74 25.65 25.69 25.66 25.60 25.65 25.69 26.31 26.01 26.09 26.75 26.09 24.88 24.85 24.64 24.60 24.60 24.61 24.61 24.72 24.73 24.97 25.04 25.29 25.22 25.50 25.46 26.18 25.91 26.31 26.63 26.21 26.48 26.99 26.64 26.70 26.88 27.00
24.60 24.76 24.89 25.19 25.46 25.71 26.82 26.29 26.38 26.66 26.65 26.74 26.83 26.84 27.06 27.12 27.42 27.12 27.21 27.14 27.10 27.38 27.19 27.13 27.02 26.97 26.93 26.91 26.80 26.66 26.53 26.25 26.23 26.19 26.05 26.09 26.10 26.12 26.07 26.11 26.65 26.63 26.57 25.99 27.13 25.32 25.31 25.17 25.06 25.03 25.10 25.03 25.04 25.13 25.18 25.53 25.45 26.19 25.69 26.34 25.90 27.26 26.58 26.54 27.17 26.81 27.25 27.04 27.07 27.17 27.34
25.07 25.13 25.25 25.46 25.75 26.05 26.81 26.64 26.75 27.10 26.92 27.02 27.06 27.09 27.23 27.56 27.63 27.46 27.63 27.42 27.45 27.53 27.42 27.78 27.36 27.25 27.28 27.20 27.04 26.97 26.80 26.68 26.57 26.53 26.52 26.49 26.47 26.49 26.51 26.50 26.94 26.92 26.77 26.57 27.25 25.83 25.78 25.69 25.58 25.47 25.52 25.64 25.45 25.65 25.56 25.78 25.74 26.20 26.27 26.25 26.57 26.56 27.60 27.39 27.47 27.48 27.48 27.38 27.39 27.33 27.45
25.68 25.55 25.75 25.89 26.07 26.47 26.71 27.64 27.01 27.18 27.19 27.30 27.35 27.32 27.51 27.67 27.69 27.71 27.92 27.74 27.74 27.85 27.73 27.97 27.63 27.58 27.47 27.38 27.25 27.12 27.10 27.01 26.96 26.93 26.86 26.80 26.79 26.89 26.89 26.88 27.10 27.05 26.83 27.54 26.58 26.34 26.20 26.16 26.15 25.97 25.98 26.11 25.90 25.92 26.21 26.02 26.27 26.34 27.39 26.61 26.93 26.94 27.72 27.41 27.38 27.79 27.71 27.66 27.69 27.69 27.64
26.15 25.93 26.02 26.24 26.38 26.61 26.85 27.24 27.44 27.48 27.46 27.51 27.54 27.56 27.69 27.83 28.01 28.28 28.22 28.10 28.02 27.96 27.99 28.11 27.92 27.79 27.67 27.59 27.40 27.32 27.35 27.30 27.21 27.17 27.05 27.09 27.08 27.22 27.16 27.14 27.24 27.21 27.01 27.57 26.95 26.83 26.61 26.63 26.64 26.51 26.50 26.63 26.45 26.41 26.96 26.70 26.62 26.75 26.93 27.56 27.42 27.42 27.69 28.19 28.19 28.16 27.94 27.93 27.97 27.97 27.96
26.21 26.32 26.60 26.73 26.73 26.87 27.18 27.37 28.38 27.79 27.70 27.74 27.81 27.83 27.88 28.04 28.50 28.62 28.37 28.32 28.27 28.25 28.29 28.13 28.02 27.93 27.91 27.82 27.71 27.56 27.57 27.55 27.48 27.39 27.34 27.35 27.35 27.40 27.33 27.38 27.37 27.42 27.40 27.37 27.62 27.33 27.06 27.17 27.11 26.99 27.04 27.19 26.98 26.93 27.16 27.67 27.04 27.10 27.27 27.40 28.14 28.30 -9999.00 -9999.00 -9999.00 -9999.00 28.30 28.17 28.19 28.18 28.24
26.63 26.92 26.90 27.30 27.19 27.23 27.38 27.76 27.94 28.14 27.97 28.04 28.07 28.09 28.13 28.26 28.30 28.45 28.77 28.55 28.49 28.44 28.28 28.26 28.15 28.09 28.08 28.00 27.91 27.77 27.73 27.77 27.75 27.76 27.66 27.59 27.55 27.54 27.61 27.59 27.58 27.60 27.65 27.72 28.11 27.56 27.67 27.66 27.53 27.50 27.62 27.64 27.41 27.38 27.87 27.97 27.50 27.56 27.71 27.87 28.30 -9999.00 -9999.00 -9999.00 -9999.00 -9999.00 -9999.00 -9999.00 -9999.00 -9999.00 -9999.00
26.91 27.14 27.20 27.51 27.69 27.58 27.69 27.90 28.11 28.78 28.27 28.24 28.27 28.32 28.40 28.59 28.57 28.60 28.70 28.84 28.70 28.68 28.47 28.33 28.29 28.22 28.13 28.10 28.07 28.06 28.04 27.98 27.87 27.95 27.95 27.81 27.78 27.76 27.79 27.82 27.90 27.90 27.89 27.93 28.24 27.94 28.17 28.07 27.96 27.96 27.98 28.13 27.80 27.77 28.21 28.07 27.91 28.09 28.41 28.48 -9999.00 -9999.00 -9999.00 -9999.00 -9999.00 -9999.00 -9999.00 -9999.00 -9999.00 -9999.00 -9999.00
27.57 27.37 27.57 27.71 27.86 28.06 28.01 28.22 28.35 28.94 28.63 28.54 28.53 28.55 28.59 28.77 28.80 28.82 28.81 28.98 28.94 28.54 28.46 28.52 28.36 28.30 28.22 28.20 28.23 28.31 28.25 28.13 28.10 28.12 28.07 28.02 28.04 27.93 28.02 28.06 28.08 28.05 28.07 28.16 28.21 28.47 28.40 28.40 28.32 28.39 28.49 28.55 28.28 28.27 28.56 28.56 28.56 -9999.00 -9999.00 -9999.00 -9999.00 -9999.00 -9999.00 -9999.00 -9999.00 -9999.00 -9999.00 -9999.00 -9999.00 -9999.00 -9999.00
27.57 27.83 27.82 27.95 28.12 28.49 28.43 28.51 28.64 28.72 29.23 28.79 28.81 28.78 28.84 28.90 29.10 29.04 29.08 29.04 28.87 28.74 28.72 28.58 28.50 28.44 28.39 28.38 28.42 28.44 28.42 28.30 28.35 28.25 28.23 28.27 28.23 28.14 28.20 28.24 28.25 28.21 28.19 28.29 28.33 28.43 28.55 28.51 28.61 28.69 -9999.00 -9999.00 -9999.00 -9999.00 -9999.00 -9999.00 -9999.00 -9999.00 -9999.00 -9999.00 -9999.00 -9999.00 -9999.00 -9999.00 -9999.00 -9999.00 -9999.00 -9999.00 -9999.00 -9999.00 -9999.00
27.77 28.00 28.13 28.18 28.39 28.52 28.68 28.79 28.91 28.94 29.35 28.95 29.05 29.09 29.08 29.19 29.21 29.23 29.24 29.23 28.96 28.97 28.88 28.78 28.57 28.52 28.49 28.52 28.62 28.57 28.51 28.62 28.47 28.39 28.38 28.41 28.41 28.38 28.38 28.41 28.35 28.36 28.38 28.44 28.48 28.61 28.63 28.72 28.74 -9999.00 -9999.00 -9999.00 -9999.00 -9999.00 -9999.00 -9999.00 -9999.00 -9999.00 -9999.00 -9999.00 -9999.00 -9999.00 -9999.00 -9999.00 -9999.00 -9999.00 -9999.00 -9999.00 -9999.00 -9999.00 -9999.00
27.97 28.23 28.55 28.44 28.56 28.69 29.02 28.94 29.06 29.16 29.48 29.20 29.23 29.27 29.30 29.31 29.55 29.45 29.42 29.35 29.27 29.22 29.06 28.95 28.85 28.76 28.66 28.67 28.78 28.78 28.83 28.73 28.62 28.50 28.51 28.53 28.52 28.53 28.54 28.55 28.59 28.56 28.51 28.56 28.59 28.72 28.81 28.86 28.83 -9999.00 -9999.00 -9999.00 -9999.00 -9999.00 -9999.00 -9999.00 -9999.00 -9999.00 -9999.00 -9999.00 -9999.00 -9999.00 -9999.00 -9999.00 -9999.00 -9999.00 -9999.00 -9999.00 -9999.00 -9999.00 -9999.00
28.24 28.48 28.63 28.76 28.78 28.91 29.08 29.16 29.21 29.32 29.57 29.38 29.43 29.46 29.47 29.49 29.63 29.56 29.46 29.48 29.41 29.35 29.28 29.06 28.92 28.85 28.79 28.67 28.86 28.93 28.94 28.86 28.77 28.64 28.64 28.65 28.71 28.68 28.68 28.69 28.72 28.74 28.83 28.75 28.79 28.80 28.84 -9999.00 -9999.00 -9999.00 -9999.00 -9999.00 -9999.00 -9999.00 -9999.00 -9999.00 -9999.00 -9999.00 -9999.00 -9999.00 -9999.00 -9999.00 -9999.00 -9999.00 -9999.00 -9999.00 -9999.00 -9999.00 -9999.00 -9999.00 -9999.00
28.54 28.67 28.87 28.97 29.03 29.16 29.28 29.35 29.41 29.50 29.50 29.71 29.60 29.61 29.67 29.72 29.67 29.61 29.51 29.58 29.53 29.42 29.40 29.11 28.94 28.98 28.81 28.87 28.99 29.08 28.96 28.94 28.88 28.96 28.74 28.78 28.82 28.85 28.83 28.84 28.90 28.89 28.95 29.10 29.09 29.06 -9999.00 -9999.00 -9999.00 -9999.00 -9999.00 -9999.00 -9999.00 -9999.00 -9999.00 -9999.00 -9999.00 -9999.00 -9999.00 -9999.00 -9999.00 -9999.00 -9999.00 -9999.00 -9999.00 -9999.00 -9999.00 -9999.00 -9999.00 -9999.00 -9999.00
