maui/input/air_temperature_monthly/tmaxaug_250m_maui.asc
ncols        356
nrows        236
xllcorner    -156.702000000000
yllcorner    20.529750000000
cellsize     0.002250000000
NODATA_value  -99.00
[rows 93 to 123 of 236, columns 142 to 212 of 356]
29.12 29.08 29.02 28.96 28.88 28.83 28.76 28.69 28.62 28.53 28.47 28.37 28.30 28.25 28.18 28.05 27.88 27.74 27.67 27.67 27.58 27.42 27.32 27.29 27.23 27.17 27.09 27.02 26.96 26.88 26.77 26.68 26.50 26.43 26.49 26.32 26.28 26.15 26.40 25.85 26.09 25.81 25.48 25.30 25.15 24.95 24.82 24.63 24.51 24.53 24.17 24.04 23.94 23.93 23.70 23.72 23.39 23.40 23.19 22.89 22.86 22.81 22.73 22.68 22.68 22.60 22.57 22.51 22.53 22.44 22.45
29.10 29.02 28.98 28.94 28.85 28.79 28.75 28.66 28.57 28.47 28.41 28.31 28.25 28.19 28.08 28.04 27.88 27.76 27.66 27.55 27.48 27.41 27.35 27.29 27.23 27.17 27.07 26.98 26.91 26.84 26.72 26.59 26.46 26.39 26.33 26.37 26.24 26.07 25.98 26.15 25.99 25.73 25.72 25.46 25.18 24.98 24.69 24.54 24.40 24.27 24.25 23.95 23.87 23.72 23.50 23.56 23.22 23.12 23.14 22.75 22.72 22.60 22.53 22.49 22.45 22.38 22.56 22.31 22.22 22.24 22.25
29.09 29.03 28.95 28.88 28.85 28.78 28.71 28.67 28.61 28.46 28.38 28.29 28.17 28.12 28.01 27.94 27.90 27.81 27.63 27.52 27.48 27.40 27.33 27.27 27.20 27.10 27.08 26.98 26.91 26.83 26.70 26.62 26.46 26.36 26.27 26.31 26.20 26.16 25.95 25.92 25.89 25.68 25.49 25.40 25.16 25.15 24.98 24.58 24.40 24.17 24.04 23.89 23.64 23.61 23.33 23.35 23.31 22.93 22.96 22.69 22.61 22.50 22.43 22.33 22.27 22.26 22.33 22.05 21.98 21.94 21.98
29.08 29.03 28.97 28.88 28.80 28.75 28.68 28.61 28.55 28.43 28.37 28.28 28.19 28.08 27.97 27.88 27.81 27.66 27.58 27.53 27.40 27.37 27.38 27.28 27.24 27.08 26.97 26.97 26.96 26.82 26.67 26.53 26.41 26.35 26.27 26.27 26.21 26.02 25.94 25.86 25.76 25.68 25.41 25.21 25.16 24.94 24.88 24.48 24.33 24.14 23.88 23.64 23.47 23.40 23.34 23.05 22.99 22.85 22.79 22.61 22.50 22.40 22.29 22.20 22.15 22.09 21.99 21.80 21.72 21.63 21.67
29.07 29.01 28.95 28.90 28.83 28.75 28.69 28.60 28.51 28.42 28.37 28.32 28.22 28.11 27.98 27.86 27.78 27.68 27.59 27.50 27.44 27.36 27.30 27.22 27.17 27.12 27.06 26.95 26.84 26.74 26.67 26.50 26.39 26.30 26.25 26.20 26.04 25.96 25.87 25.78 25.74 25.56 25.40 25.16 25.03 24.71 24.76 24.61 24.19 23.85 23.68 23.47 23.37 23.33 23.25 22.99 22.78 22.76 22.57 22.49 22.33 22.24 22.18 22.06 21.99 21.82 21.73 21.61 21.51 21.40 21.36
29.08 29.00 28.96 28.90 28.84 28.75 28.66 28.60 28.53 28.42 28.35 28.30 28.22 28.11 28.02 27.91 27.75 27.66 27.56 27.47 27.38 27.34 27.26 27.17 27.12 27.13 27.04 26.93 26.80 26.68 26.57 26.52 26.42 26.30 26.20 26.10 26.00 25.89 25.98 25.75 25.61 25.48 25.25 25.06 24.88 24.66 24.54 24.50 24.03 23.89 23.83 23.55 23.30 23.12 23.05 23.13 22.76 22.62 22.45 22.30 22.19 22.07 21.99 21.91 21.96 21.62 21.56 21.41 21.30 21.22 21.19
29.07 29.01 28.97 28.87 28.78 28.72 28.67 28.61 28.52 28.44 28.35 28.27 28.21 28.14 28.04 27.92 27.75 27.64 27.51 27.40 27.31 27.27 27.20 27.11 27.09 27.06 26.97 26.85 26.74 26.67 26.53 26.41 26.36 26.27 26.11 26.00 25.95 25.80 25.74 25.67 25.52 25.40 25.21 24.99 24.71 24.54 24.59 24.31 24.15 23.81 23.64 23.50 23.25 23.05 22.75 22.70 22.61 22.49 22.31 22.16 22.05 21.94 21.81 21.73 21.61 21.52 21.39 21.26 21.08 20.96 21.00
29.10 29.02 28.97 28.89 28.80 28.72 28.81 28.60 28.53 28.43 28.36 28.27 28.20 28.11 28.01 27.89 27.72 27.62 27.50 27.38 27.28 27.18 27.10 27.05 27.01 27.01 26.92 26.76 26.67 26.56 26.56 26.42 26.30 26.20 26.01 25.91 25.86 25.69 25.61 25.54 25.38 25.25 25.28 25.00 24.69 24.47 24.44 24.23 24.10 24.00 23.50 23.35 23.24 22.86 22.76 22.54 22.63 22.30 22.14 22.00 21.85 21.75 21.66 21.54 21.45 21.31 21.24 21.08 20.90 20.85 20.86
29.05 29.03 29.01 28.91 28.77 28.72 28.61 28.54 28.45 28.46 28.36 28.23 28.16 28.08 27.99 27.87 27.74 27.59 27.47 27.38 27.20 27.11 27.05 26.98 26.95 26.95 26.74 26.72 26.64 26.53 26.47 26.33 26.20 26.10 25.93 25.74 25.69 25.58 25.53 25.49 25.20 25.24 24.94 24.79 24.68 24.47 24.39 24.03 23.86 23.69 23.67 23.14 23.02 22.73 22.65 22.44 22.32 22.24 22.03 21.85 21.66 21.55 21.47 21.42 21.35 21.22 21.00 20.86 20.75 20.74 20.76
29.01 28.98 28.91 28.84 28.77 28.70 28.56 28.47 28.41 28.33 28.43 28.38 28.23 28.03 27.95 27.83 27.75 27.58 27.46 27.35 27.20 27.08 27.00 26.94 26.88 26.84 26.55 26.64 26.51 26.43 26.34 26.23 26.09 25.95 25.82 25.65 25.55 25.56 25.39 25.22 25.08 25.08 24.88 24.70 24.56 24.58 24.26 23.95 23.73 23.68 23.44 23.35 22.84 22.71 22.50 22.40 22.21 22.13 21.96 21.71 21.50 21.37 21.34 21.29 21.13 20.98 20.89 20.71 20.57 20.59 20.57
28.94 28.89 28.77 28.72 28.69 28.67 28.57 28.44 28.35 28.29 28.38 28.18 28.10 28.04 27.96 27.90 27.71 27.61 27.44 27.33 27.22 27.10 26.95 26.89 26.80 26.69 26.59 26.48 26.43 26.32 26.26 26.15 26.12 25.90 25.77 25.62 25.48 25.48 25.30 25.14 25.05 24.96 24.71 24.69 24.47 24.45 24.16 23.89 23.63 23.56 23.29 23.22 22.91 22.59 22.39 22.29 22.09 22.05 21.83 21.64 21.40 21.25 21.18 21.17 20.99 20.80 20.65 20.53 20.44 20.40 20.40
28.86 28.83 28.76 28.67 28.61 28.56 28.50 28.45 28.33 28.28 28.19 28.11 28.07 28.13 27.90 27.78 27.68 27.75 27.49 27.36 27.24 27.16 26.99 26.83 26.74 26.62 26.52 26.42 26.33 26.27 26.11 26.12 25.95 25.88 25.79 25.58 25.49 25.34 25.22 25.06 24.91 24.83 24.67 24.59 24.33 24.21 24.02 23.83 23.57 23.39 23.12 23.06 22.79 22.51 22.32 22.18 21.98 21.87 21.72 21.57 21.34 21.17 21.09 20.92 20.85 20.59 20.47 20.35 20.29 20.31 20.42
28.81 28.77 28.73 28.63 28.60 28.53 28.40 28.43 28.34 28.27 28.13 28.09 28.08 27.97 27.87 27.75 27.63 27.52 27.44 27.38 27.34 27.09 26.98 26.82 26.70 26.61 26.47 26.38 26.28 26.14 25.99 25.92 25.92 25.75 25.70 25.57 25.52 25.16 25.11 24.96 24.78 24.73 24.54 24.37 24.27 24.06 23.95 23.82 23.47 23.23 23.12 22.87 22.64 22.46 22.27 22.06 21.92 21.79 21.64 21.46 21.30 21.12 20.98 20.80 20.63 20.47 20.34 20.23 20.18 20.30 20.16
28.74 28.74 28.67 28.63 28.58 28.54 28.40 28.31 28.31 28.21 28.13 28.05 27.99 27.94 27.90 27.75 27.57 27.59 27.34 27.32 27.16 27.04 26.88 26.78 26.68 26.52 26.41 26.33 26.22 26.11 25.97 25.87 25.78 25.78 25.60 25.56 25.40 25.25 24.98 24.75 24.63 24.51 24.39 24.35 24.24 23.94 23.87 23.68 23.46 23.16 23.02 22.72 22.55 22.44 22.22 21.99 21.83 21.65 21.53 21.32 21.14 21.01 20.83 20.53 20.54 20.37 20.23 20.13 20.21 20.04 20.01
28.72 28.68 28.61 28.54 28.58 28.53 28.47 28.39 28.30 28.25 28.16 28.02 27.93 27.84 27.73 27.72 27.54 27.33 27.44 27.23 27.14 26.98 26.88 26.83 26.67 26.53 26.38 26.29 26.25 26.02 25.92 25.87 25.74 25.63 25.67 25.42 25.32 25.11 24.97 24.86 24.58 24.30 24.31 24.15 24.04 23.97 23.78 23.58 23.37 23.13 22.87 22.64 22.59 22.42 22.08 21.96 21.73 21.55 21.38 21.17 20.99 20.85 20.69 20.51 20.52 20.23 20.11 20.11 19.98 19.87 19.86
28.72 28.71 28.65 28.59 28.52 28.45 28.37 28.26 28.19 28.17 28.13 27.98 27.89 27.79 27.62 27.58 27.50 27.32 27.20 27.15 27.08 27.04 26.87 26.73 26.63 26.53 26.41 26.34 26.19 25.99 25.88 25.84 25.63 25.53 25.47 25.54 25.21 25.07 24.89 24.71 24.59 24.20 24.11 24.02 23.93 23.86 23.65 23.62 23.35 23.07 22.80 22.66 22.42 22.25 22.06 21.82 21.66 21.43 21.24 21.09 20.87 20.70 20.56 20.38 20.24 20.12 20.03 19.96 19.78 19.66 19.65
28.70 28.65 28.60 28.55 28.50 28.38 28.34 28.33 28.24 28.11 27.94 27.89 27.79 27.72 27.66 27.48 27.44 27.41 27.18 27.05 27.05 26.92 26.85 26.71 26.63 26.50 26.34 26.21 26.08 25.94 25.79 25.68 25.66 25.50 25.48 25.31 25.12 24.99 25.00 24.73 24.29 24.19 24.01 23.88 23.78 23.65 23.57 23.53 23.24 23.02 22.71 22.68 22.36 22.22 21.96 21.71 21.51 21.28 21.08 20.94 20.82 20.62 20.41 20.29 20.12 20.02 19.89 19.81 19.63 19.50 19.46
28.71 28.64 28.58 28.56 28.50 28.41 28.31 28.27 28.18 28.11 27.95 27.83 27.73 27.64 27.54 27.49 27.35 27.22 27.16 27.01 26.91 26.87 26.72 26.63 26.49 26.46 26.29 26.08 25.99 25.83 25.69 25.56 25.45 25.43 25.33 25.28 25.10 24.91 24.74 24.79 24.16 24.14 23.96 23.76 23.62 23.51 23.47 23.31 23.11 22.89 22.70 22.45 22.28 22.09 21.82 21.63 21.38 21.16 20.96 20.82 20.73 20.50 20.33 20.13 19.94 19.82 19.74 19.63 19.48 19.41 19.36
28.65 28.61 28.59 28.50 28.46 28.40 28.38 28.32 28.23 28.15 27.93 27.84 27.68 27.62 27.48 27.44 27.35 27.21 26.99 26.95 26.83 26.88 26.62 26.49 26.43 26.33 26.15 25.94 25.88 25.78 25.72 25.49 25.36 25.34 25.29 25.20 25.04 24.92 24.62 24.36 24.30 24.02 23.90 23.69 23.51 23.40 23.32 23.12 22.92 22.74 22.59 22.41 22.20 21.93 21.77 21.54 21.34 21.10 20.86 20.70 20.55 20.37 20.22 20.00 19.90 19.82 19.69 19.57 19.39 19.34 19.23
28.67 28.60 28.53 28.50 28.45 28.36 28.34 28.29 28.24 28.05 27.91 27.74 27.66 27.54 27.39 27.34 27.24 27.14 27.01 26.84 26.75 26.64 26.58 26.60 26.31 26.21 26.09 26.03 25.80 25.68 25.52 25.52 25.29 25.30 25.22 25.05 24.93 24.76 24.54 24.39 24.13 24.17 23.75 23.48 23.36 23.28 23.11 22.93 22.79 22.62 22.45 22.26 22.12 21.87 21.68 21.47 21.24 21.04 20.82 20.61 20.42 20.22 20.04 19.83 19.84 19.68 19.55 19.50 19.35 19.18 19.24
28.65 28.60 28.53 28.47 28.41 28.28 28.25 28.23 28.11 28.00 27.98 27.69 27.58 27.47 27.36 27.24 27.15 27.06 27.01 26.87 26.77 26.64 26.48 26.41 26.28 26.15 26.00 25.90 25.82 25.57 25.47 25.35 25.25 25.14 25.09 25.01 24.84 24.60 24.44 24.26 24.01 23.87 24.06 23.48 23.29 23.18 23.00 22.79 22.65 22.45 22.49 22.17 21.97 21.74 21.56 21.37 21.10 20.94 20.69 20.49 20.31 20.14 19.93 19.79 19.78 19.63 19.47 19.32 19.20 19.13 19.22
28.63 28.58 28.55 28.50 28.39 28.24 28.16 28.12 27.97 27.94 27.81 27.77 27.57 27.42 27.28 27.15 27.09 27.03 26.93 26.76 26.61 26.51 26.47 26.30 26.22 26.09 26.03 25.92 25.79 25.53 25.41 25.33 25.19 25.11 25.01 24.88 24.75 24.58 24.43 24.21 23.98 23.71 23.55 23.48 23.31 23.06 22.90 22.74 22.58 22.37 22.22 22.08 21.86 21.72 21.49 21.25 20.97 20.80 20.56 20.35 20.16 19.89 19.80 19.76 19.67 19.54 19.33 19.20 19.05 19.07 19.08
28.52 28.54 28.44 28.40 28.35 28.27 28.08 28.01 27.95 27.85 27.77 27.63 27.61 27.40 27.27 27.22 27.04 26.98 26.85 26.69 26.50 26.39 26.32 26.29 26.16 26.03 25.97 25.92 25.68 25.56 25.41 25.24 25.15 25.06 24.98 24.87 24.72 24.57 24.39 24.26 24.02 23.74 23.45 23.33 23.21 22.97 22.86 22.65 22.40 22.23 22.04 21.98 21.71 21.56 21.36 21.11 20.87 20.57 20.41 20.20 20.05 19.86 19.57 19.71 19.53 19.38 19.26 19.12 19.05 18.98 19.06
28.57 28.46 28.38 28.35 28.22 28.20 28.16 28.03 27.93 27.79 27.73 27.62 27.53 27.43 27.34 27.16 27.07 26.97 26.81 26.72 26.59 26.43 26.28 26.17 26.03 25.97 25.89 25.79 25.76 25.66 25.36 25.25 25.20 24.99 24.87 24.75 24.63 24.49 24.26 24.08 23.91 23.66 23.51 23.11 23.03 22.90 22.58 22.54 22.37 22.04 21.86 21.75 21.56 21.32 21.15 20.95 20.67 20.44 20.16 20.00 19.89 19.77 19.62 19.55 19.45 19.32 19.21 19.06 18.92 18.95 19.03
28.49 28.44 28.38 28.30 28.21 28.12 28.05 27.97 27.89 27.76 27.68 27.60 27.49 27.41 27.28 27.27 27.07 26.90 26.81 26.69 26.51 26.38 26.23 26.10 26.04 25.90 25.80 25.70 25.56 25.42 25.44 25.12 25.02 24.94 24.77 24.59 24.46 24.37 24.17 23.97 23.80 23.59 23.19 23.14 22.84 22.71 22.57 22.43 22.18 21.93 21.74 21.62 21.42 21.15 20.92 20.73 20.45 20.20 19.93 19.75 19.68 19.60 19.51 19.48 19.34 19.18 19.20 19.00 18.84 18.96 18.98
28.49 28.42 28.37 28.29 28.18 28.11 28.04 27.94 27.85 27.72 27.63 27.49 27.44 27.37 27.21 27.18 27.00 26.91 26.76 26.62 26.53 26.30 26.25 26.12 25.96 25.86 25.75 25.66 25.54 25.38 25.22 25.16 24.97 24.78 24.64 24.48 24.39 24.19 24.10 23.92 23.69 23.44 23.05 22.82 22.77 22.61 22.38 22.22 22.10 21.86 21.65 21.48 21.27 21.09 20.77 20.60 20.35 20.03 19.80 19.60 19.49 19.45 19.38 19.29 19.21 19.10 19.01 18.87 18.85 18.86 19.08
28.50 28.43 28.35 28.27 28.19 28.12 28.03 27.90 27.83 27.70 27.51 27.48 27.44 27.21 27.13 27.01 26.89 26.83 26.70 26.53 26.40 26.30 26.14 26.08 26.02 25.86 25.73 25.58 25.44 25.24 25.16 25.04 24.89 24.80 24.58 24.40 24.20 24.07 23.95 23.75 23.61 23.35 23.06 22.88 22.67 22.53 22.28 22.12 21.92 21.75 21.62 21.39 21.18 20.96 20.75 20.49 20.27 20.00 19.72 19.51 19.39 19.28 19.23 19.17 19.07 19.02 18.88 18.76 18.74 18.76 18.95
28.52 28.44 28.37 28.26 28.19 28.12 28.07 28.00 27.83 27.62 27.52 27.43 27.35 27.23 27.09 26.96 26.90 26.83 26.66 26.50 26.38 26.29 26.18 26.04 25.96 25.82 25.73 25.57 25.39 25.23 25.08 24.97 24.85 24.66 24.52 24.41 24.17 23.96 23.83 23.75 23.57 23.33 23.03 22.79 22.54 22.29 22.15 21.99 21.81 21.62 21.44 21.29 21.11 20.85 20.61 20.40 20.19 19.92 19.62 19.41 19.25 19.17 19.10 19.02 18.94 18.88 18.73 18.63 18.64 18.68 18.81
28.47 28.43 28.36 28.28 28.17 28.12 28.04 27.89 27.85 27.68 27.59 27.45 27.29 27.19 27.10 26.99 26.87 26.82 26.73 26.48 26.36 26.26 26.12 26.02 25.95 25.83 25.72 25.56 25.40 25.25 25.04 24.92 24.78 24.58 24.38 24.26 24.12 23.88 23.74 23.57 23.51 23.31 23.14 22.79 22.49 22.33 22.22 21.91 21.74 21.51 21.32 21.10 20.95 20.75 20.58 20.31 20.10 19.82 19.53 19.30 19.10 19.01 18.99 18.87 18.79 18.82 18.53 18.57 18.58 18.52 18.58
28.37 28.34 28.32 28.21 28.12 28.02 27.95 27.81 27.70 27.62 27.56 27.47 27.37 27.32 27.11 27.00 26.91 26.81 26.72 26.56 26.42 26.32 26.19 25.96 25.87 25.82 25.73 25.51 25.34 25.16 25.01 24.89 24.75 24.49 24.36 24.17 23.94 23.75 23.64 23.55 23.38 23.18 22.93 22.73 22.50 22.25 22.07 21.83 21.62 21.44 21.25 21.02 20.80 20.64 20.49 20.23 19.97 19.72 19.43 19.18 18.96 18.81 18.76 18.72 18.64 18.67 18.40 18.34 18.46 18.41 18.54
28.33 28.28 28.24 28.21 28.11 28.02 27.91 27.84 27.74 27.64 27.55 27.46 27.36 27.24 27.18 27.03 26.88 26.79 26.69 26.54 26.41 26.32 26.20 26.06 25.83 25.64 25.60 25.54 25.36 25.12 24.91 24.76 24.60 24.44 24.28 24.09 23.89 23.73 23.55 23.42 23.30 23.04 22.76 22.71 22.37 22.26 21.96 21.70 21.54 21.35 21.09 20.87 20.66 20.43 20.26 20.10 19.87 19.62 19.26 19.03 18.82 18.62 18.54 18.53 18.47 18.63 18.26 18.24 18.23 18.33 18.37
