maui/input/air_temperature_monthly/tmaxjan_250m_maui.asc
ncols        356
nrows        236
xllcorner    -156.702000000000
yllcorner    20.529750000000
cellsize     0.002250000000
NODATA_value  -99.00
[rows 62 to 92 of 236, columns 71 to 141 of 356]
21.88 22.29 22.58 22.92 23.21 23.58 23.95 24.30 24.67 25.14 25.46 25.59 25.78 25.93 26.00 26.07 26.15 26.22 26.25 26.29 26.23 26.31 -9999.00 -9999.00 -9999.00 -9999.00 -9999.00 -9999.00 -9999.00 -9999.00 -9999.00 -9999.00 -9999.00 -9999.00 -9999.00 -9999.00 -9999.00 -9999.00 -9999.00 -9999.00 -9999.00 -9999.00 -9999.00 -9999.00 -9999.00 -9999.00 -9999.00 -9999.00 -9999.00 -9999.00 -9999.00 -9999.00 -9999.00 -9999.00 -9999.00 -9999.00 -9999.00 -9999.00 -9999.00 -9999.00 -9999.00 -9999.00 -9999.00 -9999.00 -9999.00 -9999.00 -9999.00 -9999.00 -9999.00 -9999.00 -9999.00
23.04 23.36 23.68 23.82 23.91 24.42 24.62 24.90 25.10 25.14 25.37 25.60 25.72 25.81 25.92 25.98 26.09 26.21 26.27 26.36 26.35 26.39 -9999.00 -9999.00 -9999.00 -9999.00 -9999.00 -9999.00 -9999.00 -9999.00 -9999.00 -9999.00 -9999.00 -9999.00 -9999.00 -9999.00 -9999.00 -9999.00 -9999.00 -9999.00 -9999.00 -9999.00 -9999.00 -9999.00 -9999.00 -9999.00 -9999.00 -9999.00 -9999.00 -9999.00 -9999.00 -9999.00 -9999.00 -9999.00 -9999.00 -9999.00 -9999.00 -9999.00 -9999.00 -9999.00 -9999.00 -9999.00 -9999.00 -9999.00 -9999.00 -9999.00 -9999.00 -9999.00 -9999.00 -9999.00 -9999.00
22.86 23.21 23.34 23.68 24.23 24.59 24.69 24.86 25.04 25.18 25.36 25.56 25.68 25.76 25.83 25.97 26.09 26.20 26.29 26.32 26.22 26.46 -9999.00 -9999.00 -9999.00 -9999.00 -9999.00 -9999.00 -9999.00 -9999.00 -9999.00 -9999.00 -9999.00 -9999.00 -9999.00 -9999.00 -9999.00 -9999.00 -9999.00 -9999.00 -9999.00 -9999.00 -9999.00 -9999.00 -9999.00 -9999.00 -9999.00 -9999.00 -9999.00 -9999.00 -9999.00 -9999.00 -9999.00 -9999.00 -9999.00 -9999.00 -9999.00 -9999.00 -9999.00 -9999.00 -9999.00 -9999.00 -9999.00 -9999.00 -9999.00 -9999.00 -9999.00 -9999.00 -9999.00 -9999.00 -9999.00
22.18 22.98 23.55 23.86 23.82 23.96 23.95 24.15 24.37 24.83 25.32 25.54 25.67 25.78 25.88 26.00 26.07 26.20 26.28 26.18 26.30 26.33 -9999.00 -9999.00 -9999.00 -9999.00 -9999.00 -9999.00 -9999.00 -9999.00 -9999.00 -9999.00 -9999.00 -9999.00 -9999.00 -9999.00 -9999.00 -9999.00 -9999.00 -9999.00 -9999.00 -9999.00 -9999.00 -9999.00 -9999.00 -9999.00 -9999.00 -9999.00 -9999.00 -9999.00 -9999.00 -9999.00 -9999.00 -9999.00 -9999.00 -9999.00 -9999.00 -9999.00 -9999.00 -9999.00 -9999.00 -9999.00 -9999.00 -9999.00 -9999.00 26.55 26.54 26.54 26.53 26.52 26.52
22.33 22.54 23.33 23.60 23.96 24.33 24.45 24.49 24.47 24.79 25.16 25.48 25.66 25.69 25.91 25.94 26.11 26.21 26.23 26.13 26.28 26.37 26.45 -9999.00 -9999.00 -9999.00 -9999.00 -9999.00 -9999.00 -9999.00 -9999.00 -9999.00 -9999.00 -9999.00 -9999.00 -9999.00 -9999.00 -9999.00 -9999.00 -9999.00 -9999.00 -9999.00 -9999.00 -9999.00 -9999.00 -9999.00 -9999.00 -9999.00 -9999.00 -9999.00 -9999.00 -9999.00 -9999.00 -9999.00 -9999.00 -9999.00 -9999.00 -9999.00 -9999.00 -9999.00 26.51 26.51 26.52 26.52 26.52 26.51 26.52 26.51 26.50 26.49 26.49
23.89 23.90 24.11 24.26 24.37 24.41 24.58 24.96 25.18 25.31 25.43 25.51 25.55 25.74 25.79 25.94 26.08 26.15 26.17 26.06 26.22 26.33 26.41 26.44 26.47 -9999.00 -9999.00 -9999.00 -9999.00 -9999.00 -9999.00 -9999.00 -9999.00 -9999.00 -9999.00 -9999.00 -9999.00 -9999.00 -9999.00 -9999.00 -9999.00 -9999.00 -9999.00 -9999.00 -9999.00 -9999.00 -9999.00 -9999.00 -9999.00 -9999.00 -9999.00 -9999.00 26.55 -9999.00 -9999.00 -9999.00 -9999.00 -9999.00 26.55 26.54 26.52 26.49 26.50 26.49 26.49 26.48 26.49 26.49 26.47 26.47 26.46
22.59 23.09 23.86 24.38 24.29 24.85 24.91 24.92 25.10 25.29 25.17 25.44 25.66 25.68 25.83 25.96 26.03 26.07 26.14 26.13 26.27 26.35 26.36 26.43 26.46 26.49 -9999.00 -9999.00 -9999.00 -9999.00 -9999.00 -9999.00 -9999.00 -9999.00 -9999.00 -9999.00 -9999.00 -9999.00 -9999.00 -9999.00 -9999.00 -9999.00 -9999.00 -9999.00 -9999.00 -9999.00 -9999.00 -9999.00 -9999.00 -9999.00 26.55 26.55 26.55 26.53 26.53 26.54 26.54 26.54 26.53 26.51 26.49 26.47 26.49 26.48 26.46 26.45 26.45 26.42 26.44 26.41 26.37
22.78 23.47 24.38 24.01 24.52 24.05 24.29 24.13 24.79 25.25 25.37 25.55 25.45 25.61 25.76 25.90 25.94 26.02 25.95 26.20 26.25 26.24 26.24 26.39 26.43 26.47 26.52 -9999.00 -9999.00 -9999.00 -9999.00 -9999.00 -9999.00 -9999.00 -9999.00 -9999.00 -9999.00 -9999.00 -9999.00 -9999.00 -9999.00 -9999.00 -9999.00 -9999.00 -9999.00 -9999.00 -9999.00 -9999.00 -9999.00 26.54 26.54 26.54 26.53 26.51 26.48 26.52 26.53 26.52 26.51 26.49 26.48 26.45 26.46 26.42 26.42 26.42 26.42 26.39 26.39 26.37 26.34
24.06 23.85 23.24 23.12 23.51 23.12 23.62 24.05 24.30 24.78 25.11 25.23 25.39 25.56 25.72 25.83 25.93 26.02 25.98 26.12 26.23 26.30 26.34 26.38 26.40 26.39 26.47 -9999.00 -9999.00 -9999.00 -9999.00 -9999.00 -9999.00 -9999.00 -9999.00 -9999.00 -9999.00 -9999.00 -9999.00 -9999.00 -9999.00 -9999.00 -9999.00 -9999.00 -9999.00 -9999.00 26.55 26.54 26.53 26.53 26.52 26.52 26.49 26.46 26.46 26.48 26.51 26.49 26.48 26.49 26.45 26.45 26.42 26.40 26.38 26.38 26.39 26.34 26.29 26.35 26.31
22.32 22.22 22.95 23.33 23.71 24.02 24.30 24.61 24.90 24.96 25.02 25.27 25.45 25.58 25.74 25.84 25.93 26.01 26.12 26.20 26.25 26.27 26.32 26.35 26.24 26.37 26.49 -9999.00 -9999.00 -9999.00 -9999.00 -9999.00 -9999.00 -9999.00 -9999.00 -9999.00 -9999.00 -9999.00 -9999.00 -9999.00 -9999.00 -9999.00 -9999.00 -9999.00 -9999.00 26.54 26.52 26.52 26.51 26.52 26.50 26.50 26.49 26.45 26.45 26.45 26.48 26.48 26.46 26.45 26.44 26.42 26.39 26.38 26.35 26.35 26.35 26.28 26.23 26.26 26.28
21.54 22.05 22.72 23.32 23.47 24.24 24.44 24.56 24.35 24.39 24.90 25.15 25.47 25.61 25.71 25.81 25.91 26.01 26.13 26.19 26.23 26.25 26.28 26.14 26.36 26.44 26.47 26.52 26.53 -9999.00 -9999.00 -9999.00 -9999.00 -9999.00 -9999.00 -9999.00 -9999.00 -9999.00 -9999.00 -9999.00 -9999.00 -9999.00 26.55 26.55 26.54 26.53 26.51 26.49 26.50 26.51 26.50 26.48 26.47 26.45 26.44 26.44 26.44 26.44 26.44 26.44 26.41 26.42 26.39 26.37 26.34 26.33 26.34 26.28 26.21 26.20 26.24
21.08 21.65 22.46 23.59 23.63 23.42 24.20 23.93 23.81 24.36 24.86 25.13 25.40 25.56 25.72 25.81 25.91 26.07 26.14 26.17 26.17 26.23 26.14 26.27 26.39 26.40 26.46 26.48 -9999.00 -9999.00 -9999.00 -9999.00 -9999.00 -9999.00 26.55 26.55 26.55 26.55 26.55 26.55 26.55 26.55 26.54 26.54 26.53 26.51 26.49 26.49 26.49 26.50 26.46 26.46 26.47 26.46 26.44 26.43 26.43 26.42 26.41 26.42 26.41 26.40 26.40 26.39 26.37 26.36 26.35 26.30 26.20 26.13 26.20
20.99 21.58 22.03 22.20 22.88 23.44 23.19 23.52 23.85 24.35 24.79 25.19 25.36 25.53 25.73 25.83 26.01 26.05 26.10 26.12 26.15 26.04 26.18 26.27 26.37 26.42 26.45 26.48 -9999.00 -9999.00 -9999.00 -9999.00 -9999.00 26.54 26.55 26.55 26.55 26.55 26.55 26.55 26.55 26.54 26.54 26.52 26.52 26.51 26.48 26.48 26.48 26.49 26.43 26.42 26.44 26.43 26.43 26.44 26.43 26.41 26.39 26.38 26.38 26.38 26.38 26.38 26.36 26.34 26.32 26.26 26.14 26.11 26.14
21.05 21.38 21.87 21.95 22.30 22.71 23.26 23.98 24.32 24.62 24.89 25.20 25.39 25.56 25.77 25.94 25.98 25.98 26.03 26.11 26.07 26.09 26.20 26.31 26.39 26.44 26.45 26.46 26.51 26.52 -9999.00 -9999.00 26.54 26.54 26.55 26.55 26.55 26.55 26.55 26.55 26.55 26.54 26.52 26.52 26.54 26.53 26.50 26.48 26.46 26.45 26.43 26.41 26.41 26.41 26.42 26.43 26.42 26.41 26.38 26.34 26.34 26.36 26.35 26.32 26.30 26.31 26.27 26.24 26.17 26.08 26.04
22.42 22.20 22.60 23.07 23.87 23.74 23.77 23.65 23.98 24.53 24.99 25.32 25.44 25.74 25.87 25.90 25.87 25.92 26.01 26.07 26.07 26.16 26.25 26.34 26.37 26.37 26.45 26.48 26.47 26.51 26.52 26.53 26.54 26.54 26.55 26.55 26.55 26.55 26.55 26.55 26.54 26.53 26.52 26.49 26.52 26.48 26.48 26.48 26.47 26.44 26.43 26.42 26.41 26.40 26.41 26.42 26.41 26.40 26.37 26.32 26.31 26.32 26.32 26.27 26.25 26.24 26.24 26.21 26.15 26.07 26.01
23.14 23.79 23.81 24.48 24.10 24.29 24.48 24.57 24.72 24.92 25.20 25.38 25.69 25.80 25.71 25.73 25.83 25.92 26.02 26.09 26.07 26.17 26.26 26.35 26.35 26.42 26.40 26.46 26.46 26.48 26.50 26.52 26.54 26.54 26.55 26.55 26.54 26.54 26.54 26.54 26.53 26.52 26.50 26.49 26.45 26.45 26.45 26.49 26.48 26.45 26.42 26.41 26.40 26.39 26.39 26.40 26.40 26.40 26.36 26.33 26.29 26.29 26.28 26.24 26.21 26.20 26.19 26.13 26.09 26.04 25.97
23.92 24.04 24.59 24.81 25.04 25.14 25.22 25.27 25.11 25.25 25.44 25.61 25.69 25.55 25.66 25.76 25.85 25.94 26.03 26.04 26.06 26.27 26.20 26.21 26.37 26.33 26.39 26.40 26.41 26.48 26.52 26.52 26.53 26.53 26.53 26.53 26.53 26.53 26.52 26.53 26.53 26.52 26.48 26.47 26.46 26.44 26.45 26.46 26.46 26.42 26.41 26.40 26.39 26.38 26.38 26.38 26.39 26.38 26.36 26.31 26.29 26.27 26.24 26.21 26.18 26.16 26.11 26.08 26.08 26.01 25.97
24.56 24.60 24.64 24.60 24.52 24.72 24.85 24.95 25.24 25.37 25.30 25.16 25.44 25.55 25.69 25.79 25.86 25.96 26.04 26.04 26.02 26.10 26.21 26.29 26.35 26.31 26.35 26.39 26.47 26.45 26.49 26.50 26.51 26.51 26.51 26.51 26.52 26.52 26.52 26.53 26.52 26.51 26.49 26.45 26.45 26.44 26.45 26.45 26.46 26.43 26.41 26.40 26.38 26.37 26.37 26.35 26.36 26.37 26.35 26.31 26.29 26.26 26.23 26.20 26.16 26.12 26.09 26.06 26.05 25.97 25.95
23.83 23.46 24.32 24.28 23.78 24.44 23.98 24.07 24.29 24.35 24.40 24.95 25.33 25.50 25.63 25.74 25.85 25.93 26.03 26.07 26.01 26.16 26.18 26.32 26.30 26.33 26.39 26.41 26.40 26.41 26.47 26.49 26.49 26.49 26.49 26.49 26.50 26.50 26.52 26.52 26.50 26.49 26.49 26.46 26.45 26.44 26.43 26.43 26.44 26.44 26.42 26.40 26.38 26.37 26.36 26.36 26.34 26.35 26.33 26.31 26.27 26.25 26.23 26.20 26.16 26.13 26.08 26.05 26.01 25.98 25.91
22.88 23.30 23.01 23.45 22.94 23.17 23.25 23.13 23.99 24.40 24.84 25.06 25.28 25.43 25.58 25.72 25.82 25.91 25.99 26.04 26.09 26.20 26.20 26.31 26.30 26.31 26.34 26.42 26.40 26.43 26.47 26.47 26.47 26.47 26.49 26.48 26.48 26.50 26.50 26.50 26.48 26.47 26.47 26.46 26.45 26.43 26.42 26.41 26.41 26.41 26.41 26.38 26.37 26.36 26.35 26.34 26.34 26.32 26.31 26.27 26.24 26.21 26.21 26.17 26.12 26.06 26.06 26.03 25.99 25.96 25.91
22.52 23.22 22.01 22.45 22.05 22.35 22.61 23.68 23.95 24.15 24.75 25.00 25.20 25.37 25.55 25.68 25.80 25.90 25.98 26.04 26.07 26.20 26.15 26.23 26.24 26.34 26.35 26.39 26.41 26.44 26.45 26.45 26.45 26.45 26.45 26.46 26.48 26.49 26.49 26.48 26.47 26.46 26.46 26.45 26.45 26.42 26.41 26.41 26.39 26.39 26.38 26.36 26.35 26.34 26.33 26.33 26.33 26.31 26.28 26.24 26.21 26.17 26.16 26.13 26.07 26.01 26.00 25.99 25.96 25.94 25.90
21.24 21.60 21.27 21.39 21.23 21.85 22.81 23.68 24.08 24.32 24.66 24.99 25.21 25.37 25.51 25.65 25.77 25.87 25.95 26.00 26.05 26.11 26.21 26.26 26.31 26.32 26.33 26.36 26.39 26.42 26.42 26.43 26.43 26.43 26.45 26.46 26.47 26.47 26.47 26.46 26.45 26.44 26.45 26.44 26.43 26.42 26.39 26.40 26.39 26.37 26.35 26.34 26.33 26.32 26.32 26.32 26.30 26.29 26.27 26.20 26.18 26.17 26.14 26.11 26.05 25.99 25.96 25.96 25.92 25.86 25.83
20.53 20.31 20.47 21.24 21.90 22.41 22.84 23.20 23.52 23.92 24.37 24.90 25.10 25.30 25.46 25.59 25.71 25.82 25.90 25.97 26.11 26.09 26.21 26.24 26.24 26.30 26.31 26.37 26.39 26.40 26.40 26.41 26.42 26.43 26.45 26.46 26.46 26.46 26.45 26.45 26.44 26.43 26.42 26.42 26.41 26.41 26.40 26.38 26.37 26.36 26.34 26.33 26.31 26.30 26.30 26.30 26.28 26.26 26.22 26.19 26.14 26.12 26.13 26.08 26.02 25.96 25.96 25.92 25.90 25.85 25.81
20.58 20.12 20.88 21.69 22.04 22.24 23.04 23.65 24.10 24.43 24.67 24.88 25.09 25.26 25.43 25.56 25.68 25.79 25.89 25.98 26.05 26.12 26.21 26.20 26.25 26.29 26.32 26.37 26.37 26.39 26.39 26.39 26.41 26.43 26.44 26.45 26.45 26.45 26.44 26.43 26.42 26.42 26.41 26.40 26.39 26.39 26.37 26.35 26.33 26.29 26.29 26.29 26.29 26.27 26.28 26.27 26.25 26.25 26.20 26.18 26.12 26.09 26.07 26.05 26.01 25.95 25.92 25.91 25.85 25.80 25.75
22.12 21.08 20.51 21.28 22.05 22.61 23.46 23.83 24.11 24.37 24.63 24.86 25.08 25.27 25.42 25.59 25.67 25.77 25.87 25.95 26.02 26.05 26.18 26.23 26.26 26.25 26.30 26.33 26.36 26.37 26.37 26.39 26.41 26.42 26.43 26.44 26.44 26.44 26.43 26.42 26.41 26.40 26.39 26.38 26.37 26.36 26.36 26.33 26.32 26.24 26.24 26.26 26.26 26.25 26.25 26.23 26.21 26.24 26.19 26.13 26.10 26.08 26.05 26.04 25.98 25.94 25.91 25.87 25.82 25.78 25.72
22.86 22.24 21.60 22.53 22.52 22.23 22.96 23.81 24.21 24.42 24.55 24.89 25.08 25.28 25.43 25.56 25.65 25.77 25.85 25.93 25.99 26.10 26.15 26.20 26.26 26.26 26.30 26.31 26.34 26.35 26.37 26.38 26.40 26.41 26.42 26.43 26.43 26.43 26.42 26.41 26.40 26.40 26.38 26.36 26.35 26.35 26.33 26.29 26.27 26.21 26.20 26.22 26.23 26.23 26.20 26.18 26.18 26.23 26.20 26.13 26.06 26.04 26.02 26.00 26.00 25.93 25.88 25.85 25.84 25.76 25.71
22.63 23.45 22.54 22.67 23.73 22.82 22.88 23.05 23.62 24.20 24.76 24.92 25.13 25.33 25.45 25.55 25.65 25.76 25.85 25.92 25.98 26.09 26.15 26.20 26.24 26.25 26.28 26.31 26.32 26.34 26.35 26.38 26.39 26.40 26.41 26.42 26.42 26.42 26.42 26.40 26.40 26.38 26.37 26.35 26.33 26.33 26.33 26.28 26.23 26.17 26.16 26.14 26.19 26.14 26.16 26.15 26.14 26.18 26.16 26.10 26.02 26.00 25.99 25.97 25.96 25.93 25.90 25.84 25.81 25.76 25.69
22.20 23.33 23.58 23.80 23.90 23.77 23.83 23.58 23.95 24.27 24.75 25.05 25.21 25.39 25.48 25.58 25.67 25.76 25.85 25.93 26.00 26.08 26.12 26.18 26.21 26.24 26.28 26.30 26.32 26.33 26.35 26.37 26.38 26.39 26.41 26.41 26.41 26.41 26.40 26.39 26.38 26.37 26.35 26.34 26.32 26.31 26.31 26.25 26.22 26.15 26.13 26.11 26.12 26.12 26.18 26.10 26.11 26.12 26.09 26.05 25.96 25.94 25.93 25.93 25.94 25.92 25.87 25.83 25.79 25.76 25.73
23.19 23.40 23.90 24.31 24.46 24.42 24.58 24.57 24.78 24.96 25.12 25.25 25.36 25.45 25.51 25.59 25.67 25.78 25.86 25.93 26.02 26.07 26.12 26.16 26.21 26.23 26.27 26.28 26.30 26.32 26.33 26.35 26.37 26.39 26.40 26.41 26.41 26.40 26.39 26.39 26.37 26.36 26.34 26.33 26.31 26.30 26.29 26.24 26.21 26.15 26.09 26.07 26.07 26.09 26.08 26.10 26.09 26.05 26.02 26.01 25.97 25.94 25.93 25.92 25.91 25.89 25.83 25.80 25.78 25.73 25.70
23.50 23.65 23.64 23.47 23.99 24.02 24.34 24.45 24.56 24.78 24.94 25.11 25.27 25.41 25.55 25.63 25.70 25.78 25.84 25.93 26.01 26.06 26.11 26.16 26.20 26.23 26.24 26.27 26.28 26.29 26.31 26.34 26.37 26.38 26.40 26.40 26.40 26.40 26.39 26.38 26.36 26.35 26.33 26.32 26.30 26.28 26.27 26.24 26.21 26.15 26.08 26.06 26.05 26.06 26.05 26.12 26.05 26.03 25.99 25.96 25.95 25.94 25.91 25.90 25.88 25.86 25.83 25.74 25.73 25.69 25.66
22.24 22.82 22.93 23.09 23.36 23.64 24.02 24.24 24.49 24.76 24.99 25.14 25.32 25.47 25.61 25.69 25.73 25.80 25.87 25.92 25.97 26.04 26.11 26.15 26.20 26.21 26.23 26.25 26.27 26.29 26.31 26.34 26.36 26.38 26.40 26.40 26.40 26.39 26.38 26.37 26.35 26.33 26.31 26.29 26.27 26.26 26.25 26.23 26.21 26.18 26.12 26.05 26.04 26.04 26.03 26.04 26.05 25.99 25.96 25.94 25.91 25.87 25.86 25.84 25.79 25.78 25.77 25.69 25.68 25.64 25.62
