maui/input/air_temperature_monthly/tmaxmar_250m_maui.asc
ncols        356
nrows        236
xllcorner    -156.702000000000
yllcorner    20.529750000000
cellsize     0.002250000000
NODATA_value  -99.00
[rows 62 to 92 of 236, columns 0 to 70 of 356]
-9999.00 -9999.00 26.94 26.93 26.92 26.86 26.74 26.65 26.53 26.29 26.22 26.16 26.08 25.98 25.87 25.76 25.69 25.55 25.38 25.22 25.08 24.86 24.67 24.27 24.01 23.69 23.47 23.15 22.84 22.79 22.70 21.96 21.64 21.40 21.15 20.79 20.44 20.15 20.82 19.65 19.41 19.15 19.40 19.04 19.00 18.43 17.89 17.19 16.93 17.53 18.89 20.29 20.56 18.69 18.08 17.10 16.65 16.76 17.42 18.03 18.93 19.00 20.14 21.73 23.03 23.99 23.04 21.64 21.16 21.05 21.47
-9999.00 -9999.00 26.94 26.93 26.91 26.87 26.77 26.62 26.53 26.38 26.29 26.20 26.11 26.02 25.97 25.84 25.72 25.60 25.40 25.23 25.05 24.80 24.54 24.22 24.11 23.81 23.56 23.21 22.95 22.52 22.20 21.90 21.90 21.57 21.03 20.63 20.32 19.99 20.28 20.57 19.62 19.10 18.76 18.35 18.75 17.93 17.80 16.93 16.45 17.05 18.32 19.54 20.17 19.14 17.38 17.24 16.54 16.86 17.44 18.38 19.10 19.39 20.73 21.97 23.08 23.62 22.98 21.69 21.18 22.38 22.86
-9999.00 -9999.00 26.94 26.93 26.92 26.89 26.76 26.61 26.49 26.38 26.32 26.29 26.18 26.08 25.91 25.81 25.69 25.59 25.37 25.18 25.02 24.82 24.53 24.24 23.98 23.65 23.68 23.19 22.78 22.57 22.19 21.88 21.71 21.39 20.98 21.05 20.51 20.04 19.62 19.51 20.15 19.65 18.55 18.58 18.13 17.84 17.38 16.89 16.25 16.81 18.02 18.73 20.06 18.74 17.19 16.99 16.61 16.79 17.62 18.02 19.21 20.70 21.62 22.81 23.45 23.06 22.30 20.99 21.21 21.30 22.53
-9999.00 -9999.00 26.94 26.94 26.93 26.92 26.87 26.74 26.67 26.58 26.37 26.29 26.20 26.09 25.92 25.84 25.69 25.53 25.33 25.18 25.17 24.88 24.67 24.31 24.01 23.70 23.42 23.12 22.87 22.50 22.21 22.00 21.81 21.89 21.09 20.59 20.29 20.16 19.81 19.26 18.98 18.86 19.20 18.52 17.89 17.54 16.77 16.60 16.06 16.50 17.64 18.64 19.72 18.56 16.79 16.42 16.62 16.49 17.38 19.07 20.31 21.73 22.40 23.26 22.92 21.89 21.27 20.49 20.73 21.39 21.68
-9999.00 -9999.00 -9999.00 -9999.00 26.93 26.91 26.83 26.70 26.61 26.50 26.40 26.31 26.17 26.04 25.91 25.79 25.66 25.54 25.32 25.13 24.92 24.77 24.56 24.59 24.34 24.07 23.93 23.48 23.27 22.91 22.72 22.04 21.55 21.50 21.06 20.97 20.84 20.53 20.18 19.49 19.11 18.54 18.17 18.64 17.66 16.94 16.76 16.05 16.17 16.08 17.39 18.44 19.39 18.24 16.49 15.92 16.27 16.75 17.98 20.05 21.52 22.32 22.54 22.60 22.51 21.39 20.22 19.95 20.70 21.22 22.28
-9999.00 -9999.00 -9999.00 -9999.00 -9999.00 26.93 26.88 26.76 26.66 26.59 26.45 26.34 26.21 26.09 25.94 25.80 25.67 25.54 25.32 25.11 24.89 24.69 24.49 24.28 23.98 24.03 23.55 23.15 22.79 22.49 22.15 22.30 22.06 21.39 21.09 21.15 21.05 20.79 19.82 19.36 18.96 18.67 18.59 17.70 17.91 17.45 16.46 15.91 15.68 15.62 16.88 18.09 19.00 17.85 16.18 15.71 16.24 17.85 19.60 21.07 21.86 21.20 22.41 21.93 21.73 20.51 19.96 20.63 21.42 22.57 23.78
-9999.00 -9999.00 -9999.00 -9999.00 -9999.00 -9999.00 26.92 26.80 26.71 26.64 26.49 26.39 26.25 26.11 25.94 25.86 25.69 25.52 25.30 25.12 24.90 24.69 24.48 24.25 24.02 23.71 23.42 23.15 22.80 22.58 22.27 21.98 21.55 21.15 20.79 20.45 20.16 20.11 20.58 19.62 18.77 18.41 17.99 17.97 17.17 16.61 16.66 15.63 15.23 15.09 15.93 16.71 16.84 16.21 15.74 16.92 18.70 18.64 19.73 21.01 21.16 20.79 22.05 21.79 20.99 19.58 21.54 22.01 23.23 23.01 22.35
-9999.00 -9999.00 -9999.00 -9999.00 -9999.00 -9999.00 26.93 26.89 26.78 26.66 26.55 26.44 26.34 26.24 26.03 25.88 25.71 25.52 25.32 25.18 25.01 24.82 24.57 24.33 24.15 23.77 23.52 23.27 22.94 22.58 22.22 21.92 21.61 21.46 21.28 20.75 20.47 19.96 19.49 19.49 19.35 19.13 18.58 17.65 17.59 16.82 16.08 16.21 15.09 14.77 15.23 14.92 15.84 16.10 17.41 19.09 19.43 20.18 20.32 20.72 20.34 20.70 21.66 21.18 20.26 19.78 20.35 21.72 21.58 21.66 22.06
-9999.00 -9999.00 -9999.00 -9999.00 -9999.00 -9999.00 -9999.00 26.93 26.84 26.72 26.60 26.50 26.40 26.25 26.11 25.94 25.79 25.59 25.41 25.30 25.11 24.94 24.78 24.50 24.20 23.77 23.49 23.23 23.04 22.74 22.74 23.10 22.99 22.47 22.37 21.83 20.92 21.20 20.61 20.00 19.49 18.44 18.05 17.89 17.32 16.72 16.10 15.37 15.23 14.68 14.69 14.71 15.55 16.92 18.45 18.83 19.13 18.54 19.89 19.73 20.47 20.48 20.62 20.42 19.10 19.44 19.57 20.84 22.00 23.29 23.83
-9999.00 -9999.00 -9999.00 -9999.00 -9999.00 -9999.00 -9999.00 26.93 26.83 26.74 26.62 26.52 26.45 26.34 26.22 26.07 25.92 25.79 25.59 25.36 25.25 25.08 24.70 24.36 24.13 23.81 23.56 24.31 24.16 23.97 23.70 22.37 22.46 22.20 21.85 21.86 22.04 21.18 21.62 21.45 19.95 19.42 18.52 18.13 17.72 17.19 16.30 15.53 14.86 14.64 14.11 14.42 14.88 15.35 16.68 17.86 17.40 17.83 18.06 17.77 18.22 18.57 18.62 18.29 18.63 18.89 20.66 21.93 23.60 22.25 22.40
-9999.00 -9999.00 -9999.00 -9999.00 -9999.00 -9999.00 -9999.00 26.93 26.86 26.75 26.67 26.54 26.45 26.34 26.17 26.00 25.92 25.82 25.65 25.48 25.34 25.24 24.92 24.68 24.69 24.75 24.48 23.75 23.14 22.80 22.44 22.08 21.68 21.32 20.90 20.41 20.19 19.84 20.02 20.03 20.71 19.92 19.34 18.92 18.34 17.24 16.37 15.59 14.91 14.23 13.92 13.85 14.13 14.68 14.76 15.26 14.95 15.67 15.62 15.80 16.14 16.65 16.74 17.81 18.10 18.84 20.40 21.90 21.96 21.02 21.06
-9999.00 -9999.00 -9999.00 -9999.00 -9999.00 -9999.00 -9999.00 26.94 26.85 26.76 26.67 26.56 26.45 26.29 26.06 26.17 25.98 26.00 25.95 25.62 25.41 25.24 24.99 24.59 24.30 24.25 23.74 23.43 23.17 22.83 22.48 22.29 21.95 21.63 21.55 21.16 20.06 19.78 19.26 18.96 18.93 18.72 18.64 18.00 17.19 16.87 16.51 15.86 14.65 14.27 13.69 13.66 14.13 14.14 13.95 13.48 13.73 14.31 14.46 15.05 15.91 16.39 16.70 17.21 17.66 18.76 19.02 19.98 20.26 19.75 20.76
-9999.00 -9999.00 -9999.00 -9999.00 -9999.00 -9999.00 -9999.00 26.93 26.87 26.76 26.66 26.56 26.44 26.29 26.16 26.06 26.21 26.06 25.94 25.83 25.58 25.30 24.95 24.58 24.45 24.23 24.45 24.47 24.06 23.92 23.43 22.65 21.94 21.47 21.03 20.60 20.62 20.45 19.92 18.90 18.53 18.15 17.84 17.57 17.60 16.61 16.02 15.91 14.80 14.12 13.58 13.43 13.78 13.73 13.80 13.64 13.51 14.07 15.17 17.20 19.16 19.40 18.54 19.83 20.10 19.07 18.41 19.76 21.43 20.03 19.86
-9999.00 -9999.00 -9999.00 -9999.00 -9999.00 -9999.00 -9999.00 26.94 26.87 26.76 26.66 26.56 26.40 26.30 26.18 26.30 26.27 26.12 25.89 25.72 25.50 25.41 25.49 25.34 24.93 24.53 24.01 23.48 23.11 22.80 22.96 23.56 23.34 22.71 22.33 22.34 21.91 21.77 21.19 20.26 19.65 19.32 19.01 18.12 17.02 16.39 15.80 15.14 14.49 14.20 13.48 13.15 13.38 13.41 13.66 13.79 14.75 14.84 17.22 18.88 19.86 20.71 20.97 20.57 22.18 21.34 20.08 20.04 22.81 21.55 20.79
-9999.00 -9999.00 -9999.00 -9999.00 -9999.00 -9999.00 -9999.00 26.94 26.89 26.83 26.72 26.62 26.50 26.36 26.39 26.36 26.25 26.16 25.97 25.79 25.59 25.35 25.06 24.80 24.57 24.18 23.50 22.94 22.66 22.36 22.04 21.96 22.04 21.92 21.87 21.56 21.25 20.93 21.28 21.72 21.46 21.18 20.78 19.45 17.99 17.40 16.23 15.42 14.78 14.12 13.67 14.26 15.21 15.29 15.32 16.99 17.91 16.41 17.49 18.74 20.27 20.94 21.55 22.01 22.26 22.63 21.21 20.25 22.18 23.48 21.30
-9999.00 -9999.00 -9999.00 -9999.00 -9999.00 -9999.00 -9999.00 26.94 26.93 26.89 26.79 26.73 26.65 26.57 26.52 26.44 26.31 26.21 26.06 25.92 25.67 25.40 25.09 24.87 24.53 24.19 23.58 23.13 22.89 22.52 22.34 22.25 22.09 22.00 21.81 21.06 20.59 20.68 20.53 20.39 19.68 19.94 19.69 19.99 19.25 18.37 17.17 16.09 15.24 14.76 15.39 15.39 16.70 18.16 17.27 18.30 18.70 18.47 18.35 19.84 20.44 21.26 21.78 22.19 22.58 23.15 22.37 21.61 21.64 23.72 22.79
-9999.00 -9999.00 -9999.00 -9999.00 -9999.00 -9999.00 26.95 26.94 26.94 26.92 26.86 26.79 26.70 26.69 26.59 26.47 26.38 26.31 26.13 25.97 25.79 25.55 25.24 24.98 24.76 24.45 24.13 23.78 23.53 23.20 22.99 22.86 22.95 22.86 22.53 22.39 21.82 20.90 20.03 19.31 19.04 19.21 18.77 18.10 17.73 17.16 16.85 16.25 15.46 15.56 17.25 18.01 17.89 17.92 18.42 18.63 19.33 19.45 19.28 20.04 20.81 21.42 21.76 22.39 22.90 23.04 23.03 22.94 22.45 22.99 24.29
-9999.00 -9999.00 -9999.00 -9999.00 -9999.00 -9999.00 26.95 26.94 26.94 26.94 26.90 26.83 26.76 26.71 26.69 26.63 26.52 26.37 26.24 26.04 25.84 25.64 25.41 25.16 24.93 24.62 24.37 24.08 23.87 23.70 23.28 23.55 23.21 22.12 21.64 21.61 21.48 21.12 20.31 19.64 18.90 18.26 17.82 17.52 17.49 17.13 16.73 18.21 17.90 15.59 16.34 17.65 18.25 18.91 19.11 19.22 19.49 20.04 20.12 20.47 21.29 21.77 22.18 22.38 22.66 23.04 23.64 23.65 23.96 23.99 24.44
-9999.00 -9999.00 -9999.00 -9999.00 -9999.00 -9999.00 -9999.00 26.94 26.94 26.94 26.93 26.88 26.83 26.79 26.75 26.62 26.52 26.41 26.25 26.07 25.95 25.79 25.59 25.33 25.13 24.80 24.50 24.27 24.12 23.87 24.29 23.57 22.64 22.66 23.14 22.97 22.74 22.28 21.54 20.83 20.12 19.64 19.35 18.92 19.12 18.71 18.68 19.25 18.68 16.70 17.04 18.08 18.36 18.83 19.18 19.60 19.95 20.25 20.56 21.03 21.45 22.20 22.59 22.71 22.97 23.17 23.39 23.83 24.27 24.10 24.17
-9999.00 -9999.00 -9999.00 -9999.00 -9999.00 -9999.00 -9999.00 -9999.00 -9999.00 26.94 26.94 26.91 26.87 26.84 26.76 26.67 26.52 26.39 26.25 26.11 25.94 25.75 25.59 25.40 25.19 24.96 24.68 24.55 24.39 24.57 23.83 23.96 23.91 24.05 23.75 23.57 23.43 23.11 23.02 22.06 21.73 21.17 20.74 19.98 20.25 20.68 20.25 19.75 18.94 17.82 15.68 16.90 17.78 18.36 18.85 18.95 18.81 19.43 20.31 20.86 21.44 21.99 22.50 23.19 23.15 23.58 23.83 23.89 23.27 23.61 23.18
-9999.00 -9999.00 -9999.00 -9999.00 -9999.00 -9999.00 -9999.00 -9999.00 -9999.00 26.94 26.94 26.93 26.90 26.86 26.80 26.70 26.56 26.52 26.41 26.21 26.04 25.92 25.67 25.50 25.27 25.07 25.06 24.98 24.92 24.84 24.70 24.54 24.19 23.62 23.07 22.31 21.96 22.06 22.08 22.19 22.21 21.76 21.61 21.61 20.42 19.73 19.52 18.86 17.99 16.72 17.83 18.35 18.55 18.96 19.24 19.66 19.91 20.11 20.65 21.22 21.78 22.37 22.87 23.10 23.29 23.71 23.51 23.05 22.01 22.17 23.13
-9999.00 -9999.00 -9999.00 -9999.00 -9999.00 -9999.00 -9999.00 -9999.00 -9999.00 -9999.00 26.94 26.94 26.93 26.91 26.87 26.79 26.66 26.52 26.41 26.27 26.15 25.96 25.75 25.59 25.57 25.32 25.13 25.23 24.66 24.34 24.17 23.78 23.19 22.77 22.08 21.39 20.89 20.59 20.86 20.79 20.80 20.56 21.12 20.36 20.86 20.77 20.39 19.60 17.76 16.06 17.97 18.96 19.05 19.19 19.39 18.99 19.03 19.72 20.81 21.45 21.66 22.04 22.26 22.93 23.26 23.13 23.16 22.16 20.67 20.67 22.59
-9999.00 -9999.00 -9999.00 -9999.00 -9999.00 -9999.00 -9999.00 -9999.00 -9999.00 -9999.00 26.95 26.94 26.94 26.93 26.89 26.83 26.73 26.60 26.52 26.37 26.22 26.01 25.85 25.79 25.62 25.43 25.33 25.14 24.83 24.67 24.28 23.91 23.34 22.60 22.13 21.62 21.01 20.48 20.00 19.53 19.34 19.23 19.99 19.57 20.42 20.49 19.58 18.84 17.15 17.43 18.64 18.86 19.07 19.56 19.84 19.68 20.14 20.39 20.49 21.25 21.36 21.13 22.38 22.80 22.96 22.01 23.01 22.13 19.80 20.14 20.59
-9999.00 -9999.00 -9999.00 -9999.00 -9999.00 -9999.00 -9999.00 -9999.00 -9999.00 -9999.00 -9999.00 26.94 26.94 26.93 26.90 26.83 26.75 26.66 26.54 26.42 26.32 26.18 26.06 25.92 25.72 25.54 25.50 25.32 25.08 24.74 24.48 24.10 23.70 23.53 23.23 22.76 21.68 20.86 20.08 19.65 19.18 18.85 18.51 18.50 19.09 19.20 18.40 18.20 19.83 19.90 19.74 20.38 19.75 19.31 19.11 19.31 20.15 20.48 20.71 21.29 21.07 21.06 21.74 22.58 22.95 21.93 21.02 20.19 18.80 19.07 19.75
-9999.00 -9999.00 -9999.00 -9999.00 -9999.00 -9999.00 -9999.00 -9999.00 -9999.00 -9999.00 -9999.00 26.94 26.94 26.94 26.92 26.85 26.76 26.67 26.60 26.46 26.35 26.21 26.05 25.96 25.84 25.72 25.54 25.35 25.07 24.85 24.44 24.32 24.03 23.60 23.02 22.83 21.83 21.17 20.70 20.16 19.58 19.00 18.66 18.32 17.90 17.83 18.43 19.26 20.83 21.35 20.98 20.91 21.05 20.10 19.15 19.47 20.09 20.12 20.45 21.17 20.47 20.46 21.25 21.80 22.27 22.08 18.89 18.29 18.65 19.48 21.14
-9999.00 -9999.00 -9999.00 -9999.00 -9999.00 -9999.00 -9999.00 -9999.00 -9999.00 -9999.00 -9999.00 -9999.00 26.94 26.94 26.90 26.87 26.79 26.74 26.63 26.50 26.37 26.24 26.11 25.99 25.87 25.78 25.68 25.45 25.23 24.85 24.54 24.29 23.82 23.24 22.75 22.14 21.91 21.95 21.02 20.73 19.67 19.41 19.13 18.74 18.90 18.71 20.08 20.51 20.87 21.90 22.12 21.86 21.55 20.90 20.03 19.14 19.49 19.49 20.38 20.85 20.05 19.78 19.49 20.59 21.50 20.05 18.96 19.89 20.16 20.71 21.56
-9999.00 -9999.00 -9999.00 -9999.00 -9999.00 -9999.00 -9999.00 -9999.00 -9999.00 -9999.00 -9999.00 -9999.00 -9999.00 26.94 26.93 26.90 26.86 26.75 26.65 26.53 26.42 26.30 26.19 26.10 26.05 25.91 25.82 25.65 25.29 24.96 24.68 24.35 23.80 23.45 23.55 23.44 22.58 22.68 22.55 22.07 20.29 20.58 20.47 19.96 20.41 20.01 21.23 21.08 22.05 22.46 22.13 22.49 21.99 21.82 20.69 20.57 20.76 20.44 19.78 19.91 19.22 19.64 20.21 20.62 21.23 21.49 20.80 21.02 20.95 22.76 21.31
-9999.00 -9999.00 -9999.00 -9999.00 -9999.00 -9999.00 -9999.00 -9999.00 -9999.00 -9999.00 -9999.00 -9999.00 -9999.00 -9999.00 26.94 26.94 26.89 26.80 26.68 26.62 26.49 26.39 26.30 26.25 26.16 26.08 26.01 25.85 25.56 25.27 24.91 24.56 24.35 24.24 23.55 23.72 23.90 23.38 22.51 21.95 21.71 21.95 21.45 21.36 21.98 21.61 21.65 21.15 21.87 22.73 22.63 22.93 22.47 22.29 21.85 21.91 21.50 20.96 20.14 18.55 18.69 19.75 20.77 22.11 22.14 22.11 21.95 21.44 22.57 22.94 22.61
-9999.00 -9999.00 -9999.00 -9999.00 -9999.00 -9999.00 -9999.00 -9999.00 -9999.00 -9999.00 -9999.00 -9999.00 -9999.00 -9999.00 -9999.00 26.94 26.92 26.87 26.77 26.67 26.55 26.49 26.44 26.39 26.28 26.17 25.99 25.80 25.62 25.44 25.07 24.79 24.45 24.36 24.60 24.04 23.24 23.15 23.25 23.20 23.10 22.69 22.96 22.87 22.39 21.60 21.60 21.41 22.34 22.83 22.86 23.17 22.94 22.79 22.83 21.99 21.42 20.63 19.87 18.68 19.58 19.89 21.00 20.55 21.35 22.12 22.67 23.30 23.34 23.15 23.66
-9999.00 -9999.00 -9999.00 -9999.00 -9999.00 -9999.00 -9999.00 -9999.00 -9999.00 -9999.00 -9999.00 -9999.00 -9999.00 -9999.00 -9999.00 -9999.00 -9999.00 26.90 26.84 26.72 26.68 26.62 26.56 26.51 26.37 26.22 26.06 25.89 25.74 25.65 25.31 25.04 25.09 24.77 24.29 24.43 24.46 24.36 24.25 23.94 23.81 23.31 22.81 22.06 20.88 20.19 20.66 21.81 22.29 23.08 23.14 23.18 23.32 23.09 22.62 22.45 21.97 20.25 20.32 19.58 18.41 18.95 19.71 19.71 19.89 21.24 22.59 21.60 21.89 22.77 23.28
-9999.00 -9999.00 -9999.00 -9999.00 -9999.00 -9999.00 -9999.00 -9999.00 -9999.00 -9999.00 -9999.00 -9999.00 -9999.00 -9999.00 -9999.00 -9999.00 -9999.00 26.94 26.91 26.85 26.77 26.71 26.67 26.60 26.46 26.30 26.18 26.01 25.92 25.73 25.54 25.39 25.30 25.15 25.12 24.64 24.25 24.05 23.77 23.36 22.72 21.82 21.94 20.40 20.32 19.26 19.69 22.08 23.09 23.23 23.53 23.36 23.62 23.34 23.09 22.35 21.57 20.38 21.34 20.46 20.53 19.74 19.70 18.52 19.83 21.05 21.37 20.89 22.08 21.44 22.82
