maui/input/air_temperature_monthly/tmaxsep_250m_maui.asc
ncols        356
nrows        236
xllcorner    -156.702000000000
yllcorner    20.529750000000
cellsize     0.002250000000
NODATA_value  -99.00
[rows 128 to 159 of 236, columns 142 to 212 of 356]
28.24 28.17 28.12 27.99 27.91 27.82 27.74 27.62 27.49 27.41 27.26 27.22 27.13 27.04 26.86 26.72 26.66 26.52 26.38 26.24 26.11 25.98 25.91 25.72 25.59 25.46 25.39 25.20 24.94 24.80 24.49 24.26 24.09 23.92 23.83 23.66 23.40 23.12 22.89 22.76 22.42 22.27 22.11 21.86 21.64 21.42 21.21 21.06 20.84 20.69 20.44 20.16 19.93 19.68 19.34 19.01 18.73 18.53 18.27 18.03 17.75 17.16 17.27 17.53 17.49 17.55 17.38 17.25 17.32 17.31 17.42
28.20 28.12 28.02 27.93 27.85 27.75 27.67 27.57 27.42 27.32 27.25 27.13 27.10 26.94 26.80 26.69 26.51 26.38 26.28 26.16 26.02 25.85 25.74 25.65 25.51 25.28 25.14 24.94 24.97 24.59 24.43 24.26 24.04 23.88 23.73 23.56 23.40 23.10 22.75 22.53 22.38 22.32 22.09 21.82 21.52 21.29 21.08 20.90 20.72 20.52 20.39 20.13 19.90 19.56 19.17 18.89 18.54 18.32 18.13 17.83 17.57 17.44 17.35 17.35 17.40 17.26 17.15 17.07 17.06 17.19 17.26
28.13 28.08 27.98 27.94 27.84 27.73 27.61 27.51 27.43 27.30 27.18 27.09 26.92 26.84 26.78 26.56 26.47 26.33 26.25 26.05 25.87 25.75 25.62 25.49 25.38 25.26 25.01 24.88 24.66 24.58 24.40 24.12 23.95 23.75 23.59 23.42 23.19 22.93 22.67 22.46 22.28 22.09 21.93 21.71 21.43 21.26 20.97 20.75 20.55 20.38 20.12 19.94 19.70 19.39 19.11 18.70 18.47 18.20 17.99 17.72 17.47 17.35 17.33 17.27 17.25 17.15 16.98 16.93 16.97 17.00 17.01
28.10 28.02 27.96 27.88 27.79 27.68 27.60 27.54 27.43 27.25 27.14 27.03 26.85 26.72 26.58 26.50 26.42 26.28 26.12 26.02 25.82 25.67 25.47 25.39 25.29 25.07 24.89 24.72 24.49 24.41 24.35 24.05 23.84 23.62 23.43 23.27 23.07 22.76 22.55 22.36 22.13 21.89 21.70 21.60 21.33 21.01 20.88 20.70 20.41 20.24 20.00 19.73 19.53 19.26 18.97 18.65 18.38 18.14 17.92 17.68 17.43 17.31 17.25 17.16 17.12 16.96 16.83 16.90 16.79 16.80 16.90
28.11 28.02 27.94 27.82 27.70 27.68 27.59 27.46 27.36 27.19 27.09 26.99 26.81 26.70 26.57 26.41 26.32 26.23 26.19 25.91 25.77 25.59 25.38 25.25 25.10 24.92 24.74 24.77 24.32 24.22 24.08 23.94 23.76 23.45 23.29 23.10 22.86 22.71 22.46 22.25 21.95 21.65 21.49 21.36 21.16 21.05 20.75 20.51 20.28 20.09 19.78 19.57 19.30 19.09 18.83 18.51 18.25 18.04 17.79 17.60 17.34 17.15 17.17 17.01 16.90 16.82 16.73 16.72 16.65 16.63 16.66
28.11 28.00 27.91 27.77 27.67 27.60 27.54 27.41 27.29 27.12 27.01 26.92 26.80 26.60 26.48 26.34 26.22 26.07 25.94 25.90 25.67 25.52 25.29 25.12 24.96 24.80 24.61 24.42 24.20 24.19 23.98 23.78 23.56 23.33 23.24 23.08 22.83 22.58 22.37 22.13 21.86 21.52 21.24 21.07 20.92 20.71 20.61 20.38 20.10 19.87 19.64 19.43 19.15 19.00 18.70 18.43 18.18 17.93 17.72 17.42 17.21 17.01 16.96 16.93 16.81 16.75 16.71 16.62 16.61 16.51 16.50
28.08 27.96 27.89 27.75 27.65 27.56 27.48 27.35 27.17 27.04 26.93 26.83 26.71 26.52 26.35 26.20 26.10 25.95 25.85 25.72 25.65 25.42 25.22 25.03 24.86 24.68 24.47 24.28 24.09 23.95 23.84 23.76 23.42 23.23 23.11 23.00 22.75 22.58 22.26 22.06 21.75 21.45 21.22 20.93 20.62 20.47 20.29 20.16 19.97 19.68 19.41 19.22 19.09 18.89 18.62 18.34 17.94 17.68 17.41 17.29 17.09 16.96 16.86 16.81 16.71 16.71 16.58 16.58 16.49 16.40 16.31
28.02 27.91 27.89 27.79 27.68 27.54 27.47 27.41 27.26 27.10 26.95 26.82 26.61 26.50 26.30 26.10 26.05 25.93 25.77 25.59 25.41 25.35 25.16 24.97 24.76 24.61 24.39 24.17 24.00 23.83 23.69 23.56 23.37 23.14 23.02 22.88 22.69 22.50 22.34 22.01 21.64 21.40 21.18 20.92 20.59 20.30 20.05 19.87 19.79 19.53 19.23 19.02 18.88 18.69 18.44 18.24 17.98 17.51 17.10 16.98 16.98 16.82 16.75 16.72 16.55 16.59 16.48 16.45 16.39 16.30 16.23
27.94 27.89 27.80 27.71 27.62 27.55 27.42 27.35 27.24 27.10 26.92 26.76 26.56 26.41 26.25 26.10 25.98 25.87 25.68 25.56 25.32 25.17 25.11 24.91 24.71 24.46 24.28 24.11 23.94 23.75 23.60 23.44 23.21 23.08 22.96 22.86 22.62 22.42 22.12 21.95 21.63 21.35 21.05 20.79 20.55 20.32 20.02 19.73 19.62 19.33 18.99 18.79 18.62 18.49 18.23 17.96 17.71 17.49 17.18 17.00 16.87 16.70 16.58 16.56 16.41 16.40 16.34 16.28 16.23 16.22 16.16
27.89 27.84 27.78 27.68 27.58 27.51 27.40 27.32 27.14 27.03 26.89 26.79 26.62 26.39 26.21 26.04 25.89 25.78 25.55 25.40 25.19 25.02 24.92 24.82 24.67 24.47 24.25 24.03 23.86 23.68 23.53 23.31 23.13 22.97 22.84 22.70 22.60 22.36 22.13 21.71 21.50 21.25 21.05 20.72 20.36 20.16 19.86 19.59 19.34 19.09 18.69 18.55 18.39 18.28 18.06 17.65 17.41 17.18 17.03 16.84 16.71 16.58 16.47 16.41 16.28 16.24 16.17 16.08 16.13 16.05 16.01
27.94 27.80 27.76 27.63 27.49 27.45 27.32 27.17 27.11 26.97 26.88 26.77 26.57 26.34 26.18 26.00 25.84 25.63 25.48 25.29 25.06 24.94 24.81 24.68 24.58 24.32 24.17 23.96 23.75 23.54 23.43 23.26 23.05 22.81 22.66 22.44 22.24 22.12 21.85 21.64 21.29 21.06 20.78 20.55 20.32 19.95 19.73 19.43 19.16 18.83 18.49 18.26 18.16 17.99 17.78 17.42 17.09 16.96 16.85 16.71 16.55 16.46 16.33 16.23 16.13 16.07 16.03 15.92 15.87 15.83 16.12
27.90 27.79 27.72 27.60 27.45 27.38 27.26 27.18 27.02 26.94 26.76 26.63 26.51 26.32 26.17 25.94 25.79 25.59 25.39 25.20 25.02 24.83 24.76 24.53 24.38 24.20 24.01 23.83 23.70 23.48 23.29 23.16 22.96 22.74 22.48 22.13 21.99 21.99 21.64 21.35 21.20 21.01 20.72 20.34 20.04 19.87 19.55 19.24 18.92 18.56 18.26 18.01 17.96 17.63 17.41 17.15 16.96 16.82 16.66 16.54 16.40 16.31 16.17 16.01 15.98 15.89 15.87 15.72 15.61 16.13 16.75
27.91 27.75 27.66 27.59 27.42 27.29 27.16 27.08 26.99 26.85 26.77 26.58 26.48 26.32 26.14 25.89 25.69 25.49 25.32 25.12 24.90 24.71 24.56 24.48 24.22 24.04 23.85 23.66 23.54 23.43 23.30 23.07 22.79 22.53 22.29 22.06 21.84 21.67 21.52 21.26 20.94 20.84 20.53 20.19 19.83 19.58 19.29 19.01 18.73 18.38 18.01 17.74 17.50 17.23 17.12 16.94 16.79 16.64 16.55 16.35 16.23 16.09 16.02 15.83 15.62 15.73 15.62 15.50 15.47 16.03 16.80
27.82 27.70 27.63 27.55 27.42 27.30 27.12 26.97 26.87 26.77 26.65 26.54 26.46 26.28 26.12 25.92 25.69 25.49 25.23 25.04 24.83 24.65 24.43 24.25 24.17 23.90 23.74 23.57 23.43 23.30 23.10 22.92 22.67 22.46 22.16 21.90 21.70 21.39 21.32 21.01 20.75 20.53 20.21 19.86 19.49 19.31 18.99 18.80 18.46 18.04 17.72 17.51 17.19 17.03 16.88 16.75 16.61 16.44 16.33 16.19 16.01 15.97 15.88 15.66 15.51 15.51 15.38 15.33 15.55 16.04 16.61
27.73 27.66 27.57 27.55 27.31 27.21 27.09 26.94 26.79 26.68 26.60 26.42 26.31 26.11 26.02 25.82 25.60 25.51 25.22 24.98 24.79 24.49 24.31 24.13 23.96 23.80 23.72 23.55 23.28 23.24 22.97 22.75 22.62 22.35 22.09 21.86 21.46 21.13 20.87 20.61 20.40 20.14 19.92 19.64 19.35 19.05 18.72 18.46 18.23 17.92 17.47 17.13 17.01 16.92 16.74 16.53 16.37 16.22 16.14 16.00 15.85 15.79 15.70 15.53 15.36 15.25 15.18 15.32 15.78 16.39 16.31
27.68 27.60 27.51 27.36 27.27 27.18 27.02 26.88 26.77 26.65 26.49 26.36 26.22 25.99 25.81 25.74 25.46 25.17 25.09 24.91 24.67 24.48 24.32 24.06 23.89 23.73 23.52 23.41 23.21 23.06 22.82 22.67 22.41 22.17 21.95 21.52 21.27 20.88 20.56 20.44 20.07 19.83 19.68 19.37 19.02 18.79 18.48 18.16 17.98 17.68 17.18 16.92 16.81 16.75 16.61 16.39 16.21 16.07 15.95 15.87 15.75 15.58 15.47 15.35 15.23 15.06 14.98 15.55 16.32 16.68 16.99
27.61 27.54 27.45 27.32 27.21 27.15 26.95 26.81 26.71 26.57 26.39 26.27 26.10 25.86 25.72 25.55 25.40 25.13 24.94 24.81 24.60 24.44 24.30 24.06 23.83 23.63 23.37 23.18 23.02 22.85 22.69 22.47 22.23 21.99 21.58 21.28 21.00 20.62 20.29 20.06 19.84 19.54 19.31 19.05 18.75 18.45 18.22 17.85 17.49 17.23 17.00 16.75 16.60 16.51 16.44 16.28 16.10 15.92 15.80 15.70 15.59 15.42 15.27 15.14 15.03 14.87 15.40 15.79 16.18 16.50 17.14
27.59 27.46 27.36 27.27 27.14 27.00 26.95 26.81 26.59 26.41 26.35 26.19 26.03 25.84 25.67 25.43 25.21 24.96 24.82 24.63 24.48 24.26 24.07 23.94 23.70 23.47 23.25 22.97 22.75 22.62 22.41 22.20 22.01 21.68 21.27 20.99 20.69 20.45 20.10 19.81 19.50 19.21 18.90 18.62 18.39 18.02 17.71 17.41 17.14 16.94 16.79 16.59 16.41 16.31 16.22 16.12 15.94 15.84 15.69 15.61 15.48 15.29 15.15 15.02 14.87 15.07 15.65 16.22 16.59 16.86 17.05
27.56 27.43 27.35 27.23 27.06 26.90 26.82 26.69 26.48 26.34 26.22 26.08 25.89 25.69 25.53 25.31 25.13 24.92 24.70 24.53 24.36 24.11 23.98 23.73 23.57 23.36 23.07 22.75 22.52 22.34 22.09 21.91 21.74 21.48 21.18 20.81 20.50 20.19 19.87 19.57 19.27 18.91 18.68 18.35 17.96 17.68 17.26 17.00 16.89 16.72 16.59 16.43 16.27 16.11 16.04 15.96 15.84 15.66 15.54 15.46 15.32 15.20 15.02 14.90 14.79 15.31 15.67 16.27 16.73 16.94 17.10
27.49 27.38 27.28 27.21 27.06 26.88 26.72 26.56 26.38 26.24 26.13 25.94 25.74 25.57 25.42 25.20 25.04 24.84 24.66 24.41 24.20 24.02 23.84 23.61 23.44 23.25 22.94 22.69 22.52 22.17 21.85 21.57 21.46 21.23 20.93 20.60 20.30 19.95 19.62 19.32 18.98 18.62 18.33 18.10 17.73 17.34 17.06 16.81 16.64 16.47 16.41 16.23 16.09 16.00 15.82 15.73 15.61 15.49 15.34 15.26 15.17 15.00 14.86 14.79 15.08 15.36 15.94 16.34 16.71 16.98 17.02
27.41 27.28 27.19 27.05 26.92 26.82 26.69 26.43 26.30 26.11 26.01 25.86 25.75 25.49 25.27 25.07 24.89 24.69 24.53 24.33 24.11 23.84 23.57 23.35 23.16 23.00 22.77 22.51 22.23 21.99 21.65 21.32 21.10 20.87 20.64 20.35 19.99 19.67 19.35 18.97 18.61 18.32 18.02 17.71 17.39 17.04 16.88 16.66 16.43 16.26 16.17 16.08 15.92 15.74 15.65 15.54 15.43 15.32 15.20 15.10 14.93 14.78 14.70 15.20 15.65 15.78 16.19 16.50 16.73 16.93 16.96
27.36 27.21 27.08 26.96 26.80 26.68 26.50 26.34 26.16 26.08 25.86 25.78 25.61 25.45 25.25 24.97 24.69 24.57 24.38 24.19 24.01 23.77 23.53 23.23 22.98 22.79 22.55 22.33 22.14 21.78 21.41 21.10 20.86 20.58 20.37 20.08 19.76 19.41 19.02 18.64 18.32 18.01 17.64 17.37 17.07 16.91 16.73 16.54 16.36 16.11 15.98 15.88 15.76 15.60 15.47 15.33 15.25 15.15 14.99 14.88 14.71 14.98 15.28 15.43 15.85 16.14 16.41 16.59 16.75 16.80 16.80
27.29 27.17 27.03 26.90 26.72 26.60 26.42 26.25 26.09 25.90 25.76 25.55 25.43 25.25 25.14 24.85 24.59 24.42 24.27 24.00 23.82 23.61 23.38 23.17 22.93 22.58 22.32 22.10 21.81 21.58 21.28 20.92 20.62 20.31 20.02 19.81 19.58 19.21 18.76 18.39 18.03 17.75 17.30 17.10 16.88 16.73 16.59 16.43 16.22 16.04 15.87 15.76 15.60 15.47 15.33 15.18 15.07 14.97 14.84 14.70 14.86 15.33 15.64 15.90 16.13 16.25 16.41 16.51 16.59 16.61 16.68
27.22 27.06 26.93 26.79 26.68 26.53 26.39 26.25 26.06 25.86 25.65 25.47 25.26 25.18 25.00 24.76 24.55 24.39 24.21 23.95 23.71 23.54 23.26 23.05 22.79 22.54 22.17 21.81 21.51 21.26 21.00 20.68 20.36 20.00 19.76 19.45 19.29 18.98 18.59 18.17 17.74 17.39 17.08 16.93 16.76 16.57 16.46 16.29 16.10 15.96 15.81 15.70 15.54 15.33 15.17 15.06 14.98 14.84 14.69 14.55 15.04 15.50 15.80 15.93 16.01 16.13 16.08 16.32 16.53 16.56 16.61
27.16 26.99 26.81 26.68 26.56 26.44 26.27 26.17 25.96 25.78 25.57 25.40 25.21 25.04 24.88 24.70 24.46 24.31 24.03 23.84 23.59 23.35 23.12 22.90 22.62 22.39 21.97 21.70 21.32 20.94 20.74 20.43 20.09 19.72 19.36 19.16 18.92 18.74 18.35 17.93 17.52 17.14 16.90 16.76 16.61 16.44 16.33 16.17 16.02 15.86 15.75 15.63 15.42 15.21 15.05 14.85 14.75 14.66 14.56 14.75 15.22 15.60 15.71 15.75 15.89 15.94 15.96 16.28 16.25 16.27 16.49
27.13 26.96 26.82 26.60 26.47 26.36 26.23 26.07 25.96 25.78 25.48 25.18 25.02 24.90 24.69 24.54 24.35 24.09 23.83 23.63 23.34 23.14 22.91 22.69 22.39 22.04 21.81 21.48 21.15 20.81 20.35 20.04 19.76 19.39 19.05 18.76 18.64 18.37 18.06 17.63 17.19 16.97 16.81 16.61 16.48 16.33 16.20 16.09 15.93 15.78 15.65 15.53 15.36 15.03 14.87 14.75 14.62 14.51 14.45 14.73 15.20 15.47 15.47 15.49 15.61 15.76 16.03 16.32 16.31 16.31 16.57
27.02 26.88 26.68 26.54 26.38 26.21 26.11 26.00 25.83 25.62 25.37 25.09 24.83 24.69 24.50 24.29 24.14 23.94 23.68 23.36 23.02 22.85 22.61 22.42 22.12 21.82 21.53 21.22 20.83 20.54 20.21 19.83 19.37 19.02 18.69 18.43 18.35 18.07 17.73 17.31 17.03 16.83 16.64 16.48 16.30 16.20 16.07 15.98 15.83 15.69 15.55 15.40 15.22 15.01 14.79 14.63 14.53 14.44 14.37 14.57 15.01 15.22 15.12 15.21 15.39 15.66 15.98 16.21 16.32 16.40 16.54
26.94 26.78 26.57 26.39 26.26 26.12 25.98 25.84 25.67 25.53 25.32 25.05 24.81 24.59 24.32 24.15 23.96 23.70 23.46 23.14 22.86 22.59 22.32 22.06 21.88 21.55 21.26 20.95 20.52 20.19 19.78 19.52 19.16 18.73 18.45 18.12 17.91 17.73 17.46 17.10 16.85 16.70 16.50 16.35 16.19 16.07 15.94 15.83 15.70 15.54 15.39 15.20 15.05 14.86 14.65 14.46 14.38 14.22 14.29 14.52 14.82 14.91 14.94 15.11 15.27 15.55 15.66 15.91 16.16 16.28 16.40
26.87 26.71 26.51 26.31 26.10 25.91 25.78 25.65 25.44 25.33 25.20 25.02 24.73 24.44 24.23 23.99 23.80 23.58 23.28 23.01 22.68 22.32 22.05 21.73 21.50 21.29 21.01 20.58 20.21 19.85 19.48 19.12 18.74 18.36 18.10 17.87 17.55 17.36 17.15 16.98 16.76 16.54 16.36 16.24 16.08 15.91 15.76 15.65 15.53 15.36 15.12 14.93 14.80 14.68 14.43 14.23 14.22 14.23 14.22 14.40 14.61 14.69 14.79 14.95 15.25 15.48 15.72 15.97 16.07 16.15 16.18
26.77 26.61 26.43 26.23 25.95 25.80 25.62 25.44 25.28 25.08 25.02 24.83 24.68 24.40 24.11 23.86 23.50 23.32 23.11 22.78 22.45 22.12 21.80 21.43 21.13 20.92 20.62 20.34 19.96 19.56 19.17 18.81 18.46 18.12 17.70 17.48 17.22 17.08 16.95 16.82 16.66 16.43 16.24 16.10 15.91 15.72 15.51 15.40 15.29 15.04 14.85 14.66 14.53 14.50 14.36 14.24 14.32 14.38 14.37 14.36 14.41 14.42 14.53 14.99 15.34 15.68 15.88 15.96 16.06 16.06 16.09
26.62 26.47 26.31 26.08 25.86 25.70 25.49 25.28 25.10 24.92 24.79 24.67 24.57 24.35 24.01 23.68 23.35 23.07 22.80 22.56 22.20 21.86 21.53 21.13 20.84 20.59 20.36 20.10 19.71 19.33 18.88 18.55 18.19 17.82 17.48 17.19 17.00 16.87 16.74 16.60 16.54 16.34 16.13 15.95 15.74 15.52 15.27 15.12 15.04 14.90 14.66 14.54 14.43 14.57 14.59 14.58 14.59 14.62 14.58 14.57 14.59 14.58 14.58 14.79 15.19 15.48 15.64 15.75 15.92 15.78 15.87
26.48 26.32 26.20 25.97 25.79 25.59 25.39 25.17 25.00 24.80 24.64 24.50 24.37 24.24 23.93 23.56 23.20 22.88 22.55 22.29 21.96 21.63 21.24 20.91 20.57 20.30 20.07 19.89 19.54 19.17 18.73 18.32 17.93 17.64 17.31 17.04 16.88 16.77 16.59 16.41 16.29 16.18 15.92 15.73 15.55 15.32 15.05 14.97 14.86 14.70 14.85 14.72 14.75 14.82 14.90 14.90 14.87 14.88 14.83 14.82 14.77 14.75 14.76 14.83 14.82 14.99 15.12 15.30 15.47 15.35 15.33
