maui/input/air_temperature_monthly/tmaxoct_250m_maui.asc
ncols        356
nrows        236
xllcorner    -156.702000000000
yllcorner    20.529750000000
cellsize     0.002250000000
NODATA_value  -99.00
[rows 128 to 159 of 236, columns 213 to 283 of 356]
17.21 17.30 17.33 17.41 17.52 17.76 18.69 19.20 19.46 19.49 19.61 19.55 19.60 19.71 19.78 19.78 19.52 19.58 19.57 19.65 19.85 20.01 19.96 19.97 20.02 20.07 20.16 20.22 20.26 20.34 20.45 20.57 20.60 20.71 20.79 20.76 20.68 20.68 20.68 20.74 20.66 20.54 20.52 20.53 20.54 20.57 20.52 20.50 20.47 20.74 21.46 21.46 20.93 20.64 20.62 20.61 20.46 20.45 20.48 20.47 20.46 20.55 20.71 20.92 21.08 21.34 21.47 21.70 21.93 22.11 22.25
16.98 17.10 17.12 17.93 18.52 18.80 18.91 19.04 19.12 19.27 19.32 19.25 19.34 19.41 19.43 19.45 19.45 19.44 19.53 19.67 19.84 19.95 19.98 19.93 20.03 20.02 20.12 20.11 20.25 20.32 20.45 20.51 20.55 20.61 20.86 20.68 20.55 20.53 20.47 20.55 20.51 20.37 20.37 20.39 20.44 20.43 20.42 20.39 20.48 21.37 21.42 21.31 20.74 20.53 20.50 20.48 20.36 20.31 20.33 20.24 20.21 20.24 20.35 20.51 20.71 20.82 21.02 21.26 21.46 21.67 21.77
16.80 17.00 17.94 18.95 18.91 18.89 18.92 18.93 18.97 19.08 18.97 18.91 19.00 19.13 19.18 19.19 19.29 19.40 19.48 19.71 19.75 19.89 19.97 19.92 19.91 19.96 20.01 20.07 20.17 20.25 20.38 20.43 20.51 20.73 20.64 20.56 20.48 20.38 20.34 20.38 20.37 20.23 20.16 20.21 20.23 20.28 20.30 20.33 20.74 21.29 21.26 20.70 20.49 20.41 20.35 20.40 20.25 20.17 20.17 20.10 20.07 20.08 20.09 20.17 20.34 20.38 20.56 20.79 20.99 21.22 21.16
16.53 17.56 18.90 19.01 18.94 18.90 18.86 18.82 18.85 18.75 18.58 18.52 18.67 18.82 18.96 19.06 19.12 19.24 19.44 19.47 19.63 19.78 19.77 19.83 19.79 19.92 19.98 20.02 20.11 20.21 20.31 20.28 20.44 20.53 20.51 20.42 20.32 20.27 20.20 20.25 20.26 20.08 20.04 20.02 20.02 20.04 20.08 20.12 20.75 21.02 20.79 20.21 20.20 20.27 20.24 20.18 20.05 19.95 19.91 19.87 19.90 19.91 19.91 19.94 19.96 19.97 20.13 20.39 20.62 20.76 20.81
16.20 17.34 18.21 18.65 18.95 18.80 18.68 18.58 18.45 18.40 18.18 18.14 18.29 18.53 18.60 18.79 18.96 19.17 19.24 19.35 19.54 19.56 19.59 19.68 19.67 19.75 19.81 19.89 20.17 20.20 20.24 20.27 20.40 20.39 20.39 20.28 20.22 20.18 20.10 20.09 20.08 19.94 19.85 19.83 19.76 19.74 19.78 19.81 20.15 20.34 20.07 19.86 19.98 20.14 20.09 20.01 19.91 19.77 19.66 19.70 19.75 19.75 19.71 19.68 19.66 19.72 19.84 20.00 20.23 20.40 20.67
16.25 17.32 16.99 17.13 18.16 18.55 18.42 18.22 18.15 18.13 17.97 17.93 18.03 18.15 18.44 18.57 18.80 18.90 18.95 19.17 19.14 19.26 19.39 19.36 19.46 19.54 19.67 19.94 20.01 20.15 20.07 20.19 20.24 20.27 20.25 20.20 20.09 20.07 19.95 19.92 19.91 19.92 19.62 19.58 19.56 19.50 19.48 19.50 19.54 19.61 19.59 19.60 19.73 19.84 19.94 19.84 19.75 19.68 19.60 19.60 19.65 19.59 19.58 19.58 19.51 19.52 19.52 19.69 19.89 20.08 20.36
15.85 16.22 16.25 16.60 16.79 17.55 17.86 17.96 17.99 17.97 17.85 17.76 17.84 17.89 18.13 18.38 18.55 18.52 18.63 18.79 18.81 18.93 19.06 19.06 19.22 19.39 19.56 19.75 19.86 19.91 19.93 20.02 20.04 20.06 20.07 20.00 19.92 19.82 19.79 19.62 19.70 19.71 19.41 19.40 19.39 19.29 19.23 19.23 19.10 19.07 19.19 19.30 19.46 19.56 19.70 19.66 19.64 19.59 19.50 19.49 19.45 19.43 19.45 19.45 19.38 19.30 19.33 19.49 19.61 19.81 20.10
15.65 15.73 15.92 16.07 16.79 17.62 17.71 17.85 17.86 17.77 17.72 17.70 17.77 17.75 17.75 18.00 18.19 18.13 18.18 18.43 18.44 18.62 18.72 18.75 19.04 19.14 19.35 19.53 19.60 19.68 19.59 19.76 19.83 19.78 19.75 19.74 19.65 19.55 19.47 19.42 19.47 19.38 19.19 19.22 19.17 19.06 18.94 18.95 18.78 18.77 18.88 19.02 19.09 19.31 19.53 19.50 19.55 19.52 19.43 19.41 19.36 19.33 19.30 19.23 19.16 19.15 19.19 19.29 19.40 19.59 19.93
15.52 15.81 16.48 16.72 16.85 17.56 17.64 17.78 17.76 17.65 17.65 17.64 17.69 17.64 17.67 17.51 17.60 17.57 17.68 17.82 18.01 18.20 18.37 18.54 18.67 18.82 19.05 19.26 19.19 19.36 19.26 19.39 19.43 19.44 19.44 19.40 19.29 19.25 19.19 19.19 19.25 19.13 19.06 18.92 18.85 18.78 18.66 18.68 18.58 18.54 18.58 18.67 18.79 19.00 19.17 19.33 19.39 19.34 19.34 19.33 19.27 19.20 19.10 19.06 19.06 19.02 19.02 19.08 19.17 19.45 19.70
15.95 16.47 16.87 17.34 17.39 17.45 17.56 17.62 17.66 17.58 17.49 17.53 17.66 17.63 17.62 17.12 16.94 17.06 17.40 17.44 17.77 17.89 17.97 18.18 18.18 18.48 18.57 18.77 18.76 18.81 19.05 18.99 19.04 19.00 18.98 18.85 18.87 18.90 18.82 18.82 18.88 18.78 18.81 18.59 18.50 18.37 18.38 18.42 18.38 18.32 18.33 18.45 18.57 18.80 19.03 19.17 19.20 19.18 19.27 19.22 19.16 19.00 18.97 18.91 18.87 18.86 18.89 18.91 19.05 19.20 19.55
16.09 16.82 17.32 17.39 17.41 17.42 17.50 17.52 17.54 17.47 17.46 17.47 17.54 17.57 17.60 17.22 16.43 16.50 16.97 16.96 17.08 17.38 17.47 17.75 17.65 17.93 18.12 18.31 18.28 18.38 18.55 18.46 18.55 18.54 18.51 18.41 18.42 18.41 18.53 18.46 18.45 18.49 18.43 18.22 18.09 18.14 17.88 18.08 18.13 18.02 18.07 18.26 18.51 18.74 18.97 18.98 18.99 19.04 19.06 19.00 18.91 18.87 18.82 18.77 18.71 18.67 18.75 18.79 18.94 19.11 19.39
16.29 16.85 17.39 17.41 17.38 17.38 17.39 17.41 17.43 17.40 17.34 17.41 17.48 17.57 17.63 17.00 16.11 16.46 16.45 16.54 16.66 16.78 17.02 17.12 17.20 17.38 17.64 17.73 17.70 17.87 17.98 17.95 17.93 17.96 17.89 17.79 17.83 17.88 18.24 17.99 17.91 18.06 17.97 17.75 17.72 18.04 17.35 17.43 17.67 17.70 17.78 18.06 18.44 18.64 18.64 18.70 18.79 18.89 18.94 18.85 18.77 18.78 18.68 18.60 18.54 18.54 18.58 18.67 18.82 18.93 19.16
16.74 17.17 17.32 17.24 17.29 17.30 17.21 17.32 17.31 17.27 17.33 17.36 17.43 17.57 17.60 17.45 16.62 15.95 16.12 16.28 16.20 16.30 16.51 16.56 16.65 16.95 17.16 17.22 17.20 17.33 17.37 17.40 17.27 17.37 17.26 17.16 17.31 17.52 17.70 17.52 17.49 17.62 17.48 17.32 17.33 17.60 17.22 17.23 17.47 17.43 17.56 17.79 18.07 18.38 18.35 18.49 18.59 18.73 18.61 18.46 18.68 18.57 18.48 18.39 18.32 18.38 18.45 18.58 18.76 18.85 19.12
16.71 16.91 17.03 17.08 17.19 17.20 17.10 17.13 17.18 17.18 17.21 17.31 17.38 17.43 17.51 17.47 16.93 16.15 15.70 15.88 15.75 15.89 15.98 16.24 16.24 16.48 16.56 16.66 16.67 16.80 16.81 16.76 16.69 16.82 16.76 16.54 16.75 17.02 17.11 17.03 17.23 17.14 16.95 16.90 17.00 17.11 16.75 17.22 17.31 17.29 17.33 17.59 17.85 18.00 18.11 18.23 18.24 18.43 18.32 18.24 18.16 18.20 18.20 18.18 18.19 18.16 18.26 18.48 18.60 18.67 18.68
16.14 16.72 16.90 16.95 17.09 17.08 16.95 16.97 17.05 17.00 17.06 17.16 17.21 17.18 17.41 17.26 16.92 16.13 15.39 15.34 15.34 15.61 15.58 15.76 15.96 16.05 16.16 16.26 16.28 16.41 16.44 16.36 16.36 16.43 16.43 16.26 16.34 16.56 16.68 16.64 16.76 16.49 16.40 16.40 16.72 16.55 16.50 16.76 16.99 17.07 17.09 17.32 17.66 17.91 17.95 17.83 17.78 17.80 17.96 17.89 17.78 17.80 17.92 17.99 18.02 17.91 17.58 17.68 18.11 18.45 18.64
16.43 16.71 16.73 16.82 16.91 16.86 16.80 16.79 16.92 16.92 17.00 17.10 17.07 17.01 16.58 16.64 16.60 16.08 15.49 14.87 14.97 15.14 15.23 15.32 15.53 15.66 15.77 15.91 15.93 16.02 16.06 16.08 16.16 16.20 16.16 16.06 16.23 16.30 16.32 16.42 16.34 16.14 15.98 15.99 16.14 16.26 16.57 16.39 16.36 16.67 16.71 16.89 17.20 17.44 17.45 17.60 17.48 17.69 17.77 17.66 17.57 17.65 17.72 17.86 17.93 17.89 17.75 17.92 18.24 18.47 18.63
16.65 16.66 16.67 16.72 16.73 16.67 16.68 16.68 16.75 16.76 16.90 16.85 17.03 16.98 16.67 15.88 15.78 15.56 15.18 14.62 14.77 14.90 15.01 15.07 15.20 15.30 15.43 15.55 15.54 15.65 15.68 15.77 15.87 15.98 15.90 15.92 16.04 15.97 16.01 16.09 16.03 15.83 15.71 15.66 15.64 15.77 16.10 15.94 16.03 16.23 16.56 16.48 16.84 17.08 17.22 17.51 17.59 17.60 17.59 17.54 17.52 17.58 17.67 17.85 18.18 18.62 18.61 18.45 18.79 18.52 18.65
16.63 16.61 16.63 16.66 16.61 16.59 16.61 16.61 16.68 16.71 16.71 16.72 16.68 16.93 16.90 16.38 15.46 15.08 14.88 15.09 15.36 15.55 15.69 15.72 15.69 15.70 15.68 15.42 15.25 15.27 15.37 15.44 15.61 15.69 15.68 15.69 15.75 15.77 15.76 15.74 15.69 15.59 15.46 15.53 15.85 15.93 16.03 15.97 16.02 16.45 16.63 16.58 16.80 17.29 17.46 17.56 17.53 17.50 17.48 17.48 17.48 17.51 17.57 17.84 18.46 18.90 19.16 19.12 19.35 19.14 18.38
16.57 16.57 16.59 16.62 16.56 16.52 16.55 16.57 16.63 16.64 16.64 16.62 16.57 16.58 16.53 16.38 15.71 15.28 15.33 15.43 15.72 16.03 16.17 16.23 16.17 16.19 16.25 16.19 15.95 15.86 15.79 15.72 15.38 15.38 15.48 15.43 15.46 15.52 15.54 15.53 15.53 15.46 15.58 15.95 17.16 17.33 17.69 16.47 16.05 16.38 16.61 16.74 16.79 17.05 17.52 17.49 17.46 17.44 17.40 17.35 17.36 17.43 17.46 18.35 19.19 19.51 19.60 19.64 19.70 19.65 18.80
16.46 16.50 16.53 16.48 16.48 16.53 16.54 16.60 16.61 16.60 16.61 16.57 16.53 16.47 16.33 16.07 15.88 15.64 15.60 15.69 15.94 16.32 16.48 16.48 16.43 16.55 16.65 16.70 16.50 16.32 16.24 16.12 15.67 16.09 16.16 15.88 15.54 15.78 15.92 15.90 15.76 15.80 15.94 15.77 16.69 17.59 17.95 17.92 17.09 16.56 16.67 17.22 16.76 16.70 17.19 17.43 17.19 17.22 17.28 16.95 17.13 17.17 17.50 18.43 19.34 20.00 19.88 19.94 19.95 20.00 19.73
16.38 16.44 16.49 16.42 16.46 16.51 16.55 16.59 16.57 16.56 16.56 16.56 16.51 16.54 16.48 16.37 16.14 15.90 15.86 15.83 16.14 16.41 16.55 16.56 16.57 16.70 16.87 16.98 16.99 16.88 16.84 16.32 16.01 16.15 16.16 16.15 15.80 16.04 15.97 16.11 16.06 16.43 16.26 16.30 16.39 17.69 17.94 18.14 17.83 17.59 17.66 17.84 16.88 17.32 17.32 17.49 17.11 17.12 17.06 17.11 17.26 18.06 18.55 18.90 19.59 20.13 20.17 20.09 20.13 20.16 20.14
16.28 16.29 16.33 16.35 16.40 16.45 16.50 16.56 16.56 16.51 16.43 16.48 16.49 16.36 16.16 16.33 16.10 16.30 16.33 16.40 16.50 16.49 16.61 16.65 16.74 16.77 16.91 17.01 17.07 17.10 17.16 16.94 16.38 16.21 16.20 16.12 15.70 15.94 16.22 16.17 16.37 16.64 16.73 16.65 16.29 17.42 18.26 18.45 18.80 18.51 18.51 18.22 17.61 17.66 18.32 18.15 17.98 17.67 17.52 17.72 17.70 18.23 18.30 18.54 19.39 19.84 20.36 20.28 20.28 20.32 20.40
16.10 16.14 16.19 16.28 16.34 16.43 16.48 16.52 16.51 16.39 16.34 16.33 16.34 16.26 16.10 16.05 16.32 16.38 16.39 16.48 16.51 16.53 16.63 16.73 16.80 16.88 17.02 17.05 17.05 17.09 17.11 17.17 16.88 16.63 16.52 16.46 15.59 16.10 16.21 16.56 16.50 16.65 16.81 17.11 16.79 17.76 18.36 18.52 18.80 19.37 19.40 19.67 18.92 18.90 19.46 19.72 19.30 18.34 18.44 18.20 18.44 18.81 19.15 19.55 20.19 20.42 20.48 20.47 20.39 20.46 20.51
15.96 15.67 15.87 16.16 16.21 16.20 16.25 16.18 16.29 16.25 16.25 16.24 16.08 16.13 16.29 16.31 16.34 16.32 16.35 16.47 16.50 16.51 16.57 16.74 16.87 16.95 17.07 17.10 17.14 17.11 17.13 17.11 17.08 16.79 16.69 16.66 16.00 15.68 16.42 16.83 16.82 16.77 16.90 17.07 17.38 17.40 18.41 18.71 18.85 19.10 19.34 19.53 19.67 19.76 19.70 20.02 19.98 18.84 19.28 19.18 18.84 19.35 19.71 20.00 20.38 20.57 20.52 20.54 20.46 20.50 20.66
15.94 15.53 15.65 16.03 16.07 16.12 16.21 16.12 16.03 16.17 16.22 16.27 15.97 16.07 16.27 16.20 16.30 16.32 16.40 16.45 16.46 16.50 16.64 16.73 16.88 16.95 17.03 17.14 16.84 16.99 17.11 17.10 17.13 17.06 16.92 16.88 16.78 15.45 15.70 16.72 17.00 17.01 17.02 17.38 17.61 17.79 18.04 18.46 18.89 19.06 19.21 19.35 19.54 19.77 19.90 20.07 20.08 19.04 20.70 20.39 19.83 19.11 19.79 20.52 20.55 20.63 20.57 20.61 20.57 20.60 20.73
15.97 15.94 16.00 16.11 16.17 16.22 16.23 16.05 16.10 16.27 16.34 16.34 16.33 16.23 16.29 16.28 16.30 16.34 16.37 16.39 16.44 16.51 16.61 16.68 16.86 16.98 17.12 17.16 17.10 17.21 17.16 17.10 17.13 17.09 17.04 16.95 16.85 16.52 15.56 15.75 16.59 16.97 17.42 17.54 17.67 17.83 17.99 18.27 18.88 19.14 19.20 19.33 19.58 19.79 19.93 20.07 20.15 20.11 20.38 21.10 20.67 19.97 19.41 20.60 20.67 20.67 20.63 20.64 20.65 20.73 20.87
15.98 16.01 16.04 16.15 16.16 16.22 16.20 16.20 16.02 16.31 16.35 16.34 16.32 16.30 16.27 16.28 16.32 16.33 16.31 16.13 16.40 16.56 16.62 16.72 16.86 16.96 17.10 17.20 17.31 17.45 17.42 17.29 17.28 17.21 17.09 16.98 16.89 16.26 15.17 14.94 15.67 16.33 17.41 17.68 17.81 17.93 18.05 18.15 18.32 18.64 19.24 19.45 19.61 19.85 19.98 20.15 20.25 20.35 20.36 21.30 21.33 20.86 19.52 20.41 20.64 20.67 20.60 20.55 20.32 19.94 21.03
15.67 15.69 16.01 16.13 16.22 16.22 16.22 16.24 16.29 16.24 16.30 16.33 16.32 16.31 16.30 16.30 16.29 16.29 16.28 16.11 16.33 16.47 16.59 16.72 16.86 16.94 17.11 17.21 17.46 17.58 17.60 17.49 17.45 17.39 17.37 17.16 16.53 15.33 14.88 14.87 15.15 15.79 16.45 17.38 17.95 18.05 18.15 18.21 18.34 18.51 18.64 19.19 19.63 19.93 20.18 20.29 20.45 20.61 20.98 21.25 21.33 21.37 20.50 19.67 19.68 19.58 19.52 19.15 18.91 19.71 20.82
15.54 15.65 16.03 16.16 16.18 16.20 16.24 16.26 16.27 16.30 16.27 16.29 16.30 16.30 16.28 16.27 16.27 16.28 16.27 16.31 16.36 16.38 16.56 16.72 16.84 17.03 17.16 17.38 17.60 17.88 17.86 17.80 17.76 17.70 17.65 17.62 16.97 15.89 15.07 15.02 15.56 16.56 17.24 17.59 17.65 18.13 18.25 18.28 18.46 18.58 18.66 18.76 19.28 20.10 20.21 20.29 20.60 20.78 20.99 21.17 21.40 21.45 21.57 20.74 21.43 20.63 20.24 19.54 18.21 18.82 19.66
15.44 15.65 15.90 16.06 16.10 16.14 16.15 16.16 16.18 16.20 16.23 16.24 16.23 16.20 16.13 15.99 16.03 16.20 16.24 16.27 16.23 16.28 16.29 16.51 16.68 17.02 17.34 17.56 17.94 18.12 18.10 18.01 18.02 17.93 17.90 17.84 17.06 16.19 15.42 15.29 15.33 16.04 16.17 16.60 17.15 18.15 18.38 18.48 18.57 18.76 18.72 18.86 19.01 19.23 19.81 19.93 20.62 20.85 20.98 21.15 21.44 21.63 21.68 21.97 21.94 21.92 21.11 20.23 18.62 18.40 19.64
15.11 15.32 15.50 15.77 15.87 15.85 15.71 15.74 15.76 15.77 16.01 16.20 15.99 15.62 15.46 15.39 15.52 15.76 15.93 15.89 15.79 15.83 15.77 16.11 16.89 17.38 17.74 18.18 18.32 18.39 18.39 18.43 18.35 18.24 18.15 18.17 18.03 16.67 15.71 15.70 15.73 15.80 15.98 16.04 16.79 17.74 17.88 18.28 18.13 17.96 18.74 19.08 19.16 19.27 19.50 19.71 19.95 20.57 20.74 21.16 21.50 21.65 21.76 21.97 22.12 22.11 22.04 20.97 19.42 18.78 19.12
14.61 14.75 15.02 15.20 15.31 15.21 15.18 15.19 15.28 15.47 15.58 15.72 15.60 15.13 15.09 15.07 15.07 15.15 15.29 15.21 15.22 15.22 15.40 16.03 16.47 17.52 18.33 18.61 18.75 18.73 18.66 18.66 18.70 18.56 18.44 18.40 18.46 17.06 16.47 16.22 16.30 16.31 16.36 16.41 16.58 16.68 16.82 17.28 17.07 17.13 18.16 18.58 19.68 19.60 19.76 19.92 20.06 20.25 20.35 20.55 21.10 21.72 21.89 22.04 22.17 22.25 22.32 21.69 20.02 19.27 19.49
