maui/input/air_temperature_monthly/tmaxoct_250m_maui.asc
ncols        356
nrows        236
xllcorner    -156.702000000000
yllcorner    20.529750000000
cellsize     0.002250000000
NODATA_value  -99.00
[rows 160 to 191 of 236, columns 142 to 212 of 356]
25.93 25.80 25.61 25.48 25.28 25.04 24.87 24.70 24.55 24.36 24.17 24.03 23.90 23.72 23.45 23.09 22.74 22.30 21.96 21.69 21.36 21.01 20.68 20.37 20.01 19.73 19.45 19.18 18.98 18.64 18.20 17.78 17.36 17.08 16.79 16.58 16.39 16.18 16.03 15.75 15.54 15.39 15.11 14.80 14.62 14.49 14.35 14.21 14.27 14.21 14.32 14.32 14.39 14.41 14.49 14.48 14.48 14.43 14.40 14.34 14.27 14.23 14.23 14.27 14.30 14.30 14.30 14.30 14.31 14.30 14.38
25.81 25.66 25.51 25.34 25.14 24.91 24.74 24.62 24.43 24.22 24.05 23.91 23.68 23.48 23.23 22.81 22.42 22.07 21.68 21.36 21.05 20.79 20.48 20.16 19.85 19.52 19.18 18.94 18.71 18.50 18.09 17.63 17.19 16.86 16.66 16.48 16.26 15.98 15.74 15.46 15.32 15.08 14.81 14.57 14.42 14.42 14.34 14.33 14.35 14.47 14.60 14.61 14.64 14.65 14.67 14.67 14.70 14.66 14.59 14.53 14.53 14.50 14.45 14.51 14.51 14.62 14.66 14.70 14.69 14.74 14.80
25.63 25.51 25.32 25.14 24.92 24.73 24.60 24.48 24.35 24.17 23.88 23.70 23.46 23.27 22.96 22.61 22.24 21.80 21.46 21.06 20.76 20.53 20.29 19.94 19.61 19.28 18.98 18.75 18.57 18.26 17.96 17.65 17.18 16.80 16.60 16.40 16.18 15.92 15.58 15.34 15.11 14.93 14.75 14.65 14.61 14.75 14.64 14.67 14.72 14.78 14.81 14.83 14.88 14.89 14.89 14.84 14.92 14.87 14.80 14.78 14.77 14.80 14.77 14.82 14.87 14.99 15.05 15.05 15.07 15.14 15.24
25.58 25.41 25.24 25.00 24.81 24.59 24.49 24.38 24.17 24.02 23.78 23.58 23.28 22.99 22.67 22.30 22.01 21.58 21.19 20.85 20.51 20.20 20.02 19.70 19.43 19.10 18.80 18.55 18.34 18.06 17.75 17.44 17.14 16.76 16.55 16.37 16.09 15.80 15.48 15.21 15.03 14.87 14.92 14.96 15.02 15.02 15.05 15.05 15.03 15.04 15.02 15.04 15.11 15.15 15.15 15.07 15.22 15.13 15.06 15.02 15.03 15.12 15.16 15.12 15.30 15.39 15.48 15.43 15.39 15.59 15.66
25.45 25.28 25.12 24.94 24.75 24.60 24.42 24.28 24.04 23.84 23.66 23.44 23.12 22.80 22.49 22.08 21.72 21.32 20.94 20.64 20.35 20.05 19.74 19.52 19.26 18.95 18.65 18.39 18.16 17.90 17.54 17.31 17.00 16.64 16.36 16.09 15.82 15.50 15.10 14.86 14.93 15.04 15.27 15.40 15.40 15.39 15.45 15.40 15.32 15.31 15.28 15.31 15.37 15.44 15.45 15.43 15.55 15.48 15.37 15.31 15.32 15.50 15.50 15.50 15.72 15.80 15.87 15.85 15.88 16.00 16.03
25.38 25.17 24.98 24.88 24.72 24.49 24.34 24.16 23.92 23.72 23.46 23.30 22.97 22.58 22.28 21.95 21.57 21.13 20.75 20.39 20.16 19.85 19.55 19.33 19.11 18.77 18.55 18.26 17.99 17.73 17.41 17.06 16.77 16.46 16.10 15.84 15.63 15.29 15.04 15.12 15.22 15.38 15.48 15.70 15.78 15.77 15.80 15.69 15.60 15.54 15.55 15.59 15.63 15.70 15.71 15.78 15.82 15.79 15.76 15.68 15.72 15.82 15.95 16.09 16.10 16.26 16.32 16.25 16.34 16.38 16.49
25.22 25.03 24.83 24.70 24.55 24.37 24.18 23.97 23.79 23.64 23.38 23.12 22.82 22.49 22.16 21.77 21.43 21.04 20.56 20.19 19.87 19.70 19.36 19.09 18.92 18.69 18.40 18.02 17.66 17.33 16.96 16.67 16.53 16.27 15.96 15.73 15.62 15.51 15.45 15.54 15.70 15.70 15.75 15.89 15.99 16.07 16.04 15.92 15.90 15.84 15.85 15.89 15.92 15.93 15.99 16.06 16.11 16.07 16.13 16.07 16.11 16.22 16.34 16.57 16.44 16.69 16.90 16.78 16.87 16.95 17.09
25.09 24.83 24.65 24.49 24.40 24.20 24.06 23.80 23.58 23.37 23.22 23.01 22.71 22.37 22.02 21.60 21.25 20.86 20.39 19.98 19.63 19.39 19.15 18.87 18.61 18.43 18.10 17.68 17.30 16.95 16.69 16.41 16.34 16.14 15.81 15.68 15.72 15.80 15.93 15.87 15.87 15.93 15.97 16.11 16.18 16.24 16.24 16.14 16.13 16.11 16.11 16.19 16.20 16.24 16.31 16.36 16.43 16.40 16.49 16.51 16.43 16.72 16.95 17.00 17.09 17.32 17.51 17.50 17.58 17.60 17.76
24.91 24.69 24.50 24.36 24.17 24.01 23.80 23.59 23.42 23.14 22.91 22.70 22.42 22.13 21.86 21.49 21.12 20.67 20.25 19.85 19.47 19.21 18.87 18.67 18.34 18.00 17.60 17.15 16.74 16.61 16.50 16.32 15.99 15.95 16.06 16.07 16.13 16.32 16.16 16.08 16.12 16.11 16.21 16.31 16.40 16.41 16.44 16.35 16.36 16.36 16.41 16.46 16.51 16.53 16.60 16.69 16.78 16.72 16.78 16.96 17.12 17.20 17.58 17.63 17.78 17.86 18.07 18.08 18.29 18.19 18.53
24.80 24.57 24.41 24.22 24.01 23.80 23.64 23.37 23.18 22.99 22.65 22.36 22.14 21.84 21.49 21.18 20.84 20.51 20.16 19.81 19.37 19.02 18.61 18.34 17.91 17.49 17.04 16.76 16.51 16.39 16.39 16.27 16.15 16.17 16.30 16.45 16.54 16.48 16.42 16.32 16.33 16.32 16.40 16.55 16.60 16.64 16.61 16.62 16.61 16.62 16.66 16.72 16.84 16.92 17.00 17.15 17.21 17.31 17.35 17.51 17.76 17.82 17.94 18.13 18.30 18.41 18.63 18.61 18.85 18.81 19.13
24.63 24.49 24.36 24.12 23.94 23.66 23.39 23.17 22.97 22.74 22.43 22.15 21.87 21.58 21.23 20.84 20.51 20.11 19.86 19.59 19.19 18.77 18.41 18.23 17.81 17.21 16.79 16.65 16.65 16.65 16.51 16.48 16.49 16.55 16.62 16.72 16.70 16.62 16.60 16.51 16.60 16.61 16.64 16.73 16.84 16.90 16.89 16.83 16.71 16.99 17.10 17.16 17.25 17.31 17.42 17.56 17.70 17.81 17.94 18.11 18.37 18.46 18.52 18.86 18.76 19.01 19.07 19.35 19.29 19.40 19.63
24.57 24.43 24.23 23.98 23.83 23.55 23.22 22.99 22.74 22.53 22.24 21.94 21.64 21.30 20.94 20.60 20.27 19.78 19.43 19.05 18.59 18.23 17.98 17.66 17.30 17.47 17.10 16.89 16.79 16.74 16.73 16.66 16.62 16.84 17.04 17.12 16.99 16.92 16.89 16.82 16.88 16.97 16.98 17.11 17.23 17.20 17.25 17.11 17.06 17.36 17.63 17.60 17.72 17.86 17.97 18.06 18.21 18.38 18.52 18.75 18.78 19.04 19.05 19.26 19.32 19.48 19.48 19.66 19.78 19.95 20.05
24.48 24.32 24.08 23.88 23.73 23.47 23.17 22.87 22.63 22.33 22.06 21.74 21.44 21.25 20.80 20.37 19.90 19.41 19.15 18.65 18.21 17.96 17.93 17.79 17.53 17.77 17.84 17.51 17.04 17.03 17.05 17.12 17.17 17.39 17.44 17.56 17.47 17.45 17.45 17.31 17.24 17.36 17.37 17.51 17.61 17.62 17.68 17.65 17.66 17.91 18.00 18.05 18.21 18.34 18.47 18.63 18.70 18.87 19.02 19.24 19.34 19.47 19.63 19.69 19.88 19.95 20.04 20.25 20.52 20.48 20.64
24.49 24.29 23.99 23.84 23.64 23.41 23.18 22.94 22.62 22.33 21.98 21.59 21.27 20.96 20.77 20.32 19.92 19.63 19.28 18.80 18.32 18.16 18.10 18.00 17.97 18.16 18.08 17.85 17.52 17.40 17.47 17.61 17.69 17.85 17.94 17.97 17.90 17.96 17.91 17.83 17.71 17.83 17.78 17.93 18.05 18.04 18.15 18.24 18.18 18.42 18.60 18.62 18.70 18.88 19.02 19.05 19.13 19.35 19.61 19.65 19.92 20.04 20.13 20.22 20.44 20.41 20.62 20.73 21.06 21.03 21.24
24.50 24.18 23.90 23.70 23.46 23.29 23.17 22.98 22.69 22.37 21.87 21.52 21.15 20.91 20.68 20.45 20.04 19.79 19.13 18.86 18.75 18.85 18.68 18.51 18.33 18.32 18.31 18.17 17.94 17.92 17.96 18.02 18.19 18.34 18.35 18.40 18.33 18.33 18.34 18.25 18.22 18.26 18.23 18.40 18.47 18.53 18.67 18.78 18.76 18.91 19.08 19.12 19.26 19.42 19.59 19.70 19.70 19.84 19.99 20.17 20.32 20.42 20.61 20.66 20.79 20.91 21.07 21.33 21.47 21.49 21.68
24.46 24.15 23.88 23.60 23.37 23.23 23.07 22.93 22.72 22.42 22.00 21.32 20.97 20.79 20.42 20.10 19.78 19.50 19.36 19.07 19.27 19.22 19.02 18.82 18.67 18.62 18.63 18.51 18.40 18.39 18.39 18.45 18.63 18.71 18.80 18.83 18.77 18.87 18.76 18.65 18.60 18.73 18.73 18.87 18.96 19.00 19.16 19.25 19.24 19.43 19.66 19.77 19.88 20.03 20.13 20.25 20.31 20.43 20.55 20.88 20.76 20.94 21.17 21.07 21.27 21.46 21.58 21.70 21.96 21.92 22.19
24.37 24.11 23.84 23.61 23.30 23.16 22.99 22.82 22.60 22.28 21.91 21.46 21.01 20.69 20.32 19.89 19.69 19.79 19.55 19.67 19.61 19.50 19.29 19.13 19.07 19.03 19.02 18.89 18.81 18.73 18.77 18.84 18.98 19.13 19.21 19.33 19.29 19.31 19.21 19.09 19.03 19.12 19.15 19.28 19.46 19.62 19.73 19.80 19.88 19.97 20.16 20.33 20.45 20.52 20.66 20.83 20.80 20.92 21.01 21.20 21.29 21.51 21.49 21.47 21.65 21.99 22.03 22.23 22.49 22.44 22.70
24.40 24.11 23.85 23.56 23.28 23.09 22.95 22.71 22.49 22.14 21.80 21.25 20.58 20.01 20.25 19.91 19.91 20.04 20.07 20.03 19.93 19.80 19.58 19.49 19.48 19.41 19.46 19.41 19.28 19.16 19.17 19.25 19.32 19.47 19.56 19.71 19.70 19.72 19.66 19.58 19.59 19.65 19.70 19.85 19.97 20.16 20.23 20.36 20.50 20.53 20.76 20.83 20.95 21.10 21.14 21.30 21.32 21.45 21.48 21.64 21.90 21.91 22.07 22.12 22.18 22.34 22.59 22.78 22.88 23.02 23.16
24.38 24.16 23.83 23.49 23.20 22.96 22.81 22.66 22.45 22.04 21.60 21.13 20.39 20.45 20.66 20.27 20.41 20.46 20.45 20.35 20.23 20.10 19.95 19.91 19.86 19.82 19.86 19.77 19.65 19.59 19.55 19.64 19.71 19.90 20.06 20.16 20.18 20.23 20.21 20.29 20.19 20.25 20.34 20.41 20.55 20.72 20.82 21.00 21.14 21.16 21.28 21.31 21.41 21.55 21.56 21.78 21.83 21.91 21.99 22.19 22.44 22.38 22.49 22.54 22.74 22.80 23.01 23.11 23.23 23.58 23.55
24.33 24.12 23.85 23.59 23.04 22.91 22.70 22.47 21.84 21.58 21.40 21.26 20.83 20.88 20.86 20.77 20.68 20.79 20.73 20.61 20.50 20.41 20.34 20.26 20.16 20.17 20.20 20.15 19.99 19.98 19.98 20.03 20.10 20.24 20.51 20.56 20.63 20.69 20.73 20.86 20.84 20.84 20.95 20.93 21.04 21.22 21.37 21.49 21.59 21.76 21.84 21.82 22.02 22.02 22.02 22.18 22.34 22.37 22.39 22.37 22.70 22.82 22.91 22.99 23.15 23.33 23.40 23.53 23.65 23.89 24.07
24.22 23.97 23.68 23.45 22.84 22.76 22.59 22.23 21.98 21.67 21.56 21.44 21.31 21.13 21.05 20.99 21.00 21.02 21.04 20.95 20.87 20.74 20.67 20.56 20.55 20.49 20.50 20.51 20.32 20.36 20.34 20.44 20.52 20.67 20.79 20.95 21.02 21.15 21.18 21.29 21.32 21.22 21.41 21.48 21.59 21.75 21.86 22.01 22.09 22.24 22.33 22.26 22.38 22.45 22.51 22.61 22.74 22.79 22.65 22.57 23.02 23.43 23.30 23.42 23.52 23.75 23.80 23.91 24.15 24.29 24.80
24.14 23.80 23.40 23.10 22.54 22.41 22.45 21.97 21.94 21.75 21.63 21.71 21.63 21.41 21.28 21.28 21.28 21.27 21.25 21.25 21.15 21.08 20.97 20.92 20.89 20.76 20.80 20.83 20.78 20.73 20.74 20.90 20.97 21.07 21.16 21.40 21.43 21.49 21.64 21.73 21.75 21.77 21.94 21.88 22.04 22.26 22.34 22.47 22.59 22.71 22.72 22.76 22.78 22.79 23.03 23.05 23.19 23.18 22.99 23.13 23.41 23.57 23.73 23.77 23.84 24.04 24.25 24.32 24.56 24.61 24.87
24.17 23.72 23.25 22.93 22.66 22.57 22.29 22.15 21.93 21.69 21.84 21.92 21.82 21.65 21.52 21.50 21.50 21.49 21.45 21.51 21.46 21.33 21.31 21.25 21.25 21.14 21.18 21.14 21.12 21.09 21.17 21.27 21.37 21.53 21.59 21.77 21.86 21.89 21.97 22.02 22.09 22.12 22.26 22.29 22.44 22.60 22.71 22.83 22.99 23.17 23.22 23.23 23.19 23.26 23.35 23.42 23.53 23.63 23.53 23.54 23.79 23.88 24.02 24.25 24.39 24.39 24.62 24.79 25.10 25.34 25.27
24.39 24.05 23.45 23.16 23.05 22.81 22.45 22.25 22.19 22.49 22.30 22.19 22.09 21.93 21.77 21.78 21.61 21.79 21.75 21.79 21.76 21.74 21.70 21.67 21.60 21.49 21.54 21.46 21.51 21.48 21.64 21.74 21.78 21.93 22.00 22.19 22.26 22.33 22.35 22.37 22.42 22.48 22.65 22.78 22.90 23.00 23.07 23.17 23.37 23.54 23.67 23.65 23.61 23.72 23.87 23.84 24.06 24.02 23.92 24.02 24.09 24.24 24.40 24.51 24.60 24.71 24.97 25.16 25.31 25.50 25.70
24.38 23.90 23.68 23.53 23.36 23.20 22.96 22.87 22.84 22.68 22.51 22.40 22.41 22.33 22.12 22.17 22.21 22.27 22.16 22.23 22.14 22.13 22.14 22.12 21.98 21.90 21.90 21.84 22.01 22.00 22.10 22.20 22.26 22.40 22.48 22.56 22.68 22.73 22.71 22.77 22.80 22.97 23.02 23.16 23.22 23.38 23.52 23.53 23.67 23.89 23.95 24.01 23.97 24.06 24.23 24.25 24.29 24.40 24.45 24.48 24.54 24.61 24.74 24.80 24.93 25.06 25.28 25.46 25.70 25.80 26.09
24.62 24.29 24.00 23.88 23.72 23.46 23.36 23.15 23.03 22.94 22.77 22.67 22.63 22.62 22.52 22.54 22.65 22.79 22.73 22.71 22.59 22.52 22.52 22.47 22.39 22.39 22.41 22.38 22.47 22.50 22.56 22.70 22.80 22.90 22.94 23.00 23.08 23.07 23.03 22.95 23.00 23.27 23.55 23.58 23.56 23.67 23.86 23.89 23.95 24.13 24.28 24.47 24.40 24.44 24.56 24.62 24.76 24.91 24.82 24.84 24.91 24.98 25.10 25.20 25.49 25.57 25.57 25.86 26.09 26.14 26.43
24.70 24.01 23.95 23.89 23.87 23.69 23.53 23.39 23.36 23.19 23.01 22.94 22.88 22.87 22.86 22.89 22.90 23.05 23.08 23.09 23.10 23.00 23.00 22.91 22.79 22.87 22.87 22.90 22.99 23.02 23.04 23.19 23.30 23.38 23.42 23.47 23.47 23.41 23.38 23.34 23.41 23.67 23.83 23.97 23.90 24.06 24.14 24.24 24.26 24.47 24.58 24.68 24.75 24.84 24.88 25.19 25.01 25.13 25.21 25.21 25.23 25.30 25.43 25.50 25.58 25.89 25.86 26.09 26.36 26.59 26.71
24.76 24.22 24.02 24.03 24.02 23.65 23.44 23.71 23.64 23.49 23.33 23.18 23.16 23.11 23.18 23.18 23.26 23.31 23.45 23.49 23.42 23.38 23.40 23.34 23.31 23.31 23.35 23.39 23.46 23.53 23.54 23.66 23.79 23.92 23.86 23.84 23.81 23.75 23.75 23.75 23.80 24.01 24.14 24.25 24.28 24.38 24.45 24.52 24.63 24.82 24.98 25.05 25.16 25.25 25.35 25.55 25.46 25.59 25.53 25.50 25.58 25.64 25.70 25.76 26.02 26.03 26.49 26.39 26.59 26.89 27.04
24.79 24.64 24.43 24.30 24.19 24.09 24.09 24.04 23.93 23.78 23.60 23.51 23.49 23.36 23.46 23.48 23.49 23.54 23.70 23.77 23.73 23.73 23.70 23.74 23.75 23.72 23.79 23.84 23.91 23.96 24.04 24.23 24.23 24.15 24.12 24.10 24.09 24.06 24.07 24.17 24.27 24.43 24.47 24.57 24.63 24.69 24.76 24.82 24.93 25.06 25.30 25.42 25.48 25.55 25.80 25.70 25.78 25.82 25.83 25.90 25.90 26.00 26.00 26.14 26.35 26.39 26.73 27.10 26.96 27.13 27.35
24.89 24.97 24.87 24.69 24.56 24.36 24.46 24.34 24.23 24.08 23.98 23.82 23.78 23.73 23.89 23.91 23.82 23.92 24.00 24.08 24.04 24.01 24.09 24.13 24.14 24.14 24.17 24.29 24.32 24.41 24.44 24.52 24.45 24.42 24.37 24.38 24.38 24.41 24.43 24.53 24.62 24.69 24.80 24.90 24.92 24.98 25.04 25.16 25.27 25.38 25.53 25.66 25.72 25.87 26.18 26.11 26.18 26.33 26.17 26.16 26.27 26.33 26.35 26.49 26.62 26.78 26.86 27.08 27.70 27.48 27.56
25.24 25.21 25.11 24.98 24.76 24.77 24.72 24.61 24.53 24.43 24.25 24.23 24.19 24.19 24.22 24.32 24.15 24.29 24.31 24.37 24.39 24.37 24.44 24.45 24.49 24.48 24.61 24.67 24.63 24.67 24.77 24.79 24.70 24.69 24.64 24.69 24.69 24.74 24.73 24.81 24.92 24.97 25.05 25.18 25.28 25.35 25.33 25.38 25.51 25.67 25.71 25.90 25.98 26.10 26.44 26.62 26.58 26.65 26.58 26.51 26.62 26.78 26.72 26.89 27.00 27.13 27.17 27.40 28.30 27.99 27.92
25.55 25.44 25.27 25.30 25.12 25.03 24.97 24.95 24.89 24.72 24.70 24.60 24.55 24.52 24.55 24.49 24.51 24.52 24.61 24.64 24.65 24.71 24.68 24.72 24.76 24.78 24.86 24.93 24.93 24.93 25.07 25.09 24.96 24.97 24.90 24.96 24.97 25.03 25.01 25.03 25.16 25.30 25.32 25.41 25.53 25.62 25.65 25.74 25.81 25.93 25.98 26.12 26.25 26.40 26.58 26.67 26.81 26.82 26.95 26.89 26.99 27.03 27.13 27.26 27.28 27.45 27.48 27.70 27.91 28.56 28.19
