maui/input/air_temperature_monthly/tmaxmar_250m_maui.asc
ncols        356
nrows        236
xllcorner    -156.702000000000
yllcorner    20.529750000000
cellsize     0.002250000000
NODATA_value  -99.00
[rows 155 to 185 of 236, columns 213 to 283 of 356]
12.82 12.86 13.26 13.41 13.53 13.53 13.54 13.57 13.64 13.57 13.65 13.68 13.65 13.63 13.62 13.61 13.59 13.57 13.54 13.32 13.57 13.72 13.82 13.92 14.04 14.10 14.26 14.36 14.58 14.66 14.64 14.54 14.50 14.45 14.44 14.25 13.66 12.51 12.06 12.17 12.63 13.38 14.12 15.10 15.70 15.84 15.97 16.07 16.24 16.46 16.65 17.26 17.76 18.14 18.43 18.57 18.77 18.99 19.42 19.76 19.92 20.05 19.29 18.57 18.66 18.63 18.64 18.34 18.15 18.96 20.04
12.68 12.84 13.30 13.48 13.51 13.54 13.59 13.61 13.64 13.68 13.63 13.65 13.66 13.65 13.63 13.60 13.60 13.60 13.56 13.58 13.62 13.62 13.80 13.93 14.03 14.19 14.30 14.51 14.70 14.94 14.87 14.81 14.78 14.73 14.70 14.68 14.07 13.08 12.26 12.31 13.01 14.10 14.86 15.27 15.39 15.90 16.07 16.15 16.38 16.55 16.69 16.86 17.44 18.31 18.48 18.60 18.96 19.19 19.46 19.70 20.01 20.14 20.34 19.62 20.39 19.68 19.36 18.75 17.49 18.11 18.93
12.60 12.87 13.18 13.38 13.44 13.50 13.51 13.52 13.54 13.57 13.61 13.62 13.60 13.55 13.47 13.29 13.33 13.52 13.54 13.55 13.48 13.51 13.50 13.71 13.87 14.19 14.50 14.70 15.04 15.16 15.10 15.00 15.01 14.94 14.92 14.89 14.15 13.35 12.62 12.57 12.75 13.56 13.78 14.29 14.89 15.91 16.17 16.32 16.47 16.73 16.75 16.96 17.19 17.48 18.11 18.28 19.00 19.27 19.45 19.68 20.05 20.31 20.43 20.80 20.88 20.95 20.24 19.45 17.91 17.72 18.91
12.23 12.50 12.73 13.06 13.19 13.17 13.01 13.05 13.06 13.07 13.36 13.58 13.33 12.88 12.68 12.59 12.74 13.00 13.19 13.10 12.95 12.97 12.88 13.25 14.08 14.55 14.91 15.33 15.42 15.43 15.38 15.41 15.33 15.23 15.16 15.21 15.10 13.80 12.91 12.97 13.09 13.26 13.54 13.69 14.50 15.47 15.66 16.11 16.03 15.93 16.77 17.16 17.32 17.50 17.80 18.07 18.35 19.01 19.22 19.68 20.07 20.29 20.49 20.78 21.02 21.11 21.13 20.15 18.68 18.08 18.39
11.66 11.84 12.18 12.40 12.54 12.42 12.39 12.40 12.51 12.73 12.86 13.03 12.88 12.31 12.25 12.22 12.21 12.28 12.43 12.29 12.27 12.24 12.43 13.16 13.67 14.70 15.49 15.75 15.85 15.77 15.66 15.64 15.68 15.54 15.44 15.42 15.51 14.17 13.64 13.45 13.61 13.71 13.85 13.99 14.25 14.40 14.59 15.10 14.97 15.10 16.18 16.66 17.80 17.80 18.02 18.25 18.45 18.68 18.83 19.06 19.66 20.33 20.57 20.80 21.02 21.19 21.35 20.79 19.21 18.49 18.69
11.54 11.70 11.84 11.89 11.92 12.11 12.40 12.75 12.95 13.13 13.11 13.44 13.00 12.90 12.81 12.79 12.74 12.84 12.90 12.61 12.52 12.51 12.53 13.28 13.98 14.50 15.52 15.99 16.08 16.08 16.05 15.97 15.99 15.90 15.83 15.85 16.07 15.72 14.26 13.88 14.13 14.23 14.32 14.39 14.51 14.70 14.83 15.03 15.29 15.37 15.41 15.93 16.74 18.32 18.26 18.45 18.68 18.89 19.14 19.24 19.46 19.58 20.03 20.81 21.00 21.22 21.45 21.16 19.60 18.78 18.92
12.01 12.13 12.26 12.31 12.40 12.53 12.84 13.12 13.34 13.51 13.63 14.01 13.56 13.46 13.47 13.40 13.35 13.56 13.52 13.24 13.10 13.13 13.28 13.18 13.22 14.12 14.90 16.26 16.29 16.39 16.34 16.33 16.37 16.36 16.19 16.29 16.43 16.37 14.95 14.41 14.59 14.68 14.79 14.90 15.03 15.12 15.30 15.51 15.68 15.75 15.79 15.90 16.16 17.62 18.65 18.66 18.86 19.11 19.42 19.55 19.76 19.87 19.91 19.92 20.50 21.60 21.63 21.29 19.86 19.07 19.24
12.53 12.59 12.70 12.79 12.94 13.13 13.25 13.55 13.76 13.88 14.15 14.67 14.27 14.07 14.12 14.03 13.95 14.30 14.02 13.95 13.92 14.00 14.18 13.85 13.80 13.85 14.60 15.86 16.61 16.63 16.62 16.64 16.70 16.66 16.72 16.71 16.80 16.87 15.66 14.87 15.11 15.17 15.30 15.40 15.56 15.70 15.80 15.92 15.92 16.01 16.09 16.21 16.35 16.73 17.98 18.65 19.41 19.36 19.66 19.87 20.06 20.12 20.12 20.12 21.13 21.84 21.99 21.55 20.40 19.47 19.60
13.03 13.19 13.23 13.30 13.51 13.65 13.79 14.00 14.32 14.38 14.75 15.12 14.99 14.83 14.82 14.75 14.76 14.91 14.72 14.61 14.68 14.95 15.01 14.78 14.63 14.44 14.37 15.38 16.68 16.93 16.98 16.96 17.03 17.06 17.05 17.02 17.10 17.09 16.24 15.31 15.56 15.66 15.68 15.94 16.12 16.20 16.28 16.29 16.13 16.26 16.43 16.52 16.73 16.89 17.01 17.56 18.82 19.68 19.91 20.14 20.22 20.36 20.34 20.36 21.05 22.00 22.05 22.11 20.88 19.77 19.90
13.64 13.72 13.75 13.91 13.98 14.20 14.48 14.69 14.92 15.11 15.30 15.48 15.61 15.54 15.52 15.47 15.50 15.46 15.65 15.37 15.54 15.61 15.61 15.90 15.43 15.18 15.02 15.03 16.06 17.20 17.26 17.29 17.31 17.38 17.34 17.31 17.43 17.41 16.46 15.92 15.90 16.21 16.26 16.40 16.63 16.68 16.77 16.71 16.50 16.57 16.68 16.86 17.03 17.25 17.37 17.43 18.12 18.57 19.78 20.49 20.58 20.63 20.58 20.59 20.67 21.97 22.16 22.28 21.49 20.24 20.20
14.31 14.46 14.37 14.72 14.70 15.04 15.17 15.47 15.55 15.82 15.92 16.05 16.10 16.27 16.25 16.20 16.23 16.13 16.36 16.10 16.36 16.41 16.44 16.74 16.10 16.02 15.87 15.66 15.74 16.70 17.48 17.57 17.66 17.76 17.71 17.71 17.74 17.71 17.19 16.51 16.49 16.65 16.75 16.89 17.06 17.10 17.19 17.14 17.00 17.02 17.16 17.22 17.46 17.58 17.89 17.86 18.01 18.18 18.82 20.01 20.80 20.91 20.89 20.88 21.02 22.06 22.32 22.43 22.17 21.10 20.62
14.89 15.23 15.22 15.34 15.38 15.57 15.80 16.54 16.23 16.81 16.55 16.56 16.64 16.85 16.83 16.77 17.01 16.84 16.79 16.76 17.48 17.28 17.53 17.67 16.78 16.80 16.61 16.45 16.36 16.40 17.49 17.93 18.02 18.05 18.05 18.03 18.11 18.22 18.03 16.95 17.05 17.14 17.19 17.46 17.49 17.62 17.70 17.56 17.50 17.50 17.59 17.75 17.81 18.10 18.24 18.36 18.50 18.58 18.67 19.61 20.78 21.09 21.08 21.21 21.30 21.87 22.47 22.51 22.71 21.90 21.05
15.54 15.71 15.85 16.08 16.06 16.24 16.54 16.92 17.02 17.26 17.25 17.25 17.25 17.41 17.38 17.46 17.62 17.48 17.56 17.53 17.83 18.13 18.23 18.12 17.51 17.48 17.40 17.14 17.05 17.17 17.30 18.22 18.37 18.41 18.51 18.41 18.49 18.54 18.56 17.53 17.59 17.69 17.77 17.95 17.96 18.68 19.07 18.96 17.88 18.01 18.13 18.26 18.41 18.57 18.71 18.93 18.92 19.00 19.12 19.40 20.55 21.20 21.21 21.34 21.49 21.53 22.43 22.67 22.75 22.70 21.56
16.21 16.29 16.62 16.77 16.74 17.04 17.21 17.31 17.83 17.77 17.82 17.93 18.10 17.94 18.24 18.05 18.65 18.14 18.48 18.33 18.37 19.53 18.70 18.74 18.16 18.05 18.04 17.80 17.82 17.85 17.82 18.50 18.71 18.79 18.84 18.83 18.87 18.88 18.83 18.02 18.09 18.18 18.28 18.45 19.15 20.03 21.28 20.45 18.81 18.38 18.63 18.75 19.03 19.25 19.24 19.67 19.40 19.43 19.60 19.73 20.00 20.93 22.17 21.54 21.69 21.81 22.29 22.72 22.90 23.05 22.47
16.87 16.89 17.18 17.39 17.38 17.63 18.12 18.08 18.32 18.39 18.56 18.49 18.61 19.06 18.91 18.78 19.45 18.79 19.08 19.06 19.10 19.68 19.53 19.68 18.82 18.69 18.67 18.47 18.38 18.53 18.44 18.36 19.05 19.10 19.10 19.28 19.25 19.23 19.09 18.72 18.64 18.67 18.73 18.88 20.30 21.32 21.43 19.96 18.72 18.87 19.01 19.24 19.43 19.71 19.95 20.19 19.93 19.95 20.09 20.19 20.41 20.74 21.68 22.15 21.86 22.01 22.20 23.02 23.11 23.20 23.18
17.46 17.50 17.68 18.06 18.07 18.27 18.59 18.78 18.76 19.07 19.64 19.34 19.13 19.73 19.76 19.56 20.21 19.44 20.06 19.69 19.86 20.24 20.79 21.02 19.38 19.28 19.39 19.02 18.92 19.32 18.96 18.99 19.55 19.54 19.48 19.49 19.50 19.46 19.31 19.13 19.12 19.21 19.15 19.62 21.02 22.60 21.26 19.98 19.18 19.36 19.57 19.72 19.90 20.17 20.42 20.60 20.43 20.45 20.58 20.68 20.82 21.15 21.39 23.47 22.42 22.21 22.25 22.57 23.31 23.49 23.55
18.00 18.07 18.25 18.70 18.68 18.86 19.29 19.79 19.41 19.59 21.07 20.70 19.66 20.63 20.17 20.07 20.52 20.12 20.25 20.27 21.06 21.01 21.88 20.87 19.92 19.84 20.14 19.64 19.63 20.04 19.71 19.72 20.01 19.91 19.86 19.81 19.77 19.73 19.61 19.62 19.71 20.08 20.16 20.21 22.07 22.54 21.29 19.86 19.61 19.84 20.04 20.17 20.46 20.44 20.75 20.94 20.85 20.91 21.00 21.12 21.24 21.52 21.92 22.49 23.59 22.55 22.19 22.37 23.21 23.62 23.65
18.79 18.79 18.98 19.17 19.46 19.55 19.76 20.42 20.07 20.19 21.15 20.75 20.29 21.00 20.40 20.64 21.06 20.89 20.67 20.88 21.65 22.00 21.70 20.55 20.55 20.50 20.42 20.23 20.34 20.59 20.37 20.67 20.32 20.27 20.20 20.17 20.07 20.01 20.07 20.08 20.62 21.14 20.39 20.92 22.49 22.35 20.98 20.11 20.09 20.24 20.42 20.58 20.73 20.89 21.03 21.26 21.30 21.41 21.39 21.72 21.69 21.86 22.10 22.49 23.38 23.41 22.81 22.79 23.02 23.71 23.78
19.07 19.46 19.46 19.67 20.24 20.14 20.34 20.70 21.07 20.69 21.10 21.98 21.01 21.68 21.18 21.57 21.66 21.29 21.36 21.71 22.10 22.84 21.81 21.35 21.09 21.20 20.92 20.84 20.85 21.19 21.24 20.92 20.69 20.59 20.58 20.46 20.41 20.41 20.62 20.57 20.68 21.85 20.99 22.38 23.57 21.86 20.62 20.60 20.51 20.63 20.74 20.97 21.15 21.39 21.42 21.45 21.91 21.91 21.86 22.08 22.24 22.38 22.59 22.68 23.08 24.06 23.38 23.10 23.39 23.52 23.90
19.52 19.86 20.20 20.25 20.68 20.71 20.91 21.46 22.13 21.37 21.31 21.85 22.05 22.14 21.94 22.06 21.98 21.85 21.99 21.85 22.04 23.03 22.42 22.11 21.95 21.91 21.44 21.47 21.51 21.54 21.69 21.30 20.98 20.99 20.83 20.83 20.80 21.00 21.16 21.06 21.30 21.86 21.50 22.94 23.21 21.79 21.06 21.06 21.00 21.09 21.22 21.34 21.54 21.85 21.88 21.98 22.11 22.41 22.35 22.53 22.65 22.86 22.84 22.98 23.61 23.48 23.99 23.53 23.71 23.90 24.00
20.03 20.19 20.85 20.79 21.21 21.22 21.59 21.67 22.16 22.04 21.99 22.14 22.49 22.38 22.41 22.40 22.45 22.33 22.57 22.32 22.63 23.07 22.94 22.55 22.18 22.04 21.93 22.04 22.17 22.13 21.98 21.58 21.47 21.30 21.19 21.23 21.31 21.43 21.47 21.52 22.05 21.83 22.25 22.78 23.77 22.13 21.46 21.54 21.50 21.54 21.65 21.75 21.91 22.03 22.14 22.36 22.37 23.13 22.74 22.99 23.14 23.00 23.45 23.35 23.62 23.92 23.96 24.11 24.26 24.17 24.35
20.48 20.75 20.95 21.99 21.56 21.94 21.86 22.23 22.17 22.78 22.55 22.59 22.83 23.28 22.89 22.90 22.84 22.81 22.91 22.79 22.80 23.11 23.92 22.73 22.66 22.54 22.40 22.61 22.82 22.53 22.27 22.09 21.90 21.79 21.75 21.81 21.92 21.98 21.99 22.12 22.60 22.18 22.94 23.27 24.21 22.75 21.92 21.98 21.90 21.95 22.03 22.15 22.26 22.42 22.69 22.97 22.74 22.87 23.31 23.17 23.48 23.51 23.65 23.91 23.87 24.74 24.20 24.55 24.76 24.46 24.68
20.90 21.02 21.30 21.48 22.30 22.18 22.35 22.77 22.61 23.23 23.07 23.07 23.12 23.58 23.22 23.30 23.25 23.27 23.24 23.15 23.11 23.27 24.08 23.18 23.39 23.02 22.85 23.00 23.10 22.86 22.66 22.46 22.37 22.26 22.29 22.30 22.33 22.40 22.48 22.64 23.07 23.04 23.27 23.96 23.82 22.57 22.43 22.37 22.34 22.33 22.41 22.55 22.62 22.70 23.08 23.03 23.20 23.10 23.86 23.87 24.05 24.41 24.13 24.39 24.44 24.79 24.63 24.75 24.83 24.93 24.94
21.28 21.42 21.67 21.94 22.15 22.94 23.35 22.79 23.46 23.22 23.36 23.41 23.45 23.45 24.02 24.00 23.64 23.56 23.78 23.57 23.55 23.57 23.81 23.74 23.50 23.37 23.32 23.44 23.38 23.19 23.04 22.86 22.74 22.69 22.63 22.74 22.80 22.84 22.99 23.12 23.81 23.60 23.78 24.55 24.01 22.91 22.97 22.81 22.79 22.81 22.84 22.88 23.01 23.04 23.30 23.38 23.65 23.58 23.86 23.84 24.55 24.30 24.71 25.05 24.63 24.91 25.40 25.03 25.06 25.20 25.29
21.70 21.85 21.96 22.25 22.51 22.74 23.82 23.29 23.37 23.63 23.61 23.68 23.75 23.74 23.94 23.99 24.27 23.97 24.05 23.98 23.93 24.20 24.02 23.95 23.85 23.80 23.76 23.75 23.66 23.55 23.43 23.18 23.17 23.15 23.06 23.18 23.27 23.40 23.45 23.55 24.15 24.21 24.25 23.78 25.01 23.32 23.40 23.32 23.23 23.24 23.31 23.28 23.30 23.41 23.49 23.84 23.77 24.51 24.01 24.66 24.22 25.56 24.90 24.88 25.50 25.16 25.57 25.34 25.34 25.42 25.56
22.16 22.21 22.32 22.52 22.80 23.09 23.83 23.65 23.76 24.08 23.89 23.97 24.00 24.01 24.14 24.45 24.50 24.33 24.49 24.28 24.30 24.38 24.26 24.62 24.20 24.09 24.12 24.05 23.92 23.86 23.71 23.61 23.52 23.52 23.55 23.60 23.66 23.77 23.88 23.93 24.42 24.48 24.43 24.32 25.09 23.79 23.82 23.80 23.73 23.66 23.72 23.87 23.68 23.90 23.84 24.06 24.03 24.47 24.54 24.51 24.83 24.82 25.85 25.65 25.74 25.75 25.75 25.62 25.60 25.54 25.65
22.76 22.63 22.82 22.95 23.12 23.51 23.74 24.66 24.03 24.18 24.18 24.28 24.31 24.26 24.43 24.57 24.58 24.60 24.80 24.61 24.61 24.71 24.59 24.83 24.49 24.44 24.34 24.26 24.14 24.04 24.03 23.96 23.93 23.93 23.91 23.91 23.98 24.16 24.25 24.31 24.58 24.59 24.46 25.25 24.40 24.25 24.19 24.21 24.25 24.11 24.15 24.30 24.11 24.15 24.45 24.26 24.50 24.56 25.60 24.82 25.13 25.13 25.91 25.60 25.58 25.99 25.92 25.86 25.86 25.86 25.79
23.22 23.00 23.09 23.30 23.43 23.65 23.90 24.27 24.47 24.50 24.46 24.50 24.51 24.52 24.63 24.76 24.92 25.18 25.12 24.99 24.91 24.85 24.87 24.99 24.80 24.67 24.56 24.49 24.31 24.25 24.30 24.27 24.20 24.19 24.12 24.21 24.27 24.48 24.50 24.54 24.70 24.73 24.61 25.24 24.72 24.68 24.55 24.63 24.69 24.59 24.61 24.76 24.60 24.58 25.13 24.87 24.78 24.90 25.07 25.68 25.54 25.54 25.80 26.29 26.30 26.28 26.07 26.05 26.09 26.07 26.04
23.28 23.38 23.66 23.78 23.78 23.92 24.22 24.41 25.41 24.81 24.71 24.74 24.80 24.81 24.85 24.98 25.43 25.54 25.28 25.23 25.18 25.16 25.19 25.03 24.92 24.83 24.81 24.73 24.64 24.51 24.54 24.53 24.49 24.43 24.42 24.48 24.54 24.65 24.65 24.77 24.83 24.91 24.96 25.00 25.33 25.12 24.94 25.11 25.08 25.00 25.08 25.25 25.06 25.02 25.25 25.75 25.13 25.18 25.34 25.46 26.18 26.33 -9999.00 -9999.00 -9999.00 -9999.00 26.34 26.21 26.22 26.20 26.24
23.69 23.97 23.96 24.35 24.24 24.27 24.42 24.80 24.98 25.16 24.99 25.05 25.07 25.09 25.11 25.22 25.26 25.40 25.70 25.48 25.42 25.36 25.20 25.18 25.07 25.02 25.01 24.93 24.86 24.73 24.72 24.78 24.78 24.83 24.76 24.72 24.73 24.79 24.92 24.97 25.02 25.10 25.20 25.32 25.77 25.30 25.47 25.52 25.43 25.43 25.58 25.62 25.41 25.38 25.86 25.97 25.51 25.56 25.70 25.85 26.27 -9999.00 -9999.00 -9999.00 -9999.00 -9999.00 -9999.00 -9999.00 -9999.00 -9999.00 -9999.00
23.97 24.19 24.25 24.55 24.74 24.63 24.74 24.94 25.15 25.80 25.29 25.26 25.29 25.33 25.39 25.57 25.54 25.57 25.65 25.79 25.64 25.61 25.41 25.27 25.23 25.17 25.08 25.05 25.04 25.04 25.04 25.00 24.93 25.03 25.06 24.95 24.96 24.99 25.09 25.18 25.32 25.38 25.41 25.50 25.86 25.62 25.91 25.86 25.79 25.82 25.87 26.03 25.72 25.69 26.13 25.99 25.83 26.01 26.32 -9999.00 -9999.00 -9999.00 -9999.00 -9999.00 -9999.00 -9999.00 -9999.00 -9999.00 -9999.00 -9999.00 -9999.00
