maui/input/air_temperature_monthly/tmaxoct_250m_maui.asc
ncols        356
nrows        236
xllcorner    -156.702000000000
yllcorner    20.529750000000
cellsize     0.002250000000
NODATA_value  -99.00
[rows 96 to 127 of 236, columns 142 to 212 of 356]
28.67 28.61 28.56 28.47 28.39 28.34 28.27 28.20 28.14 28.01 27.94 27.84 27.74 27.63 27.50 27.41 27.35 27.20 27.12 27.09 26.96 26.96 26.98 26.89 26.85 26.69 26.57 26.57 26.56 26.41 26.25 26.11 25.98 25.92 25.85 25.85 25.79 25.59 25.50 25.40 25.28 25.20 24.93 24.76 24.75 24.56 24.54 24.16 24.02 23.86 23.64 23.45 23.35 23.35 23.34 23.07 23.04 22.93 22.92 22.79 22.74 22.68 22.61 22.56 22.58 22.57 22.54 22.41 22.38 22.31 22.38
28.65 28.59 28.54 28.49 28.42 28.34 28.28 28.19 28.09 28.00 27.94 27.88 27.78 27.65 27.52 27.39 27.31 27.22 27.13 27.06 27.00 26.94 26.89 26.82 26.78 26.73 26.66 26.56 26.43 26.34 26.26 26.07 25.96 25.88 25.83 25.78 25.62 25.54 25.44 25.32 25.26 25.07 24.92 24.70 24.61 24.32 24.42 24.30 23.90 23.58 23.44 23.29 23.26 23.29 23.26 23.00 22.81 22.82 22.68 22.65 22.55 22.52 22.50 22.43 22.42 22.31 22.28 22.22 22.18 22.11 22.09
28.67 28.58 28.54 28.48 28.42 28.33 28.24 28.19 28.12 28.00 27.92 27.87 27.78 27.66 27.56 27.45 27.28 27.19 27.10 27.01 26.93 26.90 26.84 26.77 26.73 26.74 26.65 26.54 26.41 26.28 26.16 26.11 26.00 25.87 25.78 25.68 25.57 25.45 25.54 25.28 25.12 24.99 24.75 24.59 24.45 24.27 24.20 24.20 23.74 23.62 23.61 23.39 23.20 23.07 23.04 23.13 22.77 22.67 22.55 22.44 22.40 22.35 22.32 22.29 22.40 22.10 22.10 21.99 21.96 21.93 21.92
28.65 28.59 28.55 28.45 28.36 28.30 28.25 28.20 28.11 28.02 27.92 27.83 27.77 27.70 27.59 27.46 27.28 27.17 27.04 26.93 26.86 26.83 26.77 26.70 26.70 26.67 26.58 26.46 26.35 26.28 26.13 26.00 25.94 25.85 25.68 25.57 25.52 25.36 25.29 25.21 25.06 24.92 24.72 24.52 24.27 24.14 24.24 23.99 23.84 23.53 23.42 23.34 23.15 23.00 22.73 22.69 22.62 22.53 22.40 22.30 22.27 22.23 22.16 22.13 22.06 22.00 21.92 21.82 21.72 21.66 21.73
28.68 28.60 28.55 28.47 28.38 28.29 28.40 28.18 28.11 28.01 27.94 27.84 27.76 27.67 27.56 27.43 27.25 27.15 27.03 26.91 26.82 26.73 26.66 26.63 26.60 26.62 26.54 26.38 26.28 26.16 26.17 26.01 25.88 25.77 25.58 25.47 25.42 25.24 25.16 25.09 24.92 24.78 24.80 24.52 24.24 24.05 24.08 23.90 23.80 23.74 23.28 23.19 23.15 22.81 22.75 22.55 22.65 22.34 22.22 22.14 22.07 22.05 22.02 21.96 21.91 21.81 21.78 21.66 21.54 21.56 21.59
28.63 28.61 28.58 28.49 28.35 28.30 28.18 28.12 28.02 28.04 27.93 27.80 27.72 27.64 27.54 27.41 27.28 27.12 27.00 26.91 26.73 26.66 26.60 26.56 26.54 26.56 26.36 26.34 26.25 26.14 26.08 25.93 25.79 25.67 25.50 25.30 25.25 25.14 25.09 25.04 24.75 24.79 24.45 24.30 24.22 24.05 24.01 23.69 23.55 23.42 23.47 22.99 22.93 22.69 22.65 22.45 22.33 22.28 22.10 21.98 21.88 21.85 21.86 21.86 21.84 21.75 21.56 21.46 21.40 21.44 21.49
28.59 28.55 28.48 28.41 28.35 28.27 28.13 28.04 27.98 27.90 28.01 27.95 27.79 27.58 27.50 27.38 27.29 27.11 26.98 26.88 26.73 26.62 26.55 26.51 26.47 26.43 26.15 26.25 26.12 26.04 25.94 25.84 25.67 25.52 25.39 25.21 25.10 25.12 24.94 24.76 24.61 24.61 24.40 24.22 24.09 24.15 23.87 23.61 23.44 23.42 23.23 23.21 22.75 22.67 22.49 22.40 22.21 22.17 22.04 21.85 21.72 21.70 21.76 21.77 21.65 21.54 21.48 21.34 21.22 21.29 21.29
28.52 28.46 28.34 28.28 28.25 28.23 28.14 28.01 27.91 27.86 27.95 27.75 27.66 27.60 27.51 27.45 27.25 27.14 26.97 26.85 26.75 26.64 26.50 26.44 26.37 26.28 26.19 26.08 26.03 25.93 25.86 25.75 25.71 25.48 25.34 25.18 25.04 25.04 24.85 24.68 24.59 24.50 24.25 24.23 23.99 24.00 23.75 23.53 23.33 23.31 23.07 23.06 22.81 22.54 22.38 22.31 22.12 22.09 21.90 21.78 21.63 21.58 21.61 21.66 21.52 21.38 21.28 21.19 21.10 21.09 21.11
28.44 28.40 28.32 28.23 28.17 28.12 28.06 28.01 27.89 27.85 27.75 27.67 27.63 27.69 27.44 27.33 27.22 27.29 27.02 26.88 26.76 26.70 26.53 26.38 26.30 26.20 26.11 26.01 25.93 25.87 25.71 25.72 25.54 25.46 25.36 25.14 25.05 24.89 24.77 24.59 24.44 24.36 24.21 24.12 23.84 23.74 23.58 23.45 23.24 23.12 22.88 22.88 22.68 22.45 22.31 22.20 22.00 21.90 21.78 21.70 21.56 21.49 21.50 21.38 21.38 21.18 21.11 21.02 20.94 20.96 21.10
28.38 28.34 28.30 28.19 28.16 28.09 27.96 27.99 27.90 27.83 27.69 27.65 27.64 27.52 27.41 27.29 27.17 27.06 26.97 26.91 26.87 26.62 26.52 26.37 26.26 26.18 26.05 25.97 25.88 25.73 25.58 25.51 25.51 25.33 25.28 25.14 25.08 24.71 24.65 24.50 24.32 24.26 24.07 23.89 23.78 23.57 23.50 23.41 23.11 22.93 22.88 22.68 22.51 22.39 22.24 22.05 21.93 21.79 21.67 21.56 21.49 21.41 21.36 21.25 21.15 21.05 20.97 20.88 20.83 20.94 20.81
28.31 28.31 28.23 28.19 28.14 28.10 27.95 27.86 27.87 27.77 27.69 27.61 27.54 27.49 27.45 27.30 27.11 27.12 26.87 26.85 26.68 26.56 26.41 26.32 26.23 26.08 25.98 25.92 25.81 25.70 25.56 25.46 25.37 25.38 25.18 25.13 24.96 24.80 24.52 24.27 24.15 24.03 23.91 23.87 23.76 23.47 23.41 23.24 23.07 22.83 22.77 22.51 22.40 22.35 22.16 21.96 21.81 21.66 21.56 21.40 21.30 21.27 21.19 20.97 21.05 20.94 20.85 20.77 20.87 20.67 20.64
28.29 28.24 28.17 28.10 28.14 28.08 28.02 27.94 27.86 27.81 27.71 27.57 27.48 27.39 27.27 27.26 27.08 26.86 26.98 26.75 26.66 26.50 26.41 26.37 26.22 26.09 25.95 25.87 25.84 25.61 25.51 25.46 25.34 25.22 25.26 25.00 24.89 24.67 24.51 24.40 24.10 23.81 23.82 23.66 23.55 23.48 23.29 23.09 22.92 22.75 22.56 22.40 22.39 22.25 21.96 21.90 21.71 21.55 21.40 21.23 21.12 21.07 21.00 20.91 21.00 20.77 20.71 20.75 20.63 20.51 20.49
28.29 28.28 28.22 28.15 28.08 28.01 27.92 27.81 27.74 27.72 27.68 27.53 27.44 27.33 27.16 27.11 27.04 26.85 26.72 26.68 26.60 26.56 26.39 26.26 26.17 26.08 25.97 25.91 25.77 25.58 25.47 25.43 25.22 25.12 25.05 25.13 24.78 24.63 24.44 24.24 24.11 23.71 23.61 23.52 23.41 23.34 23.13 23.09 22.85 22.63 22.42 22.35 22.15 22.02 21.90 21.72 21.61 21.43 21.28 21.16 20.97 20.87 20.82 20.74 20.68 20.63 20.60 20.58 20.42 20.30 20.28
28.27 28.22 28.16 28.11 28.06 27.93 27.89 27.88 27.79 27.66 27.48 27.44 27.33 27.27 27.20 27.02 26.98 26.95 26.71 26.57 26.56 26.43 26.37 26.23 26.16 26.05 25.90 25.78 25.66 25.53 25.37 25.26 25.25 25.09 25.07 24.89 24.69 24.55 24.55 24.26 23.81 23.69 23.50 23.36 23.24 23.09 23.00 22.97 22.70 22.53 22.28 22.31 22.04 21.95 21.76 21.58 21.43 21.24 21.08 20.97 20.87 20.73 20.61 20.59 20.51 20.50 20.43 20.40 20.23 20.10 20.06
28.28 28.21 28.14 28.13 28.06 27.96 27.86 27.82 27.72 27.66 27.50 27.37 27.28 27.18 27.08 27.03 26.89 26.75 26.68 26.53 26.43 26.38 26.22 26.15 26.01 25.99 25.84 25.63 25.56 25.40 25.27 25.15 25.03 25.01 24.92 24.87 24.68 24.47 24.29 24.33 23.67 23.64 23.45 23.23 23.07 22.95 22.92 22.76 22.57 22.38 22.23 22.04 21.93 21.81 21.59 21.44 21.24 21.07 20.90 20.79 20.73 20.55 20.47 20.38 20.29 20.27 20.24 20.17 20.03 19.97 19.93
28.23 28.19 28.16 28.06 28.03 27.96 27.93 27.88 27.78 27.70 27.48 27.39 27.22 27.15 27.02 26.97 26.88 26.74 26.51 26.47 26.34 26.39 26.12 26.00 25.95 25.86 25.68 25.49 25.44 25.35 25.30 25.07 24.93 24.91 24.86 24.78 24.62 24.48 24.17 23.89 23.82 23.52 23.39 23.17 22.96 22.85 22.77 22.58 22.39 22.22 22.10 21.95 21.80 21.58 21.47 21.28 21.13 20.94 20.76 20.63 20.52 20.38 20.31 20.18 20.17 20.18 20.11 20.04 19.89 19.85 19.75
28.25 28.17 28.10 28.07 28.01 27.92 27.89 27.84 27.80 27.60 27.45 27.27 27.20 27.08 26.92 26.87 26.77 26.66 26.53 26.35 26.26 26.15 26.09 26.12 25.82 25.73 25.62 25.58 25.35 25.24 25.08 25.10 24.86 24.87 24.79 24.62 24.50 24.32 24.09 23.92 23.65 23.68 23.23 22.95 22.81 22.73 22.56 22.39 22.26 22.09 21.93 21.75 21.65 21.44 21.31 21.14 20.97 20.84 20.67 20.51 20.36 20.21 20.08 19.94 20.03 19.96 19.90 19.91 19.80 19.63 19.70
28.23 28.18 28.11 28.03 27.97 27.83 27.80 27.78 27.65 27.55 27.52 27.22 27.11 27.01 26.89 26.77 26.68 26.58 26.53 26.39 26.28 26.15 25.99 25.92 25.79 25.67 25.53 25.44 25.36 25.12 25.03 24.91 24.82 24.71 24.66 24.57 24.40 24.15 23.98 23.80 23.52 23.37 23.56 22.95 22.74 22.63 22.44 22.23 22.08 21.89 21.93 21.61 21.43 21.25 21.14 21.01 20.81 20.71 20.51 20.35 20.20 20.07 19.90 19.82 19.89 19.82 19.76 19.69 19.60 19.52 19.62
28.22 28.16 28.13 28.07 27.95 27.79 27.71 27.66 27.51 27.48 27.35 27.30 27.10 26.95 26.81 26.68 26.61 26.55 26.45 26.27 26.12 26.02 25.98 25.81 25.73 25.61 25.56 25.46 25.33 25.08 24.96 24.89 24.75 24.68 24.56 24.43 24.30 24.13 23.97 23.74 23.50 23.21 23.04 22.95 22.77 22.50 22.33 22.16 21.99 21.78 21.62 21.48 21.27 21.18 21.02 20.86 20.65 20.53 20.33 20.15 20.00 19.75 19.70 19.71 19.69 19.65 19.54 19.50 19.41 19.40 19.41
28.10 28.12 28.01 27.97 27.92 27.83 27.63 27.55 27.49 27.39 27.30 27.16 27.14 26.93 26.80 26.75 26.56 26.50 26.37 26.21 26.01 25.89 25.83 25.80 25.68 25.55 25.49 25.45 25.21 25.10 24.96 24.79 24.71 24.62 24.53 24.42 24.26 24.12 23.93 23.80 23.54 23.25 22.93 22.80 22.67 22.41 22.29 22.06 21.79 21.62 21.43 21.39 21.12 20.99 20.85 20.66 20.49 20.24 20.12 19.94 19.82 19.65 19.39 19.59 19.46 19.39 19.37 19.32 19.32 19.26 19.34
28.15 28.04 27.95 27.92 27.79 27.76 27.72 27.57 27.47 27.33 27.26 27.15 27.06 26.97 26.87 26.69 26.60 26.49 26.33 26.24 26.11 25.95 25.79 25.68 25.55 25.49 25.41 25.32 25.30 25.20 24.90 24.80 24.76 24.54 24.42 24.30 24.17 24.03 23.80 23.61 23.44 23.17 23.00 22.58 22.49 22.34 21.99 21.95 21.76 21.43 21.26 21.17 20.97 20.74 20.61 20.47 20.24 20.06 19.82 19.68 19.58 19.48 19.38 19.36 19.30 19.24 19.21 19.14 19.07 19.13 19.20
28.08 28.02 27.95 27.87 27.77 27.68 27.61 27.51 27.43 27.30 27.22 27.13 27.02 26.94 26.81 26.80 26.60 26.42 26.33 26.21 26.03 25.89 25.74 25.61 25.55 25.42 25.32 25.22 25.09 24.95 24.98 24.66 24.56 24.49 24.32 24.13 24.00 23.90 23.71 23.50 23.33 23.10 22.68 22.62 22.30 22.14 21.99 21.84 21.57 21.33 21.14 21.04 20.86 20.57 20.36 20.21 20.00 19.80 19.58 19.42 19.32 19.25 19.22 19.23 19.14 19.03 19.12 18.99 18.88 19.02 19.03
28.08 28.00 27.94 27.87 27.74 27.67 27.59 27.49 27.40 27.26 27.16 27.02 26.97 26.90 26.73 26.72 26.52 26.43 26.28 26.14 26.05 25.81 25.77 25.63 25.48 25.37 25.27 25.18 25.07 24.91 24.75 24.70 24.51 24.32 24.18 24.02 23.93 23.72 23.63 23.44 23.22 22.95 22.55 22.29 22.24 22.05 21.80 21.62 21.49 21.25 21.05 20.88 20.68 20.50 20.19 20.07 19.86 19.60 19.42 19.25 19.10 19.08 19.05 19.00 18.96 18.89 18.86 18.77 18.80 18.82 19.04
28.09 28.02 27.93 27.84 27.76 27.68 27.59 27.45 27.38 27.24 27.04 27.01 26.97 26.73 26.66 26.54 26.42 26.36 26.22 26.05 25.92 25.82 25.65 25.60 25.54 25.38 25.25 25.10 24.96 24.76 24.68 24.57 24.43 24.34 24.12 23.94 23.73 23.60 23.47 23.28 23.13 22.86 22.56 22.36 22.14 21.98 21.71 21.53 21.31 21.14 21.01 20.78 20.58 20.38 20.16 19.92 19.74 19.52 19.30 19.11 18.99 18.89 18.87 18.85 18.78 18.77 18.67 18.60 18.63 18.65 18.84
28.12 28.03 27.96 27.84 27.76 27.68 27.63 27.55 27.38 27.16 27.05 26.96 26.88 26.76 26.61 26.49 26.42 26.36 26.18 26.02 25.90 25.81 25.70 25.56 25.48 25.34 25.25 25.09 24.91 24.75 24.60 24.49 24.38 24.19 24.05 23.95 23.70 23.47 23.35 23.27 23.09 22.84 22.53 22.28 22.01 21.74 21.58 21.40 21.21 21.00 20.82 20.66 20.48 20.23 20.00 19.80 19.62 19.40 19.14 18.96 18.82 18.76 18.72 18.67 18.61 18.58 18.46 18.41 18.47 18.53 18.68
28.07 28.03 27.95 27.86 27.74 27.69 27.60 27.45 27.40 27.23 27.13 26.99 26.82 26.72 26.63 26.52 26.40 26.35 26.26 26.01 25.88 25.78 25.63 25.54 25.47 25.35 25.24 25.08 24.92 24.77 24.56 24.44 24.30 24.11 23.90 23.78 23.64 23.39 23.25 23.08 23.02 22.82 22.65 22.29 21.97 21.80 21.67 21.33 21.14 20.89 20.68 20.45 20.30 20.10 19.93 19.68 19.49 19.25 19.00 18.80 18.63 18.57 18.58 18.49 18.43 18.46 18.19 18.29 18.35 18.32 18.40
27.97 27.93 27.91 27.79 27.69 27.59 27.50 27.37 27.24 27.17 27.10 27.01 26.91 26.86 26.64 26.54 26.44 26.35 26.25 26.09 25.94 25.85 25.71 25.48 25.39 25.34 25.25 25.03 24.85 24.67 24.52 24.40 24.27 24.01 23.87 23.69 23.46 23.26 23.15 23.05 22.89 22.68 22.43 22.23 21.98 21.72 21.52 21.26 21.03 20.82 20.60 20.37 20.13 19.98 19.83 19.58 19.35 19.12 18.85 18.63 18.44 18.32 18.30 18.29 18.25 18.27 18.00 18.00 18.17 18.17 18.33
27.93 27.87 27.82 27.79 27.68 27.58 27.47 27.39 27.29 27.19 27.09 27.00 26.89 26.77 26.71 26.57 26.41 26.33 26.22 26.07 25.94 25.85 25.73 25.58 25.35 25.15 25.11 25.06 24.87 24.63 24.42 24.27 24.11 23.95 23.79 23.59 23.40 23.23 23.04 22.92 22.81 22.53 22.25 22.20 21.86 21.74 21.42 21.13 20.95 20.73 20.45 20.21 19.98 19.75 19.58 19.44 19.23 18.98 18.64 18.43 18.25 18.08 18.03 18.05 18.02 18.20 17.83 17.85 17.89 18.03 18.09
27.95 27.88 27.81 27.76 27.70 27.57 27.46 27.38 27.25 27.16 27.09 27.00 26.86 26.73 26.62 26.50 26.43 26.27 26.11 26.03 25.89 25.73 25.58 25.48 25.32 25.12 24.99 25.01 24.84 24.54 24.36 24.18 23.99 23.80 23.61 23.42 23.29 23.10 22.97 22.73 22.60 22.45 22.19 21.92 21.77 21.51 21.42 21.12 20.84 20.56 20.30 20.08 19.81 19.58 19.33 19.20 19.02 18.89 18.46 18.22 18.00 17.86 17.78 17.77 17.82 17.89 17.52 17.56 17.73 17.80 17.81
27.92 27.85 27.80 27.74 27.67 27.57 27.47 27.40 27.28 27.15 27.05 26.99 26.90 26.73 26.59 26.45 26.42 26.27 26.08 25.95 25.84 25.73 25.57 25.45 25.30 25.17 24.96 24.82 24.69 24.53 24.31 24.14 23.96 23.74 23.55 23.34 23.14 23.02 22.82 22.59 22.44 22.32 22.07 21.81 21.58 21.37 21.21 21.00 20.73 20.48 20.25 19.96 19.71 19.49 19.13 18.98 18.79 18.62 18.44 18.01 17.78 17.60 17.51 17.58 17.73 17.70 17.45 17.48 17.48 17.58 17.52
27.91 27.85 27.77 27.70 27.62 27.53 27.44 27.36 27.22 27.11 27.05 26.95 26.85 26.71 26.52 26.41 26.31 26.27 26.15 25.97 25.73 25.62 25.61 25.41 25.19 25.14 25.04 24.85 24.67 24.48 24.24 24.12 23.93 23.71 23.48 23.30 23.14 22.96 22.72 22.45 22.29 22.15 21.93 21.70 21.44 21.21 21.07 20.87 20.61 20.36 20.10 19.89 19.67 19.38 19.07 18.79 18.65 18.45 18.32 17.88 17.59 17.36 17.38 17.55 17.50 17.44 17.35 17.33 17.29 17.33 17.43
27.90 27.83 27.74 27.66 27.56 27.46 27.35 27.23 27.09 27.05 26.97 26.86 26.76 26.67 26.51 26.38 26.27 26.13 26.03 25.91 25.78 25.60 25.47 25.33 25.19 25.09 24.94 24.86 24.63 24.47 24.18 24.01 23.83 23.62 23.43 23.24 23.21 22.88 22.63 22.41 22.13 22.01 21.80 21.59 21.29 21.05 20.91 20.68 20.49 20.20 19.98 19.70 19.50 19.24 18.95 18.66 18.43 18.25 18.03 17.82 17.35 17.08 17.20 17.32 17.32 17.30 17.18 17.17 17.12 17.18 17.23
