maui/input/air_temperature_monthly/tmaxmar_250m_maui.asc
ncols        356
nrows        236
xllcorner    -156.702000000000
yllcorner    20.529750000000
cellsize     0.002250000000
NODATA_value  -99.00
[rows 31 to 61 of 236, columns 0 to 70 of 356]
-9999.00 -9999.00 -9999.00 -9999.00 -9999.00 -9999.00 -9999.00 -9999.00 -9999.00 -9999.00 -9999.00 -9999.00 -9999.00 -9999.00 26.65 26.59 26.51 26.42 26.33 26.20 26.22 26.06 25.82 25.75 25.72 25.60 25.94 25.62 25.65 25.59 25.45 25.13 25.20 24.79 24.72 24.81 24.87 24.88 24.86 24.47 24.50 24.82 24.70 25.10 24.81 25.70 25.29 24.43 24.39 24.67 24.42 24.25 24.35 24.62 24.59 24.42 24.89 24.99 25.12 24.90 24.96 25.14 25.13 25.36 25.96 25.41 25.70 26.29 26.08 25.61 25.71
-9999.00 -9999.00 -9999.00 -9999.00 -9999.00 -9999.00 -9999.00 -9999.00 -9999.00 -9999.00 -9999.00 -9999.00 -9999.00 26.68 26.62 26.50 26.51 26.42 26.32 26.21 26.02 26.06 25.85 25.66 25.46 25.36 25.84 25.38 25.26 25.11 25.05 25.31 24.78 24.70 24.52 24.59 24.64 24.84 24.70 24.28 24.35 24.63 24.37 24.85 24.60 25.47 25.41 24.47 24.34 24.62 24.40 24.00 24.35 24.60 24.30 24.33 24.39 24.79 24.79 24.64 25.01 25.16 25.03 25.59 25.73 25.48 25.84 26.32 25.72 25.53 25.51
-9999.00 -9999.00 -9999.00 -9999.00 -9999.00 -9999.00 -9999.00 -9999.00 -9999.00 -9999.00 -9999.00 -9999.00 -9999.00 26.66 26.54 26.48 26.41 26.39 26.30 26.17 26.10 25.92 25.79 25.71 25.47 25.29 25.29 25.65 25.13 25.27 24.93 25.08 25.03 24.64 24.53 24.38 24.66 24.74 24.57 24.54 24.17 24.32 24.46 24.78 24.49 24.67 25.59 25.17 24.42 24.27 24.12 23.90 24.54 24.33 23.88 24.33 24.15 24.51 24.61 24.49 24.79 24.76 25.21 25.33 25.38 25.27 26.17 25.80 25.49 25.36 25.48
-9999.00 -9999.00 -9999.00 -9999.00 -9999.00 -9999.00 -9999.00 -9999.00 -9999.00 -9999.00 -9999.00 -9999.00 26.72 26.58 26.48 26.47 26.36 26.29 26.19 26.06 25.95 25.83 25.74 25.52 25.35 25.12 25.07 25.12 25.38 25.00 25.03 24.58 24.48 24.72 24.45 24.31 24.42 24.90 24.38 24.47 24.04 24.29 24.12 24.07 24.59 24.44 24.61 25.43 24.74 24.20 24.08 23.78 24.28 23.99 23.64 23.80 24.11 24.73 24.00 24.14 24.46 24.84 24.96 24.55 24.96 25.24 26.12 25.28 24.96 25.45 25.98
-9999.00 -9999.00 -9999.00 -9999.00 -9999.00 -9999.00 -9999.00 -9999.00 -9999.00 -9999.00 -9999.00 -9999.00 26.71 26.59 26.46 26.44 26.29 26.15 26.05 25.88 25.86 25.73 25.61 25.50 25.28 25.25 24.95 24.88 24.75 25.37 24.67 24.66 24.41 24.55 24.36 24.18 24.27 24.69 24.08 24.02 23.78 24.11 23.98 24.04 24.39 23.95 24.33 25.25 24.62 23.85 24.14 23.58 23.92 24.13 23.53 23.57 24.13 24.35 23.76 23.88 24.44 24.89 24.45 24.49 24.64 25.66 25.80 24.73 24.72 25.37 25.49
-9999.00 -9999.00 -9999.00 -9999.00 -9999.00 -9999.00 -9999.00 -9999.00 -9999.00 -9999.00 -9999.00 26.74 26.64 26.56 26.41 26.25 26.20 26.19 25.97 25.87 25.73 25.76 25.49 25.39 25.44 25.14 25.07 24.78 24.68 24.94 25.02 24.37 24.28 24.25 24.39 24.28 24.01 24.66 23.92 23.69 23.86 23.93 23.71 23.90 24.22 24.03 24.45 24.74 24.97 24.13 23.96 23.69 23.74 23.68 23.57 23.38 24.04 24.27 23.59 23.64 24.24 24.57 23.93 24.32 24.99 25.90 25.16 24.53 24.83 25.19 25.08
-9999.00 -9999.00 -9999.00 -9999.00 -9999.00 -9999.00 -9999.00 -9999.00 -9999.00 -9999.00 26.76 26.74 26.68 26.59 26.37 26.23 26.10 25.95 25.99 25.75 25.59 25.59 25.43 25.36 25.22 25.25 24.89 24.84 24.59 24.44 25.06 24.33 24.13 24.09 24.32 24.16 23.80 24.38 23.79 23.44 23.64 23.49 23.51 23.67 24.09 23.84 24.01 24.16 24.86 24.57 23.64 23.50 23.26 23.27 23.33 23.40 24.09 23.52 23.36 23.90 24.10 24.32 24.01 24.54 25.23 25.34 24.61 24.91 25.03 24.92 25.25
-9999.00 -9999.00 -9999.00 -9999.00 -9999.00 -9999.00 -9999.00 -9999.00 -9999.00 -9999.00 26.75 26.66 26.55 26.54 26.38 26.32 26.03 25.90 25.80 25.73 25.71 25.42 25.29 25.27 25.17 25.01 25.04 24.85 24.64 24.38 24.52 24.54 23.96 23.86 24.18 23.71 23.53 24.11 23.88 23.27 23.23 23.38 23.29 23.40 23.68 23.59 23.65 23.65 24.47 24.73 23.52 23.57 22.96 23.07 23.06 23.32 23.72 23.17 23.23 23.57 24.02 24.10 24.46 25.23 25.05 24.65 24.64 24.61 24.75 25.10 25.34
-9999.00 -9999.00 -9999.00 -9999.00 -9999.00 -9999.00 -9999.00 -9999.00 -9999.00 26.77 26.71 26.58 26.49 26.41 26.35 26.20 26.09 26.14 25.79 25.66 25.52 25.39 25.42 25.16 25.09 25.01 24.79 24.69 24.53 24.35 24.18 24.76 24.03 23.74 23.66 23.61 23.31 23.58 23.87 23.24 23.10 23.06 22.99 23.28 23.54 23.04 23.16 23.29 23.99 24.85 23.68 23.22 23.06 22.86 22.90 23.33 23.44 23.00 23.01 23.53 23.78 24.00 24.75 25.44 24.33 24.46 24.56 24.45 24.62 25.17 25.10
-9999.00 -9999.00 -9999.00 -9999.00 -9999.00 -9999.00 -9999.00 -9999.00 -9999.00 26.77 26.71 26.57 26.47 26.37 26.25 26.17 26.04 25.92 25.81 25.82 25.48 25.35 25.14 25.11 25.05 24.83 24.64 24.64 24.42 24.23 24.02 23.99 24.25 24.35 24.02 23.43 23.34 23.38 24.07 23.26 23.00 22.75 22.59 23.01 23.15 22.71 22.94 23.21 23.82 24.80 23.84 22.91 22.82 22.68 22.71 23.45 23.09 22.78 22.92 23.28 23.52 23.86 24.04 25.19 24.12 24.27 24.14 24.56 24.70 24.75 24.72
-9999.00 -9999.00 -9999.00 -9999.00 -9999.00 -9999.00 -9999.00 -9999.00 -9999.00 26.72 26.62 26.52 26.44 26.33 26.22 26.08 25.99 25.89 25.79 25.75 25.53 25.52 25.24 25.02 24.94 24.90 24.79 24.52 24.36 24.10 23.94 23.85 23.80 23.56 23.91 23.65 23.28 23.16 23.59 23.75 23.07 22.75 22.73 22.69 22.63 22.57 22.92 22.68 23.04 24.74 24.04 23.02 22.66 22.50 22.72 23.04 23.06 22.69 22.86 23.16 23.51 23.77 24.84 24.90 23.99 24.04 24.07 24.66 24.21 24.12 24.06
-9999.00 -9999.00 -9999.00 -9999.00 -9999.00 -9999.00 -9999.00 -9999.00 26.76 26.67 26.60 26.52 26.44 26.28 26.13 26.02 25.93 25.87 25.76 25.60 25.53 25.40 25.23 25.14 24.91 24.90 24.62 24.50 24.50 24.26 23.86 23.71 23.70 23.55 23.18 24.01 23.21 23.06 22.96 23.13 23.06 22.72 22.42 22.46 22.29 22.49 22.80 22.61 22.59 23.80 24.28 23.09 22.36 22.21 22.68 22.85 22.86 22.55 22.69 23.06 23.32 24.30 24.62 24.50 23.74 23.80 23.93 23.95 24.06 23.71 24.00
-9999.00 -9999.00 -9999.00 -9999.00 -9999.00 -9999.00 -9999.00 -9999.00 26.73 26.64 26.55 26.43 26.37 26.23 26.08 25.96 25.87 25.86 25.73 25.61 25.45 25.23 25.36 25.00 24.94 24.84 24.54 24.60 24.19 24.05 24.15 23.68 23.50 23.26 23.11 23.53 23.37 23.02 22.68 23.07 22.83 22.56 21.90 21.96 21.98 22.39 22.33 22.32 22.40 23.52 24.24 23.66 22.74 22.04 22.63 22.70 22.68 22.32 22.63 23.02 23.27 24.56 24.17 23.93 23.50 23.78 23.69 23.59 23.91 23.60 23.92
-9999.00 -9999.00 -9999.00 -9999.00 -9999.00 -9999.00 -9999.00 26.81 26.73 26.62 26.51 26.37 26.27 26.19 26.05 25.93 25.84 25.77 25.67 25.51 25.38 25.19 24.99 24.87 24.79 24.62 24.56 24.40 24.22 24.01 23.91 23.60 23.46 23.17 22.94 22.83 23.52 22.82 22.70 22.49 23.05 22.41 21.64 21.42 21.69 22.26 22.05 21.99 22.18 22.52 23.73 24.06 23.09 22.16 22.26 22.37 22.58 22.13 22.61 22.63 23.42 24.46 23.41 23.31 23.41 23.60 23.20 23.39 23.62 23.48 23.96
-9999.00 -9999.00 -9999.00 -9999.00 -9999.00 -9999.00 -9999.00 26.81 26.74 26.67 26.55 26.41 26.27 26.18 26.05 25.95 25.85 25.73 25.63 25.47 25.33 25.13 24.96 24.80 24.66 24.89 24.40 24.20 24.22 23.90 23.80 23.40 23.16 23.06 22.77 22.72 23.01 22.77 22.36 22.21 22.79 22.28 21.61 21.11 21.39 22.08 21.74 21.64 21.93 22.07 23.52 23.53 22.43 21.94 21.87 22.18 22.43 22.16 22.49 22.66 23.81 24.11 23.48 23.10 23.23 23.44 23.12 23.12 23.50 23.51 23.80
-9999.00 -9999.00 -9999.00 -9999.00 -9999.00 -9999.00 -9999.00 26.80 26.70 26.56 26.45 26.42 26.26 26.17 26.06 26.01 25.89 25.72 25.58 25.43 25.25 25.18 24.94 24.76 24.68 24.49 24.74 24.29 24.03 23.82 23.85 23.39 23.10 22.87 22.81 22.56 22.80 22.77 22.19 21.72 22.77 22.29 21.44 20.93 21.68 21.56 21.47 21.45 21.63 22.04 23.05 23.88 22.50 21.48 21.85 22.18 22.23 21.82 22.28 22.86 24.16 23.00 23.21 22.67 22.91 22.79 22.98 23.32 23.52 23.76 24.37
-9999.00 -9999.00 -9999.00 -9999.00 -9999.00 -9999.00 26.84 26.79 26.69 26.53 26.45 26.33 26.32 26.16 26.07 25.99 25.88 25.74 25.58 25.43 25.21 25.08 24.98 24.84 24.69 24.48 24.32 24.45 24.43 23.80 23.54 23.33 23.39 23.08 22.70 22.47 22.86 22.27 22.24 21.94 22.35 21.85 21.34 20.99 21.38 21.57 21.15 21.36 21.20 22.27 23.24 23.76 22.34 21.47 21.79 21.61 21.79 21.88 22.35 22.82 23.71 22.63 22.76 22.40 22.17 22.34 22.77 23.14 23.70 24.05 24.26
-9999.00 -9999.00 -9999.00 -9999.00 -9999.00 26.85 26.84 26.77 26.65 26.52 26.45 26.33 26.24 26.16 26.08 26.02 25.87 25.74 25.58 25.40 25.23 25.08 24.96 24.82 24.66 24.43 24.36 24.06 23.91 24.07 23.94 23.56 23.10 22.86 22.79 22.47 22.67 22.43 21.88 21.80 21.55 21.92 21.68 21.27 21.12 21.38 20.89 20.75 21.13 22.25 22.95 23.46 22.44 21.41 21.47 21.58 21.41 21.73 22.14 23.47 22.84 22.36 22.38 21.94 22.31 22.74 22.71 23.05 23.10 23.55 23.84
-9999.00 -9999.00 -9999.00 -9999.00 -9999.00 26.86 26.84 26.73 26.62 26.51 26.47 26.38 26.28 26.18 26.09 25.99 25.84 25.73 25.58 25.43 25.30 25.13 24.97 24.77 24.59 24.40 24.21 23.99 23.83 23.81 23.37 23.16 23.60 23.39 22.85 22.38 22.25 22.40 22.05 21.51 21.33 21.09 21.48 21.24 21.26 20.72 20.68 20.41 20.94 21.82 21.85 22.79 22.70 21.65 21.24 21.42 21.11 21.80 23.10 22.90 21.92 21.87 22.06 21.93 22.34 22.34 22.78 22.53 22.53 23.53 23.52
-9999.00 -9999.00 -9999.00 -9999.00 26.87 26.86 26.84 26.77 26.69 26.59 26.54 26.51 26.43 26.22 26.13 26.04 25.87 25.73 25.58 25.41 25.25 25.08 24.89 24.74 24.57 24.32 24.12 23.91 23.71 23.52 23.65 23.06 22.75 23.11 23.01 22.95 22.42 21.92 22.07 21.95 21.74 21.17 20.85 21.27 20.70 20.51 20.73 20.17 20.97 21.59 21.20 22.59 22.69 21.41 21.08 21.03 20.93 22.10 23.22 21.62 21.53 21.67 21.75 22.07 22.02 22.37 21.99 22.03 22.39 22.93 23.31
-9999.00 -9999.00 -9999.00 -9999.00 26.88 26.87 26.85 26.73 26.64 26.54 26.54 26.39 26.30 26.34 26.27 26.05 25.86 25.71 25.56 25.44 25.24 25.12 24.91 24.69 24.51 24.32 24.14 24.02 23.74 23.38 23.20 23.23 23.03 22.41 22.50 21.88 22.50 22.05 21.45 21.53 21.09 21.36 20.73 20.66 20.72 20.20 20.14 19.95 20.57 20.90 20.70 21.75 23.07 21.83 20.71 20.67 21.27 21.41 23.00 21.34 21.28 21.33 21.58 21.90 21.92 22.20 22.07 22.41 22.60 23.54 24.10
-9999.00 -9999.00 -9999.00 -9999.00 26.88 26.87 26.82 26.69 26.66 26.55 26.45 26.41 26.28 26.17 26.07 26.01 25.85 25.79 25.62 25.58 25.55 25.11 24.89 24.69 24.50 24.31 24.10 23.84 23.58 23.69 23.54 23.10 22.67 22.37 22.51 21.92 21.66 22.45 21.63 21.12 21.30 21.01 20.59 20.21 20.74 20.16 19.94 19.78 20.32 20.66 20.34 21.64 22.83 21.66 20.51 21.04 20.81 21.14 22.52 21.10 20.88 20.68 21.31 21.66 22.22 22.60 22.80 22.93 23.66 24.51 25.07
-9999.00 -9999.00 -9999.00 -9999.00 26.89 26.87 26.75 26.67 26.59 26.55 26.47 26.36 26.26 26.20 26.13 26.00 25.88 25.74 25.59 25.41 25.24 25.25 25.19 24.75 24.49 24.31 24.00 23.77 23.58 23.25 23.05 22.77 22.87 22.45 21.97 21.98 21.57 21.47 21.49 21.63 20.73 20.73 20.55 20.08 20.16 19.85 19.54 19.70 20.49 20.44 20.06 21.33 22.62 21.29 20.39 20.41 20.55 20.96 22.02 20.68 20.48 20.68 20.96 21.51 22.06 22.37 22.45 23.41 24.70 25.18 25.38
-9999.00 -9999.00 -9999.00 -9999.00 26.89 26.82 26.73 26.62 26.56 26.49 26.43 26.40 26.31 26.16 26.09 25.98 25.85 25.71 25.58 25.40 25.30 25.06 24.86 24.66 24.87 24.74 24.47 23.94 23.55 23.24 22.90 22.56 22.40 22.24 22.40 21.53 21.14 20.79 20.79 21.43 21.46 20.61 20.34 19.86 19.78 19.62 19.47 19.29 19.92 20.02 20.34 21.62 22.03 20.83 20.08 20.03 20.11 20.71 22.32 20.48 20.56 20.61 20.69 21.07 21.27 21.91 22.56 23.24 23.93 25.01 25.25
-9999.00 -9999.00 -9999.00 -9999.00 26.89 26.82 26.69 26.59 26.53 26.47 26.38 26.30 26.27 26.20 26.08 25.99 25.94 25.78 25.61 25.45 25.22 25.04 24.90 24.75 24.52 24.31 24.01 24.31 24.36 23.70 23.35 22.78 22.29 22.01 21.66 21.79 21.49 20.69 20.65 20.87 20.69 20.73 19.99 19.63 19.48 19.85 19.17 19.06 19.51 19.42 20.18 20.98 22.09 20.85 19.70 19.64 19.72 20.38 21.75 20.50 20.30 20.33 20.53 21.33 21.28 21.77 23.21 24.34 25.06 25.19 24.76
-9999.00 -9999.00 -9999.00 -9999.00 26.89 26.82 26.69 26.56 26.45 26.41 26.34 26.26 26.20 26.14 26.06 25.93 25.84 25.72 25.55 25.43 25.17 24.98 24.73 24.56 24.39 24.18 24.02 23.64 23.41 23.49 23.68 23.88 23.72 23.16 22.61 21.90 21.68 21.11 20.73 20.28 20.69 20.27 20.19 19.45 19.20 19.08 19.08 18.89 19.19 19.01 19.97 21.04 21.94 20.61 19.56 19.51 19.50 19.72 20.49 20.16 20.23 20.12 21.30 23.17 22.41 22.69 23.81 24.89 24.59 24.41 23.90
-9999.00 -9999.00 -9999.00 26.91 26.88 26.81 26.62 26.51 26.44 26.31 26.30 26.22 26.14 26.10 26.00 25.93 25.81 25.68 25.51 25.32 25.17 24.93 24.64 24.39 24.17 24.08 24.01 23.84 23.41 23.03 22.85 22.45 22.54 22.58 22.74 23.20 22.62 22.64 22.13 21.21 20.00 19.92 20.29 19.61 18.98 18.85 19.31 18.76 18.47 18.49 19.15 20.33 21.79 20.35 19.14 19.09 19.09 19.84 20.08 19.66 19.97 20.19 21.35 23.06 23.86 24.33 24.58 24.53 23.42 22.82 22.77
-9999.00 -9999.00 -9999.00 26.92 26.87 26.79 26.67 26.53 26.38 26.30 26.22 26.20 26.11 26.02 25.97 25.88 25.77 25.64 25.48 25.24 25.06 24.88 24.61 24.27 24.08 23.92 23.82 23.43 23.54 22.91 22.67 22.40 21.98 21.69 21.51 22.62 22.62 21.06 20.97 21.45 20.39 19.75 19.54 19.79 19.42 18.63 18.56 18.50 18.19 18.38 19.48 21.11 20.63 19.92 18.92 18.76 18.98 19.39 19.79 19.15 20.25 21.64 22.97 23.63 24.05 23.26 24.18 24.66 23.15 22.04 22.24
-9999.00 -9999.00 26.91 26.89 26.86 26.78 26.68 26.57 26.43 26.29 26.21 26.15 26.08 26.01 25.92 25.84 25.72 25.58 25.41 25.19 25.03 24.77 24.58 24.43 24.20 23.90 23.59 23.32 23.06 22.92 22.83 22.68 22.06 21.66 21.29 21.10 21.87 21.89 20.29 20.44 20.99 19.71 19.41 19.46 18.93 18.66 18.35 18.47 17.91 18.12 19.16 20.57 20.98 19.58 18.45 18.44 18.75 18.95 19.44 18.93 20.83 22.64 23.15 23.19 22.96 22.63 24.08 24.54 22.94 21.84 21.83
-9999.00 -9999.00 -9999.00 26.90 26.84 26.76 26.65 26.58 26.46 26.27 26.19 26.13 26.07 25.99 25.90 25.82 25.72 25.58 25.47 25.18 24.98 24.77 24.55 24.31 24.06 23.81 23.55 23.21 22.92 22.67 22.61 22.14 22.16 21.84 21.26 20.84 20.95 21.51 20.75 19.81 20.55 20.58 19.77 18.83 18.84 18.38 18.09 17.97 17.59 18.19 19.51 21.09 19.79 19.61 18.22 17.96 18.04 18.34 18.85 18.34 19.69 20.21 20.82 21.14 22.42 23.94 24.35 24.29 23.06 21.64 21.41
-9999.00 -9999.00 26.93 26.93 26.90 26.79 26.70 26.58 26.41 26.24 26.16 26.11 26.06 25.98 25.88 25.80 25.71 25.54 25.37 25.18 25.00 24.82 24.64 24.35 24.07 23.78 23.43 23.55 23.01 22.56 22.30 22.01 21.78 21.62 21.42 20.89 20.51 21.30 21.01 20.18 19.51 19.58 19.95 19.64 18.73 18.52 17.77 17.52 17.26 18.07 19.38 20.64 19.43 18.94 17.98 17.10 16.96 17.71 17.89 18.48 19.63 19.14 20.07 21.45 23.01 24.22 23.02 22.93 22.38 21.09 21.38
