maui/input/air_temperature_monthly/tmaxdec_250m_maui.asc
ncols        356
nrows        236
xllcorner    -156.702000000000
yllcorner    20.529750000000
cellsize     0.002250000000
NODATA_value  -99.00
[rows 155 to 185 of 236, columns 213 to 283 of 356]
13.48 13.52 13.89 14.04 14.15 14.16 14.17 14.20 14.28 14.22 14.29 14.32 14.30 14.28 14.25 14.22 14.18 14.13 14.04 13.76 13.92 14.01 14.05 14.09 14.14 14.11 14.18 14.21 14.39 14.45 14.43 14.31 14.27 14.21 14.20 14.00 13.40 12.25 11.77 11.83 12.23 12.91 13.58 14.48 15.01 15.11 15.20 15.25 15.38 15.55 15.69 16.23 16.68 17.02 17.29 17.41 17.60 17.80 18.20 18.52 18.67 18.79 18.07 17.38 17.48 17.49 17.55 17.34 17.25 18.11 19.23
13.36 13.50 13.94 14.10 14.14 14.18 14.23 14.26 14.28 14.32 14.28 14.30 14.30 14.28 14.24 14.19 14.15 14.10 13.99 13.94 13.91 13.87 13.99 14.06 14.08 14.17 14.20 14.34 14.50 14.72 14.67 14.59 14.56 14.51 14.47 14.43 13.81 12.80 11.97 11.97 12.60 13.61 14.31 14.67 14.75 15.20 15.31 15.35 15.52 15.64 15.73 15.85 16.37 17.17 17.31 17.41 17.74 17.96 18.21 18.44 18.74 18.86 19.06 18.37 19.12 18.50 18.27 17.76 16.64 17.31 18.16
13.28 13.53 13.83 14.02 14.08 14.14 14.15 14.17 14.20 14.22 14.26 14.26 14.23 14.18 14.08 13.88 13.87 13.97 13.91 13.84 13.72 13.71 13.67 13.82 13.91 14.15 14.38 14.53 14.84 14.95 14.90 14.79 14.79 14.73 14.71 14.65 13.90 13.09 12.34 12.24 12.36 13.10 13.31 13.77 14.30 15.23 15.44 15.54 15.63 15.83 15.80 15.96 16.13 16.37 16.94 17.09 17.76 18.02 18.19 18.40 18.75 19.01 19.14 19.52 19.61 19.74 19.13 18.45 17.05 16.93 18.14
12.93 13.19 13.40 13.72 13.84 13.83 13.69 13.73 13.74 13.76 14.02 14.22 13.96 13.53 13.31 13.20 13.27 13.43 13.52 13.36 13.17 13.17 13.06 13.37 14.10 14.50 14.78 15.14 15.22 15.22 15.18 15.18 15.09 15.03 14.96 14.97 14.83 13.54 12.64 12.64 12.71 12.85 13.10 13.21 13.95 14.83 14.98 15.36 15.24 15.09 15.84 16.17 16.28 16.41 16.65 16.87 17.13 17.76 17.96 18.40 18.78 19.00 19.20 19.51 19.79 19.93 20.01 19.13 17.79 17.28 17.65
12.41 12.57 12.89 13.10 13.23 13.13 13.11 13.12 13.22 13.43 13.54 13.69 13.53 12.97 12.88 12.81 12.72 12.71 12.77 12.58 12.53 12.47 12.63 13.28 13.72 14.64 15.35 15.57 15.65 15.58 15.47 15.43 15.46 15.35 15.24 15.20 15.23 13.91 13.35 13.12 13.23 13.28 13.40 13.50 13.71 13.82 13.98 14.43 14.26 14.33 15.31 15.72 16.76 16.72 16.89 17.07 17.25 17.47 17.60 17.82 18.40 19.05 19.31 19.57 19.82 20.04 20.24 19.76 18.30 17.68 17.94
12.28 12.44 12.57 12.62 12.65 12.83 13.11 13.44 13.64 13.80 13.77 14.06 13.64 13.51 13.39 13.30 13.18 13.19 13.18 12.87 12.77 12.73 12.73 13.40 14.02 14.46 15.40 15.83 15.91 15.91 15.88 15.78 15.79 15.71 15.63 15.62 15.78 15.40 13.96 13.54 13.73 13.79 13.84 13.87 13.96 14.12 14.21 14.37 14.59 14.62 14.61 15.07 15.79 17.25 17.16 17.30 17.50 17.69 17.92 18.01 18.23 18.37 18.82 19.61 19.84 20.10 20.35 20.09 18.66 17.96 18.18
12.73 12.83 12.96 13.01 13.10 13.22 13.52 13.79 13.99 14.15 14.25 14.59 14.15 14.02 13.98 13.84 13.72 13.84 13.74 13.44 13.29 13.31 13.45 13.33 13.33 14.13 14.82 16.10 16.14 16.25 16.20 16.17 16.19 16.18 16.00 16.05 16.15 16.04 14.63 14.05 14.18 14.22 14.30 14.36 14.45 14.52 14.66 14.85 14.98 15.00 15.00 15.07 15.28 16.63 17.58 17.56 17.72 17.94 18.22 18.35 18.55 18.68 18.74 18.78 19.39 20.49 20.54 20.23 18.92 18.25 18.52
13.21 13.26 13.37 13.46 13.59 13.78 13.89 14.18 14.37 14.49 14.73 15.21 14.81 14.59 14.57 14.41 14.26 14.53 14.21 14.11 14.07 14.14 14.30 13.97 13.90 13.89 14.58 15.75 16.49 16.53 16.51 16.52 16.56 16.50 16.53 16.48 16.52 16.52 15.32 14.51 14.69 14.70 14.79 14.85 14.97 15.07 15.14 15.23 15.20 15.25 15.32 15.41 15.51 15.83 16.98 17.59 18.30 18.22 18.50 18.69 18.88 18.95 18.97 18.99 19.99 20.71 20.89 20.50 19.47 18.68 18.89
13.67 13.82 13.85 13.92 14.12 14.25 14.40 14.59 14.90 14.95 15.29 15.63 15.48 15.29 15.22 15.08 15.03 15.10 14.88 14.75 14.81 15.06 15.11 14.88 14.72 14.50 14.39 15.35 16.61 16.86 16.90 16.86 16.91 16.92 16.88 16.80 16.82 16.76 15.89 14.95 15.13 15.19 15.18 15.39 15.53 15.57 15.61 15.60 15.40 15.50 15.66 15.72 15.90 16.01 16.10 16.60 17.77 18.58 18.78 18.99 19.07 19.20 19.20 19.24 19.91 20.85 20.95 21.07 19.97 19.00 19.21
14.24 14.31 14.34 14.49 14.55 14.76 15.04 15.24 15.46 15.63 15.81 15.96 16.06 15.95 15.87 15.76 15.72 15.63 15.76 15.48 15.63 15.70 15.71 15.98 15.51 15.24 15.06 15.06 16.05 17.15 17.19 17.21 17.22 17.27 17.20 17.11 17.17 17.10 16.13 15.55 15.48 15.73 15.76 15.86 16.04 16.06 16.11 16.01 15.77 15.81 15.90 16.05 16.18 16.37 16.45 16.50 17.15 17.56 18.70 19.36 19.44 19.49 19.45 19.47 19.57 20.85 21.09 21.26 20.59 19.47 19.51
14.86 15.00 14.91 15.25 15.23 15.56 15.69 15.97 16.05 16.31 16.40 16.50 16.52 16.63 16.55 16.45 16.42 16.27 16.45 16.18 16.42 16.48 16.53 16.81 16.19 16.09 15.92 15.71 15.78 16.69 17.43 17.49 17.59 17.66 17.58 17.53 17.51 17.43 16.85 16.14 16.07 16.19 16.26 16.38 16.50 16.50 16.54 16.45 16.28 16.26 16.37 16.39 16.59 16.68 16.96 16.92 17.06 17.22 17.81 18.93 19.68 19.80 19.78 19.79 19.95 20.98 21.28 21.43 21.26 20.31 19.93
15.40 15.72 15.71 15.82 15.87 16.06 16.28 16.99 16.69 17.24 16.99 16.98 17.03 17.18 17.11 16.99 17.17 16.96 16.88 16.83 17.51 17.33 17.59 17.73 16.89 16.88 16.67 16.50 16.40 16.44 17.45 17.86 17.94 17.95 17.91 17.86 17.89 17.95 17.70 16.60 16.64 16.70 16.73 16.95 16.94 17.03 17.05 16.88 16.78 16.74 16.79 16.91 16.93 17.19 17.31 17.42 17.54 17.62 17.70 18.58 19.69 19.99 20.00 20.14 20.26 20.84 21.45 21.54 21.78 21.08 20.35
16.02 16.17 16.31 16.52 16.51 16.69 16.98 17.34 17.44 17.67 17.65 17.64 17.61 17.72 17.64 17.66 17.77 17.60 17.63 17.59 17.86 18.15 18.27 18.18 17.60 17.56 17.45 17.20 17.11 17.21 17.31 18.16 18.28 18.29 18.35 18.23 18.28 18.28 18.25 17.20 17.20 17.25 17.30 17.44 17.42 18.07 18.39 18.25 17.17 17.25 17.32 17.42 17.53 17.66 17.76 17.97 17.95 18.02 18.13 18.40 19.49 20.12 20.15 20.30 20.48 20.56 21.45 21.72 21.85 21.87 20.86
16.65 16.72 17.03 17.18 17.15 17.44 17.60 17.70 18.20 18.15 18.19 18.27 18.41 18.23 18.47 18.25 18.78 18.26 18.55 18.38 18.40 19.50 18.72 18.78 18.23 18.12 18.10 17.87 17.89 17.90 17.84 18.45 18.62 18.66 18.67 18.64 18.67 18.65 18.55 17.71 17.72 17.76 17.81 17.94 18.57 19.37 20.51 19.68 18.08 17.63 17.84 17.91 18.14 18.33 18.30 18.68 18.41 18.44 18.59 18.71 18.97 19.88 21.08 20.52 20.71 20.86 21.35 21.80 22.02 22.24 21.76
17.27 17.28 17.56 17.76 17.75 17.99 18.46 18.43 18.66 18.72 18.88 18.81 18.90 19.31 19.13 18.97 19.57 18.92 19.16 19.12 19.13 19.67 19.53 19.67 18.87 18.74 18.73 18.56 18.48 18.60 18.47 18.36 18.98 18.99 18.96 19.10 19.05 19.01 18.84 18.41 18.27 18.26 18.27 18.38 19.68 20.62 20.67 19.25 18.02 18.13 18.23 18.41 18.56 18.79 18.99 19.20 18.94 18.94 19.07 19.16 19.39 19.72 20.64 21.12 20.89 21.09 21.30 22.11 22.26 22.42 22.47
17.83 17.86 18.02 18.38 18.40 18.59 18.90 19.09 19.07 19.35 19.90 19.60 19.40 19.95 19.96 19.74 20.33 19.58 20.14 19.76 19.90 20.25 20.76 20.96 19.41 19.31 19.45 19.12 19.03 19.39 19.01 19.00 19.50 19.45 19.37 19.35 19.33 19.25 19.07 18.84 18.77 18.81 18.71 19.12 20.41 21.86 20.54 19.28 18.48 18.63 18.79 18.89 19.03 19.27 19.48 19.62 19.44 19.45 19.56 19.65 19.79 20.13 20.39 22.40 21.45 21.30 21.38 21.73 22.50 22.74 22.88
18.34 18.39 18.56 18.98 18.97 19.15 19.56 20.04 19.68 19.85 21.25 20.89 19.90 20.82 20.37 20.25 20.66 20.27 20.37 20.36 21.10 21.02 21.83 20.86 19.95 19.88 20.18 19.72 19.71 20.11 19.76 19.74 19.99 19.87 19.79 19.71 19.64 19.56 19.39 19.34 19.36 19.68 19.71 19.73 21.45 21.85 20.61 19.21 18.92 19.10 19.25 19.34 19.59 19.56 19.82 19.98 19.87 19.92 20.00 20.11 20.22 20.51 20.92 21.48 22.58 21.65 21.36 21.59 22.46 22.92 23.02
19.08 19.07 19.25 19.43 19.70 19.79 20.00 20.63 20.30 20.41 21.31 20.93 20.50 21.18 20.61 20.84 21.23 21.04 20.82 21.00 21.71 22.03 21.71 20.60 20.59 20.54 20.47 20.30 20.41 20.64 20.41 20.67 20.33 20.26 20.18 20.13 19.99 19.88 19.89 19.83 20.28 20.73 19.98 20.46 21.91 21.72 20.37 19.50 19.43 19.53 19.66 19.77 19.88 20.02 20.12 20.32 20.35 20.46 20.43 20.73 20.70 20.87 21.13 21.53 22.42 22.51 22.00 22.04 22.32 23.05 23.20
19.35 19.70 19.69 19.90 20.44 20.35 20.54 20.89 21.24 20.88 21.27 22.10 21.18 21.83 21.36 21.75 21.83 21.46 21.52 21.83 22.19 22.88 21.88 21.42 21.15 21.26 20.99 20.91 20.91 21.23 21.26 20.93 20.71 20.59 20.58 20.46 20.37 20.33 20.48 20.37 20.41 21.48 20.61 21.90 22.99 21.32 20.09 20.02 19.88 19.96 20.02 20.20 20.33 20.54 20.53 20.56 20.99 20.99 20.93 21.13 21.28 21.42 21.65 21.78 22.21 23.19 22.60 22.39 22.72 22.90 23.33
19.76 20.08 20.40 20.44 20.85 20.88 21.07 21.60 22.24 21.52 21.47 21.97 22.17 22.27 22.09 22.21 22.14 22.02 22.15 22.00 22.17 23.11 22.51 22.19 22.02 21.97 21.52 21.55 21.58 21.59 21.72 21.33 21.01 21.01 20.85 20.84 20.78 20.94 21.06 20.92 21.09 21.57 21.19 22.50 22.71 21.31 20.57 20.51 20.42 20.47 20.55 20.62 20.78 21.04 21.05 21.14 21.27 21.55 21.48 21.64 21.75 21.97 21.98 22.15 22.80 22.72 23.26 22.87 23.07 23.29 23.46
20.25 20.40 21.02 20.95 21.34 21.35 21.71 21.79 22.27 22.15 22.10 22.25 22.59 22.50 22.53 22.54 22.60 22.48 22.71 22.47 22.78 23.18 23.05 22.66 22.28 22.14 22.03 22.12 22.24 22.19 22.02 21.63 21.51 21.34 21.22 21.23 21.29 21.38 21.40 21.40 21.87 21.62 21.98 22.43 23.32 21.70 21.01 21.03 20.96 20.98 21.04 21.09 21.21 21.30 21.40 21.60 21.60 22.33 21.95 22.18 22.32 22.20 22.65 22.60 22.89 23.21 23.29 23.47 23.65 23.61 23.85
20.68 20.93 21.10 22.08 21.67 22.03 21.95 22.32 22.27 22.85 22.63 22.68 22.91 23.35 22.99 23.01 22.97 22.94 23.05 22.93 22.94 23.23 24.00 22.86 22.79 22.65 22.51 22.71 22.90 22.61 22.34 22.15 21.95 21.84 21.78 21.82 21.90 21.93 21.91 22.00 22.44 22.01 22.70 22.96 23.82 22.38 21.54 21.54 21.42 21.43 21.46 21.55 21.62 21.75 22.00 22.26 22.05 22.17 22.58 22.44 22.74 22.77 22.93 23.22 23.21 24.06 23.59 23.96 24.21 23.96 24.23
21.07 21.17 21.43 21.59 22.37 22.25 22.41 22.81 22.67 23.26 23.12 23.13 23.19 23.63 23.30 23.39 23.36 23.39 23.36 23.27 23.24 23.40 24.16 23.30 23.50 23.14 22.97 23.11 23.20 22.95 22.75 22.54 22.45 22.33 22.34 22.32 22.32 22.36 22.40 22.52 22.91 22.85 23.05 23.68 23.52 22.30 22.11 22.00 21.92 21.87 21.90 22.00 22.03 22.08 22.44 22.39 22.56 22.48 23.20 23.20 23.38 23.71 23.46 23.75 23.84 24.21 24.09 24.24 24.36 24.50 24.56
21.43 21.56 21.78 22.03 22.22 22.96 23.36 22.82 23.46 23.24 23.39 23.44 23.49 23.50 24.06 24.05 23.72 23.66 23.88 23.69 23.67 23.69 23.91 23.85 23.62 23.49 23.45 23.56 23.49 23.29 23.14 22.95 22.83 22.76 22.69 22.77 22.80 22.81 22.93 23.02 23.64 23.42 23.56 24.27 23.75 22.68 22.70 22.51 22.44 22.41 22.40 22.39 22.47 22.48 22.72 22.80 23.06 23.00 23.27 23.26 23.94 23.71 24.11 24.46 24.12 24.42 24.92 24.60 24.66 24.83 24.96
21.83 21.96 22.06 22.32 22.56 22.78 23.80 23.29 23.37 23.62 23.61 23.69 23.77 23.78 23.98 24.04 24.32 24.05 24.13 24.08 24.04 24.30 24.12 24.06 23.96 23.91 23.88 23.86 23.77 23.65 23.53 23.27 23.26 23.24 23.13 23.22 23.28 23.37 23.39 23.47 24.00 24.03 24.05 23.58 24.73 23.10 23.15 23.04 22.93 22.89 22.92 22.84 22.82 22.91 22.97 23.31 23.24 23.95 23.49 24.12 23.71 25.00 24.38 24.39 25.03 24.74 25.17 24.96 24.99 25.10 25.27
22.27 22.31 22.40 22.58 22.84 23.10 23.80 23.63 23.72 24.04 23.87 23.96 24.00 24.02 24.16 24.47 24.54 24.38 24.55 24.36 24.39 24.47 24.37 24.70 24.31 24.20 24.23 24.16 24.02 23.96 23.81 23.70 23.62 23.61 23.62 23.64 23.69 23.77 23.85 23.86 24.31 24.33 24.26 24.14 24.85 23.58 23.58 23.52 23.43 23.33 23.36 23.46 23.26 23.46 23.39 23.59 23.54 23.97 24.06 24.05 24.37 24.37 25.36 25.19 25.32 25.35 25.39 25.29 25.29 25.27 25.41
22.85 22.71 22.88 22.99 23.15 23.50 23.72 24.58 23.98 24.13 24.14 24.24 24.29 24.25 24.43 24.58 24.61 24.64 24.85 24.68 24.69 24.79 24.69 24.92 24.60 24.55 24.45 24.37 24.25 24.14 24.12 24.05 24.02 24.01 23.98 23.97 24.03 24.18 24.23 24.27 24.50 24.48 24.33 25.06 24.22 24.05 23.96 23.95 23.96 23.79 23.80 23.92 23.72 23.76 24.04 23.83 24.05 24.10 25.11 24.40 24.72 24.73 25.47 25.19 25.21 25.63 25.59 25.57 25.60 25.63 25.61
23.30 23.07 23.14 23.33 23.44 23.64 23.87 24.22 24.40 24.43 24.41 24.46 24.48 24.49 24.62 24.76 24.93 25.19 25.15 25.04 24.98 24.93 24.96 25.08 24.90 24.78 24.68 24.61 24.43 24.36 24.40 24.35 24.28 24.26 24.18 24.27 24.31 24.51 24.51 24.54 24.66 24.66 24.52 25.09 24.57 24.50 24.33 24.38 24.40 24.29 24.28 24.40 24.25 24.23 24.74 24.46 24.36 24.48 24.65 25.26 25.16 25.17 25.42 -9999.00 -9999.00 25.95 25.78 25.80 25.87 25.90 25.90
23.36 23.44 23.69 23.80 23.79 23.91 24.19 24.36 25.30 24.74 24.65 24.69 24.75 24.77 24.83 24.97 25.42 25.53 25.31 25.27 25.23 25.22 25.26 25.12 25.03 24.94 24.93 24.85 24.75 24.62 24.64 24.63 24.57 24.50 24.48 24.53 24.58 24.67 24.67 24.78 24.81 24.88 24.90 24.91 25.20 24.96 24.75 24.87 24.82 24.73 24.78 24.92 24.74 24.70 24.91 25.36 24.75 24.80 24.96 25.10 25.81 -9999.00 -9999.00 -9999.00 -9999.00 -9999.00 26.10 26.01 26.06 26.07 -9999.00
23.76 24.02 23.99 24.35 24.23 24.26 24.39 24.74 24.91 25.09 24.93 24.99 25.02 25.04 25.08 25.20 25.25 25.40 25.71 25.51 25.46 25.42 25.28 25.26 25.17 25.13 25.12 25.05 24.98 24.85 24.83 24.87 24.87 24.90 24.82 24.77 24.77 24.81 24.93 24.97 25.02 25.07 25.16 25.25 25.65 25.17 25.30 25.32 25.21 25.19 25.31 25.34 25.14 25.11 25.56 25.65 25.19 25.24 25.37 25.53 -9999.00 -9999.00 -9999.00 -9999.00 -9999.00 -9999.00 -9999.00 -9999.00 -9999.00 -9999.00 -9999.00
24.04 24.24 24.28 24.56 24.73 24.61 24.71 24.89 25.09 25.71 25.23 25.20 25.23 25.28 25.35 25.54 25.53 25.57 25.66 25.81 25.68 25.67 25.48 25.36 25.33 25.28 25.20 25.17 25.16 25.15 25.15 25.11 25.02 25.11 25.12 25.00 25.00 25.02 25.10 25.17 25.30 25.35 25.37 25.44 25.76 25.51 25.76 25.69 25.60 25.61 25.64 25.79 25.49 25.47 25.88 25.74 25.58 25.73 26.03 26.10 -9999.00 -9999.00 -9999.00 -9999.00 -9999.00 -9999.00 -9999.00 -9999.00 -9999.00 -9999.00 -9999.00
