maui/input/air_temperature_monthly/tmaxjun_250m_maui.asc
ncols        356
nrows        236
xllcorner    -156.702000000000
yllcorner    20.529750000000
cellsize     0.002250000000
NODATA_value  -99.00
[rows 128 to 159 of 236, columns 213 to 283 of 356]
16.95 17.00 16.95 16.94 16.94 17.06 17.86 18.27 18.45 18.46 18.52 18.44 18.45 18.50 18.51 18.47 18.22 18.28 18.27 18.35 18.51 18.65 18.59 18.59 18.63 18.72 18.84 18.90 18.94 18.99 19.06 19.15 19.15 19.23 19.27 19.19 19.07 19.04 18.97 18.93 18.75 18.58 18.53 18.48 18.42 18.39 18.30 18.24 18.19 18.44 19.09 19.05 18.55 18.33 18.39 18.44 18.36 18.44 18.57 18.71 18.87 19.14 19.49 19.88 20.21 20.54 20.71 20.91 21.08 21.21 21.32
16.75 16.85 16.81 17.50 17.98 18.16 18.17 18.22 18.23 18.31 18.30 18.18 18.21 18.22 18.17 18.14 18.15 18.14 18.23 18.34 18.46 18.54 18.57 18.52 18.62 18.65 18.77 18.77 18.93 18.98 19.10 19.15 19.15 19.20 19.43 19.22 19.08 19.04 18.94 18.94 18.81 18.65 18.61 18.58 18.55 18.49 18.42 18.34 18.40 19.19 19.15 18.96 18.37 18.21 18.24 18.25 18.18 18.20 18.31 18.34 18.44 18.59 18.84 19.20 19.59 19.84 20.14 20.39 20.55 20.71 20.78
16.59 16.77 17.62 18.53 18.42 18.34 18.29 18.24 18.20 18.24 18.06 17.92 17.93 17.98 17.96 17.92 18.01 18.13 18.19 18.36 18.35 18.44 18.52 18.48 18.48 18.56 18.63 18.71 18.83 18.91 19.03 19.07 19.11 19.34 19.27 19.16 19.09 19.00 18.94 18.92 18.86 18.69 18.59 18.59 18.55 18.55 18.51 18.51 18.89 19.33 19.20 18.55 18.27 18.18 18.13 18.16 18.05 18.01 18.09 18.12 18.17 18.27 18.39 18.63 18.96 19.14 19.47 19.78 20.00 20.20 20.12
16.36 17.31 18.54 18.61 18.51 18.42 18.35 18.27 18.23 18.05 17.81 17.66 17.71 17.76 17.81 17.84 17.89 18.02 18.16 18.14 18.23 18.35 18.35 18.39 18.35 18.49 18.57 18.62 18.73 18.84 18.95 18.90 19.04 19.15 19.12 19.03 18.98 18.97 18.88 18.90 18.87 18.67 18.60 18.56 18.52 18.49 18.48 18.49 19.08 19.27 18.98 18.32 18.21 18.22 18.14 18.04 17.91 17.83 17.84 17.87 17.95 18.00 18.09 18.23 18.36 18.46 18.80 19.20 19.51 19.67 19.73
16.10 17.13 17.91 18.29 18.54 18.38 18.27 18.16 17.97 17.86 17.56 17.43 17.47 17.61 17.59 17.69 17.82 17.98 17.98 18.03 18.16 18.17 18.21 18.27 18.26 18.35 18.39 18.45 18.73 18.79 18.84 18.86 18.98 18.98 18.99 18.90 18.89 18.87 18.80 18.80 18.76 18.62 18.51 18.48 18.39 18.34 18.35 18.34 18.66 18.80 18.48 18.18 18.22 18.28 18.17 18.06 17.93 17.78 17.68 17.71 17.76 17.79 17.80 17.86 17.90 18.04 18.34 18.66 19.01 19.25 19.54
16.19 17.16 16.80 16.90 17.84 18.20 18.07 17.88 17.76 17.70 17.47 17.36 17.37 17.41 17.60 17.65 17.79 17.80 17.77 17.91 17.82 17.94 18.08 18.01 18.08 18.16 18.27 18.50 18.59 18.73 18.65 18.78 18.82 18.84 18.82 18.80 18.74 18.74 18.65 18.62 18.61 18.63 18.33 18.30 18.28 18.20 18.15 18.16 18.19 18.23 18.15 18.10 18.14 18.18 18.22 18.09 18.00 17.88 17.75 17.68 17.68 17.60 17.61 17.68 17.68 17.78 17.93 18.26 18.59 18.88 19.22
15.92 16.19 16.17 16.44 16.60 17.31 17.59 17.68 17.68 17.61 17.43 17.29 17.30 17.30 17.47 17.62 17.70 17.58 17.60 17.67 17.64 17.73 17.83 17.76 17.89 18.05 18.20 18.33 18.45 18.52 18.54 18.62 18.63 18.63 18.63 18.60 18.55 18.48 18.48 18.33 18.41 18.42 18.13 18.16 18.16 18.04 17.97 17.96 17.83 17.80 17.88 17.93 18.02 18.06 18.14 18.10 18.09 17.98 17.81 17.72 17.58 17.49 17.50 17.53 17.52 17.54 17.70 18.00 18.25 18.56 18.92
15.79 15.83 15.96 16.05 16.66 17.44 17.51 17.64 17.61 17.48 17.37 17.30 17.32 17.29 17.25 17.41 17.50 17.36 17.33 17.49 17.46 17.60 17.63 17.60 17.82 17.88 18.03 18.17 18.24 18.34 18.24 18.39 18.46 18.41 18.36 18.36 18.29 18.21 18.16 18.13 18.20 18.13 17.97 18.01 17.95 17.84 17.71 17.72 17.56 17.56 17.65 17.77 17.81 17.96 18.14 18.09 18.12 18.03 17.87 17.78 17.62 17.51 17.41 17.35 17.33 17.40 17.55 17.78 18.00 18.29 18.70
15.71 15.92 16.44 16.64 16.75 17.42 17.49 17.61 17.56 17.42 17.38 17.32 17.34 17.28 17.25 17.05 17.04 16.97 17.02 17.09 17.24 17.37 17.47 17.55 17.61 17.70 17.86 18.03 17.95 18.10 17.97 18.08 18.14 18.13 18.10 18.06 17.98 17.95 17.89 17.90 17.98 17.89 17.87 17.75 17.67 17.59 17.45 17.47 17.38 17.37 17.41 17.51 17.63 17.81 17.94 18.04 18.05 17.95 17.89 17.82 17.66 17.49 17.33 17.26 17.29 17.30 17.40 17.57 17.76 18.12 18.44
16.04 16.46 16.81 17.25 17.29 17.34 17.43 17.48 17.50 17.40 17.28 17.29 17.39 17.33 17.28 16.75 16.52 16.60 16.88 16.87 17.17 17.25 17.26 17.38 17.32 17.54 17.57 17.74 17.69 17.71 17.90 17.82 17.86 17.79 17.73 17.61 17.63 17.64 17.56 17.56 17.62 17.57 17.65 17.45 17.37 17.23 17.22 17.24 17.20 17.16 17.17 17.34 17.48 17.70 17.89 17.96 17.95 17.88 17.91 17.79 17.65 17.41 17.32 17.23 17.19 17.22 17.32 17.41 17.63 17.86 18.27
16.15 16.77 17.23 17.30 17.32 17.31 17.39 17.41 17.40 17.32 17.29 17.28 17.33 17.34 17.33 16.93 16.14 16.16 16.57 16.52 16.63 16.88 16.90 17.12 16.98 17.17 17.33 17.48 17.41 17.47 17.60 17.48 17.53 17.49 17.43 17.30 17.29 17.22 17.30 17.21 17.23 17.31 17.30 17.11 16.99 17.03 16.78 16.97 17.01 16.89 16.94 17.16 17.43 17.66 17.86 17.84 17.81 17.81 17.76 17.62 17.47 17.37 17.27 17.21 17.14 17.13 17.24 17.33 17.54 17.77 18.10
16.31 16.79 17.30 17.32 17.29 17.27 17.29 17.31 17.31 17.27 17.20 17.25 17.30 17.38 17.42 16.78 15.97 16.23 16.19 16.23 16.32 16.40 16.57 16.63 16.67 16.76 17.01 17.09 17.02 17.14 17.21 17.17 17.13 17.13 17.00 16.87 16.85 16.82 17.09 16.80 16.73 16.90 16.88 16.68 16.64 16.96 16.32 16.40 16.63 16.64 16.69 16.97 17.35 17.55 17.55 17.59 17.66 17.71 17.68 17.52 17.39 17.35 17.22 17.14 17.08 17.09 17.14 17.25 17.44 17.60 17.88
16.70 17.11 17.25 17.17 17.20 17.21 17.12 17.22 17.19 17.15 17.20 17.21 17.28 17.41 17.43 17.27 16.45 15.89 16.01 16.12 16.02 16.07 16.21 16.21 16.25 16.49 16.67 16.71 16.64 16.72 16.76 16.79 16.67 16.71 16.56 16.44 16.52 16.61 16.67 16.43 16.37 16.50 16.40 16.26 16.28 16.57 16.24 16.27 16.48 16.41 16.51 16.72 16.99 17.29 17.29 17.43 17.50 17.59 17.42 17.19 17.34 17.19 17.09 17.00 16.93 16.99 17.06 17.20 17.41 17.54 17.85
16.69 16.88 17.00 17.04 17.14 17.14 17.04 17.05 17.09 17.08 17.09 17.17 17.24 17.30 17.38 17.32 16.79 16.11 15.74 15.87 15.74 15.83 15.88 16.06 16.04 16.19 16.23 16.29 16.25 16.35 16.34 16.28 16.19 16.26 16.20 15.96 16.10 16.26 16.24 16.06 16.19 16.08 15.91 15.89 16.02 16.17 15.85 16.30 16.37 16.31 16.32 16.53 16.77 16.92 17.05 17.19 17.18 17.32 17.16 17.01 16.86 16.86 16.83 16.79 16.82 16.81 16.93 17.15 17.29 17.39 17.45
16.26 16.73 16.91 16.95 17.07 17.06 16.93 16.93 17.00 16.93 16.97 17.05 17.09 17.06 17.28 17.12 16.80 16.13 15.54 15.49 15.46 15.66 15.63 15.77 15.92 15.97 16.02 16.07 16.05 16.12 16.12 16.04 15.99 16.00 15.97 15.79 15.81 15.92 15.92 15.77 15.79 15.49 15.42 15.46 15.82 15.71 15.68 15.92 16.11 16.14 16.10 16.28 16.58 16.82 16.88 16.78 16.75 16.75 16.85 16.71 16.54 16.50 16.58 16.62 16.68 16.60 16.30 16.41 16.84 17.21 17.43
16.53 16.76 16.77 16.84 16.92 16.87 16.80 16.79 16.91 16.88 16.95 17.02 16.98 16.91 16.51 16.55 16.52 16.11 15.63 15.13 15.20 15.33 15.41 15.48 15.65 15.74 15.78 15.88 15.87 15.92 15.91 15.90 15.91 15.90 15.82 15.68 15.76 15.75 15.66 15.63 15.46 15.23 15.10 15.12 15.32 15.48 15.80 15.62 15.54 15.78 15.76 15.88 16.14 16.37 16.39 16.56 16.49 16.67 16.70 16.52 16.37 16.38 16.39 16.50 16.57 16.58 16.48 16.66 17.00 17.25 17.44
16.74 16.76 16.76 16.79 16.78 16.74 16.73 16.72 16.78 16.77 16.88 16.81 16.96 16.90 16.59 15.96 15.88 15.71 15.40 14.95 15.08 15.18 15.28 15.33 15.44 15.50 15.57 15.66 15.63 15.69 15.69 15.72 15.76 15.78 15.66 15.61 15.63 15.49 15.43 15.40 15.28 15.06 14.96 14.93 14.93 15.08 15.40 15.22 15.24 15.37 15.62 15.50 15.80 16.02 16.17 16.48 16.61 16.60 16.53 16.42 16.32 16.31 16.35 16.50 16.82 17.29 17.31 17.19 17.54 17.31 17.47
16.75 16.74 16.75 16.77 16.73 16.72 16.73 16.71 16.75 16.76 16.75 16.72 16.67 16.88 16.83 16.38 15.65 15.34 15.19 15.36 15.58 15.74 15.87 15.89 15.86 15.86 15.83 15.60 15.45 15.45 15.50 15.52 15.61 15.60 15.52 15.45 15.41 15.35 15.26 15.16 15.06 14.95 14.84 14.90 15.18 15.27 15.36 15.26 15.24 15.58 15.68 15.58 15.76 16.23 16.42 16.54 16.54 16.51 16.42 16.34 16.28 16.24 16.25 16.50 17.10 17.57 17.86 17.84 18.08 17.91 17.21
16.72 16.73 16.74 16.76 16.72 16.70 16.72 16.72 16.76 16.77 16.75 16.70 16.62 16.61 16.54 16.41 15.87 15.53 15.57 15.66 15.90 16.16 16.29 16.34 16.29 16.30 16.34 16.28 16.06 15.98 15.89 15.81 15.47 15.40 15.40 15.27 15.19 15.16 15.12 15.05 15.01 14.92 15.01 15.32 16.49 16.65 16.97 15.73 15.25 15.49 15.64 15.73 15.75 16.01 16.50 16.51 16.48 16.43 16.33 16.19 16.13 16.14 16.14 16.97 17.79 18.14 18.27 18.34 18.42 18.39 17.60
16.66 16.69 16.71 16.68 16.68 16.73 16.74 16.78 16.79 16.79 16.78 16.72 16.69 16.60 16.43 16.21 16.05 15.86 15.81 15.89 16.10 16.42 16.56 16.58 16.54 16.63 16.71 16.74 16.55 16.39 16.30 16.17 15.74 15.99 15.96 15.66 15.32 15.43 15.48 15.42 15.29 15.29 15.38 15.19 16.06 16.90 17.20 17.08 16.20 15.61 15.66 16.14 15.68 15.67 16.19 16.44 16.20 16.18 16.16 15.77 15.88 15.89 16.18 17.06 17.94 18.62 18.54 18.61 18.64 18.71 18.48
16.61 16.65 16.70 16.65 16.69 16.74 16.77 16.81 16.80 16.79 16.79 16.78 16.73 16.73 16.62 16.52 16.31 16.10 16.05 16.03 16.29 16.51 16.64 16.66 16.69 16.80 16.96 17.06 17.06 16.92 16.84 16.34 16.02 16.04 15.98 15.91 15.58 15.71 15.61 15.72 15.66 15.98 15.77 15.74 15.79 16.97 17.14 17.24 16.84 16.52 16.53 16.68 15.76 16.22 16.28 16.45 16.07 16.02 15.88 15.85 15.96 16.71 17.18 17.53 18.22 18.76 18.82 18.75 18.80 18.85 18.86
16.54 16.55 16.59 16.61 16.66 16.71 16.76 16.81 16.82 16.79 16.72 16.75 16.76 16.63 16.43 16.55 16.34 16.47 16.48 16.52 16.59 16.60 16.71 16.77 16.87 16.91 17.05 17.13 17.18 17.19 17.21 16.92 16.31 16.08 16.03 15.93 15.55 15.69 15.93 15.87 16.04 16.25 16.27 16.12 15.71 16.70 17.40 17.47 17.70 17.32 17.28 17.00 16.41 16.49 17.15 17.00 16.81 16.46 16.25 16.38 16.34 16.85 16.94 17.20 18.05 18.50 19.02 18.94 18.95 19.00 19.09
16.41 16.45 16.49 16.57 16.63 16.71 16.76 16.80 16.80 16.71 16.68 16.67 16.66 16.58 16.44 16.37 16.56 16.59 16.58 16.61 16.61 16.64 16.75 16.88 16.96 17.05 17.19 17.22 17.20 17.22 17.20 17.15 16.79 16.49 16.37 16.31 15.50 15.91 15.96 16.27 16.19 16.30 16.41 16.62 16.20 17.00 17.44 17.46 17.62 18.06 18.05 18.32 17.59 17.57 18.13 18.38 17.96 17.00 17.05 16.79 17.02 17.38 17.74 18.17 18.82 19.06 19.12 19.10 19.04 19.12 19.19
16.30 16.08 16.25 16.49 16.54 16.54 16.59 16.55 16.65 16.63 16.63 16.62 16.49 16.51 16.62 16.62 16.62 16.59 16.59 16.64 16.62 16.65 16.72 16.91 17.07 17.16 17.27 17.29 17.31 17.25 17.21 17.08 16.96 16.66 16.57 16.55 15.88 15.52 16.17 16.53 16.49 16.41 16.50 16.58 16.74 16.61 17.42 17.56 17.59 17.73 17.90 18.06 18.18 18.26 18.22 18.53 18.48 17.38 17.77 17.67 17.36 17.88 18.27 18.61 19.00 19.19 19.14 19.16 19.10 19.15 19.33
16.30 15.98 16.08 16.40 16.44 16.49 16.57 16.52 16.45 16.58 16.62 16.67 16.42 16.49 16.64 16.56 16.62 16.62 16.65 16.64 16.63 16.66 16.81 16.93 17.10 17.18 17.26 17.35 17.04 17.14 17.17 17.04 17.01 16.94 16.80 16.76 16.61 15.29 15.46 16.39 16.61 16.60 16.57 16.82 16.90 16.91 17.00 17.25 17.56 17.62 17.69 17.77 17.93 18.13 18.25 18.41 18.44 17.46 19.05 18.77 18.27 17.63 18.33 19.08 19.14 19.22 19.17 19.21 19.19 19.24 19.37
16.33 16.32 16.38 16.48 16.53 16.59 16.61 16.47 16.52 16.67 16.73 16.74 16.72 16.64 16.67 16.66 16.65 16.66 16.65 16.63 16.64 16.70 16.81 16.91 17.11 17.24 17.37 17.40 17.31 17.35 17.20 17.03 17.03 16.98 16.92 16.79 16.65 16.26 15.28 15.41 16.19 16.50 16.87 16.89 16.88 16.89 16.89 17.04 17.50 17.63 17.59 17.64 17.83 18.01 18.16 18.27 18.38 18.39 18.68 19.40 19.04 18.42 17.93 19.10 19.20 19.22 19.19 19.22 19.24 19.34 19.48
16.35 16.39 16.42 16.52 16.54 16.59 16.59 16.61 16.47 16.71 16.75 16.75 16.73 16.71 16.68 16.67 16.68 16.67 16.62 16.44 16.63 16.76 16.84 16.97 17.13 17.24 17.38 17.46 17.53 17.60 17.47 17.25 17.22 17.12 16.97 16.82 16.66 15.98 14.90 14.63 15.24 15.81 16.76 16.92 16.93 16.91 16.90 16.89 16.93 17.10 17.55 17.66 17.74 17.95 18.11 18.26 18.38 18.54 18.60 19.54 19.62 19.21 17.98 18.87 19.11 19.17 19.13 19.11 18.91 18.58 19.62
16.12 16.14 16.41 16.51 16.59 16.60 16.62 16.64 16.70 16.66 16.72 16.74 16.73 16.72 16.71 16.69 16.68 16.66 16.62 16.45 16.60 16.71 16.84 16.98 17.14 17.22 17.39 17.49 17.70 17.77 17.71 17.53 17.44 17.35 17.29 17.02 16.32 15.11 14.63 14.53 14.67 15.20 15.76 16.56 16.99 16.98 16.96 16.91 16.91 16.94 16.93 17.34 17.67 17.94 18.19 18.30 18.49 18.70 19.12 19.42 19.54 19.63 18.85 18.10 18.15 18.09 18.07 17.75 17.55 18.34 19.39
16.02 16.12 16.43 16.55 16.58 16.60 16.65 16.67 16.69 16.72 16.69 16.71 16.72 16.71 16.70 16.68 16.67 16.65 16.62 16.62 16.64 16.65 16.83 17.00 17.14 17.32 17.45 17.66 17.86 18.11 18.05 17.93 17.84 17.73 17.64 17.51 16.77 15.61 14.77 14.60 14.96 15.84 16.41 16.67 16.64 17.01 17.03 16.96 17.02 16.99 16.93 16.90 17.31 18.04 18.15 18.24 18.58 18.80 19.05 19.27 19.54 19.63 19.80 19.06 19.78 19.06 18.74 18.11 16.87 17.46 18.25
15.96 16.14 16.35 16.48 16.52 16.57 16.58 16.59 16.62 16.64 16.67 16.67 16.66 16.63 16.57 16.45 16.47 16.59 16.60 16.59 16.55 16.58 16.61 16.80 16.99 17.33 17.65 17.87 18.24 18.41 18.37 18.24 18.19 18.06 17.96 17.81 16.91 15.92 15.04 14.77 14.67 15.26 15.32 15.68 16.13 16.99 17.12 17.14 17.12 17.17 16.99 16.99 17.03 17.19 17.74 17.87 18.56 18.81 18.98 19.18 19.51 19.73 19.83 20.18 20.21 20.25 19.54 18.75 17.22 17.02 18.17
15.71 15.89 16.04 16.26 16.35 16.34 16.24 16.27 16.28 16.30 16.49 16.64 16.46 16.17 16.03 15.97 16.06 16.22 16.34 16.29 16.20 16.24 16.20 16.48 17.21 17.70 18.06 18.49 18.64 18.70 18.70 18.72 18.61 18.45 18.28 18.20 17.90 16.41 15.29 15.08 14.97 14.96 15.07 15.08 15.74 16.56 16.62 16.94 16.72 16.43 17.03 17.21 17.18 17.22 17.43 17.64 17.89 18.51 18.70 19.14 19.50 19.68 19.85 20.11 20.32 20.38 20.37 19.39 17.92 17.32 17.61
15.33 15.45 15.67 15.82 15.91 15.84 15.82 15.83 15.91 16.06 16.15 16.25 16.15 15.77 15.73 15.70 15.68 15.73 15.83 15.75 15.75 15.76 15.92 16.43 16.82 17.85 18.65 18.94 19.09 19.08 19.02 19.02 19.02 18.82 18.62 18.47 18.38 16.85 16.04 15.56 15.47 15.38 15.38 15.38 15.50 15.53 15.60 15.99 15.73 15.67 16.52 16.78 17.71 17.57 17.68 17.83 17.99 18.18 18.29 18.50 19.06 19.69 19.90 20.10 20.28 20.42 20.55 19.97 18.40 17.68 17.86
