maui/input/air_temperature_monthly/tmaxjun_250m_maui.asc
ncols        356
nrows        236
xllcorner    -156.702000000000
yllcorner    20.529750000000
cellsize     0.002250000000
NODATA_value  -99.00
[rows 64 to 95 of 236, columns 71 to 141 of 356]
25.55 25.91 26.05 26.41 26.99 27.38 27.49 27.66 27.84 27.97 28.15 28.34 28.45 28.53 28.60 28.73 28.85 28.95 29.03 29.05 28.93 29.17 -9999.00 -9999.00 -9999.00 -9999.00 -9999.00 -9999.00 -9999.00 -9999.00 -9999.00 -9999.00 -9999.00 -9999.00 -9999.00 -9999.00 -9999.00 -9999.00 -9999.00 -9999.00 -9999.00 -9999.00 -9999.00 -9999.00 -9999.00 -9999.00 -9999.00 -9999.00 -9999.00 -9999.00 -9999.00 -9999.00 -9999.00 -9999.00 -9999.00 -9999.00 -9999.00 -9999.00 -9999.00 -9999.00 -9999.00 -9999.00 -9999.00 -9999.00 -9999.00 -9999.00 -9999.00 -9999.00 -9999.00 -9999.00 -9999.00
24.85 25.68 26.27 26.61 26.57 26.73 26.72 26.93 27.15 27.61 28.11 28.33 28.45 28.56 28.66 28.77 28.83 28.96 29.02 28.91 29.02 29.04 -9999.00 -9999.00 -9999.00 -9999.00 -9999.00 -9999.00 -9999.00 -9999.00 -9999.00 -9999.00 -9999.00 -9999.00 -9999.00 -9999.00 -9999.00 -9999.00 -9999.00 -9999.00 -9999.00 -9999.00 -9999.00 -9999.00 -9999.00 -9999.00 -9999.00 -9999.00 -9999.00 -9999.00 -9999.00 -9999.00 -9999.00 -9999.00 -9999.00 -9999.00 -9999.00 -9999.00 -9999.00 -9999.00 -9999.00 -9999.00 -9999.00 -9999.00 -9999.00 29.03 29.02 29.01 28.99 28.97 28.96
25.02 25.23 26.05 26.34 26.72 27.11 27.25 27.28 27.26 27.58 27.95 28.27 28.45 28.47 28.69 28.71 28.87 28.97 28.98 28.86 29.00 29.09 29.16 -9999.00 -9999.00 -9999.00 -9999.00 -9999.00 -9999.00 -9999.00 -9999.00 -9999.00 -9999.00 -9999.00 -9999.00 -9999.00 -9999.00 -9999.00 -9999.00 -9999.00 -9999.00 -9999.00 -9999.00 -9999.00 -9999.00 -9999.00 -9999.00 -9999.00 -9999.00 -9999.00 -9999.00 -9999.00 -9999.00 -9999.00 -9999.00 -9999.00 -9999.00 -9999.00 -9999.00 -9999.00 29.05 29.04 29.04 29.03 29.03 29.01 29.01 29.00 28.98 28.96 28.95
26.64 26.65 26.87 27.03 27.16 27.20 27.39 27.78 28.00 28.13 28.24 28.31 28.33 28.53 28.57 28.72 28.85 28.91 28.92 28.79 28.95 29.05 29.13 29.15 29.17 -9999.00 -9999.00 -9999.00 -9999.00 -9999.00 -9999.00 -9999.00 -9999.00 -9999.00 -9999.00 -9999.00 -9999.00 -9999.00 -9999.00 -9999.00 -9999.00 -9999.00 -9999.00 -9999.00 -9999.00 -9999.00 -9999.00 -9999.00 -9999.00 -9999.00 -9999.00 -9999.00 29.18 -9999.00 -9999.00 -9999.00 -9999.00 -9999.00 29.12 29.11 29.08 29.03 29.04 29.02 29.01 28.99 28.99 28.98 28.96 28.95 28.93
25.30 25.82 26.62 27.17 27.08 27.67 27.74 27.74 27.92 28.11 27.97 28.24 28.46 28.47 28.61 28.74 28.80 28.83 28.89 28.87 29.00 29.07 29.08 29.14 29.16 29.19 -9999.00 -9999.00 -9999.00 -9999.00 -9999.00 -9999.00 -9999.00 -9999.00 -9999.00 -9999.00 -9999.00 -9999.00 -9999.00 -9999.00 -9999.00 -9999.00 -9999.00 -9999.00 -9999.00 -9999.00 -9999.00 -9999.00 -9999.00 -9999.00 29.20 29.19 29.19 29.16 29.16 29.16 29.15 29.14 29.12 29.09 29.06 29.03 29.04 29.02 28.99 28.98 28.96 28.92 28.94 28.90 28.85
25.52 26.22 27.17 26.79 27.33 26.85 27.10 26.93 27.61 28.07 28.18 28.35 28.24 28.40 28.54 28.68 28.71 28.78 28.69 28.94 28.99 28.97 28.95 29.10 29.13 29.17 29.21 -9999.00 -9999.00 -9999.00 -9999.00 -9999.00 -9999.00 -9999.00 -9999.00 -9999.00 -9999.00 -9999.00 -9999.00 -9999.00 -9999.00 -9999.00 -9999.00 -9999.00 -9999.00 -9999.00 -9999.00 -9999.00 -9999.00 29.20 29.19 29.19 29.18 29.15 29.12 29.15 29.15 29.13 29.11 29.09 29.07 29.03 29.03 28.98 28.97 28.96 28.95 28.91 28.90 28.88 28.83
26.86 26.64 26.00 25.87 26.28 25.89 26.40 26.84 27.10 27.59 27.92 28.03 28.18 28.35 28.50 28.60 28.70 28.78 28.73 28.87 28.96 29.02 29.07 29.09 29.11 29.08 29.17 -9999.00 -9999.00 -9999.00 -9999.00 -9999.00 -9999.00 -9999.00 -9999.00 -9999.00 -9999.00 -9999.00 -9999.00 -9999.00 -9999.00 -9999.00 -9999.00 -9999.00 -9999.00 -9999.00 29.21 29.20 29.19 29.18 29.17 29.17 29.14 29.11 29.11 29.11 29.14 29.11 29.10 29.09 29.05 29.04 29.00 28.98 28.95 28.94 28.94 28.87 28.81 28.87 28.82
25.06 24.95 25.70 26.11 26.51 26.83 27.11 27.43 27.72 27.78 27.82 28.07 28.25 28.37 28.52 28.62 28.71 28.78 28.88 28.95 28.99 29.01 29.05 29.07 28.94 29.07 29.19 -9999.00 -9999.00 -9999.00 -9999.00 -9999.00 -9999.00 -9999.00 -9999.00 -9999.00 -9999.00 -9999.00 -9999.00 -9999.00 -9999.00 -9999.00 -9999.00 -9999.00 -9999.00 29.21 29.19 29.19 29.17 29.18 29.16 29.16 29.14 29.10 29.10 29.09 29.11 29.11 29.09 29.07 29.05 29.02 28.99 28.97 28.93 28.92 28.91 28.83 28.77 28.79 28.81
24.26 24.78 25.48 26.11 26.27 27.07 27.27 27.38 27.16 27.19 27.71 27.96 28.27 28.41 28.50 28.59 28.69 28.78 28.89 28.95 28.98 28.98 29.01 28.86 29.07 29.15 29.18 29.22 29.23 -9999.00 -9999.00 -9999.00 -9999.00 -9999.00 -9999.00 -9999.00 -9999.00 -9999.00 -9999.00 -9999.00 -9999.00 -9999.00 29.23 29.23 29.21 29.20 29.18 29.16 29.17 29.18 29.16 29.14 29.13 29.11 29.10 29.09 29.08 29.08 29.07 29.07 29.04 29.03 29.00 28.98 28.93 28.92 28.92 28.85 28.77 28.75 28.79
23.80 24.38 25.22 26.39 26.44 26.22 27.02 26.74 26.60 27.16 27.67 27.94 28.20 28.35 28.51 28.59 28.69 28.84 28.91 28.92 28.92 28.97 28.86 28.99 29.11 29.11 29.17 29.18 -9999.00 -9999.00 -9999.00 -9999.00 -9999.00 -9999.00 29.24 29.23 29.23 29.23 29.23 29.23 29.23 29.23 29.22 29.23 29.21 29.18 29.17 29.16 29.16 29.17 29.13 29.12 29.13 29.12 29.10 29.09 29.08 29.07 29.05 29.06 29.04 29.03 29.02 29.00 28.99 28.96 28.95 28.89 28.78 28.70 28.76
23.72 24.32 24.78 24.96 25.66 26.24 25.98 26.31 26.64 27.16 27.61 28.00 28.16 28.33 28.52 28.61 28.80 28.82 28.86 28.88 28.90 28.78 28.92 29.00 29.10 29.14 29.17 29.19 -9999.00 -9999.00 -9999.00 -9999.00 -9999.00 29.24 29.24 29.24 29.24 29.24 29.24 29.24 29.23 29.23 29.22 29.21 29.21 29.19 29.17 29.16 29.16 29.17 29.10 29.09 29.11 29.10 29.10 29.10 29.08 29.07 29.04 29.03 29.03 29.03 29.02 29.01 28.99 28.96 28.93 28.86 28.73 28.68 28.71
23.80 24.13 24.63 24.71 25.07 25.48 26.04 26.79 27.14 27.44 27.71 28.02 28.19 28.35 28.56 28.73 28.76 28.75 28.80 28.86 28.82 28.83 28.93 29.05 29.12 29.17 29.17 29.18 29.22 29.23 -9999.00 -9999.00 29.24 29.24 29.24 29.24 29.24 29.24 29.24 29.24 29.24 29.23 29.21 29.21 29.23 29.22 29.19 29.16 29.15 29.14 29.11 29.09 29.09 29.09 29.09 29.09 29.08 29.07 29.04 28.99 28.99 29.01 29.00 28.96 28.94 28.94 28.90 28.85 28.77 28.67 28.62
25.24 24.99 25.40 25.88 26.70 26.55 26.57 26.44 26.78 27.35 27.81 28.14 28.25 28.55 28.67 28.69 28.65 28.69 28.78 28.83 28.82 28.91 28.99 29.08 29.10 29.10 29.17 29.19 29.18 29.22 29.23 29.24 29.25 29.25 29.25 29.25 29.25 29.25 29.25 29.25 29.24 29.23 29.22 29.19 29.22 29.18 29.18 29.17 29.16 29.13 29.12 29.10 29.09 29.08 29.09 29.09 29.09 29.07 29.04 28.98 28.97 28.98 28.97 28.92 28.89 28.88 28.88 28.83 28.77 28.68 28.61
26.00 26.66 26.66 27.34 26.94 27.12 27.31 27.39 27.55 27.75 28.03 28.21 28.51 28.61 28.51 28.52 28.61 28.69 28.79 28.85 28.83 28.93 29.00 29.10 29.08 29.16 29.12 29.18 29.18 29.20 29.22 29.24 29.25 29.25 29.25 29.25 29.25 29.24 29.24 29.25 29.24 29.22 29.20 29.19 29.14 29.15 29.14 29.18 29.18 29.15 29.11 29.10 29.09 29.07 29.07 29.08 29.08 29.07 29.03 28.99 28.96 28.95 28.94 28.90 28.87 28.85 28.84 28.77 28.72 28.66 28.58
26.82 26.93 27.49 27.69 27.92 28.01 28.08 28.13 27.95 28.09 28.28 28.44 28.52 28.36 28.46 28.55 28.63 28.72 28.81 28.81 28.82 29.03 28.95 28.95 29.11 29.06 29.12 29.12 29.13 29.20 29.24 29.24 29.24 29.24 29.24 29.24 29.24 29.23 29.23 29.24 29.23 29.22 29.18 29.18 29.16 29.14 29.15 29.16 29.16 29.12 29.10 29.09 29.08 29.07 29.07 29.07 29.07 29.06 29.04 28.99 28.96 28.94 28.90 28.88 28.84 28.81 28.77 28.73 28.72 28.64 28.59
27.50 27.52 27.54 27.48 27.38 27.57 27.69 27.79 28.09 28.22 28.14 27.99 28.26 28.37 28.49 28.59 28.65 28.74 28.82 28.81 28.78 28.85 28.96 29.04 29.10 29.04 29.08 29.12 29.20 29.17 29.21 29.22 29.22 29.22 29.22 29.22 29.22 29.22 29.23 29.23 29.23 29.22 29.19 29.16 29.15 29.14 29.15 29.15 29.16 29.13 29.11 29.10 29.08 29.07 29.06 29.04 29.05 29.05 29.03 29.00 28.96 28.94 28.90 28.88 28.83 28.79 28.75 28.72 28.71 28.62 28.59
26.75 26.34 27.21 27.15 26.60 27.27 26.79 26.87 27.09 27.16 27.20 27.76 28.14 28.32 28.44 28.54 28.64 28.71 28.81 28.84 28.78 28.93 28.94 29.07 29.05 29.06 29.12 29.13 29.13 29.13 29.19 29.20 29.21 29.20 29.20 29.20 29.21 29.21 29.23 29.23 29.21 29.20 29.19 29.16 29.15 29.14 29.13 29.13 29.14 29.14 29.12 29.10 29.08 29.06 29.05 29.05 29.04 29.04 29.02 28.99 28.96 28.93 28.91 28.88 28.84 28.80 28.75 28.72 28.68 28.64 28.57
25.77 26.18 25.85 26.28 25.73 25.95 26.03 25.90 26.78 27.21 27.66 27.87 28.09 28.25 28.38 28.52 28.61 28.70 28.78 28.82 28.86 28.97 28.95 29.06 29.05 29.05 29.07 29.15 29.13 29.15 29.18 29.18 29.19 29.19 29.20 29.19 29.19 29.21 29.21 29.21 29.20 29.18 29.18 29.17 29.15 29.14 29.13 29.12 29.12 29.12 29.11 29.08 29.07 29.05 29.04 29.04 29.04 29.01 29.01 28.96 28.93 28.90 28.89 28.85 28.80 28.73 28.74 28.70 28.66 28.63 28.57
25.40 26.10 24.81 25.23 24.80 25.09 25.35 26.46 26.74 26.94 27.56 27.81 28.02 28.19 28.36 28.48 28.60 28.70 28.77 28.82 28.84 28.97 28.91 28.98 28.98 29.08 29.08 29.12 29.14 29.16 29.17 29.16 29.16 29.16 29.17 29.17 29.19 29.20 29.20 29.19 29.18 29.17 29.17 29.16 29.16 29.13 29.11 29.12 29.10 29.09 29.08 29.06 29.05 29.04 29.03 29.03 29.02 29.01 28.98 28.93 28.90 28.87 28.85 28.82 28.75 28.69 28.67 28.67 28.64 28.62 28.57
24.08 24.42 24.04 24.14 23.94 24.56 25.56 26.45 26.87 27.12 27.46 27.80 28.02 28.18 28.32 28.45 28.57 28.66 28.74 28.78 28.82 28.87 28.97 29.02 29.05 29.06 29.06 29.09 29.12 29.14 29.14 29.14 29.14 29.14 29.16 29.17 29.19 29.18 29.18 29.17 29.16 29.16 29.16 29.15 29.15 29.13 29.10 29.11 29.09 29.07 29.05 29.04 29.03 29.02 29.02 29.02 29.00 28.99 28.97 28.90 28.88 28.86 28.83 28.81 28.74 28.68 28.64 28.64 28.60 28.53 28.51
23.33 23.07 23.20 23.97 24.64 25.15 25.59 25.96 26.29 26.69 27.16 27.71 27.90 28.10 28.26 28.39 28.52 28.61 28.68 28.75 28.89 28.85 28.97 28.99 28.99 29.04 29.04 29.10 29.12 29.12 29.12 29.12 29.13 29.15 29.16 29.17 29.18 29.17 29.17 29.16 29.15 29.15 29.14 29.13 29.13 29.12 29.11 29.09 29.08 29.06 29.04 29.03 29.01 29.00 29.00 29.00 28.98 28.96 28.92 28.89 28.84 28.82 28.82 28.77 28.72 28.66 28.65 28.61 28.58 28.53 28.49
23.37 22.86 23.62 24.43 24.77 24.97 25.80 26.42 26.89 27.23 27.47 27.68 27.90 28.07 28.23 28.37 28.48 28.58 28.68 28.76 28.83 28.88 28.97 28.95 28.99 29.03 29.05 29.09 29.09 29.10 29.10 29.11 29.12 29.14 29.15 29.16 29.17 29.16 29.15 29.14 29.14 29.13 29.12 29.11 29.10 29.10 29.08 29.06 29.03 28.99 29.00 28.99 29.00 28.97 28.98 28.97 28.95 28.95 28.90 28.88 28.82 28.79 28.77 28.75 28.71 28.65 28.62 28.60 28.54 28.49 28.44
24.96 23.85 23.22 24.00 24.78 25.35 26.23 26.60 26.90 27.16 27.43 27.66 27.88 28.07 28.23 28.39 28.47 28.56 28.65 28.73 28.80 28.81 28.94 28.98 29.00 28.99 29.03 29.06 29.08 29.09 29.08 29.11 29.12 29.13 29.14 29.16 29.15 29.15 29.15 29.14 29.13 29.12 29.11 29.10 29.08 29.07 29.07 29.04 29.03 28.94 28.94 28.97 28.96 28.95 28.95 28.93 28.91 28.94 28.89 28.83 28.80 28.78 28.75 28.75 28.68 28.64 28.61 28.57 28.52 28.47 28.41
25.71 25.04 24.35 25.30 25.26 24.95 25.71 26.59 27.00 27.21 27.35 27.70 27.88 28.08 28.24 28.36 28.45 28.56 28.64 28.71 28.75 28.86 28.90 28.95 29.00 28.99 29.03 29.04 29.05 29.06 29.08 29.09 29.11 29.12 29.13 29.14 29.14 29.14 29.14 29.13 29.12 29.11 29.09 29.07 29.06 29.06 29.04 29.00 28.97 28.92 28.90 28.92 28.93 28.93 28.90 28.88 28.88 28.93 28.90 28.84 28.77 28.75 28.73 28.71 28.70 28.63 28.59 28.56 28.54 28.45 28.41
25.46 26.29 25.31 25.42 26.52 25.57 25.63 25.80 26.39 26.99 27.56 27.73 27.93 28.13 28.26 28.36 28.45 28.55 28.63 28.70 28.75 28.85 28.90 28.94 28.98 28.98 29.00 29.03 29.04 29.06 29.07 29.09 29.10 29.11 29.12 29.13 29.14 29.13 29.13 29.12 29.11 29.10 29.08 29.06 29.04 29.04 29.04 28.99 28.94 28.87 28.87 28.85 28.89 28.84 28.86 28.85 28.84 28.88 28.86 28.80 28.72 28.70 28.69 28.68 28.67 28.64 28.61 28.55 28.52 28.46 28.39
24.99 26.14 26.38 26.59 26.68 26.54 26.61 26.35 26.73 27.06 27.55 27.86 28.01 28.19 28.29 28.38 28.46 28.55 28.63 28.70 28.76 28.84 28.87 28.92 28.95 28.97 29.00 29.02 29.03 29.04 29.06 29.08 29.09 29.11 29.12 29.13 29.12 29.12 29.12 29.11 29.10 29.08 29.07 29.05 29.03 29.02 29.02 28.95 28.92 28.85 28.83 28.80 28.82 28.82 28.88 28.79 28.81 28.82 28.79 28.75 28.66 28.65 28.64 28.63 28.64 28.63 28.58 28.54 28.51 28.47 28.44
26.01 26.20 26.70 27.12 27.27 27.22 27.39 27.37 27.59 27.78 27.94 28.07 28.17 28.26 28.31 28.39 28.47 28.56 28.64 28.70 28.78 28.82 28.86 28.90 28.94 28.95 28.99 29.00 29.01 29.03 29.04 29.07 29.08 29.11 29.11 29.12 29.12 29.12 29.11 29.10 29.09 29.07 29.06 29.04 29.02 29.00 29.00 28.95 28.91 28.85 28.79 28.77 28.77 28.79 28.78 28.80 28.78 28.74 28.72 28.72 28.67 28.65 28.64 28.63 28.62 28.60 28.54 28.52 28.49 28.45 28.41
26.32 26.45 26.43 26.23 26.77 26.80 27.13 27.25 27.37 27.58 27.75 27.92 28.08 28.22 28.36 28.43 28.49 28.57 28.62 28.70 28.77 28.80 28.85 28.89 28.92 28.95 28.96 28.98 28.99 29.00 29.02 29.05 29.08 29.10 29.11 29.12 29.11 29.11 29.11 29.09 29.08 29.06 29.05 29.03 29.01 28.99 28.97 28.95 28.92 28.85 28.78 28.76 28.75 28.75 28.75 28.82 28.75 28.72 28.68 28.66 28.65 28.65 28.61 28.61 28.59 28.58 28.55 28.45 28.45 28.41 28.38
25.00 25.58 25.68 25.84 26.11 26.40 26.80 27.03 27.29 27.56 27.79 27.95 28.13 28.28 28.42 28.49 28.53 28.58 28.65 28.68 28.72 28.78 28.85 28.88 28.92 28.93 28.94 28.96 28.98 29.00 29.02 29.05 29.07 29.09 29.11 29.11 29.11 29.10 29.09 29.08 29.06 29.04 29.02 29.00 28.98 28.96 28.95 28.93 28.91 28.88 28.82 28.75 28.74 28.73 28.73 28.74 28.75 28.68 28.66 28.64 28.61 28.57 28.57 28.55 28.50 28.49 28.49 28.40 28.40 28.36 28.33
24.14 24.84 24.88 25.34 25.33 25.61 26.27 26.68 27.06 27.25 27.70 28.06 28.18 28.33 28.48 28.54 28.59 28.64 28.69 28.72 28.76 28.79 28.83 28.87 28.90 28.93 28.96 28.98 28.99 29.02 29.03 29.04 29.07 29.09 29.10 29.10 29.10 29.09 29.08 29.07 29.05 29.04 29.00 28.98 28.96 28.94 28.93 28.92 28.90 28.87 28.83 28.75 28.72 28.72 28.71 28.71 28.69 28.67 28.65 28.63 28.63 28.57 28.54 28.52 28.47 28.45 28.42 28.39 28.38 28.36 28.29
23.40 23.40 23.89 24.74 25.48 26.23 26.30 26.62 26.72 27.23 27.68 28.06 28.21 28.39 28.50 28.58 28.64 28.69 28.73 28.76 28.79 28.82 28.84 28.88 28.91 28.93 28.96 28.98 29.00 29.03 29.05 29.06 29.07 29.09 29.10 29.09 29.09 29.08 29.07 29.06 29.04 29.02 29.00 28.98 28.95 28.92 28.91 28.89 28.89 28.86 28.83 28.77 28.72 28.70 28.70 28.69 28.66 28.64 28.63 28.64 28.61 28.58 28.53 28.51 28.46 28.43 28.41 28.39 28.36 28.33 28.28
23.14 24.10 25.01 25.71 26.15 26.51 26.74 27.03 27.23 27.54 27.77 27.98 28.17 28.37 28.50 28.59 28.67 28.71 28.75 28.80 28.81 28.84 28.88 28.89 28.91 28.93 28.96 28.98 29.00 29.00 29.04 29.07 29.08 29.09 29.09 29.08 29.08 29.07 29.06 29.05 29.03 29.02 28.99 28.97 28.94 28.90 28.88 28.87 28.87 28.85 28.83 28.73 28.69 28.68 28.68 28.67 28.65 28.61 28.61 28.62 28.61 28.57 28.55 28.52 28.49 28.45 28.42 28.38 28.35 28.32 28.27
