maui/input/air_temperature_monthly/tmaxfeb_250m_maui.asc
ncols        356
nrows        236
xllcorner    -156.702000000000
yllcorner    20.529750000000
cellsize     0.002250000000
NODATA_value  -99.00
[rows 64 to 95 of 236, columns 71 to 141 of 356]
22.53 22.93 23.10 23.48 24.08 24.47 24.59 24.77 24.94 25.08 25.26 25.47 25.60 25.70 25.79 25.94 26.07 26.17 26.27 26.30 26.19 26.44 -9999.00 -9999.00 -9999.00 -9999.00 -9999.00 -9999.00 -9999.00 -9999.00 -9999.00 -9999.00 -9999.00 -9999.00 -9999.00 -9999.00 -9999.00 -9999.00 -9999.00 -9999.00 -9999.00 -9999.00 -9999.00 -9999.00 -9999.00 -9999.00 -9999.00 -9999.00 -9999.00 -9999.00 -9999.00 -9999.00 -9999.00 -9999.00 -9999.00 -9999.00 -9999.00 -9999.00 -9999.00 -9999.00 -9999.00 -9999.00 -9999.00 -9999.00 -9999.00 -9999.00 -9999.00 -9999.00 -9999.00 -9999.00 -9999.00
21.81 22.70 23.32 23.68 23.65 23.81 23.81 24.02 24.24 24.71 25.22 25.45 25.59 25.72 25.84 25.97 26.04 26.18 26.26 26.16 26.27 26.31 -9999.00 -9999.00 -9999.00 -9999.00 -9999.00 -9999.00 -9999.00 -9999.00 -9999.00 -9999.00 -9999.00 -9999.00 -9999.00 -9999.00 -9999.00 -9999.00 -9999.00 -9999.00 -9999.00 -9999.00 -9999.00 -9999.00 -9999.00 -9999.00 -9999.00 -9999.00 -9999.00 -9999.00 -9999.00 -9999.00 -9999.00 -9999.00 -9999.00 -9999.00 -9999.00 -9999.00 -9999.00 -9999.00 -9999.00 -9999.00 -9999.00 -9999.00 -9999.00 26.45 26.44 26.43 26.42 26.41 26.41
21.95 22.23 23.09 23.40 23.79 24.19 24.33 24.36 24.34 24.67 25.05 25.39 25.59 25.63 25.87 25.90 26.08 26.19 26.21 26.10 26.26 26.36 26.43 -9999.00 -9999.00 -9999.00 -9999.00 -9999.00 -9999.00 -9999.00 -9999.00 -9999.00 -9999.00 -9999.00 -9999.00 -9999.00 -9999.00 -9999.00 -9999.00 -9999.00 -9999.00 -9999.00 -9999.00 -9999.00 -9999.00 -9999.00 -9999.00 -9999.00 -9999.00 -9999.00 -9999.00 -9999.00 -9999.00 -9999.00 -9999.00 -9999.00 -9999.00 -9999.00 -9999.00 -9999.00 26.43 26.43 26.44 26.43 26.43 26.41 26.42 26.41 26.40 26.39 26.39
23.56 23.63 23.89 24.07 24.21 24.26 24.46 24.87 25.08 25.22 25.34 25.43 25.47 25.68 25.74 25.90 26.06 26.13 26.14 26.03 26.20 26.32 26.40 26.43 26.46 -9999.00 -9999.00 -9999.00 -9999.00 -9999.00 -9999.00 -9999.00 -9999.00 -9999.00 -9999.00 -9999.00 -9999.00 -9999.00 -9999.00 -9999.00 -9999.00 -9999.00 -9999.00 -9999.00 -9999.00 -9999.00 -9999.00 -9999.00 -9999.00 -9999.00 -9999.00 -9999.00 26.50 -9999.00 -9999.00 -9999.00 -9999.00 -9999.00 26.48 26.47 26.44 26.41 26.42 26.41 26.40 26.39 26.40 26.39 26.37 26.37 26.36
22.18 22.77 23.62 24.20 24.12 24.73 24.81 24.82 25.01 25.20 25.07 25.36 25.59 25.62 25.78 25.92 25.99 26.03 26.10 26.10 26.24 26.33 26.35 26.42 26.45 26.48 -9999.00 -9999.00 -9999.00 -9999.00 -9999.00 -9999.00 -9999.00 -9999.00 -9999.00 -9999.00 -9999.00 -9999.00 -9999.00 -9999.00 -9999.00 -9999.00 -9999.00 -9999.00 -9999.00 -9999.00 -9999.00 -9999.00 -9999.00 -9999.00 26.51 26.50 26.50 26.48 26.48 26.49 26.48 26.48 26.46 26.44 26.41 26.39 26.41 26.39 26.37 26.36 26.35 26.32 26.34 26.31 26.26
22.37 23.15 24.15 23.79 24.35 23.89 24.15 24.00 24.69 25.16 25.28 25.47 25.37 25.54 25.70 25.86 25.90 25.98 25.91 26.17 26.23 26.22 26.22 26.38 26.42 26.46 26.51 -9999.00 -9999.00 -9999.00 -9999.00 -9999.00 -9999.00 -9999.00 -9999.00 -9999.00 -9999.00 -9999.00 -9999.00 -9999.00 -9999.00 -9999.00 -9999.00 -9999.00 -9999.00 -9999.00 -9999.00 -9999.00 -9999.00 26.50 26.50 26.49 26.49 26.46 26.43 26.46 26.47 26.46 26.45 26.42 26.41 26.37 26.38 26.34 26.34 26.33 26.33 26.30 26.29 26.28 26.24
23.70 23.54 22.94 22.84 23.28 22.90 23.45 23.90 24.18 24.68 25.02 25.14 25.30 25.49 25.65 25.77 25.88 25.98 25.94 26.09 26.21 26.28 26.34 26.37 26.40 26.37 26.47 -9999.00 -9999.00 -9999.00 -9999.00 -9999.00 -9999.00 -9999.00 -9999.00 -9999.00 -9999.00 -9999.00 -9999.00 -9999.00 -9999.00 -9999.00 -9999.00 -9999.00 -9999.00 -9999.00 26.51 26.50 26.49 26.48 26.47 26.48 26.44 26.41 26.41 26.42 26.45 26.42 26.42 26.42 26.38 26.38 26.34 26.32 26.30 26.30 26.30 26.24 26.19 26.26 26.21
21.87 21.81 22.62 23.07 23.50 23.85 24.16 24.50 24.80 24.87 24.92 25.18 25.37 25.51 25.68 25.78 25.89 25.97 26.09 26.17 26.23 26.26 26.31 26.34 26.23 26.36 26.48 -9999.00 -9999.00 -9999.00 -9999.00 -9999.00 -9999.00 -9999.00 -9999.00 -9999.00 -9999.00 -9999.00 -9999.00 -9999.00 -9999.00 -9999.00 -9999.00 -9999.00 -9999.00 26.50 26.48 26.48 26.47 26.48 26.46 26.46 26.44 26.40 26.40 26.39 26.42 26.42 26.40 26.38 26.37 26.34 26.31 26.30 26.27 26.26 26.26 26.18 26.13 26.16 26.18
21.06 21.64 22.39 23.06 23.25 24.07 24.31 24.44 24.23 24.27 24.80 25.07 25.39 25.54 25.65 25.75 25.87 25.97 26.10 26.17 26.22 26.24 26.28 26.13 26.35 26.44 26.47 26.51 26.52 -9999.00 -9999.00 -9999.00 -9999.00 -9999.00 -9999.00 -9999.00 -9999.00 -9999.00 -9999.00 -9999.00 -9999.00 -9999.00 26.51 26.51 26.50 26.49 26.47 26.45 26.46 26.47 26.46 26.43 26.43 26.40 26.39 26.38 26.38 26.38 26.37 26.37 26.35 26.34 26.32 26.30 26.25 26.25 26.25 26.19 26.11 26.11 26.15
20.58 21.22 22.12 23.34 23.42 23.22 24.06 23.79 23.66 24.24 24.76 25.04 25.32 25.49 25.66 25.76 25.87 26.03 26.11 26.15 26.15 26.22 26.12 26.26 26.39 26.39 26.45 26.47 -9999.00 -9999.00 -9999.00 -9999.00 -9999.00 -9999.00 26.52 26.52 26.52 26.52 26.51 26.51 26.51 26.51 26.50 26.51 26.50 26.47 26.45 26.45 26.45 26.46 26.42 26.41 26.42 26.41 26.39 26.38 26.37 26.36 26.35 26.35 26.34 26.33 26.33 26.31 26.30 26.28 26.27 26.21 26.11 26.04 26.11
20.49 21.15 21.67 21.89 22.63 23.24 23.00 23.36 23.71 24.24 24.70 25.10 25.28 25.46 25.66 25.77 25.97 26.01 26.06 26.10 26.13 26.02 26.17 26.27 26.37 26.42 26.45 26.47 -9999.00 -9999.00 -9999.00 -9999.00 -9999.00 26.52 26.52 26.52 26.51 26.51 26.51 26.51 26.51 26.50 26.50 26.49 26.49 26.47 26.44 26.44 26.44 26.45 26.38 26.37 26.39 26.38 26.38 26.39 26.37 26.36 26.33 26.32 26.32 26.32 26.32 26.31 26.29 26.27 26.25 26.18 26.05 26.01 26.04
20.55 20.95 21.51 21.63 22.03 22.48 23.07 23.84 24.21 24.52 24.80 25.11 25.30 25.48 25.71 25.89 25.94 25.94 26.00 26.08 26.05 26.07 26.19 26.31 26.39 26.44 26.45 26.45 26.50 26.51 -9999.00 -9999.00 26.52 26.51 26.51 26.51 26.51 26.51 26.51 26.51 26.51 26.50 26.48 26.48 26.51 26.50 26.46 26.44 26.42 26.41 26.38 26.37 26.37 26.37 26.37 26.38 26.37 26.35 26.33 26.28 26.27 26.29 26.29 26.25 26.23 26.24 26.20 26.15 26.08 25.99 25.94
21.99 21.80 22.27 22.81 23.67 23.56 23.61 23.49 23.85 24.43 24.90 25.24 25.36 25.67 25.81 25.85 25.82 25.88 25.98 26.05 26.05 26.15 26.24 26.34 26.37 26.37 26.44 26.47 26.45 26.49 26.50 26.51 26.51 26.51 26.51 26.51 26.51 26.51 26.51 26.51 26.50 26.50 26.49 26.45 26.48 26.44 26.44 26.44 26.43 26.40 26.39 26.37 26.36 26.36 26.36 26.37 26.37 26.35 26.32 26.26 26.25 26.26 26.25 26.21 26.17 26.17 26.17 26.13 26.07 25.98 25.92
22.73 23.47 23.54 24.28 23.91 24.13 24.35 24.45 24.62 24.83 25.10 25.29 25.61 25.73 25.65 25.68 25.78 25.88 25.99 26.07 26.05 26.16 26.25 26.35 26.34 26.42 26.39 26.45 26.45 26.46 26.48 26.50 26.51 26.51 26.51 26.51 26.51 26.50 26.50 26.51 26.50 26.48 26.46 26.45 26.40 26.41 26.40 26.45 26.44 26.41 26.38 26.36 26.36 26.34 26.34 26.35 26.36 26.35 26.31 26.27 26.23 26.23 26.22 26.17 26.14 26.12 26.12 26.05 26.00 25.95 25.88
23.54 23.73 24.36 24.63 24.90 25.02 25.12 25.19 25.02 25.16 25.35 25.52 25.61 25.46 25.59 25.71 25.81 25.92 26.01 26.02 26.05 26.27 26.20 26.21 26.37 26.32 26.38 26.38 26.39 26.46 26.50 26.50 26.50 26.50 26.50 26.50 26.49 26.49 26.48 26.49 26.49 26.48 26.44 26.43 26.41 26.40 26.40 26.42 26.42 26.38 26.36 26.36 26.35 26.34 26.33 26.34 26.34 26.33 26.31 26.26 26.24 26.21 26.18 26.15 26.11 26.09 26.04 26.00 26.00 25.92 25.88
24.22 24.31 24.41 24.40 24.35 24.58 24.72 24.84 25.15 25.28 25.20 25.05 25.35 25.47 25.62 25.74 25.83 25.93 26.03 26.03 26.00 26.09 26.20 26.29 26.35 26.30 26.34 26.37 26.45 26.43 26.46 26.48 26.48 26.47 26.48 26.48 26.48 26.48 26.48 26.49 26.48 26.47 26.45 26.41 26.41 26.40 26.40 26.41 26.42 26.39 26.37 26.36 26.34 26.33 26.33 26.30 26.32 26.32 26.30 26.26 26.23 26.21 26.17 26.14 26.10 26.05 26.01 25.98 25.97 25.88 25.85
23.45 23.12 24.06 24.06 23.57 24.27 23.81 23.91 24.14 24.21 24.25 24.83 25.22 25.42 25.57 25.69 25.81 25.90 26.01 26.05 26.00 26.16 26.18 26.32 26.30 26.32 26.38 26.39 26.38 26.39 26.45 26.46 26.46 26.46 26.45 26.45 26.46 26.46 26.48 26.48 26.46 26.45 26.45 26.41 26.40 26.39 26.39 26.39 26.39 26.39 26.38 26.36 26.34 26.32 26.31 26.31 26.30 26.30 26.29 26.26 26.22 26.20 26.17 26.14 26.10 26.06 26.01 25.98 25.93 25.89 25.82
22.47 22.96 22.70 23.19 22.68 22.94 23.04 22.93 23.83 24.26 24.71 24.94 25.17 25.34 25.51 25.68 25.78 25.88 25.97 26.03 26.08 26.20 26.19 26.30 26.29 26.30 26.32 26.41 26.38 26.41 26.44 26.44 26.44 26.44 26.45 26.44 26.44 26.46 26.46 26.46 26.45 26.43 26.43 26.42 26.41 26.39 26.38 26.37 26.37 26.37 26.37 26.34 26.33 26.31 26.30 26.30 26.30 26.28 26.27 26.22 26.19 26.16 26.15 26.11 26.06 25.99 26.00 25.96 25.91 25.88 25.82
22.12 22.89 21.66 22.14 21.74 22.07 22.36 23.50 23.79 23.99 24.60 24.87 25.09 25.29 25.49 25.64 25.77 25.88 25.97 26.02 26.06 26.20 26.14 26.22 26.23 26.33 26.33 26.37 26.39 26.41 26.42 26.41 26.42 26.42 26.42 26.42 26.44 26.45 26.45 26.44 26.43 26.42 26.42 26.41 26.41 26.38 26.37 26.37 26.35 26.35 26.33 26.31 26.30 26.30 26.29 26.29 26.28 26.27 26.24 26.19 26.16 26.12 26.11 26.08 26.01 25.94 25.93 25.92 25.89 25.86 25.81
20.82 21.22 20.89 21.04 20.88 21.54 22.57 23.49 23.93 24.18 24.52 24.86 25.11 25.29 25.46 25.61 25.75 25.85 25.93 25.99 26.04 26.10 26.20 26.26 26.30 26.31 26.31 26.34 26.37 26.39 26.39 26.39 26.39 26.39 26.41 26.42 26.44 26.43 26.43 26.42 26.41 26.40 26.41 26.40 26.39 26.38 26.35 26.36 26.34 26.32 26.31 26.29 26.29 26.27 26.28 26.27 26.26 26.25 26.23 26.16 26.13 26.12 26.09 26.06 25.99 25.93 25.90 25.89 25.84 25.78 25.75
20.10 19.90 20.08 20.90 21.60 22.15 22.61 23.00 23.34 23.75 24.21 24.78 24.99 25.22 25.40 25.56 25.69 25.80 25.88 25.95 26.10 26.07 26.20 26.23 26.23 26.29 26.29 26.35 26.37 26.37 26.37 26.37 26.38 26.40 26.41 26.42 26.42 26.42 26.41 26.41 26.40 26.39 26.39 26.38 26.37 26.37 26.36 26.34 26.33 26.32 26.29 26.29 26.27 26.25 26.25 26.26 26.23 26.22 26.17 26.14 26.10 26.08 26.08 26.03 25.97 25.91 25.90 25.86 25.83 25.77 25.72
20.18 19.71 20.51 21.37 21.75 21.98 22.83 23.47 23.94 24.28 24.53 24.76 24.99 25.19 25.38 25.53 25.66 25.77 25.87 25.96 26.04 26.11 26.20 26.18 26.24 26.28 26.30 26.35 26.34 26.36 26.36 26.36 26.37 26.39 26.40 26.41 26.41 26.41 26.40 26.39 26.39 26.38 26.37 26.36 26.35 26.35 26.33 26.31 26.28 26.24 26.25 26.25 26.25 26.22 26.23 26.22 26.20 26.20 26.16 26.13 26.08 26.05 26.03 26.01 25.96 25.89 25.86 25.84 25.78 25.73 25.67
21.81 20.72 20.13 20.94 21.76 22.37 23.28 23.66 23.96 24.21 24.49 24.74 24.98 25.20 25.38 25.56 25.65 25.75 25.85 25.93 26.01 26.03 26.17 26.22 26.24 26.24 26.28 26.31 26.33 26.34 26.34 26.36 26.37 26.38 26.39 26.40 26.40 26.40 26.39 26.38 26.38 26.36 26.35 26.34 26.33 26.32 26.32 26.29 26.28 26.19 26.19 26.22 26.21 26.21 26.20 26.18 26.17 26.19 26.15 26.09 26.06 26.03 26.00 26.00 25.93 25.89 25.85 25.81 25.76 25.70 25.65
22.59 21.95 21.29 22.27 22.26 21.98 22.76 23.66 24.06 24.27 24.42 24.78 25.00 25.23 25.40 25.53 25.63 25.75 25.83 25.92 25.97 26.08 26.13 26.19 26.24 26.24 26.28 26.29 26.31 26.31 26.33 26.35 26.36 26.37 26.38 26.39 26.39 26.39 26.38 26.38 26.37 26.36 26.34 26.32 26.31 26.31 26.29 26.25 26.22 26.17 26.15 26.17 26.18 26.18 26.15 26.13 26.13 26.18 26.15 26.09 26.02 26.00 25.98 25.96 25.95 25.88 25.83 25.80 25.78 25.69 25.64
22.36 23.23 22.27 22.41 23.55 22.61 22.69 22.86 23.44 24.06 24.64 24.83 25.06 25.29 25.42 25.53 25.63 25.74 25.83 25.91 25.96 26.08 26.13 26.18 26.22 26.23 26.25 26.28 26.29 26.31 26.32 26.34 26.35 26.36 26.37 26.39 26.39 26.38 26.38 26.37 26.36 26.35 26.33 26.31 26.29 26.29 26.29 26.24 26.19 26.12 26.12 26.10 26.14 26.09 26.11 26.10 26.09 26.13 26.11 26.05 25.97 25.95 25.94 25.93 25.92 25.88 25.85 25.79 25.75 25.69 25.62
21.92 23.09 23.36 23.60 23.73 23.61 23.68 23.42 23.80 24.14 24.64 24.98 25.15 25.35 25.46 25.55 25.65 25.74 25.84 25.91 25.98 26.07 26.11 26.16 26.19 26.22 26.25 26.27 26.28 26.29 26.31 26.33 26.34 26.36 26.37 26.38 26.38 26.37 26.37 26.36 26.35 26.33 26.32 26.30 26.28 26.27 26.27 26.20 26.17 26.10 26.08 26.05 26.07 26.07 26.13 26.05 26.06 26.07 26.05 26.00 25.91 25.90 25.89 25.88 25.89 25.88 25.82 25.78 25.74 25.70 25.66
22.96 23.18 23.71 24.16 24.34 24.30 24.48 24.46 24.67 24.86 25.04 25.20 25.32 25.43 25.49 25.57 25.65 25.76 25.84 25.91 26.00 26.05 26.10 26.14 26.19 26.20 26.23 26.25 26.26 26.28 26.29 26.32 26.34 26.36 26.37 26.38 26.37 26.37 26.36 26.36 26.34 26.32 26.31 26.29 26.28 26.26 26.25 26.20 26.16 26.10 26.04 26.02 26.02 26.04 26.03 26.05 26.04 26.00 25.97 25.97 25.92 25.90 25.89 25.88 25.86 25.84 25.78 25.75 25.72 25.68 25.64
23.30 23.45 23.46 23.29 23.85 23.88 24.21 24.33 24.45 24.68 24.86 25.06 25.24 25.39 25.53 25.61 25.68 25.76 25.83 25.91 25.99 26.04 26.09 26.14 26.17 26.20 26.21 26.23 26.24 26.25 26.28 26.31 26.33 26.35 26.36 26.37 26.37 26.36 26.36 26.35 26.33 26.32 26.30 26.28 26.26 26.24 26.23 26.20 26.17 26.11 26.03 26.01 26.00 26.01 26.00 26.07 26.00 25.98 25.93 25.91 25.91 25.90 25.86 25.85 25.84 25.82 25.79 25.69 25.68 25.64 25.60
22.01 22.61 22.73 22.91 23.20 23.49 23.89 24.12 24.39 24.68 24.93 25.10 25.30 25.46 25.60 25.68 25.72 25.78 25.86 25.90 25.95 26.02 26.09 26.13 26.17 26.17 26.19 26.21 26.23 26.25 26.27 26.30 26.33 26.34 26.36 26.36 26.36 26.35 26.35 26.34 26.32 26.30 26.28 26.25 26.24 26.22 26.21 26.19 26.17 26.14 26.07 26.00 25.99 25.99 25.98 25.99 26.01 25.94 25.91 25.89 25.86 25.82 25.81 25.80 25.74 25.73 25.73 25.64 25.63 25.59 25.56
21.17 21.90 21.96 22.43 22.44 22.71 23.37 23.79 24.17 24.37 24.84 25.22 25.36 25.51 25.67 25.73 25.79 25.85 25.90 25.94 25.99 26.03 26.07 26.11 26.14 26.18 26.21 26.23 26.24 26.27 26.28 26.30 26.32 26.34 26.36 26.36 26.36 26.35 26.34 26.33 26.31 26.29 26.26 26.24 26.22 26.20 26.19 26.18 26.16 26.13 26.09 26.00 25.98 25.97 25.97 25.97 25.94 25.92 25.90 25.88 25.88 25.82 25.79 25.77 25.72 25.69 25.66 25.62 25.61 25.59 25.52
20.46 20.49 20.99 21.85 22.60 23.35 23.42 23.75 23.84 24.37 24.84 25.23 25.39 25.57 25.69 25.77 25.84 25.89 25.94 25.99 26.02 26.06 26.09 26.12 26.16 26.18 26.21 26.24 26.26 26.28 26.31 26.32 26.33 26.35 26.36 26.35 26.35 26.34 26.33 26.33 26.30 26.29 26.26 26.24 26.21 26.18 26.17 26.15 26.15 26.12 26.09 26.03 25.97 25.96 25.95 25.94 25.92 25.89 25.89 25.89 25.86 25.83 25.78 25.76 25.70 25.68 25.65 25.63 25.60 25.57 25.51
20.23 21.21 22.14 22.85 23.29 23.66 23.89 24.17 24.38 24.70 24.95 25.16 25.35 25.56 25.70 25.79 25.87 25.92 25.97 26.03 26.04 26.08 26.12 26.13 26.16 26.18 26.21 26.24 26.26 26.26 26.29 26.33 26.34 26.35 26.35 26.34 26.34 26.33 26.32 26.31 26.30 26.28 26.25 26.23 26.20 26.17 26.14 26.13 26.13 26.12 26.09 25.98 25.95 25.94 25.94 25.93 25.90 25.87 25.86 25.87 25.86 25.82 25.80 25.77 25.74 25.70 25.66 25.62 25.59 25.55 25.50
