maui/input/air_temperature_monthly/tmaxfeb_250m_maui.asc
ncols        356
nrows        236
xllcorner    -156.702000000000
yllcorner    20.529750000000
cellsize     0.002250000000
NODATA_value  -99.00
[rows 32 to 63 of 236, columns 0 to 70 of 356]
-9999.00 -9999.00 -9999.00 -9999.00 -9999.00 -9999.00 -9999.00 -9999.00 -9999.00 -9999.00 -9999.00 -9999.00 -9999.00 26.42 26.36 26.26 26.28 26.20 26.11 26.00 25.81 25.85 25.63 25.44 25.24 25.13 25.61 25.15 25.03 24.89 24.84 25.09 24.57 24.49 24.31 24.37 24.42 24.62 24.48 24.08 24.15 24.42 24.16 24.63 24.39 25.24 25.18 24.25 24.11 24.38 24.16 23.78 24.12 24.37 24.07 24.10 24.15 24.54 24.54 24.40 24.75 24.90 24.77 25.31 25.45 25.21 25.56 26.03 25.44 25.26 25.25
-9999.00 -9999.00 -9999.00 -9999.00 -9999.00 -9999.00 -9999.00 -9999.00 -9999.00 -9999.00 -9999.00 -9999.00 -9999.00 26.40 26.28 26.24 26.18 26.17 26.09 25.96 25.89 25.71 25.57 25.49 25.25 25.07 25.07 25.42 24.91 25.05 24.72 24.87 24.81 24.42 24.31 24.17 24.45 24.53 24.36 24.34 23.98 24.13 24.26 24.58 24.30 24.46 25.36 24.94 24.20 24.04 23.89 23.67 24.30 24.10 23.66 24.10 23.92 24.27 24.36 24.24 24.54 24.50 24.94 25.06 25.10 24.99 25.88 25.52 25.21 25.08 25.21
-9999.00 -9999.00 -9999.00 -9999.00 -9999.00 -9999.00 -9999.00 -9999.00 -9999.00 -9999.00 -9999.00 -9999.00 26.45 26.32 26.23 26.23 26.12 26.07 25.98 25.85 25.74 25.63 25.53 25.31 25.13 24.91 24.85 24.91 25.17 24.79 24.82 24.38 24.27 24.50 24.24 24.10 24.22 24.70 24.19 24.28 23.86 24.11 23.95 23.90 24.41 24.26 24.41 25.22 24.53 23.98 23.85 23.56 24.04 23.76 23.41 23.57 23.87 24.48 23.77 23.90 24.22 24.59 24.69 24.29 24.69 24.96 25.82 25.00 24.69 25.18 25.70
-9999.00 -9999.00 -9999.00 -9999.00 -9999.00 -9999.00 -9999.00 -9999.00 -9999.00 -9999.00 -9999.00 -9999.00 26.44 26.33 26.21 26.19 26.06 25.93 25.84 25.68 25.66 25.53 25.40 25.28 25.07 25.03 24.74 24.67 24.54 25.15 24.47 24.45 24.21 24.35 24.17 23.99 24.08 24.50 23.91 23.86 23.62 23.95 23.83 23.89 24.23 23.79 24.16 25.05 24.43 23.66 23.93 23.38 23.70 23.90 23.30 23.34 23.88 24.10 23.53 23.65 24.19 24.64 24.20 24.24 24.37 25.36 25.51 24.45 24.44 25.08 25.21
-9999.00 -9999.00 -9999.00 -9999.00 -9999.00 -9999.00 -9999.00 -9999.00 -9999.00 -9999.00 -9999.00 26.46 26.37 26.30 26.16 26.01 25.97 25.97 25.76 25.67 25.53 25.56 25.28 25.18 25.23 24.93 24.86 24.58 24.48 24.73 24.81 24.17 24.09 24.07 24.20 24.10 23.85 24.49 23.77 23.55 23.73 23.79 23.59 23.78 24.08 23.89 24.30 24.59 24.80 23.96 23.78 23.50 23.54 23.47 23.35 23.16 23.80 24.03 23.37 23.41 24.00 24.33 23.69 24.06 24.72 25.60 24.88 24.26 24.55 24.91 24.79
-9999.00 -9999.00 -9999.00 -9999.00 -9999.00 -9999.00 -9999.00 -9999.00 -9999.00 -9999.00 26.47 26.45 26.40 26.31 26.12 25.99 25.87 25.73 25.77 25.54 25.39 25.39 25.23 25.16 25.01 25.04 24.69 24.64 24.39 24.25 24.86 24.14 23.95 23.92 24.14 24.00 23.66 24.24 23.67 23.32 23.53 23.38 23.40 23.56 23.98 23.73 23.90 24.04 24.72 24.43 23.49 23.35 23.10 23.09 23.13 23.18 23.84 23.29 23.13 23.66 23.87 24.08 23.77 24.28 24.96 25.06 24.34 24.63 24.74 24.64 24.97
-9999.00 -9999.00 -9999.00 -9999.00 -9999.00 -9999.00 -9999.00 -9999.00 -9999.00 -9999.00 26.47 26.38 26.27 26.26 26.12 26.07 25.80 25.68 25.59 25.52 25.50 25.22 25.08 25.07 24.97 24.81 24.84 24.65 24.44 24.18 24.32 24.36 23.79 23.70 24.02 23.57 23.40 23.99 23.78 23.18 23.15 23.30 23.21 23.32 23.59 23.51 23.57 23.58 24.37 24.61 23.40 23.44 22.82 22.92 22.88 23.11 23.49 22.95 23.01 23.35 23.78 23.86 24.21 24.96 24.78 24.38 24.37 24.34 24.47 24.81 25.05
-9999.00 -9999.00 -9999.00 -9999.00 -9999.00 -9999.00 -9999.00 -9999.00 -9999.00 26.48 26.43 26.29 26.20 26.13 26.09 25.95 25.86 25.92 25.58 25.45 25.32 25.19 25.22 24.96 24.89 24.81 24.59 24.50 24.33 24.15 23.99 24.57 23.86 23.60 23.52 23.48 23.20 23.49 23.79 23.17 23.04 22.99 22.93 23.22 23.48 22.99 23.12 23.24 23.91 24.75 23.59 23.12 22.95 22.73 22.73 23.13 23.23 22.79 22.80 23.31 23.54 23.76 24.50 25.17 24.08 24.20 24.30 24.18 24.35 24.88 24.81
-9999.00 -9999.00 -9999.00 -9999.00 -9999.00 -9999.00 -9999.00 -9999.00 -9999.00 26.48 26.42 26.28 26.18 26.09 25.98 25.92 25.80 25.70 25.59 25.61 25.28 25.15 24.94 24.91 24.85 24.64 24.45 24.44 24.21 24.03 23.84 23.82 24.09 24.20 23.88 23.31 23.24 23.29 23.99 23.21 22.95 22.69 22.53 22.96 23.10 22.66 22.89 23.16 23.74 24.71 23.76 22.84 22.73 22.57 22.56 23.26 22.90 22.59 22.72 23.06 23.29 23.62 23.80 24.93 23.87 24.01 23.89 24.29 24.42 24.46 24.44
-9999.00 -9999.00 -9999.00 -9999.00 -9999.00 -9999.00 -9999.00 -9999.00 -9999.00 26.43 26.33 26.23 26.15 26.05 25.94 25.82 25.75 25.66 25.57 25.54 25.33 25.32 25.03 24.82 24.74 24.71 24.59 24.32 24.16 23.90 23.76 23.68 23.65 23.43 23.78 23.54 23.18 23.07 23.51 23.68 23.01 22.69 22.67 22.64 22.59 22.53 22.87 22.63 22.97 24.63 23.95 22.93 22.57 22.39 22.57 22.86 22.88 22.51 22.66 22.94 23.28 23.53 24.58 24.64 23.74 23.78 23.81 24.39 23.94 23.85 23.78
-9999.00 -9999.00 -9999.00 -9999.00 -9999.00 -9999.00 -9999.00 -9999.00 26.47 26.38 26.31 26.23 26.15 25.99 25.84 25.75 25.68 25.64 25.54 25.39 25.32 25.19 25.03 24.94 24.71 24.70 24.42 24.29 24.29 24.06 23.68 23.54 23.55 23.42 23.06 23.88 23.10 22.96 22.87 23.05 22.99 22.65 22.37 22.43 22.26 22.46 22.76 22.55 22.52 23.71 24.17 22.98 22.26 22.09 22.52 22.68 22.68 22.37 22.49 22.84 23.09 24.05 24.36 24.25 23.49 23.56 23.68 23.69 23.79 23.45 23.73
-9999.00 -9999.00 -9999.00 -9999.00 -9999.00 -9999.00 -9999.00 -9999.00 26.43 26.35 26.26 26.13 26.07 25.93 25.79 25.69 25.61 25.61 25.50 25.40 25.24 25.03 25.16 24.80 24.74 24.64 24.34 24.38 23.98 23.85 23.96 23.51 23.35 23.13 22.99 23.41 23.25 22.90 22.57 22.97 22.75 22.50 21.87 21.94 21.96 22.37 22.29 22.27 22.33 23.42 24.13 23.54 22.62 21.90 22.45 22.50 22.49 22.13 22.42 22.80 23.05 24.31 23.92 23.68 23.26 23.53 23.44 23.34 23.65 23.34 23.65
-9999.00 -9999.00 -9999.00 -9999.00 -9999.00 -9999.00 -9999.00 26.50 26.43 26.32 26.22 26.08 25.98 25.89 25.76 25.64 25.57 25.53 25.44 25.30 25.17 24.99 24.80 24.69 24.59 24.42 24.35 24.19 24.01 23.80 23.72 23.43 23.30 23.03 22.82 22.71 23.39 22.69 22.59 22.40 22.97 22.36 21.62 21.42 21.69 22.24 22.02 21.95 22.12 22.44 23.63 23.93 22.96 22.01 22.08 22.16 22.38 21.93 22.39 22.40 23.18 24.20 23.16 23.06 23.16 23.36 22.96 23.15 23.37 23.23 23.68
-9999.00 -9999.00 -9999.00 -9999.00 -9999.00 -9999.00 -9999.00 26.50 26.43 26.36 26.25 26.11 25.97 25.88 25.75 25.66 25.58 25.49 25.40 25.26 25.12 24.94 24.77 24.61 24.47 24.69 24.19 23.99 24.00 23.68 23.60 23.23 23.00 22.92 22.64 22.60 22.88 22.64 22.26 22.13 22.72 22.24 21.61 21.14 21.41 22.08 21.73 21.61 21.89 22.01 23.43 23.43 22.33 21.81 21.70 21.98 22.22 21.93 22.24 22.41 23.55 23.85 23.21 22.84 22.98 23.18 22.88 22.89 23.26 23.26 23.54
-9999.00 -9999.00 -9999.00 -9999.00 -9999.00 -9999.00 -9999.00 26.48 26.38 26.25 26.15 26.12 25.96 25.87 25.76 25.71 25.61 25.47 25.34 25.22 25.05 24.98 24.74 24.56 24.49 24.29 24.53 24.07 23.81 23.61 23.64 23.21 22.95 22.73 22.68 22.44 22.67 22.66 22.10 21.66 22.71 22.27 21.46 20.98 21.71 21.58 21.47 21.45 21.62 22.00 22.99 23.80 22.41 21.40 21.71 21.99 22.01 21.58 22.02 22.58 23.87 22.74 22.96 22.42 22.67 22.55 22.74 23.08 23.28 23.51 24.10
-9999.00 -9999.00 -9999.00 -9999.00 -9999.00 -9999.00 26.51 26.47 26.37 26.22 26.14 26.02 26.01 25.86 25.76 25.69 25.60 25.48 25.34 25.22 25.01 24.87 24.78 24.64 24.49 24.27 24.11 24.22 24.20 23.58 23.34 23.15 23.22 22.93 22.57 22.34 22.74 22.17 22.16 21.89 22.32 21.85 21.37 21.05 21.45 21.63 21.21 21.41 21.24 22.28 23.21 23.70 22.28 21.42 21.68 21.45 21.59 21.63 22.07 22.52 23.41 22.36 22.51 22.17 21.94 22.11 22.52 22.90 23.45 23.80 24.00
-9999.00 -9999.00 -9999.00 -9999.00 -9999.00 26.52 26.51 26.44 26.33 26.21 26.14 26.02 25.93 25.85 25.77 25.72 25.59 25.48 25.34 25.18 25.02 24.88 24.76 24.62 24.45 24.22 24.14 23.84 23.68 23.85 23.73 23.37 22.93 22.71 22.65 22.34 22.56 22.34 21.83 21.78 21.55 21.93 21.73 21.35 21.23 21.49 21.00 20.86 21.22 22.30 22.96 23.44 22.40 21.37 21.38 21.44 21.23 21.50 21.85 23.14 22.53 22.08 22.12 21.70 22.06 22.49 22.46 22.79 22.86 23.30 23.58
-9999.00 -9999.00 -9999.00 -9999.00 -9999.00 26.52 26.51 26.41 26.30 26.20 26.15 26.07 25.96 25.87 25.78 25.69 25.55 25.46 25.33 25.20 25.08 24.93 24.77 24.57 24.39 24.20 24.00 23.76 23.60 23.59 23.17 22.97 23.42 23.21 22.69 22.25 22.14 22.33 22.01 21.52 21.36 21.15 21.56 21.36 21.40 20.89 20.86 20.59 21.09 21.93 21.93 22.82 22.70 21.63 21.18 21.30 20.95 21.58 22.80 22.57 21.60 21.57 21.77 21.66 22.08 22.08 22.52 22.28 22.29 23.27 23.26
-9999.00 -9999.00 -9999.00 -9999.00 26.54 26.53 26.51 26.44 26.37 26.27 26.22 26.19 26.11 25.91 25.82 25.73 25.58 25.45 25.33 25.18 25.04 24.88 24.70 24.55 24.38 24.12 23.91 23.69 23.47 23.28 23.42 22.86 22.56 22.92 22.84 22.79 22.32 21.87 22.05 21.97 21.78 21.25 20.98 21.43 20.90 20.74 20.97 20.42 21.18 21.77 21.34 22.67 22.72 21.42 21.04 20.94 20.79 21.88 22.93 21.32 21.21 21.36 21.44 21.78 21.74 22.10 21.74 21.77 22.13 22.67 23.05
-9999.00 -9999.00 -9999.00 -9999.00 26.55 26.53 26.51 26.40 26.32 26.22 26.22 26.08 25.99 26.02 25.95 25.73 25.56 25.43 25.30 25.20 25.02 24.92 24.71 24.51 24.33 24.14 23.93 23.79 23.50 23.14 22.96 23.01 22.84 22.24 22.34 21.74 22.39 21.99 21.44 21.55 21.16 21.47 20.90 20.88 20.98 20.50 20.46 20.26 20.85 21.14 20.91 21.90 23.15 21.88 20.72 20.61 21.13 21.20 22.71 21.05 20.95 20.99 21.24 21.58 21.62 21.91 21.80 22.14 22.32 23.25 23.82
-9999.00 -9999.00 -9999.00 -9999.00 26.55 26.54 26.49 26.36 26.33 26.23 26.13 26.09 25.96 25.86 25.75 25.69 25.54 25.50 25.36 25.33 25.32 24.91 24.70 24.52 24.34 24.13 23.90 23.62 23.34 23.44 23.29 22.87 22.47 22.19 22.35 21.80 21.57 22.40 21.62 21.15 21.38 21.16 20.81 20.49 21.05 20.51 20.32 20.16 20.67 20.97 20.61 21.85 22.97 21.77 20.57 21.02 20.71 20.96 22.26 20.82 20.56 20.33 20.96 21.32 21.89 22.27 22.48 22.62 23.34 24.19 24.76
-9999.00 -9999.00 -9999.00 -9999.00 26.56 26.54 26.42 26.34 26.26 26.23 26.14 26.04 25.95 25.89 25.81 25.68 25.56 25.45 25.31 25.16 25.01 25.04 24.99 24.57 24.31 24.13 23.81 23.55 23.34 23.00 22.80 22.53 22.64 22.26 21.81 21.85 21.49 21.44 21.51 21.67 20.86 20.93 20.81 20.41 20.53 20.27 19.99 20.14 20.90 20.81 20.40 21.61 22.84 21.48 20.53 20.47 20.53 20.86 21.82 20.44 20.18 20.33 20.58 21.15 21.70 22.03 22.12 23.07 24.36 24.84 25.05
-9999.00 -9999.00 -9999.00 -9999.00 26.56 26.49 26.40 26.29 26.23 26.16 26.11 26.08 25.99 25.84 25.77 25.66 25.54 25.41 25.30 25.14 25.06 24.84 24.66 24.47 24.68 24.55 24.27 23.72 23.31 22.98 22.64 22.32 22.18 22.03 22.22 21.40 21.06 20.76 20.80 21.50 21.60 20.84 20.64 20.23 20.21 20.09 19.97 19.79 20.39 20.46 20.74 21.98 22.35 21.11 20.31 20.18 20.18 20.68 22.17 20.28 20.29 20.27 20.33 20.70 20.90 21.54 22.20 22.89 23.59 24.66 24.92
-9999.00 -9999.00 -9999.00 -9999.00 26.56 26.49 26.36 26.26 26.19 26.14 26.06 25.98 25.95 25.88 25.77 25.67 25.62 25.47 25.32 25.18 24.97 24.82 24.70 24.56 24.34 24.14 23.82 24.10 24.11 23.44 23.08 22.53 22.05 21.80 21.48 21.64 21.38 20.65 20.66 20.95 20.85 20.97 20.32 20.03 19.95 20.36 19.71 19.61 20.04 19.93 20.66 21.42 22.48 21.20 20.01 19.89 19.89 20.44 21.67 20.33 20.04 20.00 20.15 20.91 20.87 21.37 22.81 23.95 24.69 24.84 24.43
-9999.00 -9999.00 -9999.00 -9999.00 26.56 26.49 26.36 26.23 26.12 26.08 26.02 25.95 25.89 25.83 25.75 25.61 25.52 25.41 25.25 25.15 24.92 24.75 24.52 24.37 24.22 24.02 23.84 23.44 23.17 23.23 23.40 23.60 23.46 22.93 22.41 21.74 21.56 21.04 20.73 20.37 20.86 20.53 20.52 19.87 19.69 19.63 19.66 19.49 19.78 19.59 20.52 21.54 22.39 21.02 19.96 19.84 19.76 19.87 20.48 20.03 19.99 19.80 20.90 22.71 21.97 22.26 23.39 24.48 24.21 24.06 23.57
-9999.00 -9999.00 -9999.00 26.58 26.56 26.48 26.30 26.18 26.12 25.98 25.98 25.90 25.83 25.79 25.69 25.61 25.49 25.37 25.21 25.03 24.90 24.69 24.43 24.21 24.01 23.91 23.83 23.63 23.17 22.77 22.59 22.19 22.30 22.36 22.53 23.00 22.47 22.54 22.10 21.27 20.16 20.17 20.61 20.01 19.46 19.40 19.90 19.39 19.12 19.13 19.77 20.91 22.30 20.85 19.61 19.50 19.43 20.04 20.13 19.57 19.75 19.89 20.96 22.60 23.38 23.85 24.13 24.11 23.04 22.49 22.46
-9999.00 -9999.00 -9999.00 26.59 26.54 26.46 26.35 26.21 26.06 25.98 25.90 25.89 25.80 25.71 25.66 25.57 25.46 25.31 25.16 24.95 24.79 24.63 24.39 24.08 23.92 23.77 23.66 23.24 23.31 22.65 22.41 22.14 21.75 21.48 21.31 22.42 22.45 20.97 20.96 21.50 20.53 19.98 19.85 20.16 19.87 19.16 19.17 19.18 18.90 19.09 20.16 21.73 21.22 20.49 19.45 19.21 19.34 19.62 19.86 19.08 20.03 21.31 22.56 23.16 23.57 22.80 23.72 24.21 22.76 21.71 21.92
-9999.00 -9999.00 26.59 26.56 26.53 26.45 26.36 26.25 26.11 25.98 25.89 25.84 25.77 25.71 25.62 25.53 25.41 25.26 25.09 24.89 24.75 24.51 24.35 24.24 24.03 23.75 23.43 23.14 22.84 22.66 22.57 22.43 21.82 21.44 21.07 20.90 21.69 21.77 20.27 20.49 21.09 19.91 19.69 19.83 19.38 19.19 18.98 19.19 18.68 18.89 19.90 21.25 21.61 20.19 19.00 18.91 19.10 19.17 19.52 18.86 20.60 22.28 22.74 22.74 22.49 22.17 23.61 24.08 22.54 21.49 21.52
-9999.00 -9999.00 -9999.00 26.58 26.52 26.43 26.33 26.26 26.14 25.95 25.88 25.82 25.77 25.69 25.60 25.52 25.41 25.26 25.15 24.86 24.69 24.50 24.32 24.11 23.89 23.66 23.39 23.03 22.70 22.43 22.36 21.90 21.91 21.60 21.02 20.63 20.78 21.39 20.71 19.84 20.63 20.73 20.01 19.20 19.32 18.95 18.78 18.76 18.43 19.01 20.28 21.79 20.46 20.23 18.79 18.43 18.39 18.55 18.93 18.28 19.48 19.91 20.47 20.76 21.98 23.47 23.87 23.82 22.64 21.28 21.09
-9999.00 -9999.00 26.61 26.60 26.57 26.47 26.38 26.27 26.09 25.93 25.85 25.81 25.76 25.68 25.58 25.50 25.40 25.23 25.06 24.86 24.70 24.54 24.39 24.14 23.89 23.62 23.27 23.37 22.81 22.34 22.07 21.78 21.55 21.39 21.19 20.69 20.36 21.18 20.95 20.16 19.56 19.70 20.16 19.97 19.20 19.13 18.52 18.37 18.16 18.94 20.16 21.34 20.11 19.59 18.56 17.58 17.31 17.91 17.96 18.41 19.45 18.88 19.75 21.08 22.57 23.73 22.55 22.48 21.96 20.73 21.05
-9999.00 -9999.00 26.62 26.61 26.60 26.54 26.43 26.34 26.21 25.99 25.92 25.86 25.78 25.68 25.57 25.47 25.39 25.25 25.07 24.90 24.78 24.58 24.41 24.05 23.82 23.53 23.32 22.99 22.65 22.57 22.47 21.73 21.41 21.18 20.93 20.60 20.28 20.02 20.72 19.59 19.41 19.24 19.59 19.35 19.46 19.05 18.67 18.08 17.87 18.42 19.67 20.98 21.22 19.36 18.67 17.59 17.03 16.99 17.50 17.98 18.78 18.78 19.85 21.38 22.60 23.51 22.57 21.21 20.75 20.67 21.12
-9999.00 -9999.00 26.62 26.61 26.59 26.56 26.46 26.31 26.22 26.08 25.99 25.91 25.82 25.73 25.68 25.55 25.43 25.30 25.09 24.91 24.73 24.51 24.27 23.99 23.92 23.64 23.41 23.06 22.77 22.31 21.98 21.68 21.69 21.36 20.84 20.45 20.15 19.86 20.16 20.48 19.59 19.16 18.93 18.65 19.20 18.57 18.58 17.83 17.38 17.92 19.11 20.26 20.85 19.79 17.99 17.77 16.97 17.14 17.56 18.36 18.96 19.18 20.44 21.61 22.65 23.15 22.51 21.25 20.75 21.96 22.47
