maui/input/air_temperature_monthly/tmaxaug_250m_maui.asc
ncols        356
nrows        236
xllcorner    -156.702000000000
yllcorner    20.529750000000
cellsize     0.002250000000
NODATA_value  -99.00
[rows 186 to 216 of 236, columns 142 to 212 of 356]
25.17 24.51 24.45 24.39 24.36 24.20 24.04 23.91 23.88 23.72 23.55 23.48 23.42 23.42 23.41 23.45 23.46 23.60 23.64 23.66 23.67 23.57 23.58 23.50 23.39 23.47 23.49 23.52 23.61 23.66 23.68 23.84 23.96 24.04 24.09 24.14 24.15 24.10 24.08 24.04 24.11 24.37 24.53 24.66 24.61 24.77 24.84 24.95 24.96 25.17 25.28 25.39 25.46 25.55 25.60 25.90 25.73 25.85 25.94 25.95 25.97 26.05 26.17 26.25 26.33 26.63 26.60 26.82 27.08 27.29 27.41
25.24 24.71 24.52 24.53 24.51 24.16 23.95 24.22 24.16 24.01 23.86 23.71 23.70 23.65 23.72 23.73 23.81 23.86 24.00 24.04 23.98 23.95 23.97 23.92 23.90 23.91 23.96 24.00 24.08 24.16 24.18 24.31 24.44 24.57 24.52 24.51 24.49 24.43 24.44 24.45 24.50 24.71 24.83 24.94 24.98 25.07 25.15 25.22 25.32 25.51 25.67 25.74 25.85 25.95 26.04 26.24 26.17 26.29 26.24 26.22 26.30 26.36 26.43 26.49 26.74 26.75 27.19 27.09 27.28 27.56 27.70
25.27 25.12 24.91 24.79 24.68 24.58 24.58 24.54 24.43 24.29 24.12 24.04 24.02 23.90 23.99 24.02 24.03 24.08 24.24 24.31 24.28 24.29 24.27 24.32 24.33 24.32 24.39 24.45 24.53 24.59 24.68 24.87 24.87 24.80 24.78 24.78 24.77 24.75 24.76 24.86 24.96 25.12 25.15 25.26 25.31 25.37 25.45 25.50 25.61 25.74 25.98 26.10 26.16 26.23 26.47 26.38 26.47 26.51 26.52 26.60 26.60 26.71 26.70 26.84 27.04 27.08 27.41 27.75 27.62 27.78 27.98
25.37 25.44 25.34 25.17 25.04 24.85 24.95 24.84 24.73 24.59 24.49 24.34 24.30 24.26 24.41 24.44 24.35 24.45 24.53 24.61 24.58 24.56 24.65 24.70 24.72 24.73 24.77 24.90 24.94 25.03 25.07 25.16 25.10 25.08 25.03 25.05 25.06 25.09 25.11 25.21 25.30 25.37 25.47 25.58 25.60 25.65 25.71 25.83 25.94 26.05 26.19 26.33 26.39 26.54 26.84 26.78 26.85 26.99 26.84 26.84 26.95 27.01 27.03 27.17 27.29 27.45 27.52 27.72 28.32 28.10 28.17
25.71 25.67 25.58 25.45 25.24 25.25 25.20 25.10 25.02 24.93 24.75 24.74 24.71 24.71 24.74 24.84 24.68 24.82 24.84 24.90 24.93 24.93 25.00 25.02 25.07 25.07 25.21 25.28 25.25 25.29 25.40 25.43 25.35 25.35 25.30 25.36 25.36 25.41 25.40 25.49 25.59 25.64 25.72 25.85 25.94 26.01 25.99 26.04 26.17 26.33 26.37 26.56 26.64 26.76 27.08 27.27 27.23 27.30 27.24 27.18 27.28 27.44 27.38 27.55 27.64 27.77 27.81 28.03 28.88 28.59 28.51
26.01 25.90 25.73 25.77 25.59 25.50 25.45 25.43 25.37 25.21 25.19 25.10 25.06 25.04 25.06 25.01 25.03 25.05 25.15 25.18 25.20 25.27 25.24 25.30 25.34 25.38 25.46 25.54 25.55 25.56 25.71 25.72 25.61 25.62 25.57 25.62 25.64 25.69 25.67 25.69 25.83 25.96 25.98 26.06 26.18 26.27 26.30 26.39 26.46 26.59 26.63 26.77 26.89 27.05 27.23 27.31 27.45 27.47 27.59 27.53 27.63 27.67 27.77 27.89 27.91 28.07 28.10 28.31 28.50 29.13 28.76
26.32 26.15 26.08 25.98 25.87 25.81 25.79 25.74 25.67 25.54 25.49 25.44 25.46 25.37 25.34 25.35 25.36 25.37 25.42 25.47 25.53 25.54 25.56 25.56 25.69 25.73 25.75 25.84 25.89 25.96 26.06 25.99 25.94 25.90 25.91 25.92 25.90 25.96 25.96 25.94 26.08 26.22 26.29 26.34 26.40 26.48 26.55 26.67 26.74 26.86 26.92 27.01 27.14 27.29 27.46 27.57 27.68 27.67 27.73 27.81 27.95 27.96 28.05 28.13 28.18 28.31 28.38 28.54 28.70 28.89 29.00
26.47 26.43 26.37 26.30 26.20 26.15 26.09 26.06 25.99 25.85 25.78 25.78 25.71 25.65 25.62 25.67 25.67 25.65 25.70 25.76 25.79 25.80 25.86 25.89 26.01 26.00 26.13 26.17 26.35 26.40 26.26 26.17 26.09 26.07 26.09 26.14 26.19 26.16 26.22 26.25 26.31 26.45 26.53 26.57 26.66 26.68 26.75 26.91 27.00 27.13 27.15 27.29 27.36 27.51 27.67 27.80 28.00 27.96 28.03 28.08 28.18 28.27 28.32 28.41 28.44 28.56 28.69 28.87 28.98 29.11 29.73
26.69 26.66 26.66 26.65 26.52 26.42 26.38 26.32 26.24 26.15 26.08 26.04 25.98 25.88 25.84 25.87 25.90 25.95 26.00 26.05 26.12 26.11 26.18 26.16 26.29 26.32 26.35 26.45 26.49 26.47 26.42 26.34 26.18 26.13 26.15 26.23 26.36 26.38 26.45 26.50 26.58 26.71 26.79 26.82 26.89 26.94 26.98 27.12 27.31 27.32 27.41 27.53 27.61 27.72 27.85 28.02 28.14 28.42 28.32 28.36 28.41 28.54 28.61 28.61 28.71 28.79 29.02 29.11 29.26 29.41 29.54
26.88 26.91 26.92 26.88 26.78 26.69 26.64 26.58 26.54 26.40 26.35 26.27 26.24 26.18 26.06 26.11 26.14 26.26 26.27 26.31 26.42 26.40 26.45 26.47 26.49 26.51 26.60 26.60 26.58 26.57 26.54 26.12 26.02 26.15 25.92 26.40 26.48 26.56 26.66 26.74 26.81 26.94 27.07 27.10 27.14 27.20 27.23 27.32 27.49 27.66 27.65 27.70 27.79 27.93 28.06 28.20 28.35 28.50 28.56 28.59 28.67 28.87 28.88 28.86 28.98 29.06 29.16 29.41 29.49 29.59 29.71
27.16 27.13 27.14 27.09 27.05 27.04 26.94 26.86 26.79 26.70 26.60 26.54 26.50 26.46 26.39 26.37 26.44 26.45 26.56 26.60 26.71 26.76 26.73 26.76 26.77 26.77 26.79 26.80 26.74 26.74 26.74 26.19 26.44 26.24 26.56 26.73 26.83 26.82 26.88 26.96 27.01 27.17 27.25 27.33 27.40 27.44 27.45 27.56 27.71 27.84 27.93 27.94 28.03 28.15 28.27 28.43 28.56 28.75 28.86 28.91 28.97 29.01 29.17 29.17 29.20 29.34 29.45 29.60 29.68 29.75 29.91
27.31 27.32 27.30 27.26 27.23 27.25 27.21 27.14 27.04 26.89 26.82 26.76 26.74 26.68 26.64 26.63 26.69 26.80 26.83 26.91 26.95 27.02 26.97 26.97 26.97 27.06 27.07 27.05 27.02 27.05 27.18 27.02 26.84 26.81 26.94 26.96 27.01 27.11 27.14 27.26 27.31 27.41 27.46 27.59 27.63 27.72 27.74 27.74 27.95 28.06 28.19 28.24 28.28 28.38 28.55 28.73 28.88 28.99 29.22 29.16 29.16 29.22 29.37 29.42 29.42 29.58 29.64 29.76 29.88 29.99 -9999.00
27.56 27.54 27.47 27.47 27.42 27.42 27.39 27.31 27.25 27.16 27.10 26.99 27.01 26.93 26.90 26.95 27.10 27.13 27.13 27.10 27.17 27.20 27.22 27.24 27.28 27.28 27.29 27.32 27.27 27.31 27.34 27.24 27.15 26.65 27.11 27.18 27.24 27.33 27.40 27.49 27.54 27.62 27.67 27.76 27.89 27.93 28.03 28.04 28.19 28.27 28.46 28.46 28.57 28.66 28.78 28.94 29.10 29.18 29.29 29.39 29.41 29.46 29.58 29.63 29.65 29.76 29.87 29.93 30.07 -9999.00 -9999.00
27.78 27.72 27.66 27.63 27.47 27.09 27.39 27.54 27.50 27.44 27.32 27.27 27.24 27.23 27.22 27.35 27.39 27.37 27.41 27.41 27.42 27.42 27.42 27.41 27.45 27.45 27.49 27.48 27.43 27.49 27.48 27.40 27.19 27.11 27.05 27.52 27.55 27.56 27.62 27.74 27.78 27.87 27.85 27.95 28.07 28.22 28.25 28.29 28.44 28.56 28.71 28.77 28.82 28.89 29.00 29.16 29.28 29.34 29.43 29.55 29.66 29.76 29.82 29.87 29.93 29.99 30.13 -9999.00 -9999.00 -9999.00 -9999.00
27.93 27.85 27.81 27.74 27.40 27.45 27.62 27.71 27.69 27.65 27.53 27.54 27.52 27.51 27.55 27.57 27.62 27.64 27.66 27.66 27.67 27.64 27.58 27.66 27.65 27.60 27.66 27.62 27.62 27.67 27.62 27.65 27.59 27.42 27.45 27.81 27.82 27.83 27.90 27.96 28.05 28.10 28.11 28.24 28.28 28.38 28.53 28.66 28.77 28.82 28.96 29.01 29.07 29.11 29.21 29.31 29.45 29.59 29.65 29.68 29.78 29.97 30.04 -9999.00 -9999.00 -9999.00 -9999.00 -9999.00 -9999.00 -9999.00 -9999.00
28.08 28.03 27.99 28.00 27.95 27.77 27.74 27.82 27.91 27.82 27.72 27.76 27.76 27.76 27.77 27.77 27.78 27.83 27.85 27.84 27.86 27.87 27.79 27.75 27.78 27.79 27.84 27.82 27.80 27.83 27.85 27.86 27.75 27.67 27.73 27.95 28.03 28.06 28.11 28.14 28.23 28.33 28.37 28.44 28.50 28.64 28.76 28.89 29.00 29.07 29.16 29.21 29.28 29.36 29.41 29.55 29.58 29.76 29.86 29.89 29.99 -9999.00 -9999.00 -9999.00 -9999.00 -9999.00 -9999.00 -9999.00 -9999.00 -9999.00 -9999.00
28.30 28.17 28.11 28.12 28.12 28.03 27.90 27.98 28.04 27.99 27.92 27.95 27.97 27.97 28.04 28.04 28.01 27.98 28.02 28.06 28.08 28.06 28.06 28.01 28.09 28.03 28.02 28.00 28.00 28.03 28.03 28.05 27.97 27.97 28.03 28.20 28.29 28.30 28.33 28.37 28.43 28.50 28.59 28.68 28.79 28.85 29.01 29.10 29.20 29.29 29.37 29.37 29.43 29.53 29.62 29.70 29.80 29.93 30.04 -9999.00 -9999.00 -9999.00 -9999.00 -9999.00 -9999.00 -9999.00 -9999.00 -9999.00 -9999.00 -9999.00 -9999.00
28.47 28.38 28.35 28.34 28.28 28.18 28.05 28.05 28.03 28.16 28.12 28.18 28.20 28.18 28.21 28.26 28.24 28.20 28.26 28.28 28.26 28.29 28.30 28.32 28.21 28.22 28.19 28.15 28.14 28.21 28.26 28.25 28.17 28.20 28.29 28.43 28.49 28.50 28.55 28.62 28.67 28.75 28.86 28.92 29.02 29.05 29.22 29.35 29.39 29.50 29.59 29.60 29.65 29.74 29.77 29.89 30.02 -9999.00 -9999.00 -9999.00 -9999.00 -9999.00 -9999.00 -9999.00 -9999.00 -9999.00 -9999.00 -9999.00 -9999.00 -9999.00 -9999.00
28.72 28.60 28.58 28.54 28.44 28.37 28.29 28.30 28.55 28.50 28.40 28.34 28.43 28.41 28.46 28.47 28.44 28.44 28.51 28.52 28.53 28.51 28.50 28.47 28.51 28.49 28.42 28.36 28.34 28.39 28.45 28.47 28.43 28.45 28.53 28.64 28.67 28.69 28.75 28.80 28.90 28.98 29.11 29.18 29.25 29.22 29.40 29.52 29.65 29.73 29.79 29.81 29.87 29.91 29.98 30.13 -9999.00 -9999.00 -9999.00 -9999.00 -9999.00 -9999.00 -9999.00 -9999.00 -9999.00 -9999.00 -9999.00 -9999.00 -9999.00 -9999.00 -9999.00
28.90 28.83 28.76 28.69 28.66 28.59 28.55 28.53 28.64 28.76 28.69 28.58 28.66 28.69 28.66 28.66 28.66 28.74 28.71 28.73 28.74 28.73 28.71 28.86 28.77 28.72 28.61 28.56 28.57 28.63 28.64 28.64 28.68 28.66 28.71 28.84 28.90 28.90 28.95 29.03 29.11 29.18 29.27 29.42 29.51 29.59 29.65 29.74 29.81 29.88 29.96 30.09 30.13 30.11 -9999.00 -9999.00 -9999.00 -9999.00 -9999.00 -9999.00 -9999.00 -9999.00 -9999.00 -9999.00 -9999.00 -9999.00 -9999.00 -9999.00 -9999.00 -9999.00 -9999.00
29.07 28.99 28.92 28.91 28.88 28.81 28.77 28.78 28.84 28.92 28.92 28.87 28.96 28.93 28.88 28.89 28.84 28.93 28.93 28.92 28.96 28.99 28.98 29.02 28.96 28.90 28.83 28.79 28.79 28.81 28.84 28.87 28.93 28.90 28.95 29.05 29.09 29.13 29.13 29.21 29.27 29.40 29.53 29.62 29.77 29.85 29.85 29.93 30.04 30.05 -9999.00 -9999.00 -9999.00 -9999.00 -9999.00 -9999.00 -9999.00 -9999.00 -9999.00 -9999.00 -9999.00 -9999.00 -9999.00 -9999.00 -9999.00 -9999.00 -9999.00 -9999.00 -9999.00 -9999.00 -9999.00
29.16 29.13 29.12 29.12 29.09 29.02 29.01 29.01 29.05 29.03 29.17 29.15 29.19 29.03 29.08 29.11 29.10 29.14 29.15 29.16 29.20 29.20 29.22 29.15 29.11 29.09 29.05 29.06 29.05 29.05 29.08 29.07 29.12 29.14 29.20 29.25 29.29 29.35 29.36 29.41 29.46 29.56 29.77 29.88 30.01 30.10 30.08 30.13 -9999.00 -9999.00 -9999.00 -9999.00 -9999.00 -9999.00 -9999.00 -9999.00 -9999.00 -9999.00 -9999.00 -9999.00 -9999.00 -9999.00 -9999.00 -9999.00 -9999.00 -9999.00 -9999.00 -9999.00 -9999.00 -9999.00 -9999.00
29.35 29.31 29.33 29.33 29.28 29.22 29.24 29.26 29.26 29.24 29.30 29.38 29.41 29.28 29.32 29.28 29.32 29.38 29.38 29.34 29.36 29.35 29.39 29.39 29.32 29.27 29.28 29.29 29.29 29.31 29.32 29.37 29.35 29.40 29.42 29.47 29.50 29.54 29.57 29.61 29.67 29.75 29.87 30.06 -9999.00 -9999.00 -9999.00 -9999.00 -9999.00 -9999.00 -9999.00 -9999.00 -9999.00 -9999.00 -9999.00 -9999.00 -9999.00 -9999.00 -9999.00 -9999.00 -9999.00 -9999.00 -9999.00 -9999.00 -9999.00 -9999.00 -9999.00 -9999.00 -9999.00 -9999.00 -9999.00
29.55 29.63 29.58 29.53 29.49 29.44 29.47 29.49 29.47 29.45 29.44 29.53 29.52 29.46 29.49 29.51 29.54 29.54 29.56 29.58 29.59 29.65 29.58 29.57 29.61 29.55 29.55 29.60 29.55 29.55 29.56 29.66 29.63 29.64 29.61 29.66 29.72 29.73 29.78 29.83 29.85 29.92 30.05 -9999.00 -9999.00 -9999.00 -9999.00 -9999.00 -9999.00 -9999.00 -9999.00 -9999.00 -9999.00 -9999.00 -9999.00 -9999.00 -9999.00 -9999.00 -9999.00 -9999.00 -9999.00 -9999.00 -9999.00 -9999.00 -9999.00 -9999.00 -9999.00 -9999.00 -9999.00 -9999.00 -9999.00
29.78 29.78 29.78 29.72 29.67 29.63 29.65 29.69 29.74 29.72 29.69 29.73 29.66 29.71 29.65 29.76 29.72 29.72 29.73 29.80 29.83 29.87 29.86 29.77 29.83 29.84 29.83 29.88 29.78 29.77 29.81 29.87 29.90 29.84 29.83 29.86 29.89 29.94 29.98 30.03 30.01 30.09 -9999.00 -9999.00 -9999.00 -9999.00 -9999.00 -9999.00 -9999.00 -9999.00 -9999.00 -9999.00 -9999.00 -9999.00 -9999.00 -9999.00 -9999.00 -9999.00 -9999.00 -9999.00 -9999.00 -9999.00 -9999.00 -9999.00 -9999.00 -9999.00 -9999.00 -9999.00 -9999.00 -9999.00 -9999.00
29.93 29.92 29.88 29.86 29.83 29.79 29.79 29.83 29.84 29.86 29.84 29.83 29.89 29.90 29.95 29.97 29.95 29.99 29.93 29.93 30.00 30.04 30.06 30.02 30.02 30.04 30.07 30.11 30.07 30.00 30.04 30.06 30.05 30.02 29.99 30.02 30.04 30.06 30.11 30.11 30.13 -9999.00 -9999.00 -9999.00 -9999.00 -9999.00 -9999.00 -9999.00 -9999.00 -9999.00 -9999.00 -9999.00 -9999.00 -9999.00 -9999.00 -9999.00 -9999.00 -9999.00 -9999.00 -9999.00 -9999.00 -9999.00 -9999.00 -9999.00 -9999.00 -9999.00 -9999.00 -9999.00 -9999.00 -9999.00 -9999.00
30.01 29.97 29.93 29.93 29.89 29.89 29.86 29.92 29.91 29.91 29.89 29.88 29.94 30.03 30.04 30.13 30.13 30.13 30.07 30.01 30.07 30.13 -9999.00 -9999.00 -9999.00 -9999.00 -9999.00 -9999.00 -9999.00 -9999.00 -9999.00 -9999.00 -9999.00 30.13 30.13 30.14 30.13 -9999.00 -9999.00 -9999.00 -9999.00 -9999.00 -9999.00 -9999.00 -9999.00 -9999.00 -9999.00 -9999.00 -9999.00 -9999.00 -9999.00 -9999.00 -9999.00 -9999.00 -9999.00 -9999.00 -9999.00 -9999.00 -9999.00 -9999.00 -9999.00 -9999.00 -9999.00 -9999.00 -9999.00 -9999.00 -9999.00 -9999.00 -9999.00 -9999.00 -9999.00
30.04 29.99 29.97 29.97 29.93 29.93 29.96 29.97 29.97 30.00 29.95 29.96 30.13 30.12 -9999.00 -9999.00 -9999.00 -9999.00 30.13 30.13 -9999.00 -9999.00 -9999.00 -9999.00 -9999.00 -9999.00 -9999.00 -9999.00 -9999.00 -9999.00 -9999.00 -9999.00 -9999.00 -9999.00 -9999.00 -9999.00 -9999.00 -9999.00 -9999.00 -9999.00 -9999.00 -9999.00 -9999.00 -9999.00 -9999.00 -9999.00 -9999.00 -9999.00 -9999.00 -9999.00 -9999.00 -9999.00 -9999.00 -9999.00 -9999.00 -9999.00 -9999.00 -9999.00 -9999.00 -9999.00 -9999.00 -9999.00 -9999.00 -9999.00 -9999.00 -9999.00 -9999.00 -9999.00 -9999.00 -9999.00 -9999.00
30.14 30.09 30.02 30.00 30.00 30.01 30.03 30.02 30.06 30.12 30.07 -9999.00 -9999.00 -9999.00 -9999.00 -9999.00 -9999.00 -9999.00 -9999.00 -9999.00 -9999.00 -9999.00 -9999.00 -9999.00 -9999.00 -9999.00 -9999.00 -9999.00 -9999.00 -9999.00 -9999.00 -9999.00 -9999.00 -9999.00 -9999.00 -9999.00 -9999.00 -9999.00 -9999.00 -9999.00 -9999.00 -9999.00 -9999.00 -9999.00 -9999.00 -9999.00 -9999.00 -9999.00 -9999.00 -9999.00 -9999.00 -9999.00 -9999.00 -9999.00 -9999.00 -9999.00 -9999.00 -9999.00 -9999.00 -9999.00 -9999.00 -9999.00 -9999.00 -9999.00 -9999.00 -9999.00 -9999.00 -9999.00 -9999.00 -9999.00 -9999.00
-9999.00 -9999.00 30.14 30.06 30.09 30.11 30.12 -9999.00 -9999.00 -9999.00 -9999.00 -9999.00 -9999.00 -9999.00 -9999.00 -9999.00 -9999.00 -9999.00 -9999.00 -9999.00 -9999.00 -9999.00 -9999.00 -9999.00 -9999.00 -9999.00 -9999.00 -9999.00 -9999.00 -9999.00 -9999.00 -9999.00 -9999.00 -9999.00 -9999.00 -9999.00 -9999.00 -9999.00 -9999.00 -9999.00 -9999.00 -9999.00 -9999.00 -9999.00 -9999.00 -9999.00 -9999.00 -9999.00 -9999.00 -9999.00 -9999.00 -9999.00 -9999.00 -9999.00 -9999.00 -9999.00 -9999.00 -9999.00 -9999.00 -9999.00 -9999.00 -9999.00 -9999.00 -9999.00 -9999.00 -9999.00 -9999.00 -9999.00 -9999.00 -9999.00 -9999.00
-9999.00 -9999.00 -9999.00 -9999.00 -9999.00 -9999.00 -9999.00 -9999.00 -9999.00 -9999.00 -9999.00 -9999.00 -9999.00 -9999.00 -9999.00 -9999.00 -9999.00 -9999.00 -9999.00 -9999.00 -9999.00 -9999.00 -9999.00 -9999.00 -9999.00 -9999.00 -9999.00 -9999.00 -9999.00 -9999.00 -9999.00 -9999.00 -9999.00 -9999.00 -9999.00 -9999.00 -9999.00 -9999.00 -9999.00 -9999.00 -9999.00 -9999.00 -9999.00 -9999.00 -9999.00 -9999.00 -9999.00 -9999.00 -9999.00 -9999.00 -9999.00 -9999.00 -9999.00 -9999.00 -9999.00 -9999.00 -9999.00 -9999.00 -9999.00 -9999.00 -9999.00 -9999.00 -9999.00 -9999.00 -9999.00 -9999.00 -9999.00 -9999.00 -9999.00 -9999.00 -9999.00
