maui/input/air_temperature_monthly/tmaxaug_250m_maui.asc
ncols        356
nrows        236
xllcorner    -156.702000000000
yllcorner    20.529750000000
cellsize     0.002250000000
NODATA_value  -99.00
[rows 155 to 185 of 236, columns 142 to 212 of 356]
26.94 26.79 26.59 26.42 26.29 26.17 26.05 25.93 25.78 25.66 25.47 25.22 25.00 24.79 24.52 24.37 24.18 23.93 23.69 23.39 23.10 22.84 22.58 22.32 22.14 21.82 21.54 21.23 20.82 20.50 20.10 19.85 19.50 19.09 18.82 18.50 18.30 18.12 17.87 17.51 17.25 17.09 16.88 16.72 16.54 16.41 16.28 16.16 16.01 15.84 15.68 15.48 15.32 15.12 14.90 14.71 14.62 14.46 14.54 14.79 15.10 15.20 15.23 15.41 15.58 15.87 15.99 16.24 16.50 16.62 16.74
26.88 26.72 26.54 26.35 26.15 25.98 25.87 25.75 25.56 25.47 25.36 25.20 24.92 24.64 24.43 24.20 24.02 23.80 23.52 23.25 22.93 22.58 22.31 22.00 21.77 21.57 21.29 20.88 20.52 20.17 19.81 19.46 19.10 18.73 18.47 18.25 17.95 17.77 17.57 17.39 17.16 16.92 16.73 16.60 16.43 16.25 16.08 15.96 15.84 15.65 15.39 15.19 15.06 14.93 14.67 14.46 14.46 14.47 14.46 14.66 14.88 14.97 15.07 15.24 15.55 15.80 16.05 16.31 16.41 16.49 16.52
26.78 26.63 26.46 26.27 26.01 25.88 25.72 25.56 25.42 25.24 25.19 25.01 24.87 24.60 24.32 24.07 23.72 23.55 23.34 23.02 22.70 22.38 22.07 21.71 21.41 21.20 20.91 20.65 20.28 19.89 19.51 19.16 18.83 18.50 18.09 17.88 17.62 17.49 17.35 17.22 17.05 16.80 16.60 16.45 16.25 16.04 15.82 15.69 15.58 15.31 15.11 14.90 14.76 14.74 14.59 14.47 14.56 14.63 14.62 14.61 14.66 14.68 14.79 15.28 15.66 16.01 16.23 16.31 16.40 16.40 16.43
26.64 26.50 26.35 26.13 25.94 25.79 25.60 25.42 25.25 25.09 24.97 24.85 24.76 24.55 24.21 23.89 23.58 23.30 23.04 22.81 22.45 22.13 21.81 21.42 21.13 20.88 20.66 20.41 20.04 19.67 19.23 18.91 18.56 18.20 17.88 17.60 17.41 17.26 17.13 16.98 16.92 16.71 16.48 16.29 16.06 15.83 15.55 15.39 15.31 15.16 14.91 14.77 14.66 14.81 14.84 14.82 14.84 14.88 14.84 14.83 14.85 14.85 14.85 15.08 15.49 15.80 15.97 16.09 16.26 16.11 16.21
26.50 26.36 26.25 26.04 25.88 25.70 25.52 25.32 25.16 24.97 24.82 24.68 24.55 24.43 24.13 23.78 23.42 23.11 22.79 22.54 22.22 21.90 21.52 21.20 20.87 20.60 20.38 20.20 19.87 19.51 19.09 18.69 18.31 18.03 17.71 17.45 17.28 17.16 16.96 16.77 16.65 16.54 16.26 16.05 15.86 15.61 15.32 15.24 15.11 14.95 15.10 14.96 14.99 15.07 15.16 15.17 15.14 15.15 15.11 15.09 15.05 15.03 15.04 15.11 15.11 15.29 15.42 15.61 15.79 15.65 15.63
26.37 26.25 26.07 25.95 25.76 25.53 25.37 25.20 25.05 24.87 24.68 24.54 24.41 24.23 23.97 23.62 23.28 22.86 22.53 22.27 21.96 21.61 21.29 20.99 20.65 20.37 20.10 19.84 19.65 19.32 18.90 18.49 18.09 17.81 17.54 17.35 17.17 16.98 16.83 16.58 16.38 16.25 15.98 15.69 15.53 15.41 15.27 15.15 15.20 15.15 15.25 15.25 15.32 15.34 15.41 15.41 15.41 15.38 15.35 15.30 15.25 15.23 15.24 15.30 15.35 15.36 15.38 15.41 15.44 15.44 15.54
26.27 26.13 25.99 25.82 25.64 25.41 25.24 25.12 24.94 24.73 24.56 24.41 24.19 24.00 23.76 23.35 22.98 22.64 22.27 21.96 21.66 21.40 21.11 20.79 20.50 20.18 19.85 19.61 19.39 19.19 18.79 18.35 17.93 17.61 17.42 17.26 17.05 16.79 16.57 16.31 16.18 15.95 15.71 15.48 15.34 15.35 15.27 15.26 15.28 15.39 15.51 15.52 15.55 15.56 15.58 15.59 15.62 15.59 15.53 15.49 15.50 15.49 15.46 15.53 15.56 15.68 15.74 15.79 15.80 15.87 15.94
26.11 26.00 25.81 25.64 25.43 25.24 25.11 24.98 24.85 24.67 24.39 24.21 23.99 23.80 23.50 23.16 22.80 22.38 22.05 21.67 21.39 21.16 20.93 20.59 20.27 19.95 19.67 19.44 19.26 18.96 18.67 18.37 17.92 17.55 17.37 17.18 16.98 16.73 16.42 16.20 15.99 15.82 15.65 15.56 15.53 15.65 15.55 15.58 15.63 15.68 15.71 15.73 15.78 15.79 15.79 15.75 15.84 15.80 15.74 15.73 15.74 15.79 15.78 15.85 15.91 16.05 16.13 16.14 16.18 16.26 16.37
26.07 25.91 25.74 25.50 25.31 25.10 24.99 24.89 24.68 24.53 24.30 24.10 23.81 23.53 23.22 22.87 22.59 22.17 21.80 21.48 21.15 20.85 20.67 20.37 20.10 19.79 19.49 19.25 19.05 18.78 18.48 18.17 17.88 17.52 17.33 17.16 16.89 16.62 16.33 16.08 15.91 15.76 15.81 15.85 15.91 15.90 15.93 15.93 15.92 15.92 15.90 15.93 16.00 16.04 16.05 15.97 16.12 16.05 16.00 15.98 16.00 16.11 16.17 16.15 16.34 16.44 16.54 16.52 16.50 16.69 16.78
25.95 25.79 25.63 25.44 25.26 25.10 24.93 24.78 24.56 24.36 24.19 23.97 23.66 23.36 23.05 22.66 22.32 21.93 21.57 21.27 21.00 20.71 20.41 20.20 19.95 19.65 19.35 19.10 18.88 18.63 18.28 18.05 17.75 17.42 17.16 16.90 16.65 16.35 15.98 15.76 15.82 15.92 16.14 16.26 16.26 16.25 16.31 16.26 16.19 16.18 16.15 16.19 16.25 16.32 16.33 16.32 16.44 16.39 16.30 16.27 16.29 16.48 16.50 16.52 16.74 16.84 16.92 16.93 16.97 17.10 17.14
25.89 25.67 25.49 25.38 25.22 25.00 24.85 24.67 24.44 24.24 24.00 23.84 23.52 23.15 22.86 22.54 22.17 21.75 21.39 21.04 20.82 20.52 20.23 20.02 19.81 19.48 19.27 18.98 18.72 18.47 18.16 17.83 17.54 17.25 16.91 16.67 16.47 16.16 15.93 16.00 16.10 16.24 16.34 16.54 16.62 16.62 16.64 16.54 16.46 16.40 16.41 16.45 16.50 16.57 16.59 16.66 16.71 16.70 16.68 16.62 16.68 16.80 16.94 17.09 17.12 17.29 17.36 17.32 17.41 17.46 17.58
25.73 25.54 25.34 25.20 25.06 24.87 24.69 24.48 24.32 24.17 23.92 23.67 23.38 23.06 22.74 22.37 22.04 21.67 21.21 20.85 20.55 20.38 20.05 19.79 19.63 19.41 19.13 18.76 18.41 18.09 17.73 17.45 17.32 17.08 16.79 16.57 16.47 16.36 16.31 16.40 16.55 16.55 16.60 16.73 16.82 16.90 16.87 16.76 16.74 16.69 16.70 16.74 16.78 16.79 16.86 16.93 16.99 16.97 17.04 17.01 17.07 17.19 17.32 17.56 17.46 17.72 17.93 17.84 17.93 18.03 18.17
25.60 25.34 25.16 25.00 24.91 24.71 24.57 24.32 24.11 23.91 23.76 23.56 23.28 22.94 22.61 22.21 21.87 21.50 21.05 20.66 20.32 20.09 19.86 19.58 19.33 19.16 18.84 18.43 18.07 17.73 17.48 17.22 17.15 16.96 16.65 16.54 16.57 16.64 16.76 16.71 16.71 16.76 16.80 16.94 17.00 17.06 17.06 16.97 16.97 16.95 16.95 17.03 17.05 17.10 17.17 17.23 17.30 17.29 17.39 17.43 17.38 17.68 17.92 18.00 18.10 18.34 18.54 18.54 18.63 18.66 18.82
25.42 25.20 25.01 24.87 24.68 24.52 24.32 24.12 23.96 23.69 23.47 23.26 22.99 22.71 22.46 22.10 21.75 21.32 20.91 20.53 20.17 19.91 19.59 19.40 19.08 18.75 18.36 17.93 17.54 17.42 17.31 17.14 16.83 16.79 16.89 16.90 16.96 17.13 16.99 16.91 16.95 16.94 17.03 17.13 17.21 17.23 17.25 17.17 17.18 17.19 17.24 17.29 17.35 17.37 17.45 17.55 17.65 17.61 17.69 17.88 18.06 18.16 18.55 18.61 18.79 18.88 19.10 19.12 19.33 19.24 19.56
25.31 25.08 24.92 24.73 24.52 24.32 24.16 23.91 23.72 23.54 23.21 22.94 22.73 22.44 22.10 21.81 21.49 21.17 20.83 20.49 20.08 19.73 19.35 19.08 18.67 18.26 17.83 17.56 17.32 17.21 17.21 17.10 16.98 17.00 17.12 17.25 17.34 17.29 17.23 17.14 17.15 17.14 17.21 17.35 17.41 17.44 17.42 17.43 17.43 17.44 17.48 17.55 17.67 17.75 17.84 18.01 18.08 18.19 18.25 18.43 18.69 18.78 18.91 19.12 19.30 19.42 19.65 19.64 19.88 19.84 20.15
25.14 24.99 24.86 24.63 24.45 24.18 23.92 23.71 23.52 23.29 23.00 22.73 22.46 22.19 21.85 21.48 21.17 20.78 20.55 20.28 19.90 19.49 19.15 18.98 18.58 18.00 17.59 17.46 17.46 17.45 17.33 17.29 17.30 17.36 17.42 17.51 17.49 17.42 17.41 17.32 17.41 17.42 17.44 17.53 17.64 17.70 17.69 17.64 17.53 17.80 17.91 17.98 18.07 18.15 18.26 18.42 18.57 18.69 18.84 19.02 19.30 19.41 19.48 19.84 19.76 20.01 20.09 20.37 20.31 20.42 20.63
25.07 24.93 24.73 24.49 24.34 24.07 23.75 23.53 23.30 23.09 22.81 22.53 22.24 21.92 21.58 21.25 20.93 20.47 20.13 19.77 19.33 18.98 18.75 18.43 18.09 18.25 17.90 17.69 17.60 17.55 17.53 17.47 17.43 17.64 17.83 17.90 17.78 17.71 17.68 17.62 17.67 17.77 17.77 17.90 18.02 17.99 18.04 17.91 17.88 18.17 18.43 18.42 18.54 18.69 18.81 18.92 19.08 19.26 19.42 19.66 19.71 19.99 20.02 20.24 20.31 20.48 20.50 20.67 20.79 20.96 21.05
24.98 24.82 24.59 24.39 24.24 24.00 23.70 23.42 23.18 22.90 22.64 22.33 22.05 21.86 21.44 21.03 20.58 20.11 19.86 19.38 18.96 18.72 18.70 18.57 18.31 18.54 18.61 18.29 17.84 17.83 17.85 17.92 17.96 18.17 18.22 18.34 18.25 18.23 18.23 18.09 18.03 18.15 18.16 18.29 18.39 18.40 18.47 18.45 18.46 18.71 18.80 18.86 19.03 19.17 19.31 19.48 19.57 19.75 19.92 20.15 20.27 20.42 20.60 20.67 20.87 20.96 21.05 21.26 21.52 21.48 21.63
24.99 24.79 24.50 24.35 24.15 23.93 23.71 23.48 23.17 22.90 22.56 22.19 21.89 21.59 21.41 20.98 20.59 20.33 19.99 19.53 19.07 18.92 18.86 18.76 18.74 18.92 18.85 18.62 18.30 18.19 18.25 18.39 18.46 18.62 18.70 18.73 18.67 18.73 18.68 18.60 18.49 18.60 18.55 18.70 18.82 18.82 18.93 19.02 18.97 19.22 19.39 19.43 19.52 19.71 19.86 19.91 20.00 20.24 20.50 20.56 20.85 20.98 21.09 21.20 21.42 21.42 21.62 21.74 22.06 22.03 22.22
24.99 24.68 24.41 24.22 23.98 23.82 23.70 23.51 23.24 22.93 22.45 22.12 21.77 21.54 21.32 21.10 20.71 20.47 19.84 19.58 19.49 19.58 19.42 19.26 19.09 19.07 19.06 18.93 18.71 18.69 18.73 18.79 18.95 19.09 19.11 19.15 19.09 19.08 19.10 19.01 18.98 19.03 19.00 19.17 19.24 19.30 19.44 19.55 19.54 19.70 19.88 19.93 20.08 20.24 20.43 20.55 20.57 20.72 20.89 21.08 21.25 21.37 21.57 21.64 21.78 21.91 22.07 22.33 22.47 22.48 22.66
24.95 24.65 24.39 24.11 23.89 23.75 23.60 23.47 23.26 22.97 22.58 21.92 21.59 21.42 21.07 20.77 20.46 20.20 20.06 19.79 19.98 19.93 19.74 19.56 19.41 19.37 19.38 19.26 19.15 19.14 19.15 19.21 19.37 19.46 19.54 19.57 19.51 19.61 19.50 19.40 19.35 19.49 19.49 19.63 19.72 19.77 19.93 20.02 20.02 20.22 20.45 20.57 20.69 20.85 20.96 21.10 21.17 21.31 21.45 21.79 21.69 21.88 22.13 22.05 22.26 22.45 22.57 22.70 22.94 22.90 23.17
24.87 24.61 24.34 24.12 23.83 23.68 23.52 23.36 23.15 22.84 22.49 22.06 21.63 21.33 20.97 20.57 20.38 20.48 20.25 20.36 20.31 20.20 20.00 19.85 19.79 19.76 19.76 19.63 19.55 19.48 19.52 19.59 19.72 19.87 19.94 20.06 20.02 20.04 19.94 19.83 19.78 19.87 19.90 20.04 20.21 20.38 20.49 20.57 20.66 20.75 20.95 21.13 21.26 21.34 21.49 21.67 21.66 21.79 21.90 22.11 22.21 22.45 22.45 22.44 22.63 22.96 23.02 23.21 23.46 23.42 23.67
24.89 24.61 24.35 24.07 23.80 23.62 23.48 23.25 23.04 22.71 22.39 21.85 21.22 20.67 20.90 20.58 20.58 20.71 20.74 20.70 20.61 20.49 20.29 20.20 20.20 20.12 20.18 20.13 20.01 19.90 19.90 19.98 20.05 20.19 20.29 20.43 20.42 20.44 20.39 20.31 20.33 20.39 20.45 20.59 20.71 20.91 20.98 21.12 21.27 21.31 21.54 21.63 21.75 21.91 21.97 22.14 22.18 22.32 22.37 22.54 22.81 22.84 23.01 23.07 23.14 23.31 23.56 23.74 23.85 23.98 24.12
24.87 24.65 24.33 24.01 23.72 23.49 23.34 23.20 23.00 22.61 22.19 21.74 21.03 21.09 21.29 20.92 21.06 21.11 21.11 21.01 20.90 20.78 20.64 20.61 20.56 20.52 20.57 20.48 20.36 20.31 20.27 20.36 20.43 20.61 20.77 20.87 20.90 20.95 20.93 21.01 20.92 20.98 21.07 21.15 21.29 21.46 21.56 21.75 21.89 21.93 22.06 22.10 22.21 22.36 22.39 22.62 22.68 22.77 22.87 23.08 23.34 23.30 23.42 23.48 23.68 23.76 23.96 24.06 24.19 24.52 24.50
24.83 24.62 24.35 24.10 23.57 23.44 23.24 23.02 22.41 22.17 21.99 21.86 21.45 21.50 21.49 21.41 21.32 21.43 21.38 21.26 21.16 21.08 21.02 20.94 20.84 20.86 20.89 20.84 20.70 20.69 20.69 20.74 20.81 20.94 21.21 21.26 21.33 21.40 21.44 21.57 21.56 21.56 21.67 21.66 21.77 21.95 22.10 22.23 22.35 22.52 22.61 22.60 22.81 22.83 22.84 23.01 23.18 23.22 23.26 23.25 23.59 23.72 23.82 23.91 24.07 24.25 24.34 24.47 24.58 24.81 25.00
24.72 24.47 24.19 23.97 23.37 23.30 23.14 22.79 22.54 22.25 22.15 22.04 21.91 21.74 21.67 21.61 21.63 21.65 21.67 21.58 21.51 21.39 21.33 21.23 21.22 21.17 21.18 21.19 21.01 21.05 21.04 21.14 21.22 21.37 21.50 21.65 21.72 21.85 21.88 21.99 22.03 21.94 22.13 22.20 22.31 22.48 22.59 22.75 22.84 22.99 23.09 23.04 23.17 23.25 23.32 23.44 23.57 23.64 23.51 23.45 23.90 24.30 24.19 24.32 24.42 24.65 24.71 24.82 25.05 25.19 25.68
24.65 24.31 23.92 23.63 23.09 22.96 23.00 22.54 22.51 22.32 22.21 22.29 22.22 22.01 21.88 21.89 21.89 21.88 21.87 21.88 21.78 21.72 21.62 21.58 21.55 21.43 21.46 21.50 21.45 21.41 21.43 21.59 21.67 21.76 21.86 22.09 22.13 22.19 22.34 22.44 22.46 22.48 22.65 22.60 22.76 22.98 23.07 23.21 23.33 23.45 23.48 23.53 23.56 23.59 23.82 23.86 24.00 24.01 23.84 23.98 24.26 24.43 24.60 24.65 24.73 24.92 25.13 25.21 25.43 25.49 25.74
24.66 24.24 23.78 23.46 23.20 23.12 22.84 22.71 22.50 22.27 22.42 22.50 22.41 22.24 22.12 22.10 22.11 22.10 22.06 22.12 22.08 21.96 21.94 21.90 21.90 21.80 21.83 21.80 21.78 21.77 21.84 21.95 22.05 22.22 22.28 22.46 22.56 22.59 22.68 22.72 22.80 22.83 22.97 23.01 23.16 23.32 23.44 23.56 23.72 23.91 23.97 23.99 23.96 24.04 24.14 24.22 24.33 24.43 24.35 24.37 24.62 24.71 24.87 25.10 25.24 25.24 25.47 25.64 25.94 26.18 26.11
24.88 24.54 23.97 23.68 23.57 23.34 23.00 22.81 22.75 23.04 22.86 22.76 22.66 22.51 22.35 22.37 22.21 22.38 22.35 22.39 22.37 22.35 22.32 22.30 22.23 22.14 22.19 22.11 22.17 22.14 22.31 22.41 22.46 22.61 22.68 22.87 22.95 23.02 23.05 23.08 23.13 23.19 23.36 23.50 23.62 23.72 23.80 23.90 24.10 24.27 24.40 24.39 24.37 24.49 24.63 24.61 24.83 24.80 24.72 24.82 24.90 25.05 25.22 25.33 25.43 25.54 25.79 25.98 26.13 26.31 26.50
24.86 24.40 24.19 24.04 23.87 23.72 23.49 23.40 23.37 23.22 23.06 22.95 22.97 22.89 22.70 22.74 22.79 22.85 22.75 22.82 22.74 22.73 22.74 22.73 22.60 22.53 22.54 22.48 22.65 22.66 22.76 22.86 22.94 23.08 23.16 23.25 23.37 23.42 23.41 23.47 23.50 23.67 23.73 23.87 23.93 24.10 24.23 24.25 24.40 24.61 24.68 24.74 24.71 24.81 24.98 25.00 25.04 25.16 25.22 25.26 25.33 25.40 25.54 25.60 25.74 25.86 26.07 26.25 26.48 26.57 26.85
25.10 24.78 24.50 24.37 24.22 23.97 23.88 23.68 23.56 23.47 23.32 23.22 23.18 23.17 23.08 23.10 23.22 23.35 23.30 23.28 23.18 23.11 23.11 23.07 23.01 23.00 23.03 23.02 23.11 23.15 23.21 23.35 23.46 23.57 23.62 23.68 23.77 23.76 23.73 23.65 23.71 23.98 24.25 24.28 24.27 24.38 24.57 24.60 24.67 24.85 25.00 25.18 25.12 25.17 25.29 25.36 25.50 25.65 25.57 25.59 25.67 25.75 25.87 25.97 26.25 26.33 26.33 26.61 26.84 26.88 27.16
