maui/input/air_temperature_monthly/tmaxmay_250m_maui.asc
ncols        356
nrows        236
xllcorner    -156.702000000000
yllcorner    20.529750000000
cellsize     0.002250000000
NODATA_value  -99.00
[rows 155 to 185 of 236, columns 142 to 212 of 356]
24.99 24.83 24.62 24.45 24.32 24.20 24.07 23.95 23.80 23.68 23.49 23.22 22.99 22.77 22.50 22.34 22.14 21.88 21.63 21.31 21.01 20.74 20.46 20.18 20.00 19.66 19.35 19.03 18.60 18.26 17.84 17.58 17.21 16.78 16.50 16.16 15.95 15.77 15.50 15.14 14.92 14.79 14.61 14.48 14.34 14.23 14.12 14.02 13.90 13.76 13.63 13.46 13.33 13.16 12.98 12.82 12.74 12.60 12.66 12.86 13.11 13.19 13.21 13.35 13.48 13.71 13.81 14.01 14.22 14.32 14.41
24.93 24.76 24.57 24.38 24.17 24.00 23.89 23.77 23.57 23.48 23.37 23.20 22.91 22.62 22.40 22.16 21.97 21.75 21.45 21.17 20.83 20.46 20.18 19.85 19.60 19.39 19.10 18.66 18.29 17.91 17.54 17.18 16.79 16.41 16.14 15.91 15.60 15.40 15.19 15.04 14.84 14.65 14.50 14.39 14.25 14.10 13.96 13.87 13.76 13.61 13.40 13.23 13.12 13.01 12.80 12.62 12.62 12.62 12.61 12.76 12.94 13.01 13.09 13.22 13.47 13.67 13.87 14.08 14.15 14.22 14.24
24.82 24.67 24.49 24.30 24.03 23.90 23.74 23.57 23.43 23.24 23.19 23.00 22.85 22.57 22.29 22.03 21.67 21.49 21.27 20.93 20.59 20.25 19.92 19.54 19.23 19.00 18.70 18.42 18.03 17.62 17.22 16.86 16.51 16.17 15.74 15.52 15.26 15.12 15.01 14.90 14.76 14.55 14.39 14.26 14.10 13.93 13.75 13.65 13.56 13.34 13.17 13.00 12.89 12.87 12.74 12.64 12.71 12.76 12.75 12.74 12.77 12.78 12.87 13.26 13.57 13.85 14.02 14.08 14.16 14.16 14.18
24.67 24.53 24.38 24.16 23.95 23.81 23.62 23.42 23.25 23.09 22.96 22.84 22.74 22.52 22.17 21.84 21.52 21.23 20.95 20.71 20.33 19.99 19.65 19.24 18.93 18.67 18.44 18.17 17.78 17.39 16.94 16.60 16.24 15.86 15.53 15.23 15.06 14.94 14.83 14.71 14.66 14.48 14.29 14.14 13.95 13.77 13.54 13.41 13.34 13.22 13.01 12.90 12.81 12.93 12.95 12.94 12.95 12.97 12.94 12.93 12.94 12.93 12.93 13.11 13.44 13.69 13.82 13.92 14.05 13.93 14.00
24.53 24.38 24.27 24.06 23.89 23.71 23.53 23.32 23.16 22.97 22.81 22.67 22.53 22.40 22.09 21.72 21.36 21.03 20.69 20.42 20.09 19.75 19.35 19.01 18.65 18.37 18.14 17.95 17.60 17.23 16.79 16.37 15.97 15.68 15.35 15.09 14.95 14.86 14.70 14.54 14.44 14.35 14.12 13.95 13.79 13.59 13.36 13.29 13.19 13.05 13.18 13.07 13.09 13.16 13.23 13.23 13.20 13.21 13.17 13.15 13.11 13.09 13.10 13.15 13.14 13.28 13.38 13.53 13.67 13.56 13.54
24.39 24.27 24.09 23.97 23.78 23.54 23.37 23.20 23.05 22.86 22.66 22.52 22.38 22.20 21.92 21.56 21.20 20.77 20.42 20.14 19.81 19.44 19.10 18.78 18.42 18.13 17.85 17.57 17.37 17.03 16.59 16.16 15.74 15.46 15.17 15.01 14.86 14.71 14.59 14.38 14.22 14.11 13.90 13.66 13.53 13.43 13.32 13.22 13.27 13.23 13.31 13.31 13.37 13.39 13.45 13.44 13.44 13.40 13.38 13.33 13.29 13.26 13.27 13.31 13.35 13.35 13.36 13.38 13.40 13.40 13.47
24.28 24.15 24.00 23.84 23.65 23.42 23.24 23.12 22.93 22.71 22.55 22.39 22.16 21.96 21.71 21.28 20.89 20.54 20.14 19.81 19.49 19.22 18.90 18.57 18.26 17.93 17.58 17.33 17.10 16.89 16.48 16.02 15.57 15.24 15.07 14.94 14.77 14.55 14.38 14.17 14.06 13.88 13.68 13.49 13.38 13.39 13.33 13.32 13.34 13.44 13.53 13.55 13.58 13.58 13.60 13.60 13.62 13.59 13.54 13.50 13.50 13.49 13.46 13.52 13.53 13.63 13.67 13.71 13.71 13.76 13.81
24.12 24.01 23.82 23.65 23.43 23.24 23.11 22.98 22.85 22.66 22.37 22.18 21.95 21.75 21.44 21.08 20.71 20.26 19.91 19.51 19.20 18.97 18.72 18.36 18.02 17.69 17.39 17.15 16.97 16.65 16.34 16.04 15.57 15.18 15.03 14.88 14.71 14.51 14.26 14.08 13.91 13.77 13.63 13.57 13.54 13.64 13.57 13.60 13.64 13.69 13.71 13.73 13.77 13.78 13.78 13.74 13.81 13.78 13.73 13.71 13.72 13.75 13.74 13.78 13.83 13.94 14.00 14.00 14.03 14.09 14.17
24.08 23.92 23.75 23.51 23.32 23.09 22.99 22.88 22.67 22.52 22.27 22.07 21.77 21.47 21.15 20.78 20.48 20.04 19.65 19.30 18.95 18.63 18.45 18.12 17.84 17.51 17.21 16.95 16.74 16.46 16.14 15.83 15.53 15.15 15.00 14.86 14.64 14.43 14.19 13.99 13.85 13.73 13.78 13.81 13.86 13.86 13.89 13.89 13.88 13.89 13.88 13.90 13.96 13.99 14.00 13.94 14.06 14.00 13.95 13.93 13.94 14.02 14.06 14.05 14.19 14.27 14.35 14.32 14.30 14.46 14.52
23.96 23.80 23.64 23.45 23.26 23.11 22.93 22.78 22.54 22.34 22.16 21.93 21.61 21.29 20.97 20.56 20.19 19.78 19.40 19.08 18.79 18.48 18.17 17.94 17.68 17.37 17.06 16.79 16.56 16.30 15.94 15.70 15.39 15.07 14.86 14.65 14.44 14.20 13.90 13.73 13.78 13.87 14.05 14.15 14.16 14.16 14.21 14.17 14.12 14.12 14.10 14.13 14.17 14.23 14.24 14.24 14.33 14.29 14.21 14.18 14.19 14.34 14.35 14.36 14.54 14.61 14.68 14.67 14.70 14.80 14.83
23.89 23.68 23.50 23.39 23.22 22.99 22.84 22.66 22.42 22.22 21.96 21.79 21.46 21.06 20.76 20.42 20.04 19.59 19.20 18.84 18.60 18.29 17.98 17.76 17.54 17.19 16.97 16.67 16.39 16.13 15.81 15.46 15.16 14.93 14.66 14.46 14.30 14.05 13.87 13.93 14.02 14.14 14.22 14.39 14.47 14.47 14.49 14.41 14.35 14.30 14.31 14.35 14.39 14.44 14.46 14.52 14.56 14.55 14.53 14.48 14.52 14.61 14.72 14.84 14.86 14.99 15.05 15.00 15.07 15.11 15.20
23.73 23.54 23.34 23.20 23.06 22.87 22.68 22.47 22.30 22.14 21.87 21.61 21.31 20.97 20.63 20.24 19.89 19.50 19.02 18.64 18.32 18.14 17.80 17.52 17.35 17.11 16.82 16.43 16.07 15.74 15.37 15.09 14.99 14.79 14.56 14.39 14.30 14.22 14.18 14.27 14.39 14.40 14.44 14.55 14.64 14.70 14.68 14.60 14.59 14.54 14.56 14.59 14.62 14.64 14.69 14.75 14.80 14.78 14.83 14.80 14.84 14.94 15.04 15.24 15.15 15.39 15.61 15.51 15.60 15.69 15.83
23.60 23.34 23.15 22.99 22.91 22.71 22.56 22.30 22.08 21.87 21.71 21.50 21.20 20.84 20.49 20.07 19.71 19.32 18.84 18.43 18.08 17.84 17.59 17.30 17.03 16.85 16.52 16.09 15.71 15.36 15.11 14.90 14.85 14.70 14.45 14.36 14.39 14.46 14.56 14.53 14.53 14.58 14.62 14.74 14.79 14.85 14.85 14.78 14.78 14.76 14.77 14.83 14.85 14.89 14.95 15.00 15.06 15.04 15.12 15.15 15.11 15.38 15.63 15.70 15.80 16.05 16.25 16.25 16.34 16.36 16.52
23.41 23.19 23.00 22.86 22.67 22.51 22.30 22.09 21.92 21.64 21.40 21.18 20.90 20.60 20.33 19.95 19.58 19.13 18.70 18.30 17.92 17.65 17.31 17.11 16.77 16.42 16.02 15.56 15.16 15.06 14.98 14.84 14.59 14.56 14.65 14.66 14.72 14.87 14.76 14.70 14.74 14.73 14.82 14.90 14.97 14.99 15.01 14.95 14.95 14.96 15.00 15.05 15.09 15.12 15.18 15.25 15.37 15.32 15.39 15.60 15.78 15.88 16.28 16.35 16.52 16.61 16.84 16.86 17.07 16.97 17.30
23.30 23.07 22.91 22.72 22.51 22.30 22.13 21.87 21.67 21.48 21.13 20.84 20.61 20.31 19.95 19.64 19.30 18.97 18.62 18.26 17.82 17.46 17.06 16.78 16.34 15.92 15.47 15.18 14.99 14.89 14.89 14.81 14.72 14.74 14.84 14.96 15.04 15.00 14.97 14.90 14.91 14.91 14.97 15.09 15.14 15.17 15.15 15.16 15.16 15.17 15.20 15.26 15.38 15.47 15.56 15.73 15.80 15.92 15.98 16.16 16.44 16.52 16.67 16.87 17.06 17.19 17.42 17.40 17.65 17.60 17.92
23.13 22.98 22.86 22.62 22.44 22.16 21.89 21.66 21.46 21.22 20.91 20.63 20.34 20.04 19.69 19.30 18.97 18.57 18.32 18.04 17.64 17.21 16.85 16.67 16.25 15.64 15.22 15.10 15.10 15.10 15.00 14.97 14.99 15.04 15.09 15.18 15.17 15.12 15.12 15.06 15.13 15.14 15.16 15.24 15.35 15.41 15.40 15.35 15.24 15.52 15.64 15.71 15.80 15.88 16.00 16.15 16.31 16.43 16.59 16.78 17.06 17.18 17.25 17.62 17.54 17.80 17.87 18.16 18.10 18.21 18.42
23.06 22.92 22.72 22.48 22.32 22.04 21.71 21.47 21.23 21.01 20.71 20.41 20.11 19.77 19.40 19.06 18.73 18.24 17.89 17.50 17.04 16.68 16.43 16.11 15.75 15.91 15.54 15.33 15.23 15.18 15.17 15.12 15.10 15.30 15.50 15.59 15.47 15.40 15.38 15.32 15.38 15.48 15.49 15.62 15.74 15.72 15.77 15.63 15.60 15.90 16.18 16.15 16.28 16.43 16.56 16.66 16.83 17.01 17.17 17.43 17.48 17.77 17.80 18.02 18.10 18.28 18.29 18.47 18.59 18.76 18.85
22.97 22.81 22.57 22.37 22.22 21.96 21.65 21.35 21.11 20.81 20.53 20.20 19.91 19.71 19.26 18.83 18.36 17.87 17.61 17.10 16.66 16.41 16.38 16.24 15.98 16.22 16.28 15.95 15.48 15.47 15.50 15.57 15.62 15.85 15.92 16.05 15.96 15.95 15.96 15.82 15.76 15.88 15.89 16.03 16.14 16.15 16.22 16.19 16.20 16.45 16.55 16.61 16.78 16.92 17.07 17.24 17.33 17.51 17.68 17.92 18.04 18.20 18.38 18.46 18.66 18.75 18.85 19.07 19.34 19.30 19.45
22.98 22.78 22.48 22.32 22.12 21.89 21.66 21.42 21.09 20.80 20.45 20.06 19.73 19.42 19.23 18.78 18.38 18.09 17.74 17.26 16.78 16.62 16.55 16.45 16.42 16.61 16.53 16.30 15.97 15.85 15.92 16.07 16.15 16.32 16.42 16.46 16.41 16.47 16.43 16.35 16.23 16.35 16.30 16.46 16.59 16.58 16.69 16.78 16.73 16.98 17.16 17.19 17.28 17.47 17.62 17.66 17.76 18.00 18.27 18.33 18.62 18.76 18.87 18.98 19.22 19.21 19.43 19.55 19.88 19.85 20.05
22.99 22.67 22.38 22.18 21.94 21.77 21.65 21.45 21.16 20.83 20.34 19.98 19.61 19.37 19.14 18.91 18.49 18.25 17.59 17.31 17.21 17.30 17.13 16.96 16.79 16.77 16.76 16.62 16.40 16.37 16.42 16.49 16.67 16.83 16.85 16.90 16.85 16.85 16.87 16.77 16.75 16.80 16.76 16.94 17.01 17.07 17.21 17.33 17.31 17.47 17.65 17.69 17.84 18.01 18.20 18.32 18.33 18.49 18.66 18.85 19.02 19.14 19.35 19.42 19.57 19.70 19.87 20.14 20.29 20.31 20.49
22.95 22.63 22.36 22.08 21.84 21.70 21.54 21.40 21.19 20.88 20.46 19.78 19.43 19.24 18.88 18.56 18.24 17.96 17.81 17.53 17.73 17.68 17.47 17.28 17.12 17.08 17.09 16.97 16.86 16.85 16.86 16.93 17.12 17.21 17.31 17.35 17.29 17.39 17.29 17.19 17.13 17.27 17.27 17.42 17.50 17.55 17.71 17.80 17.80 18.00 18.23 18.35 18.46 18.63 18.73 18.87 18.94 19.08 19.21 19.56 19.46 19.65 19.91 19.83 20.04 20.24 20.38 20.50 20.76 20.72 21.00
22.86 22.59 22.32 22.09 21.78 21.63 21.46 21.29 21.06 20.74 20.37 19.92 19.47 19.15 18.78 18.35 18.15 18.25 18.01 18.13 18.07 17.96 17.75 17.59 17.53 17.49 17.49 17.36 17.27 17.20 17.26 17.33 17.48 17.64 17.73 17.86 17.82 17.84 17.74 17.63 17.58 17.66 17.70 17.83 18.01 18.18 18.29 18.36 18.45 18.54 18.73 18.91 19.04 19.12 19.26 19.45 19.43 19.56 19.67 19.88 19.98 20.22 20.22 20.21 20.40 20.76 20.81 21.01 21.28 21.24 21.50
22.88 22.59 22.33 22.04 21.75 21.56 21.42 21.18 20.95 20.60 20.26 19.70 19.04 18.47 18.71 18.37 18.37 18.50 18.53 18.49 18.39 18.26 18.05 17.95 17.95 17.87 17.93 17.88 17.76 17.65 17.66 17.75 17.82 17.99 18.09 18.24 18.23 18.26 18.20 18.12 18.14 18.20 18.25 18.40 18.52 18.72 18.79 18.92 19.07 19.11 19.33 19.41 19.54 19.69 19.75 19.92 19.95 20.09 20.14 20.31 20.58 20.61 20.79 20.85 20.92 21.10 21.36 21.55 21.66 21.80 21.95
22.86 22.64 22.31 21.97 21.67 21.43 21.27 21.13 20.91 20.50 20.06 19.59 18.85 18.91 19.12 18.73 18.87 18.92 18.91 18.81 18.69 18.56 18.42 18.38 18.32 18.29 18.33 18.25 18.13 18.08 18.04 18.15 18.22 18.42 18.59 18.70 18.72 18.78 18.76 18.84 18.74 18.80 18.90 18.96 19.11 19.28 19.38 19.56 19.70 19.73 19.86 19.89 20.00 20.15 20.16 20.40 20.46 20.54 20.64 20.85 21.12 21.07 21.19 21.25 21.46 21.54 21.75 21.86 21.99 22.34 22.32
22.82 22.60 22.32 22.06 21.51 21.38 21.17 20.94 20.30 20.05 19.86 19.72 19.28 19.34 19.32 19.24 19.14 19.25 19.20 19.07 18.96 18.88 18.81 18.72 18.62 18.64 18.67 18.63 18.48 18.48 18.48 18.54 18.61 18.76 19.04 19.10 19.17 19.23 19.28 19.41 19.39 19.39 19.51 19.49 19.59 19.78 19.93 20.05 20.16 20.33 20.41 20.40 20.61 20.61 20.62 20.78 20.95 21.00 21.03 21.02 21.37 21.49 21.60 21.68 21.85 22.04 22.13 22.26 22.38 22.63 22.82
22.71 22.45 22.16 21.93 21.31 21.24 21.06 20.70 20.44 20.14 20.03 19.90 19.77 19.59 19.51 19.45 19.47 19.49 19.50 19.41 19.33 19.20 19.14 19.03 19.02 18.96 18.98 18.99 18.81 18.86 18.85 18.96 19.04 19.20 19.33 19.49 19.56 19.69 19.72 19.83 19.87 19.77 19.96 20.04 20.14 20.31 20.42 20.58 20.66 20.81 20.90 20.84 20.96 21.03 21.10 21.22 21.35 21.41 21.28 21.21 21.67 22.09 21.97 22.10 22.21 22.45 22.51 22.62 22.86 23.00 23.52
22.63 22.28 21.88 21.58 21.02 20.89 20.93 20.44 20.41 20.21 20.09 20.17 20.09 19.87 19.74 19.75 19.75 19.73 19.71 19.72 19.62 19.55 19.44 19.39 19.36 19.24 19.28 19.31 19.27 19.23 19.25 19.42 19.50 19.60 19.69 19.93 19.97 20.04 20.18 20.28 20.30 20.32 20.49 20.44 20.59 20.82 20.90 21.04 21.15 21.27 21.29 21.34 21.36 21.38 21.62 21.65 21.79 21.79 21.61 21.76 22.05 22.21 22.39 22.44 22.52 22.72 22.93 23.01 23.25 23.31 23.57
22.66 22.21 21.73 21.41 21.14 21.05 20.76 20.62 20.40 20.16 20.31 20.39 20.29 20.12 19.99 19.97 19.97 19.96 19.92 19.98 19.93 19.80 19.78 19.73 19.73 19.62 19.67 19.64 19.62 19.60 19.68 19.79 19.89 20.06 20.12 20.31 20.40 20.43 20.52 20.56 20.64 20.67 20.81 20.84 21.00 21.15 21.27 21.39 21.55 21.74 21.79 21.81 21.76 21.84 21.94 22.01 22.13 22.23 22.14 22.16 22.42 22.51 22.66 22.90 23.05 23.04 23.28 23.45 23.77 24.02 23.94
22.88 22.53 21.94 21.64 21.53 21.29 20.93 20.73 20.67 20.97 20.77 20.66 20.56 20.40 20.24 20.25 20.08 20.26 20.23 20.26 20.23 20.21 20.18 20.15 20.08 19.98 20.04 19.96 20.02 19.99 20.16 20.26 20.30 20.46 20.53 20.72 20.80 20.86 20.89 20.91 20.97 21.03 21.20 21.34 21.46 21.55 21.63 21.73 21.93 22.10 22.23 22.22 22.19 22.30 22.45 22.42 22.64 22.61 22.52 22.62 22.70 22.85 23.03 23.14 23.23 23.35 23.61 23.81 23.96 24.15 24.35
22.87 22.39 22.17 22.01 21.84 21.69 21.44 21.34 21.31 21.15 20.99 20.87 20.89 20.80 20.60 20.64 20.69 20.75 20.64 20.71 20.62 20.61 20.62 20.60 20.47 20.40 20.40 20.34 20.52 20.52 20.62 20.72 20.79 20.93 21.01 21.10 21.21 21.27 21.25 21.31 21.34 21.51 21.57 21.71 21.77 21.94 22.07 22.09 22.23 22.45 22.51 22.58 22.53 22.63 22.80 22.82 22.86 22.98 23.04 23.07 23.14 23.21 23.35 23.41 23.55 23.68 23.90 24.09 24.33 24.42 24.71
23.11 22.79 22.49 22.36 22.21 21.95 21.84 21.63 21.51 21.42 21.25 21.15 21.11 21.10 20.99 21.02 21.13 21.27 21.21 21.19 21.08 21.01 21.01 20.97 20.89 20.89 20.92 20.89 20.99 21.02 21.08 21.22 21.33 21.43 21.48 21.54 21.62 21.60 21.56 21.49 21.54 21.82 22.09 22.12 22.10 22.22 22.41 22.44 22.50 22.69 22.84 23.03 22.96 23.00 23.12 23.19 23.33 23.48 23.40 23.42 23.49 23.57 23.69 23.80 24.09 24.17 24.17 24.46 24.70 24.74 25.03
