maui/input/air_temperature_monthly/tmaxnov_250m_maui.asc
ncols        356
nrows        236
xllcorner    -156.702000000000
yllcorner    20.529750000000
cellsize     0.002250000000
NODATA_value  -99.00
[rows 64 to 95 of 236, columns 142 to 212 of 356]
28.10 28.07 28.00 27.93 27.92 27.79 27.79 27.70 27.66 27.65 27.71 27.67 27.65 27.54 27.47 27.44 27.39 27.32 27.26 27.21 27.12 27.06 27.56 27.19 27.00 26.97 26.95 26.89 26.85 26.87 26.74 26.86 26.63 26.55 26.69 26.53 26.48 26.49 26.50 26.51 26.45 26.31 26.29 26.21 26.20 26.45 26.48 26.27 26.32 26.20 26.18 26.17 26.52 26.48 26.24 26.33 26.27 26.23 26.26 26.41 26.50 26.41 26.54 26.52 26.49 26.47 26.57 26.77 26.89 -9999.00 -9999.00
28.08 28.03 28.01 27.89 27.81 27.78 27.75 27.69 27.64 27.60 27.65 27.65 27.57 27.53 27.47 27.43 27.40 27.31 27.22 27.10 27.05 27.00 26.94 27.01 26.94 26.92 26.90 26.83 26.74 26.78 26.63 26.87 26.55 26.47 26.64 26.40 26.43 26.44 26.45 26.46 26.29 26.26 26.21 26.24 26.39 26.20 26.14 26.12 26.11 26.12 26.09 26.46 26.44 26.28 26.16 26.20 26.11 26.13 26.17 26.24 26.43 26.31 26.44 26.39 26.44 26.43 26.47 26.56 26.65 -9999.00 27.12
28.07 27.97 27.94 27.87 27.80 27.74 27.69 27.66 27.61 27.58 27.62 27.57 27.60 27.50 27.48 27.42 27.40 27.27 27.19 27.07 26.99 26.92 26.92 27.18 26.87 26.83 26.81 26.72 26.75 26.63 26.65 26.77 26.46 26.36 26.52 26.24 26.34 26.32 26.44 26.31 26.22 26.27 26.14 26.14 26.12 26.14 25.96 25.94 25.95 25.95 25.97 26.45 26.10 26.15 26.08 26.03 25.99 26.00 26.07 26.25 26.18 26.33 26.27 26.22 26.24 26.30 26.48 26.43 26.53 26.60 26.79
28.01 27.92 27.88 27.86 27.78 27.73 27.66 27.62 27.59 27.56 27.51 27.53 27.55 27.49 27.43 27.39 27.29 27.23 27.13 27.05 26.96 26.87 26.81 27.25 26.77 26.77 26.70 26.65 26.61 26.67 26.47 26.47 26.55 26.35 26.41 26.39 26.30 26.21 26.37 26.23 26.15 26.20 26.11 26.05 26.06 25.98 25.86 25.85 25.83 25.85 26.04 26.06 26.00 25.89 25.87 25.95 25.88 25.90 26.07 26.04 26.07 26.21 26.03 26.12 26.15 26.28 26.27 26.33 26.52 26.51 26.57
27.96 27.91 27.85 27.81 27.76 27.70 27.59 27.57 27.55 27.50 27.47 27.50 27.42 27.43 27.36 27.32 27.27 27.15 27.07 27.00 26.86 26.81 26.74 26.91 26.71 26.68 26.58 26.50 26.48 26.45 26.39 26.37 26.32 26.46 26.23 26.18 26.19 26.08 26.29 26.31 26.16 26.06 26.06 26.00 25.99 25.86 25.80 25.74 25.64 25.73 25.81 26.15 25.83 25.76 25.73 25.82 25.81 25.94 25.87 25.94 25.93 26.11 25.97 25.98 26.10 26.18 26.18 26.26 26.29 26.36 26.43
27.91 27.87 27.82 27.74 27.70 27.67 27.57 27.54 27.50 27.45 27.42 27.40 27.34 27.36 27.30 27.27 27.14 27.08 27.00 26.96 26.84 26.76 26.69 26.69 26.69 26.61 26.54 26.44 26.38 26.40 26.29 26.26 26.21 26.36 26.15 26.14 26.20 26.02 26.10 26.00 26.22 26.00 25.98 25.91 25.89 25.79 25.67 25.54 25.54 25.61 26.06 25.74 25.71 25.65 25.70 25.69 25.72 25.78 25.69 25.76 25.83 26.05 26.06 25.88 26.01 26.00 26.17 26.02 26.16 26.22 26.31
27.89 27.82 27.76 27.71 27.65 27.61 27.63 27.52 27.48 27.42 27.39 27.33 27.25 27.25 27.23 27.19 27.12 26.99 26.90 26.83 26.76 26.71 26.58 26.57 26.97 26.49 26.44 26.34 26.30 26.27 26.37 26.26 26.15 26.28 26.06 26.05 26.15 25.94 26.10 25.86 25.91 26.04 25.90 25.81 25.79 25.72 25.59 25.42 25.52 25.74 25.59 25.67 25.72 25.56 25.70 25.52 25.58 25.66 25.58 25.59 25.80 25.90 25.90 25.75 25.96 26.00 25.92 25.89 26.05 26.18 26.37
27.85 27.79 27.75 27.69 27.63 27.59 27.52 27.54 27.47 27.41 27.34 27.31 27.24 27.15 27.10 27.06 26.98 26.99 26.81 26.68 26.70 26.53 26.50 26.50 26.49 26.38 26.30 26.19 26.16 26.16 26.25 26.15 26.10 26.28 25.98 25.96 26.08 25.89 26.01 25.77 25.78 25.80 25.76 25.72 25.73 25.64 25.55 25.53 25.58 25.78 25.60 25.50 25.52 25.43 25.52 25.40 25.41 25.50 25.43 25.56 25.57 25.68 25.77 25.59 25.70 25.72 25.89 25.79 25.88 26.12 26.19
27.82 27.78 27.72 27.69 27.63 27.57 27.50 27.47 27.46 27.40 27.25 27.20 27.19 27.18 27.06 26.95 26.89 26.89 26.75 26.64 26.61 26.55 26.42 26.37 26.30 26.72 26.18 26.04 25.93 25.99 26.12 26.04 26.04 26.03 26.14 25.92 25.91 25.87 25.95 25.74 25.66 25.76 25.72 25.65 25.57 25.53 25.44 25.37 25.40 25.66 25.64 25.35 25.33 25.36 25.41 25.28 25.39 25.40 25.29 25.30 25.49 25.55 25.62 25.55 25.59 25.51 25.56 25.69 25.77 25.87 26.10
27.80 27.75 27.67 27.61 27.57 27.55 27.49 27.44 27.43 27.36 27.29 27.17 27.13 27.04 27.00 26.99 26.83 26.75 26.83 26.60 26.52 26.44 26.33 26.27 26.23 26.36 26.21 26.02 25.73 25.78 26.09 25.98 25.93 25.89 25.89 25.88 25.80 25.86 25.68 25.64 25.60 25.74 25.70 25.53 25.54 25.43 25.27 25.25 25.29 25.49 25.49 25.25 25.25 25.18 25.29 25.13 25.19 25.26 25.23 25.17 25.31 25.39 25.45 25.38 25.43 25.44 25.46 25.59 25.59 25.61 25.87
27.77 27.64 27.59 27.55 27.51 27.50 27.47 27.41 27.40 27.34 27.17 27.13 27.13 26.98 26.95 26.90 26.79 26.70 26.64 26.69 26.55 26.37 26.32 26.21 26.16 26.28 26.75 26.25 25.72 25.68 26.01 25.87 25.88 25.78 25.85 25.74 25.71 25.66 25.64 25.65 25.51 25.68 25.54 25.41 25.37 25.27 25.14 25.10 25.41 25.09 25.30 25.14 25.16 24.96 25.00 25.08 25.00 25.09 25.21 25.01 25.05 25.12 25.36 25.25 25.19 25.21 25.28 25.38 25.30 25.63 25.55
27.68 27.64 27.56 27.50 27.48 27.46 27.42 27.39 27.34 27.28 27.17 27.06 27.00 26.95 26.95 26.79 26.70 26.57 26.45 26.51 26.49 26.35 26.25 26.18 26.13 26.09 26.64 26.01 25.92 25.85 25.87 25.80 25.81 25.70 25.67 25.82 25.59 25.54 25.56 25.51 25.38 25.60 25.46 25.29 25.25 25.18 25.03 25.01 25.29 24.99 25.27 24.97 24.94 24.86 24.87 25.10 24.93 25.08 24.90 24.89 24.88 24.98 25.09 24.99 24.95 25.09 25.11 25.15 25.20 25.33 25.53
27.63 27.61 27.54 27.49 27.45 27.43 27.41 27.37 27.30 27.22 27.13 27.17 26.99 26.92 26.86 26.69 26.61 26.51 26.40 26.40 26.35 26.26 26.24 26.14 26.09 26.04 26.38 25.94 25.89 25.83 25.81 25.75 25.68 25.63 25.59 25.79 25.55 25.48 25.45 25.37 25.34 25.27 25.34 25.28 25.15 25.03 24.93 25.03 25.25 24.87 25.02 24.84 24.74 24.72 24.75 24.91 24.85 24.86 24.75 24.67 24.90 24.70 24.96 24.71 24.87 24.86 24.93 24.94 25.17 25.31 25.41
27.59 27.58 27.58 27.46 27.41 27.37 27.39 27.35 27.25 27.18 27.13 27.06 27.07 26.92 26.79 26.67 26.57 26.52 26.43 26.33 26.31 26.22 26.14 26.08 26.00 25.99 26.31 25.83 25.83 25.76 25.73 25.70 25.61 25.57 25.52 25.53 25.58 25.41 25.38 25.28 25.23 25.19 25.32 25.23 25.05 24.91 24.84 24.96 24.92 24.76 24.90 24.91 24.64 24.51 24.60 24.66 24.54 24.58 24.57 24.52 24.76 24.62 24.70 24.57 24.56 24.65 24.74 24.79 24.85 25.03 25.11
27.58 27.54 27.51 27.52 27.38 27.32 27.32 27.23 27.21 27.15 27.07 26.98 26.92 26.91 26.77 26.69 26.59 26.49 26.40 26.29 26.28 26.16 26.07 26.01 25.92 25.92 26.48 25.78 25.72 25.66 25.62 25.63 25.62 25.50 25.45 25.47 25.46 25.40 25.31 25.21 25.12 25.10 25.13 25.13 24.90 24.78 24.83 24.75 24.92 24.62 24.79 24.76 24.67 24.41 24.33 24.54 24.43 24.50 24.29 24.31 24.45 24.49 24.38 24.39 24.41 24.40 24.52 24.66 24.72 24.97 24.94
27.57 27.51 27.48 27.43 27.37 27.28 27.22 27.15 27.09 27.07 27.02 26.92 26.87 26.86 26.80 26.71 26.62 26.49 26.39 26.28 26.20 26.14 26.02 25.95 25.84 25.95 25.90 25.72 25.63 25.57 25.53 25.54 25.55 25.42 25.37 25.46 25.39 25.31 25.26 25.12 25.01 24.99 25.13 24.89 24.85 24.67 24.64 24.56 24.78 24.52 24.62 24.48 24.49 24.22 24.12 24.33 24.13 24.24 24.16 24.15 24.16 24.19 24.26 24.28 24.13 24.18 24.27 24.46 24.66 24.75 24.72
27.54 27.50 27.45 27.40 27.35 27.35 27.15 27.10 27.05 27.00 26.92 26.84 26.79 26.78 26.66 26.60 26.55 26.48 26.40 26.28 26.16 26.10 25.97 25.89 25.82 26.24 25.81 25.75 25.62 25.49 25.44 25.45 25.45 25.47 25.31 25.33 25.37 25.15 25.16 25.11 24.93 24.81 24.83 24.74 24.76 24.53 24.51 24.45 24.64 24.55 24.34 24.18 24.21 24.07 24.02 24.03 23.98 23.95 23.96 23.98 24.07 23.99 23.95 24.08 23.97 24.00 24.01 24.22 24.34 24.42 24.53
27.53 27.49 27.45 27.37 27.28 27.30 27.12 27.05 26.96 26.92 26.88 26.83 26.75 26.70 26.58 26.52 26.50 26.42 26.31 26.32 26.19 26.03 25.98 25.91 25.80 25.72 26.05 25.66 25.59 25.48 25.40 25.39 25.31 25.27 25.29 25.32 25.16 25.05 25.06 24.95 24.86 24.73 24.79 24.67 24.61 24.43 24.38 24.32 24.63 24.24 24.31 24.05 24.35 23.91 23.84 23.85 23.78 23.86 23.81 23.74 23.84 23.71 23.81 23.78 23.77 23.76 23.74 23.98 24.12 24.23 24.31
27.53 27.46 27.43 27.35 27.25 27.17 27.07 26.96 26.94 26.91 26.84 26.78 26.68 26.59 26.57 26.46 26.40 26.37 26.26 26.18 26.15 26.08 25.96 25.89 25.85 25.76 25.74 25.66 25.51 25.38 25.30 25.24 25.17 25.12 25.19 25.20 25.10 25.03 24.94 24.82 24.72 24.63 24.56 24.55 24.46 24.37 24.26 24.19 24.42 24.28 24.14 23.93 24.02 24.10 23.67 23.75 23.56 23.73 23.60 23.52 23.68 23.57 23.61 23.60 23.55 23.57 23.62 23.76 23.98 24.01 24.07
27.49 27.44 27.38 27.34 27.25 27.15 27.08 27.01 26.88 26.84 26.78 26.69 26.63 26.56 26.50 26.46 26.37 26.30 26.21 26.15 26.19 26.12 25.94 25.81 25.78 25.68 25.62 25.63 25.71 25.37 25.26 25.18 25.10 25.13 25.12 25.18 24.99 24.91 24.80 24.74 24.65 24.59 24.51 24.60 24.40 24.23 24.17 24.11 24.27 24.22 23.88 23.82 23.76 23.76 23.60 23.52 23.39 23.53 23.36 23.40 23.28 23.36 23.41 23.39 23.33 23.36 23.43 23.51 23.84 23.72 23.92
27.45 27.41 27.32 27.26 27.21 27.13 27.07 27.00 26.97 26.81 26.73 26.65 26.59 26.51 26.42 26.40 26.33 26.22 26.19 26.13 26.06 26.00 25.95 25.78 25.71 25.66 25.58 25.52 25.40 25.46 25.30 25.18 25.12 25.06 25.06 25.04 24.90 24.75 24.71 24.61 24.56 24.49 24.39 24.51 24.29 24.18 24.17 24.05 24.10 24.04 23.85 23.62 23.74 23.54 23.63 23.30 23.24 23.22 23.18 23.26 23.14 23.12 23.13 23.14 23.13 23.12 23.28 23.31 23.49 23.56 23.72
27.41 27.37 27.36 27.23 27.16 27.10 27.07 26.97 26.88 26.79 26.68 26.70 26.54 26.47 26.38 26.31 26.28 26.20 26.13 26.09 26.00 25.99 25.88 25.86 25.77 25.66 25.58 25.49 25.37 25.30 25.49 25.41 25.15 25.07 25.03 24.89 24.94 24.67 24.56 24.54 24.47 24.45 24.24 24.37 24.20 24.11 24.07 23.93 24.01 23.78 23.92 23.53 23.42 23.48 23.54 23.16 23.14 23.06 22.95 23.09 23.05 22.95 23.00 22.98 22.97 23.00 23.06 23.15 23.28 23.49 23.46
27.39 27.32 27.27 27.21 27.15 27.06 27.03 26.90 26.80 26.78 26.69 26.59 26.51 26.45 26.36 26.29 26.21 26.14 26.08 26.02 25.94 25.87 25.83 25.78 25.74 25.69 25.59 25.46 25.36 25.26 25.16 25.12 25.28 25.10 24.85 24.77 24.80 24.65 24.50 24.41 24.47 24.36 24.15 24.31 24.08 24.04 23.96 23.88 23.76 23.73 23.64 23.46 23.29 23.43 23.44 23.01 23.14 22.94 22.67 22.82 22.82 22.81 22.85 22.84 22.86 22.85 22.92 23.07 23.17 23.21 23.38
27.39 27.32 27.26 27.20 27.11 27.02 26.99 26.85 26.78 26.72 26.70 26.56 26.46 26.40 26.48 26.30 26.21 26.10 25.99 25.96 25.88 25.82 25.77 25.78 25.69 25.62 25.56 25.48 25.35 25.23 25.15 25.13 25.11 25.16 25.06 24.82 24.74 24.52 24.38 24.17 24.39 24.26 24.23 24.04 23.97 23.88 23.83 23.76 23.67 23.49 23.43 23.60 23.16 23.04 23.26 22.90 22.86 22.84 22.68 22.71 22.70 22.67 22.72 22.68 22.67 22.73 22.82 22.95 22.95 23.03 23.11
27.36 27.34 27.25 27.16 27.11 27.02 26.91 26.85 26.81 26.73 26.62 26.49 26.44 26.37 26.32 26.38 26.17 26.10 25.98 25.88 25.84 25.76 25.71 25.76 25.74 25.59 25.51 25.43 25.36 25.25 25.13 25.21 25.07 25.02 24.88 24.96 24.68 24.50 24.47 24.37 24.25 24.18 24.10 23.97 23.93 23.78 23.70 23.60 23.48 23.38 23.36 23.50 23.04 22.94 22.80 23.04 22.68 22.64 22.55 22.43 22.54 22.53 22.52 22.51 22.52 22.59 22.61 22.70 22.76 22.89 22.96
27.41 27.33 27.25 27.16 27.11 27.04 26.86 26.81 26.77 26.69 26.58 26.49 26.42 26.37 26.32 26.27 26.19 26.24 25.99 25.86 25.79 25.74 25.63 25.57 25.61 25.55 25.48 25.40 25.32 25.26 25.12 25.07 25.06 24.94 24.83 24.74 24.72 24.56 24.40 24.37 24.20 24.08 24.05 23.91 23.79 23.87 23.57 23.51 23.35 23.24 23.27 23.05 22.88 22.73 22.73 23.00 22.74 22.40 22.36 22.37 22.40 22.40 22.38 22.35 22.35 22.39 22.47 22.49 22.76 22.64 22.76
27.38 27.32 27.29 27.23 27.14 27.05 26.92 26.80 26.74 26.70 26.57 26.50 26.45 26.38 26.30 26.19 26.11 26.06 26.11 25.86 25.78 25.71 25.61 25.55 25.51 25.59 25.44 25.33 25.26 25.19 25.08 25.07 24.94 24.87 24.78 24.70 24.70 24.48 24.28 24.15 24.16 24.02 23.96 23.84 23.72 23.58 23.50 23.35 23.24 23.09 23.06 22.88 23.04 22.60 22.68 22.73 22.36 22.32 22.20 22.17 22.19 22.24 22.17 22.13 22.18 22.22 22.27 22.42 22.44 22.49 22.57
27.33 27.29 27.25 27.18 27.12 27.04 26.93 26.82 26.75 26.68 26.60 26.52 26.46 26.36 26.27 26.14 26.02 25.98 25.91 25.88 25.78 25.61 25.55 25.54 25.46 25.42 25.43 25.35 25.25 25.18 25.11 25.00 24.93 24.75 24.64 24.64 24.50 24.69 24.29 24.00 24.03 23.95 23.85 23.76 23.57 23.43 23.40 23.40 23.07 22.93 22.80 22.69 22.61 22.64 22.50 22.43 22.20 22.21 22.09 21.99 22.03 22.06 21.99 21.99 22.02 22.01 22.15 22.39 22.25 22.29 22.26
27.35 27.26 27.20 27.17 27.10 27.05 26.95 26.86 26.77 26.69 26.58 26.51 26.39 26.35 26.27 26.13 25.99 25.91 25.86 25.96 25.72 25.61 25.52 25.47 25.46 25.36 25.36 25.29 25.23 25.18 25.07 24.96 24.88 24.86 24.61 24.56 24.47 24.49 24.34 23.56 23.66 23.90 23.79 23.67 23.53 23.40 23.30 23.20 23.15 22.81 22.63 22.59 22.59 22.63 22.41 22.45 22.39 22.06 21.93 21.84 21.87 21.90 21.85 21.86 21.89 21.89 22.05 22.04 22.09 22.06 22.11
27.29 27.25 27.18 27.12 27.03 26.98 26.90 26.82 26.74 26.65 26.58 26.47 26.40 26.34 26.27 26.14 25.98 25.85 25.79 25.80 25.72 25.57 25.47 25.45 25.40 25.35 25.28 25.23 25.18 25.11 25.01 24.92 24.73 24.65 24.69 24.50 24.45 24.29 24.54 24.01 24.31 24.08 23.79 23.66 23.54 23.37 23.25 23.02 22.89 22.92 22.58 22.49 22.45 22.48 22.28 22.33 22.03 22.09 21.93 21.68 21.70 21.71 21.68 21.66 21.72 21.73 21.79 21.82 21.91 21.88 21.96
27.27 27.19 27.14 27.10 27.01 26.94 26.90 26.80 26.70 26.59 26.53 26.42 26.35 26.28 26.17 26.13 25.98 25.87 25.77 25.68 25.61 25.55 25.51 25.45 25.40 25.34 25.25 25.18 25.12 25.05 24.95 24.81 24.68 24.60 24.53 24.55 24.39 24.20 24.09 24.30 24.18 23.96 24.01 23.80 23.56 23.40 23.11 22.92 22.77 22.66 22.68 22.41 22.39 22.27 22.08 22.18 21.87 21.81 21.88 21.54 21.56 21.49 21.47 21.48 21.51 21.54 21.83 21.67 21.66 21.73 21.79
27.27 27.20 27.12 27.04 27.01 26.93 26.87 26.82 26.75 26.59 26.51 26.41 26.28 26.22 26.10 26.03 25.99 25.91 25.73 25.63 25.60 25.52 25.47 25.42 25.35 25.26 25.25 25.16 25.11 25.04 24.92 24.83 24.67 24.56 24.46 24.48 24.35 24.28 24.06 24.04 24.03 23.87 23.74 23.70 23.52 23.54 23.38 22.95 22.77 22.57 22.48 22.38 22.17 22.19 21.94 21.98 21.98 21.64 21.70 21.47 21.44 21.37 21.36 21.33 21.36 21.46 21.64 21.46 21.47 21.48 21.57
