maui/input/air_temperature_monthly/tmaxjul_250m_maui.asc
ncols        356
nrows        236
xllcorner    -156.702000000000
yllcorner    20.529750000000
cellsize     0.002250000000
NODATA_value  -99.00
[rows 32 to 63 of 236, columns 0 to 70 of 356]
-9999.00 -9999.00 -9999.00 -9999.00 -9999.00 -9999.00 -9999.00 -9999.00 -9999.00 -9999.00 -9999.00 -9999.00 -9999.00 29.40 29.33 29.19 29.18 29.06 28.92 28.77 28.55 28.55 28.31 28.09 27.89 27.77 28.24 27.75 27.61 27.45 27.38 27.63 27.08 26.99 26.80 26.86 26.91 27.11 26.97 26.56 26.63 26.92 26.67 27.16 26.92 27.81 27.75 26.80 26.67 26.96 26.76 26.38 26.76 27.04 26.76 26.81 26.88 27.28 27.30 27.17 27.56 27.74 27.64 28.22 28.39 28.16 28.54 29.04 28.44 28.27 28.24
-9999.00 -9999.00 -9999.00 -9999.00 -9999.00 -9999.00 -9999.00 -9999.00 -9999.00 -9999.00 -9999.00 -9999.00 -9999.00 29.38 29.25 29.17 29.07 29.02 28.90 28.73 28.62 28.41 28.25 28.14 27.89 27.70 27.67 28.02 27.47 27.60 27.23 27.37 27.30 26.89 26.77 26.62 26.90 26.98 26.81 26.80 26.43 26.59 26.73 27.06 26.78 26.97 27.90 27.48 26.72 26.57 26.43 26.23 26.91 26.73 26.31 26.79 26.62 26.99 27.10 27.00 27.33 27.32 27.80 27.95 28.02 27.93 28.86 28.51 28.21 28.09 28.22
-9999.00 -9999.00 -9999.00 -9999.00 -9999.00 -9999.00 -9999.00 -9999.00 -9999.00 -9999.00 -9999.00 -9999.00 29.45 29.30 29.19 29.16 29.02 28.92 28.79 28.61 28.47 28.32 28.20 27.97 27.77 27.52 27.44 27.47 27.71 27.31 27.32 26.84 26.72 26.94 26.66 26.51 26.63 27.12 26.60 26.70 26.27 26.53 26.37 26.32 26.86 26.71 26.88 27.72 27.02 26.47 26.35 26.07 26.60 26.34 26.02 26.21 26.55 27.19 26.48 26.63 26.98 27.40 27.53 27.15 27.59 27.89 28.80 27.98 27.68 28.19 28.73
-9999.00 -9999.00 -9999.00 -9999.00 -9999.00 -9999.00 -9999.00 -9999.00 -9999.00 -9999.00 -9999.00 -9999.00 29.44 29.31 29.17 29.12 28.95 28.78 28.64 28.44 28.38 28.22 28.08 27.95 27.71 27.65 27.31 27.21 27.05 27.65 26.93 26.89 26.63 26.75 26.55 26.36 26.45 26.88 26.28 26.22 25.98 26.33 26.20 26.27 26.62 26.18 26.57 27.50 26.86 26.08 26.38 25.83 26.20 26.43 25.86 25.93 26.52 26.78 26.21 26.36 26.95 27.43 27.01 27.08 27.25 28.30 28.47 27.41 27.42 28.10 28.24
-9999.00 -9999.00 -9999.00 -9999.00 -9999.00 -9999.00 -9999.00 -9999.00 -9999.00 -9999.00 -9999.00 29.48 29.37 29.28 29.11 28.93 28.86 28.82 28.57 28.43 28.25 28.25 27.95 27.84 27.87 27.53 27.42 27.10 26.97 27.20 27.26 26.58 26.46 26.43 26.55 26.44 26.17 26.84 26.10 25.87 26.05 26.12 25.91 26.10 26.42 26.23 26.65 26.95 27.19 26.33 26.17 25.90 25.97 25.94 25.85 25.70 26.39 26.67 26.03 26.11 26.74 27.10 26.47 26.88 27.59 28.53 27.82 27.21 27.53 27.92 27.82
-9999.00 -9999.00 -9999.00 -9999.00 -9999.00 -9999.00 -9999.00 -9999.00 -9999.00 -9999.00 -9999.00 29.47 29.40 29.30 29.07 28.92 28.76 28.58 28.58 28.31 28.11 28.07 27.88 27.80 27.63 27.63 27.23 27.14 26.86 26.68 27.28 26.51 26.30 26.25 26.46 26.30 25.94 26.54 25.95 25.59 25.80 25.65 25.67 25.83 26.25 26.00 26.17 26.32 27.04 26.75 25.81 25.68 25.45 25.48 25.57 25.67 26.41 25.88 25.76 26.35 26.59 26.83 26.53 27.09 27.81 27.95 27.24 27.57 27.73 27.65 28.00
-9999.00 -9999.00 -9999.00 -9999.00 -9999.00 -9999.00 -9999.00 -9999.00 -9999.00 -9999.00 29.51 29.40 29.27 29.25 29.08 29.01 28.70 28.54 28.40 28.29 28.23 27.90 27.74 27.70 27.57 27.37 27.37 27.14 26.89 26.59 26.70 26.71 26.10 25.99 26.31 25.82 25.64 26.24 26.01 25.39 25.36 25.51 25.41 25.52 25.79 25.70 25.77 25.77 26.60 26.87 25.65 25.71 25.10 25.24 25.25 25.55 26.00 25.49 25.60 25.99 26.48 26.58 26.96 27.77 27.62 27.24 27.27 27.27 27.44 27.82 28.09
-9999.00 -9999.00 -9999.00 -9999.00 -9999.00 -9999.00 -9999.00 -9999.00 -9999.00 29.55 29.48 29.32 29.21 29.12 29.05 28.89 28.77 28.80 28.40 28.24 28.05 27.89 27.88 27.59 27.48 27.36 27.10 26.96 26.76 26.54 26.34 26.91 26.15 25.85 25.76 25.71 25.41 25.69 25.98 25.34 25.19 25.14 25.08 25.37 25.62 25.11 25.23 25.36 26.06 26.96 25.78 25.32 25.16 24.97 25.04 25.52 25.69 25.29 25.35 25.93 26.21 26.47 27.26 27.98 26.88 27.05 27.18 27.10 27.31 27.89 27.84
-9999.00 -9999.00 -9999.00 -9999.00 -9999.00 -9999.00 -9999.00 -9999.00 -9999.00 29.56 29.48 29.32 29.19 29.08 28.95 28.87 28.72 28.58 28.43 28.41 28.03 27.85 27.60 27.53 27.43 27.17 26.94 26.90 26.63 26.41 26.17 26.12 26.36 26.45 26.11 25.51 25.42 25.46 26.15 25.33 25.06 24.80 24.64 25.05 25.19 24.73 24.96 25.23 25.84 26.87 25.91 24.97 24.87 24.74 24.81 25.60 25.30 25.04 25.23 25.65 25.93 26.32 26.54 27.72 26.66 26.84 26.75 27.20 27.38 27.46 27.46
-9999.00 -9999.00 -9999.00 -9999.00 -9999.00 -9999.00 -9999.00 -9999.00 -9999.00 29.51 29.40 29.28 29.17 29.05 28.93 28.78 28.68 28.56 28.43 28.35 28.09 28.04 27.70 27.44 27.32 27.24 27.08 26.77 26.56 26.27 26.08 25.96 25.89 25.64 25.98 25.72 25.34 25.22 25.64 25.79 25.09 24.77 24.76 24.72 24.64 24.57 24.91 24.66 25.03 26.78 26.08 25.02 24.64 24.50 24.77 25.15 25.23 24.92 25.14 25.50 25.90 26.21 27.34 27.44 26.53 26.60 26.66 27.29 26.87 26.82 26.78
-9999.00 -9999.00 -9999.00 -9999.00 -9999.00 -9999.00 -9999.00 -9999.00 29.57 29.47 29.39 29.29 29.18 29.00 28.83 28.72 28.61 28.54 28.40 28.21 28.09 27.92 27.70 27.56 27.29 27.23 26.90 26.73 26.70 26.42 25.98 25.81 25.77 25.62 25.22 26.07 25.25 25.10 24.98 25.14 25.05 24.71 24.42 24.47 24.28 24.46 24.76 24.55 24.54 25.78 26.25 25.03 24.29 24.17 24.69 24.93 25.00 24.75 24.94 25.36 25.68 26.72 27.09 27.01 26.26 26.35 26.51 26.56 26.71 26.40 26.72
-9999.00 -9999.00 -9999.00 -9999.00 -9999.00 -9999.00 -9999.00 -9999.00 29.54 29.44 29.34 29.20 29.11 28.95 28.78 28.65 28.56 28.53 28.38 28.23 28.02 27.75 27.84 27.42 27.31 27.16 26.82 26.83 26.37 26.20 26.27 25.77 25.57 25.30 25.15 25.57 25.40 25.03 24.66 25.04 24.79 24.52 23.86 23.92 23.92 24.32 24.23 24.21 24.28 25.42 26.14 25.55 24.63 23.94 24.59 24.72 24.78 24.48 24.84 25.28 25.59 26.94 26.60 26.41 26.00 26.31 26.25 26.19 26.56 26.29 26.64
-9999.00 -9999.00 -9999.00 -9999.00 -9999.00 -9999.00 -9999.00 29.62 29.54 29.42 29.31 29.15 29.03 28.91 28.75 28.61 28.53 28.46 28.33 28.14 27.96 27.72 27.47 27.30 27.16 26.94 26.83 26.63 26.41 26.16 26.03 25.68 25.52 25.20 24.97 24.84 25.53 24.80 24.65 24.42 24.97 24.32 23.54 23.31 23.57 24.12 23.88 23.81 23.99 24.33 25.56 25.89 24.93 24.01 24.16 24.33 24.64 24.24 24.77 24.83 25.68 26.79 25.78 25.75 25.90 26.14 25.75 25.98 26.25 26.16 26.67
-9999.00 -9999.00 -9999.00 -9999.00 -9999.00 -9999.00 -9999.00 29.62 29.55 29.48 29.35 29.19 29.04 28.92 28.77 28.65 28.55 28.43 28.30 28.11 27.91 27.67 27.44 27.22 27.03 27.22 26.67 26.43 26.41 26.04 25.91 25.48 25.21 25.09 24.78 24.72 24.99 24.71 24.27 24.08 24.65 24.12 23.45 22.93 23.18 23.85 23.48 23.36 23.65 23.79 25.26 25.29 24.21 23.74 23.71 24.10 24.44 24.22 24.59 24.81 26.01 26.38 25.81 25.50 25.69 25.94 25.66 25.70 26.13 26.18 26.51
-9999.00 -9999.00 -9999.00 -9999.00 -9999.00 -9999.00 -9999.00 29.62 29.51 29.37 29.26 29.22 29.03 28.92 28.78 28.71 28.59 28.43 28.26 28.08 27.85 27.72 27.41 27.19 27.06 26.82 27.03 26.52 26.22 25.96 25.95 25.46 25.14 24.89 24.82 24.55 24.76 24.69 24.05 23.53 24.56 24.06 23.19 22.66 23.39 23.23 23.12 23.09 23.27 23.68 24.71 25.59 24.21 23.23 23.65 24.04 24.17 23.82 24.33 24.94 26.30 25.19 25.50 25.03 25.35 25.29 25.52 25.90 26.15 26.43 27.09
-9999.00 -9999.00 -9999.00 -9999.00 -9999.00 -9999.00 29.66 29.61 29.50 29.34 29.26 29.13 29.10 28.92 28.80 28.71 28.59 28.45 28.28 28.10 27.82 27.61 27.46 27.28 27.08 26.82 26.61 26.69 26.62 25.94 25.64 25.39 25.43 25.09 24.70 24.44 24.80 24.15 24.05 23.70 24.07 23.54 23.00 22.63 23.01 23.16 22.73 22.94 22.78 23.86 24.85 25.39 23.98 23.15 23.52 23.40 23.65 23.81 24.35 24.83 25.78 24.77 25.00 24.73 24.58 24.83 25.30 25.71 26.32 26.72 26.97
-9999.00 -9999.00 -9999.00 -9999.00 -9999.00 29.68 29.67 29.59 29.47 29.33 29.26 29.13 29.04 28.94 28.83 28.75 28.60 28.47 28.30 28.08 27.84 27.63 27.45 27.28 27.07 26.79 26.66 26.30 26.10 26.21 26.04 25.61 25.12 24.86 24.78 24.43 24.58 24.26 23.64 23.51 23.19 23.53 23.28 22.86 22.70 22.94 22.43 22.28 22.66 23.80 24.52 25.06 24.03 23.02 23.11 23.28 23.19 23.59 24.07 25.46 24.88 24.47 24.59 24.24 24.69 25.21 25.23 25.61 25.70 26.21 26.54
-9999.00 -9999.00 -9999.00 -9999.00 -9999.00 29.69 29.67 29.56 29.44 29.33 29.28 29.19 29.08 28.97 28.86 28.74 28.58 28.46 28.30 28.12 27.94 27.71 27.49 27.27 27.04 26.79 26.54 26.24 26.02 25.95 25.45 25.19 25.61 25.37 24.80 24.29 24.10 24.19 23.76 23.16 22.92 22.64 23.04 22.80 22.82 22.26 22.20 21.93 22.45 23.35 23.38 24.35 24.27 23.23 22.80 23.03 22.79 23.57 24.95 24.82 23.90 23.94 24.23 24.19 24.71 24.79 25.30 25.09 25.12 26.17 26.20
-9999.00 -9999.00 -9999.00 -9999.00 29.71 29.70 29.68 29.60 29.52 29.41 29.36 29.33 29.25 29.02 28.92 28.80 28.62 28.46 28.31 28.12 27.92 27.69 27.45 27.25 27.04 26.73 26.46 26.18 25.91 25.65 25.73 25.08 24.73 25.07 24.94 24.82 24.22 23.65 23.73 23.55 23.29 22.68 22.36 22.80 22.22 22.02 22.24 21.66 22.46 23.09 22.69 24.10 24.21 22.93 22.59 22.57 22.53 23.77 24.97 23.45 23.47 23.71 23.88 24.31 24.35 24.80 24.48 24.55 24.95 25.55 25.98
-9999.00 -9999.00 -9999.00 -9999.00 29.72 29.71 29.69 29.57 29.48 29.37 29.36 29.21 29.12 29.16 29.06 28.83 28.62 28.46 28.31 28.18 27.94 27.77 27.48 27.21 27.00 26.76 26.50 26.31 25.95 25.52 25.27 25.24 25.00 24.33 24.38 23.69 24.25 23.72 23.03 23.05 22.58 22.84 22.20 22.13 22.21 21.68 21.62 21.42 22.02 22.35 22.14 23.21 24.55 23.29 22.17 22.15 22.79 22.95 24.62 23.06 23.13 23.29 23.66 24.09 24.22 24.59 24.54 24.94 25.17 26.16 26.78
-9999.00 -9999.00 -9999.00 -9999.00 29.73 29.72 29.68 29.54 29.51 29.39 29.28 29.24 29.10 28.99 28.88 28.80 28.62 28.55 28.38 28.34 28.29 27.80 27.51 27.25 27.02 26.77 26.48 26.15 25.80 25.84 25.63 25.12 24.64 24.29 24.37 23.71 23.36 24.09 23.17 22.58 22.75 22.44 22.02 21.64 22.17 21.59 21.38 21.20 21.74 22.06 21.72 23.04 24.25 23.07 21.92 22.47 22.26 22.60 24.05 22.74 22.67 22.60 23.35 23.80 24.48 24.96 25.25 25.46 26.23 27.13 27.76
-9999.00 -9999.00 -9999.00 -9999.00 29.74 29.73 29.61 29.52 29.44 29.39 29.29 29.18 29.08 29.02 28.94 28.80 28.66 28.51 28.36 28.19 28.00 27.98 27.84 27.33 27.00 26.77 26.40 26.09 25.82 25.41 25.13 24.79 24.84 24.36 23.80 23.74 23.24 23.07 23.03 23.12 22.17 22.14 21.93 21.45 21.52 21.22 20.93 21.08 21.86 21.78 21.39 22.68 24.00 22.66 21.76 21.80 21.96 22.41 23.53 22.28 22.20 22.53 22.92 23.60 24.27 24.70 24.88 25.92 27.27 27.81 28.06
-9999.00 -9999.00 -9999.00 -9999.00 29.75 29.68 29.59 29.48 29.42 29.33 29.27 29.23 29.13 28.98 28.91 28.79 28.64 28.49 28.36 28.18 28.08 27.81 27.55 27.26 27.41 27.24 26.90 26.29 25.82 25.42 25.00 24.60 24.37 24.13 24.22 23.26 22.78 22.34 22.27 22.91 22.89 21.99 21.67 21.17 21.08 20.92 20.80 20.63 21.25 21.32 21.63 22.96 23.39 22.16 21.41 21.38 21.49 22.14 23.83 22.05 22.24 22.41 22.62 23.10 23.42 24.18 24.96 25.73 26.50 27.64 27.93
-9999.00 -9999.00 -9999.00 -9999.00 29.75 29.68 29.56 29.45 29.38 29.32 29.22 29.13 29.09 29.02 28.91 28.80 28.75 28.58 28.40 28.24 28.01 27.82 27.63 27.41 27.10 26.83 26.47 26.70 26.67 25.91 25.48 24.83 24.26 23.90 23.45 23.49 23.10 22.21 22.10 22.29 22.07 22.06 21.28 20.88 20.72 21.10 20.44 20.37 20.83 20.73 21.50 22.32 23.44 22.16 21.00 20.96 21.07 21.79 23.24 22.03 21.91 22.06 22.39 23.31 23.39 24.01 25.59 26.84 27.66 27.83 27.43
-9999.00 -9999.00 -9999.00 -9999.00 29.75 29.68 29.56 29.42 29.31 29.26 29.18 29.10 29.03 28.97 28.88 28.75 28.66 28.53 28.35 28.22 27.97 27.79 27.49 27.26 27.02 26.74 26.52 26.06 25.73 25.73 25.83 25.96 25.72 25.07 24.41 23.59 23.27 22.61 22.18 21.66 22.02 21.55 21.42 20.65 20.39 20.29 20.32 20.17 20.50 20.33 21.31 22.38 23.28 21.89 20.86 20.79 20.83 21.10 21.93 21.66 21.80 21.81 23.14 25.17 24.51 24.91 26.18 27.39 27.16 27.01 26.54
-9999.00 -9999.00 -9999.00 29.77 29.74 29.67 29.49 29.37 29.31 29.17 29.15 29.06 28.97 28.93 28.82 28.75 28.63 28.50 28.32 28.12 27.97 27.73 27.43 27.14 26.85 26.67 26.53 26.29 25.77 25.28 25.02 24.52 24.52 24.47 24.52 24.88 24.19 24.13 23.58 22.56 21.26 21.13 21.47 20.77 20.16 20.04 20.53 20.01 19.75 19.79 20.46 21.66 23.11 21.63 20.40 20.35 20.39 21.18 21.48 21.11 21.49 21.85 23.16 25.02 25.92 26.54 26.94 27.00 25.95 25.40 25.39
-9999.00 -9999.00 -9999.00 29.77 29.73 29.65 29.54 29.40 29.25 29.16 29.07 29.05 28.95 28.85 28.80 28.71 28.61 28.46 28.29 28.05 27.87 27.69 27.43 27.05 26.80 26.56 26.39 25.92 25.94 25.20 24.85 24.48 23.96 23.56 23.26 24.25 24.13 22.45 22.32 22.72 21.58 20.87 20.63 20.89 20.54 19.76 19.73 19.71 19.44 19.65 20.78 22.42 21.91 21.17 20.14 19.97 20.22 20.67 21.13 20.56 21.77 23.30 24.78 25.57 26.12 25.45 26.51 27.11 25.68 24.63 24.87
-9999.00 -9999.00 29.77 29.75 29.71 29.64 29.55 29.44 29.30 29.16 29.07 29.00 28.93 28.85 28.76 28.67 28.55 28.41 28.22 28.00 27.84 27.57 27.39 27.24 26.96 26.60 26.19 25.85 25.49 25.24 25.04 24.77 24.03 23.51 22.99 22.67 23.34 23.27 21.57 21.63 22.10 20.75 20.43 20.50 19.99 19.73 19.47 19.64 19.10 19.34 20.40 21.83 22.22 20.79 19.61 19.61 19.94 20.19 20.74 20.32 22.36 24.30 24.96 25.14 25.03 24.81 26.39 26.98 25.46 24.43 24.45
-9999.00 -9999.00 -9999.00 29.76 29.70 29.62 29.52 29.45 29.33 29.14 29.06 29.00 28.93 28.83 28.74 28.66 28.56 28.41 28.29 27.99 27.79 27.58 27.37 27.14 26.86 26.55 26.21 25.78 25.39 25.02 24.83 24.23 24.12 23.66 22.94 22.39 22.41 22.88 22.00 20.93 21.59 21.56 20.73 19.83 19.88 19.42 19.17 19.09 18.73 19.35 20.70 22.30 20.97 20.77 19.34 19.08 19.18 19.53 20.12 19.70 21.19 21.82 22.59 23.07 24.48 26.11 26.64 26.70 25.56 24.19 24.00
-9999.00 -9999.00 -9999.00 29.78 29.76 29.65 29.56 29.45 29.28 29.12 29.04 28.98 28.93 28.84 28.73 28.64 28.54 28.37 28.20 27.99 27.81 27.63 27.46 27.18 26.90 26.56 26.12 26.14 25.50 24.94 24.54 24.11 23.73 23.44 23.11 22.45 21.97 22.66 22.24 21.25 20.47 20.48 20.85 20.57 19.70 19.53 18.82 18.60 18.35 19.18 20.50 21.78 20.55 20.06 19.07 18.17 18.06 18.87 19.13 19.80 21.09 20.70 21.80 23.36 25.04 26.35 25.27 25.30 24.85 23.63 23.98
-9999.00 -9999.00 29.80 29.79 29.78 29.73 29.61 29.52 29.40 29.17 29.10 29.04 28.95 28.84 28.72 28.60 28.52 28.39 28.21 28.04 27.90 27.68 27.49 27.10 26.85 26.50 26.20 25.78 25.37 25.21 24.99 24.08 23.59 23.22 22.84 22.36 21.89 21.47 22.01 20.68 20.34 20.01 20.25 19.89 19.90 19.37 18.90 18.23 17.99 18.59 19.96 21.39 21.68 19.83 19.16 18.15 17.75 17.91 18.64 19.33 20.37 20.58 21.89 23.66 25.07 26.13 25.28 23.99 23.62 23.59 24.09
-9999.00 -9999.00 29.80 29.79 29.77 29.74 29.64 29.49 29.41 29.27 29.18 29.09 28.99 28.89 28.83 28.68 28.56 28.43 28.23 28.05 27.86 27.62 27.36 27.06 26.96 26.66 26.35 25.90 25.53 24.99 24.53 24.06 23.89 23.41 22.76 22.22 21.76 21.30 21.45 21.61 20.54 19.94 19.56 19.13 19.56 18.79 18.74 17.92 17.46 18.06 19.35 20.61 21.29 20.30 18.50 18.33 17.68 18.05 18.68 19.71 20.56 21.01 22.52 23.91 25.13 25.78 25.25 24.06 23.65 24.96 25.52
