maui/input/air_temperature_monthly/tmaxnov_250m_maui.asc
ncols        356
nrows        236
xllcorner    -156.702000000000
yllcorner    20.529750000000
cellsize     0.002250000000
NODATA_value  -99.00
[rows 160 to 191 of 236, columns 213 to 283 of 356]
13.33 13.46 13.56 13.60 13.61 13.75 13.99 14.28 14.43 14.57 14.53 14.80 14.41 14.30 14.22 14.19 14.14 14.23 14.30 14.07 14.02 14.03 14.08 14.71 15.32 15.75 16.66 17.05 17.11 17.11 17.10 17.01 17.02 16.93 16.85 16.85 17.04 16.66 15.15 14.72 14.92 14.98 15.02 15.06 15.14 15.29 15.39 15.55 15.80 15.88 15.91 16.41 17.21 18.78 18.71 18.88 19.08 19.26 19.50 19.59 19.81 19.93 20.39 21.18 21.35 21.57 21.80 21.54 20.01 19.23 19.40
13.74 13.82 13.92 13.95 14.01 14.11 14.37 14.59 14.76 14.89 14.97 15.30 14.88 14.78 14.77 14.70 14.66 14.84 14.82 14.60 14.50 14.55 14.70 14.60 14.58 15.35 16.03 17.32 17.33 17.43 17.39 17.37 17.40 17.39 17.21 17.28 17.40 17.31 15.84 15.26 15.40 15.46 15.53 15.61 15.69 15.75 15.90 16.08 16.22 16.28 16.30 16.38 16.64 18.09 19.11 19.10 19.26 19.49 19.78 19.90 20.10 20.22 20.26 20.29 20.86 21.95 21.99 21.69 20.30 19.55 19.77
14.17 14.21 14.29 14.36 14.47 14.62 14.71 14.95 15.11 15.20 15.45 15.96 15.54 15.33 15.36 15.25 15.18 15.54 15.28 15.23 15.23 15.34 15.53 15.18 15.09 15.06 15.74 16.94 17.67 17.69 17.69 17.71 17.75 17.70 17.74 17.71 17.77 17.80 16.56 15.73 15.95 15.97 16.08 16.14 16.27 16.37 16.44 16.53 16.51 16.57 16.64 16.73 16.86 17.23 18.46 19.09 19.83 19.75 20.05 20.24 20.43 20.49 20.49 20.50 21.52 22.23 22.40 21.99 20.88 20.01 20.18
14.60 14.72 14.74 14.78 14.95 15.06 15.17 15.34 15.65 15.69 16.05 16.41 16.26 16.08 16.05 15.97 15.99 16.14 15.97 15.89 15.99 16.28 16.34 16.09 15.90 15.65 15.51 16.48 17.77 18.02 18.08 18.05 18.11 18.13 18.10 18.04 18.09 18.04 17.15 16.19 16.40 16.48 16.49 16.71 16.87 16.92 16.96 16.95 16.76 16.87 17.02 17.09 17.28 17.42 17.53 18.05 19.28 20.13 20.34 20.56 20.64 20.77 20.76 20.79 21.50 22.46 22.52 22.62 21.44 20.36 20.53
15.11 15.16 15.18 15.30 15.35 15.55 15.83 16.03 16.25 16.42 16.60 16.77 16.88 16.79 16.76 16.70 16.72 16.69 16.89 16.64 16.83 16.92 16.92 17.20 16.69 16.40 16.18 16.16 17.17 18.32 18.38 18.41 18.42 18.48 18.43 18.36 18.44 18.40 17.41 16.82 16.77 17.04 17.08 17.20 17.40 17.44 17.50 17.41 17.17 17.23 17.32 17.48 17.62 17.83 17.93 17.97 18.65 19.08 20.27 20.97 21.06 21.11 21.07 21.08 21.18 22.51 22.72 22.86 22.11 20.87 20.86
15.71 15.85 15.75 16.09 16.06 16.39 16.52 16.80 16.87 17.14 17.23 17.35 17.38 17.53 17.48 17.43 17.45 17.35 17.60 17.37 17.64 17.71 17.75 18.04 17.37 17.25 17.05 16.80 16.86 17.80 18.61 18.70 18.79 18.89 18.82 18.80 18.81 18.75 18.17 17.45 17.39 17.51 17.59 17.72 17.85 17.88 17.96 17.87 17.72 17.73 17.86 17.88 18.10 18.20 18.50 18.46 18.60 18.76 19.38 20.57 21.36 21.48 21.46 21.46 21.60 22.67 22.94 23.06 22.83 21.76 21.29
16.28 16.61 16.60 16.70 16.74 16.92 17.14 17.87 17.55 18.12 17.85 17.85 17.92 18.11 18.07 18.00 18.23 18.06 18.02 18.01 18.76 18.57 18.83 18.97 18.07 18.05 17.81 17.61 17.49 17.51 18.60 19.05 19.15 19.19 19.18 19.15 19.20 19.28 19.05 17.93 17.99 18.05 18.09 18.32 18.31 18.42 18.47 18.31 18.25 18.24 18.33 18.45 18.48 18.77 18.90 19.02 19.16 19.23 19.31 20.25 21.41 21.72 21.71 21.83 21.93 22.52 23.13 23.17 23.37 22.57 21.73
16.93 17.08 17.22 17.44 17.41 17.59 17.88 18.25 18.34 18.58 18.55 18.55 18.53 18.67 18.62 18.69 18.84 18.70 18.78 18.77 19.09 19.41 19.52 19.42 18.79 18.74 18.61 18.33 18.21 18.31 18.43 19.34 19.49 19.54 19.64 19.53 19.60 19.62 19.61 18.55 18.57 18.65 18.70 18.85 18.83 19.52 19.88 19.75 18.65 18.77 18.88 18.98 19.12 19.28 19.41 19.64 19.63 19.68 19.79 20.08 21.23 21.88 21.88 22.00 22.14 22.19 23.10 23.34 23.43 23.39 22.26
17.58 17.66 17.98 18.13 18.09 18.38 18.54 18.63 19.14 19.08 19.12 19.22 19.38 19.20 19.49 19.28 19.88 19.36 19.71 19.57 19.62 20.80 19.98 20.03 19.44 19.32 19.29 19.03 19.02 19.03 18.98 19.63 19.83 19.91 19.95 19.95 19.98 19.98 19.90 19.06 19.11 19.17 19.24 19.39 20.05 20.90 22.13 21.27 19.61 19.17 19.41 19.50 19.76 19.99 19.98 20.40 20.12 20.13 20.27 20.41 20.69 21.62 22.86 22.22 22.37 22.50 22.98 23.42 23.61 23.77 23.19
18.24 18.25 18.53 18.74 18.72 18.96 19.45 19.40 19.63 19.70 19.86 19.78 19.89 20.33 20.16 20.02 20.68 20.02 20.31 20.29 20.33 20.94 20.80 20.96 20.11 19.97 19.94 19.73 19.63 19.75 19.62 19.52 20.19 20.23 20.22 20.39 20.36 20.33 20.17 19.78 19.67 19.69 19.73 19.86 21.24 22.24 22.31 20.82 19.56 19.69 19.81 20.03 20.21 20.48 20.72 20.95 20.67 20.66 20.79 20.89 21.12 21.45 22.38 22.85 22.56 22.72 22.91 23.74 23.84 23.94 23.92
18.82 18.85 19.02 19.39 19.40 19.60 19.92 20.10 20.07 20.37 20.94 20.63 20.41 21.00 21.02 20.80 21.44 20.67 21.29 20.92 21.09 21.49 22.05 22.29 20.66 20.56 20.68 20.31 20.20 20.58 20.18 20.19 20.73 20.70 20.63 20.62 20.62 20.56 20.39 20.20 20.17 20.26 20.18 20.63 21.99 23.55 22.18 20.87 20.05 20.21 20.40 20.53 20.71 20.97 21.22 21.39 21.20 21.20 21.31 21.39 21.54 21.88 22.12 24.20 23.15 22.95 22.99 23.33 24.08 24.26 24.33
19.35 19.41 19.59 20.03 20.00 20.18 20.60 21.10 20.72 20.89 22.36 21.98 20.94 21.90 21.42 21.31 21.76 21.36 21.48 21.50 22.29 22.24 23.11 22.13 21.18 21.12 21.43 20.94 20.93 21.34 20.98 20.97 21.24 21.12 21.05 20.98 20.92 20.86 20.72 20.71 20.77 21.14 21.20 21.24 23.07 23.51 22.24 20.79 20.51 20.72 20.90 21.01 21.29 21.27 21.57 21.75 21.65 21.69 21.76 21.87 21.98 22.26 22.66 23.24 24.34 23.31 22.96 23.16 24.01 24.42 24.46
20.13 20.12 20.31 20.50 20.78 20.86 21.07 21.72 21.37 21.48 22.43 22.03 21.57 22.27 21.67 21.91 22.32 22.14 21.92 22.12 22.88 23.24 22.93 21.79 21.80 21.76 21.70 21.53 21.65 21.90 21.67 21.96 21.60 21.53 21.45 21.41 21.28 21.18 21.22 21.21 21.72 22.22 21.45 21.97 23.50 23.34 21.97 21.07 21.02 21.15 21.31 21.45 21.59 21.74 21.87 22.10 22.13 22.23 22.18 22.49 22.45 22.62 22.86 23.27 24.17 24.20 23.61 23.60 23.85 24.56 24.65
20.40 20.78 20.78 20.99 21.55 21.45 21.65 22.00 22.37 21.98 22.39 23.26 22.29 22.96 22.46 22.85 22.94 22.55 22.62 22.96 23.34 24.09 23.06 22.60 22.34 22.46 22.20 22.13 22.14 22.50 22.55 22.23 22.00 21.89 21.87 21.75 21.67 21.65 21.83 21.76 21.84 22.99 22.10 23.47 24.62 22.89 21.62 21.57 21.47 21.56 21.65 21.87 22.03 22.26 22.28 22.32 22.77 22.75 22.67 22.87 23.02 23.16 23.38 23.49 23.91 24.88 24.22 23.95 24.26 24.40 24.80
20.83 21.17 21.52 21.56 21.99 22.01 22.21 22.75 23.42 22.65 22.60 23.13 23.33 23.43 23.23 23.36 23.28 23.14 23.27 23.12 23.30 24.30 23.69 23.37 23.21 23.17 22.71 22.76 22.80 22.84 22.99 22.62 22.31 22.32 22.16 22.16 22.11 22.28 22.42 22.31 22.52 23.07 22.69 24.09 24.32 22.87 22.11 22.07 21.99 22.05 22.15 22.27 22.46 22.74 22.77 22.87 23.01 23.29 23.19 23.34 23.46 23.68 23.67 23.83 24.47 24.35 24.86 24.40 24.61 24.79 24.92
21.34 21.50 22.16 22.10 22.51 22.52 22.89 22.96 23.45 23.32 23.27 23.42 23.77 23.68 23.71 23.71 23.77 23.64 23.88 23.62 23.93 24.36 24.23 23.84 23.46 23.32 23.22 23.33 23.46 23.42 23.27 22.88 22.79 22.62 22.53 22.57 22.64 22.75 22.77 22.80 23.32 23.10 23.50 23.99 24.94 23.27 22.57 22.61 22.55 22.55 22.64 22.72 22.86 22.95 23.07 23.29 23.30 24.04 23.61 23.85 23.98 23.85 24.30 24.23 24.52 24.82 24.85 25.00 25.17 25.09 25.29
21.78 22.05 22.25 23.28 22.85 23.23 23.15 23.52 23.46 24.06 23.83 23.88 24.12 24.58 24.20 24.22 24.17 24.14 24.24 24.12 24.13 24.43 25.24 24.05 23.98 23.85 23.71 23.91 24.12 23.83 23.57 23.39 23.20 23.10 23.08 23.15 23.24 23.30 23.29 23.42 23.90 23.49 24.24 24.53 25.44 23.95 23.09 23.13 23.01 23.03 23.09 23.18 23.26 23.40 23.67 23.94 23.70 23.80 24.22 24.07 24.37 24.40 24.54 24.81 24.79 25.67 25.12 25.47 25.70 25.41 25.65
22.19 22.31 22.59 22.76 23.59 23.47 23.63 24.05 23.89 24.51 24.36 24.36 24.42 24.88 24.54 24.63 24.60 24.62 24.59 24.50 24.46 24.63 25.43 24.53 24.73 24.36 24.18 24.33 24.42 24.17 23.97 23.76 23.69 23.58 23.62 23.63 23.65 23.71 23.77 23.94 24.38 24.36 24.58 25.25 25.09 23.82 23.66 23.58 23.52 23.49 23.54 23.66 23.70 23.75 24.12 24.05 24.21 24.09 24.83 24.83 25.01 25.36 25.07 25.34 25.41 25.77 25.60 25.72 25.81 25.93 25.95
22.56 22.71 22.96 23.22 23.43 24.22 24.63 24.07 24.74 24.50 24.65 24.70 24.75 24.76 25.35 25.34 25.00 24.92 25.15 24.95 24.93 24.95 25.19 25.12 24.87 24.74 24.68 24.80 24.73 24.52 24.36 24.18 24.06 24.01 23.95 24.06 24.11 24.15 24.29 24.42 25.12 24.92 25.08 25.85 25.29 24.19 24.25 24.08 24.02 24.03 24.05 24.05 24.16 24.16 24.40 24.47 24.71 24.63 24.90 24.87 25.58 25.32 25.73 26.06 25.66 25.93 26.42 26.05 26.08 26.24 26.35
22.99 23.13 23.24 23.53 23.79 24.02 25.10 24.57 24.65 24.91 24.90 24.98 25.06 25.07 25.28 25.34 25.64 25.35 25.44 25.38 25.34 25.61 25.42 25.36 25.25 25.19 25.15 25.13 25.03 24.91 24.78 24.51 24.50 24.49 24.40 24.50 24.59 24.70 24.75 24.86 25.46 25.52 25.55 25.07 26.29 24.60 24.69 24.60 24.49 24.50 24.57 24.51 24.50 24.60 24.65 24.99 24.90 25.63 25.12 25.76 25.32 26.66 25.99 25.96 26.58 26.23 26.64 26.41 26.41 26.50 26.67
23.44 23.49 23.60 23.80 24.08 24.36 25.10 24.93 25.03 25.36 25.18 25.27 25.32 25.34 25.48 25.81 25.88 25.72 25.89 25.69 25.72 25.80 25.69 26.04 25.62 25.51 25.54 25.46 25.31 25.25 25.09 24.98 24.89 24.87 24.90 24.93 24.99 25.09 25.20 25.25 25.74 25.79 25.73 25.62 26.39 25.08 25.11 25.08 25.00 24.93 24.99 25.11 24.92 25.13 25.06 25.25 25.21 25.64 25.72 25.69 26.00 25.99 27.00 26.78 26.86 26.87 26.86 26.74 26.72 26.67 26.79
24.04 23.91 24.10 24.23 24.40 24.78 25.02 25.93 25.31 25.46 25.47 25.59 25.63 25.60 25.79 25.95 25.97 26.00 26.22 26.04 26.04 26.15 26.03 26.27 25.93 25.88 25.77 25.68 25.56 25.45 25.43 25.35 25.31 25.30 25.27 25.27 25.33 25.50 25.58 25.64 25.91 25.92 25.77 26.56 25.70 25.55 25.48 25.50 25.53 25.38 25.42 25.55 25.35 25.39 25.68 25.47 25.71 25.78 26.82 26.05 26.36 26.35 27.10 26.77 26.75 27.15 27.07 27.02 27.02 27.01 26.96
24.51 24.28 24.38 24.58 24.71 24.93 25.18 25.55 25.75 25.79 25.76 25.82 25.84 25.86 25.99 26.14 26.32 26.59 26.54 26.42 26.35 26.29 26.32 26.45 26.25 26.13 26.01 25.93 25.75 25.67 25.72 25.67 25.60 25.58 25.50 25.58 25.63 25.84 25.86 25.90 26.05 26.07 25.94 26.56 26.04 25.99 25.85 25.93 25.98 25.88 25.89 26.03 25.86 25.84 26.37 26.11 26.02 26.15 26.32 26.94 26.80 26.77 27.01 27.50 27.50 27.47 27.26 27.24 27.27 27.25 27.22
24.57 24.68 24.95 25.08 25.07 25.21 25.51 25.70 26.70 26.12 26.03 26.07 26.13 26.16 26.21 26.36 26.83 26.95 26.70 26.67 26.63 26.61 26.65 26.49 26.39 26.29 26.27 26.19 26.09 25.95 25.97 25.95 25.90 25.83 25.81 25.86 25.92 26.02 26.02 26.14 26.19 26.27 26.31 26.35 26.67 26.45 26.26 26.42 26.39 26.31 26.37 26.53 26.33 26.28 26.52 27.01 26.39 26.45 26.61 26.73 27.45 27.59 -9999.00 -9999.00 -9999.00 -9999.00 27.56 27.42 27.43 27.40 27.45
25.00 25.28 25.26 25.65 25.54 25.58 25.73 26.11 26.29 26.48 26.32 26.38 26.41 26.44 26.48 26.60 26.65 26.80 27.11 26.91 26.86 26.81 26.66 26.64 26.54 26.49 26.48 26.40 26.32 26.19 26.16 26.21 26.20 26.24 26.16 26.11 26.12 26.17 26.30 26.35 26.40 26.47 26.56 26.68 27.12 26.65 26.81 26.85 26.76 26.75 26.89 26.92 26.70 26.66 27.15 27.25 26.79 26.84 26.98 27.14 27.55 -9999.00 -9999.00 -9999.00 -9999.00 -9999.00 -9999.00 -9999.00 -9999.00 -9999.00 -9999.00
25.29 25.51 25.57 25.88 26.06 25.95 26.06 26.26 26.47 27.13 26.63 26.60 26.63 26.69 26.76 26.95 26.93 26.96 27.06 27.21 27.07 27.05 26.86 26.74 26.70 26.64 26.56 26.52 26.50 26.50 26.49 26.44 26.36 26.45 26.47 26.35 26.36 26.38 26.47 26.56 26.70 26.76 26.78 26.87 27.22 26.98 27.26 27.21 27.14 27.16 27.19 27.35 27.02 27.00 27.43 27.29 27.13 27.31 27.61 27.68 -9999.00 -9999.00 -9999.00 -9999.00 -9999.00 -9999.00 -9999.00 -9999.00 -9999.00 -9999.00 -9999.00
25.96 25.76 25.96 26.09 26.24 26.43 26.39 26.60 26.73 27.31 27.01 26.91 26.90 26.92 26.97 27.14 27.17 27.19 27.18 27.36 27.32 26.93 26.86 26.93 26.79 26.73 26.67 26.64 26.68 26.77 26.72 26.62 26.61 26.65 26.62 26.57 26.62 26.55 26.69 26.78 26.86 26.89 26.94 27.08 27.16 27.47 27.44 27.49 27.44 27.53 27.65 27.72 27.45 27.44 27.71 27.71 27.70 -9999.00 -9999.00 -9999.00 -9999.00 -9999.00 -9999.00 -9999.00 -9999.00 -9999.00 -9999.00 -9999.00 -9999.00 -9999.00 -9999.00
25.97 26.23 26.23 26.35 26.52 26.88 26.82 26.90 27.03 27.10 27.61 27.18 27.19 27.16 27.22 27.29 27.48 27.42 27.46 27.43 27.27 27.14 27.13 27.00 26.93 26.88 26.85 26.84 26.89 26.91 26.91 26.81 26.87 26.79 26.79 26.83 26.82 26.75 26.86 26.95 27.01 27.02 27.04 27.17 27.26 27.39 27.55 27.55 27.69 27.79 -9999.00 -9999.00 -9999.00 -9999.00 -9999.00 -9999.00 -9999.00 -9999.00 -9999.00 -9999.00 -9999.00 -9999.00 -9999.00 -9999.00 -9999.00 -9999.00 -9999.00 -9999.00 -9999.00 -9999.00 -9999.00
26.19 26.42 26.54 26.59 26.80 26.93 27.09 27.19 27.31 27.34 27.75 27.36 27.45 27.49 27.47 27.58 27.60 27.62 27.63 27.63 27.37 27.38 27.30 27.21 27.02 26.98 26.95 26.99 27.10 27.07 27.02 27.14 27.01 26.95 26.95 26.99 27.01 27.00 27.04 27.11 27.09 27.15 27.21 27.30 27.38 27.55 27.61 27.73 27.78 -9999.00 -9999.00 -9999.00 -9999.00 -9999.00 -9999.00 -9999.00 -9999.00 -9999.00 -9999.00 -9999.00 -9999.00 -9999.00 -9999.00 -9999.00 -9999.00 -9999.00 -9999.00 -9999.00 -9999.00 -9999.00 -9999.00
26.41 26.67 26.98 26.87 26.99 27.12 27.44 27.37 27.48 27.58 27.89 27.61 27.64 27.68 27.71 27.72 27.94 27.85 27.82 27.75 27.68 27.64 27.49 27.38 27.30 27.21 27.13 27.15 27.28 27.28 27.35 27.27 27.18 27.07 27.10 27.13 27.12 27.16 27.20 27.24 27.32 27.33 27.31 27.41 27.48 27.63 27.76 27.84 27.84 -9999.00 -9999.00 -9999.00 -9999.00 -9999.00 -9999.00 -9999.00 -9999.00 -9999.00 -9999.00 -9999.00 -9999.00 -9999.00 -9999.00 -9999.00 -9999.00 -9999.00 -9999.00 -9999.00 -9999.00 -9999.00 -9999.00
26.70 26.93 27.08 27.21 27.22 27.35 27.52 27.60 27.65 27.75 28.00 27.81 27.85 27.88 27.88 27.90 28.03 27.97 27.87 27.89 27.83 27.78 27.71 27.51 27.37 27.31 27.26 27.16 27.36 27.45 27.47 27.41 27.34 27.22 27.24 27.26 27.32 27.31 27.33 27.37 27.44 27.49 27.62 27.58 27.65 27.70 27.77 -9999.00 -9999.00 -9999.00 -9999.00 -9999.00 -9999.00 -9999.00 -9999.00 -9999.00 -9999.00 -9999.00 -9999.00 -9999.00 -9999.00 -9999.00 -9999.00 -9999.00 -9999.00 -9999.00 -9999.00 -9999.00 -9999.00 -9999.00 -9999.00
27.02 27.15 27.34 27.44 27.49 27.62 27.74 27.80 27.86 27.94 27.94 28.15 28.03 28.03 28.09 28.14 28.09 28.02 27.92 28.00 27.95 27.85 27.84 27.56 27.41 27.46 27.29 27.36 27.50 27.60 27.50 27.50 27.46 27.55 27.35 27.40 27.44 27.49 27.48 27.52 27.61 27.63 27.72 27.92 27.94 27.94 -9999.00 -9999.00 -9999.00 -9999.00 -9999.00 -9999.00 -9999.00 -9999.00 -9999.00 -9999.00 -9999.00 -9999.00 -9999.00 -9999.00 -9999.00 -9999.00 -9999.00 -9999.00 -9999.00 -9999.00 -9999.00 -9999.00 -9999.00 -9999.00 -9999.00
