maui/input/air_temperature_monthly/tmaxapr_250m_maui.asc
ncols        356
nrows        236
xllcorner    -156.702000000000
yllcorner    20.529750000000
cellsize     0.002250000000
NODATA_value  -99.00
[rows 160 to 191 of 236, columns 213 to 283 of 356]
12.60 12.73 12.82 12.85 12.86 13.00 13.23 13.51 13.66 13.79 13.75 14.02 13.64 13.54 13.46 13.44 13.40 13.50 13.57 13.35 13.31 13.32 13.37 14.02 14.68 15.19 16.19 16.67 16.80 16.82 16.81 16.72 16.73 16.64 16.57 16.57 16.76 16.37 14.88 14.44 14.62 14.66 14.68 14.70 14.76 14.86 14.91 15.03 15.23 15.25 15.25 15.72 16.49 17.99 17.90 18.04 18.23 18.41 18.63 18.71 18.92 19.03 19.47 20.24 20.43 20.66 20.90 20.61 19.09 18.29 18.45
13.01 13.09 13.18 13.20 13.26 13.35 13.60 13.82 13.99 14.11 14.19 14.52 14.11 14.01 14.01 13.95 13.92 14.11 14.09 13.88 13.79 13.84 14.01 13.94 13.99 14.83 15.59 16.94 17.00 17.12 17.09 17.06 17.08 17.07 16.90 16.98 17.10 17.00 15.55 14.97 15.09 15.12 15.17 15.24 15.31 15.33 15.43 15.57 15.67 15.68 15.66 15.73 15.97 17.36 18.33 18.31 18.45 18.66 18.94 19.06 19.25 19.36 19.39 19.39 19.97 21.06 21.10 20.76 19.37 18.61 18.83
13.44 13.47 13.55 13.61 13.72 13.86 13.94 14.18 14.34 14.43 14.67 15.17 14.76 14.56 14.60 14.50 14.44 14.80 14.55 14.51 14.52 14.63 14.83 14.54 14.52 14.57 15.32 16.56 17.32 17.35 17.35 17.36 17.41 17.35 17.39 17.37 17.44 17.47 16.25 15.42 15.61 15.61 15.70 15.76 15.86 15.93 15.96 16.02 15.97 16.00 16.03 16.10 16.21 16.53 17.72 18.34 19.04 18.95 19.23 19.42 19.60 19.65 19.65 19.63 20.61 21.32 21.49 21.06 19.95 19.08 19.25
13.87 13.98 14.00 14.04 14.20 14.30 14.41 14.57 14.87 14.91 15.26 15.61 15.47 15.30 15.29 15.22 15.24 15.40 15.24 15.16 15.26 15.56 15.65 15.45 15.33 15.16 15.09 16.10 17.39 17.64 17.70 17.67 17.72 17.73 17.70 17.64 17.70 17.67 16.81 15.86 16.06 16.11 16.10 16.30 16.44 16.45 16.46 16.44 16.23 16.31 16.43 16.47 16.64 16.74 16.83 17.32 18.50 19.33 19.53 19.75 19.83 19.95 19.92 19.93 20.60 21.54 21.61 21.69 20.52 19.47 19.64
14.38 14.43 14.44 14.56 14.60 14.79 15.06 15.25 15.47 15.64 15.81 15.97 16.09 16.01 15.98 15.94 15.97 15.95 16.15 15.91 16.10 16.21 16.24 16.55 16.11 15.88 15.73 15.76 16.78 17.90 17.96 17.99 18.00 18.05 17.99 17.92 18.01 17.98 17.02 16.46 16.41 16.67 16.68 16.78 16.96 16.96 16.99 16.89 16.63 16.67 16.73 16.87 16.98 17.16 17.23 17.25 17.90 18.32 19.48 20.16 20.25 20.29 20.23 20.22 20.31 21.60 21.81 21.96 21.23 20.02 20.01
14.98 15.11 15.01 15.34 15.30 15.62 15.74 16.02 16.09 16.34 16.43 16.55 16.58 16.74 16.70 16.67 16.70 16.61 16.86 16.63 16.91 16.99 17.06 17.38 16.78 16.72 16.57 16.37 16.46 17.40 18.18 18.25 18.33 18.42 18.35 18.32 18.33 18.28 17.73 17.05 17.00 17.12 17.19 17.30 17.42 17.40 17.44 17.35 17.17 17.15 17.25 17.26 17.46 17.54 17.80 17.74 17.86 18.02 18.63 19.78 20.55 20.66 20.63 20.61 20.74 21.78 22.06 22.20 21.99 20.95 20.48
15.54 15.87 15.85 15.95 15.98 16.15 16.36 17.08 16.76 17.32 17.06 17.06 17.13 17.32 17.29 17.23 17.48 17.31 17.28 17.27 18.01 17.84 18.13 18.30 17.46 17.48 17.30 17.14 17.06 17.11 18.17 18.60 18.67 18.69 18.67 18.63 18.68 18.76 18.55 17.48 17.56 17.62 17.66 17.88 17.87 17.95 17.99 17.82 17.71 17.67 17.71 17.81 17.84 18.11 18.21 18.29 18.41 18.49 18.57 19.48 20.61 20.91 20.90 21.01 21.10 21.66 22.27 22.35 22.56 21.79 20.96
16.19 16.34 16.47 16.68 16.65 16.81 17.10 17.46 17.54 17.78 17.75 17.75 17.74 17.88 17.85 17.92 18.08 17.95 18.04 18.03 18.34 18.67 18.80 18.73 18.16 18.14 18.06 17.82 17.74 17.86 17.98 18.88 19.01 19.03 19.12 18.99 19.05 19.07 19.06 18.04 18.08 18.16 18.23 18.38 18.36 19.04 19.39 19.24 18.14 18.22 18.29 18.37 18.48 18.61 18.70 18.90 18.89 18.97 19.08 19.35 20.46 21.09 21.10 21.22 21.35 21.38 22.28 22.54 22.65 22.62 21.52
16.84 16.91 17.22 17.36 17.32 17.60 17.76 17.85 18.35 18.29 18.33 18.42 18.58 18.42 18.71 18.52 19.11 18.61 18.95 18.81 18.87 20.03 19.24 19.32 18.77 18.69 18.69 18.46 18.49 18.53 18.49 19.14 19.34 19.40 19.43 19.40 19.42 19.41 19.33 18.51 18.56 18.63 18.72 18.87 19.54 20.39 21.59 20.74 19.10 18.64 18.85 18.91 19.14 19.33 19.28 19.68 19.41 19.45 19.60 19.72 19.98 20.89 22.10 21.47 21.61 21.73 22.20 22.64 22.84 23.01 22.45
17.49 17.50 17.77 17.97 17.95 18.18 18.66 18.61 18.84 18.90 19.07 18.99 19.10 19.54 19.38 19.25 19.91 19.27 19.55 19.53 19.57 20.16 20.04 20.21 19.40 19.29 19.29 19.12 19.05 19.19 19.08 19.00 19.67 19.71 19.69 19.85 19.80 19.75 19.59 19.20 19.09 19.10 19.15 19.29 20.68 21.68 21.76 20.30 19.07 19.17 19.27 19.45 19.60 19.84 20.04 20.25 19.99 20.00 20.13 20.22 20.44 20.76 21.67 22.13 21.84 21.98 22.17 22.99 23.09 23.19 23.19
18.06 18.10 18.26 18.62 18.63 18.82 19.13 19.31 19.28 19.57 20.14 19.83 19.63 20.21 20.24 20.03 20.67 19.92 20.53 20.16 20.33 20.71 21.26 21.50 19.92 19.84 19.98 19.64 19.56 19.96 19.60 19.62 20.16 20.14 20.07 20.06 20.06 19.98 19.82 19.62 19.58 19.65 19.57 20.03 21.39 22.93 21.59 20.33 19.54 19.68 19.85 19.96 20.11 20.35 20.57 20.71 20.53 20.54 20.66 20.75 20.89 21.21 21.45 23.48 22.45 22.24 22.27 22.59 23.33 23.52 23.59
18.59 18.65 18.82 19.26 19.23 19.41 19.82 20.30 19.93 20.10 21.55 21.18 20.17 21.11 20.65 20.55 21.00 20.61 20.73 20.75 21.52 21.47 22.32 21.35 20.43 20.38 20.69 20.22 20.23 20.65 20.33 20.35 20.62 20.52 20.46 20.40 20.34 20.27 20.13 20.12 20.18 20.52 20.58 20.62 22.43 22.88 21.64 20.22 19.96 20.16 20.33 20.42 20.69 20.67 20.94 21.10 21.00 21.05 21.13 21.24 21.35 21.63 22.01 22.57 23.64 22.62 22.26 22.44 23.27 23.68 23.72
19.36 19.35 19.54 19.72 20.00 20.08 20.29 20.93 20.59 20.70 21.64 21.25 20.80 21.50 20.91 21.15 21.57 21.39 21.17 21.38 22.12 22.46 22.16 21.04 21.05 21.01 20.95 20.78 20.91 21.16 20.96 21.26 20.93 20.88 20.82 20.78 20.66 20.57 20.61 20.60 21.10 21.58 20.84 21.35 22.87 22.71 21.36 20.48 20.44 20.56 20.72 20.86 20.99 21.14 21.24 21.45 21.49 21.60 21.57 21.88 21.85 21.99 22.22 22.62 23.49 23.50 22.91 22.89 23.11 23.81 23.90
19.63 20.00 20.00 20.21 20.77 20.67 20.87 21.22 21.58 21.20 21.61 22.47 21.53 22.19 21.71 22.09 22.19 21.81 21.87 22.21 22.58 23.31 22.30 21.84 21.58 21.71 21.44 21.37 21.39 21.73 21.80 21.49 21.28 21.18 21.18 21.07 21.01 20.99 21.18 21.11 21.19 22.32 21.46 22.81 23.96 22.27 21.03 20.99 20.87 20.97 21.06 21.27 21.43 21.66 21.66 21.69 22.14 22.14 22.08 22.27 22.41 22.51 22.71 22.82 23.23 24.18 23.52 23.25 23.53 23.68 24.07
20.06 20.40 20.74 20.78 21.21 21.23 21.43 21.97 22.63 21.88 21.83 22.36 22.57 22.66 22.48 22.60 22.53 22.39 22.53 22.38 22.55 23.52 22.92 22.61 22.45 22.41 21.96 22.00 22.04 22.07 22.22 21.85 21.54 21.56 21.41 21.41 21.38 21.57 21.72 21.62 21.84 22.38 22.01 23.40 23.64 22.23 21.49 21.46 21.39 21.47 21.58 21.68 21.86 22.15 22.17 22.26 22.40 22.68 22.61 22.76 22.85 23.03 23.01 23.16 23.79 23.68 24.18 23.73 23.92 24.11 24.23
20.56 20.72 21.37 21.32 21.72 21.74 22.11 22.19 22.67 22.55 22.51 22.66 23.01 22.92 22.95 22.96 23.01 22.89 23.12 22.87 23.18 23.60 23.46 23.07 22.70 22.56 22.46 22.56 22.69 22.66 22.50 22.11 22.02 21.85 21.75 21.78 21.86 21.97 22.02 22.07 22.58 22.36 22.76 23.26 24.21 22.59 21.91 21.97 21.92 21.95 22.04 22.13 22.27 22.39 22.49 22.69 22.70 23.44 23.04 23.27 23.39 23.23 23.66 23.57 23.85 24.16 24.21 24.37 24.52 24.45 24.64
21.00 21.27 21.47 22.48 22.07 22.45 22.37 22.75 22.69 23.29 23.07 23.12 23.36 23.82 23.44 23.46 23.41 23.38 23.49 23.37 23.37 23.67 24.46 23.29 23.21 23.08 22.94 23.14 23.35 23.05 22.80 22.61 22.42 22.32 22.28 22.34 22.44 22.50 22.51 22.63 23.09 22.69 23.43 23.75 24.66 23.21 22.39 22.44 22.34 22.38 22.45 22.56 22.66 22.81 23.07 23.33 23.11 23.22 23.65 23.49 23.78 23.79 23.92 24.18 24.16 25.02 24.50 24.85 25.07 24.79 25.02
21.40 21.52 21.80 21.98 22.80 22.68 22.86 23.27 23.12 23.73 23.59 23.60 23.67 24.12 23.78 23.87 23.83 23.86 23.83 23.74 23.70 23.86 24.65 23.76 23.96 23.59 23.41 23.55 23.64 23.39 23.19 22.98 22.89 22.78 22.80 22.81 22.83 22.89 22.96 23.11 23.53 23.51 23.73 24.42 24.27 23.04 22.90 22.84 22.79 22.78 22.85 22.99 23.05 23.12 23.47 23.42 23.58 23.49 24.23 24.22 24.39 24.73 24.45 24.71 24.78 25.14 24.98 25.10 25.18 25.30 25.32
21.77 21.91 22.16 22.43 22.64 23.42 23.84 23.28 23.94 23.72 23.87 23.93 23.99 24.00 24.57 24.56 24.22 24.15 24.37 24.17 24.15 24.18 24.41 24.34 24.10 23.96 23.91 24.01 23.94 23.73 23.58 23.39 23.26 23.20 23.13 23.23 23.27 23.31 23.45 23.57 24.24 24.04 24.21 24.97 24.44 23.37 23.43 23.28 23.23 23.26 23.29 23.32 23.45 23.47 23.71 23.78 24.04 23.97 24.25 24.22 24.92 24.67 25.07 25.40 25.01 25.30 25.78 25.41 25.43 25.57 25.67
22.18 22.33 22.44 22.73 22.99 23.22 24.29 23.76 23.85 24.12 24.11 24.19 24.28 24.28 24.49 24.56 24.84 24.56 24.64 24.58 24.54 24.81 24.63 24.57 24.46 24.41 24.36 24.34 24.24 24.11 23.98 23.72 23.70 23.67 23.57 23.66 23.74 23.85 23.89 23.99 24.57 24.62 24.66 24.20 25.40 23.75 23.83 23.75 23.66 23.67 23.75 23.71 23.73 23.82 23.89 24.24 24.17 24.90 24.41 25.05 24.62 25.94 25.29 25.26 25.88 25.57 25.97 25.74 25.73 25.80 25.94
22.63 22.68 22.79 22.99 23.27 23.55 24.28 24.11 24.22 24.55 24.38 24.47 24.51 24.53 24.67 24.99 25.06 24.90 25.08 24.87 24.90 24.99 24.88 25.23 24.82 24.71 24.74 24.66 24.51 24.45 24.28 24.17 24.07 24.05 24.06 24.08 24.13 24.22 24.32 24.36 24.84 24.89 24.84 24.73 25.48 24.20 24.24 24.21 24.14 24.07 24.14 24.28 24.10 24.30 24.23 24.46 24.43 24.87 24.95 24.93 25.24 25.23 26.24 26.04 26.13 26.15 26.15 26.03 25.99 25.93 26.03
23.21 23.09 23.28 23.41 23.58 23.96 24.19 25.09 24.48 24.64 24.65 24.76 24.80 24.77 24.95 25.10 25.12 25.15 25.36 25.19 25.21 25.31 25.20 25.44 25.11 25.06 24.96 24.87 24.75 24.64 24.62 24.54 24.49 24.47 24.43 24.41 24.47 24.63 24.70 24.75 25.00 25.01 24.87 25.64 24.80 24.65 24.59 24.61 24.65 24.51 24.55 24.70 24.50 24.54 24.84 24.65 24.90 24.97 25.99 25.24 25.55 25.55 26.31 26.00 25.99 26.40 26.32 26.27 26.26 26.24 26.17
23.67 23.45 23.54 23.75 23.88 24.10 24.34 24.71 24.91 24.95 24.92 24.97 24.99 25.01 25.14 25.27 25.44 25.71 25.66 25.55 25.48 25.43 25.47 25.60 25.41 25.29 25.18 25.11 24.93 24.86 24.90 24.85 24.77 24.74 24.66 24.73 24.77 24.96 24.97 25.00 25.15 25.16 25.03 25.64 25.12 25.08 24.93 25.01 25.07 24.98 25.00 25.15 24.99 24.97 25.50 25.26 25.18 25.31 25.48 26.09 25.96 25.95 26.21 26.70 26.70 26.68 26.47 26.45 26.48 26.46 26.42
23.73 23.83 24.10 24.23 24.23 24.36 24.66 24.85 25.83 25.26 25.17 25.20 25.27 25.29 25.34 25.48 25.93 26.05 25.81 25.77 25.73 25.72 25.76 25.62 25.52 25.44 25.43 25.35 25.25 25.12 25.14 25.12 25.07 24.99 24.97 25.01 25.05 25.15 25.14 25.24 25.28 25.36 25.39 25.42 25.74 25.51 25.32 25.48 25.46 25.38 25.46 25.62 25.43 25.40 25.63 26.13 25.52 25.58 25.74 25.87 26.58 26.73 -9999.00 -9999.00 -9999.00 -9999.00 26.74 26.61 26.61 26.58 26.62
24.14 24.42 24.40 24.79 24.68 24.72 24.86 25.23 25.41 25.60 25.44 25.50 25.53 25.55 25.58 25.71 25.75 25.90 26.21 26.01 25.95 25.91 25.76 25.75 25.65 25.61 25.61 25.54 25.47 25.34 25.32 25.37 25.36 25.39 25.31 25.26 25.26 25.30 25.41 25.45 25.49 25.55 25.64 25.75 26.18 25.70 25.86 25.89 25.81 25.80 25.95 25.99 25.78 25.76 26.23 26.34 25.89 25.94 26.08 26.24 26.66 -9999.00 -9999.00 -9999.00 -9999.00 -9999.00 -9999.00 -9999.00 -9999.00 -9999.00 -9999.00
24.42 24.64 24.70 25.00 25.18 25.07 25.18 25.37 25.58 26.23 25.73 25.71 25.73 25.78 25.85 26.04 26.02 26.06 26.15 26.30 26.16 26.14 25.96 25.83 25.80 25.74 25.67 25.65 25.63 25.64 25.64 25.59 25.51 25.60 25.62 25.50 25.50 25.51 25.59 25.66 25.79 25.84 25.85 25.93 26.27 26.03 26.30 26.24 26.17 26.19 26.23 26.39 26.08 26.07 26.50 26.36 26.20 26.38 26.68 26.75 -9999.00 -9999.00 -9999.00 -9999.00 -9999.00 -9999.00 -9999.00 -9999.00 -9999.00 -9999.00 -9999.00
25.07 24.88 25.07 25.20 25.34 25.53 25.49 25.69 25.82 26.39 26.09 26.00 25.98 26.00 26.04 26.21 26.25 26.27 26.26 26.43 26.40 26.02 25.95 26.02 25.88 25.82 25.76 25.75 25.79 25.89 25.85 25.75 25.76 25.80 25.76 25.72 25.76 25.69 25.81 25.89 25.95 25.97 26.01 26.13 26.21 26.50 26.47 26.51 26.46 26.55 26.67 26.74 26.49 26.48 26.76 26.76 26.76 -9999.00 -9999.00 -9999.00 -9999.00 -9999.00 -9999.00 -9999.00 -9999.00 -9999.00 -9999.00 -9999.00 -9999.00 -9999.00 -9999.00
25.08 25.33 25.32 25.44 25.61 25.96 25.91 25.98 26.10 26.18 26.68 26.25 26.26 26.23 26.29 26.35 26.54 26.49 26.53 26.50 26.34 26.22 26.21 26.09 26.02 25.97 25.94 25.93 25.98 26.02 26.03 25.93 26.01 25.93 25.93 25.97 25.95 25.88 25.98 26.06 26.10 26.10 26.11 26.23 26.30 26.43 26.58 26.57 26.70 26.80 -9999.00 -9999.00 -9999.00 -9999.00 -9999.00 -9999.00 -9999.00 -9999.00 -9999.00 -9999.00 -9999.00 -9999.00 -9999.00 -9999.00 -9999.00 -9999.00 -9999.00 -9999.00 -9999.00 -9999.00 -9999.00
25.28 25.50 25.62 25.67 25.87 26.00 26.15 26.26 26.37 26.40 26.80 26.41 26.50 26.54 26.52 26.63 26.66 26.68 26.68 26.69 26.43 26.45 26.37 26.28 26.09 26.06 26.03 26.08 26.18 26.15 26.12 26.25 26.13 26.08 26.08 26.12 26.14 26.12 26.15 26.22 26.19 26.23 26.28 26.36 26.42 26.58 26.63 26.74 26.79 -9999.00 -9999.00 -9999.00 -9999.00 -9999.00 -9999.00 -9999.00 -9999.00 -9999.00 -9999.00 -9999.00 -9999.00 -9999.00 -9999.00 -9999.00 -9999.00 -9999.00 -9999.00 -9999.00 -9999.00 -9999.00 -9999.00
25.48 25.74 26.04 25.93 26.05 26.18 26.49 26.42 26.53 26.62 26.93 26.66 26.69 26.72 26.75 26.76 26.98 26.89 26.87 26.80 26.73 26.69 26.55 26.45 26.37 26.29 26.20 26.23 26.35 26.36 26.43 26.36 26.28 26.18 26.22 26.25 26.24 26.27 26.31 26.34 26.42 26.41 26.39 26.46 26.52 26.66 26.78 26.85 26.85 -9999.00 -9999.00 -9999.00 -9999.00 -9999.00 -9999.00 -9999.00 -9999.00 -9999.00 -9999.00 -9999.00 -9999.00 -9999.00 -9999.00 -9999.00 -9999.00 -9999.00 -9999.00 -9999.00 -9999.00 -9999.00 -9999.00
25.75 25.98 26.13 26.25 26.27 26.39 26.56 26.64 26.69 26.78 27.03 26.84 26.89 26.91 26.92 26.93 27.06 27.00 26.90 26.93 26.87 26.82 26.76 26.57 26.43 26.38 26.33 26.23 26.43 26.52 26.54 26.49 26.43 26.32 26.34 26.37 26.43 26.42 26.44 26.47 26.53 26.57 26.68 26.63 26.69 26.73 26.79 -9999.00 -9999.00 -9999.00 -9999.00 -9999.00 -9999.00 -9999.00 -9999.00 -9999.00 -9999.00 -9999.00 -9999.00 -9999.00 -9999.00 -9999.00 -9999.00 -9999.00 -9999.00 -9999.00 -9999.00 -9999.00 -9999.00 -9999.00 -9999.00
26.05 26.18 26.36 26.47 26.52 26.65 26.76 26.82 26.88 26.97 26.97 27.17 27.05 27.05 27.12 27.16 27.11 27.05 26.95 27.03 26.99 26.89 26.88 26.61 26.47 26.52 26.36 26.43 26.56 26.66 26.57 26.57 26.54 26.63 26.44 26.49 26.54 26.58 26.58 26.61 26.70 26.70 26.79 26.96 26.98 26.96 -9999.00 -9999.00 -9999.00 -9999.00 -9999.00 -9999.00 -9999.00 -9999.00 -9999.00 -9999.00 -9999.00 -9999.00 -9999.00 -9999.00 -9999.00 -9999.00 -9999.00 -9999.00 -9999.00 -9999.00 -9999.00 -9999.00 -9999.00 -9999.00 -9999.00
