maui/input/air_temperature_monthly/tmaxmay_250m_maui.asc
ncols        356
nrows        236
xllcorner    -156.702000000000
yllcorner    20.529750000000
cellsize     0.002250000000
NODATA_value  -99.00
[rows 62 to 92 of 236, columns 71 to 141 of 356]
22.89 23.38 23.74 24.14 24.50 24.95 25.41 25.82 26.25 26.77 27.13 27.29 27.51 27.68 27.76 27.84 27.93 28.00 28.03 28.05 27.98 28.05 -9999.00 -9999.00 -9999.00 -9999.00 -9999.00 -9999.00 -9999.00 -9999.00 -9999.00 -9999.00 -9999.00 -9999.00 -9999.00 -9999.00 -9999.00 -9999.00 -9999.00 -9999.00 -9999.00 -9999.00 -9999.00 -9999.00 -9999.00 -9999.00 -9999.00 -9999.00 -9999.00 -9999.00 -9999.00 -9999.00 -9999.00 -9999.00 -9999.00 -9999.00 -9999.00 -9999.00 -9999.00 -9999.00 -9999.00 -9999.00 -9999.00 -9999.00 -9999.00 -9999.00 -9999.00 -9999.00 -9999.00 -9999.00 -9999.00
24.16 24.55 24.94 25.13 25.27 25.88 26.15 26.49 26.73 26.77 27.04 27.30 27.44 27.55 27.67 27.75 27.86 27.99 28.05 28.14 28.12 28.15 -9999.00 -9999.00 -9999.00 -9999.00 -9999.00 -9999.00 -9999.00 -9999.00 -9999.00 -9999.00 -9999.00 -9999.00 -9999.00 -9999.00 -9999.00 -9999.00 -9999.00 -9999.00 -9999.00 -9999.00 -9999.00 -9999.00 -9999.00 -9999.00 -9999.00 -9999.00 -9999.00 -9999.00 -9999.00 -9999.00 -9999.00 -9999.00 -9999.00 -9999.00 -9999.00 -9999.00 -9999.00 -9999.00 -9999.00 -9999.00 -9999.00 -9999.00 -9999.00 -9999.00 -9999.00 -9999.00 -9999.00 -9999.00 -9999.00
23.96 24.38 24.57 24.98 25.62 26.07 26.23 26.45 26.66 26.83 27.04 27.26 27.39 27.50 27.59 27.74 27.87 27.98 28.07 28.09 27.97 28.22 -9999.00 -9999.00 -9999.00 -9999.00 -9999.00 -9999.00 -9999.00 -9999.00 -9999.00 -9999.00 -9999.00 -9999.00 -9999.00 -9999.00 -9999.00 -9999.00 -9999.00 -9999.00 -9999.00 -9999.00 -9999.00 -9999.00 -9999.00 -9999.00 -9999.00 -9999.00 -9999.00 -9999.00 -9999.00 -9999.00 -9999.00 -9999.00 -9999.00 -9999.00 -9999.00 -9999.00 -9999.00 -9999.00 -9999.00 -9999.00 -9999.00 -9999.00 -9999.00 -9999.00 -9999.00 -9999.00 -9999.00 -9999.00 -9999.00
23.21 24.14 24.80 25.18 25.18 25.39 25.43 25.68 25.94 26.45 27.00 27.25 27.39 27.53 27.65 27.78 27.85 27.99 28.06 27.95 28.06 28.08 -9999.00 -9999.00 -9999.00 -9999.00 -9999.00 -9999.00 -9999.00 -9999.00 -9999.00 -9999.00 -9999.00 -9999.00 -9999.00 -9999.00 -9999.00 -9999.00 -9999.00 -9999.00 -9999.00 -9999.00 -9999.00 -9999.00 -9999.00 -9999.00 -9999.00 -9999.00 -9999.00 -9999.00 -9999.00 -9999.00 -9999.00 -9999.00 -9999.00 -9999.00 -9999.00 -9999.00 -9999.00 -9999.00 -9999.00 -9999.00 -9999.00 -9999.00 -9999.00 28.15 28.14 28.13 28.11 28.09 28.08
23.36 23.65 24.56 24.90 25.34 25.80 25.98 26.05 26.06 26.42 26.83 27.19 27.39 27.43 27.68 27.71 27.89 27.99 28.01 27.89 28.04 28.13 28.20 -9999.00 -9999.00 -9999.00 -9999.00 -9999.00 -9999.00 -9999.00 -9999.00 -9999.00 -9999.00 -9999.00 -9999.00 -9999.00 -9999.00 -9999.00 -9999.00 -9999.00 -9999.00 -9999.00 -9999.00 -9999.00 -9999.00 -9999.00 -9999.00 -9999.00 -9999.00 -9999.00 -9999.00 -9999.00 -9999.00 -9999.00 -9999.00 -9999.00 -9999.00 -9999.00 -9999.00 -9999.00 28.16 28.15 28.16 28.15 28.15 28.12 28.12 28.11 28.09 28.08 28.07
25.05 25.12 25.41 25.62 25.80 25.88 26.13 26.58 26.83 26.99 27.13 27.23 27.27 27.49 27.55 27.71 27.86 27.93 27.95 27.81 27.98 28.09 28.16 28.18 28.20 -9999.00 -9999.00 -9999.00 -9999.00 -9999.00 -9999.00 -9999.00 -9999.00 -9999.00 -9999.00 -9999.00 -9999.00 -9999.00 -9999.00 -9999.00 -9999.00 -9999.00 -9999.00 -9999.00 -9999.00 -9999.00 -9999.00 -9999.00 -9999.00 -9999.00 -9999.00 -9999.00 28.23 -9999.00 -9999.00 -9999.00 -9999.00 -9999.00 28.22 28.20 28.18 28.14 28.15 28.13 28.12 28.11 28.11 28.10 28.07 28.06 28.04
23.62 24.24 25.14 25.76 25.71 26.38 26.49 26.54 26.75 26.97 26.85 27.15 27.39 27.42 27.59 27.74 27.80 27.84 27.91 27.89 28.03 28.10 28.11 28.17 28.19 28.21 -9999.00 -9999.00 -9999.00 -9999.00 -9999.00 -9999.00 -9999.00 -9999.00 -9999.00 -9999.00 -9999.00 -9999.00 -9999.00 -9999.00 -9999.00 -9999.00 -9999.00 -9999.00 -9999.00 -9999.00 -9999.00 -9999.00 -9999.00 -9999.00 28.23 28.23 28.23 28.21 28.21 28.22 28.22 28.21 28.20 28.18 28.15 28.13 28.14 28.12 28.10 28.08 28.07 28.03 28.05 28.01 27.95
23.84 24.65 25.71 25.36 25.97 25.52 25.82 25.69 26.43 26.93 27.07 27.27 27.17 27.35 27.51 27.67 27.71 27.79 27.70 27.97 28.01 27.99 27.97 28.13 28.15 28.19 28.23 -9999.00 -9999.00 -9999.00 -9999.00 -9999.00 -9999.00 -9999.00 -9999.00 -9999.00 -9999.00 -9999.00 -9999.00 -9999.00 -9999.00 -9999.00 -9999.00 -9999.00 -9999.00 -9999.00 -9999.00 -9999.00 -9999.00 28.22 28.22 28.22 28.21 28.19 28.16 28.20 28.21 28.20 28.19 28.16 28.15 28.11 28.11 28.07 28.07 28.05 28.05 28.01 28.00 27.98 27.93
25.23 25.08 24.47 24.39 24.87 24.50 25.09 25.59 25.90 26.43 26.79 26.93 27.10 27.30 27.46 27.59 27.69 27.79 27.74 27.88 27.99 28.05 28.09 28.11 28.13 28.10 28.18 -9999.00 -9999.00 -9999.00 -9999.00 -9999.00 -9999.00 -9999.00 -9999.00 -9999.00 -9999.00 -9999.00 -9999.00 -9999.00 -9999.00 -9999.00 -9999.00 -9999.00 -9999.00 -9999.00 28.23 28.22 28.21 28.21 28.20 28.20 28.16 28.14 28.14 28.15 28.19 28.16 28.16 28.16 28.12 28.12 28.08 28.06 28.03 28.03 28.03 27.96 27.91 27.97 27.91
23.33 23.29 24.15 24.63 25.10 25.49 25.84 26.21 26.55 26.63 26.69 26.97 27.17 27.31 27.49 27.60 27.70 27.78 27.90 27.97 28.01 28.03 28.07 28.08 27.95 28.08 28.20 -9999.00 -9999.00 -9999.00 -9999.00 -9999.00 -9999.00 -9999.00 -9999.00 -9999.00 -9999.00 -9999.00 -9999.00 -9999.00 -9999.00 -9999.00 -9999.00 -9999.00 -9999.00 28.22 28.20 28.20 28.19 28.20 28.18 28.18 28.17 28.12 28.12 28.12 28.15 28.16 28.13 28.12 28.11 28.09 28.05 28.04 28.01 28.00 27.99 27.91 27.85 27.88 27.89
22.48 23.11 23.91 24.62 24.84 25.73 26.00 26.16 25.97 26.02 26.57 26.85 27.19 27.35 27.46 27.57 27.68 27.78 27.90 27.96 27.99 28.00 28.02 27.86 28.08 28.16 28.18 28.22 28.23 -9999.00 -9999.00 -9999.00 -9999.00 -9999.00 -9999.00 -9999.00 -9999.00 -9999.00 -9999.00 -9999.00 -9999.00 -9999.00 28.23 28.23 28.22 28.21 28.19 28.17 28.18 28.19 28.18 28.16 28.15 28.13 28.12 28.11 28.11 28.12 28.11 28.11 28.09 28.09 28.06 28.04 28.00 27.99 27.99 27.92 27.84 27.83 27.86
21.98 22.68 23.62 24.91 25.02 24.83 25.74 25.48 25.38 26.00 26.55 26.84 27.13 27.30 27.48 27.58 27.68 27.85 27.92 27.94 27.92 27.97 27.86 27.99 28.12 28.11 28.17 28.18 -9999.00 -9999.00 -9999.00 -9999.00 -9999.00 -9999.00 28.23 28.23 28.23 28.23 28.23 28.23 28.23 28.23 28.22 28.23 28.22 28.19 28.17 28.17 28.17 28.18 28.14 28.13 28.15 28.13 28.12 28.11 28.10 28.10 28.08 28.09 28.08 28.07 28.08 28.06 28.05 28.03 28.02 27.96 27.85 27.76 27.83
21.89 22.61 23.16 23.40 24.19 24.85 24.63 25.03 25.43 26.00 26.49 26.91 27.10 27.28 27.49 27.60 27.79 27.82 27.87 27.88 27.90 27.77 27.91 28.00 28.09 28.14 28.16 28.18 -9999.00 -9999.00 -9999.00 -9999.00 -9999.00 28.23 28.23 28.23 28.23 28.23 28.23 28.23 28.23 28.22 28.22 28.21 28.21 28.19 28.17 28.16 28.16 28.17 28.10 28.09 28.12 28.11 28.11 28.12 28.10 28.09 28.06 28.05 28.06 28.06 28.06 28.06 28.04 28.02 28.00 27.92 27.79 27.74 27.77
21.98 22.41 23.00 23.14 23.57 24.06 24.70 25.53 25.95 26.30 26.60 26.94 27.13 27.31 27.54 27.72 27.76 27.75 27.80 27.87 27.81 27.82 27.93 28.04 28.11 28.16 28.16 28.17 28.21 28.22 -9999.00 -9999.00 28.23 28.23 28.23 28.24 28.24 28.24 28.24 28.24 28.24 28.22 28.21 28.21 28.23 28.22 28.19 28.16 28.14 28.14 28.10 28.09 28.09 28.09 28.09 28.11 28.10 28.09 28.06 28.02 28.01 28.04 28.03 28.00 27.98 27.99 27.95 27.91 27.83 27.73 27.68
23.49 23.31 23.80 24.37 25.28 25.18 25.25 25.17 25.57 26.20 26.71 27.07 27.20 27.52 27.65 27.68 27.63 27.69 27.77 27.83 27.81 27.90 27.99 28.07 28.09 28.09 28.16 28.18 28.17 28.21 28.21 28.23 28.24 28.24 28.24 28.24 28.24 28.24 28.24 28.24 28.23 28.22 28.21 28.18 28.21 28.17 28.17 28.17 28.16 28.13 28.11 28.10 28.09 28.08 28.09 28.10 28.09 28.08 28.05 27.99 27.99 28.00 28.00 27.95 27.93 27.93 27.92 27.88 27.82 27.72 27.66
24.29 25.06 25.13 25.90 25.53 25.77 26.03 26.16 26.37 26.62 26.94 27.15 27.47 27.58 27.48 27.50 27.59 27.68 27.78 27.85 27.81 27.91 27.99 28.09 28.07 28.14 28.10 28.16 28.16 28.18 28.20 28.22 28.24 28.24 28.24 28.24 28.24 28.23 28.23 28.24 28.23 28.21 28.19 28.18 28.13 28.14 28.13 28.18 28.17 28.14 28.10 28.09 28.08 28.07 28.07 28.08 28.08 28.08 28.04 28.00 27.97 27.97 27.96 27.92 27.89 27.88 27.87 27.81 27.76 27.71 27.62
25.15 25.35 26.00 26.27 26.55 26.70 26.83 26.93 26.79 26.98 27.20 27.39 27.47 27.31 27.42 27.53 27.62 27.71 27.80 27.79 27.81 28.02 27.93 27.93 28.10 28.04 28.10 28.10 28.11 28.18 28.22 28.22 28.22 28.23 28.23 28.23 28.22 28.22 28.22 28.23 28.23 28.21 28.17 28.17 28.15 28.13 28.14 28.15 28.16 28.11 28.09 28.08 28.07 28.07 28.06 28.07 28.07 28.06 28.04 27.99 27.97 27.95 27.92 27.90 27.86 27.84 27.79 27.76 27.76 27.67 27.63
25.87 25.97 26.06 26.04 25.99 26.24 26.42 26.58 26.93 27.11 27.05 26.90 27.20 27.31 27.45 27.56 27.63 27.72 27.81 27.80 27.76 27.83 27.94 28.02 28.08 28.02 28.06 28.09 28.18 28.16 28.19 28.20 28.21 28.21 28.21 28.21 28.21 28.21 28.22 28.23 28.22 28.21 28.18 28.15 28.15 28.14 28.14 28.15 28.15 28.12 28.10 28.09 28.07 28.06 28.05 28.03 28.04 28.05 28.03 28.00 27.97 27.95 27.92 27.89 27.85 27.81 27.77 27.74 27.73 27.64 27.61
25.07 24.73 25.72 25.71 25.17 25.93 25.48 25.62 25.89 25.99 26.06 26.66 27.07 27.26 27.39 27.51 27.61 27.69 27.79 27.82 27.75 27.90 27.91 28.05 28.02 28.04 28.10 28.11 28.10 28.12 28.18 28.19 28.19 28.19 28.19 28.19 28.20 28.20 28.22 28.22 28.20 28.19 28.19 28.15 28.14 28.13 28.13 28.13 28.13 28.13 28.12 28.09 28.07 28.05 28.04 28.04 28.03 28.03 28.02 27.99 27.96 27.94 27.92 27.89 27.85 27.81 27.76 27.73 27.70 27.65 27.58
24.04 24.57 24.31 24.82 24.28 24.56 24.69 24.61 25.57 26.04 26.53 26.77 27.01 27.17 27.33 27.48 27.58 27.67 27.75 27.79 27.83 27.94 27.93 28.04 28.02 28.02 28.04 28.14 28.11 28.14 28.17 28.17 28.17 28.18 28.19 28.18 28.19 28.20 28.20 28.21 28.19 28.18 28.18 28.16 28.15 28.13 28.12 28.11 28.11 28.11 28.10 28.07 28.06 28.04 28.03 28.03 28.03 28.00 28.00 27.95 27.93 27.90 27.90 27.86 27.81 27.74 27.75 27.71 27.68 27.65 27.59
23.67 24.49 23.22 23.73 23.32 23.67 23.99 25.20 25.53 25.76 26.42 26.70 26.92 27.11 27.30 27.44 27.57 27.67 27.75 27.79 27.81 27.95 27.88 27.95 27.96 28.06 28.06 28.10 28.12 28.15 28.16 28.15 28.15 28.16 28.16 28.16 28.19 28.20 28.20 28.19 28.18 28.16 28.16 28.16 28.16 28.12 28.11 28.11 28.09 28.09 28.07 28.05 28.04 28.03 28.02 28.02 28.01 28.00 27.97 27.92 27.89 27.86 27.84 27.82 27.76 27.69 27.68 27.68 27.65 27.63 27.58
22.29 22.74 22.41 22.58 22.42 23.13 24.22 25.21 25.67 25.95 26.31 26.67 26.92 27.10 27.25 27.40 27.53 27.63 27.71 27.75 27.79 27.84 27.94 27.99 28.03 28.04 28.05 28.07 28.10 28.13 28.13 28.13 28.14 28.14 28.15 28.17 28.18 28.18 28.18 28.17 28.16 28.15 28.16 28.14 28.14 28.13 28.10 28.11 28.09 28.07 28.05 28.03 28.02 28.01 28.01 28.01 27.99 27.98 27.96 27.89 27.86 27.86 27.83 27.80 27.73 27.68 27.65 27.65 27.60 27.54 27.52
21.54 21.35 21.55 22.41 23.16 23.76 24.27 24.70 25.07 25.50 25.99 26.58 26.79 27.01 27.19 27.34 27.47 27.57 27.65 27.72 27.86 27.82 27.95 27.97 27.96 28.02 28.02 28.08 28.11 28.11 28.11 28.11 28.12 28.14 28.16 28.17 28.18 28.17 28.16 28.16 28.15 28.14 28.14 28.13 28.13 28.12 28.11 28.09 28.08 28.06 28.04 28.03 28.01 27.99 27.99 27.99 27.97 27.95 27.91 27.88 27.83 27.81 27.82 27.77 27.71 27.65 27.65 27.61 27.59 27.54 27.49
21.62 21.16 22.01 22.90 23.31 23.58 24.51 25.20 25.71 26.07 26.33 26.55 26.79 26.98 27.16 27.31 27.44 27.55 27.64 27.72 27.80 27.85 27.94 27.92 27.97 28.01 28.04 28.08 28.08 28.10 28.10 28.10 28.12 28.14 28.15 28.17 28.17 28.16 28.16 28.15 28.14 28.14 28.13 28.12 28.11 28.11 28.08 28.06 28.03 27.99 27.99 27.99 27.99 27.96 27.97 27.96 27.94 27.94 27.89 27.86 27.81 27.78 27.76 27.74 27.70 27.64 27.61 27.60 27.54 27.49 27.44
23.33 22.22 21.62 22.47 23.34 24.00 24.98 25.40 25.73 26.00 26.28 26.53 26.77 26.99 27.16 27.34 27.42 27.52 27.61 27.69 27.77 27.78 27.92 27.96 27.98 27.97 28.02 28.05 28.07 28.08 28.08 28.11 28.12 28.13 28.15 28.16 28.16 28.16 28.15 28.14 28.13 28.12 28.11 28.10 28.09 28.08 28.07 28.04 28.03 27.94 27.94 27.97 27.96 27.95 27.95 27.92 27.91 27.93 27.88 27.82 27.79 27.76 27.74 27.73 27.67 27.63 27.60 27.56 27.51 27.46 27.41
24.15 23.50 22.83 23.86 23.87 23.61 24.45 25.40 25.83 26.05 26.20 26.57 26.78 27.00 27.17 27.31 27.40 27.52 27.60 27.68 27.72 27.83 27.88 27.93 27.98 27.98 28.02 28.03 28.05 28.06 28.08 28.10 28.11 28.13 28.14 28.15 28.15 28.15 28.14 28.14 28.13 28.12 28.10 28.08 28.07 28.07 28.05 28.00 27.98 27.92 27.90 27.92 27.93 27.93 27.89 27.88 27.87 27.92 27.89 27.83 27.75 27.73 27.71 27.70 27.69 27.62 27.57 27.55 27.53 27.44 27.40
23.93 24.84 23.85 24.02 25.23 24.28 24.38 24.57 25.19 25.82 26.42 26.60 26.83 27.06 27.19 27.30 27.40 27.50 27.59 27.66 27.72 27.83 27.88 27.93 27.97 27.97 28.00 28.02 28.04 28.06 28.07 28.09 28.11 28.12 28.13 28.15 28.15 28.14 28.14 28.13 28.13 28.11 28.09 28.07 28.05 28.05 28.05 28.00 27.94 27.87 27.86 27.84 27.89 27.83 27.86 27.84 27.83 27.87 27.85 27.79 27.71 27.68 27.68 27.67 27.66 27.63 27.59 27.54 27.50 27.45 27.37
23.48 24.72 25.01 25.28 25.43 25.33 25.42 25.15 25.55 25.90 26.41 26.75 26.92 27.12 27.23 27.33 27.41 27.50 27.59 27.67 27.74 27.82 27.85 27.91 27.94 27.96 28.00 28.02 28.04 28.04 28.07 28.09 28.10 28.12 28.13 28.14 28.14 28.14 28.14 28.12 28.11 28.10 28.08 28.06 28.05 28.03 28.03 27.96 27.93 27.86 27.83 27.80 27.82 27.82 27.88 27.79 27.81 27.82 27.79 27.74 27.65 27.63 27.62 27.62 27.63 27.62 27.57 27.53 27.49 27.45 27.42
24.59 24.82 25.39 25.87 26.07 26.06 26.25 26.24 26.45 26.65 26.82 26.97 27.09 27.19 27.25 27.34 27.42 27.52 27.60 27.66 27.76 27.80 27.84 27.89 27.93 27.95 27.99 28.01 28.02 28.04 28.05 28.08 28.10 28.12 28.13 28.14 28.14 28.14 28.13 28.12 28.11 28.09 28.08 28.06 28.04 28.02 28.01 27.96 27.92 27.86 27.79 27.77 27.77 27.79 27.78 27.80 27.78 27.74 27.72 27.71 27.66 27.63 27.62 27.62 27.60 27.58 27.52 27.50 27.48 27.43 27.40
24.93 25.11 25.13 24.97 25.58 25.63 25.98 26.10 26.22 26.45 26.62 26.82 27.00 27.15 27.30 27.38 27.44 27.52 27.58 27.67 27.74 27.79 27.83 27.89 27.92 27.96 27.97 27.99 28.00 28.01 28.04 28.07 28.10 28.12 28.13 28.14 28.14 28.13 28.13 28.12 28.10 28.09 28.07 28.05 28.03 28.01 27.99 27.97 27.93 27.87 27.79 27.76 27.75 27.76 27.75 27.82 27.75 27.72 27.68 27.66 27.65 27.64 27.60 27.59 27.58 27.56 27.53 27.43 27.43 27.39 27.36
23.58 24.23 24.38 24.59 24.91 25.22 25.64 25.87 26.14 26.43 26.68 26.85 27.05 27.22 27.37 27.44 27.48 27.54 27.61 27.65 27.70 27.77 27.84 27.88 27.93 27.93 27.95 27.97 27.99 28.01 28.04 28.07 28.10 28.12 28.14 28.14 28.14 28.13 28.12 28.11 28.09 28.07 28.05 28.02 28.01 27.99 27.98 27.95 27.93 27.90 27.83 27.76 27.75 27.74 27.73 27.74 27.76 27.68 27.66 27.64 27.61 27.56 27.55 27.54 27.48 27.47 27.47 27.38 27.38 27.34 27.31
