maui/input/air_temperature_monthly/tmaxjul_250m_maui.asc
ncols        356
nrows        236
xllcorner    -156.702000000000
yllcorner    20.529750000000
cellsize     0.002250000000
NODATA_value  -99.00
[rows 128 to 159 of 236, columns 142 to 212 of 356]
27.79 27.73 27.66 27.54 27.46 27.37 27.29 27.17 27.05 26.97 26.83 26.78 26.69 26.60 26.41 26.27 26.20 26.06 25.92 25.79 25.66 25.53 25.46 25.28 25.15 25.02 24.96 24.79 24.54 24.40 24.10 23.87 23.70 23.52 23.43 23.24 22.97 22.68 22.44 22.30 21.96 21.79 21.63 21.38 21.15 20.92 20.72 20.55 20.33 20.18 19.93 19.65 19.41 19.16 18.81 18.46 18.17 17.96 17.67 17.41 17.10 16.44 16.48 16.66 16.57 16.58 16.39 16.25 16.31 16.29 16.40
27.76 27.67 27.57 27.48 27.40 27.31 27.23 27.13 26.98 26.88 26.81 26.69 26.65 26.49 26.35 26.23 26.05 25.92 25.82 25.70 25.56 25.40 25.30 25.20 25.07 24.86 24.73 24.54 24.58 24.21 24.06 23.89 23.66 23.49 23.34 23.16 22.99 22.68 22.32 22.09 21.92 21.86 21.62 21.34 21.04 20.81 20.59 20.41 20.22 20.01 19.88 19.62 19.38 19.03 18.63 18.33 17.97 17.73 17.51 17.19 16.91 16.73 16.59 16.54 16.53 16.37 16.23 16.12 16.09 16.21 16.27
27.68 27.63 27.53 27.49 27.39 27.28 27.17 27.07 26.99 26.86 26.74 26.64 26.48 26.38 26.32 26.10 26.00 25.87 25.79 25.59 25.41 25.30 25.17 25.05 24.95 24.84 24.61 24.49 24.29 24.22 24.04 23.76 23.59 23.38 23.21 23.04 22.79 22.52 22.25 22.03 21.84 21.63 21.47 21.24 20.96 20.78 20.48 20.26 20.06 19.87 19.61 19.43 19.18 18.87 18.57 18.14 17.89 17.60 17.36 17.07 16.80 16.65 16.58 16.49 16.44 16.32 16.13 16.04 16.05 16.08 16.07
27.65 27.57 27.51 27.43 27.34 27.23 27.16 27.09 26.99 26.81 26.70 26.58 26.40 26.26 26.12 26.03 25.95 25.81 25.66 25.56 25.36 25.22 25.02 24.95 24.87 24.66 24.51 24.36 24.14 24.07 24.01 23.71 23.49 23.27 23.07 22.90 22.69 22.37 22.15 21.94 21.70 21.45 21.25 21.14 20.86 20.54 20.40 20.21 19.92 19.74 19.49 19.22 19.01 18.74 18.44 18.09 17.81 17.54 17.29 17.01 16.73 16.58 16.51 16.40 16.34 16.17 16.03 16.06 15.94 15.94 16.03
27.66 27.56 27.49 27.37 27.25 27.23 27.15 27.02 26.92 26.74 26.64 26.54 26.35 26.24 26.10 25.94 25.85 25.76 25.72 25.45 25.31 25.14 24.94 24.83 24.69 24.54 24.37 24.42 23.99 23.89 23.76 23.62 23.43 23.12 22.95 22.75 22.49 22.34 22.07 21.85 21.54 21.22 21.06 20.91 20.70 20.58 20.27 20.03 19.79 19.60 19.28 19.07 18.79 18.57 18.31 17.98 17.69 17.45 17.16 16.94 16.65 16.43 16.42 16.25 16.14 16.05 15.96 15.93 15.86 15.83 15.85
27.65 27.54 27.45 27.32 27.22 27.16 27.09 26.97 26.84 26.67 26.56 26.46 26.33 26.14 26.01 25.87 25.75 25.60 25.48 25.44 25.22 25.07 24.87 24.71 24.57 24.43 24.26 24.09 23.89 23.88 23.67 23.47 23.24 23.01 22.91 22.73 22.47 22.21 22.00 21.74 21.46 21.10 20.81 20.64 20.47 20.26 20.15 19.91 19.62 19.38 19.15 18.94 18.65 18.49 18.18 17.91 17.64 17.37 17.12 16.79 16.53 16.31 16.23 16.17 16.07 16.00 15.95 15.86 15.84 15.76 15.76
27.63 27.50 27.44 27.29 27.20 27.11 27.03 26.90 26.72 26.59 26.47 26.37 26.24 26.05 25.88 25.72 25.63 25.48 25.39 25.26 25.21 24.99 24.81 24.65 24.49 24.33 24.14 23.97 23.79 23.65 23.54 23.46 23.11 22.91 22.79 22.67 22.40 22.22 21.89 21.68 21.36 21.05 20.80 20.50 20.19 20.03 19.84 19.70 19.51 19.21 18.92 18.73 18.60 18.40 18.12 17.83 17.42 17.15 16.85 16.69 16.45 16.29 16.16 16.08 15.99 15.96 15.84 15.81 15.74 15.67 15.61
27.57 27.46 27.43 27.33 27.23 27.09 27.02 26.95 26.80 26.64 26.48 26.35 26.13 26.02 25.82 25.63 25.59 25.46 25.31 25.14 24.98 24.94 24.77 24.60 24.41 24.28 24.08 23.88 23.71 23.55 23.40 23.27 23.08 22.83 22.71 22.55 22.35 22.15 21.98 21.64 21.26 21.01 20.77 20.51 20.16 19.86 19.61 19.42 19.33 19.06 18.76 18.55 18.40 18.20 17.95 17.75 17.48 17.00 16.58 16.45 16.41 16.22 16.11 16.04 15.86 15.86 15.74 15.69 15.64 15.59 15.54
27.48 27.44 27.34 27.25 27.17 27.10 26.96 26.89 26.78 26.63 26.45 26.29 26.08 25.93 25.78 25.63 25.52 25.41 25.23 25.12 24.90 24.78 24.74 24.56 24.38 24.15 23.99 23.83 23.67 23.48 23.32 23.16 22.92 22.78 22.65 22.54 22.29 22.08 21.76 21.59 21.25 20.97 20.65 20.39 20.14 19.90 19.59 19.29 19.17 18.87 18.53 18.33 18.15 18.01 17.75 17.49 17.23 17.00 16.69 16.51 16.36 16.17 16.03 15.97 15.80 15.75 15.65 15.57 15.53 15.53 15.48
27.43 27.38 27.32 27.22 27.12 27.05 26.93 26.85 26.67 26.56 26.41 26.30 26.13 25.91 25.74 25.57 25.43 25.33 25.11 24.98 24.79 24.64 24.57 24.49 24.36 24.18 23.97 23.76 23.59 23.41 23.26 23.03 22.84 22.68 22.53 22.39 22.27 22.02 21.78 21.35 21.13 20.87 20.66 20.32 19.96 19.75 19.44 19.16 18.90 18.65 18.25 18.10 17.94 17.81 17.59 17.18 16.94 16.72 16.58 16.40 16.26 16.12 16.00 15.91 15.77 15.69 15.59 15.47 15.51 15.44 15.37
27.47 27.34 27.30 27.17 27.03 26.98 26.84 26.69 26.63 26.48 26.40 26.28 26.08 25.86 25.71 25.53 25.38 25.18 25.05 24.88 24.68 24.58 24.48 24.37 24.29 24.04 23.90 23.69 23.49 23.27 23.16 22.98 22.76 22.52 22.36 22.14 21.93 21.79 21.51 21.29 20.93 20.69 20.41 20.16 19.92 19.55 19.32 19.01 18.74 18.41 18.06 17.83 17.72 17.55 17.33 16.97 16.65 16.54 16.44 16.29 16.14 16.06 15.94 15.82 15.70 15.61 15.54 15.41 15.36 15.31 15.55
27.43 27.32 27.25 27.13 26.98 26.90 26.77 26.70 26.53 26.46 26.28 26.14 26.03 25.85 25.71 25.48 25.34 25.15 24.97 24.81 24.66 24.50 24.45 24.24 24.10 23.92 23.74 23.57 23.44 23.22 23.02 22.88 22.68 22.45 22.18 21.83 21.68 21.67 21.31 21.01 20.85 20.64 20.35 19.96 19.65 19.48 19.15 18.83 18.51 18.15 17.85 17.59 17.54 17.21 16.99 16.73 16.56 16.43 16.28 16.16 16.03 15.94 15.82 15.65 15.61 15.52 15.46 15.31 15.19 15.66 16.19
27.44 27.28 27.19 27.12 26.94 26.81 26.68 26.59 26.49 26.36 26.28 26.09 26.00 25.85 25.68 25.44 25.25 25.07 24.92 24.75 24.56 24.39 24.26 24.20 23.95 23.78 23.59 23.40 23.28 23.17 23.03 22.80 22.52 22.24 22.00 21.76 21.53 21.35 21.19 20.92 20.59 20.48 20.17 19.82 19.45 19.20 18.90 18.61 18.33 17.98 17.61 17.34 17.10 16.84 16.73 16.56 16.43 16.29 16.20 16.02 15.90 15.78 15.70 15.51 15.31 15.39 15.27 15.15 15.12 15.61 16.28
27.35 27.23 27.16 27.07 26.94 26.81 26.63 26.47 26.38 26.28 26.16 26.06 25.98 25.81 25.65 25.47 25.26 25.08 24.85 24.68 24.50 24.35 24.15 23.98 23.91 23.64 23.48 23.31 23.17 23.03 22.83 22.65 22.39 22.18 21.87 21.60 21.39 21.07 20.99 20.67 20.40 20.18 19.85 19.49 19.12 18.93 18.60 18.41 18.08 17.65 17.34 17.12 16.81 16.66 16.53 16.42 16.29 16.14 16.03 15.90 15.73 15.69 15.60 15.39 15.23 15.22 15.08 15.03 15.21 15.64 16.13
27.25 27.18 27.10 27.06 26.82 26.72 26.59 26.45 26.30 26.18 26.12 25.94 25.83 25.64 25.57 25.39 25.19 25.12 24.86 24.64 24.48 24.20 24.04 23.87 23.70 23.55 23.47 23.29 23.02 22.97 22.70 22.48 22.34 22.06 21.80 21.56 21.15 20.82 20.55 20.28 20.06 19.79 19.56 19.28 18.99 18.68 18.34 18.09 17.86 17.54 17.10 16.77 16.66 16.58 16.42 16.24 16.09 15.96 15.88 15.76 15.62 15.55 15.46 15.30 15.13 15.01 14.93 15.04 15.44 15.98 15.88
27.20 27.12 27.03 26.87 26.78 26.69 26.52 26.38 26.27 26.15 26.00 25.88 25.76 25.53 25.37 25.32 25.06 24.81 24.74 24.59 24.37 24.20 24.05 23.80 23.64 23.47 23.27 23.15 22.94 22.79 22.55 22.39 22.12 21.88 21.66 21.22 20.96 20.57 20.24 20.11 19.73 19.48 19.33 19.01 18.66 18.42 18.11 17.79 17.61 17.31 16.82 16.59 16.49 16.44 16.31 16.12 15.96 15.84 15.73 15.66 15.54 15.39 15.28 15.16 15.03 14.86 14.78 15.28 15.95 16.26 16.52
27.13 27.06 26.96 26.83 26.71 26.65 26.45 26.31 26.21 26.08 25.91 25.80 25.65 25.42 25.30 25.16 25.02 24.78 24.61 24.51 24.31 24.17 24.03 23.80 23.57 23.38 23.12 22.92 22.75 22.58 22.42 22.19 21.94 21.69 21.28 20.98 20.69 20.30 19.97 19.73 19.51 19.20 18.97 18.70 18.40 18.09 17.85 17.49 17.13 16.87 16.66 16.44 16.30 16.23 16.17 16.03 15.88 15.72 15.61 15.52 15.41 15.26 15.12 14.99 14.88 14.72 15.18 15.52 15.85 16.12 16.68
27.11 26.98 26.88 26.78 26.65 26.50 26.45 26.31 26.10 25.92 25.87 25.72 25.57 25.41 25.27 25.05 24.85 24.63 24.51 24.34 24.20 23.99 23.80 23.68 23.44 23.21 22.99 22.71 22.48 22.34 22.13 21.92 21.72 21.38 20.97 20.68 20.38 20.14 19.78 19.49 19.17 18.87 18.56 18.27 18.04 17.67 17.36 17.06 16.79 16.61 16.48 16.30 16.14 16.05 15.98 15.90 15.74 15.65 15.52 15.45 15.33 15.16 15.03 14.90 14.76 14.92 15.44 15.93 16.25 16.47 16.63
27.08 26.95 26.87 26.75 26.57 26.41 26.33 26.20 26.00 25.86 25.74 25.62 25.45 25.28 25.14 24.94 24.79 24.60 24.41 24.25 24.09 23.84 23.71 23.47 23.31 23.10 22.80 22.48 22.25 22.06 21.81 21.62 21.44 21.18 20.88 20.50 20.19 19.87 19.55 19.25 18.94 18.58 18.34 18.01 17.62 17.33 16.91 16.67 16.57 16.42 16.30 16.16 16.03 15.88 15.83 15.76 15.65 15.49 15.40 15.32 15.20 15.09 14.93 14.81 14.70 15.16 15.47 16.00 16.41 16.58 16.70
27.01 26.90 26.80 26.72 26.57 26.39 26.23 26.08 25.90 25.77 25.67 25.50 25.32 25.17 25.05 24.85 24.71 24.54 24.37 24.13 23.93 23.75 23.58 23.34 23.18 22.98 22.67 22.41 22.24 21.89 21.56 21.27 21.16 20.93 20.62 20.29 19.99 19.63 19.30 19.00 18.66 18.29 18.00 17.76 17.39 17.00 16.72 16.50 16.35 16.19 16.15 15.98 15.86 15.79 15.63 15.56 15.46 15.35 15.22 15.14 15.07 14.92 14.79 14.73 14.98 15.23 15.74 16.09 16.41 16.64 16.66
26.92 26.80 26.71 26.56 26.44 26.33 26.21 25.96 25.83 25.65 25.57 25.43 25.35 25.11 24.92 24.74 24.57 24.39 24.24 24.05 23.84 23.57 23.31 23.09 22.89 22.73 22.49 22.23 21.95 21.70 21.36 21.02 20.80 20.56 20.32 20.03 19.67 19.35 19.03 18.65 18.29 18.00 17.69 17.38 17.05 16.72 16.57 16.37 16.16 16.00 15.93 15.85 15.71 15.55 15.48 15.39 15.29 15.20 15.10 15.01 14.86 14.72 14.65 15.11 15.51 15.63 15.99 16.25 16.46 16.62 16.63
26.88 26.73 26.60 26.48 26.32 26.20 26.02 25.87 25.69 25.63 25.43 25.37 25.22 25.09 24.91 24.64 24.39 24.28 24.09 23.91 23.73 23.50 23.25 22.96 22.71 22.51 22.26 22.04 21.85 21.48 21.10 20.80 20.55 20.27 20.06 19.76 19.44 19.09 18.70 18.31 18.00 17.69 17.32 17.04 16.75 16.60 16.43 16.26 16.10 15.87 15.76 15.67 15.57 15.43 15.32 15.21 15.13 15.05 14.91 14.81 14.66 14.91 15.19 15.33 15.71 15.96 16.21 16.36 16.49 16.52 16.51
26.81 26.69 26.55 26.41 26.24 26.12 25.94 25.78 25.63 25.46 25.34 25.16 25.06 24.89 24.81 24.54 24.29 24.13 23.98 23.71 23.53 23.33 23.10 22.88 22.65 22.29 22.03 21.80 21.51 21.27 20.97 20.61 20.31 19.99 19.70 19.49 19.26 18.89 18.43 18.06 17.71 17.42 16.98 16.78 16.58 16.44 16.31 16.16 15.97 15.82 15.67 15.57 15.43 15.32 15.20 15.07 14.98 14.90 14.78 14.66 14.81 15.23 15.52 15.76 15.97 16.08 16.22 16.30 16.37 16.37 16.42
26.74 26.58 26.45 26.31 26.20 26.05 25.92 25.79 25.61 25.43 25.24 25.09 24.90 24.83 24.67 24.45 24.24 24.09 23.92 23.66 23.41 23.25 22.97 22.75 22.50 22.24 21.86 21.50 21.20 20.95 20.69 20.36 20.04 19.68 19.43 19.12 18.96 18.65 18.26 17.84 17.42 17.07 16.76 16.62 16.47 16.29 16.19 16.04 15.87 15.74 15.61 15.51 15.37 15.19 15.06 14.96 14.89 14.77 14.65 14.53 14.97 15.40 15.68 15.79 15.87 15.98 15.93 16.14 16.33 16.35 16.38
26.68 26.51 26.33 26.20 26.09 25.97 25.81 25.72 25.53 25.36 25.17 25.02 24.85 24.70 24.55 24.38 24.14 24.00 23.72 23.54 23.29 23.05 22.82 22.60 22.31 22.07 21.65 21.38 21.00 20.62 20.41 20.10 19.76 19.39 19.03 18.82 18.59 18.40 18.02 17.60 17.20 16.82 16.60 16.47 16.33 16.18 16.07 15.93 15.79 15.66 15.55 15.45 15.27 15.09 14.95 14.78 14.69 14.62 14.53 14.71 15.14 15.49 15.60 15.64 15.76 15.81 15.84 16.12 16.09 16.10 16.29
26.65 26.48 26.34 26.13 26.00 25.90 25.77 25.63 25.53 25.37 25.09 24.81 24.66 24.56 24.37 24.22 24.03 23.77 23.52 23.31 23.03 22.82 22.59 22.37 22.07 21.72 21.48 21.15 20.82 20.48 20.02 19.71 19.43 19.05 18.72 18.43 18.31 18.03 17.73 17.31 16.86 16.66 16.52 16.34 16.21 16.08 15.96 15.86 15.72 15.58 15.47 15.37 15.22 14.92 14.79 14.68 14.57 14.49 14.43 14.70 15.13 15.38 15.38 15.40 15.52 15.65 15.90 16.17 16.15 16.14 16.37
26.53 26.40 26.20 26.06 25.90 25.75 25.66 25.57 25.41 25.23 24.99 24.72 24.48 24.35 24.17 23.96 23.81 23.61 23.35 23.04 22.69 22.52 22.28 22.09 21.79 21.49 21.20 20.88 20.48 20.20 19.86 19.49 19.03 18.68 18.35 18.09 18.01 17.73 17.40 16.99 16.72 16.53 16.36 16.22 16.05 15.96 15.85 15.77 15.63 15.50 15.38 15.25 15.10 14.91 14.72 14.58 14.49 14.42 14.37 14.56 14.96 15.15 15.07 15.16 15.33 15.57 15.86 16.07 16.17 16.24 16.36
26.46 26.30 26.09 25.91 25.79 25.67 25.54 25.42 25.27 25.14 24.95 24.69 24.46 24.24 23.97 23.81 23.62 23.36 23.12 22.81 22.52 22.25 21.98 21.71 21.53 21.21 20.91 20.60 20.17 19.84 19.43 19.17 18.81 18.39 18.11 17.78 17.57 17.39 17.13 16.77 16.55 16.41 16.23 16.10 15.95 15.84 15.73 15.63 15.51 15.37 15.24 15.07 14.94 14.77 14.59 14.43 14.36 14.22 14.29 14.51 14.79 14.87 14.91 15.06 15.22 15.47 15.58 15.81 16.03 16.14 16.24
26.40 26.23 26.04 25.85 25.65 25.47 25.35 25.24 25.04 24.94 24.83 24.66 24.38 24.08 23.87 23.63 23.45 23.23 22.93 22.66 22.33 21.97 21.70 21.37 21.14 20.93 20.65 20.22 19.85 19.49 19.12 18.76 18.39 18.01 17.75 17.52 17.21 17.02 16.82 16.66 16.46 16.26 16.11 16.00 15.85 15.70 15.56 15.47 15.36 15.21 14.99 14.82 14.71 14.61 14.40 14.21 14.22 14.24 14.23 14.40 14.60 14.68 14.77 14.92 15.20 15.42 15.64 15.86 15.95 16.03 16.05
26.29 26.14 25.97 25.77 25.51 25.37 25.20 25.04 24.89 24.70 24.65 24.46 24.31 24.03 23.75 23.49 23.14 22.96 22.75 22.41 22.08 21.76 21.43 21.07 20.76 20.55 20.25 19.97 19.59 19.19 18.80 18.44 18.10 17.77 17.35 17.13 16.87 16.74 16.63 16.51 16.37 16.16 16.00 15.86 15.70 15.52 15.34 15.23 15.14 14.92 14.75 14.58 14.47 14.45 14.33 14.23 14.31 14.37 14.37 14.37 14.42 14.43 14.54 14.96 15.28 15.60 15.78 15.86 15.95 15.95 15.98
26.15 26.01 25.86 25.63 25.43 25.28 25.08 24.88 24.71 24.54 24.41 24.29 24.19 23.97 23.63 23.30 22.98 22.69 22.43 22.19 21.82 21.49 21.16 20.76 20.46 20.21 19.98 19.73 19.34 18.96 18.51 18.18 17.83 17.45 17.13 16.84 16.67 16.54 16.44 16.31 16.26 16.08 15.89 15.73 15.54 15.35 15.12 14.98 14.92 14.80 14.58 14.47 14.38 14.51 14.54 14.53 14.56 14.59 14.56 14.56 14.58 14.58 14.59 14.78 15.15 15.41 15.56 15.67 15.83 15.70 15.79
26.02 25.87 25.75 25.53 25.36 25.17 24.99 24.78 24.61 24.41 24.25 24.11 23.97 23.85 23.53 23.17 22.81 22.49 22.16 21.90 21.58 21.24 20.85 20.52 20.18 19.91 19.68 19.50 19.16 18.79 18.35 17.94 17.55 17.27 16.94 16.69 16.55 16.45 16.29 16.13 16.03 15.93 15.70 15.53 15.37 15.16 14.92 14.85 14.75 14.61 14.75 14.64 14.67 14.74 14.82 14.83 14.81 14.83 14.79 14.79 14.75 14.74 14.75 14.82 14.82 14.98 15.10 15.26 15.42 15.31 15.30
