maui/input/air_temperature_monthly/tmaxjul_250m_maui.asc
ncols        356
nrows        236
xllcorner    -156.702000000000
yllcorner    20.529750000000
cellsize     0.002250000000
NODATA_value  -99.00
[rows 96 to 127 of 236, columns 142 to 212 of 356]
28.66 28.60 28.54 28.44 28.36 28.31 28.24 28.17 28.11 27.99 27.93 27.84 27.75 27.64 27.52 27.43 27.37 27.23 27.15 27.11 26.97 26.95 26.96 26.86 26.82 26.65 26.53 26.53 26.52 26.37 26.20 26.06 25.91 25.83 25.72 25.69 25.61 25.40 25.32 25.21 25.08 25.00 24.72 24.52 24.45 24.18 24.07 23.56 23.28 22.99 22.66 22.37 22.18 22.08 21.98 21.64 21.56 21.41 21.38 21.22 21.13 21.04 20.95 20.88 20.88 20.88 20.85 20.73 20.70 20.66 20.75
28.64 28.58 28.52 28.47 28.39 28.31 28.24 28.16 28.06 27.98 27.93 27.88 27.78 27.66 27.53 27.41 27.34 27.25 27.16 27.08 27.02 26.95 26.89 26.82 26.77 26.71 26.64 26.52 26.40 26.30 26.23 26.05 25.93 25.82 25.74 25.66 25.48 25.38 25.27 25.15 25.10 24.92 24.77 24.53 24.38 24.02 24.01 23.79 23.25 22.81 22.54 22.28 22.16 22.08 21.96 21.63 21.38 21.35 21.17 21.12 20.97 20.89 20.84 20.75 20.73 20.62 20.59 20.53 20.49 20.42 20.43
28.66 28.57 28.53 28.46 28.40 28.30 28.21 28.16 28.09 27.97 27.90 27.86 27.78 27.67 27.57 27.47 27.31 27.22 27.13 27.04 26.96 26.92 26.85 26.78 26.73 26.74 26.64 26.52 26.38 26.25 26.13 26.10 26.00 25.85 25.74 25.61 25.48 25.34 25.41 25.15 24.98 24.90 24.67 24.48 24.30 24.06 23.90 23.79 23.21 22.96 22.80 22.44 22.14 21.93 21.81 21.83 21.41 21.25 21.07 20.93 20.85 20.74 20.67 20.62 20.72 20.43 20.43 20.33 20.26 20.23 20.23
28.64 28.58 28.54 28.43 28.34 28.27 28.22 28.16 28.08 27.99 27.90 27.82 27.77 27.70 27.60 27.48 27.30 27.19 27.08 26.97 26.89 26.86 26.79 26.72 26.71 26.68 26.59 26.46 26.34 26.26 26.12 26.00 25.95 25.85 25.67 25.54 25.47 25.29 25.21 25.11 24.96 24.85 24.67 24.46 24.19 24.02 24.05 23.71 23.46 23.00 22.73 22.49 22.18 21.94 21.59 21.48 21.34 21.18 20.98 20.83 20.74 20.64 20.53 20.47 20.39 20.34 20.26 20.18 20.04 19.95 20.02
28.67 28.58 28.53 28.45 28.36 28.27 28.37 28.15 28.08 27.98 27.91 27.82 27.75 27.66 27.57 27.44 27.27 27.17 27.06 26.95 26.85 26.76 26.69 26.66 26.63 26.64 26.56 26.39 26.29 26.16 26.16 26.02 25.89 25.79 25.59 25.47 25.40 25.21 25.11 25.02 24.85 24.72 24.77 24.51 24.23 24.02 23.99 23.73 23.52 23.31 22.69 22.45 22.28 21.84 21.69 21.43 21.47 21.08 20.87 20.71 20.57 20.49 20.42 20.31 20.25 20.15 20.12 20.00 19.85 19.83 19.86
28.62 28.60 28.57 28.47 28.33 28.28 28.16 28.09 27.99 28.01 27.90 27.78 27.71 27.63 27.54 27.42 27.29 27.14 27.03 26.94 26.76 26.69 26.63 26.58 26.57 26.59 26.38 26.36 26.27 26.15 26.08 25.93 25.80 25.68 25.51 25.30 25.24 25.12 25.06 25.00 24.70 24.74 24.42 24.29 24.24 24.08 24.00 23.60 23.35 23.07 22.97 22.36 22.15 21.79 21.66 21.44 21.27 21.12 20.84 20.62 20.44 20.34 20.28 20.23 20.18 20.08 19.88 19.77 19.69 19.71 19.74
28.58 28.54 28.47 28.40 28.33 28.26 28.10 28.02 27.95 27.87 27.98 27.93 27.78 27.57 27.50 27.39 27.30 27.13 27.01 26.91 26.76 26.65 26.58 26.53 26.50 26.46 26.18 26.28 26.14 26.06 25.95 25.84 25.67 25.52 25.39 25.22 25.11 25.12 24.93 24.74 24.60 24.58 24.37 24.20 24.10 24.21 23.92 23.60 23.34 23.21 22.89 22.72 22.12 21.91 21.63 21.51 21.26 21.10 20.86 20.56 20.32 20.22 20.20 20.16 20.00 19.87 19.79 19.63 19.51 19.56 19.54
28.51 28.45 28.33 28.27 28.24 28.22 28.12 27.98 27.89 27.83 27.92 27.72 27.64 27.59 27.50 27.45 27.26 27.17 27.00 26.88 26.78 26.67 26.53 26.47 26.40 26.31 26.22 26.11 26.06 25.94 25.87 25.75 25.70 25.47 25.34 25.18 25.04 25.04 24.85 24.67 24.58 24.49 24.23 24.22 24.02 24.08 23.84 23.60 23.35 23.24 22.90 22.75 22.35 21.94 21.66 21.51 21.23 21.09 20.80 20.56 20.29 20.14 20.09 20.08 19.89 19.71 19.58 19.48 19.39 19.37 19.36
28.43 28.40 28.31 28.22 28.16 28.11 28.05 27.99 27.87 27.82 27.73 27.65 27.61 27.68 27.44 27.33 27.23 27.31 27.05 26.92 26.80 26.73 26.56 26.41 26.33 26.23 26.15 26.05 25.96 25.89 25.72 25.72 25.53 25.44 25.34 25.13 25.05 24.89 24.76 24.59 24.43 24.35 24.20 24.12 23.88 23.82 23.70 23.57 23.35 23.20 22.88 22.76 22.40 22.01 21.73 21.50 21.19 20.98 20.76 20.56 20.29 20.10 20.03 19.83 19.78 19.53 19.43 19.32 19.24 19.26 19.38
28.38 28.33 28.29 28.18 28.15 28.08 27.95 27.97 27.88 27.81 27.66 27.62 27.62 27.51 27.41 27.30 27.17 27.08 26.99 26.94 26.90 26.66 26.55 26.41 26.29 26.22 26.08 26.00 25.91 25.76 25.60 25.51 25.49 25.30 25.25 25.12 25.06 24.69 24.64 24.48 24.30 24.25 24.07 23.91 23.82 23.65 23.62 23.56 23.29 23.15 23.03 22.71 22.38 22.08 21.78 21.48 21.24 21.00 20.76 20.52 20.29 20.08 19.91 19.73 19.59 19.44 19.33 19.21 19.15 19.26 19.11
28.30 28.30 28.23 28.19 28.13 28.09 27.94 27.85 27.85 27.75 27.67 27.59 27.52 27.47 27.44 27.30 27.12 27.14 26.89 26.88 26.71 26.60 26.45 26.36 26.27 26.12 26.02 25.95 25.84 25.72 25.57 25.45 25.35 25.34 25.14 25.08 24.91 24.76 24.49 24.25 24.13 24.02 23.91 23.89 23.81 23.55 23.54 23.43 23.31 23.12 23.03 22.67 22.39 22.14 21.80 21.52 21.28 20.99 20.75 20.44 20.17 20.00 19.81 19.53 19.55 19.39 19.25 19.13 19.20 18.98 18.94
28.28 28.24 28.17 28.10 28.13 28.08 28.02 27.94 27.85 27.79 27.69 27.55 27.46 27.37 27.26 27.26 27.08 26.88 27.00 26.78 26.70 26.54 26.45 26.41 26.26 26.13 25.99 25.90 25.87 25.63 25.52 25.45 25.31 25.17 25.21 24.93 24.82 24.61 24.46 24.36 24.07 23.80 23.83 23.69 23.61 23.58 23.43 23.30 23.20 23.07 22.89 22.66 22.52 22.21 21.76 21.63 21.32 21.00 20.65 20.29 20.03 19.86 19.69 19.53 19.55 19.26 19.14 19.13 18.98 18.84 18.81
28.29 28.27 28.21 28.14 28.07 28.00 27.91 27.80 27.73 27.71 27.67 27.52 27.42 27.32 27.15 27.11 27.04 26.86 26.74 26.70 26.64 26.60 26.43 26.30 26.21 26.12 26.01 25.95 25.80 25.60 25.48 25.43 25.19 25.07 24.99 25.06 24.70 24.56 24.37 24.18 24.07 23.68 23.61 23.55 23.49 23.45 23.28 23.31 23.13 22.96 22.77 22.67 22.39 22.13 21.88 21.61 21.37 21.00 20.61 20.27 19.94 19.73 19.58 19.41 19.26 19.16 19.06 18.98 18.77 18.62 18.56
28.26 28.21 28.15 28.10 28.05 27.93 27.88 27.88 27.79 27.65 27.47 27.43 27.32 27.25 27.19 27.02 26.98 26.95 26.73 26.60 26.59 26.47 26.41 26.27 26.21 26.09 25.94 25.81 25.69 25.55 25.38 25.26 25.23 25.05 25.01 24.81 24.60 24.46 24.46 24.19 23.75 23.66 23.49 23.39 23.32 23.21 23.16 23.17 22.96 22.84 22.61 22.63 22.32 22.16 21.88 21.60 21.31 20.94 20.55 20.22 19.96 19.69 19.45 19.31 19.14 19.04 18.91 18.81 18.60 18.43 18.35
28.27 28.20 28.13 28.12 28.05 27.95 27.85 27.81 27.72 27.65 27.49 27.36 27.26 27.17 27.07 27.02 26.89 26.76 26.70 26.55 26.46 26.41 26.27 26.19 26.06 26.04 25.88 25.67 25.59 25.43 25.29 25.15 25.01 24.97 24.85 24.78 24.58 24.37 24.19 24.25 23.60 23.59 23.43 23.25 23.14 23.06 23.06 22.94 22.79 22.64 22.53 22.36 22.24 22.10 21.83 21.58 21.24 20.89 20.53 20.21 19.96 19.62 19.40 19.17 18.95 18.82 18.74 18.60 18.41 18.30 18.22
28.22 28.17 28.15 28.05 28.02 27.95 27.93 27.87 27.77 27.69 27.47 27.38 27.21 27.15 27.01 26.97 26.89 26.74 26.53 26.49 26.37 26.43 26.16 26.04 25.99 25.90 25.73 25.53 25.47 25.38 25.32 25.07 24.92 24.88 24.80 24.70 24.52 24.38 24.06 23.79 23.73 23.45 23.35 23.17 23.00 22.93 22.88 22.72 22.57 22.44 22.37 22.26 22.13 21.92 21.79 21.52 21.25 20.90 20.53 20.20 19.88 19.54 19.30 19.02 18.88 18.78 18.63 18.49 18.28 18.19 18.04
28.24 28.16 28.09 28.05 28.00 27.91 27.88 27.83 27.79 27.59 27.45 27.27 27.19 27.07 26.91 26.87 26.77 26.67 26.55 26.37 26.29 26.18 26.13 26.16 25.87 25.78 25.67 25.62 25.39 25.27 25.11 25.10 24.85 24.84 24.74 24.54 24.40 24.22 23.98 23.82 23.56 23.60 23.17 22.93 22.83 22.78 22.65 22.50 22.40 22.28 22.16 22.03 21.97 21.78 21.63 21.43 21.16 20.88 20.54 20.18 19.82 19.45 19.14 18.84 18.79 18.59 18.44 18.38 18.21 18.00 18.02
28.21 28.16 28.09 28.02 27.96 27.82 27.79 27.77 27.65 27.54 27.52 27.22 27.11 27.00 26.89 26.76 26.68 26.59 26.54 26.41 26.31 26.19 26.03 25.97 25.84 25.72 25.58 25.48 25.40 25.15 25.05 24.92 24.81 24.68 24.61 24.50 24.31 24.04 23.87 23.69 23.43 23.28 23.49 22.90 22.74 22.66 22.51 22.33 22.22 22.06 22.14 21.86 21.72 21.56 21.45 21.31 21.04 20.81 20.44 20.09 19.74 19.38 19.00 18.77 18.70 18.50 18.33 18.18 18.04 17.92 17.96
28.20 28.14 28.11 28.06 27.94 27.78 27.70 27.66 27.51 27.48 27.35 27.30 27.10 26.95 26.81 26.68 26.61 26.56 26.46 26.29 26.14 26.06 26.02 25.86 25.78 25.66 25.61 25.51 25.37 25.12 24.99 24.91 24.75 24.65 24.52 24.36 24.21 24.02 23.87 23.63 23.40 23.12 22.96 22.89 22.74 22.51 22.38 22.24 22.11 21.93 21.81 21.70 21.54 21.47 21.31 21.13 20.89 20.66 20.29 19.92 19.56 19.11 18.87 18.71 18.55 18.39 18.17 18.05 17.90 17.84 17.80
28.08 28.10 28.00 27.95 27.90 27.82 27.61 27.55 27.49 27.38 27.30 27.16 27.14 26.93 26.80 26.75 26.57 26.51 26.38 26.22 26.03 25.93 25.87 25.84 25.73 25.60 25.54 25.50 25.26 25.15 24.99 24.81 24.70 24.59 24.49 24.35 24.18 24.02 23.82 23.69 23.44 23.15 22.85 22.73 22.63 22.40 22.32 22.12 21.89 21.76 21.60 21.59 21.34 21.24 21.11 20.93 20.74 20.39 20.10 19.73 19.42 19.07 18.62 18.63 18.37 18.20 18.08 17.95 17.87 17.74 17.75
28.14 28.02 27.94 27.90 27.77 27.75 27.70 27.56 27.47 27.33 27.26 27.15 27.06 26.97 26.87 26.69 26.60 26.50 26.34 26.26 26.13 25.98 25.82 25.72 25.60 25.54 25.46 25.37 25.35 25.24 24.93 24.81 24.75 24.51 24.38 24.23 24.09 23.93 23.69 23.50 23.33 23.07 22.91 22.51 22.44 22.32 22.00 21.99 21.85 21.55 21.40 21.33 21.15 20.95 20.83 20.69 20.44 20.20 19.83 19.53 19.27 18.99 18.68 18.48 18.30 18.14 18.01 17.84 17.67 17.65 17.63
28.06 28.01 27.94 27.86 27.76 27.66 27.59 27.50 27.43 27.29 27.22 27.13 27.03 26.94 26.81 26.80 26.60 26.43 26.34 26.22 26.05 25.92 25.77 25.65 25.60 25.47 25.37 25.27 25.13 24.99 25.01 24.67 24.55 24.46 24.27 24.06 23.92 23.81 23.60 23.39 23.22 23.00 22.59 22.54 22.24 22.11 21.99 21.87 21.64 21.43 21.27 21.19 21.01 20.74 20.55 20.40 20.16 19.94 19.62 19.32 19.06 18.82 18.58 18.43 18.21 18.00 18.00 17.75 17.52 17.55 17.48
28.06 27.98 27.93 27.85 27.73 27.66 27.58 27.48 27.39 27.25 27.16 27.02 26.97 26.90 26.74 26.72 26.53 26.44 26.29 26.16 26.07 25.83 25.80 25.67 25.52 25.42 25.32 25.23 25.11 24.95 24.78 24.71 24.50 24.30 24.14 23.96 23.85 23.62 23.53 23.33 23.11 22.85 22.45 22.21 22.17 22.01 21.79 21.64 21.54 21.34 21.16 21.02 20.84 20.67 20.36 20.23 20.02 19.73 19.48 19.17 18.86 18.66 18.45 18.23 18.06 17.90 17.77 17.58 17.49 17.40 17.53
28.07 28.00 27.91 27.82 27.75 27.67 27.57 27.44 27.37 27.23 27.04 27.01 26.97 26.73 26.66 26.54 26.42 26.36 26.23 26.06 25.93 25.84 25.68 25.63 25.57 25.42 25.29 25.14 25.00 24.80 24.71 24.59 24.42 24.31 24.08 23.87 23.65 23.50 23.37 23.17 23.02 22.76 22.47 22.28 22.07 21.93 21.68 21.53 21.34 21.21 21.12 20.91 20.73 20.53 20.32 20.07 19.88 19.64 19.35 19.02 18.71 18.43 18.24 18.08 17.90 17.79 17.60 17.45 17.38 17.30 17.41
28.10 28.01 27.93 27.82 27.74 27.66 27.61 27.54 27.37 27.15 27.05 26.96 26.88 26.76 26.61 26.49 26.43 26.36 26.18 26.03 25.91 25.82 25.72 25.58 25.51 25.37 25.28 25.12 24.94 24.78 24.62 24.50 24.37 24.17 24.00 23.88 23.62 23.38 23.24 23.16 22.98 22.74 22.44 22.20 21.94 21.69 21.55 21.39 21.23 21.06 20.91 20.79 20.63 20.38 20.14 19.93 19.74 19.49 19.17 18.83 18.50 18.23 18.04 17.88 17.73 17.62 17.43 17.31 17.28 17.27 17.35
28.04 28.00 27.93 27.84 27.72 27.67 27.58 27.43 27.38 27.22 27.13 26.98 26.82 26.72 26.63 26.52 26.40 26.35 26.26 26.01 25.89 25.79 25.65 25.56 25.49 25.37 25.27 25.10 24.95 24.80 24.58 24.44 24.29 24.08 23.86 23.72 23.56 23.30 23.15 22.98 22.92 22.73 22.57 22.21 21.90 21.74 21.63 21.32 21.15 20.93 20.76 20.56 20.43 20.23 20.06 19.78 19.58 19.30 18.97 18.63 18.26 18.00 17.87 17.69 17.56 17.54 17.21 17.23 17.22 17.16 17.19
27.94 27.90 27.88 27.77 27.67 27.57 27.49 27.35 27.23 27.16 27.09 27.01 26.91 26.86 26.63 26.53 26.44 26.34 26.25 26.09 25.94 25.85 25.72 25.49 25.40 25.36 25.27 25.05 24.88 24.70 24.54 24.41 24.26 23.98 23.83 23.63 23.38 23.18 23.05 22.95 22.79 22.59 22.34 22.15 21.91 21.66 21.48 21.24 21.03 20.85 20.67 20.46 20.24 20.09 19.94 19.67 19.41 19.12 18.78 18.44 18.07 17.78 17.63 17.52 17.41 17.38 17.07 17.01 17.13 17.09 17.21
27.90 27.84 27.80 27.77 27.66 27.56 27.46 27.38 27.28 27.18 27.08 27.00 26.89 26.77 26.71 26.56 26.40 26.32 26.21 26.06 25.94 25.85 25.73 25.59 25.36 25.17 25.13 25.08 24.89 24.65 24.44 24.27 24.10 23.93 23.75 23.54 23.33 23.15 22.95 22.82 22.71 22.44 22.17 22.13 21.79 21.68 21.38 21.11 20.94 20.75 20.50 20.28 20.08 19.85 19.67 19.51 19.26 18.96 18.55 18.25 17.91 17.56 17.37 17.29 17.21 17.35 16.96 16.94 16.95 17.05 17.08
27.92 27.85 27.78 27.74 27.67 27.55 27.44 27.36 27.24 27.15 27.09 27.00 26.86 26.73 26.61 26.49 26.42 26.26 26.10 26.02 25.89 25.73 25.58 25.48 25.33 25.13 25.00 25.03 24.86 24.57 24.38 24.19 23.98 23.78 23.58 23.37 23.22 23.02 22.88 22.63 22.51 22.36 22.11 21.85 21.71 21.46 21.38 21.09 20.83 20.58 20.34 20.14 19.89 19.66 19.41 19.26 19.06 18.87 18.40 18.08 17.70 17.40 17.16 17.06 17.05 17.09 16.71 16.73 16.88 16.92 16.92
27.89 27.82 27.77 27.71 27.65 27.54 27.45 27.38 27.26 27.13 27.04 26.98 26.89 26.73 26.58 26.44 26.40 26.25 26.06 25.93 25.83 25.72 25.56 25.44 25.30 25.17 24.97 24.83 24.71 24.55 24.33 24.14 23.95 23.71 23.52 23.29 23.07 22.95 22.74 22.50 22.35 22.23 21.99 21.75 21.53 21.32 21.17 20.97 20.73 20.49 20.28 20.02 19.78 19.56 19.20 19.04 18.82 18.61 18.38 17.86 17.51 17.18 16.95 16.92 17.00 16.94 16.69 16.71 16.70 16.79 16.72
27.88 27.82 27.74 27.67 27.60 27.51 27.42 27.34 27.20 27.10 27.04 26.95 26.84 26.70 26.51 26.39 26.29 26.25 26.13 25.95 25.71 25.60 25.59 25.40 25.18 25.13 25.04 24.85 24.68 24.49 24.24 24.12 23.92 23.69 23.44 23.26 23.08 22.90 22.65 22.37 22.21 22.07 21.86 21.64 21.38 21.17 21.04 20.85 20.60 20.37 20.13 19.94 19.73 19.44 19.13 18.84 18.67 18.43 18.23 17.72 17.32 16.98 16.87 16.94 16.81 16.71 16.62 16.59 16.57 16.61 16.70
27.87 27.79 27.71 27.63 27.54 27.44 27.33 27.21 27.08 27.04 26.96 26.85 26.75 26.65 26.49 26.36 26.25 26.11 26.01 25.88 25.75 25.58 25.45 25.32 25.18 25.08 24.93 24.86 24.63 24.48 24.19 24.01 23.82 23.60 23.40 23.20 23.16 22.81 22.56 22.34 22.06 21.93 21.73 21.52 21.24 21.01 20.88 20.66 20.48 20.21 20.00 19.74 19.55 19.29 18.99 18.69 18.43 18.21 17.92 17.65 17.11 16.74 16.74 16.77 16.68 16.62 16.47 16.46 16.42 16.48 16.53
