maui/input/air_temperature_monthly/tmaxmay_250m_maui.asc
ncols        356
nrows        236
xllcorner    -156.702000000000
yllcorner    20.529750000000
cellsize     0.002250000000
NODATA_value  -99.00
[rows 93 to 123 of 236, columns 142 to 212 of 356]
27.21 27.17 27.11 27.05 26.97 26.93 26.86 26.79 26.71 26.63 26.56 26.45 26.39 26.33 26.26 26.13 25.95 25.82 25.76 25.77 25.69 25.53 25.43 25.40 25.35 25.29 25.21 25.15 25.09 25.01 24.90 24.80 24.62 24.54 24.60 24.42 24.38 24.23 24.47 23.89 24.15 23.85 23.51 23.34 23.20 23.05 22.93 22.70 22.55 22.56 22.19 22.08 22.03 22.08 21.87 21.90 21.55 21.55 21.33 21.04 21.03 21.03 20.97 20.91 20.91 20.85 20.82 20.79 20.85 20.80 20.85
27.19 27.11 27.06 27.03 26.94 26.88 26.84 26.75 26.66 26.56 26.50 26.40 26.33 26.26 26.15 26.11 25.96 25.84 25.74 25.64 25.58 25.52 25.47 25.41 25.36 25.29 25.19 25.10 25.04 24.96 24.85 24.71 24.57 24.50 24.43 24.47 24.33 24.14 24.02 24.21 24.04 23.77 23.77 23.51 23.24 23.09 22.81 22.62 22.46 22.31 22.30 22.01 21.99 21.89 21.69 21.77 21.40 21.28 21.30 20.90 20.90 20.82 20.78 20.76 20.72 20.66 20.88 20.64 20.58 20.62 20.66
27.18 27.11 27.04 26.96 26.93 26.86 26.80 26.76 26.70 26.55 26.47 26.38 26.25 26.19 26.08 26.01 25.97 25.88 25.70 25.60 25.57 25.50 25.44 25.38 25.31 25.21 25.20 25.09 25.03 24.95 24.83 24.74 24.58 24.47 24.37 24.40 24.28 24.23 24.01 23.97 23.93 23.72 23.53 23.45 23.23 23.25 23.11 22.68 22.48 22.24 22.11 21.98 21.76 21.78 21.54 21.57 21.52 21.11 21.12 20.85 20.80 20.73 20.70 20.62 20.59 20.61 20.70 20.45 20.39 20.36 20.42
27.17 27.11 27.05 26.96 26.88 26.83 26.76 26.70 26.64 26.52 26.46 26.37 26.28 26.17 26.04 25.95 25.88 25.73 25.65 25.61 25.48 25.46 25.48 25.39 25.35 25.19 25.08 25.09 25.08 24.94 24.78 24.65 24.52 24.45 24.36 24.36 24.28 24.08 24.00 23.91 23.80 23.72 23.44 23.25 23.23 23.04 23.01 22.61 22.45 22.26 21.99 21.76 21.62 21.60 21.58 21.28 21.21 21.05 20.97 20.78 20.70 20.64 20.58 20.52 20.51 20.47 20.40 20.24 20.17 20.08 20.12
27.15 27.09 27.03 26.98 26.91 26.83 26.76 26.68 26.59 26.51 26.45 26.41 26.31 26.19 26.06 25.93 25.85 25.75 25.66 25.58 25.52 25.45 25.39 25.33 25.28 25.23 25.18 25.07 24.96 24.86 24.79 24.61 24.50 24.41 24.35 24.29 24.12 24.03 23.93 23.83 23.77 23.58 23.43 23.21 23.11 22.82 22.92 22.80 22.36 22.00 21.82 21.62 21.55 21.55 21.50 21.22 20.99 20.96 20.75 20.66 20.51 20.47 20.47 20.40 20.37 20.22 20.15 20.05 19.97 19.86 19.82
27.16 27.08 27.04 26.97 26.91 26.82 26.73 26.68 26.61 26.50 26.43 26.39 26.31 26.20 26.10 25.99 25.82 25.73 25.63 25.54 25.45 25.42 25.35 25.27 25.23 25.25 25.16 25.05 24.92 24.80 24.69 24.64 24.54 24.40 24.31 24.20 24.08 23.96 24.04 23.79 23.63 23.49 23.26 23.10 22.97 22.79 22.73 22.73 22.24 22.08 22.01 21.73 21.50 21.33 21.27 21.36 20.97 20.83 20.65 20.48 20.38 20.30 20.29 20.27 20.36 20.03 19.99 19.84 19.74 19.68 19.64
27.15 27.09 27.05 26.94 26.85 26.79 26.74 26.68 26.60 26.52 26.43 26.35 26.30 26.23 26.13 26.00 25.82 25.71 25.58 25.46 25.38 25.34 25.28 25.20 25.20 25.17 25.08 24.96 24.85 24.79 24.65 24.52 24.47 24.38 24.21 24.10 24.04 23.87 23.79 23.70 23.55 23.42 23.23 23.04 22.80 22.68 22.79 22.52 22.36 22.01 21.84 21.70 21.47 21.27 20.98 20.94 20.84 20.72 20.53 20.37 20.27 20.20 20.14 20.11 20.03 19.95 19.82 19.69 19.53 19.43 19.46
27.18 27.09 27.04 26.96 26.87 26.79 26.89 26.67 26.60 26.50 26.44 26.35 26.28 26.20 26.10 25.97 25.80 25.69 25.57 25.45 25.34 25.25 25.17 25.14 25.10 25.12 25.04 24.87 24.78 24.67 24.67 24.53 24.40 24.30 24.11 24.00 23.95 23.76 23.66 23.58 23.41 23.28 23.31 23.05 22.78 22.61 22.63 22.45 22.32 22.22 21.72 21.58 21.49 21.11 21.02 20.80 20.89 20.56 20.39 20.24 20.10 20.03 19.99 19.94 19.89 19.77 19.70 19.53 19.37 19.34 19.34
27.13 27.11 27.08 26.98 26.84 26.79 26.67 26.61 26.51 26.54 26.43 26.31 26.24 26.16 26.07 25.95 25.82 25.66 25.54 25.44 25.26 25.18 25.12 25.06 25.04 25.06 24.85 24.83 24.75 24.64 24.58 24.44 24.31 24.20 24.03 23.83 23.78 23.66 23.60 23.54 23.25 23.29 22.97 22.83 22.77 22.61 22.58 22.25 22.08 21.91 21.92 21.41 21.30 21.02 20.95 20.73 20.61 20.53 20.31 20.12 19.95 19.85 19.83 19.84 19.82 19.72 19.50 19.36 19.26 19.26 19.26
27.09 27.05 26.98 26.91 26.84 26.77 26.62 26.54 26.47 26.39 26.51 26.46 26.31 26.10 26.03 25.91 25.83 25.65 25.53 25.42 25.26 25.14 25.07 25.02 24.97 24.93 24.64 24.74 24.61 24.53 24.43 24.33 24.18 24.04 23.92 23.74 23.63 23.64 23.46 23.27 23.12 23.12 22.91 22.75 22.64 22.72 22.45 22.18 21.99 21.96 21.74 21.67 21.16 21.04 20.83 20.72 20.51 20.44 20.27 20.02 19.82 19.73 19.74 19.75 19.64 19.52 19.44 19.26 19.12 19.15 19.09
27.02 26.96 26.84 26.78 26.75 26.73 26.63 26.50 26.40 26.35 26.44 26.25 26.17 26.11 26.03 25.98 25.79 25.69 25.51 25.40 25.29 25.17 25.03 24.96 24.89 24.78 24.69 24.57 24.52 24.41 24.35 24.24 24.21 23.99 23.86 23.70 23.56 23.56 23.36 23.18 23.08 22.99 22.74 22.74 22.53 22.58 22.34 22.13 21.92 21.87 21.59 21.55 21.26 20.94 20.75 20.64 20.42 20.37 20.16 19.98 19.77 19.64 19.62 19.65 19.52 19.37 19.25 19.14 19.02 18.97 18.94
26.94 26.91 26.82 26.73 26.67 26.62 26.56 26.51 26.38 26.34 26.25 26.17 26.13 26.20 25.97 25.85 25.76 25.83 25.57 25.43 25.31 25.24 25.06 24.91 24.82 24.71 24.62 24.51 24.42 24.36 24.19 24.21 24.04 23.97 23.87 23.66 23.57 23.41 23.28 23.09 22.93 22.84 22.68 22.61 22.37 22.31 22.19 22.06 21.85 21.70 21.43 21.40 21.16 20.88 20.70 20.55 20.32 20.18 20.04 19.92 19.73 19.59 19.54 19.37 19.37 19.17 19.09 18.98 18.88 18.88 18.98
26.89 26.84 26.80 26.69 26.66 26.58 26.45 26.48 26.39 26.32 26.18 26.14 26.14 26.03 25.93 25.82 25.70 25.60 25.51 25.46 25.42 25.17 25.06 24.91 24.79 24.70 24.56 24.47 24.37 24.23 24.08 24.00 24.01 23.83 23.78 23.65 23.60 23.22 23.15 22.99 22.79 22.73 22.53 22.37 22.28 22.13 22.10 22.03 21.74 21.54 21.45 21.22 21.02 20.84 20.65 20.42 20.26 20.09 19.95 19.82 19.70 19.55 19.44 19.27 19.15 19.05 18.96 18.85 18.79 18.88 18.71
26.81 26.81 26.73 26.69 26.64 26.60 26.45 26.36 26.36 26.26 26.18 26.10 26.04 25.99 25.96 25.82 25.64 25.66 25.41 25.39 25.23 25.11 24.95 24.86 24.77 24.61 24.50 24.42 24.31 24.19 24.05 23.94 23.86 23.87 23.68 23.63 23.47 23.30 23.01 22.75 22.61 22.48 22.36 22.33 22.24 22.00 22.00 21.85 21.69 21.44 21.36 21.06 20.89 20.80 20.58 20.35 20.17 19.98 19.86 19.68 19.54 19.46 19.31 19.03 19.05 18.93 18.83 18.74 18.82 18.61 18.57
26.79 26.75 26.67 26.60 26.64 26.58 26.52 26.44 26.36 26.30 26.21 26.07 25.97 25.89 25.78 25.78 25.60 25.39 25.52 25.30 25.21 25.05 24.96 24.92 24.76 24.62 24.47 24.38 24.34 24.10 24.00 23.94 23.82 23.70 23.75 23.49 23.38 23.16 23.00 22.87 22.56 22.26 22.27 22.11 22.03 22.00 21.83 21.68 21.54 21.37 21.17 20.98 20.94 20.77 20.43 20.33 20.08 19.89 19.70 19.50 19.37 19.29 19.17 19.01 19.03 18.77 18.68 18.70 18.57 18.45 18.41
26.80 26.78 26.72 26.65 26.58 26.51 26.42 26.31 26.24 26.22 26.18 26.03 25.94 25.83 25.67 25.63 25.56 25.38 25.26 25.22 25.15 25.11 24.94 24.81 24.71 24.62 24.50 24.43 24.28 24.07 23.96 23.92 23.70 23.60 23.54 23.62 23.28 23.12 22.92 22.70 22.56 22.15 22.05 21.97 21.89 21.84 21.66 21.67 21.46 21.26 21.05 20.97 20.75 20.59 20.42 20.19 20.01 19.78 19.59 19.45 19.24 19.13 19.04 18.89 18.76 18.62 18.54 18.50 18.34 18.22 18.20
26.78 26.72 26.67 26.61 26.56 26.44 26.39 26.38 26.29 26.16 25.98 25.94 25.83 25.77 25.71 25.53 25.50 25.47 25.24 25.11 25.11 24.99 24.92 24.78 24.71 24.59 24.43 24.30 24.17 24.03 23.86 23.75 23.74 23.57 23.56 23.38 23.18 23.03 23.02 22.72 22.25 22.14 21.94 21.82 21.73 21.61 21.55 21.55 21.31 21.16 20.93 20.97 20.69 20.56 20.31 20.06 19.84 19.61 19.42 19.29 19.18 19.03 18.88 18.79 18.62 18.50 18.37 18.31 18.15 18.02 17.99
26.78 26.71 26.65 26.63 26.57 26.46 26.36 26.32 26.23 26.16 26.00 25.87 25.77 25.68 25.58 25.53 25.40 25.27 25.21 25.07 24.97 24.93 24.78 24.70 24.56 24.54 24.38 24.16 24.08 23.91 23.77 23.64 23.52 23.49 23.40 23.35 23.16 22.95 22.76 22.80 22.12 22.09 21.90 21.70 21.56 21.47 21.47 21.34 21.17 21.00 20.89 20.73 20.62 20.46 20.18 19.95 19.70 19.48 19.28 19.14 19.07 18.88 18.78 18.64 18.46 18.33 18.23 18.12 17.97 17.91 17.87
26.73 26.69 26.67 26.57 26.53 26.46 26.44 26.38 26.28 26.20 25.98 25.89 25.72 25.66 25.52 25.48 25.40 25.26 25.04 25.00 24.88 24.94 24.68 24.55 24.50 24.40 24.23 24.02 23.96 23.86 23.80 23.56 23.42 23.40 23.34 23.26 23.09 22.96 22.64 22.35 22.27 21.97 21.85 21.64 21.46 21.37 21.32 21.15 20.98 20.83 20.75 20.67 20.54 20.29 20.12 19.86 19.66 19.41 19.17 19.01 18.88 18.73 18.63 18.46 18.39 18.33 18.18 18.06 17.88 17.83 17.72
26.75 26.67 26.60 26.57 26.51 26.42 26.40 26.35 26.30 26.10 25.95 25.78 25.70 25.58 25.42 25.38 25.28 25.18 25.06 24.88 24.80 24.69 24.64 24.67 24.37 24.28 24.16 24.12 23.88 23.75 23.59 23.60 23.35 23.36 23.27 23.10 22.97 22.80 22.56 22.39 22.11 22.14 21.70 21.43 21.31 21.26 21.12 20.97 20.86 20.72 20.59 20.47 20.42 20.19 20.01 19.79 19.55 19.36 19.12 18.92 18.74 18.57 18.41 18.25 18.29 18.17 18.05 18.00 17.85 17.66 17.72
26.73 26.68 26.61 26.54 26.47 26.34 26.31 26.29 26.16 26.05 26.03 25.73 25.62 25.51 25.39 25.27 25.19 25.10 25.05 24.92 24.82 24.69 24.54 24.48 24.34 24.22 24.08 23.98 23.90 23.64 23.54 23.41 23.31 23.19 23.14 23.05 22.87 22.62 22.46 22.27 21.99 21.84 22.04 21.44 21.25 21.17 21.02 20.83 20.71 20.54 20.60 20.32 20.17 20.00 19.87 19.70 19.43 19.24 18.97 18.79 18.62 18.46 18.27 18.16 18.21 18.10 17.98 17.87 17.74 17.63 17.69
26.72 26.66 26.63 26.57 26.46 26.30 26.22 26.17 26.02 25.99 25.85 25.81 25.61 25.46 25.31 25.19 25.12 25.07 24.97 24.80 24.65 24.56 24.53 24.37 24.28 24.16 24.11 24.00 23.86 23.60 23.47 23.40 23.25 23.17 23.05 22.91 22.78 22.60 22.45 22.22 21.97 21.69 21.52 21.44 21.29 21.06 20.92 20.78 20.64 20.45 20.31 20.19 20.00 19.94 19.78 19.59 19.33 19.13 18.86 18.65 18.47 18.18 18.11 18.08 18.05 17.98 17.83 17.77 17.64 17.59 17.56
26.60 26.62 26.51 26.47 26.42 26.34 26.13 26.06 26.00 25.90 25.81 25.67 25.65 25.43 25.30 25.26 25.07 25.02 24.89 24.73 24.54 24.43 24.37 24.35 24.23 24.10 24.04 23.99 23.75 23.63 23.47 23.30 23.21 23.11 23.02 22.90 22.74 22.60 22.41 22.28 22.02 21.73 21.42 21.30 21.19 20.97 20.88 20.69 20.46 20.31 20.13 20.10 19.84 19.75 19.62 19.45 19.26 18.95 18.76 18.53 18.37 18.15 17.84 18.00 17.85 17.76 17.71 17.65 17.63 17.54 17.56
26.65 26.54 26.46 26.42 26.29 26.27 26.22 26.08 25.98 25.84 25.77 25.66 25.57 25.47 25.38 25.19 25.11 25.01 24.85 24.76 24.64 24.48 24.33 24.23 24.10 24.04 23.96 23.86 23.84 23.73 23.42 23.31 23.26 23.03 22.91 22.78 22.65 22.50 22.27 22.09 21.92 21.65 21.49 21.08 21.01 20.89 20.58 20.58 20.43 20.12 19.95 19.87 19.68 19.48 19.39 19.28 19.08 18.87 18.57 18.38 18.23 18.06 17.88 17.81 17.74 17.66 17.61 17.52 17.45 17.48 17.49
26.58 26.52 26.46 26.38 26.28 26.18 26.11 26.02 25.94 25.81 25.73 25.64 25.53 25.45 25.32 25.31 25.11 24.94 24.85 24.73 24.56 24.43 24.28 24.16 24.10 23.97 23.87 23.76 23.62 23.48 23.51 23.17 23.06 22.98 22.80 22.61 22.48 22.38 22.18 21.98 21.81 21.58 21.17 21.12 20.82 20.69 20.57 20.46 20.23 20.01 19.83 19.73 19.56 19.30 19.13 19.04 18.87 18.67 18.42 18.21 18.06 17.91 17.77 17.73 17.62 17.50 17.57 17.41 17.28 17.39 17.35
26.58 26.50 26.45 26.37 26.25 26.18 26.10 26.00 25.90 25.77 25.67 25.53 25.48 25.41 25.24 25.23 25.04 24.95 24.80 24.67 24.58 24.34 24.30 24.17 24.02 23.92 23.81 23.72 23.60 23.44 23.27 23.21 23.01 22.82 22.67 22.51 22.41 22.19 22.10 21.92 21.69 21.43 21.04 20.79 20.75 20.59 20.37 20.23 20.14 19.92 19.74 19.58 19.39 19.23 18.96 18.89 18.73 18.49 18.30 18.10 17.90 17.79 17.67 17.55 17.49 17.42 17.36 17.23 17.20 17.17 17.35
26.59 26.52 26.43 26.34 26.27 26.19 26.10 25.96 25.89 25.75 25.55 25.52 25.48 25.24 25.16 25.05 24.93 24.87 24.74 24.58 24.44 24.35 24.19 24.14 24.08 23.92 23.79 23.63 23.50 23.29 23.20 23.09 22.93 22.83 22.61 22.42 22.20 22.07 21.94 21.75 21.60 21.35 21.05 20.86 20.65 20.51 20.26 20.12 19.93 19.80 19.69 19.47 19.28 19.09 18.91 18.72 18.59 18.40 18.18 17.99 17.83 17.66 17.55 17.47 17.37 17.35 17.21 17.09 17.05 17.01 17.16
26.62 26.53 26.46 26.34 26.26 26.19 26.14 26.06 25.89 25.67 25.56 25.48 25.39 25.27 25.12 25.00 24.94 24.87 24.70 24.55 24.42 24.34 24.23 24.10 24.02 23.87 23.79 23.63 23.44 23.28 23.12 23.00 22.88 22.69 22.53 22.43 22.17 21.94 21.82 21.75 21.57 21.32 21.02 20.78 20.52 20.27 20.13 19.97 19.81 19.64 19.48 19.35 19.18 18.94 18.73 18.56 18.43 18.24 18.01 17.83 17.68 17.56 17.45 17.35 17.26 17.21 17.04 16.93 16.92 16.92 17.03
26.57 26.52 26.45 26.36 26.24 26.19 26.10 25.95 25.90 25.74 25.64 25.50 25.33 25.23 25.14 25.03 24.91 24.87 24.77 24.53 24.40 24.31 24.16 24.07 24.01 23.88 23.78 23.61 23.45 23.30 23.08 22.94 22.80 22.60 22.39 22.26 22.11 21.86 21.72 21.55 21.50 21.31 21.14 20.79 20.47 20.32 20.21 19.89 19.73 19.51 19.33 19.12 18.99 18.79 18.64 18.41 18.26 18.06 17.83 17.64 17.45 17.37 17.35 17.22 17.12 17.13 16.81 16.84 16.83 16.75 16.80
26.46 26.42 26.40 26.29 26.19 26.09 26.01 25.87 25.75 25.68 25.61 25.52 25.42 25.37 25.15 25.05 24.95 24.86 24.77 24.61 24.46 24.37 24.24 24.01 23.92 23.87 23.78 23.56 23.38 23.19 23.04 22.91 22.77 22.50 22.36 22.17 21.93 21.73 21.62 21.52 21.37 21.16 20.92 20.72 20.49 20.24 20.06 19.81 19.60 19.43 19.24 19.03 18.81 18.66 18.53 18.30 18.10 17.89 17.65 17.44 17.25 17.13 17.09 17.05 16.97 16.95 16.64 16.58 16.69 16.63 16.77
26.42 26.36 26.32 26.29 26.18 26.09 25.98 25.90 25.80 25.69 25.60 25.51 25.40 25.28 25.23 25.08 24.92 24.84 24.74 24.59 24.46 24.37 24.25 24.11 23.88 23.68 23.64 23.59 23.40 23.15 22.94 22.77 22.61 22.44 22.27 22.07 21.87 21.70 21.51 21.39 21.28 21.02 20.74 20.70 20.37 20.26 19.95 19.68 19.52 19.33 19.07 18.86 18.65 18.43 18.28 18.15 17.96 17.73 17.41 17.22 17.04 16.87 16.82 16.81 16.75 16.89 16.47 16.44 16.43 16.53 16.59
