maui/input/air_temperature_monthly/tminfeb_250m_maui.asc
ncols        356
nrows        236
xllcorner    -156.702000000000
yllcorner    20.529750000000
cellsize     0.002250000000
NODATA_value  -99.00
[rows 128 to 159 of 236, columns 144 to 215 of 356]
15.46 15.32 15.24 15.13 15.04 14.91 14.78 14.68 14.53 14.49 14.39 14.29 14.08 13.93 13.86 13.71 13.56 13.42 13.27 13.13 13.06 12.86 12.71 12.58 12.51 12.31 12.03 11.88 11.55 11.30 11.11 10.93 10.84 10.64 10.35 10.03 9.76 9.61 9.21 9.03 8.84 8.54 8.28 8.02 7.78 7.60 7.35 7.18 6.90 6.59 6.33 6.06 5.68 5.34 5.06 4.88 4.63 4.40 4.14 3.50 3.69 4.03 4.04 4.15 4.00 3.88 3.99 4.00 4.15 4.32 4.46 4.52
15.36 15.26 15.17 15.06 14.98 14.86 14.70 14.59 14.51 14.38 14.35 14.17 14.02 13.89 13.70 13.55 13.46 13.33 13.17 12.99 12.88 12.78 12.63 12.39 12.24 12.03 12.09 11.67 11.50 11.32 11.07 10.90 10.74 10.54 10.36 10.02 9.61 9.35 9.17 9.10 8.83 8.50 8.16 7.88 7.63 7.42 7.21 6.98 6.83 6.54 6.28 5.90 5.47 5.17 4.81 4.60 4.42 4.13 3.88 3.77 3.72 3.77 3.87 3.77 3.68 3.61 3.61 3.78 3.88 3.96 4.12 4.18
15.31 15.27 15.16 15.04 14.91 14.79 14.71 14.57 14.44 14.33 14.15 14.05 14.00 13.75 13.65 13.50 13.42 13.20 13.00 12.88 12.74 12.60 12.49 12.37 12.11 11.98 11.76 11.68 11.48 11.18 10.99 10.77 10.59 10.40 10.13 9.83 9.53 9.28 9.07 8.84 8.65 8.38 8.06 7.85 7.50 7.25 7.02 6.81 6.52 6.31 6.04 5.70 5.38 4.93 4.70 4.42 4.21 3.95 3.70 3.60 3.63 3.62 3.64 3.59 3.43 3.38 3.44 3.50 3.52 3.67 3.91 5.01
15.30 15.20 15.10 14.98 14.90 14.83 14.71 14.52 14.40 14.26 14.07 13.92 13.77 13.68 13.59 13.45 13.28 13.17 12.95 12.80 12.58 12.50 12.41 12.17 11.99 11.83 11.58 11.51 11.45 11.12 10.88 10.64 10.42 10.24 10.01 9.65 9.40 9.18 8.90 8.62 8.39 8.26 7.94 7.56 7.41 7.19 6.85 6.65 6.37 6.06 5.84 5.54 5.21 4.85 4.57 4.32 4.09 3.85 3.60 3.50 3.48 3.43 3.43 3.30 3.20 3.28 3.18 3.20 3.33 3.29 4.48 6.04
15.27 15.14 15.01 14.98 14.89 14.75 14.64 14.44 14.34 14.23 14.02 13.90 13.76 13.59 13.49 13.39 13.36 13.06 12.90 12.70 12.49 12.36 12.21 12.03 11.84 11.90 11.41 11.31 11.16 11.01 10.81 10.46 10.28 10.06 9.78 9.61 9.31 9.06 8.71 8.35 8.16 7.99 7.75 7.61 7.25 6.97 6.70 6.48 6.12 5.88 5.57 5.33 5.05 4.70 4.41 4.18 3.91 3.72 3.44 3.26 3.31 3.18 3.10 3.07 3.02 3.03 3.00 2.99 3.01 2.94 4.17 5.18
15.23 15.08 14.98 14.90 14.83 14.69 14.55 14.36 14.25 14.15 14.01 13.79 13.66 13.50 13.38 13.22 13.08 13.05 12.80 12.64 12.40 12.23 12.07 11.91 11.72 11.53 11.30 11.31 11.07 10.84 10.60 10.33 10.23 10.04 9.75 9.46 9.22 8.93 8.61 8.20 7.87 7.67 7.48 7.23 7.10 6.82 6.49 6.22 5.95 5.72 5.40 5.22 4.88 4.59 4.31 4.04 3.81 3.48 3.25 3.07 3.05 3.04 2.98 2.96 2.94 2.90 2.91 2.85 2.85 2.96 4.11 3.74
15.22 15.06 14.96 14.86 14.77 14.62 14.42 14.28 14.16 14.05 13.92 13.70 13.51 13.35 13.25 13.09 12.99 12.85 12.79 12.54 12.34 12.15 11.98 11.80 11.58 11.39 11.19 11.04 10.92 10.83 10.44 10.22 10.09 9.96 9.66 9.47 9.10 8.86 8.48 8.13 7.85 7.50 7.14 6.95 6.74 6.58 6.35 6.01 5.69 5.47 5.32 5.10 4.79 4.47 4.02 3.74 3.43 3.30 3.09 3.00 2.94 2.92 2.86 2.87 2.79 2.80 2.75 2.70 2.65 2.69 2.93 2.94
15.22 15.11 15.00 14.83 14.76 14.69 14.53 14.35 14.18 14.04 13.80 13.68 13.46 13.25 13.20 13.07 12.90 12.72 12.53 12.49 12.29 12.10 11.89 11.74 11.52 11.29 11.10 10.92 10.76 10.61 10.40 10.13 9.99 9.82 9.60 9.38 9.19 8.80 8.37 8.08 7.80 7.50 7.10 6.75 6.46 6.25 6.14 5.83 5.48 5.24 5.08 4.86 4.57 4.35 4.06 3.52 3.09 3.00 3.01 2.89 2.84 2.81 2.71 2.74 2.66 2.65 2.61 2.57 2.53 2.54 2.59 2.71
15.12 15.02 14.93 14.85 14.70 14.63 14.51 14.35 14.15 13.97 13.75 13.58 13.41 13.25 13.13 13.02 12.82 12.69 12.44 12.30 12.26 12.06 11.85 11.60 11.41 11.23 11.06 10.84 10.66 10.49 10.22 10.07 9.93 9.81 9.53 9.29 8.93 8.74 8.35 8.02 7.66 7.35 7.06 6.78 6.43 6.08 5.95 5.61 5.21 4.98 4.78 4.63 4.33 4.03 3.74 3.49 3.15 3.00 2.91 2.79 2.70 2.68 2.58 2.57 2.52 2.48 2.45 2.46 2.42 2.43 2.62 3.05
15.10 14.99 14.88 14.80 14.68 14.59 14.39 14.28 14.11 14.00 13.82 13.56 13.38 13.19 13.04 12.93 12.68 12.53 12.31 12.15 12.07 11.98 11.83 11.63 11.39 11.16 10.97 10.76 10.59 10.34 10.13 9.95 9.79 9.63 9.51 9.22 8.95 8.46 8.20 7.91 7.66 7.27 6.84 6.61 6.24 5.93 5.62 5.34 4.87 4.71 4.52 4.38 4.13 3.66 3.39 3.13 3.02 2.88 2.79 2.69 2.61 2.56 2.47 2.44 2.38 2.31 2.35 2.30 2.27 2.68 3.02 3.43
15.08 14.94 14.78 14.74 14.59 14.43 14.36 14.20 14.11 13.99 13.77 13.52 13.35 13.15 12.99 12.76 12.61 12.42 12.19 12.08 11.96 11.85 11.75 11.48 11.31 11.08 10.85 10.60 10.49 10.28 10.04 9.77 9.59 9.34 9.10 8.95 8.63 8.37 7.96 7.69 7.36 7.08 6.79 6.37 6.10 5.74 5.43 5.04 4.64 4.37 4.26 4.06 3.81 3.40 3.06 2.97 2.89 2.78 2.67 2.60 2.50 2.42 2.35 2.29 2.26 2.18 2.14 2.11 2.32 2.75 3.33 3.90
15.04 14.91 14.74 14.66 14.52 14.44 14.26 14.18 13.98 13.84 13.71 13.51 13.35 13.10 12.94 12.73 12.52 12.34 12.17 11.99 11.93 11.69 11.54 11.34 11.13 10.94 10.80 10.54 10.32 10.17 9.94 9.69 9.38 8.98 8.82 8.80 8.39 8.05 7.86 7.63 7.28 6.83 6.48 6.27 5.90 5.52 5.15 4.74 4.38 4.09 4.03 3.65 3.39 3.10 2.97 2.86 2.74 2.65 2.55 2.48 2.38 2.26 2.23 2.16 2.13 2.02 1.94 2.32 2.76 2.87 3.32 3.95
14.98 14.90 14.70 14.56 14.42 14.33 14.23 14.07 13.99 13.78 13.68 13.52 13.33 13.05 12.84 12.63 12.46 12.27 12.05 11.86 11.72 11.65 11.36 11.17 10.96 10.74 10.61 10.49 10.33 10.07 9.75 9.44 9.17 8.90 8.64 8.43 8.25 7.94 7.56 7.43 7.07 6.67 6.24 5.94 5.60 5.27 4.94 4.53 4.10 3.79 3.51 3.20 3.09 2.96 2.85 2.74 2.66 2.51 2.42 2.32 2.26 2.12 1.96 2.03 1.95 1.85 1.82 2.22 2.78 3.17 3.67 3.84
14.95 14.86 14.71 14.57 14.38 14.20 14.10 13.99 13.87 13.75 13.67 13.47 13.30 13.10 12.85 12.66 12.39 12.20 11.99 11.82 11.59 11.40 11.33 11.02 10.84 10.65 10.49 10.34 10.11 9.90 9.61 9.37 9.02 8.72 8.47 8.11 8.02 7.65 7.34 7.08 6.70 6.28 5.85 5.63 5.25 5.03 4.64 4.14 3.77 3.52 3.15 3.03 2.92 2.82 2.72 2.59 2.51 2.40 2.27 2.23 2.16 2.00 1.88 1.87 1.77 1.72 1.88 2.23 2.63 3.12 3.35 3.49
14.88 14.86 14.58 14.47 14.34 14.18 14.02 13.89 13.82 13.62 13.51 13.29 13.21 13.00 12.77 12.70 12.40 12.15 11.97 11.66 11.47 11.27 11.09 10.91 10.83 10.63 10.32 10.26 9.96 9.71 9.55 9.23 8.93 8.66 8.20 7.81 7.50 7.19 6.94 6.63 6.36 6.04 5.69 5.33 4.94 4.64 4.37 4.01 3.49 3.12 3.02 2.96 2.82 2.67 2.55 2.43 2.37 2.27 2.15 2.10 2.03 1.90 1.77 1.68 1.62 1.71 2.04 2.48 2.41 2.75 3.12 3.33
14.81 14.65 14.54 14.45 14.27 14.12 13.99 13.87 13.70 13.56 13.42 13.17 12.98 12.93 12.63 12.34 12.27 12.10 11.85 11.66 11.49 11.21 11.02 10.83 10.60 10.47 10.23 10.06 9.79 9.61 9.30 9.03 8.77 8.27 7.97 7.52 7.14 6.99 6.55 6.27 6.09 5.72 5.31 5.03 4.67 4.30 4.09 3.73 3.16 2.96 2.88 2.84 2.73 2.57 2.44 2.33 2.24 2.18 2.08 1.95 1.86 1.77 1.67 1.54 1.48 1.88 2.44 2.69 2.90 2.94 3.12 3.13
14.75 14.61 14.48 14.42 14.20 14.04 13.93 13.79 13.60 13.47 13.30 13.05 12.91 12.74 12.59 12.32 12.13 12.01 11.79 11.62 11.48 11.21 10.95 10.73 10.43 10.21 10.02 9.83 9.64 9.38 9.09 8.81 8.34 7.99 7.66 7.21 6.83 6.55 6.30 5.94 5.66 5.35 5.01 4.65 4.37 3.94 3.53 3.22 3.02 2.84 2.72 2.66 2.61 2.49 2.36 2.22 2.13 2.06 1.96 1.84 1.72 1.62 1.53 1.41 1.78 2.06 2.34 2.56 3.02 3.08 3.09 3.10
14.66 14.56 14.41 14.26 14.21 14.05 13.81 13.61 13.55 13.38 13.22 13.04 12.88 12.62 12.40 12.15 12.02 11.82 11.67 11.43 11.22 11.08 10.81 10.54 10.29 9.97 9.71 9.55 9.31 9.07 8.84 8.46 7.98 7.65 7.30 7.02 6.61 6.26 5.90 5.55 5.20 4.86 4.59 4.15 3.79 3.44 3.13 2.99 2.87 2.73 2.59 2.51 2.45 2.38 2.24 2.16 2.05 1.99 1.89 1.75 1.64 1.53 1.42 1.55 1.97 2.38 2.64 2.82 2.96 3.07 3.06 3.07
14.65 14.52 14.33 14.16 14.07 13.93 13.70 13.55 13.42 13.28 13.08 12.89 12.73 12.51 12.34 12.13 11.90 11.73 11.54 11.27 11.12 10.84 10.66 10.42 10.08 9.71 9.45 9.23 8.94 8.73 8.52 8.22 7.87 7.44 7.08 6.71 6.33 5.98 5.63 5.21 4.93 4.55 4.10 3.76 3.27 3.04 2.95 2.83 2.73 2.61 2.49 2.37 2.32 2.26 2.17 2.03 1.95 1.88 1.78 1.69 1.55 1.45 1.36 1.73 1.99 2.42 2.75 2.89 3.00 3.03 3.04 3.05
14.58 14.50 14.34 14.14 13.96 13.80 13.59 13.45 13.33 13.14 12.94 12.77 12.63 12.41 12.25 12.05 11.86 11.60 11.37 11.17 10.97 10.71 10.52 10.29 9.94 9.64 9.44 9.04 8.66 8.33 8.20 7.93 7.58 7.19 6.84 6.43 6.05 5.70 5.30 4.87 4.54 4.26 3.83 3.37 3.08 2.90 2.77 2.64 2.60 2.46 2.36 2.29 2.16 2.09 2.01 1.91 1.80 1.74 1.67 1.54 1.43 1.37 1.58 1.78 2.19 2.47 2.74 2.93 2.95 2.97 3.00 3.02
14.48 14.33 14.19 14.08 13.94 13.66 13.51 13.31 13.22 13.07 12.97 12.70 12.49 12.28 12.10 11.90 11.73 11.52 11.27 10.97 10.67 10.42 10.19 10.01 9.73 9.43 9.11 8.83 8.43 8.04 7.78 7.51 7.23 6.90 6.48 6.10 5.73 5.29 4.87 4.53 4.18 3.82 3.44 3.08 2.96 2.79 2.62 2.49 2.42 2.35 2.24 2.10 2.03 1.96 1.87 1.79 1.70 1.62 1.50 1.38 1.32 1.68 2.00 2.09 2.38 2.60 2.77 2.90 2.91 2.92 2.96 3.00
14.37 14.23 14.06 13.93 13.74 13.56 13.36 13.30 13.06 13.00 12.83 12.68 12.48 12.19 11.90 11.78 11.56 11.36 11.16 10.90 10.62 10.28 9.99 9.76 9.48 9.22 9.00 8.58 8.14 7.78 7.50 7.17 6.92 6.59 6.21 5.80 5.35 4.90 4.54 4.18 3.74 3.42 3.11 2.98 2.84 2.70 2.57 2.38 2.28 2.21 2.12 2.00 1.90 1.80 1.74 1.67 1.55 1.47 1.34 1.53 1.75 1.85 2.16 2.36 2.55 2.68 2.79 2.82 2.81 2.87 2.87 2.91
14.32 14.17 13.97 13.84 13.64 13.46 13.30 13.10 12.97 12.76 12.65 12.47 12.38 12.07 11.79 11.61 11.44 11.14 10.95 10.71 10.45 10.20 9.93 9.52 9.22 8.95 8.62 8.34 7.98 7.56 7.21 6.84 6.51 6.26 6.00 5.57 5.04 4.61 4.20 3.87 3.35 3.13 2.96 2.85 2.74 2.62 2.46 2.33 2.21 2.12 2.00 1.91 1.80 1.69 1.61 1.54 1.44 1.34 1.45 1.79 2.02 2.20 2.36 2.45 2.56 2.63 2.68 2.69 2.73 2.76 2.79 2.83
14.21 14.05 13.94 13.77 13.63 13.48 13.28 13.08 12.87 12.69 12.49 12.41 12.23 11.98 11.75 11.58 11.39 11.10 10.82 10.63 10.31 10.06 9.77 9.47 9.03 8.61 8.27 7.96 7.66 7.27 6.90 6.49 6.20 5.84 5.65 5.30 4.85 4.35 3.86 3.46 3.12 3.00 2.87 2.73 2.65 2.52 2.38 2.27 2.16 2.08 1.96 1.80 1.69 1.61 1.55 1.44 1.33 1.23 1.58 1.92 2.14 2.23 2.28 2.37 2.33 2.50 2.64 2.66 2.69 2.67 2.50 2.63
14.07 13.94 13.81 13.69 13.50 13.40 13.19 13.01 12.80 12.63 12.44 12.28 12.11 11.92 11.65 11.50 11.18 10.98 10.69 10.42 10.15 9.89 9.56 9.29 8.80 8.47 8.03 7.58 7.34 6.98 6.58 6.15 5.74 5.50 5.22 5.01 4.56 4.08 3.61 3.16 2.99 2.88 2.76 2.63 2.55 2.43 2.32 2.20 2.11 2.03 1.87 1.72 1.60 1.46 1.38 1.32 1.24 1.38 1.72 2.00 2.08 2.11 2.20 2.23 2.25 2.48 2.45 2.46 2.62 2.68 2.42 2.50
14.09 13.85 13.71 13.60 13.47 13.31 13.21 13.03 12.72 12.40 12.24 12.13 11.91 11.75 11.54 11.25 10.96 10.73 10.41 10.17 9.90 9.64 9.29 8.88 8.60 8.21 7.82 7.42 6.88 6.52 6.19 5.76 5.37 5.04 4.90 4.58 4.23 3.74 3.22 3.03 2.92 2.77 2.67 2.56 2.46 2.37 2.25 2.14 2.05 1.96 1.83 1.59 1.47 1.38 1.29 1.21 1.16 1.37 1.71 1.91 1.90 1.92 2.01 2.11 2.30 2.52 2.50 2.50 2.68 2.70 2.69 2.74
13.93 13.79 13.61 13.44 13.34 13.25 13.08 12.88 12.61 12.32 12.05 11.91 11.70 11.47 11.31 11.08 10.78 10.43 10.03 9.83 9.55 9.32 8.97 8.61 8.27 7.90 7.43 7.10 6.70 6.26 5.74 5.33 4.95 4.65 4.56 4.24 3.85 3.37 3.08 2.93 2.79 2.67 2.53 2.46 2.36 2.30 2.18 2.07 1.97 1.86 1.73 1.57 1.41 1.30 1.22 1.16 1.11 1.26 1.58 1.73 1.65 1.72 1.85 2.05 2.28 2.44 2.52 2.57 2.67 2.72 2.75 2.78
13.82 13.62 13.49 13.36 13.22 13.09 12.93 12.79 12.58 12.29 12.04 11.80 11.50 11.32 11.10 10.81 10.53 10.17 9.84 9.53 9.21 8.90 8.68 8.29 7.94 7.57 7.07 6.69 6.20 5.91 5.49 5.00 4.68 4.29 4.05 3.84 3.54 3.13 2.95 2.84 2.69 2.58 2.45 2.36 2.27 2.18 2.08 1.97 1.86 1.72 1.60 1.46 1.31 1.18 1.12 1.00 1.05 1.22 1.44 1.50 1.53 1.65 1.77 1.97 2.05 2.23 2.41 2.49 2.58 2.53 2.56 2.77
13.77 13.56 13.33 13.13 13.02 12.89 12.68 12.58 12.47 12.28 11.96 11.64 11.40 11.13 10.92 10.67 10.33 10.02 9.64 9.21 8.90 8.51 8.23 7.98 7.64 7.13 6.71 6.28 5.86 5.44 5.01 4.57 4.27 4.00 3.64 3.42 3.18 3.05 2.88 2.72 2.59 2.50 2.37 2.25 2.13 2.05 1.97 1.84 1.66 1.52 1.42 1.33 1.16 1.00 1.00 1.01 1.00 1.14 1.29 1.35 1.42 1.54 1.75 1.92 2.10 2.28 2.35 2.41 2.43 2.46 2.54 2.79
13.69 13.48 13.18 13.04 12.86 12.68 12.52 12.32 12.27 12.06 11.91 11.60 11.27 10.98 10.58 10.37 10.13 9.74 9.36 8.98 8.60 8.16 7.79 7.53 7.18 6.86 6.41 5.95 5.50 5.08 4.69 4.30 3.81 3.55 3.25 3.12 3.02 2.93 2.81 2.63 2.50 2.39 2.25 2.10 1.95 1.87 1.79 1.60 1.47 1.32 1.22 1.21 1.10 1.02 1.08 1.12 1.12 1.11 1.14 1.15 1.23 1.57 1.83 2.07 2.22 2.28 2.35 2.35 2.37 2.41 2.56 2.73
13.57 13.33 13.10 12.94 12.73 12.52 12.33 12.16 12.02 11.90 11.79 11.55 11.15 10.78 10.41 10.08 9.77 9.49 9.06 8.67 8.28 7.80 7.45 7.14 6.88 6.58 6.13 5.69 5.17 4.79 4.38 3.94 3.56 3.23 3.06 2.96 2.87 2.76 2.72 2.57 2.41 2.28 2.12 1.96 1.77 1.66 1.60 1.50 1.33 1.23 1.15 1.26 1.27 1.26 1.28 1.30 1.27 1.26 1.28 1.27 1.27 1.43 1.72 1.93 2.05 2.13 2.25 2.15 2.22 2.21 2.36 2.48
13.46 13.22 13.04 12.84 12.64 12.42 12.24 12.03 11.85 11.70 11.56 11.42 11.06 10.65 10.23 9.86 9.48 9.17 8.78 8.39 7.92 7.53 7.13 6.80 6.54 6.33 5.93 5.50 5.00 4.52 4.07 3.74 3.36 3.09 2.97 2.89 2.75 2.62 2.54 2.45 2.26 2.12 1.98 1.81 1.61 1.55 1.47 1.35 1.46 1.36 1.39 1.44 1.50 1.50 1.48 1.49 1.46 1.45 1.42 1.40 1.41 1.46 1.45 1.58 1.67 1.80 1.93 1.84 1.83 1.91 2.01 2.19
