maui/input/air_temperature_monthly/tminfeb_250m_maui.asc
ncols        356
nrows        236
xllcorner    -156.702000000000
yllcorner    20.529750000000
cellsize     0.002250000000
NODATA_value  -99.00
[rows 64 to 95 of 236, columns 144 to 215 of 356]
17.75 17.68 17.68 17.54 17.55 17.45 17.42 17.41 17.49 17.44 17.43 17.31 17.24 17.22 17.16 17.09 17.04 16.99 16.90 16.85 17.45 17.03 16.83 16.82 16.82 16.77 16.74 16.79 16.67 16.83 16.58 16.51 16.70 16.53 16.50 16.53 16.56 16.60 16.54 16.38 16.38 16.30 16.30 16.63 16.68 16.46 16.54 16.44 16.43 16.44 16.88 16.84 16.58 16.70 16.63 16.59 16.63 16.80 16.91 16.80 16.95 16.92 16.88 16.85 16.96 17.19 17.32 -9999.00 -9999.00 -9999.00 -9999.00 -9999.00
17.76 17.63 17.55 17.53 17.51 17.44 17.38 17.35 17.42 17.42 17.34 17.29 17.23 17.19 17.17 17.07 16.98 16.86 16.82 16.77 16.73 16.82 16.76 16.76 16.76 16.70 16.62 16.69 16.54 16.84 16.49 16.41 16.63 16.38 16.44 16.47 16.50 16.53 16.36 16.34 16.29 16.34 16.54 16.34 16.30 16.29 16.32 16.36 16.34 16.80 16.81 16.63 16.51 16.57 16.47 16.50 16.54 16.63 16.85 16.70 16.85 16.79 16.84 16.82 16.86 16.97 17.07 -9999.00 17.59 17.11 17.21 -9999.00
17.69 17.61 17.54 17.48 17.44 17.40 17.35 17.32 17.37 17.32 17.36 17.26 17.24 17.18 17.16 17.03 16.94 16.82 16.74 16.68 16.69 17.01 16.68 16.65 16.65 16.58 16.63 16.51 16.56 16.73 16.38 16.29 16.50 16.20 16.33 16.32 16.49 16.36 16.27 16.34 16.20 16.23 16.24 16.28 16.10 16.11 16.14 16.17 16.23 16.82 16.43 16.50 16.43 16.39 16.34 16.36 16.44 16.66 16.57 16.75 16.67 16.61 16.63 16.69 16.90 16.83 16.95 17.01 17.23 17.15 17.02 17.18
17.61 17.59 17.51 17.46 17.40 17.36 17.33 17.30 17.23 17.27 17.29 17.23 17.17 17.14 17.03 16.98 16.87 16.79 16.70 16.62 16.56 17.10 16.56 16.58 16.52 16.48 16.46 16.55 16.35 16.36 16.48 16.27 16.36 16.37 16.28 16.20 16.41 16.26 16.19 16.25 16.18 16.13 16.17 16.11 16.00 16.02 16.03 16.09 16.33 16.39 16.33 16.22 16.21 16.32 16.24 16.27 16.47 16.43 16.46 16.62 16.41 16.51 16.54 16.70 16.67 16.74 16.95 16.93 16.99 16.99 16.97 17.08
17.58 17.53 17.49 17.43 17.31 17.29 17.27 17.22 17.19 17.23 17.15 17.16 17.09 17.05 17.00 16.88 16.80 16.73 16.57 16.54 16.47 16.70 16.48 16.48 16.38 16.31 16.31 16.30 16.25 16.24 16.22 16.40 16.16 16.12 16.16 16.05 16.32 16.36 16.20 16.10 16.13 16.08 16.10 15.99 15.95 15.92 15.83 15.97 16.09 16.51 16.17 16.10 16.07 16.18 16.17 16.33 16.25 16.34 16.31 16.52 16.36 16.37 16.51 16.60 16.59 16.68 16.71 16.78 16.85 16.86 16.94 16.99
17.54 17.46 17.42 17.39 17.28 17.26 17.21 17.16 17.13 17.11 17.04 17.08 17.02 16.98 16.84 16.78 16.70 16.68 16.56 16.48 16.41 16.44 16.46 16.39 16.33 16.24 16.19 16.24 16.14 16.12 16.08 16.28 16.05 16.07 16.17 15.98 16.09 16.00 16.28 16.04 16.04 15.99 16.00 15.91 15.81 15.70 15.74 15.84 16.41 16.05 16.04 15.99 16.05 16.05 16.09 16.17 16.07 16.14 16.22 16.48 16.49 16.29 16.44 16.41 16.61 16.42 16.58 16.64 16.73 16.92 17.00 16.86
17.47 17.42 17.36 17.32 17.36 17.23 17.18 17.12 17.09 17.02 16.94 16.94 16.92 16.89 16.82 16.67 16.58 16.52 16.46 16.41 16.29 16.29 16.78 16.25 16.21 16.12 16.10 16.08 16.22 16.11 16.01 16.18 15.95 15.97 16.11 15.89 16.09 15.83 15.91 16.09 15.95 15.89 15.89 15.86 15.74 15.59 15.73 16.02 15.88 16.00 16.07 15.90 16.07 15.87 15.95 16.04 15.95 15.97 16.22 16.33 16.33 16.15 16.39 16.44 16.33 16.29 16.47 16.62 16.82 16.76 16.90 16.98
17.44 17.39 17.33 17.29 17.22 17.25 17.17 17.10 17.02 17.00 16.92 16.82 16.76 16.73 16.65 16.68 16.48 16.34 16.39 16.20 16.19 16.20 16.22 16.12 16.04 15.95 15.93 15.95 16.08 15.99 15.95 16.19 15.86 15.87 16.03 15.83 15.99 15.74 15.76 15.82 15.80 15.79 15.84 15.78 15.71 15.73 15.83 16.09 15.90 15.81 15.85 15.76 15.89 15.76 15.78 15.88 15.80 15.96 15.97 16.09 16.20 15.98 16.11 16.13 16.32 16.20 16.30 16.57 16.64 16.48 16.49 16.89
17.42 17.38 17.33 17.26 17.19 17.16 17.16 17.09 16.92 16.86 16.86 16.85 16.72 16.60 16.54 16.55 16.40 16.29 16.27 16.22 16.09 16.06 16.00 16.52 15.90 15.77 15.66 15.76 15.93 15.85 15.88 15.89 16.04 15.81 15.83 15.81 15.92 15.70 15.63 15.78 15.77 15.72 15.67 15.67 15.60 15.55 15.63 15.97 15.97 15.65 15.65 15.70 15.78 15.63 15.77 15.79 15.67 15.68 15.90 15.96 16.04 15.96 16.00 15.90 15.96 16.11 16.20 16.30 16.55 16.31 16.42 16.48
17.34 17.29 17.25 17.23 17.17 17.12 17.12 17.04 16.96 16.82 16.78 16.68 16.64 16.64 16.47 16.38 16.48 16.23 16.16 16.08 15.98 15.94 15.91 16.09 15.93 15.74 15.43 15.50 15.90 15.78 15.75 15.73 15.75 15.76 15.70 15.80 15.60 15.58 15.57 15.77 15.76 15.59 15.65 15.57 15.42 15.43 15.52 15.79 15.81 15.56 15.57 15.51 15.66 15.48 15.56 15.65 15.62 15.55 15.71 15.80 15.87 15.78 15.84 15.85 15.87 16.00 16.01 16.02 16.31 16.11 16.29 16.39
17.25 17.21 17.18 17.17 17.15 17.09 17.08 17.01 16.82 16.77 16.77 16.61 16.57 16.53 16.41 16.31 16.26 16.33 16.19 16.00 15.96 15.86 15.82 15.99 16.57 16.01 15.41 15.38 15.80 15.66 15.69 15.60 15.71 15.60 15.59 15.56 15.57 15.59 15.46 15.70 15.59 15.47 15.47 15.39 15.29 15.28 15.68 15.33 15.60 15.44 15.48 15.27 15.32 15.43 15.35 15.47 15.61 15.39 15.44 15.51 15.77 15.64 15.57 15.60 15.67 15.78 15.68 16.07 15.96 16.14 16.10 16.18
17.21 17.16 17.13 17.13 17.09 17.06 17.00 16.95 16.82 16.69 16.61 16.57 16.57 16.39 16.29 16.16 16.03 16.12 16.11 15.97 15.87 15.82 15.78 15.77 16.43 15.72 15.64 15.58 15.63 15.57 15.60 15.50 15.49 15.69 15.46 15.42 15.48 15.44 15.32 15.62 15.49 15.35 15.33 15.30 15.17 15.18 15.55 15.24 15.58 15.26 15.24 15.16 15.19 15.47 15.28 15.48 15.28 15.28 15.27 15.37 15.48 15.37 15.32 15.48 15.48 15.52 15.59 15.74 15.96 15.93 16.07 16.08
17.19 17.13 17.10 17.09 17.07 17.04 16.96 16.87 16.77 16.81 16.60 16.53 16.47 16.27 16.19 16.08 15.97 15.98 15.95 15.86 15.86 15.76 15.74 15.70 16.12 15.64 15.59 15.55 15.55 15.51 15.45 15.41 15.39 15.66 15.41 15.35 15.35 15.28 15.28 15.24 15.37 15.33 15.23 15.14 15.06 15.22 15.52 15.11 15.31 15.12 15.03 15.02 15.06 15.26 15.22 15.24 15.14 15.06 15.33 15.08 15.37 15.07 15.27 15.25 15.31 15.31 15.58 15.74 15.83 15.78 15.89 15.89
17.23 17.09 17.05 17.01 17.05 17.00 16.89 16.81 16.76 16.68 16.70 16.52 16.37 16.24 16.14 16.09 15.99 15.89 15.89 15.80 15.73 15.69 15.62 15.64 16.03 15.50 15.52 15.46 15.45 15.44 15.36 15.34 15.30 15.34 15.43 15.26 15.26 15.19 15.16 15.16 15.35 15.29 15.12 15.00 14.97 15.15 15.15 14.99 15.19 15.22 14.92 14.79 14.92 15.01 14.89 14.96 14.97 14.93 15.21 15.03 15.13 14.97 14.96 15.06 15.15 15.19 15.26 15.45 15.52 15.65 15.71 15.86
17.14 17.15 17.00 16.95 16.95 16.86 16.85 16.78 16.69 16.59 16.52 16.50 16.34 16.26 16.16 16.04 15.96 15.84 15.85 15.72 15.65 15.60 15.52 15.54 16.23 15.44 15.38 15.33 15.32 15.35 15.36 15.24 15.21 15.27 15.28 15.25 15.18 15.10 15.04 15.06 15.13 15.18 14.95 14.86 14.96 14.91 15.16 14.85 15.08 15.06 14.98 14.71 14.63 14.91 14.80 14.90 14.68 14.72 14.90 14.95 14.82 14.83 14.85 14.84 14.97 15.12 15.18 15.45 15.41 15.43 15.58 15.94
17.09 17.05 16.98 16.89 16.84 16.76 16.70 16.69 16.63 16.51 16.45 16.44 16.38 16.28 16.18 16.04 15.94 15.82 15.75 15.70 15.58 15.52 15.41 15.57 15.54 15.35 15.27 15.22 15.20 15.24 15.27 15.15 15.12 15.25 15.20 15.14 15.11 14.99 14.91 14.93 15.13 14.90 14.90 14.74 14.75 14.71 15.01 14.74 14.88 14.74 14.80 14.51 14.43 14.71 14.50 14.65 14.58 14.59 14.61 14.66 14.74 14.76 14.59 14.65 14.75 14.97 15.20 15.28 15.23 15.29 15.43 15.51
17.05 17.00 16.95 16.96 16.75 16.69 16.64 16.59 16.51 16.42 16.36 16.35 16.22 16.15 16.09 16.03 15.94 15.81 15.69 15.64 15.51 15.44 15.38 15.90 15.42 15.38 15.25 15.12 15.09 15.12 15.15 15.20 15.03 15.09 15.17 14.95 15.00 14.98 14.82 14.71 14.78 14.73 14.79 14.57 14.60 14.59 14.85 14.78 14.56 14.42 14.50 14.37 14.36 14.39 14.37 14.37 14.40 14.44 14.57 14.48 14.45 14.60 14.48 14.52 14.54 14.78 14.91 14.98 15.09 15.12 15.51 15.23
17.04 16.95 16.87 16.90 16.70 16.62 16.53 16.49 16.45 16.40 16.31 16.26 16.11 16.04 16.03 15.94 15.83 15.85 15.72 15.55 15.52 15.45 15.35 15.28 15.69 15.26 15.19 15.09 15.02 15.04 14.97 14.95 15.01 15.07 14.92 14.83 14.87 14.78 14.73 14.62 14.73 14.64 14.63 14.46 14.46 14.44 14.85 14.43 14.55 14.28 14.69 14.22 14.18 14.24 14.19 14.31 14.28 14.22 14.35 14.22 14.34 14.32 14.31 14.32 14.30 14.59 14.72 14.84 14.92 14.93 15.11 15.10
17.01 16.93 16.82 16.74 16.63 16.52 16.50 16.47 16.40 16.34 16.23 16.12 16.10 15.98 15.91 15.88 15.76 15.68 15.66 15.60 15.48 15.42 15.40 15.31 15.32 15.24 15.09 14.96 14.90 14.85 14.80 14.77 14.88 14.93 14.85 14.80 14.73 14.63 14.56 14.50 14.46 14.49 14.44 14.39 14.31 14.29 14.61 14.49 14.36 14.17 14.33 14.47 14.03 14.16 13.97 14.21 14.07 14.01 14.21 14.11 14.17 14.16 14.11 14.14 14.23 14.40 14.64 14.66 14.71 14.86 14.84 14.97
16.94 16.90 16.81 16.71 16.64 16.57 16.42 16.39 16.32 16.23 16.16 16.08 16.02 15.98 15.87 15.79 15.69 15.64 15.70 15.63 15.44 15.31 15.30 15.20 15.16 15.19 15.32 14.93 14.84 14.77 14.70 14.77 14.79 14.89 14.72 14.65 14.57 14.54 14.47 14.45 14.39 14.55 14.36 14.21 14.21 14.19 14.44 14.42 14.08 14.06 14.06 14.11 13.97 13.93 13.82 14.01 13.84 13.91 13.80 13.91 13.99 13.96 13.90 13.94 14.05 14.15 14.51 14.37 14.60 14.65 14.59 14.84
16.86 16.80 16.75 16.68 16.61 16.55 16.53 16.34 16.26 16.17 16.11 16.02 15.92 15.90 15.82 15.69 15.67 15.60 15.54 15.48 15.44 15.26 15.20 15.16 15.10 15.05 14.93 15.03 14.86 14.76 14.72 14.68 14.72 14.73 14.61 14.47 14.45 14.37 14.35 14.31 14.24 14.43 14.22 14.14 14.20 14.11 14.23 14.22 14.05 13.85 14.05 13.87 14.04 13.70 13.67 13.68 13.66 13.78 13.67 13.66 13.69 13.70 13.70 13.70 13.89 13.95 14.15 14.23 14.43 14.65 14.47 14.75
16.89 16.75 16.69 16.63 16.60 16.51 16.41 16.32 16.19 16.23 16.04 15.96 15.87 15.79 15.76 15.67 15.59 15.56 15.46 15.47 15.35 15.34 15.26 15.15 15.08 14.99 14.88 14.82 15.07 15.01 14.74 14.69 14.68 14.55 14.65 14.37 14.28 14.28 14.24 14.25 14.05 14.25 14.11 14.05 14.06 13.96 14.12 13.91 14.14 13.76 13.70 13.83 13.96 13.57 13.58 13.52 13.41 13.60 13.58 13.48 13.56 13.55 13.56 13.60 13.69 13.81 13.97 14.21 14.19 14.18 14.34 14.52
16.78 16.71 16.66 16.57 16.54 16.41 16.31 16.29 16.19 16.09 16.00 15.93 15.84 15.76 15.67 15.59 15.53 15.47 15.38 15.31 15.28 15.24 15.21 15.17 15.07 14.94 14.85 14.76 14.68 14.66 14.87 14.70 14.45 14.40 14.48 14.34 14.20 14.12 14.22 14.13 13.93 14.17 13.94 13.95 13.93 13.90 13.82 13.85 13.82 13.68 13.56 13.79 13.86 13.41 13.60 13.41 13.11 13.31 13.34 13.35 13.42 13.44 13.47 13.48 13.57 13.76 13.89 13.95 14.17 14.08 14.13 14.27
16.75 16.69 16.60 16.51 16.49 16.33 16.27 16.21 16.20 16.05 15.93 15.87 15.98 15.77 15.67 15.55 15.42 15.38 15.30 15.24 15.20 15.22 15.14 15.08 15.02 14.95 14.82 14.71 14.64 14.65 14.66 14.76 14.69 14.44 14.39 14.18 14.04 13.82 14.11 14.01 14.01 13.83 13.81 13.75 13.76 13.74 13.71 13.57 13.58 13.86 13.42 13.35 13.67 13.30 13.30 13.31 13.14 13.21 13.23 13.22 13.30 13.28 13.29 13.39 13.51 13.68 13.70 13.81 13.91 13.93 14.02 14.11
16.72 16.63 16.59 16.49 16.38 16.33 16.30 16.21 16.10 15.96 15.90 15.84 15.78 15.86 15.62 15.53 15.40 15.28 15.25 15.16 15.11 15.18 15.18 15.02 14.94 14.88 14.81 14.71 14.60 14.72 14.60 14.58 14.45 14.60 14.31 14.14 14.14 14.05 13.94 13.90 13.84 13.74 13.75 13.63 13.60 13.55 13.48 13.44 13.50 13.75 13.29 13.25 13.14 13.49 13.11 13.09 13.01 12.91 13.06 13.09 13.11 13.12 13.16 13.27 13.32 13.44 13.53 13.71 13.80 13.75 13.89 13.93
16.72 16.62 16.57 16.50 16.31 16.26 16.23 16.16 16.04 15.95 15.88 15.83 15.78 15.73 15.64 15.69 15.41 15.26 15.18 15.13 15.01 14.95 15.01 14.96 14.89 14.81 14.75 14.70 14.56 14.54 14.56 14.46 14.38 14.33 14.34 14.20 14.05 14.04 13.87 13.76 13.77 13.66 13.57 13.72 13.45 13.44 13.33 13.27 13.39 13.21 13.10 13.00 13.08 13.45 13.19 12.82 12.81 12.85 12.92 12.97 12.97 12.96 13.00 13.07 13.19 13.25 13.59 13.47 13.62 13.52 13.66 13.91
16.74 16.69 16.60 16.51 16.37 16.24 16.18 16.15 16.02 15.95 15.89 15.83 15.74 15.62 15.53 15.48 15.54 15.25 15.16 15.08 14.98 14.91 14.89 14.99 14.83 14.72 14.66 14.60 14.50 14.52 14.41 14.37 14.30 14.26 14.30 14.09 13.90 13.78 13.80 13.68 13.65 13.57 13.48 13.38 13.35 13.25 13.20 13.11 13.14 13.02 13.30 12.86 13.02 13.15 12.75 12.74 12.64 12.64 12.71 12.79 12.75 12.74 12.83 12.92 13.00 13.21 13.25 13.34 13.45 13.41 13.68 13.59
16.69 16.62 16.56 16.47 16.36 16.25 16.18 16.11 16.04 15.96 15.90 15.79 15.70 15.55 15.42 15.38 15.30 15.27 15.15 14.96 14.90 14.90 14.81 14.79 14.80 14.73 14.63 14.57 14.51 14.42 14.37 14.21 14.12 14.18 14.06 14.33 13.90 13.58 13.65 13.58 13.51 13.46 13.29 13.20 13.23 13.31 13.00 12.91 12.85 12.80 12.79 12.90 12.81 12.80 12.57 12.63 12.52 12.45 12.54 12.60 12.56 12.61 12.67 12.70 12.90 13.21 13.07 13.14 13.13 13.43 13.35 13.36
16.62 16.59 16.52 16.47 16.37 16.28 16.19 16.11 16.00 15.93 15.81 15.77 15.68 15.53 15.37 15.29 15.24 15.36 15.09 14.95 14.85 14.81 14.80 14.70 14.72 14.65 14.60 14.56 14.46 14.36 14.30 14.32 14.07 14.06 14.01 14.07 13.95 13.07 13.20 13.52 13.43 13.34 13.24 13.16 13.11 13.08 13.10 12.77 12.64 12.67 12.76 12.89 12.70 12.81 12.79 12.45 12.34 12.28 12.35 12.43 12.42 12.46 12.55 12.59 12.81 12.83 12.92 12.91 12.98 13.21 13.14 13.27
16.58 16.51 16.42 16.38 16.30 16.22 16.14 16.05 15.98 15.87 15.80 15.74 15.67 15.54 15.35 15.21 15.15 15.16 15.08 14.90 14.79 14.78 14.73 14.68 14.61 14.57 14.53 14.46 14.37 14.29 14.11 14.06 14.15 13.98 13.96 13.83 14.17 13.58 13.95 13.71 13.42 13.32 13.25 13.12 13.05 12.87 12.80 12.91 12.58 12.55 12.58 12.70 12.54 12.67 12.37 12.48 12.33 12.09 12.16 12.21 12.22 12.25 12.37 12.43 12.53 12.60 12.74 12.73 12.82 12.97 12.98 13.17
16.53 16.48 16.39 16.32 16.28 16.18 16.08 15.97 15.91 15.80 15.73 15.66 15.55 15.51 15.34 15.22 15.12 15.01 14.94 14.88 14.83 14.77 14.72 14.66 14.57 14.49 14.44 14.38 14.28 14.15 14.04 13.98 13.94 14.02 13.88 13.70 13.63 13.90 13.79 13.57 13.67 13.47 13.25 13.14 12.88 12.76 12.66 12.60 12.68 12.45 12.50 12.44 12.30 12.48 12.17 12.14 12.27 11.91 11.99 11.95 11.99 12.06 12.14 12.22 12.60 12.45 12.46 12.57 12.65 12.92 12.81 12.84
16.49 16.40 16.37 16.30 16.23 16.19 16.12 15.96 15.87 15.77 15.63 15.57 15.45 15.38 15.35 15.26 15.06 14.95 14.93 14.85 14.79 14.73 14.66 14.56 14.56 14.46 14.42 14.35 14.23 14.16 14.01 13.92 13.84 13.92 13.81 13.79 13.58 13.59 13.62 13.46 13.35 13.35 13.19 13.30 13.19 12.78 12.65 12.47 12.43 12.38 12.22 12.32 12.10 12.23 12.27 11.91 12.03 11.82 11.84 11.81 11.86 11.88 11.98 12.14 12.39 12.22 12.26 12.30 12.42 12.72 12.54 12.64
