maui/input/air_temperature_monthly/tminapr_250m_maui.asc
ncols        356
nrows        236
xllcorner    -156.702000000000
yllcorner    20.529750000000
cellsize     0.002250000000
NODATA_value  -99.00
[rows 64 to 95 of 236, columns 144 to 215 of 356]
18.95 18.88 18.87 18.73 18.73 18.63 18.59 18.58 18.66 18.61 18.60 18.47 18.40 18.37 18.31 18.24 18.18 18.12 18.03 17.97 18.57 18.14 17.93 17.90 17.90 17.84 17.81 17.85 17.73 17.88 17.63 17.55 17.75 17.57 17.54 17.57 17.59 17.62 17.56 17.39 17.37 17.29 17.28 17.59 17.63 17.40 17.46 17.34 17.32 17.33 17.76 17.72 17.44 17.55 17.48 17.44 17.47 17.65 17.76 17.65 17.80 17.78 17.73 17.71 17.82 18.06 18.19 -9999.00 -9999.00 -9999.00 -9999.00 -9999.00
18.96 18.83 18.74 18.72 18.69 18.61 18.56 18.53 18.59 18.59 18.50 18.46 18.39 18.35 18.32 18.22 18.12 18.00 17.94 17.89 17.84 17.93 17.85 17.85 17.84 17.77 17.69 17.75 17.60 17.89 17.54 17.46 17.68 17.42 17.48 17.50 17.53 17.55 17.37 17.34 17.27 17.32 17.51 17.29 17.24 17.22 17.23 17.26 17.23 17.69 17.69 17.50 17.37 17.42 17.31 17.34 17.38 17.47 17.69 17.55 17.69 17.64 17.69 17.67 17.72 17.83 17.93 -9999.00 18.47 17.99 18.09 -9999.00
18.89 18.81 18.73 18.67 18.62 18.58 18.53 18.49 18.54 18.50 18.53 18.42 18.41 18.34 18.32 18.18 18.08 17.95 17.87 17.80 17.80 18.12 17.77 17.74 17.73 17.65 17.70 17.57 17.61 17.78 17.43 17.33 17.55 17.24 17.37 17.36 17.51 17.38 17.28 17.34 17.19 17.20 17.20 17.23 17.03 17.03 17.05 17.07 17.11 17.70 17.30 17.37 17.29 17.24 17.19 17.20 17.28 17.50 17.41 17.59 17.52 17.45 17.48 17.53 17.75 17.69 17.81 17.88 18.10 18.02 17.89 18.06
18.81 18.79 18.70 18.65 18.58 18.54 18.51 18.47 18.41 18.45 18.47 18.40 18.34 18.31 18.18 18.13 18.01 17.92 17.83 17.74 17.68 18.21 17.66 17.67 17.60 17.56 17.53 17.62 17.40 17.42 17.54 17.32 17.41 17.41 17.31 17.23 17.43 17.28 17.19 17.25 17.16 17.10 17.13 17.05 16.93 16.94 16.94 16.98 17.22 17.27 17.20 17.09 17.06 17.17 17.08 17.11 17.30 17.27 17.29 17.46 17.24 17.35 17.38 17.54 17.51 17.59 17.81 17.79 17.86 17.86 17.85 17.97
18.78 18.73 18.68 18.62 18.49 18.47 18.45 18.40 18.37 18.41 18.32 18.33 18.26 18.22 18.16 18.03 17.94 17.87 17.70 17.66 17.58 17.81 17.58 17.57 17.46 17.38 17.38 17.36 17.31 17.30 17.27 17.45 17.20 17.16 17.19 17.07 17.34 17.37 17.20 17.09 17.10 17.04 17.06 16.92 16.87 16.83 16.73 16.86 16.98 17.39 17.03 16.96 16.93 17.03 17.02 17.17 17.08 17.17 17.14 17.35 17.19 17.20 17.34 17.43 17.43 17.52 17.56 17.63 17.70 17.72 17.81 17.87
18.74 18.66 18.61 18.58 18.47 18.44 18.39 18.34 18.31 18.29 18.22 18.25 18.18 18.15 18.00 17.94 17.85 17.82 17.69 17.60 17.53 17.55 17.56 17.47 17.41 17.31 17.25 17.30 17.19 17.17 17.13 17.33 17.10 17.11 17.20 17.00 17.11 17.00 17.27 17.02 17.01 16.95 16.95 16.85 16.73 16.60 16.64 16.74 17.30 16.93 16.91 16.85 16.91 16.90 16.94 17.01 16.90 16.97 17.05 17.30 17.31 17.11 17.26 17.24 17.44 17.26 17.42 17.48 17.58 17.78 17.87 17.73
18.67 18.62 18.55 18.51 18.54 18.41 18.36 18.30 18.26 18.20 18.11 18.12 18.09 18.05 17.98 17.83 17.73 17.66 17.59 17.54 17.40 17.40 17.88 17.34 17.29 17.19 17.16 17.14 17.28 17.16 17.06 17.23 16.99 17.00 17.14 16.91 17.11 16.83 16.90 17.07 16.92 16.84 16.84 16.79 16.66 16.49 16.63 16.92 16.77 16.88 16.95 16.77 16.93 16.72 16.80 16.88 16.78 16.80 17.04 17.15 17.15 16.97 17.21 17.26 17.16 17.12 17.31 17.46 17.67 17.62 17.76 17.84
18.65 18.58 18.53 18.48 18.41 18.43 18.35 18.28 18.20 18.18 18.10 18.00 17.94 17.90 17.81 17.83 17.63 17.48 17.52 17.32 17.30 17.31 17.31 17.21 17.12 17.02 16.99 17.01 17.13 17.04 17.00 17.24 16.90 16.90 17.06 16.85 17.00 16.73 16.75 16.80 16.76 16.74 16.78 16.71 16.63 16.64 16.73 17.00 16.80 16.70 16.73 16.64 16.75 16.62 16.63 16.72 16.64 16.78 16.79 16.91 17.02 16.80 16.93 16.95 17.14 17.02 17.13 17.40 17.48 17.32 17.34 17.75
18.62 18.58 18.52 18.45 18.38 18.35 18.34 18.27 18.10 18.04 18.04 18.03 17.89 17.77 17.70 17.71 17.55 17.43 17.41 17.34 17.20 17.16 17.09 17.61 16.98 16.83 16.71 16.81 16.98 16.90 16.93 16.93 17.08 16.84 16.85 16.82 16.93 16.69 16.61 16.75 16.73 16.67 16.61 16.59 16.52 16.47 16.54 16.88 16.88 16.55 16.53 16.58 16.65 16.49 16.62 16.64 16.50 16.50 16.72 16.78 16.86 16.77 16.81 16.71 16.78 16.92 17.02 17.12 17.38 17.14 17.26 17.33
18.55 18.49 18.45 18.43 18.36 18.31 18.30 18.23 18.14 18.00 17.96 17.86 17.81 17.81 17.63 17.54 17.64 17.38 17.30 17.20 17.09 17.04 17.01 17.18 17.01 16.81 16.48 16.55 16.94 16.83 16.79 16.77 16.79 16.79 16.72 16.81 16.60 16.57 16.54 16.74 16.71 16.54 16.59 16.50 16.34 16.35 16.44 16.71 16.72 16.46 16.46 16.40 16.53 16.34 16.41 16.49 16.45 16.37 16.53 16.62 16.68 16.59 16.65 16.65 16.67 16.81 16.82 16.83 17.13 16.93 17.12 17.22
18.46 18.41 18.38 18.37 18.34 18.27 18.27 18.20 18.00 17.95 17.95 17.79 17.75 17.70 17.57 17.47 17.41 17.48 17.32 17.12 17.07 16.97 16.91 17.07 17.65 17.07 16.46 16.43 16.85 16.71 16.73 16.64 16.74 16.63 16.61 16.57 16.57 16.58 16.44 16.67 16.54 16.42 16.41 16.32 16.22 16.21 16.61 16.25 16.52 16.35 16.38 16.16 16.20 16.30 16.21 16.31 16.45 16.20 16.25 16.31 16.58 16.44 16.37 16.40 16.47 16.58 16.49 16.88 16.77 16.95 16.92 17.01
18.42 18.36 18.33 18.32 18.28 18.25 18.19 18.13 18.00 17.87 17.80 17.75 17.75 17.57 17.46 17.32 17.18 17.27 17.25 17.10 16.99 16.93 16.88 16.85 17.51 16.79 16.70 16.63 16.67 16.61 16.64 16.53 16.53 16.72 16.47 16.43 16.47 16.43 16.30 16.59 16.45 16.29 16.28 16.24 16.11 16.11 16.49 16.16 16.50 16.17 16.14 16.05 16.06 16.34 16.13 16.32 16.11 16.10 16.08 16.17 16.28 16.16 16.11 16.28 16.28 16.32 16.39 16.53 16.76 16.73 16.88 16.90
18.39 18.34 18.30 18.28 18.27 18.23 18.15 18.06 17.95 18.00 17.79 17.71 17.65 17.45 17.36 17.25 17.13 17.13 17.09 16.98 16.98 16.86 16.83 16.78 17.20 16.70 16.65 16.60 16.60 16.56 16.49 16.45 16.42 16.69 16.42 16.35 16.34 16.27 16.25 16.20 16.33 16.29 16.18 16.08 16.00 16.16 16.46 16.03 16.23 16.02 15.92 15.90 15.93 16.12 16.06 16.08 15.97 15.88 16.14 15.88 16.17 15.86 16.05 16.03 16.10 16.10 16.37 16.53 16.63 16.58 16.70 16.69
18.44 18.30 18.25 18.20 18.24 18.19 18.08 18.00 17.95 17.87 17.89 17.70 17.55 17.41 17.31 17.25 17.15 17.04 17.03 16.93 16.85 16.79 16.71 16.72 17.11 16.56 16.58 16.52 16.50 16.48 16.40 16.37 16.33 16.36 16.44 16.26 16.26 16.17 16.13 16.12 16.31 16.24 16.07 15.95 15.91 16.09 16.08 15.92 16.10 16.12 15.81 15.67 15.79 15.86 15.74 15.79 15.80 15.74 16.02 15.83 15.91 15.75 15.72 15.82 15.92 15.97 16.03 16.23 16.31 16.44 16.50 16.67
18.35 18.36 18.21 18.15 18.15 18.05 18.04 17.97 17.87 17.78 17.71 17.69 17.53 17.44 17.33 17.21 17.12 16.99 16.99 16.86 16.76 16.70 16.61 16.62 17.31 16.50 16.44 16.39 16.37 16.40 16.41 16.28 16.24 16.30 16.30 16.25 16.18 16.08 16.01 16.03 16.09 16.14 15.91 15.82 15.91 15.85 16.09 15.76 15.99 15.96 15.86 15.58 15.49 15.76 15.65 15.74 15.51 15.53 15.70 15.74 15.60 15.60 15.61 15.59 15.72 15.87 15.93 16.22 16.17 16.20 16.36 16.73
18.31 18.26 18.19 18.09 18.04 17.95 17.89 17.87 17.81 17.70 17.64 17.63 17.56 17.46 17.36 17.21 17.10 16.97 16.89 16.83 16.70 16.62 16.51 16.66 16.61 16.42 16.33 16.27 16.25 16.29 16.31 16.19 16.15 16.28 16.22 16.14 16.11 15.97 15.88 15.90 16.10 15.86 15.86 15.70 15.70 15.65 15.94 15.65 15.78 15.63 15.68 15.38 15.28 15.56 15.34 15.49 15.40 15.39 15.41 15.44 15.51 15.52 15.34 15.38 15.48 15.71 15.94 16.02 15.97 16.03 16.18 16.27
18.27 18.21 18.16 18.17 17.94 17.89 17.83 17.78 17.70 17.60 17.55 17.54 17.40 17.33 17.27 17.20 17.11 16.97 16.84 16.78 16.64 16.55 16.47 16.99 16.50 16.44 16.30 16.16 16.14 16.17 16.19 16.24 16.06 16.11 16.18 15.95 16.00 15.97 15.80 15.68 15.75 15.69 15.76 15.54 15.56 15.53 15.78 15.69 15.46 15.30 15.37 15.24 15.22 15.25 15.21 15.20 15.21 15.25 15.36 15.26 15.21 15.35 15.22 15.25 15.26 15.49 15.63 15.70 15.81 15.83 16.23 15.95
18.26 18.17 18.08 18.11 17.90 17.82 17.73 17.68 17.64 17.59 17.50 17.44 17.30 17.23 17.21 17.12 17.00 17.01 16.87 16.69 16.64 16.57 16.45 16.36 16.76 16.33 16.25 16.15 16.08 16.09 16.01 15.99 16.04 16.10 15.94 15.83 15.87 15.77 15.71 15.59 15.71 15.61 15.59 15.42 15.41 15.38 15.78 15.33 15.44 15.16 15.56 15.08 15.04 15.09 15.03 15.14 15.09 15.01 15.13 14.99 15.10 15.06 15.04 15.03 15.01 15.29 15.43 15.54 15.62 15.62 15.80 15.79
18.23 18.15 18.03 17.95 17.83 17.71 17.70 17.67 17.59 17.53 17.42 17.31 17.28 17.16 17.10 17.06 16.93 16.84 16.81 16.74 16.61 16.54 16.50 16.40 16.40 16.31 16.15 16.02 15.95 15.90 15.84 15.81 15.92 15.96 15.86 15.81 15.73 15.62 15.54 15.48 15.43 15.46 15.41 15.35 15.26 15.22 15.53 15.39 15.24 15.04 15.19 15.34 14.88 15.01 14.81 15.03 14.88 14.80 14.99 14.87 14.92 14.91 14.84 14.86 14.93 15.09 15.33 15.34 15.39 15.53 15.51 15.64
18.16 18.12 18.03 17.92 17.85 17.77 17.62 17.58 17.51 17.42 17.35 17.27 17.20 17.17 17.05 16.98 16.87 16.80 16.86 16.78 16.57 16.43 16.41 16.30 16.25 16.26 16.38 15.99 15.89 15.82 15.75 15.81 15.83 15.92 15.74 15.67 15.57 15.53 15.46 15.43 15.37 15.53 15.33 15.17 15.15 15.11 15.35 15.32 14.96 14.93 14.92 14.97 14.82 14.77 14.65 14.83 14.64 14.70 14.57 14.66 14.73 14.69 14.63 14.65 14.74 14.83 15.19 15.03 15.26 15.30 15.24 15.50
18.08 18.02 17.97 17.89 17.82 17.75 17.73 17.54 17.45 17.37 17.30 17.21 17.11 17.09 17.01 16.87 16.84 16.77 16.70 16.63 16.58 16.38 16.31 16.26 16.19 16.13 16.00 16.10 15.92 15.82 15.77 15.73 15.76 15.76 15.63 15.48 15.46 15.37 15.35 15.30 15.22 15.42 15.20 15.10 15.14 15.04 15.14 15.11 14.93 14.72 14.91 14.73 14.89 14.54 14.50 14.49 14.46 14.56 14.43 14.40 14.43 14.43 14.42 14.40 14.58 14.61 14.80 14.88 15.07 15.28 15.10 15.38
18.12 17.98 17.91 17.84 17.81 17.71 17.61 17.52 17.39 17.42 17.23 17.15 17.06 16.97 16.94 16.85 16.77 16.73 16.62 16.62 16.50 16.48 16.38 16.26 16.17 16.08 15.95 15.89 16.14 16.08 15.80 15.74 15.72 15.58 15.68 15.39 15.29 15.28 15.23 15.24 15.04 15.23 15.08 15.01 15.01 14.89 15.02 14.80 15.02 14.63 14.56 14.69 14.81 14.40 14.40 14.32 14.20 14.38 14.34 14.22 14.29 14.27 14.26 14.28 14.35 14.46 14.60 14.83 14.81 14.79 14.95 15.13
18.00 17.94 17.88 17.79 17.76 17.62 17.51 17.49 17.39 17.29 17.19 17.12 17.03 16.95 16.86 16.77 16.71 16.64 16.55 16.47 16.43 16.38 16.34 16.28 16.17 16.03 15.93 15.83 15.74 15.72 15.93 15.76 15.50 15.44 15.51 15.37 15.21 15.13 15.22 15.13 14.92 15.16 14.92 14.91 14.87 14.82 14.73 14.74 14.70 14.55 14.42 14.64 14.71 14.23 14.41 14.20 13.88 14.08 14.09 14.09 14.14 14.14 14.15 14.15 14.22 14.39 14.51 14.55 14.76 14.67 14.71 14.86
17.98 17.92 17.82 17.73 17.71 17.54 17.48 17.41 17.40 17.24 17.13 17.06 17.17 16.95 16.86 16.73 16.60 16.56 16.48 16.40 16.36 16.37 16.27 16.20 16.13 16.05 15.91 15.79 15.71 15.72 15.73 15.82 15.74 15.49 15.43 15.20 15.05 14.82 15.11 15.00 15.00 14.82 14.78 14.72 14.71 14.67 14.61 14.46 14.45 14.73 14.28 14.20 14.51 14.12 14.10 14.10 13.92 13.97 13.98 13.95 14.02 13.97 13.96 14.04 14.14 14.29 14.30 14.40 14.48 14.50 14.58 14.66
17.96 17.86 17.81 17.72 17.60 17.54 17.51 17.41 17.30 17.16 17.10 17.03 16.97 17.05 16.81 16.72 16.59 16.47 16.43 16.33 16.27 16.33 16.32 16.14 16.06 15.98 15.90 15.80 15.68 15.79 15.66 15.64 15.51 15.65 15.35 15.17 15.16 15.06 14.94 14.89 14.83 14.72 14.73 14.59 14.55 14.48 14.39 14.33 14.38 14.62 14.15 14.10 13.97 14.31 13.90 13.87 13.77 13.66 13.80 13.80 13.80 13.79 13.81 13.90 13.94 14.04 14.12 14.28 14.37 14.29 14.43 14.46
17.95 17.85 17.80 17.73 17.53 17.48 17.44 17.37 17.25 17.15 17.08 17.02 16.97 16.92 16.83 16.89 16.60 16.44 16.36 16.30 16.17 16.11 16.15 16.09 16.01 15.92 15.84 15.79 15.64 15.61 15.63 15.53 15.44 15.38 15.39 15.24 15.08 15.06 14.87 14.76 14.76 14.64 14.54 14.69 14.40 14.37 14.24 14.16 14.27 14.08 13.96 13.84 13.91 14.27 13.98 13.59 13.56 13.60 13.65 13.67 13.65 13.63 13.64 13.70 13.80 13.84 14.17 14.03 14.17 14.04 14.17 14.42
17.98 17.92 17.83 17.74 17.59 17.46 17.40 17.36 17.22 17.15 17.09 17.02 16.93 16.81 16.72 16.67 16.73 16.44 16.35 16.27 16.15 16.08 16.04 16.14 15.96 15.84 15.76 15.69 15.58 15.60 15.48 15.44 15.37 15.32 15.36 15.13 14.93 14.80 14.81 14.68 14.64 14.55 14.46 14.34 14.30 14.18 14.11 14.00 14.02 13.89 14.15 13.70 13.85 13.95 13.54 13.51 13.40 13.37 13.42 13.49 13.42 13.39 13.47 13.54 13.60 13.80 13.82 13.89 13.98 13.91 14.18 14.07
17.93 17.85 17.79 17.71 17.59 17.47 17.40 17.33 17.25 17.17 17.10 16.99 16.89 16.75 16.61 16.57 16.49 16.46 16.34 16.15 16.08 16.07 15.97 15.93 15.94 15.85 15.75 15.68 15.61 15.51 15.46 15.28 15.19 15.24 15.11 15.38 14.94 14.61 14.66 14.58 14.50 14.45 14.27 14.17 14.19 14.25 13.92 13.81 13.72 13.66 13.64 13.74 13.63 13.60 13.35 13.39 13.27 13.18 13.24 13.29 13.22 13.25 13.30 13.32 13.50 13.79 13.63 13.67 13.63 13.92 13.83 13.82
17.86 17.83 17.75 17.71 17.60 17.50 17.41 17.32 17.21 17.14 17.01 16.97 16.88 16.73 16.57 16.49 16.43 16.55 16.28 16.14 16.04 15.99 15.97 15.86 15.86 15.78 15.72 15.67 15.56 15.45 15.38 15.40 15.14 15.13 15.07 15.13 15.00 14.09 14.22 14.53 14.43 14.33 14.22 14.13 14.07 14.02 14.01 13.66 13.51 13.53 13.61 13.73 13.52 13.61 13.57 13.21 13.09 13.00 13.05 13.11 13.07 13.10 13.17 13.20 13.40 13.40 13.47 13.42 13.47 13.68 13.60 13.71
17.82 17.75 17.66 17.61 17.53 17.45 17.36 17.27 17.19 17.08 17.01 16.94 16.87 16.74 16.55 16.40 16.34 16.35 16.27 16.09 15.98 15.96 15.90 15.84 15.76 15.71 15.66 15.58 15.48 15.39 15.20 15.14 15.23 15.05 15.03 14.89 15.22 14.62 14.99 14.73 14.43 14.32 14.23 14.10 14.01 13.81 13.71 13.81 13.45 13.42 13.44 13.54 13.36 13.48 13.15 13.24 13.07 12.80 12.85 12.88 12.87 12.89 12.99 13.03 13.11 13.16 13.27 13.23 13.30 13.43 13.43 13.60
17.76 17.72 17.62 17.55 17.51 17.41 17.31 17.19 17.12 17.01 16.93 16.86 16.75 16.71 16.54 16.41 16.31 16.20 16.13 16.07 16.02 15.96 15.90 15.83 15.73 15.64 15.58 15.51 15.40 15.26 15.13 15.07 15.03 15.10 14.96 14.77 14.69 14.96 14.83 14.60 14.69 14.48 14.25 14.12 13.85 13.70 13.57 13.49 13.57 13.32 13.36 13.29 13.12 13.29 12.95 12.90 13.01 12.62 12.68 12.62 12.63 12.69 12.76 12.82 13.18 13.00 12.98 13.06 13.12 13.37 13.25 13.26
17.73 17.64 17.61 17.53 17.46 17.42 17.35 17.18 17.08 16.98 16.83 16.78 16.65 16.58 16.54 16.45 16.25 16.14 16.12 16.04 15.99 15.92 15.85 15.73 15.73 15.62 15.57 15.49 15.36 15.28 15.12 15.02 14.93 15.01 14.89 14.86 14.64 14.65 14.67 14.50 14.37 14.36 14.19 14.28 14.16 13.73 13.57 13.38 13.31 13.26 13.08 13.17 12.93 13.03 13.06 12.67 12.77 12.53 12.53 12.48 12.51 12.52 12.60 12.74 12.96 12.76 12.77 12.78 12.89 13.16 12.96 13.03
