maui/input/air_temperature_monthly/tminfeb_250m_maui.asc
ncols        356
nrows        236
xllcorner    -156.702000000000
yllcorner    20.529750000000
cellsize     0.002250000000
NODATA_value  -99.00
[rows 192 to 223 of 236, columns 144 to 215 of 356]
13.40 13.27 13.14 13.06 13.04 12.97 12.89 12.74 12.67 12.61 12.62 12.51 12.46 12.47 12.48 12.48 12.53 12.57 12.63 12.64 12.65 12.64 12.78 12.81 12.82 12.92 12.97 13.04 13.15 13.06 12.99 12.95 12.95 12.95 12.93 12.99 12.99 12.97 13.13 13.30 13.38 13.43 13.51 13.59 13.68 13.82 13.90 14.03 14.11 14.20 14.36 14.53 14.73 14.86 14.98 14.97 15.03 15.12 15.30 15.30 15.41 15.50 15.56 15.72 15.80 15.99 16.19 16.42 16.55 16.64 16.90 17.09
13.73 13.64 13.52 13.45 13.38 13.34 13.26 13.08 12.99 12.98 12.89 12.82 12.77 12.83 12.82 12.79 12.83 12.90 12.92 12.92 12.98 13.01 13.14 13.12 13.25 13.30 13.50 13.55 13.38 13.27 13.17 13.13 13.15 13.22 13.27 13.24 13.31 13.33 13.41 13.57 13.66 13.71 13.81 13.83 13.91 14.10 14.20 14.35 14.37 14.53 14.62 14.80 14.98 15.13 15.36 15.31 15.39 15.45 15.57 15.67 15.72 15.83 15.87 16.01 16.17 16.39 16.52 16.68 17.42 16.95 17.16 17.33
14.06 14.03 13.88 13.76 13.71 13.63 13.53 13.41 13.32 13.27 13.19 13.06 13.01 13.04 13.07 13.12 13.16 13.21 13.28 13.26 13.34 13.31 13.45 13.48 13.50 13.61 13.66 13.62 13.57 13.46 13.27 13.21 13.22 13.32 13.47 13.50 13.57 13.63 13.72 13.88 13.97 14.00 14.08 14.14 14.19 14.34 14.57 14.57 14.68 14.82 14.91 15.03 15.19 15.38 15.52 15.85 15.74 15.78 15.83 15.99 16.07 16.07 16.19 16.28 16.56 16.67 16.86 17.03 17.19 17.23 17.38 17.50
14.33 14.29 14.16 14.06 13.99 13.91 13.86 13.68 13.62 13.51 13.47 13.39 13.24 13.29 13.31 13.45 13.46 13.49 13.62 13.58 13.64 13.66 13.67 13.69 13.78 13.78 13.76 13.73 13.70 13.20 13.08 13.23 12.94 13.52 13.62 13.70 13.82 13.92 13.99 14.14 14.29 14.34 14.37 14.44 14.48 14.58 14.78 14.97 14.96 15.02 15.12 15.28 15.44 15.60 15.78 15.95 16.01 16.05 16.15 16.39 16.39 16.37 16.52 16.60 16.73 17.02 17.13 17.25 17.39 17.53 17.71 -9999.00
14.58 14.52 14.46 14.45 14.32 14.22 14.13 14.01 13.89 13.81 13.75 13.70 13.60 13.57 13.65 13.65 13.78 13.81 13.94 13.99 13.95 13.98 13.99 13.98 14.00 14.01 13.94 13.94 13.93 13.27 13.57 13.33 13.71 13.91 14.03 14.01 14.08 14.17 14.23 14.42 14.50 14.60 14.68 14.73 14.73 14.87 15.04 15.19 15.30 15.30 15.40 15.54 15.68 15.88 16.02 16.25 16.37 16.43 16.50 16.54 16.73 16.73 16.78 16.95 17.07 17.26 17.36 17.44 17.63 -9999.00 -9999.00 -9999.00
14.74 14.69 14.65 14.67 14.62 14.53 14.40 14.22 14.12 14.04 14.01 13.93 13.88 13.85 13.92 14.05 14.08 14.16 14.20 14.28 14.22 14.22 14.21 14.32 14.33 14.30 14.27 14.30 14.45 14.26 14.04 14.00 14.15 14.18 14.23 14.35 14.39 14.52 14.59 14.70 14.76 14.91 14.95 15.05 15.08 15.07 15.32 15.45 15.60 15.66 15.70 15.82 16.02 16.23 16.41 16.54 16.81 16.72 16.73 16.79 16.97 17.04 17.04 17.23 17.30 17.44 17.59 17.72 -9999.00 -9999.00 -9999.00 -9999.00
14.91 14.92 14.85 14.85 14.81 14.71 14.64 14.52 14.43 14.30 14.31 14.21 14.16 14.22 14.39 14.43 14.42 14.38 14.46 14.49 14.52 14.53 14.57 14.58 14.59 14.62 14.56 14.61 14.64 14.51 14.41 13.81 14.35 14.44 14.51 14.61 14.68 14.80 14.85 14.94 15.00 15.10 15.26 15.30 15.42 15.43 15.61 15.70 15.92 15.92 16.04 16.14 16.28 16.48 16.66 16.76 16.89 17.00 17.03 17.09 17.23 17.28 17.31 17.44 17.58 17.64 17.82 -9999.00 -9999.00 -9999.00 -9999.00 -9999.00
15.12 15.09 14.89 14.44 14.78 14.96 14.91 14.83 14.68 14.62 14.57 14.55 14.54 14.68 14.73 14.70 14.75 14.74 14.75 14.75 14.74 14.73 14.77 14.77 14.82 14.81 14.75 14.81 14.80 14.70 14.45 14.35 14.28 14.83 14.86 14.88 14.95 15.08 15.14 15.23 15.21 15.32 15.47 15.65 15.68 15.72 15.90 16.04 16.22 16.28 16.34 16.41 16.55 16.74 16.88 16.95 17.05 17.19 17.32 17.44 17.51 17.58 17.65 17.71 17.89 -9999.00 -9999.00 -9999.00 -9999.00 -9999.00 -9999.00 -9999.00
15.27 15.19 14.79 14.83 15.04 15.14 15.12 15.06 14.92 14.93 14.89 14.88 14.92 14.94 15.00 15.01 15.04 15.04 15.05 15.01 14.94 15.03 15.01 14.95 15.02 14.96 14.96 15.02 14.96 15.00 14.93 14.72 14.75 15.17 15.19 15.20 15.27 15.35 15.46 15.51 15.52 15.67 15.72 15.83 16.01 16.16 16.28 16.34 16.51 16.56 16.64 16.68 16.79 16.92 17.08 17.24 17.31 17.35 17.46 17.69 17.77 -9999.00 -9999.00 -9999.00 -9999.00 -9999.00 -9999.00 -9999.00 -9999.00 -9999.00 -9999.00 -9999.00
15.48 15.49 15.43 15.20 15.16 15.26 15.36 15.25 15.14 15.18 15.17 15.17 15.18 15.18 15.18 15.23 15.26 15.25 15.27 15.27 15.18 15.13 15.16 15.17 15.23 15.20 15.18 15.21 15.23 15.24 15.10 15.02 15.08 15.34 15.43 15.46 15.52 15.56 15.66 15.78 15.82 15.90 15.98 16.14 16.28 16.43 16.56 16.64 16.74 16.80 16.88 16.97 17.04 17.20 17.23 17.44 17.57 17.60 17.72 -9999.00 -9999.00 -9999.00 -9999.00 -9999.00 -9999.00 -9999.00 -9999.00 -9999.00 -9999.00 -9999.00 -9999.00 -9999.00
15.60 15.61 15.62 15.50 15.34 15.43 15.50 15.44 15.36 15.39 15.41 15.41 15.49 15.49 15.45 15.41 15.45 15.49 15.52 15.49 15.49 15.42 15.53 15.45 15.44 15.41 15.41 15.44 15.44 15.47 15.37 15.36 15.43 15.64 15.74 15.76 15.79 15.83 15.90 15.98 16.09 16.18 16.32 16.38 16.58 16.68 16.79 16.91 16.99 16.99 17.06 17.17 17.28 17.38 17.49 17.65 17.78 17.89 -9999.00 -9999.00 -9999.00 -9999.00 -9999.00 -9999.00 -9999.00 -9999.00 -9999.00 -9999.00 -9999.00 -9999.00 -9999.00 -9999.00
15.87 15.86 15.79 15.66 15.51 15.51 15.48 15.63 15.59 15.65 15.67 15.65 15.68 15.74 15.71 15.66 15.74 15.75 15.73 15.76 15.77 15.79 15.66 15.67 15.64 15.58 15.57 15.66 15.71 15.70 15.61 15.64 15.74 15.91 15.97 15.99 16.04 16.12 16.18 16.27 16.40 16.47 16.60 16.63 16.82 16.98 17.02 17.15 17.26 17.26 17.32 17.42 17.46 17.60 17.75 -9999.00 -9999.00 -9999.00 -9999.00 -9999.00 -9999.00 -9999.00 -9999.00 -9999.00 -9999.00 -9999.00 -9999.00 -9999.00 -9999.00 -9999.00 -9999.00 -9999.00
16.13 16.08 15.96 15.88 15.78 15.79 16.09 16.03 15.90 15.84 15.94 15.92 15.97 15.98 15.94 15.94 16.02 16.03 16.04 16.02 16.01 15.97 16.01 15.99 15.90 15.83 15.81 15.87 15.94 15.96 15.91 15.94 16.03 16.16 16.19 16.22 16.28 16.34 16.46 16.55 16.70 16.78 16.86 16.82 17.03 17.17 17.33 17.42 17.49 17.52 17.58 17.63 17.71 17.89 -9999.00 -9999.00 -9999.00 -9999.00 -9999.00 -9999.00 -9999.00 -9999.00 -9999.00 -9999.00 -9999.00 -9999.00 -9999.00 -9999.00 -9999.00 -9999.00 -9999.00 -9999.00
16.33 16.24 16.21 16.13 16.08 16.05 16.18 16.32 16.24 16.11 16.20 16.24 16.20 16.20 16.20 16.29 16.26 16.28 16.29 16.27 16.25 16.42 16.32 16.25 16.13 16.06 16.07 16.15 16.15 16.16 16.20 16.18 16.24 16.39 16.46 16.46 16.52 16.61 16.71 16.78 16.89 17.07 17.18 17.26 17.33 17.43 17.51 17.60 17.69 17.84 17.89 17.87 -9999.00 -9999.00 -9999.00 -9999.00 -9999.00 -9999.00 -9999.00 -9999.00 -9999.00 -9999.00 -9999.00 -9999.00 -9999.00 -9999.00 -9999.00 -9999.00 -9999.00 -9999.00 -9999.00 -9999.00
16.50 16.50 16.46 16.37 16.33 16.34 16.41 16.51 16.51 16.45 16.55 16.52 16.46 16.46 16.40 16.51 16.52 16.50 16.54 16.57 16.57 16.62 16.54 16.47 16.38 16.34 16.34 16.36 16.39 16.43 16.50 16.46 16.52 16.64 16.69 16.73 16.73 16.82 16.90 17.05 17.20 17.30 17.48 17.57 17.57 17.66 17.79 17.80 -9999.00 -9999.00 -9999.00 -9999.00 -9999.00 -9999.00 -9999.00 -9999.00 -9999.00 -9999.00 -9999.00 -9999.00 -9999.00 -9999.00 -9999.00 -9999.00 -9999.00 -9999.00 -9999.00 -9999.00 -9999.00 -9999.00 -9999.00 -9999.00
16.74 16.74 16.70 16.62 16.61 16.61 16.66 16.63 16.79 16.78 16.82 16.62 16.69 16.72 16.71 16.76 16.77 16.78 16.82 16.83 16.85 16.76 16.72 16.69 16.65 16.65 16.64 16.64 16.68 16.67 16.72 16.74 16.81 16.87 16.92 16.99 17.00 17.06 17.11 17.23 17.47 17.61 17.76 17.87 17.84 17.90 -9999.00 -9999.00 -9999.00 -9999.00 -9999.00 -9999.00 -9999.00 -9999.00 -9999.00 -9999.00 -9999.00 -9999.00 -9999.00 -9999.00 -9999.00 -9999.00 -9999.00 -9999.00 -9999.00 -9999.00 -9999.00 -9999.00 -9999.00 -9999.00 -9999.00 -9999.00
16.98 16.99 16.92 16.85 16.88 16.89 16.90 16.87 16.95 17.04 17.08 16.92 16.97 16.92 16.96 17.04 17.03 16.99 17.01 17.00 17.05 17.05 16.95 16.90 16.91 16.92 16.92 16.95 16.96 17.02 17.00 17.05 17.07 17.13 17.17 17.21 17.25 17.30 17.37 17.46 17.59 17.82 -9999.00 -9999.00 -9999.00 -9999.00 -9999.00 -9999.00 -9999.00 -9999.00 -9999.00 -9999.00 -9999.00 -9999.00 -9999.00 -9999.00 -9999.00 -9999.00 -9999.00 -9999.00 -9999.00 -9999.00 -9999.00 -9999.00 -9999.00 -9999.00 -9999.00 -9999.00 -9999.00 -9999.00 -9999.00 -9999.00
17.27 17.21 17.16 17.11 17.15 17.17 17.14 17.12 17.11 17.22 17.20 17.13 17.17 17.19 17.22 17.23 17.24 17.27 17.28 17.34 17.26 17.25 17.30 17.23 17.22 17.29 17.22 17.23 17.24 17.36 17.33 17.33 17.30 17.36 17.42 17.44 17.49 17.55 17.57 17.65 17.81 -9999.00 -9999.00 -9999.00 -9999.00 -9999.00 -9999.00 -9999.00 -9999.00 -9999.00 -9999.00 -9999.00 -9999.00 -9999.00 -9999.00 -9999.00 -9999.00 -9999.00 -9999.00 -9999.00 -9999.00 -9999.00 -9999.00 -9999.00 -9999.00 -9999.00 -9999.00 -9999.00 -9999.00 -9999.00 -9999.00 -9999.00
17.51 17.43 17.37 17.34 17.35 17.41 17.46 17.44 17.40 17.45 17.36 17.42 17.35 17.48 17.44 17.42 17.44 17.52 17.56 17.60 17.59 17.49 17.55 17.57 17.56 17.61 17.50 17.49 17.54 17.61 17.64 17.57 17.55 17.59 17.62 17.68 17.72 17.78 17.76 17.86 -9999.00 -9999.00 -9999.00 -9999.00 -9999.00 -9999.00 -9999.00 -9999.00 -9999.00 -9999.00 -9999.00 -9999.00 -9999.00 -9999.00 -9999.00 -9999.00 -9999.00 -9999.00 -9999.00 -9999.00 -9999.00 -9999.00 -9999.00 -9999.00 -9999.00 -9999.00 -9999.00 -9999.00 -9999.00 -9999.00 -9999.00 -9999.00
17.63 17.60 17.56 17.51 17.51 17.57 17.58 17.60 17.58 17.57 17.63 17.65 17.71 17.72 17.71 17.75 17.67 17.67 17.75 17.81 17.83 17.78 17.78 17.80 17.84 17.89 17.84 17.76 17.80 17.82 17.82 17.77 17.75 17.77 17.80 17.83 17.88 17.88 17.90 -9999.00 -9999.00 -9999.00 -9999.00 -9999.00 -9999.00 -9999.00 -9999.00 -9999.00 -9999.00 -9999.00 -9999.00 -9999.00 -9999.00 -9999.00 -9999.00 -9999.00 -9999.00 -9999.00 -9999.00 -9999.00 -9999.00 -9999.00 -9999.00 -9999.00 -9999.00 -9999.00 -9999.00 -9999.00 -9999.00 -9999.00 -9999.00 -9999.00
17.68 17.68 17.63 17.63 17.60 17.67 17.65 17.66 17.63 17.61 17.68 17.80 17.80 17.91 17.91 17.91 17.84 17.77 17.84 17.91 -9999.00 -9999.00 -9999.00 -9999.00 -9999.00 -9999.00 -9999.00 -9999.00 -9999.00 -9999.00 17.91 17.91 17.91 17.91 17.91 -9999.00 -9999.00 -9999.00 -9999.00 -9999.00 -9999.00 -9999.00 -9999.00 -9999.00 -9999.00 -9999.00 -9999.00 -9999.00 -9999.00 -9999.00 -9999.00 -9999.00 -9999.00 -9999.00 -9999.00 -9999.00 -9999.00 -9999.00 -9999.00 -9999.00 -9999.00 -9999.00 -9999.00 -9999.00 -9999.00 -9999.00 -9999.00 -9999.00 -9999.00 -9999.00 -9999.00 -9999.00
17.73 17.72 17.68 17.67 17.71 17.73 17.73 17.75 17.70 17.71 17.92 17.90 -9999.00 -9999.00 -9999.00 -9999.00 17.91 17.91 -9999.00 -9999.00 -9999.00 -9999.00 -9999.00 -9999.00 -9999.00 -9999.00 -9999.00 -9999.00 -9999.00 -9999.00 -9999.00 -9999.00 -9999.00 -9999.00 -9999.00 -9999.00 -9999.00 -9999.00 -9999.00 -9999.00 -9999.00 -9999.00 -9999.00 -9999.00 -9999.00 -9999.00 -9999.00 -9999.00 -9999.00 -9999.00 -9999.00 -9999.00 -9999.00 -9999.00 -9999.00 -9999.00 -9999.00 -9999.00 -9999.00 -9999.00 -9999.00 -9999.00 -9999.00 -9999.00 -9999.00 -9999.00 -9999.00 -9999.00 -9999.00 -9999.00 -9999.00 -9999.00
17.78 17.76 17.76 17.77 17.79 17.78 17.83 17.90 17.84 -9999.00 -9999.00 -9999.00 -9999.00 -9999.00 -9999.00 -9999.00 -9999.00 -9999.00 -9999.00 -9999.00 -9999.00 -9999.00 -9999.00 -9999.00 -9999.00 -9999.00 -9999.00 -9999.00 -9999.00 -9999.00 -9999.00 -9999.00 -9999.00 -9999.00 -9999.00 -9999.00 -9999.00 -9999.00 -9999.00 -9999.00 -9999.00 -9999.00 -9999.00 -9999.00 -9999.00 -9999.00 -9999.00 -9999.00 -9999.00 -9999.00 -9999.00 -9999.00 -9999.00 -9999.00 -9999.00 -9999.00 -9999.00 -9999.00 -9999.00 -9999.00 -9999.00 -9999.00 -9999.00 -9999.00 -9999.00 -9999.00 -9999.00 -9999.00 -9999.00 -9999.00 -9999.00 -9999.00
17.92 17.83 17.86 17.88 17.90 -9999.00 -9999.00 -9999.00 -9999.00 -9999.00 -9999.00 -9999.00 -9999.00 -9999.00 -9999.00 -9999.00 -9999.00 -9999.00 -9999.00 -9999.00 -9999.00 -9999.00 -9999.00 -9999.00 -9999.00 -9999.00 -9999.00 -9999.00 -9999.00 -9999.00 -9999.00 -9999.00 -9999.00 -9999.00 -9999.00 -9999.00 -9999.00 -9999.00 -9999.00 -9999.00 -9999.00 -9999.00 -9999.00 -9999.00 -9999.00 -9999.00 -9999.00 -9999.00 -9999.00 -9999.00 -9999.00 -9999.00 -9999.00 -9999.00 -9999.00 -9999.00 -9999.00 -9999.00 -9999.00 -9999.00 -9999.00 -9999.00 -9999.00 -9999.00 -9999.00 -9999.00 -9999.00 -9999.00 -9999.00 -9999.00 -9999.00 -9999.00
-9999.00 -9999.00 -9999.00 -9999.00 -9999.00 -9999.00 -9999.00 -9999.00 -9999.00 -9999.00 -9999.00 -9999.00 -9999.00 -9999.00 -9999.00 -9999.00 -9999.00 -9999.00 -9999.00 -9999.00 -9999.00 -9999.00 -9999.00 -9999.00 -9999.00 -9999.00 -9999.00 -9999.00 -9999.00 -9999.00 -9999.00 -9999.00 -9999.00 -9999.00 -9999.00 -9999.00 -9999.00 -9999.00 -9999.00 -9999.00 -9999.00 -9999.00 -9999.00 -9999.00 -9999.00 -9999.00 -9999.00 -9999.00 -9999.00 -9999.00 -9999.00 -9999.00 -9999.00 -9999.00 -9999.00 -9999.00 -9999.00 -9999.00 -9999.00 -9999.00 -9999.00 -9999.00 -9999.00 -9999.00 -9999.00 -9999.00 -9999.00 -9999.00 -9999.00 -9999.00 -9999.00 -9999.00
-9999.00 -9999.00 -9999.00 -9999.00 -9999.00 -9999.00 -9999.00 -9999.00 -9999.00 -9999.00 -9999.00 -9999.00 -9999.00 -9999.00 -9999.00 -9999.00 -9999.00 -9999.00 -9999.00 -9999.00 -9999.00 -9999.00 -9999.00 -9999.00 -9999.00 -9999.00 -9999.00 -9999.00 -9999.00 -9999.00 -9999.00 -9999.00 -9999.00 -9999.00 -9999.00 -9999.00 -9999.00 -9999.00 -9999.00 -9999.00 -9999.00 -9999.00 -9999.00 -9999.00 -9999.00 -9999.00 -9999.00 -9999.00 -9999.00 -9999.00 -9999.00 -9999.00 -9999.00 -9999.00 -9999.00 -9999.00 -9999.00 -9999.00 -9999.00 -9999.00 -9999.00 -9999.00 -9999.00 -9999.00 -9999.00 -9999.00 -9999.00 -9999.00 -9999.00 -9999.00 -9999.00 -9999.00
-9999.00 -9999.00 -9999.00 -9999.00 -9999.00 -9999.00 -9999.00 -9999.00 -9999.00 -9999.00 -9999.00 -9999.00 -9999.00 -9999.00 -9999.00 -9999.00 -9999.00 -9999.00 -9999.00 -9999.00 -9999.00 -9999.00 -9999.00 -9999.00 -9999.00 -9999.00 -9999.00 -9999.00 -9999.00 -9999.00 -9999.00 -9999.00 -9999.00 -9999.00 -9999.00 -9999.00 -9999.00 -9999.00 -9999.00 -9999.00 -9999.00 -9999.00 -9999.00 -9999.00 -9999.00 -9999.00 -9999.00 -9999.00 -9999.00 -9999.00 -9999.00 -9999.00 -9999.00 -9999.00 -9999.00 -9999.00 -9999.00 -9999.00 -9999.00 -9999.00 -9999.00 -9999.00 -9999.00 -9999.00 -9999.00 -9999.00 -9999.00 -9999.00 -9999.00 -9999.00 -9999.00 -9999.00
-9999.00 -9999.00 -9999.00 -9999.00 -9999.00 -9999.00 -9999.00 -9999.00 -9999.00 -9999.00 -9999.00 -9999.00 -9999.00 -9999.00 -9999.00 -9999.00 -9999.00 -9999.00 -9999.00 -9999.00 -9999.00 -9999.00 -9999.00 -9999.00 -9999.00 -9999.00 -9999.00 -9999.00 -9999.00 -9999.00 -9999.00 -9999.00 -9999.00 -9999.00 -9999.00 -9999.00 -9999.00 -9999.00 -9999.00 -9999.00 -9999.00 -9999.00 -9999.00 -9999.00 -9999.00 -9999.00 -9999.00 -9999.00 -9999.00 -9999.00 -9999.00 -9999.00 -9999.00 -9999.00 -9999.00 -9999.00 -9999.00 -9999.00 -9999.00 -9999.00 -9999.00 -9999.00 -9999.00 -9999.00 -9999.00 -9999.00 -9999.00 -9999.00 -9999.00 -9999.00 -9999.00 -9999.00
-9999.00 -9999.00 -9999.00 -9999.00 -9999.00 -9999.00 -9999.00 -9999.00 -9999.00 -9999.00 -9999.00 -9999.00 -9999.00 -9999.00 -9999.00 -9999.00 -9999.00 -9999.00 -9999.00 -9999.00 -9999.00 -9999.00 -9999.00 -9999.00 -9999.00 -9999.00 -9999.00 -9999.00 -9999.00 -9999.00 -9999.00 -9999.00 -9999.00 -9999.00 -9999.00 -9999.00 -9999.00 -9999.00 -9999.00 -9999.00 -9999.00 -9999.00 -9999.00 -9999.00 -9999.00 -9999.00 -9999.00 -9999.00 -9999.00 -9999.00 -9999.00 -9999.00 -9999.00 -9999.00 -9999.00 -9999.00 -9999.00 -9999.00 -9999.00 -9999.00 -9999.00 -9999.00 -9999.00 -9999.00 -9999.00 -9999.00 -9999.00 -9999.00 -9999.00 -9999.00 -9999.00 -9999.00
-9999.00 -9999.00 -9999.00 -9999.00 -9999.00 -9999.00 -9999.00 -9999.00 -9999.00 -9999.00 -9999.00 -9999.00 -9999.00 -9999.00 -9999.00 -9999.00 -9999.00 -9999.00 -9999.00 -9999.00 -9999.00 -9999.00 -9999.00 -9999.00 -9999.00 -9999.00 -9999.00 -9999.00 -9999.00 -9999.00 -9999.00 -9999.00 -9999.00 -9999.00 -9999.00 -9999.00 -9999.00 -9999.00 -9999.00 -9999.00 -9999.00 -9999.00 -9999.00 -9999.00 -9999.00 -9999.00 -9999.00 -9999.00 -9999.00 -9999.00 -9999.00 -9999.00 -9999.00 -9999.00 -9999.00 -9999.00 -9999.00 -9999.00 -9999.00 -9999.00 -9999.00 -9999.00 -9999.00 -9999.00 -9999.00 -9999.00 -9999.00 -9999.00 -9999.00 -9999.00 -9999.00 -9999.00
-9999.00 -9999.00 -9999.00 -9999.00 -9999.00 -9999.00 -9999.00 -9999.00 -9999.00 -9999.00 -9999.00 -9999.00 -9999.00 -9999.00 -9999.00 -9999.00 -9999.00 -9999.00 -9999.00 -9999.00 -9999.00 -9999.00 -9999.00 -9999.00 -9999.00 -9999.00 -9999.00 -9999.00 -9999.00 -9999.00 -9999.00 -9999.00 -9999.00 -9999.00 -9999.00 -9999.00 -9999.00 -9999.00 -9999.00 -9999.00 -9999.00 -9999.00 -9999.00 -9999.00 -9999.00 -9999.00 -9999.00 -9999.00 -9999.00 -9999.00 -9999.00 -9999.00 -9999.00 -9999.00 -9999.00 -9999.00 -9999.00 -9999.00 -9999.00 -9999.00 -9999.00 -9999.00 -9999.00 -9999.00 -9999.00 -9999.00 -9999.00 -9999.00 -9999.00 -9999.00 -9999.00 -9999.00
-9999.00 -9999.00 -9999.00 -9999.00 -9999.00 -9999.00 -9999.00 -9999.00 -9999.00 -9999.00 -9999.00 -9999.00 -9999.00 -9999.00 -9999.00 -9999.00 -9999.00 -9999.00 -9999.00 -9999.00 -9999.00 -9999.00 -9999.00 -9999.00 -9999.00 -9999.00 -9999.00 -9999.00 -9999.00 -9999.00 -9999.00 -9999.00 -9999.00 -9999.00 -9999.00 -9999.00 -9999.00 -9999.00 -9999.00 -9999.00 -9999.00 -9999.00 -9999.00 -9999.00 -9999.00 -9999.00 -9999.00 -9999.00 -9999.00 -9999.00 -9999.00 -9999.00 -9999.00 -9999.00 -9999.00 -9999.00 -9999.00 -9999.00 -9999.00 -9999.00 -9999.00 -9999.00 -9999.00 -9999.00 -9999.00 -9999.00 -9999.00 -9999.00 -9999.00 -9999.00 -9999.00 -9999.00
