maui/input/air_temperature_monthly/tminmay_250m_maui.asc
ncols        356
nrows        236
xllcorner    -156.702000000000
yllcorner    20.529750000000
cellsize     0.002250000000
NODATA_value  -99.00
[rows 128 to 159 of 236, columns 213 to 283 of 356]
5.89 6.03 6.09 6.21 6.36 6.67 7.78 8.41 8.74 8.82 8.99 8.96 9.05 9.18 9.27 9.30 9.06 9.20 9.25 9.39 9.66 9.89 9.91 9.96 10.07 10.21 10.38 10.51 10.60 10.71 10.86 11.02 11.07 11.22 11.32 11.27 11.18 11.18 11.20 11.27 11.17 11.04 11.04 11.06 11.09 11.14 11.12 11.15 11.18 11.57 12.49 12.54 12.01 11.77 11.87 11.99 11.97 12.10 12.24 12.32 12.38 12.52 12.72 12.96 13.13 13.37 13.41 13.54 13.69 13.81 13.91
5.54 5.71 5.76 6.73 7.44 7.79 7.94 8.12 8.24 8.45 8.54 8.49 8.62 8.69 8.72 8.77 8.84 8.89 9.06 9.26 9.48 9.63 9.73 9.73 9.92 9.98 10.18 10.23 10.44 10.57 10.76 10.84 10.90 11.00 11.32 11.13 10.99 10.97 10.91 11.00 10.94 10.80 10.79 10.82 10.88 10.88 10.91 10.92 11.08 12.18 12.29 12.19 11.59 11.44 11.52 11.63 11.65 11.75 11.92 11.95 12.02 12.11 12.29 12.50 12.76 12.85 12.98 13.13 13.24 13.38 13.43
5.27 5.51 6.64 7.85 7.81 7.81 7.85 7.89 7.96 8.12 8.02 7.97 8.08 8.23 8.31 8.35 8.53 8.71 8.87 9.15 9.21 9.38 9.53 9.53 9.58 9.72 9.86 10.00 10.17 10.32 10.51 10.59 10.71 11.01 10.95 10.88 10.82 10.72 10.69 10.75 10.76 10.59 10.50 10.56 10.59 10.64 10.69 10.75 11.30 12.00 12.00 11.37 11.17 11.15 11.17 11.34 11.33 11.40 11.56 11.63 11.72 11.84 11.93 12.09 12.32 12.35 12.49 12.65 12.78 12.94 12.79
4.90 6.11 7.71 7.85 7.78 7.74 7.70 7.67 7.73 7.63 7.46 7.41 7.58 7.77 7.94 8.09 8.21 8.40 8.67 8.74 8.92 9.12 9.15 9.26 9.26 9.48 9.62 9.72 9.88 10.06 10.23 10.23 10.46 10.62 10.64 10.58 10.51 10.48 10.44 10.54 10.58 10.38 10.33 10.31 10.31 10.32 10.38 10.44 11.24 11.60 11.37 10.72 10.74 10.87 10.91 10.94 10.92 10.98 11.08 11.19 11.36 11.49 11.62 11.75 11.82 11.83 11.97 12.20 12.38 12.45 12.44
4.57 5.82 6.85 7.37 7.73 7.56 7.42 7.31 7.18 7.14 6.90 6.86 7.04 7.32 7.42 7.67 7.91 8.19 8.30 8.44 8.67 8.73 8.79 8.93 8.98 9.13 9.21 9.33 9.72 9.82 9.92 9.99 10.19 10.25 10.30 10.24 10.23 10.22 10.19 10.25 10.28 10.16 10.07 10.04 9.96 9.93 9.99 10.03 10.47 10.74 10.45 10.22 10.39 10.62 10.63 10.63 10.63 10.61 10.62 10.79 10.98 11.12 11.20 11.29 11.33 11.43 11.56 11.71 11.92 12.06 12.30
4.60 5.77 5.38 5.55 6.75 7.21 7.05 6.84 6.77 6.75 6.58 6.53 6.65 6.80 7.15 7.33 7.61 7.75 7.83 8.10 8.07 8.24 8.42 8.42 8.57 8.70 8.87 9.22 9.36 9.57 9.50 9.70 9.80 9.86 9.90 9.92 9.86 9.90 9.85 9.89 9.97 10.03 9.71 9.69 9.67 9.60 9.58 9.61 9.70 9.82 9.81 9.85 10.02 10.18 10.37 10.33 10.34 10.37 10.39 10.49 10.66 10.72 10.83 10.96 10.97 11.05 11.07 11.27 11.48 11.67 11.95
4.37 4.58 4.60 4.89 5.10 6.00 6.36 6.49 6.54 6.52 6.37 6.26 6.35 6.42 6.72 7.03 7.24 7.21 7.35 7.55 7.59 7.74 7.91 7.93 8.15 8.35 8.58 8.84 9.01 9.11 9.17 9.33 9.37 9.41 9.47 9.46 9.43 9.38 9.45 9.35 9.55 9.63 9.34 9.37 9.39 9.28 9.22 9.24 9.12 9.13 9.28 9.43 9.64 9.78 10.01 10.04 10.11 10.15 10.13 10.21 10.24 10.32 10.46 10.58 10.62 10.62 10.71 10.94 11.09 11.32 11.63
4.25 4.30 4.40 4.48 5.08 6.06 6.16 6.35 6.35 6.24 6.17 6.15 6.22 6.22 6.24 6.53 6.75 6.67 6.74 7.03 7.07 7.30 7.41 7.46 7.81 7.92 8.19 8.44 8.55 8.68 8.62 8.86 8.97 8.93 8.94 8.97 8.90 8.85 8.85 8.90 9.07 9.07 8.95 9.05 9.03 8.94 8.81 8.85 8.69 8.71 8.86 9.05 9.16 9.44 9.76 9.79 9.91 9.95 9.91 9.97 9.98 10.04 10.10 10.14 10.18 10.27 10.41 10.60 10.76 11.01 11.41
4.16 4.32 4.69 4.95 5.11 5.95 6.05 6.22 6.19 6.06 6.06 6.04 6.11 6.07 6.10 5.91 6.00 5.97 6.10 6.27 6.52 6.73 6.93 7.12 7.27 7.44 7.73 8.01 7.95 8.18 8.10 8.28 8.35 8.39 8.42 8.41 8.32 8.33 8.32 8.42 8.59 8.57 8.62 8.56 8.55 8.52 8.41 8.47 8.40 8.39 8.46 8.59 8.78 9.07 9.32 9.53 9.65 9.65 9.70 9.75 9.76 9.75 9.74 9.80 9.93 9.99 10.10 10.26 10.42 10.79 11.11
4.38 4.67 5.09 5.64 5.70 5.78 5.91 5.99 6.04 5.94 5.83 5.88 6.05 6.02 6.01 5.42 5.21 5.33 5.74 5.80 6.20 6.32 6.41 6.64 6.63 6.98 7.10 7.37 7.36 7.44 7.75 7.69 7.77 7.74 7.74 7.62 7.68 7.76 7.72 7.80 7.96 7.98 8.15 8.00 8.00 7.93 8.01 8.12 8.12 8.08 8.11 8.28 8.46 8.79 9.12 9.30 9.38 9.40 9.54 9.52 9.52 9.42 9.49 9.54 9.61 9.71 9.86 9.97 10.20 10.44 10.88
4.44 4.98 5.57 5.66 5.70 5.71 5.80 5.84 5.85 5.77 5.76 5.77 5.86 5.91 5.95 5.50 4.65 4.68 5.21 5.20 5.35 5.69 5.78 6.10 5.97 6.30 6.55 6.78 6.75 6.89 7.10 6.99 7.09 7.10 7.08 6.98 7.03 7.04 7.22 7.21 7.30 7.48 7.54 7.41 7.36 7.53 7.34 7.67 7.80 7.69 7.75 7.99 8.33 8.67 8.99 9.04 9.10 9.20 9.23 9.19 9.15 9.20 9.25 9.32 9.37 9.45 9.63 9.76 10.02 10.28 10.66
4.54 4.97 5.62 5.65 5.63 5.63 5.65 5.67 5.69 5.66 5.59 5.67 5.76 5.88 5.95 5.21 4.46 4.65 4.64 4.69 4.82 4.95 5.23 5.33 5.42 5.63 5.96 6.07 6.03 6.25 6.38 6.34 6.31 6.37 6.28 6.17 6.23 6.29 6.74 6.51 6.53 6.83 6.86 6.71 6.78 7.29 6.63 6.85 7.21 7.28 7.37 7.72 8.21 8.50 8.56 8.67 8.84 9.01 9.07 8.98 8.95 9.05 9.05 9.09 9.14 9.26 9.39 9.58 9.83 10.02 10.35
4.81 5.32 5.50 5.42 5.48 5.50 5.41 5.54 5.52 5.48 5.55 5.58 5.68 5.84 5.88 5.71 4.74 4.36 4.45 4.54 4.50 4.55 4.66 4.68 4.75 5.10 5.35 5.44 5.42 5.57 5.61 5.64 5.50 5.63 5.49 5.38 5.56 5.77 5.97 5.84 5.91 6.19 6.16 6.09 6.21 6.68 6.40 6.56 6.92 6.92 7.08 7.38 7.74 8.16 8.19 8.42 8.59 8.81 8.70 8.53 8.83 8.79 8.80 8.81 8.85 9.04 9.20 9.43 9.72 9.90 10.29
4.75 4.99 5.14 5.20 5.35 5.37 5.26 5.29 5.35 5.36 5.39 5.50 5.59 5.66 5.76 5.71 5.08 4.47 4.22 4.32 4.25 4.32 4.37 4.51 4.50 4.63 4.67 4.74 4.76 4.91 4.92 4.86 4.79 4.94 4.86 4.59 4.83 5.11 5.21 5.16 5.49 5.52 5.44 5.52 5.78 6.07 5.81 6.50 6.69 6.73 6.80 7.12 7.46 7.69 7.89 8.10 8.17 8.45 8.36 8.29 8.23 8.36 8.47 8.56 8.68 8.76 8.98 9.31 9.53 9.68 9.77
4.43 4.75 4.97 5.04 5.21 5.21 5.07 5.09 5.19 5.14 5.21 5.32 5.37 5.34 5.62 5.44 5.04 4.46 4.04 4.02 4.02 4.16 4.14 4.24 4.35 4.40 4.45 4.50 4.51 4.58 4.59 4.55 4.54 4.57 4.55 4.43 4.44 4.53 4.64 4.63 4.85 4.66 4.72 4.90 5.46 5.43 5.50 5.94 6.30 6.45 6.51 6.80 7.23 7.58 7.70 7.64 7.65 7.74 7.97 7.91 7.84 7.93 8.16 8.34 8.48 8.45 8.16 8.36 8.94 9.42 9.73
4.59 4.74 4.76 4.87 4.99 4.93 4.87 4.88 5.03 5.03 5.13 5.24 5.21 5.14 4.71 4.74 4.71 4.43 4.10 3.75 3.81 3.90 3.95 4.00 4.11 4.18 4.23 4.31 4.32 4.37 4.39 4.40 4.43 4.45 4.41 4.33 4.38 4.38 4.36 4.42 4.40 4.33 4.33 4.43 4.80 5.10 5.59 5.50 5.54 5.97 6.06 6.30 6.69 7.04 7.13 7.39 7.33 7.64 7.79 7.70 7.65 7.80 7.95 8.20 8.38 8.43 8.36 8.64 9.10 9.46 9.73
4.71 4.72 4.73 4.76 4.77 4.74 4.75 4.76 4.83 4.85 5.01 4.95 5.16 5.10 4.76 4.32 4.26 4.14 3.93 3.62 3.70 3.77 3.83 3.86 3.93 3.98 4.05 4.12 4.11 4.17 4.19 4.23 4.29 4.34 4.28 4.26 4.28 4.20 4.19 4.24 4.24 4.19 4.21 4.26 4.30 4.54 5.04 4.97 5.15 5.44 5.87 5.82 6.28 6.63 6.89 7.32 7.49 7.57 7.61 7.61 7.63 7.75 7.93 8.22 8.69 9.30 9.37 9.28 9.76 9.53 9.77
4.70 4.69 4.70 4.73 4.70 4.70 4.72 4.72 4.76 4.79 4.79 4.80 4.77 5.05 5.00 4.60 4.09 3.87 3.76 3.88 4.03 4.13 4.21 4.22 4.20 4.21 4.20 4.05 3.96 3.97 4.02 4.06 4.16 4.20 4.18 4.15 4.12 4.09 4.06 4.06 4.08 4.10 4.10 4.22 4.54 4.75 4.99 5.01 5.15 5.71 5.96 5.95 6.26 6.92 7.22 7.43 7.47 7.52 7.54 7.58 7.63 7.71 7.83 8.24 9.05 9.65 10.05 10.08 10.43 10.27 9.46
4.66 4.67 4.68 4.71 4.68 4.67 4.69 4.71 4.74 4.75 4.75 4.74 4.72 4.72 4.69 4.61 4.23 3.99 4.02 4.07 4.23 4.41 4.48 4.52 4.48 4.49 4.52 4.49 4.35 4.31 4.27 4.23 4.03 4.04 4.08 4.01 3.97 3.96 3.96 3.98 4.04 4.08 4.22 4.59 6.14 6.45 6.98 5.64 5.21 5.65 5.97 6.17 6.29 6.67 7.34 7.41 7.46 7.51 7.52 7.49 7.53 7.66 7.75 8.87 9.94 10.39 10.59 10.71 10.86 10.88 9.95
4.61 4.64 4.66 4.63 4.64 4.67 4.69 4.73 4.74 4.74 4.74 4.73 4.71 4.67 4.59 4.44 4.33 4.20 4.17 4.22 4.36 4.58 4.66 4.66 4.63 4.70 4.75 4.80 4.67 4.57 4.52 4.45 4.19 4.42 4.44 4.25 4.02 4.13 4.22 4.26 4.25 4.34 4.58 4.49 5.68 6.84 7.35 7.38 6.47 5.88 6.06 6.76 6.28 6.32 7.02 7.41 7.23 7.33 7.44 7.08 7.32 7.42 7.85 9.01 10.16 11.02 10.94 11.08 11.16 11.30 11.05
4.57 4.60 4.64 4.60 4.63 4.67 4.70 4.73 4.73 4.72 4.73 4.73 4.70 4.72 4.68 4.62 4.48 4.35 4.32 4.31 4.49 4.64 4.71 4.71 4.72 4.82 5.02 5.16 5.19 5.06 5.02 4.55 4.36 4.42 4.42 4.40 4.19 4.34 4.33 4.57 4.66 5.22 5.13 5.25 5.45 7.05 7.41 7.71 7.38 7.12 7.24 7.52 6.48 7.11 7.25 7.56 7.21 7.28 7.24 7.32 7.54 8.53 9.15 9.63 10.51 11.21 11.32 11.28 11.39 11.50 11.55
4.52 4.53 4.56 4.58 4.61 4.65 4.68 4.72 4.72 4.71 4.66 4.69 4.70 4.63 4.52 4.60 4.47 4.58 4.60 4.64 4.69 4.69 4.76 4.79 4.90 4.93 5.10 5.23 5.31 5.36 5.44 5.17 4.55 4.44 4.45 4.42 4.20 4.36 4.79 4.86 5.21 5.63 5.83 5.80 5.45 6.83 7.87 8.14 8.58 8.24 8.29 8.02 7.40 7.58 8.49 8.42 8.30 8.00 7.84 8.10 8.12 8.78 8.92 9.25 10.31 10.91 11.59 11.54 11.59 11.71 11.86
4.43 4.46 4.49 4.55 4.58 4.64 4.68 4.71 4.71 4.65 4.62 4.62 4.62 4.58 4.49 4.46 4.60 4.64 4.64 4.69 4.71 4.72 4.79 4.92 5.00 5.10 5.27 5.32 5.32 5.39 5.42 5.48 5.18 4.96 4.94 4.99 4.22 4.74 4.95 5.47 5.50 5.77 6.05 6.47 6.14 7.33 8.06 8.28 8.63 9.30 9.38 9.78 9.00 9.10 9.90 10.32 9.91 8.83 8.97 8.72 9.05 9.52 9.96 10.49 11.30 11.62 11.75 11.78 11.74 11.88 12.00
4.36 4.20 4.32 4.49 4.53 4.53 4.56 4.53 4.60 4.58 4.58 4.58 4.49 4.52 4.61 4.61 4.63 4.62 4.63 4.70 4.71 4.73 4.76 4.95 5.12 5.21 5.36 5.41 5.48 5.45 5.49 5.49 5.50 5.28 5.30 5.40 4.70 4.38 5.32 5.89 5.98 6.02 6.26 6.53 6.93 6.97 8.18 8.53 8.71 9.03 9.35 9.66 9.93 10.16 10.22 10.71 10.73 9.44 9.99 9.91 9.55 10.19 10.66 11.05 11.54 11.82 11.82 11.88 11.85 11.95 12.18
4.36 4.13 4.21 4.43 4.46 4.49 4.55 4.51 4.46 4.55 4.58 4.61 4.44 4.50 4.61 4.57 4.62 4.62 4.67 4.69 4.71 4.73 4.86 4.97 5.15 5.25 5.36 5.50 5.16 5.36 5.53 5.55 5.66 5.70 5.67 5.75 5.69 4.23 4.54 5.83 6.25 6.36 6.47 6.97 7.26 7.47 7.77 8.27 8.79 9.02 9.25 9.49 9.82 10.21 10.47 10.76 10.85 9.68 11.67 11.35 10.73 9.93 10.77 11.68 11.77 11.92 11.90 11.99 12.00 12.08 12.26
4.38 4.38 4.42 4.48 4.52 4.56 4.57 4.48 4.51 4.61 4.65 4.66 4.65 4.60 4.63 4.63 4.63 4.65 4.66 4.68 4.70 4.74 4.85 4.94 5.17 5.31 5.50 5.57 5.52 5.67 5.64 5.63 5.74 5.80 5.86 5.84 5.80 5.47 4.40 4.70 5.79 6.33 6.96 7.17 7.35 7.55 7.74 8.08 8.81 9.15 9.27 9.50 9.91 10.26 10.53 10.76 10.91 10.92 11.28 12.17 11.72 10.94 10.34 11.78 11.92 11.98 11.98 12.05 12.10 12.23 12.42
4.40 4.43 4.45 4.52 4.53 4.57 4.56 4.57 4.48 4.65 4.67 4.67 4.66 4.65 4.63 4.63 4.65 4.66 4.64 4.54 4.69 4.80 4.88 5.01 5.19 5.32 5.51 5.65 5.80 6.00 6.00 5.90 5.96 5.97 5.93 5.88 5.83 5.15 4.07 3.96 4.70 5.58 6.94 7.32 7.51 7.67 7.83 7.95 8.17 8.58 9.34 9.68 9.96 10.35 10.60 10.84 11.00 11.18 11.24 12.40 12.49 11.99 10.47 11.58 11.90 11.99 11.96 11.97 11.74 11.33 12.61
4.24 4.26 4.45 4.52 4.57 4.58 4.59 4.60 4.64 4.61 4.65 4.67 4.67 4.66 4.66 4.65 4.65 4.64 4.63 4.54 4.66 4.74 4.88 5.03 5.21 5.31 5.54 5.70 6.02 6.20 6.26 6.18 6.20 6.21 6.27 6.09 5.39 4.15 3.90 3.91 4.10 4.92 5.79 6.96 7.66 7.81 7.94 8.02 8.20 8.44 8.66 9.38 9.99 10.44 10.80 10.97 11.21 11.45 11.94 12.31 12.46 12.57 11.61 10.70 10.77 10.73 10.71 10.34 10.10 11.07 12.37
4.18 4.25 4.47 4.55 4.57 4.59 4.61 4.63 4.64 4.66 4.64 4.66 4.66 4.67 4.66 4.65 4.65 4.65 4.64 4.66 4.69 4.70 4.86 5.06 5.21 5.44 5.62 5.92 6.22 6.59 6.60 6.57 6.59 6.59 6.61 6.61 5.88 4.65 3.99 3.98 4.49 5.77 6.67 7.16 7.28 7.88 8.04 8.10 8.34 8.51 8.67 8.87 9.57 10.61 10.80 10.95 11.37 11.63 11.93 12.18 12.51 12.62 12.84 11.93 12.83 11.97 11.58 10.82 9.29 10.03 11.01
4.14 4.26 4.41 4.50 4.53 4.56 4.57 4.58 4.60 4.61 4.63 4.64 4.63 4.62 4.58 4.50 4.52 4.62 4.64 4.65 4.63 4.65 4.66 4.82 5.04 5.46 5.87 6.17 6.66 6.90 6.92 6.85 6.91 6.87 6.88 6.86 5.97 4.98 4.18 4.12 4.17 5.10 5.37 5.97 6.68 7.88 8.16 8.30 8.44 8.71 8.73 8.97 9.23 9.57 10.31 10.52 11.37 11.68 11.87 12.11 12.51 12.79 12.92 13.35 13.40 13.47 12.61 11.64 9.77 9.53 10.95
3.97 4.09 4.20 4.35 4.42 4.41 4.34 4.36 4.37 4.38 4.52 4.62 4.51 4.31 4.21 4.18 4.25 4.38 4.47 4.44 4.39 4.41 4.38 4.57 5.32 5.92 6.38 6.93 7.14 7.25 7.28 7.36 7.30 7.21 7.15 7.22 7.08 5.50 4.40 4.45 4.56 4.75 5.07 5.24 6.20 7.34 7.53 8.03 7.90 7.75 8.73 9.19 9.37 9.57 9.90 10.21 10.54 11.31 11.55 12.08 12.52 12.75 12.96 13.28 13.55 13.64 13.65 12.45 10.66 9.92 10.29
3.70 3.79 3.95 4.05 4.12 4.06 4.05 4.06 4.12 4.22 4.29 4.36 4.30 4.04 4.01 4.00 4.00 4.04 4.12 4.07 4.08 4.08 4.19 4.53 4.86 6.12 7.11 7.48 7.68 7.69 7.63 7.65 7.72 7.58 7.47 7.46 7.55 5.92 5.25 5.01 5.17 5.26 5.42 5.58 5.87 6.03 6.23 6.81 6.62 6.75 8.02 8.57 9.92 9.90 10.15 10.40 10.62 10.88 11.04 11.29 11.98 12.76 13.03 13.28 13.51 13.70 13.87 13.18 11.26 10.38 10.61
