maui/input/air_temperature_monthly/tminsep_250m_maui.asc
ncols        356
nrows        236
xllcorner    -156.702000000000
yllcorner    20.529750000000
cellsize     0.002250000000
NODATA_value  -99.00
[rows 96 to 127 of 236, columns 213 to 283 of 356]
14.39 14.37 14.69 14.64 14.73 14.80 14.94 15.08 15.07 15.27 15.91 15.76 15.87 16.24 16.27 16.57 16.72 17.05 17.23 18.29 18.80 18.00 17.97 17.82 18.03 18.02 18.03 18.35 18.43 19.02 19.59 19.73 19.89 19.77 19.83 19.84 19.90 20.34 20.55 20.58 20.63 20.69 -9999.00 -9999.00 -9999.00 -9999.00 -9999.00 -9999.00 -9999.00 -9999.00 -9999.00 -9999.00 -9999.00 -9999.00 -9999.00 -9999.00 -9999.00 -9999.00 -9999.00 -9999.00 -9999.00 -9999.00 -9999.00 -9999.00 -9999.00 -9999.00 -9999.00 -9999.00 -9999.00 -9999.00 -9999.00
14.11 14.28 14.35 14.34 14.57 14.50 14.61 14.74 14.99 15.33 15.39 15.53 15.90 15.98 16.24 16.32 16.71 16.78 17.02 17.74 18.02 17.37 17.51 17.60 17.88 17.76 17.88 18.04 18.35 18.68 19.39 19.70 19.66 19.69 19.72 19.77 19.73 20.42 20.58 20.62 20.65 20.69 -9999.00 -9999.00 -9999.00 -9999.00 -9999.00 -9999.00 -9999.00 -9999.00 -9999.00 -9999.00 -9999.00 -9999.00 -9999.00 -9999.00 -9999.00 -9999.00 -9999.00 -9999.00 -9999.00 -9999.00 -9999.00 -9999.00 -9999.00 -9999.00 -9999.00 -9999.00 -9999.00 -9999.00 -9999.00
14.11 14.05 14.09 14.21 14.33 14.26 14.45 14.84 14.93 15.01 15.18 15.40 15.49 15.67 15.87 16.03 16.28 16.55 17.02 17.79 17.44 17.26 17.21 17.34 17.37 17.53 17.71 17.81 18.33 18.63 19.19 19.62 19.56 19.64 19.62 19.67 19.68 20.06 20.50 20.60 20.52 20.59 -9999.00 -9999.00 -9999.00 -9999.00 -9999.00 -9999.00 -9999.00 -9999.00 -9999.00 -9999.00 -9999.00 -9999.00 -9999.00 -9999.00 -9999.00 -9999.00 -9999.00 -9999.00 -9999.00 -9999.00 -9999.00 -9999.00 -9999.00 -9999.00 -9999.00 -9999.00 -9999.00 -9999.00 -9999.00
13.75 13.89 13.97 13.97 14.04 14.15 14.56 14.52 14.65 14.77 14.98 14.99 15.24 15.33 15.48 15.84 16.06 16.24 17.06 18.08 16.78 16.94 16.89 16.91 17.05 17.30 17.76 18.29 18.84 19.12 19.48 19.40 19.50 19.52 19.57 19.62 19.55 19.43 20.26 20.34 19.66 19.71 20.22 -9999.00 -9999.00 -9999.00 -9999.00 -9999.00 -9999.00 -9999.00 -9999.00 -9999.00 -9999.00 -9999.00 -9999.00 -9999.00 -9999.00 -9999.00 -9999.00 -9999.00 -9999.00 -9999.00 -9999.00 -9999.00 -9999.00 -9999.00 -9999.00 -9999.00 -9999.00 -9999.00 -9999.00
13.63 13.62 13.69 13.68 13.75 13.84 14.35 14.30 14.26 14.36 14.67 14.64 14.92 15.05 15.19 15.39 15.49 16.80 17.75 16.67 16.55 16.53 16.61 16.70 16.84 17.12 18.15 18.69 18.94 19.03 19.09 19.25 19.29 19.43 19.25 19.41 18.76 18.74 19.79 19.29 19.41 19.30 20.42 20.60 19.81 -9999.00 -9999.00 -9999.00 -9999.00 -9999.00 -9999.00 -9999.00 -9999.00 -9999.00 -9999.00 -9999.00 -9999.00 -9999.00 -9999.00 -9999.00 -9999.00 -9999.00 -9999.00 -9999.00 -9999.00 -9999.00 -9999.00 -9999.00 -9999.00 -9999.00 -9999.00
13.36 13.46 13.34 13.48 13.56 13.87 13.82 13.94 14.10 14.14 14.37 14.36 14.51 14.72 14.97 15.20 15.91 16.25 15.98 16.11 16.33 16.33 16.69 17.21 17.46 17.36 18.21 18.79 18.79 18.88 18.97 19.12 19.17 19.30 18.63 18.41 18.40 19.21 18.75 19.00 19.24 19.29 19.44 20.18 19.63 19.78 -9999.00 -9999.00 -9999.00 -9999.00 -9999.00 -9999.00 -9999.00 -9999.00 -9999.00 -9999.00 -9999.00 -9999.00 -9999.00 -9999.00 -9999.00 -9999.00 -9999.00 -9999.00 -9999.00 -9999.00 -9999.00 -9999.00 -9999.00 -9999.00 -9999.00
13.12 13.40 13.23 13.37 13.50 13.49 13.61 13.66 13.82 13.85 13.89 14.02 14.28 14.52 14.69 15.29 15.21 15.43 15.64 15.80 15.95 16.69 17.91 17.72 18.10 18.22 18.40 18.53 18.62 18.72 18.83 18.99 18.97 18.82 18.05 18.14 18.18 18.60 18.44 18.77 18.78 18.90 19.16 19.27 19.36 20.30 19.86 -9999.00 -9999.00 -9999.00 -9999.00 -9999.00 -9999.00 -9999.00 -9999.00 -9999.00 -9999.00 -9999.00 -9999.00 -9999.00 -9999.00 -9999.00 -9999.00 -9999.00 -9999.00 -9999.00 -9999.00 -9999.00 -9999.00 -9999.00 -9999.00
13.01 13.09 13.10 13.49 13.21 13.41 13.45 13.56 13.61 13.76 13.63 13.77 13.93 14.18 14.59 14.71 14.81 15.04 15.20 15.56 16.47 17.10 17.35 17.53 17.77 18.06 18.23 18.36 18.46 18.21 18.71 18.72 18.16 17.81 17.79 17.89 18.15 18.18 18.30 18.69 18.55 18.67 19.19 19.18 19.29 19.44 19.74 -9999.00 -9999.00 -9999.00 -9999.00 -9999.00 -9999.00 -9999.00 -9999.00 -9999.00 -9999.00 -9999.00 -9999.00 -9999.00 -9999.00 -9999.00 -9999.00 -9999.00 -9999.00 -9999.00 -9999.00 -9999.00 -9999.00 -9999.00 -9999.00
12.89 12.85 13.01 13.21 13.13 13.10 13.15 13.28 13.28 13.30 13.39 13.54 13.82 13.92 14.19 14.17 14.36 14.64 14.89 15.61 16.68 16.86 17.06 17.31 17.61 17.91 18.07 18.20 17.83 17.52 18.03 17.65 17.30 17.39 17.52 17.82 17.86 18.03 18.15 18.28 18.32 18.89 18.63 18.92 19.05 19.54 20.19 -9999.00 -9999.00 -9999.00 -9999.00 -9999.00 -9999.00 -9999.00 -9999.00 -9999.00 20.71 20.64 20.65 20.67 20.70 -9999.00 -9999.00 -9999.00 -9999.00 -9999.00 -9999.00 -9999.00 -9999.00 -9999.00 -9999.00
12.57 12.64 12.74 12.77 12.84 12.91 13.22 13.07 13.26 13.09 13.24 13.62 13.48 13.76 13.85 13.95 14.06 14.23 14.51 15.72 16.38 16.57 16.74 16.98 17.38 17.86 17.97 17.75 16.83 17.09 16.81 16.84 16.99 17.12 17.31 17.46 17.65 17.67 18.04 18.02 18.34 18.55 18.63 18.78 18.84 19.18 19.48 19.91 20.11 19.64 19.88 -9999.00 19.83 20.43 20.05 20.11 20.38 20.39 20.44 20.48 20.51 20.46 20.57 -9999.00 -9999.00 -9999.00 -9999.00 -9999.00 -9999.00 -9999.00 -9999.00
12.26 12.31 12.53 12.55 12.67 12.82 12.80 12.92 12.91 12.95 13.26 13.14 13.19 13.43 13.53 13.68 13.78 14.26 15.20 15.86 16.09 16.25 16.42 16.42 17.60 17.78 17.76 16.96 16.48 16.46 16.47 16.56 16.75 16.92 16.97 17.24 17.48 17.69 17.56 17.83 17.94 18.12 18.14 18.28 18.67 18.59 18.85 19.50 19.75 19.49 19.72 19.70 19.56 20.07 19.78 19.99 19.97 20.11 20.13 20.24 20.31 20.27 20.41 20.44 20.53 -9999.00 -9999.00 -9999.00 -9999.00 -9999.00 -9999.00
11.96 12.11 12.42 12.48 12.33 12.72 12.61 12.62 12.64 12.84 12.80 12.92 13.11 13.29 13.35 13.70 14.74 15.28 15.35 15.57 15.79 15.95 15.79 16.68 17.09 17.53 17.36 16.43 16.10 16.09 16.12 16.33 16.57 16.61 16.73 16.93 17.12 17.23 17.63 17.48 17.69 17.74 17.83 18.04 18.07 18.24 18.63 19.02 19.11 19.12 19.22 19.16 19.34 19.34 19.54 19.66 19.82 19.79 19.91 19.94 19.98 20.11 20.19 20.32 20.41 20.53 -9999.00 -9999.00 -9999.00 -9999.00 -9999.00
11.81 11.90 11.94 12.13 12.23 12.38 12.37 12.46 12.64 12.72 12.65 12.80 12.90 13.11 13.73 14.80 15.03 15.03 15.06 15.34 15.51 15.29 14.80 14.98 15.69 16.39 16.37 15.95 15.63 15.80 15.84 16.02 16.18 16.32 16.52 16.77 17.00 16.99 17.19 17.51 17.38 17.42 17.58 17.67 17.74 17.93 18.47 18.50 18.58 18.83 18.78 18.90 19.11 19.15 19.24 19.44 19.54 19.56 19.66 19.74 19.77 19.85 19.94 20.20 20.30 20.34 20.31 20.37 -9999.00 -9999.00 -9999.00
11.59 11.77 11.90 11.92 12.11 12.15 12.23 12.40 12.56 12.45 12.51 12.73 13.07 14.33 14.73 14.90 14.85 14.86 15.05 15.20 15.00 14.49 14.29 14.65 14.66 14.96 15.33 15.16 15.34 15.46 15.57 15.87 15.98 16.26 16.29 16.66 16.58 16.76 16.87 17.18 17.04 17.24 17.27 17.36 17.44 17.64 17.77 18.00 18.64 18.24 18.42 18.69 18.98 18.86 18.99 19.10 19.27 19.27 19.41 19.53 19.62 19.68 19.86 19.99 20.03 20.07 20.15 20.24 20.44 20.52 -9999.00
11.40 11.58 11.68 11.82 12.01 12.01 12.24 12.21 12.24 12.32 12.52 12.68 13.80 14.67 14.79 14.85 14.71 14.78 14.84 14.66 14.21 13.86 14.13 14.22 14.36 14.54 14.70 14.78 15.16 15.07 15.29 15.45 15.69 15.91 16.03 16.31 16.29 16.83 16.56 16.82 16.83 16.79 17.04 17.01 17.12 17.34 17.47 17.67 18.00 17.89 18.21 18.67 18.47 18.60 18.70 18.83 19.01 19.03 19.16 19.37 19.44 19.53 19.56 19.72 19.75 19.82 19.94 20.14 20.23 20.37 -9999.00
11.26 11.40 11.52 11.80 11.79 12.02 11.99 12.01 12.17 12.23 12.42 13.49 14.66 14.72 14.76 14.69 14.63 14.57 14.33 13.50 13.55 13.60 13.81 13.93 14.07 14.24 14.49 14.59 14.71 14.81 14.94 15.04 15.34 15.60 16.04 15.82 15.98 16.35 16.27 16.44 16.50 16.65 16.73 16.78 16.86 17.02 17.16 17.33 17.45 17.67 18.10 18.10 18.17 18.30 18.45 18.59 18.76 18.80 18.89 19.13 19.23 19.23 19.29 19.36 19.53 19.62 19.71 19.92 20.03 20.13 20.35
11.19 11.31 11.41 11.62 11.71 11.98 11.84 11.96 12.07 12.21 13.21 14.69 14.77 14.65 14.61 14.45 14.53 14.41 13.75 13.18 13.34 13.53 13.62 13.71 13.84 14.12 14.28 14.47 14.42 14.43 14.52 14.69 14.94 15.24 15.54 15.48 15.66 16.02 15.99 16.11 16.19 16.32 16.47 16.47 16.61 16.77 16.91 17.09 17.33 17.49 17.66 17.78 17.81 17.95 18.11 18.31 18.43 18.49 18.72 18.79 18.92 18.94 19.00 19.15 19.37 19.43 19.52 19.70 19.82 19.92 20.20
10.92 10.98 11.28 11.50 11.62 11.65 11.75 11.78 11.87 12.59 14.22 14.88 14.81 14.59 14.30 14.23 14.23 14.19 13.32 13.08 13.23 13.36 13.41 13.50 13.64 13.97 13.93 14.01 14.07 14.11 14.24 14.45 14.75 15.07 15.00 15.17 15.35 15.54 15.64 15.74 15.88 15.96 16.17 16.19 16.30 16.47 16.65 16.87 17.02 17.19 17.33 17.40 17.47 17.67 17.87 18.10 18.27 18.35 18.41 18.44 18.59 18.64 18.79 18.96 19.13 19.21 19.45 19.49 19.59 19.77 19.86
10.82 10.86 11.12 11.38 11.65 11.48 11.50 11.61 11.74 13.12 14.82 14.71 14.37 14.15 14.01 14.06 14.10 14.03 13.48 12.87 13.04 13.10 13.20 13.37 13.58 13.72 13.66 13.70 13.78 13.86 14.07 14.21 14.71 14.55 14.73 14.92 15.14 15.21 15.35 15.40 15.46 15.61 15.80 15.88 16.02 16.19 16.34 16.52 16.71 16.81 16.90 17.08 17.27 17.56 17.81 17.86 18.07 18.13 18.09 18.15 18.26 18.39 18.54 18.83 18.88 19.07 19.27 19.28 19.37 19.52 19.55
10.53 10.75 10.97 11.25 11.40 11.31 11.26 11.35 11.73 13.44 14.67 14.10 13.24 13.97 13.94 13.92 14.03 13.88 13.69 13.07 12.89 12.95 13.10 13.17 13.24 13.39 13.51 13.58 13.57 13.66 13.81 14.01 14.46 14.30 14.49 14.65 14.73 14.80 14.98 15.05 15.14 15.22 15.41 15.51 15.73 15.88 16.07 16.19 16.39 16.44 16.64 16.82 17.05 17.23 17.29 17.42 17.83 17.61 17.63 17.85 17.97 18.09 18.29 18.49 18.66 18.82 18.97 19.06 19.16 19.28 19.32
10.41 10.66 10.88 11.01 11.08 11.01 11.04 11.20 11.63 13.71 14.09 13.32 13.76 13.81 13.79 13.85 13.88 13.78 13.56 13.01 12.68 12.79 12.91 13.03 13.11 13.19 13.32 13.42 13.39 13.46 13.60 13.70 13.92 13.96 14.21 14.31 14.41 14.38 14.54 14.55 14.66 14.87 15.03 15.17 15.43 15.49 15.65 15.84 15.99 16.10 16.37 16.57 16.70 16.83 16.84 17.00 17.18 17.26 17.28 17.46 17.60 17.72 17.93 18.27 18.39 18.53 18.69 18.81 18.96 19.02 19.14
10.34 10.44 10.87 10.84 10.79 10.72 10.93 11.15 11.98 12.41 13.14 13.92 13.85 13.76 13.70 13.69 13.68 13.60 13.48 12.79 12.49 12.63 12.74 12.84 12.88 13.09 13.07 13.21 13.18 13.36 13.42 13.62 13.66 13.75 13.91 14.12 14.10 14.16 14.23 14.26 14.32 14.56 14.62 14.78 14.96 15.10 15.27 15.43 15.57 15.81 15.99 16.19 16.35 16.47 16.51 16.71 16.75 16.95 17.12 17.11 17.31 17.45 17.73 17.91 18.09 18.26 18.36 18.55 18.68 18.79 18.89
10.22 10.43 10.45 10.54 10.42 10.74 10.98 11.03 11.25 11.54 12.93 13.89 13.79 13.64 13.54 13.50 13.55 13.51 13.47 12.99 12.39 12.56 12.62 12.73 12.73 12.99 12.90 12.96 13.05 13.27 13.55 13.45 13.53 13.63 13.71 13.82 13.78 13.91 14.03 14.02 14.17 14.13 14.23 14.43 14.58 14.75 14.89 15.06 15.20 15.41 15.64 15.77 15.93 16.01 16.10 16.30 16.40 16.57 16.75 16.89 17.05 17.24 17.41 17.63 17.75 17.90 18.07 18.28 18.35 18.53 18.66
9.86 9.98 10.20 10.29 10.33 10.59 10.58 10.84 11.00 11.18 12.15 13.47 13.39 13.31 13.29 13.39 13.46 13.46 13.47 13.02 12.28 12.45 12.59 12.62 12.68 12.78 12.75 12.83 12.98 13.26 13.19 13.25 13.28 13.34 13.45 13.50 13.59 13.63 13.78 13.84 13.82 13.90 13.99 14.07 14.26 14.37 14.51 14.62 14.80 15.04 15.13 15.38 15.56 15.65 15.69 15.79 16.11 16.23 16.43 16.65 16.76 16.96 17.12 17.34 17.39 17.57 17.72 17.89 18.08 18.27 18.49
9.73 9.79 9.93 10.08 10.35 10.27 10.41 10.64 10.78 11.01 11.10 11.66 12.70 12.88 13.02 13.14 13.27 13.38 13.37 13.04 12.13 12.21 12.31 12.51 12.67 12.58 12.69 12.81 12.97 12.99 12.92 13.02 13.03 13.11 13.22 13.28 13.34 13.42 13.54 13.60 13.60 13.64 13.71 13.82 13.98 14.03 14.06 14.24 14.42 14.54 14.72 14.95 15.14 15.21 15.30 15.52 15.78 15.95 16.14 16.36 16.46 16.60 16.75 16.83 17.05 17.22 17.43 17.60 17.75 17.99 18.18
9.24 9.42 9.63 9.80 9.95 9.99 10.14 10.29 10.58 10.71 11.21 12.17 12.34 12.56 12.81 12.98 13.13 13.27 13.23 12.83 12.02 12.11 12.17 12.41 12.47 12.48 12.59 12.67 12.71 12.95 12.77 12.84 12.88 12.91 13.00 13.03 13.14 13.32 13.35 13.34 13.43 13.46 13.52 13.62 13.67 13.72 13.74 13.85 13.98 14.17 14.37 14.56 14.78 14.89 14.97 15.10 15.41 15.69 15.89 16.03 16.16 16.25 16.45 16.57 16.73 16.92 17.13 17.29 17.44 17.64 17.90
8.89 9.44 9.28 9.69 9.69 9.84 9.89 10.08 10.30 10.56 11.89 12.07 12.15 12.34 12.51 12.75 13.00 13.11 13.10 12.20 11.83 11.93 12.03 12.21 12.23 12.43 12.43 12.58 12.60 12.63 12.69 12.74 12.71 12.79 12.87 12.88 12.93 13.04 13.18 13.19 13.28 13.35 13.37 13.40 13.39 13.40 13.45 13.56 13.64 13.80 13.97 14.21 14.38 14.50 14.57 14.82 15.15 15.41 15.54 15.71 15.78 15.94 16.07 16.13 16.41 16.63 16.80 17.02 17.16 17.31 17.50
8.61 8.79 8.93 9.10 9.26 9.49 9.63 9.78 10.06 10.55 11.75 11.82 11.89 12.09 12.31 12.58 12.83 12.97 12.65 11.66 11.71 11.79 11.87 11.96 12.25 12.23 12.40 12.37 12.51 12.48 12.57 12.58 12.56 12.63 12.71 12.71 12.76 12.87 12.87 13.04 13.10 13.17 13.18 13.14 13.12 13.16 13.17 13.29 13.38 13.48 13.68 13.91 14.03 14.17 14.33 14.50 14.77 14.95 15.09 15.24 15.26 15.54 15.76 15.87 16.00 16.31 16.50 16.61 16.73 16.83 16.98
8.27 8.42 8.63 8.79 8.96 9.08 9.45 10.28 11.13 11.34 11.54 11.57 11.65 11.88 12.18 12.24 12.38 12.40 11.61 11.42 11.51 11.62 11.71 11.85 11.96 12.06 12.22 12.18 12.39 12.33 12.40 12.43 12.47 12.60 12.69 12.65 12.67 12.79 12.77 12.89 13.02 13.05 13.02 12.92 12.88 12.90 12.93 13.03 13.15 13.29 13.47 13.67 13.92 13.99 14.08 14.20 14.30 14.43 14.58 14.79 14.89 15.03 15.28 15.52 15.80 15.94 16.10 16.33 16.32 16.42 16.64
8.12 8.05 8.23 8.39 8.58 8.94 10.46 11.09 11.18 11.26 11.32 11.30 11.42 11.62 11.89 11.90 11.78 11.09 11.14 11.17 11.32 11.44 11.57 11.76 11.88 11.97 11.99 12.07 12.19 12.17 12.26 12.35 12.44 12.66 12.61 12.73 12.76 12.75 12.75 12.77 12.84 12.80 12.75 12.70 12.66 12.69 12.73 12.82 12.91 13.08 13.25 13.62 13.74 13.79 13.92 13.95 13.97 14.12 14.19 14.34 14.42 14.61 14.83 15.11 15.28 15.50 15.67 15.77 15.87 16.03 16.29
7.63 7.81 7.92 8.07 8.28 9.44 10.95 11.07 11.07 11.00 11.04 11.02 11.10 11.25 11.36 11.46 10.97 10.85 10.88 10.93 11.12 11.32 11.41 11.55 11.68 11.77 11.83 11.96 11.94 12.03 12.14 12.29 12.39 12.43 12.56 12.69 12.71 12.74 12.73 12.68 12.59 12.56 12.47 12.52 12.46 12.50 12.54 12.61 12.70 12.82 13.18 13.62 13.63 13.63 13.62 13.59 13.65 13.79 13.84 13.86 13.94 14.18 14.43 14.59 14.75 15.01 15.18 15.27 15.41 15.62 15.78
7.40 7.57 7.61 7.78 7.96 8.91 10.23 10.91 10.66 10.53 10.61 10.62 10.73 10.85 10.94 10.97 10.49 10.56 10.61 10.75 10.94 11.10 11.23 11.28 11.44 11.61 11.63 11.82 11.79 11.92 12.06 12.21 12.35 12.39 12.51 12.60 12.55 12.56 12.56 12.55 12.46 12.34 12.26 12.27 12.25 12.33 12.32 12.40 12.39 12.56 13.25 13.53 13.48 13.21 13.08 13.19 13.24 13.33 13.44 13.40 13.49 13.68 13.93 14.14 14.36 14.47 14.62 14.83 15.00 15.16 15.26
