maui/input/air_temperature_monthly/tminfeb_250m_maui.asc
ncols        356
nrows        236
xllcorner    -156.702000000000
yllcorner    20.529750000000
cellsize     0.002250000000
NODATA_value  -99.00
[rows 96 to 127 of 236, columns 216 to 287 of 356]
12.55 12.65 12.72 12.85 12.97 12.95 13.10 13.65 13.44 13.49 13.79 13.76 13.99 14.09 14.35 14.47 15.46 15.91 15.10 15.04 14.86 15.04 15.02 15.01 15.31 15.39 15.97 16.52 16.65 16.81 16.69 16.74 16.75 16.80 17.22 17.42 17.43 17.48 17.52 -9999.00 -9999.00 -9999.00 -9999.00 -9999.00 -9999.00 -9999.00 -9999.00 -9999.00 -9999.00 -9999.00 -9999.00 -9999.00 -9999.00 -9999.00 -9999.00 -9999.00 -9999.00 -9999.00 -9999.00 -9999.00 -9999.00 -9999.00 -9999.00 -9999.00 -9999.00 -9999.00 -9999.00 -9999.00 -9999.00 -9999.00 -9999.00 -9999.00
12.28 12.52 12.46 12.56 12.68 12.91 13.20 13.20 13.28 13.58 13.61 13.80 13.81 14.12 14.14 14.32 14.98 15.22 14.55 14.65 14.70 14.94 14.79 14.89 15.04 15.33 15.64 16.33 16.63 16.59 16.62 16.65 16.69 16.65 17.31 17.46 17.50 17.52 17.54 -9999.00 -9999.00 -9999.00 -9999.00 -9999.00 -9999.00 -9999.00 -9999.00 -9999.00 -9999.00 -9999.00 -9999.00 -9999.00 -9999.00 -9999.00 -9999.00 -9999.00 -9999.00 -9999.00 -9999.00 -9999.00 -9999.00 -9999.00 -9999.00 -9999.00 -9999.00 -9999.00 -9999.00 -9999.00 -9999.00 -9999.00 -9999.00 -9999.00
12.16 12.30 12.25 12.44 12.82 12.89 12.94 13.06 13.22 13.26 13.38 13.51 13.60 13.77 13.96 14.37 15.09 14.71 14.49 14.41 14.50 14.49 14.62 14.77 14.85 15.34 15.62 16.15 16.56 16.49 16.57 16.55 16.60 16.61 16.98 17.40 17.49 17.41 17.47 -9999.00 -9999.00 -9999.00 -9999.00 -9999.00 -9999.00 -9999.00 -9999.00 -9999.00 -9999.00 -9999.00 -9999.00 -9999.00 -9999.00 -9999.00 -9999.00 -9999.00 -9999.00 -9999.00 -9999.00 -9999.00 -9999.00 -9999.00 -9999.00 -9999.00 -9999.00 -9999.00 -9999.00 -9999.00 -9999.00 -9999.00 -9999.00 -9999.00
11.93 12.02 12.16 12.58 12.54 12.67 12.77 12.94 12.90 13.10 13.14 13.23 13.50 13.63 13.73 14.47 15.43 14.12 14.23 14.15 14.14 14.24 14.45 14.87 15.36 15.87 16.12 16.45 16.36 16.45 16.46 16.51 16.55 16.49 16.37 17.17 17.25 16.59 16.63 17.12 -9999.00 -9999.00 -9999.00 -9999.00 -9999.00 -9999.00 -9999.00 -9999.00 -9999.00 -9999.00 -9999.00 -9999.00 -9999.00 -9999.00 -9999.00 -9999.00 -9999.00 -9999.00 -9999.00 -9999.00 -9999.00 -9999.00 -9999.00 -9999.00 -9999.00 -9999.00 -9999.00 -9999.00 -9999.00 -9999.00 -9999.00 -9999.00
11.65 11.76 11.88 12.41 12.38 12.34 12.43 12.71 12.65 12.89 12.97 13.05 13.15 13.17 14.36 15.21 14.11 13.95 13.88 13.93 13.98 14.09 14.33 15.30 15.80 16.01 16.07 16.10 16.23 16.26 16.39 16.20 16.36 15.73 15.71 16.73 16.25 16.36 16.25 17.32 17.49 16.71 -9999.00 -9999.00 -9999.00 -9999.00 -9999.00 -9999.00 -9999.00 -9999.00 -9999.00 -9999.00 -9999.00 -9999.00 -9999.00 -9999.00 -9999.00 -9999.00 -9999.00 -9999.00 -9999.00 -9999.00 -9999.00 -9999.00 -9999.00 -9999.00 -9999.00 -9999.00 -9999.00 -9999.00 -9999.00 -9999.00
11.45 11.57 11.92 11.91 12.06 12.24 12.29 12.50 12.48 12.60 12.76 12.94 13.08 13.67 13.91 13.58 13.64 13.79 13.74 14.05 14.53 14.74 14.63 15.42 15.94 15.91 15.97 16.03 16.14 16.17 16.29 15.63 15.41 15.39 16.18 15.73 15.97 16.19 16.25 16.39 17.09 16.56 16.70 -9999.00 -9999.00 -9999.00 -9999.00 -9999.00 -9999.00 -9999.00 -9999.00 -9999.00 -9999.00 -9999.00 -9999.00 -9999.00 -9999.00 -9999.00 -9999.00 -9999.00 -9999.00 -9999.00 -9999.00 -9999.00 -9999.00 -9999.00 -9999.00 -9999.00 -9999.00 -9999.00 -9999.00 -9999.00
11.33 11.52 11.56 11.72 11.82 12.01 12.07 12.12 12.24 12.48 12.70 12.81 13.30 13.12 13.24 13.35 13.42 13.49 14.15 15.29 15.07 15.42 15.51 15.66 15.75 15.81 15.87 15.94 16.06 16.02 15.86 15.10 15.18 15.21 15.61 15.45 15.77 15.76 15.88 16.12 16.23 16.31 17.22 16.79 -9999.00 -9999.00 -9999.00 -9999.00 -9999.00 -9999.00 -9999.00 -9999.00 -9999.00 -9999.00 -9999.00 -9999.00 -9999.00 -9999.00 -9999.00 -9999.00 -9999.00 -9999.00 -9999.00 -9999.00 -9999.00 -9999.00 -9999.00 -9999.00 -9999.00 -9999.00 -9999.00 -9999.00
11.44 11.22 11.48 11.58 11.74 11.84 12.03 11.93 12.07 12.23 12.47 12.85 12.89 12.88 13.00 13.05 13.29 14.08 14.62 14.81 14.95 15.15 15.40 15.55 15.64 15.70 15.43 15.88 15.86 15.29 14.93 14.89 14.98 15.22 15.24 15.35 15.71 15.57 15.67 16.17 16.15 16.25 16.40 16.69 -9999.00 -9999.00 -9999.00 -9999.00 -9999.00 -9999.00 -9999.00 -9999.00 -9999.00 -9999.00 -9999.00 -9999.00 -9999.00 -9999.00 -9999.00 -9999.00 -9999.00 -9999.00 -9999.00 -9999.00 -9999.00 -9999.00 -9999.00 -9999.00 -9999.00 -9999.00 -9999.00 -9999.00
11.14 11.13 11.16 11.28 11.47 11.53 11.60 11.72 11.89 12.17 12.28 12.53 12.47 12.58 12.76 12.88 13.46 14.39 14.50 14.62 14.82 15.07 15.32 15.44 15.54 15.16 14.82 15.28 14.88 14.51 14.58 14.69 14.96 14.98 15.13 15.24 15.36 15.38 15.92 15.65 15.92 16.04 16.51 17.13 -9999.00 -9999.00 -9999.00 -9999.00 -9999.00 -9999.00 -9999.00 -9999.00 -9999.00 17.54 17.46 17.45 17.46 17.48 -9999.00 -9999.00 -9999.00 -9999.00 -9999.00 -9999.00 -9999.00 -9999.00 -9999.00 -9999.00 -9999.00 -9999.00 -9999.00 -9999.00
10.69 10.82 10.95 11.33 11.26 11.50 11.39 11.57 11.97 11.86 12.15 12.23 12.31 12.37 12.48 12.65 13.70 14.23 14.33 14.43 14.60 14.94 15.35 15.43 15.18 14.25 14.47 14.17 14.16 14.28 14.38 14.55 14.67 14.84 14.85 15.19 15.15 15.44 15.63 15.69 15.83 15.87 16.19 16.48 16.88 17.06 16.61 16.83 -9999.00 16.76 17.33 16.96 17.00 17.25 17.24 17.28 17.30 17.32 17.26 17.36 -9999.00 -9999.00 -9999.00 -9999.00 -9999.00 -9999.00 -9999.00 -9999.00 -9999.00 -9999.00 -9999.00 -9999.00
10.46 10.63 10.84 10.89 11.09 11.15 11.24 11.59 11.51 11.58 11.83 11.93 12.08 12.16 12.58 13.42 13.97 14.09 14.16 14.25 14.18 15.25 15.38 15.32 14.51 14.00 13.94 13.91 13.97 14.11 14.26 14.30 14.53 14.74 14.93 14.78 15.02 15.11 15.26 15.27 15.39 15.75 15.67 15.90 16.51 16.74 16.48 16.69 16.67 16.52 17.01 16.72 16.91 16.88 17.00 17.00 17.09 17.15 17.10 17.22 17.25 17.32 -9999.00 -9999.00 -9999.00 -9999.00 -9999.00 -9999.00 -9999.00 -9999.00 -9999.00 -9999.00
10.35 10.26 10.72 10.68 10.77 10.87 11.13 11.14 11.27 11.48 11.68 11.75 12.11 13.11 13.61 13.63 13.79 13.94 14.02 13.78 14.57 14.88 15.25 15.04 14.11 13.74 13.69 13.66 13.83 14.02 14.04 14.14 14.30 14.46 14.53 14.90 14.74 14.93 14.95 15.03 15.21 15.23 15.37 15.73 16.09 16.17 16.15 16.23 16.17 16.32 16.33 16.51 16.61 16.76 16.72 16.82 16.83 16.86 16.97 17.03 17.15 17.23 17.33 -9999.00 -9999.00 -9999.00 -9999.00 -9999.00 -9999.00 -9999.00 -9999.00 -9999.00
9.99 10.14 10.35 10.41 10.58 10.83 10.99 10.96 11.12 11.25 11.48 12.11 13.16 13.39 13.38 13.39 13.63 13.76 13.50 12.96 13.06 13.67 14.28 14.21 13.77 13.40 13.52 13.51 13.63 13.74 13.85 14.01 14.22 14.40 14.36 14.53 14.82 14.69 14.71 14.84 14.92 14.97 15.13 15.64 15.64 15.71 15.93 15.85 15.96 16.15 16.17 16.25 16.43 16.51 16.52 16.60 16.66 16.67 16.74 16.82 17.06 17.14 17.17 17.13 17.18 -9999.00 -9999.00 -9999.00 -9999.00 -9999.00 -9999.00 -9999.00
9.74 9.99 10.08 10.22 10.45 10.69 10.65 10.76 11.01 11.38 12.63 13.05 13.23 13.20 13.21 13.40 13.53 13.32 12.80 12.57 12.86 12.80 13.03 13.33 13.11 13.23 13.30 13.35 13.59 13.66 13.89 13.88 14.20 14.07 14.21 14.27 14.56 14.41 14.59 14.60 14.68 14.75 14.92 15.02 15.23 15.82 15.41 15.57 15.81 16.07 15.94 16.05 16.14 16.28 16.27 16.38 16.47 16.56 16.61 16.77 16.88 16.91 16.93 16.99 17.07 17.25 17.33 -9999.00 -9999.00 -9999.00 -9999.00 -9999.00
9.60 9.83 9.89 10.17 10.19 10.28 10.44 10.70 10.91 12.04 12.93 13.08 13.17 13.04 13.12 13.18 13.01 12.57 12.22 12.47 12.51 12.60 12.74 12.83 12.85 13.16 13.03 13.19 13.30 13.49 13.65 13.73 13.96 13.89 14.36 14.06 14.28 14.27 14.20 14.44 14.41 14.51 14.69 14.80 14.98 15.27 15.14 15.42 15.85 15.64 15.74 15.83 15.93 16.08 16.07 16.17 16.35 16.42 16.49 16.50 16.64 16.66 16.71 16.82 17.00 17.08 17.20 -9999.00 -9999.00 -9999.00 -9999.00 -9999.00
9.52 9.57 9.84 9.86 9.91 10.12 10.25 10.51 11.62 12.81 12.93 13.01 12.98 12.94 12.89 12.66 11.87 11.93 11.97 12.18 12.28 12.39 12.52 12.71 12.76 12.83 12.88 12.96 13.02 13.25 13.46 13.85 13.60 13.70 14.01 13.87 14.00 14.03 14.15 14.22 14.25 14.31 14.44 14.57 14.71 14.80 14.99 15.38 15.37 15.42 15.52 15.64 15.76 15.90 15.91 15.96 16.17 16.25 16.23 16.27 16.32 16.47 16.54 16.62 16.81 16.91 17.00 17.20 17.34 -9999.00 -9999.00 -9999.00
9.30 9.43 9.74 9.64 9.80 9.94 10.15 11.19 12.69 12.84 12.80 12.82 12.71 12.81 12.71 12.08 11.54 11.71 11.90 11.99 12.07 12.19 12.44 12.56 12.71 12.63 12.61 12.67 12.79 12.98 13.23 13.48 13.38 13.50 13.79 13.71 13.79 13.83 13.93 14.05 14.03 14.14 14.26 14.39 14.53 14.74 14.87 15.03 15.12 15.13 15.25 15.39 15.56 15.64 15.67 15.86 15.90 16.00 15.99 16.01 16.15 16.34 16.39 16.46 16.62 16.73 16.82 17.08 17.09 17.14 -9999.00 -9999.00
9.13 9.28 9.35 9.49 9.55 9.68 10.44 12.08 12.78 12.79 12.65 12.45 12.44 12.47 12.46 11.63 11.42 11.58 11.72 11.77 11.87 12.00 12.31 12.25 12.30 12.35 12.37 12.48 12.65 12.91 13.17 13.06 13.19 13.31 13.45 13.49 13.54 13.64 13.69 13.87 13.85 13.92 14.05 14.20 14.38 14.50 14.64 14.76 14.82 14.86 15.04 15.22 15.43 15.56 15.61 15.64 15.63 15.74 15.75 15.86 16.00 16.13 16.20 16.42 16.45 16.53 16.70 16.79 16.82 16.92 17.17 17.60
8.96 9.26 9.13 9.18 9.33 9.50 10.88 12.59 12.53 12.27 12.14 12.08 12.19 12.28 12.26 11.74 11.18 11.36 11.43 11.54 11.72 11.93 12.07 12.00 12.03 12.11 12.18 12.37 12.48 12.95 12.75 12.90 13.05 13.22 13.24 13.33 13.32 13.35 13.46 13.60 13.64 13.73 13.86 13.97 14.12 14.28 14.34 14.42 14.56 14.73 15.00 15.22 15.25 15.44 15.48 15.41 15.42 15.50 15.58 15.68 15.92 15.94 16.10 16.27 16.27 16.34 16.49 16.52 16.63 16.74 16.98 17.36
8.80 8.98 8.91 8.90 9.01 9.42 11.12 12.36 11.86 11.09 11.87 11.91 11.96 12.13 12.03 11.88 11.33 11.17 11.25 11.41 11.50 11.59 11.74 11.86 11.94 11.93 12.01 12.16 12.34 12.76 12.57 12.73 12.85 12.92 12.96 13.09 13.11 13.15 13.19 13.33 13.38 13.55 13.65 13.79 13.89 14.05 14.08 14.24 14.39 14.58 14.74 14.77 14.89 15.28 15.04 15.03 15.21 15.29 15.35 15.50 15.65 15.78 15.91 16.02 16.09 16.17 16.29 16.32 16.43 16.54 16.78 16.97
8.53 8.62 8.57 8.63 8.81 9.26 11.32 11.73 11.03 11.51 11.63 11.67 11.78 11.88 11.83 11.67 11.19 10.90 11.05 11.19 11.33 11.43 11.52 11.66 11.77 11.75 11.83 11.98 12.06 12.27 12.29 12.51 12.58 12.66 12.61 12.75 12.73 12.79 12.96 13.07 13.15 13.35 13.37 13.48 13.65 13.76 13.84 14.06 14.23 14.32 14.42 14.41 14.56 14.71 14.77 14.76 14.90 15.00 15.07 15.22 15.51 15.59 15.69 15.81 15.90 16.03 16.08 16.17 16.25 16.38 16.56 16.74
8.32 8.30 8.25 8.47 8.70 9.54 9.99 10.73 11.54 11.52 11.48 11.48 11.52 11.56 11.54 11.49 10.88 10.64 10.82 10.96 11.09 11.17 11.38 11.40 11.55 11.53 11.73 11.80 12.00 12.03 12.11 12.24 12.43 12.40 12.45 12.51 12.51 12.55 12.75 12.77 12.89 13.01 13.10 13.22 13.34 13.45 13.65 13.80 13.95 14.07 14.15 14.17 14.36 14.38 14.54 14.68 14.63 14.78 14.86 15.10 15.23 15.37 15.50 15.56 15.72 15.82 15.90 15.98 16.10 16.21 16.43 16.51
7.98 7.89 8.23 8.48 8.55 8.78 9.09 10.47 11.44 11.37 11.27 11.22 11.24 11.33 11.35 11.36 10.96 10.44 10.66 10.76 10.90 10.95 11.23 11.18 11.26 11.38 11.61 11.91 11.82 11.91 12.00 12.08 12.17 12.12 12.25 12.35 12.33 12.46 12.40 12.48 12.65 12.75 12.87 12.97 13.09 13.19 13.37 13.55 13.63 13.74 13.79 13.87 14.05 14.13 14.27 14.40 14.49 14.59 14.72 14.85 15.02 15.11 15.22 15.35 15.53 15.57 15.71 15.81 16.00 16.11 16.23 16.32
7.68 7.75 8.03 8.05 8.32 8.49 8.69 9.65 10.95 10.91 10.85 10.88 11.02 11.13 11.19 11.26 10.90 10.24 10.44 10.62 10.69 10.79 10.93 10.94 11.07 11.25 11.56 11.52 11.60 11.65 11.72 11.83 11.87 11.96 12.00 12.14 12.19 12.17 12.23 12.30 12.37 12.52 12.60 12.70 12.76 12.91 13.10 13.15 13.35 13.47 13.53 13.56 13.65 13.94 14.02 14.17 14.33 14.38 14.52 14.63 14.81 14.83 14.98 15.08 15.22 15.38 15.53 15.71 15.80 15.84 15.93 16.01
7.42 7.72 7.67 7.84 8.08 8.24 8.48 8.59 9.16 10.16 10.35 10.52 10.69 10.86 11.01 11.06 10.82 9.99 10.10 10.23 10.46 10.66 10.62 10.77 10.94 11.14 11.21 11.19 11.32 11.37 11.47 11.58 11.65 11.72 11.80 11.92 11.98 11.99 12.01 12.07 12.16 12.30 12.32 12.33 12.47 12.63 12.72 12.85 13.03 13.18 13.20 13.27 13.48 13.70 13.83 13.97 14.13 14.17 14.26 14.36 14.40 14.57 14.70 14.88 15.01 15.13 15.33 15.48 15.55 15.65 15.65 15.61
7.11 7.28 7.35 7.52 7.69 8.00 8.15 8.64 9.59 9.77 10.00 10.26 10.46 10.64 10.82 10.83 10.51 9.77 9.89 9.99 10.26 10.35 10.40 10.54 10.67 10.76 11.06 10.94 11.07 11.14 11.22 11.33 11.37 11.50 11.70 11.74 11.73 11.82 11.85 11.90 11.99 12.03 12.06 12.06 12.15 12.25 12.44 12.59 12.74 12.92 12.99 13.05 13.15 13.42 13.65 13.80 13.90 13.98 14.02 14.15 14.22 14.34 14.49 14.66 14.78 14.90 15.06 15.27 15.27 15.27 15.35 15.39
6.97 6.98 7.15 7.23 7.44 7.68 7.95 9.25 9.45 9.53 9.73 9.92 10.18 10.44 10.58 10.61 9.79 9.48 9.62 9.75 9.95 10.00 10.24 10.27 10.45 10.53 10.61 10.73 10.84 10.87 11.01 11.11 11.16 11.24 11.39 11.55 11.57 11.67 11.74 11.76 11.78 11.77 11.77 11.80 11.90 11.97 12.12 12.26 12.47 12.61 12.70 12.74 12.96 13.25 13.46 13.55 13.66 13.69 13.80 13.87 13.88 14.11 14.29 14.41 14.59 14.69 14.81 14.96 14.96 14.55 14.88 15.06
6.38 6.54 6.78 6.93 7.10 7.39 7.89 9.07 9.15 9.24 9.45 9.68 9.96 10.22 10.38 10.11 9.18 9.27 9.38 9.49 9.61 9.92 9.93 10.13 10.14 10.32 10.34 10.48 10.53 10.58 10.71 10.84 10.90 10.99 11.15 11.19 11.39 11.46 11.53 11.55 11.52 11.51 11.54 11.55 11.67 11.75 11.84 12.02 12.23 12.32 12.44 12.57 12.72 12.95 13.10 13.19 13.30 13.27 13.49 13.64 13.70 13.80 14.06 14.20 14.28 14.35 14.41 14.51 14.72 14.25 14.54 14.92
6.06 6.23 6.35 6.72 7.54 8.38 8.61 8.82 8.87 8.96 9.20 9.51 9.59 9.74 9.79 9.04 8.89 9.01 9.14 9.24 9.41 9.55 9.68 9.85 9.85 10.10 10.08 10.19 10.25 10.35 10.53 10.69 10.70 10.78 10.96 11.00 11.17 11.32 11.36 11.36 11.28 11.26 11.29 11.32 11.42 11.54 11.68 11.84 12.03 12.25 12.30 12.37 12.47 12.56 12.66 12.78 12.94 12.99 13.07 13.26 13.44 13.67 13.78 13.90 14.09 14.03 14.08 14.24 14.34 14.37 14.48 14.57
5.65 5.84 6.19 7.67 8.29 8.39 8.48 8.56 8.56 8.70 8.91 9.19 9.22 9.12 8.46 8.53 8.59 8.76 8.90 9.04 9.25 9.39 9.51 9.55 9.65 9.81 9.82 9.95 10.06 10.20 10.46 10.46 10.63 10.72 10.78 10.85 10.93 11.05 11.05 11.05 11.03 11.01 11.06 11.12 11.21 11.31 11.49 11.65 12.00 12.10 12.14 12.25 12.26 12.28 12.41 12.47 12.57 12.61 12.75 12.91 13.13 13.25 13.43 13.55 13.62 13.67 13.77 13.96 14.08 14.14 14.09 14.16
5.30 5.53 6.66 8.13 8.25 8.26 8.20 8.25 8.24 8.33 8.50 8.62 8.74 8.29 8.18 8.24 8.30 8.51 8.72 8.83 8.99 9.14 9.26 9.33 9.47 9.48 9.60 9.73 9.90 10.04 10.13 10.29 10.45 10.53 10.62 10.68 10.70 10.69 10.71 10.69 10.78 10.77 10.83 10.90 10.99 11.09 11.22 11.58 12.02 12.02 12.01 11.98 11.94 12.00 12.12 12.17 12.16 12.21 12.40 12.60 12.71 12.81 13.02 13.15 13.20 13.28 13.43 13.54 13.64 13.73 13.80 13.74
4.98 5.18 6.11 7.41 8.07 7.83 7.71 7.81 7.82 7.92 8.06 8.17 8.22 7.77 7.85 7.92 8.08 8.28 8.46 8.60 8.67 8.85 9.04 9.07 9.28 9.28 9.43 9.59 9.74 9.91 9.99 10.13 10.25 10.25 10.32 10.39 10.44 10.43 10.38 10.38 10.45 10.48 10.61 10.64 10.75 10.76 10.96 11.65 11.92 11.88 11.61 11.49 11.58 11.63 11.71 11.82 11.75 11.83 11.99 12.19 12.35 12.52 12.58 12.67 12.83 12.94 13.04 13.09 13.17 13.31 13.34 13.38
