maui/input/air_temperature_monthly/tminmay_250m_maui.asc
ncols        356
nrows        236
xllcorner    -156.702000000000
yllcorner    20.529750000000
cellsize     0.002250000000
NODATA_value  -99.00
[rows 64 to 95 of 236, columns 71 to 141 of 356]
15.56 15.99 16.16 16.59 17.29 17.76 17.89 18.10 18.31 18.47 18.68 18.92 19.05 19.15 19.23 19.39 19.53 19.65 19.75 19.77 19.62 19.91 -9999.00 -9999.00 -9999.00 -9999.00 -9999.00 -9999.00 -9999.00 -9999.00 -9999.00 -9999.00 -9999.00 -9999.00 -9999.00 -9999.00 -9999.00 -9999.00 -9999.00 -9999.00 -9999.00 -9999.00 -9999.00 -9999.00 -9999.00 -9999.00 -9999.00 -9999.00 -9999.00 -9999.00 -9999.00 -9999.00 -9999.00 -9999.00 -9999.00 -9999.00 -9999.00 -9999.00 -9999.00 -9999.00 -9999.00 -9999.00 -9999.00 -9999.00 -9999.00 -9999.00 -9999.00 -9999.00 -9999.00 -9999.00 -9999.00
14.70 15.72 16.43 16.83 16.77 16.96 16.95 17.20 17.47 18.03 18.64 18.90 19.04 19.18 19.30 19.43 19.51 19.66 19.74 19.60 19.73 19.76 -9999.00 -9999.00 -9999.00 -9999.00 -9999.00 -9999.00 -9999.00 -9999.00 -9999.00 -9999.00 -9999.00 -9999.00 -9999.00 -9999.00 -9999.00 -9999.00 -9999.00 -9999.00 -9999.00 -9999.00 -9999.00 -9999.00 -9999.00 -9999.00 -9999.00 -9999.00 -9999.00 -9999.00 -9999.00 -9999.00 -9999.00 -9999.00 -9999.00 -9999.00 -9999.00 -9999.00 -9999.00 -9999.00 -9999.00 -9999.00 -9999.00 -9999.00 -9999.00 19.91 19.90 19.89 19.88 19.87 19.87
14.89 15.15 16.15 16.50 16.96 17.44 17.60 17.63 17.60 17.99 18.44 18.83 19.05 19.07 19.33 19.36 19.56 19.67 19.68 19.54 19.71 19.81 19.89 -9999.00 -9999.00 -9999.00 -9999.00 -9999.00 -9999.00 -9999.00 -9999.00 -9999.00 -9999.00 -9999.00 -9999.00 -9999.00 -9999.00 -9999.00 -9999.00 -9999.00 -9999.00 -9999.00 -9999.00 -9999.00 -9999.00 -9999.00 -9999.00 -9999.00 -9999.00 -9999.00 -9999.00 -9999.00 -9999.00 -9999.00 -9999.00 -9999.00 -9999.00 -9999.00 -9999.00 -9999.00 19.88 19.87 19.89 19.88 19.89 19.87 19.87 19.87 19.85 19.84 19.84
16.88 16.89 17.16 17.35 17.49 17.54 17.77 18.25 18.51 18.66 18.79 18.87 18.90 19.13 19.18 19.36 19.52 19.59 19.60 19.44 19.63 19.76 19.85 19.87 19.90 -9999.00 -9999.00 -9999.00 -9999.00 -9999.00 -9999.00 -9999.00 -9999.00 -9999.00 -9999.00 -9999.00 -9999.00 -9999.00 -9999.00 -9999.00 -9999.00 -9999.00 -9999.00 -9999.00 -9999.00 -9999.00 -9999.00 -9999.00 -9999.00 -9999.00 -9999.00 -9999.00 19.94 -9999.00 -9999.00 -9999.00 -9999.00 -9999.00 19.93 19.92 19.89 19.85 19.87 19.85 19.85 19.84 19.85 19.84 19.83 19.82 19.81
15.22 15.87 16.85 17.51 17.40 18.12 18.20 18.20 18.41 18.64 18.46 18.79 19.05 19.06 19.23 19.39 19.45 19.49 19.56 19.54 19.70 19.78 19.79 19.86 19.88 19.92 -9999.00 -9999.00 -9999.00 -9999.00 -9999.00 -9999.00 -9999.00 -9999.00 -9999.00 -9999.00 -9999.00 -9999.00 -9999.00 -9999.00 -9999.00 -9999.00 -9999.00 -9999.00 -9999.00 -9999.00 -9999.00 -9999.00 -9999.00 -9999.00 19.94 19.94 19.94 19.91 19.91 19.93 19.93 19.93 19.91 19.89 19.85 19.83 19.85 19.84 19.82 19.81 19.80 19.76 19.79 19.75 19.70
15.48 16.35 17.52 17.04 17.69 17.11 17.41 17.20 18.03 18.59 18.72 18.93 18.78 18.97 19.14 19.31 19.35 19.43 19.32 19.63 19.68 19.65 19.63 19.82 19.84 19.89 19.93 -9999.00 -9999.00 -9999.00 -9999.00 -9999.00 -9999.00 -9999.00 -9999.00 -9999.00 -9999.00 -9999.00 -9999.00 -9999.00 -9999.00 -9999.00 -9999.00 -9999.00 -9999.00 -9999.00 -9999.00 -9999.00 -9999.00 19.93 19.92 19.92 19.92 19.89 19.85 19.90 19.91 19.90 19.89 19.86 19.85 19.81 19.82 19.77 19.78 19.77 19.77 19.73 19.73 19.72 19.67
17.12 16.85 16.07 15.90 16.40 15.91 16.55 17.09 17.41 18.00 18.40 18.53 18.70 18.91 19.09 19.21 19.33 19.42 19.36 19.53 19.65 19.72 19.77 19.79 19.82 19.78 19.88 -9999.00 -9999.00 -9999.00 -9999.00 -9999.00 -9999.00 -9999.00 -9999.00 -9999.00 -9999.00 -9999.00 -9999.00 -9999.00 -9999.00 -9999.00 -9999.00 -9999.00 -9999.00 -9999.00 19.94 19.93 19.92 19.91 19.90 19.90 19.86 19.83 19.83 19.85 19.89 19.86 19.86 19.86 19.82 19.82 19.77 19.76 19.73 19.73 19.74 19.67 19.61 19.70 19.64
14.90 14.76 15.69 16.19 16.68 17.07 17.43 17.82 18.17 18.23 18.28 18.57 18.78 18.93 19.11 19.23 19.34 19.42 19.55 19.63 19.68 19.70 19.74 19.76 19.61 19.76 19.90 -9999.00 -9999.00 -9999.00 -9999.00 -9999.00 -9999.00 -9999.00 -9999.00 -9999.00 -9999.00 -9999.00 -9999.00 -9999.00 -9999.00 -9999.00 -9999.00 -9999.00 -9999.00 19.93 19.90 19.90 19.89 19.90 19.88 19.88 19.87 19.81 19.81 19.81 19.85 19.86 19.83 19.82 19.80 19.78 19.74 19.73 19.70 19.69 19.69 19.60 19.54 19.58 19.61
13.90 14.55 15.41 16.18 16.37 17.35 17.61 17.75 17.48 17.51 18.13 18.43 18.81 18.97 19.08 19.19 19.31 19.42 19.55 19.62 19.66 19.66 19.69 19.50 19.76 19.85 19.89 19.93 19.94 -9999.00 -9999.00 -9999.00 -9999.00 -9999.00 -9999.00 -9999.00 -9999.00 -9999.00 -9999.00 -9999.00 -9999.00 -9999.00 19.94 19.94 19.93 19.91 19.89 19.86 19.88 19.89 19.88 19.85 19.84 19.81 19.81 19.80 19.80 19.81 19.80 19.80 19.77 19.78 19.75 19.73 19.68 19.68 19.68 19.61 19.52 19.52 19.57
13.32 14.04 15.08 16.52 16.58 16.30 17.30 16.95 16.78 17.48 18.09 18.41 18.73 18.91 19.09 19.20 19.31 19.49 19.58 19.59 19.58 19.64 19.51 19.66 19.81 19.80 19.87 19.88 -9999.00 -9999.00 -9999.00 -9999.00 -9999.00 -9999.00 19.94 19.94 19.94 19.94 19.94 19.94 19.94 19.94 19.93 19.93 19.92 19.88 19.87 19.86 19.86 19.88 19.83 19.82 19.84 19.82 19.81 19.79 19.79 19.78 19.77 19.78 19.76 19.76 19.76 19.75 19.73 19.72 19.71 19.64 19.52 19.43 19.52
13.21 13.96 14.54 14.75 15.61 16.32 16.01 16.43 16.84 17.47 18.01 18.49 18.68 18.88 19.10 19.22 19.44 19.47 19.51 19.53 19.56 19.40 19.57 19.67 19.78 19.83 19.86 19.88 -9999.00 -9999.00 -9999.00 -9999.00 -9999.00 19.94 19.94 19.94 19.94 19.94 19.94 19.94 19.94 19.93 19.93 19.91 19.91 19.89 19.86 19.86 19.85 19.87 19.78 19.77 19.80 19.79 19.79 19.80 19.79 19.77 19.74 19.73 19.74 19.74 19.74 19.74 19.72 19.70 19.68 19.60 19.45 19.41 19.45
13.30 13.72 14.35 14.44 14.88 15.40 16.09 17.02 17.45 17.82 18.15 18.51 18.72 18.91 19.16 19.36 19.40 19.38 19.43 19.51 19.45 19.46 19.58 19.72 19.80 19.86 19.86 19.87 19.92 19.93 -9999.00 -9999.00 19.94 19.93 19.94 19.94 19.94 19.94 19.94 19.94 19.94 19.92 19.91 19.91 19.93 19.92 19.88 19.85 19.83 19.82 19.79 19.77 19.77 19.77 19.77 19.79 19.78 19.77 19.73 19.68 19.68 19.71 19.71 19.67 19.65 19.66 19.62 19.57 19.49 19.38 19.33
15.07 14.77 15.28 15.87 16.89 16.71 16.75 16.59 17.01 17.71 18.27 18.67 18.79 19.15 19.29 19.31 19.25 19.31 19.41 19.47 19.45 19.56 19.65 19.76 19.78 19.77 19.86 19.88 19.87 19.91 19.92 19.93 19.94 19.94 19.94 19.94 19.94 19.94 19.94 19.94 19.93 19.92 19.91 19.87 19.91 19.86 19.86 19.86 19.85 19.81 19.79 19.78 19.76 19.76 19.77 19.78 19.77 19.75 19.73 19.66 19.65 19.66 19.66 19.61 19.58 19.58 19.58 19.54 19.48 19.37 19.30
15.99 16.82 16.83 17.68 17.18 17.41 17.65 17.76 17.95 18.20 18.54 18.75 19.11 19.22 19.09 19.10 19.20 19.30 19.42 19.49 19.45 19.57 19.66 19.77 19.75 19.84 19.79 19.86 19.86 19.88 19.90 19.92 19.94 19.94 19.94 19.94 19.94 19.93 19.93 19.94 19.92 19.90 19.88 19.86 19.81 19.82 19.81 19.86 19.86 19.82 19.78 19.76 19.75 19.74 19.74 19.76 19.76 19.75 19.71 19.67 19.63 19.62 19.62 19.57 19.54 19.52 19.52 19.45 19.39 19.34 19.25
16.99 17.14 17.84 18.10 18.38 18.50 18.60 18.67 18.45 18.62 18.84 19.03 19.11 18.90 19.02 19.13 19.23 19.33 19.43 19.43 19.44 19.69 19.59 19.59 19.78 19.71 19.78 19.78 19.80 19.88 19.92 19.92 19.92 19.92 19.93 19.93 19.92 19.92 19.91 19.92 19.92 19.90 19.86 19.85 19.83 19.81 19.81 19.83 19.84 19.78 19.76 19.76 19.74 19.73 19.73 19.74 19.74 19.73 19.71 19.65 19.63 19.60 19.57 19.54 19.50 19.48 19.43 19.39 19.39 19.30 19.25
17.82 17.86 17.90 17.83 17.72 17.97 18.12 18.25 18.62 18.78 18.66 18.46 18.79 18.91 19.06 19.17 19.25 19.35 19.45 19.43 19.39 19.47 19.60 19.69 19.76 19.69 19.74 19.77 19.87 19.84 19.88 19.90 19.90 19.90 19.90 19.90 19.90 19.90 19.91 19.92 19.91 19.89 19.87 19.82 19.82 19.81 19.81 19.82 19.83 19.80 19.77 19.76 19.74 19.72 19.72 19.69 19.71 19.72 19.70 19.65 19.62 19.60 19.56 19.53 19.48 19.43 19.39 19.36 19.36 19.25 19.23
16.88 16.40 17.49 17.42 16.76 17.60 17.01 17.12 17.39 17.46 17.50 18.18 18.64 18.84 18.99 19.11 19.23 19.32 19.43 19.46 19.38 19.56 19.57 19.73 19.69 19.71 19.78 19.79 19.78 19.79 19.87 19.88 19.88 19.88 19.87 19.87 19.88 19.89 19.91 19.91 19.89 19.87 19.87 19.83 19.82 19.80 19.80 19.80 19.80 19.80 19.79 19.76 19.73 19.72 19.70 19.70 19.69 19.70 19.68 19.65 19.61 19.58 19.56 19.53 19.48 19.44 19.38 19.35 19.31 19.27 19.19
15.66 16.20 15.81 16.36 15.69 15.97 16.08 15.93 17.01 17.53 18.07 18.31 18.57 18.75 18.92 19.08 19.19 19.29 19.38 19.43 19.48 19.60 19.58 19.71 19.69 19.69 19.71 19.82 19.78 19.81 19.86 19.85 19.86 19.86 19.87 19.86 19.87 19.89 19.89 19.89 19.87 19.85 19.85 19.83 19.82 19.80 19.79 19.78 19.78 19.78 19.77 19.74 19.72 19.70 19.69 19.69 19.69 19.66 19.65 19.60 19.57 19.53 19.53 19.49 19.43 19.35 19.37 19.33 19.28 19.25 19.19
15.21 16.10 14.53 15.07 14.55 14.91 15.25 16.62 16.96 17.19 17.93 18.23 18.47 18.67 18.88 19.03 19.17 19.29 19.37 19.42 19.45 19.60 19.53 19.61 19.61 19.73 19.73 19.77 19.80 19.82 19.84 19.83 19.83 19.83 19.83 19.84 19.86 19.87 19.87 19.86 19.85 19.83 19.83 19.83 19.83 19.78 19.77 19.78 19.75 19.75 19.73 19.70 19.69 19.68 19.68 19.68 19.67 19.65 19.62 19.56 19.53 19.49 19.47 19.45 19.37 19.29 19.28 19.28 19.25 19.23 19.17
13.58 14.02 13.58 13.72 13.49 14.28 15.51 16.61 17.12 17.40 17.81 18.21 18.47 18.66 18.83 18.99 19.13 19.24 19.33 19.38 19.42 19.48 19.59 19.65 19.70 19.70 19.71 19.74 19.77 19.80 19.80 19.80 19.80 19.80 19.82 19.84 19.85 19.85 19.85 19.84 19.83 19.82 19.82 19.81 19.81 19.79 19.75 19.76 19.74 19.72 19.70 19.68 19.67 19.66 19.66 19.66 19.64 19.63 19.60 19.52 19.49 19.48 19.45 19.42 19.34 19.28 19.24 19.25 19.19 19.12 19.10
12.67 12.38 12.55 13.52 14.36 15.00 15.55 16.00 16.40 16.88 17.42 18.09 18.32 18.56 18.75 18.91 19.06 19.17 19.26 19.33 19.50 19.45 19.60 19.62 19.61 19.68 19.68 19.75 19.77 19.78 19.78 19.78 19.79 19.81 19.83 19.84 19.84 19.84 19.83 19.82 19.82 19.80 19.80 19.79 19.78 19.78 19.76 19.74 19.73 19.71 19.68 19.67 19.65 19.63 19.63 19.64 19.61 19.59 19.54 19.50 19.45 19.43 19.43 19.38 19.31 19.24 19.24 19.20 19.17 19.12 19.06
12.74 12.13 13.07 14.09 14.53 14.79 15.81 16.58 17.14 17.53 17.81 18.06 18.31 18.51 18.71 18.87 19.01 19.14 19.25 19.34 19.42 19.49 19.59 19.56 19.62 19.67 19.69 19.74 19.74 19.76 19.76 19.76 19.78 19.80 19.81 19.83 19.83 19.82 19.82 19.80 19.80 19.79 19.78 19.77 19.76 19.75 19.73 19.70 19.67 19.62 19.63 19.62 19.63 19.60 19.61 19.60 19.57 19.57 19.52 19.49 19.42 19.39 19.37 19.35 19.30 19.23 19.20 19.18 19.11 19.06 19.00
14.71 13.35 12.60 13.56 14.54 15.26 16.35 16.80 17.15 17.44 17.76 18.03 18.29 18.52 18.71 18.90 19.00 19.11 19.21 19.30 19.38 19.40 19.56 19.60 19.63 19.61 19.66 19.70 19.73 19.73 19.73 19.76 19.77 19.79 19.80 19.82 19.82 19.81 19.81 19.79 19.78 19.77 19.76 19.74 19.73 19.72 19.71 19.68 19.67 19.56 19.56 19.59 19.59 19.58 19.57 19.55 19.53 19.56 19.51 19.43 19.40 19.37 19.34 19.33 19.26 19.22 19.18 19.13 19.08 19.02 18.96
15.65 14.83 14.00 15.17 15.14 14.77 15.71 16.79 17.26 17.50 17.65 18.06 18.29 18.53 18.72 18.87 18.97 19.10 19.19 19.28 19.33 19.46 19.51 19.57 19.63 19.62 19.66 19.67 19.70 19.70 19.73 19.75 19.76 19.78 19.79 19.80 19.80 19.80 19.79 19.79 19.77 19.76 19.74 19.72 19.71 19.70 19.68 19.63 19.60 19.53 19.51 19.53 19.55 19.55 19.51 19.49 19.48 19.55 19.51 19.44 19.35 19.33 19.30 19.29 19.28 19.20 19.15 19.12 19.10 19.00 18.95
15.35 16.38 15.18 15.34 16.70 15.54 15.61 15.80 16.50 17.23 17.91 18.10 18.34 18.59 18.74 18.86 18.97 19.08 19.18 19.26 19.32 19.45 19.50 19.56 19.60 19.61 19.63 19.66 19.68 19.70 19.71 19.74 19.75 19.77 19.78 19.79 19.79 19.79 19.79 19.77 19.77 19.75 19.73 19.71 19.68 19.68 19.68 19.62 19.56 19.48 19.47 19.44 19.49 19.43 19.46 19.45 19.43 19.49 19.46 19.39 19.30 19.27 19.26 19.25 19.24 19.21 19.17 19.10 19.07 19.00 18.92
14.80 16.21 16.52 16.78 16.91 16.75 16.81 16.48 16.92 17.31 17.89 18.26 18.45 18.66 18.78 18.88 18.98 19.08 19.18 19.27 19.34 19.43 19.47 19.54 19.56 19.59 19.63 19.65 19.67 19.68 19.71 19.73 19.74 19.76 19.77 19.78 19.78 19.78 19.78 19.76 19.75 19.73 19.71 19.69 19.67 19.66 19.65 19.57 19.54 19.45 19.42 19.39 19.41 19.41 19.48 19.38 19.40 19.41 19.38 19.33 19.22 19.20 19.19 19.19 19.21 19.20 19.14 19.09 19.05 19.01 18.97
16.06 16.30 16.93 17.45 17.65 17.59 17.78 17.74 17.97 18.18 18.36 18.51 18.64 18.74 18.80 18.89 18.98 19.10 19.18 19.26 19.36 19.41 19.46 19.51 19.56 19.58 19.61 19.63 19.65 19.66 19.68 19.71 19.73 19.76 19.77 19.78 19.78 19.77 19.76 19.76 19.74 19.72 19.70 19.68 19.66 19.64 19.63 19.57 19.53 19.45 19.37 19.35 19.35 19.37 19.36 19.39 19.37 19.32 19.30 19.29 19.23 19.20 19.19 19.19 19.17 19.15 19.08 19.05 19.03 18.98 18.94
16.45 16.61 16.60 16.37 17.04 17.06 17.45 17.57 17.69 17.94 18.12 18.33 18.52 18.69 18.85 18.94 19.01 19.10 19.17 19.26 19.34 19.39 19.44 19.50 19.54 19.58 19.58 19.61 19.62 19.63 19.66 19.70 19.73 19.75 19.76 19.78 19.77 19.77 19.76 19.74 19.72 19.71 19.69 19.67 19.64 19.62 19.60 19.57 19.53 19.46 19.36 19.34 19.33 19.33 19.33 19.41 19.33 19.30 19.25 19.22 19.21 19.20 19.16 19.15 19.14 19.12 19.09 18.97 18.98 18.93 18.89
14.84 15.55 15.69 15.90 16.23 16.57 17.04 17.29 17.58 17.91 18.18 18.37 18.58 18.77 18.93 19.01 19.05 19.11 19.20 19.24 19.28 19.36 19.45 19.49 19.54 19.54 19.56 19.59 19.61 19.63 19.66 19.69 19.72 19.74 19.77 19.77 19.77 19.75 19.75 19.73 19.71 19.69 19.66 19.63 19.61 19.59 19.58 19.56 19.53 19.49 19.41 19.33 19.32 19.31 19.30 19.31 19.33 19.25 19.22 19.20 19.16 19.11 19.10 19.08 19.02 19.01 19.01 18.91 18.91 18.86 18.83
13.78 14.65 14.71 15.28 15.27 15.59 16.37 16.86 17.30 17.51 18.06 18.50 18.65 18.83 19.01 19.07 19.13 19.19 19.25 19.28 19.33 19.37 19.42 19.47 19.51 19.55 19.58 19.61 19.62 19.65 19.67 19.69 19.72 19.74 19.76 19.76 19.75 19.74 19.73 19.72 19.70 19.68 19.64 19.61 19.59 19.56 19.55 19.54 19.51 19.48 19.43 19.33 19.30 19.29 19.29 19.29 19.26 19.23 19.21 19.18 19.18 19.11 19.07 19.05 18.99 18.96 18.92 18.89 18.88 18.86 18.78
12.88 12.89 13.50 14.55 15.45 16.35 16.40 16.78 16.87 17.49 18.04 18.50 18.68 18.89 19.02 19.12 19.19 19.24 19.29 19.34 19.37 19.41 19.44 19.48 19.52 19.55 19.58 19.61 19.64 19.67 19.70 19.71 19.73 19.74 19.76 19.75 19.74 19.73 19.72 19.71 19.69 19.67 19.63 19.61 19.57 19.54 19.53 19.51 19.50 19.47 19.44 19.36 19.29 19.27 19.27 19.25 19.23 19.19 19.19 19.19 19.16 19.12 19.07 19.04 18.97 18.94 18.91 18.89 18.86 18.83 18.76
12.57 13.76 14.88 15.74 16.26 16.69 16.95 17.27 17.50 17.87 18.16 18.40 18.63 18.87 19.03 19.13 19.22 19.27 19.33 19.38 19.40 19.44 19.49 19.49 19.52 19.55 19.58 19.61 19.64 19.64 19.68 19.72 19.73 19.74 19.74 19.74 19.73 19.72 19.71 19.69 19.68 19.66 19.63 19.60 19.56 19.52 19.50 19.48 19.48 19.46 19.43 19.30 19.26 19.25 19.25 19.23 19.21 19.16 19.16 19.17 19.16 19.11 19.08 19.05 19.01 18.97 18.92 18.88 18.85 18.80 18.75
