maui/input/air_temperature_monthly/tmindec_250m_maui.asc
ncols        356
nrows        236
xllcorner    -156.702000000000
yllcorner    20.529750000000
cellsize     0.002250000000
NODATA_value  -99.00
[rows 64 to 95 of 236, columns 0 to 70 of 356]
-9999.00 -9999.00 18.86 18.86 18.85 18.82 18.67 18.51 18.38 18.26 18.19 18.18 18.05 17.94 17.76 17.64 17.51 17.40 17.16 16.94 16.75 16.53 16.23 15.94 15.69 15.36 15.45 14.91 14.45 14.23 13.82 13.50 13.34 13.03 12.61 12.76 12.19 11.71 11.29 11.23 12.06 11.58 10.43 10.64 10.33 10.24 9.97 9.60 8.99 9.75 11.22 12.07 13.62 12.04 10.15 9.85 9.28 9.27 9.98 10.19 11.37 12.93 13.84 15.11 15.74 15.18 14.21 12.62 12.84 12.90 14.31
-9999.00 -9999.00 18.86 18.86 18.86 18.86 18.80 18.65 18.59 18.49 18.26 18.16 18.07 17.95 17.76 17.67 17.51 17.33 17.11 16.93 16.92 16.60 16.37 16.00 15.70 15.39 15.12 14.81 14.54 14.13 13.83 13.63 13.46 13.62 12.74 12.20 11.92 11.84 11.51 10.93 10.67 10.63 11.18 10.57 10.04 9.91 9.28 9.33 8.85 9.48 10.87 12.07 13.32 11.93 9.80 9.29 9.42 9.07 9.85 11.55 12.74 14.18 14.78 15.64 15.14 13.83 13.03 12.07 12.31 13.03 13.31
-9999.00 -9999.00 -9999.00 -9999.00 18.86 18.84 18.75 18.60 18.51 18.39 18.29 18.18 18.03 17.88 17.75 17.61 17.46 17.33 17.08 16.87 16.63 16.46 16.23 16.30 16.06 15.80 15.69 15.22 15.01 14.61 14.43 13.67 13.14 13.15 12.69 12.63 12.54 12.25 11.93 11.19 10.80 10.23 9.95 10.70 9.78 9.20 9.29 8.70 9.03 9.05 10.66 11.91 13.01 11.63 9.53 8.81 9.11 9.49 10.68 12.79 14.24 14.95 15.00 14.92 14.71 13.29 11.83 11.45 12.29 12.85 14.05
-9999.00 -9999.00 -9999.00 -9999.00 -9999.00 18.86 18.80 18.68 18.56 18.50 18.34 18.22 18.08 17.94 17.77 17.61 17.47 17.31 17.07 16.84 16.59 16.37 16.14 15.93 15.62 15.74 15.22 14.80 14.42 14.09 13.74 13.96 13.74 13.00 12.71 12.83 12.78 12.54 11.47 11.00 10.59 10.36 10.42 9.57 10.06 9.80 8.93 8.55 8.50 8.57 10.12 11.57 12.63 11.24 9.23 8.62 9.14 10.87 12.66 14.08 14.72 13.69 14.90 14.18 13.81 12.27 11.53 12.25 13.14 14.46 15.83
-9999.00 -9999.00 -9999.00 -9999.00 -9999.00 -9999.00 18.86 18.72 18.63 18.55 18.39 18.27 18.12 17.97 17.76 17.68 17.48 17.29 17.04 16.84 16.59 16.35 16.11 15.87 15.64 15.33 15.05 14.78 14.42 14.20 13.88 13.58 13.12 12.71 12.35 12.00 11.70 11.71 12.35 11.29 10.36 10.03 9.69 9.86 9.16 8.78 9.14 8.23 7.99 7.99 9.06 10.00 10.14 9.37 8.77 10.11 12.10 11.85 12.88 14.09 13.96 13.25 14.52 14.04 12.95 11.17 13.41 13.90 15.30 15.00 14.15
-9999.00 -9999.00 -9999.00 -9999.00 -9999.00 -9999.00 18.86 18.82 18.70 18.57 18.46 18.33 18.23 18.12 17.88 17.70 17.50 17.28 17.05 16.90 16.71 16.51 16.22 15.96 15.78 15.37 15.14 14.90 14.57 14.20 13.80 13.49 13.18 13.06 12.90 12.33 12.04 11.51 11.04 11.12 11.02 10.84 10.34 9.43 9.61 8.98 8.43 8.89 7.83 7.64 8.28 7.94 9.02 9.29 10.80 12.73 13.02 13.72 13.66 13.82 13.05 13.18 14.08 13.33 12.09 11.42 12.01 13.58 13.38 13.42 13.83
-9999.00 -9999.00 -9999.00 -9999.00 -9999.00 -9999.00 -9999.00 18.86 18.77 18.64 18.51 18.40 18.29 18.13 17.96 17.77 17.59 17.35 17.15 17.03 16.82 16.64 16.46 16.15 15.81 15.35 15.06 14.82 14.66 14.35 14.40 14.87 14.79 14.24 14.18 13.60 12.58 12.98 12.35 11.69 11.15 9.99 9.67 9.66 9.22 8.78 8.40 7.88 7.98 7.54 7.67 7.74 8.72 10.31 12.08 12.47 12.73 11.87 13.24 12.74 13.26 12.97 12.89 12.44 10.73 11.02 11.10 12.55 13.88 15.35 15.92
-9999.00 -9999.00 -9999.00 -9999.00 -9999.00 -9999.00 -9999.00 18.86 18.75 18.66 18.52 18.42 18.34 18.23 18.10 17.91 17.74 17.59 17.36 17.09 16.98 16.79 16.36 15.97 15.72 15.37 15.12 16.06 15.95 15.78 15.53 13.99 14.15 13.90 13.56 13.62 13.91 12.95 13.52 13.38 11.68 11.13 10.19 9.90 9.63 9.30 8.60 8.03 7.52 7.50 7.03 7.43 7.95 8.50 10.04 11.38 10.75 11.12 11.17 10.53 10.71 10.80 10.58 9.94 10.17 10.36 12.39 13.83 15.76 14.11 14.23
-9999.00 -9999.00 -9999.00 -9999.00 -9999.00 -9999.00 -9999.00 18.86 18.79 18.67 18.59 18.44 18.35 18.22 18.03 17.83 17.74 17.62 17.43 17.23 17.08 16.98 16.62 16.33 16.36 16.45 16.17 15.36 14.70 14.37 14.01 13.63 13.21 12.85 12.42 11.91 11.72 11.35 11.62 11.68 12.55 11.68 11.11 10.78 10.33 9.31 8.63 8.04 7.54 7.00 6.81 6.79 7.10 7.74 7.80 8.36 7.92 8.65 8.38 8.32 8.37 8.62 8.40 9.39 9.55 10.30 12.06 13.78 13.82 12.66 12.65
-9999.00 -9999.00 -9999.00 -9999.00 -9999.00 -9999.00 -9999.00 18.87 18.77 18.68 18.58 18.45 18.33 18.16 17.90 18.03 17.81 17.84 17.78 17.40 17.15 16.97 16.68 16.22 15.89 15.85 15.27 14.95 14.70 14.38 14.02 13.86 13.50 13.18 13.17 12.78 11.55 11.25 10.68 10.38 10.41 10.24 10.25 9.65 8.91 8.81 8.71 8.29 7.19 7.03 6.55 6.60 7.14 7.11 6.87 6.29 6.53 7.11 7.10 7.53 8.18 8.36 8.38 8.70 9.02 10.20 10.43 11.52 11.81 11.16 12.29
-9999.00 -9999.00 -9999.00 -9999.00 -9999.00 -9999.00 -9999.00 18.86 18.79 18.68 18.57 18.45 18.32 18.16 18.01 17.89 18.07 17.90 17.77 17.64 17.35 17.03 16.63 16.20 16.07 15.81 16.09 16.16 15.72 15.62 15.11 14.26 13.47 12.97 12.52 12.09 12.18 12.03 11.45 10.29 9.91 9.54 9.28 9.09 9.33 8.43 8.04 8.28 7.33 6.85 6.44 6.35 6.75 6.64 6.71 6.52 6.31 6.87 7.99 10.12 12.06 11.94 10.57 11.79 11.89 10.56 9.71 11.26 13.19 11.49 11.23
-9999.00 -9999.00 -9999.00 -9999.00 -9999.00 -9999.00 -9999.00 18.87 18.79 18.67 18.56 18.45 18.27 18.16 18.03 18.18 18.15 17.97 17.70 17.50 17.26 17.16 17.27 17.10 16.63 16.16 15.56 14.96 14.56 14.26 14.52 15.29 15.10 14.40 14.03 14.11 13.67 13.56 12.91 11.87 11.22 10.90 10.60 9.67 8.57 8.07 7.70 7.30 6.92 6.92 6.33 6.05 6.32 6.32 6.61 6.75 7.82 7.82 10.45 12.12 12.91 13.50 13.43 12.66 14.34 13.23 11.67 11.59 14.82 13.28 12.32
-9999.00 -9999.00 -9999.00 -9999.00 -9999.00 -9999.00 -9999.00 18.87 18.81 18.74 18.62 18.52 18.38 18.23 18.27 18.24 18.13 18.02 17.79 17.59 17.36 17.09 16.76 16.46 16.21 15.75 14.95 14.30 14.01 13.71 13.40 13.38 13.54 13.45 13.45 13.16 12.86 12.55 13.02 13.59 13.33 13.05 12.66 11.19 9.62 9.16 8.11 7.52 7.17 6.76 6.52 7.37 8.52 8.58 8.60 10.55 11.59 9.70 10.79 11.98 13.40 13.77 14.13 14.36 14.44 14.75 13.00 11.83 14.07 15.55 12.93
-9999.00 -9999.00 -9999.00 -9999.00 -9999.00 -9999.00 -9999.00 18.87 18.86 18.81 18.71 18.64 18.55 18.47 18.41 18.33 18.18 18.08 17.91 17.75 17.46 17.15 16.80 16.55 16.15 15.76 15.04 14.52 14.26 13.86 13.71 13.68 13.55 13.50 13.34 12.52 12.06 12.25 12.14 12.00 11.21 11.57 11.33 11.76 11.03 10.20 9.07 8.14 7.55 7.39 8.47 8.68 10.28 11.97 10.92 12.12 12.54 12.15 11.81 13.29 13.61 14.16 14.40 14.59 14.83 15.37 14.38 13.44 13.44 15.84 14.68
-9999.00 -9999.00 -9999.00 -9999.00 -9999.00 -9999.00 18.88 18.86 18.87 18.85 18.78 18.71 18.61 18.60 18.50 18.36 18.27 18.19 17.99 17.80 17.60 17.32 16.96 16.68 16.43 16.06 15.69 15.28 15.01 14.65 14.45 14.36 14.54 14.49 14.17 14.06 13.47 12.47 11.52 10.71 10.44 10.68 10.21 9.50 9.16 8.67 8.55 8.16 7.64 8.19 10.55 11.71 11.69 11.70 12.30 12.53 13.29 13.32 12.93 13.53 14.05 14.35 14.39 14.83 15.21 15.25 15.16 15.01 14.40 14.97 16.45
-9999.00 -9999.00 -9999.00 -9999.00 -9999.00 -9999.00 18.88 18.87 18.87 18.87 18.83 18.75 18.68 18.63 18.61 18.55 18.43 18.26 18.11 17.89 17.65 17.43 17.17 16.88 16.62 16.27 15.98 15.65 15.39 15.22 14.77 15.15 14.82 13.60 13.09 13.11 13.04 12.70 11.82 11.09 10.26 9.54 9.06 8.77 8.83 8.56 8.31 10.33 10.36 8.06 9.32 11.16 12.04 12.87 13.11 13.23 13.49 14.03 13.92 14.03 14.61 14.76 14.87 14.81 14.93 15.25 15.89 15.85 16.18 16.15 16.62
-9999.00 -9999.00 -9999.00 -9999.00 -9999.00 -9999.00 -9999.00 18.87 18.87 18.87 18.86 18.80 18.76 18.71 18.67 18.54 18.43 18.30 18.12 17.92 17.78 17.60 17.37 17.08 16.85 16.47 16.13 15.86 15.69 15.42 15.95 15.15 14.12 14.21 14.85 14.69 14.48 14.02 13.23 12.45 11.66 11.13 10.85 10.41 10.73 10.37 10.51 11.43 11.10 9.15 9.94 11.48 12.03 12.69 13.16 13.66 14.02 14.26 14.42 14.66 14.76 15.22 15.31 15.16 15.29 15.40 15.59 16.07 16.54 16.29 16.32
-9999.00 -9999.00 -9999.00 -9999.00 -9999.00 -9999.00 -9999.00 -9999.00 18.87 18.87 18.87 18.84 18.80 18.77 18.68 18.58 18.42 18.28 18.12 17.96 17.77 17.56 17.37 17.16 16.92 16.66 16.34 16.20 16.02 16.23 15.39 15.59 15.59 15.83 15.54 15.37 15.27 14.96 14.92 13.85 13.52 12.90 12.46 11.63 12.03 12.63 12.26 11.88 11.22 10.25 8.10 9.88 11.17 12.01 12.67 12.83 12.63 13.24 14.06 14.39 14.65 14.88 15.11 15.66 15.46 15.87 16.11 16.14 15.37 15.72 15.14
-9999.00 -9999.00 -9999.00 -9999.00 -9999.00 -9999.00 -9999.00 -9999.00 -9999.00 18.87 18.87 18.86 18.83 18.79 18.72 18.61 18.47 18.43 18.30 18.07 17.89 17.74 17.46 17.26 17.01 16.78 16.78 16.70 16.64 16.55 16.40 16.26 15.91 15.29 14.70 13.86 13.50 13.67 13.76 13.96 14.04 13.57 13.44 13.50 12.17 11.43 11.30 10.70 9.93 8.72 10.38 11.34 11.86 12.56 13.01 13.56 13.83 13.95 14.36 14.70 14.93 15.23 15.48 15.49 15.58 16.00 15.72 15.14 13.89 14.03 15.09
-9999.00 -9999.00 -9999.00 -9999.00 -9999.00 -9999.00 -9999.00 -9999.00 -9999.00 -9999.00 18.87 18.87 18.87 18.84 18.81 18.72 18.57 18.42 18.30 18.14 18.01 17.79 17.55 17.37 17.35 17.06 16.85 16.98 16.33 15.96 15.77 15.34 14.71 14.27 13.51 12.75 12.19 11.89 12.27 12.25 12.33 12.10 12.81 11.98 12.64 12.61 12.27 11.47 9.49 7.72 10.27 11.77 12.19 12.61 13.01 12.62 12.66 13.36 14.41 14.82 14.66 14.74 14.70 15.27 15.53 15.31 15.29 14.08 12.30 12.25 14.44
-9999.00 -9999.00 -9999.00 -9999.00 -9999.00 -9999.00 -9999.00 -9999.00 -9999.00 -9999.00 18.88 18.87 18.87 18.87 18.83 18.76 18.65 18.51 18.43 18.26 18.08 17.85 17.67 17.60 17.40 17.19 17.09 16.88 16.52 16.34 15.90 15.49 14.86 14.03 13.54 12.98 12.32 11.74 11.22 10.72 10.56 10.49 11.46 11.02 12.07 12.22 11.24 10.46 8.60 9.11 10.78 11.34 11.89 12.77 13.30 13.23 13.78 13.96 13.83 14.39 14.17 13.58 14.80 15.11 15.18 13.97 15.10 14.02 11.25 11.60 12.06
-9999.00 -9999.00 -9999.00 -9999.00 -9999.00 -9999.00 -9999.00 -9999.00 -9999.00 -9999.00 -9999.00 18.87 18.87 18.87 18.84 18.76 18.68 18.58 18.44 18.31 18.20 18.04 17.91 17.75 17.51 17.30 17.27 17.08 16.81 16.42 16.13 15.70 15.26 15.10 14.80 14.30 13.07 12.16 11.28 10.82 10.32 9.99 9.66 9.72 10.46 10.65 9.76 9.59 11.59 11.80 11.81 12.82 12.36 12.13 12.11 12.50 13.52 13.80 13.84 14.23 13.68 13.40 13.99 14.85 15.16 13.88 12.75 11.74 10.06 10.31 11.04
-9999.00 -9999.00 -9999.00 -9999.00 -9999.00 -9999.00 -9999.00 -9999.00 -9999.00 -9999.00 -9999.00 18.88 18.87 18.87 18.85 18.78 18.68 18.59 18.51 18.36 18.23 18.07 17.89 17.79 17.65 17.52 17.31 17.09 16.78 16.53 16.06 15.93 15.62 15.16 14.52 14.34 13.22 12.49 11.96 11.37 10.73 10.12 9.79 9.45 9.01 8.97 9.72 10.74 12.65 13.34 13.05 13.17 13.58 12.70 11.79 12.30 13.07 13.02 13.25 13.87 12.81 12.58 13.35 13.87 14.34 14.05 10.23 9.49 9.86 10.76 12.64
-9999.00 -9999.00 -9999.00 -9999.00 -9999.00 -9999.00 -9999.00 -9999.00 -9999.00 -9999.00 -9999.00 -9999.00 18.87 18.87 18.84 18.80 18.71 18.66 18.54 18.40 18.25 18.10 17.96 17.82 17.68 17.58 17.47 17.20 16.95 16.52 16.17 15.88 15.35 14.69 14.17 13.50 13.28 13.37 12.32 12.01 10.81 10.57 10.30 9.90 10.16 9.98 11.63 12.15 12.60 13.87 14.22 14.07 13.89 13.32 12.47 11.53 11.96 11.93 12.87 13.26 12.15 11.67 11.20 12.40 13.40 11.62 10.30 11.35 11.60 12.17 13.11
-9999.00 -9999.00 -9999.00 -9999.00 -9999.00 -9999.00 -9999.00 -9999.00 -9999.00 -9999.00 -9999.00 -9999.00 -9999.00 18.87 18.87 18.83 18.79 18.66 18.56 18.43 18.30 18.17 18.05 17.95 17.89 17.73 17.63 17.43 17.02 16.64 16.31 15.94 15.31 14.92 15.07 15.00 14.03 14.20 14.10 13.58 11.53 11.92 11.85 11.32 11.92 11.50 12.96 12.78 13.94 14.45 14.12 14.65 14.20 14.13 12.93 12.86 13.13 12.75 11.90 11.95 11.02 11.39 11.97 12.38 13.04 13.29 12.45 12.65 12.49 14.56 12.77
-9999.00 -9999.00 -9999.00 -9999.00 -9999.00 -9999.00 -9999.00 -9999.00 -9999.00 -9999.00 -9999.00 -9999.00 -9999.00 -9999.00 18.87 18.87 18.83 18.72 18.58 18.53 18.38 18.27 18.17 18.13 18.02 17.93 17.85 17.66 17.33 17.00 16.58 16.18 15.95 15.84 15.05 15.30 15.56 15.01 14.04 13.42 13.19 13.52 12.99 12.93 13.73 13.34 13.42 12.84 13.71 14.75 14.66 15.07 14.61 14.47 14.05 14.17 13.73 13.13 12.11 10.18 10.27 11.44 12.57 14.09 14.06 13.99 13.75 13.09 14.37 14.73 14.27
-9999.00 -9999.00 -9999.00 -9999.00 -9999.00 -9999.00 -9999.00 -9999.00 -9999.00 -9999.00 -9999.00 -9999.00 -9999.00 -9999.00 -9999.00 18.87 18.86 18.80 18.69 18.59 18.45 18.39 18.33 18.28 18.16 18.04 17.82 17.61 17.40 17.19 16.77 16.44 16.06 15.97 16.28 15.65 14.75 14.69 14.88 14.88 14.80 14.37 14.73 14.68 14.17 13.28 13.32 13.12 14.24 14.84 14.90 15.30 15.06 14.94 15.05 14.10 13.48 12.60 11.67 10.22 11.23 11.54 12.79 12.20 13.08 13.95 14.56 15.25 15.23 14.94 15.48
-9999.00 -9999.00 -9999.00 -9999.00 -9999.00 -9999.00 -9999.00 -9999.00 -9999.00 -9999.00 -9999.00 -9999.00 -9999.00 -9999.00 -9999.00 -9999.00 18.87 18.83 18.76 18.63 18.60 18.54 18.47 18.42 18.26 18.08 17.90 17.71 17.53 17.43 17.03 16.73 16.80 16.44 15.89 16.09 16.15 16.08 16.02 15.71 15.61 15.06 14.51 13.66 12.33 11.55 12.15 13.54 14.15 15.12 15.21 15.26 15.45 15.21 14.69 14.53 14.02 12.03 12.11 11.20 9.78 10.38 11.23 11.19 11.34 12.88 14.42 13.20 13.49 14.47 15.03
-9999.00 -9999.00 -9999.00 -9999.00 -9999.00 -9999.00 -9999.00 -9999.00 -9999.00 -9999.00 -9999.00 -9999.00 -9999.00 -9999.00 -9999.00 -9999.00 -9999.00 18.87 18.84 18.79 18.69 18.63 18.60 18.51 18.35 18.18 18.04 17.84 17.73 17.51 17.30 17.12 17.03 16.87 16.85 16.30 15.87 15.68 15.41 14.98 14.28 13.27 13.44 11.66 11.60 10.40 10.96 13.81 15.05 15.25 15.63 15.45 15.75 15.45 15.18 14.34 13.46 12.08 13.22 12.17 12.22 11.25 11.18 9.75 11.24 12.61 12.93 12.32 13.68 12.90 14.49
-9999.00 -9999.00 -9999.00 -9999.00 -9999.00 -9999.00 -9999.00 -9999.00 -9999.00 -9999.00 -9999.00 -9999.00 -9999.00 -9999.00 -9999.00 -9999.00 -9999.00 -9999.00 18.87 18.86 18.81 18.77 18.65 18.57 18.45 18.31 18.13 17.92 17.76 17.58 17.44 17.36 17.08 16.54 15.96 15.25 14.59 14.30 13.98 13.41 12.56 11.89 11.56 10.94 10.42 10.32 10.07 11.53 13.61 14.45 15.44 16.14 15.44 14.88 14.35 13.37 12.91 12.92 13.64 13.47 12.78 12.70 12.78 10.94 9.69 10.77 11.18 11.48 11.78 12.90 12.96
-9999.00 -9999.00 -9999.00 -9999.00 -9999.00 -9999.00 -9999.00 -9999.00 -9999.00 -9999.00 -9999.00 -9999.00 -9999.00 -9999.00 -9999.00 -9999.00 -9999.00 -9999.00 -9999.00 18.86 18.86 18.80 18.75 18.65 18.52 18.33 18.18 18.02 17.86 17.70 17.51 17.49 17.32 16.89 16.41 15.77 15.37 15.17 14.95 14.04 12.67 12.93 11.85 11.23 11.33 11.19 11.03 11.59 14.02 15.18 16.00 16.26 15.56 14.69 12.67 12.90 13.66 13.71 14.63 14.29 14.01 13.63 12.00 9.95 9.23 9.34 9.55 10.45 11.18 11.38 11.90
-9999.00 -9999.00 -9999.00 -9999.00 -9999.00 -9999.00 -9999.00 -9999.00 -9999.00 -9999.00 -9999.00 -9999.00 -9999.00 -9999.00 -9999.00 -9999.00 -9999.00 -9999.00 -9999.00 -9999.00 18.86 18.84 18.77 18.68 18.58 18.44 18.25 18.10 17.95 17.79 17.72 17.53 17.36 17.07 16.64 16.17 16.21 15.20 14.34 13.72 14.46 12.94 12.13 12.31 12.08 11.23 12.58 13.04 15.09 16.23 16.42 15.52 14.21 13.03 11.25 11.85 13.82 14.42 14.96 14.45 13.33 11.79 11.37 9.74 9.85 9.64 9.76 10.16 10.58 10.86 11.15
