maui/input/air_temperature_monthly/tminmar_250m_maui.asc
ncols        356
nrows        236
xllcorner    -156.702000000000
yllcorner    20.529750000000
cellsize     0.002250000000
NODATA_value  -99.00
[rows 160 to 191 of 236, columns 216 to 287 of 356]
2.06 2.08 2.20 2.40 2.63 2.76 2.88 2.86 3.08 2.80 2.73 2.68 2.67 2.64 2.71 2.76 2.59 2.54 2.54 2.57 3.06 3.76 4.39 5.64 6.25 6.42 6.48 6.52 6.46 6.52 6.46 6.40 6.45 6.72 6.32 4.60 4.16 4.46 4.59 4.70 4.79 4.94 5.16 5.32 5.55 5.87 5.97 6.02 6.64 7.60 9.47 9.40 9.61 9.88 10.12 10.42 10.52 10.79 10.92 11.45 12.37 12.57 12.82 13.08 12.70 10.84 9.84 9.98 10.34 10.72 10.98 11.22
2.33 2.39 2.47 2.68 2.87 3.01 3.12 3.20 3.51 3.16 3.10 3.11 3.06 3.04 3.18 3.16 2.99 2.91 2.94 3.06 3.01 3.04 3.97 4.92 6.58 6.67 6.85 6.85 6.87 6.95 6.97 6.80 6.93 7.12 7.06 5.37 4.74 4.96 5.08 5.22 5.35 5.51 5.62 5.84 6.10 6.30 6.39 6.43 6.56 6.87 8.60 9.82 9.83 10.05 10.34 10.70 10.85 11.09 11.22 11.26 11.25 11.94 13.23 13.24 12.82 11.10 10.14 10.34 10.57 10.96 11.20 11.39
2.64 2.73 2.86 2.94 3.14 3.28 3.36 3.66 4.29 3.82 3.60 3.66 3.56 3.48 3.93 3.62 3.57 3.57 3.70 3.95 3.60 3.58 3.65 4.58 6.11 7.05 7.12 7.15 7.22 7.32 7.30 7.39 7.39 7.52 7.60 6.18 5.24 5.54 5.61 5.78 5.90 6.10 6.26 6.39 6.53 6.54 6.65 6.75 6.89 7.07 7.51 8.99 9.77 10.67 10.59 10.95 11.18 11.41 11.47 11.47 11.45 12.63 13.47 13.63 13.09 11.71 10.60 10.74 10.91 11.22 11.41 11.66
2.96 3.10 3.19 3.29 3.45 3.85 3.93 4.38 4.83 4.68 4.50 4.50 4.42 4.46 4.65 4.46 4.36 4.48 4.84 4.94 4.70 4.56 4.37 4.31 5.54 7.13 7.46 7.57 7.58 7.68 7.74 7.75 7.72 7.83 7.83 6.82 5.73 6.02 6.15 6.19 6.50 6.73 6.82 6.91 6.94 6.74 6.91 7.12 7.22 7.47 7.66 7.80 8.45 9.92 10.94 11.20 11.46 11.56 11.71 11.68 11.70 12.51 13.63 13.67 13.73 12.26 10.93 11.08 11.40 11.56 11.89 12.00
3.35 3.40 3.66 4.01 4.27 4.56 4.79 5.04 5.26 5.43 5.35 5.34 5.29 5.34 5.32 5.56 5.27 5.49 5.62 5.65 6.04 5.50 5.24 5.07 5.12 6.38 7.77 7.87 7.94 7.99 8.10 8.07 8.04 8.18 8.18 7.06 6.42 6.40 6.76 6.84 7.01 7.29 7.36 7.46 7.39 7.14 7.23 7.37 7.59 7.78 8.05 8.18 8.25 9.06 9.59 11.01 11.84 11.94 12.00 11.94 11.93 12.02 13.57 13.78 13.91 12.97 11.46 11.41 11.67 11.91 12.13 12.44
4.25 4.23 4.65 4.83 5.19 5.30 5.64 5.78 5.95 6.01 6.22 6.20 6.17 6.21 6.11 6.41 6.13 6.47 6.56 6.64 7.03 6.31 6.24 6.07 5.85 5.98 7.14 8.11 8.24 8.37 8.51 8.47 8.48 8.54 8.51 7.89 7.08 7.07 7.26 7.38 7.57 7.77 7.81 7.92 7.87 7.70 7.73 7.90 7.96 8.25 8.39 8.76 8.72 8.89 9.09 9.83 11.24 12.17 12.31 12.28 12.26 12.41 13.65 13.95 14.06 13.75 12.46 11.88 12.03 12.41 12.54 12.89
4.97 5.04 5.28 5.57 6.47 6.11 6.81 6.52 6.55 6.66 6.91 6.90 6.84 7.15 6.95 6.92 6.91 7.80 7.58 7.93 8.13 7.11 7.15 6.94 6.77 6.68 6.76 8.07 8.62 8.75 8.82 8.83 8.83 8.93 9.07 8.86 7.57 7.70 7.81 7.89 8.21 8.24 8.39 8.49 8.33 8.26 8.26 8.37 8.55 8.62 8.97 9.14 9.28 9.44 9.54 9.64 10.75 12.12 12.49 12.48 12.62 12.72 13.39 14.09 14.13 14.35 13.38 12.36 12.81 12.86 12.98 13.17
5.85 5.85 6.07 6.44 6.91 7.04 7.35 7.35 7.37 7.37 7.57 7.55 7.66 7.86 7.72 7.83 7.82 8.19 8.58 8.74 8.64 7.94 7.93 7.85 7.57 7.48 7.65 7.82 8.93 9.12 9.19 9.33 9.23 9.34 9.41 9.44 8.23 8.30 8.43 8.54 8.75 8.77 9.62 10.09 9.96 8.67 8.82 8.96 9.12 9.30 9.49 9.65 9.92 9.91 10.00 10.14 10.47 11.82 12.59 12.59 12.74 12.91 12.95 14.01 14.28 14.37 14.30 12.93 13.09 13.63 13.63 13.55
6.67 6.65 7.01 7.23 7.36 7.99 7.95 8.02 8.16 8.37 8.20 8.57 8.35 9.08 8.49 8.91 8.76 8.82 10.22 9.26 9.35 8.68 8.58 8.59 8.32 8.37 8.42 8.40 9.22 9.49 9.60 9.68 9.68 9.74 9.78 9.73 8.76 8.86 8.98 9.09 9.31 10.13 11.18 12.67 11.68 9.73 9.22 9.53 9.66 9.99 10.26 10.25 10.76 10.44 10.48 10.67 10.82 11.13 12.23 13.69 12.94 13.11 13.25 13.80 14.31 14.51 14.68 13.98 13.55 13.79 14.36 14.11
7.40 7.40 7.70 8.30 8.27 8.57 8.67 8.89 8.82 8.97 9.53 9.35 9.21 10.02 9.26 9.62 9.61 9.66 10.38 10.22 10.42 9.44 9.30 9.30 9.09 9.01 9.20 9.09 9.02 9.85 9.93 9.95 10.17 10.16 10.14 9.99 9.55 9.46 9.51 9.59 9.78 11.46 12.68 12.81 11.07 9.59 9.77 9.94 10.21 10.44 10.76 11.05 11.34 11.03 11.05 11.22 11.33 11.58 11.96 13.07 13.62 13.27 13.45 13.66 14.62 14.72 14.82 14.78 13.96 14.56 14.86 14.62
8.17 8.20 8.46 8.85 9.09 9.08 9.46 10.16 9.81 9.59 10.30 10.36 10.13 10.91 10.02 10.76 10.34 10.55 11.02 11.69 11.98 10.06 9.96 10.13 9.71 9.61 10.10 9.68 9.73 10.41 10.41 10.36 10.38 10.41 10.37 10.21 10.00 9.99 10.11 10.05 10.62 12.28 14.16 12.56 11.05 10.10 10.32 10.56 10.74 10.96 11.28 11.58 11.79 11.58 11.61 11.76 11.87 12.03 12.42 12.70 15.15 13.90 13.65 13.68 14.06 14.93 15.12 15.19 14.76 14.75 16.33 16.14
8.93 8.92 9.15 9.67 10.28 9.84 10.07 11.84 11.42 10.20 11.36 10.82 10.72 11.27 10.81 10.97 11.00 11.95 11.91 12.95 11.78 10.66 10.60 10.98 10.41 10.42 10.93 10.55 10.58 10.93 10.83 10.78 10.73 10.69 10.65 10.52 10.54 10.65 11.10 11.20 11.28 13.49 14.05 12.56 10.87 10.57 10.85 11.08 11.23 11.58 11.56 11.93 12.16 12.05 12.12 12.22 12.36 12.49 12.82 13.29 13.95 15.25 14.02 13.59 13.79 14.78 15.25 15.28 15.35 15.37 16.50 16.42
9.48 9.83 9.95 10.22 11.01 10.61 10.77 11.91 11.45 10.93 11.78 11.09 11.39 11.91 11.71 11.46 11.72 12.63 13.06 12.71 11.37 11.38 11.34 11.27 11.07 11.22 11.54 11.29 11.67 11.27 11.23 11.16 11.14 11.02 10.95 11.03 11.05 11.70 12.32 11.44 12.08 13.95 13.78 12.16 11.13 11.10 11.28 11.50 11.69 11.86 12.06 12.22 12.50 12.55 12.68 12.65 13.03 12.99 13.19 13.47 13.93 14.98 15.00 14.29 14.26 14.52 15.34 15.42 15.46 15.67 16.50 16.61
10.06 10.74 10.64 10.89 11.33 11.78 11.34 11.84 12.90 11.77 12.58 12.00 12.48 12.61 12.17 12.26 12.68 13.15 14.04 12.83 12.29 11.99 12.15 11.83 11.76 11.78 12.21 12.30 11.93 11.68 11.57 11.57 11.45 11.39 11.40 11.66 11.60 11.74 13.13 12.12 13.78 15.20 13.17 11.70 11.68 11.56 11.71 11.84 12.11 12.32 12.62 12.65 12.70 13.24 13.24 13.17 13.42 13.61 13.77 14.02 14.13 14.60 15.75 14.95 14.61 14.95 15.10 15.54 15.69 16.18 16.34 16.88
10.74 11.26 11.30 11.55 12.21 13.02 12.13 12.08 12.72 12.98 13.11 12.89 13.05 12.97 12.82 12.99 12.83 13.06 14.25 13.53 13.17 12.99 12.96 12.42 12.48 12.54 12.59 12.78 12.35 11.98 12.01 11.84 11.85 11.82 12.06 12.27 12.16 12.44 13.12 12.70 14.41 14.73 13.06 12.19 12.18 12.12 12.22 12.38 12.52 12.76 13.12 13.17 13.29 13.46 13.81 13.73 13.93 14.07 14.33 14.31 14.46 15.21 15.05 15.66 15.10 15.31 15.52 15.64 15.81 15.91 16.18 16.44
11.37 11.86 11.89 12.34 12.45 13.04 12.91 12.86 13.05 13.48 13.37 13.42 13.44 13.51 13.37 13.67 13.37 13.76 14.28 14.13 13.68 13.24 13.09 12.98 13.12 13.28 13.26 13.09 12.63 12.53 12.34 12.22 12.27 12.39 12.54 12.60 12.66 13.30 13.05 13.56 14.19 15.37 13.42 12.63 12.72 12.68 12.72 12.86 12.97 13.16 13.32 13.46 13.72 13.73 14.64 14.17 14.46 14.63 14.47 15.00 14.88 15.20 15.55 15.59 15.77 15.94 15.82 16.03 16.09 16.12 16.30 16.62
12.77 12.27 12.73 12.64 13.10 13.03 13.76 13.50 13.56 13.86 14.42 13.97 14.00 13.95 13.92 14.06 13.92 13.94 14.31 15.28 13.88 13.81 13.67 13.51 13.77 14.03 13.70 13.40 13.20 12.99 12.87 12.84 12.93 13.07 13.15 13.17 13.33 13.91 13.42 14.34 14.73 15.85 14.13 13.14 13.22 13.12 13.18 13.28 13.42 13.55 13.75 14.08 14.41 14.15 14.30 14.82 14.65 15.01 15.05 15.22 15.52 15.47 16.50 15.85 16.26 16.50 16.13 16.39 16.40 16.54 16.61 16.80
12.15 13.13 13.00 13.20 13.71 13.53 14.28 14.11 14.11 14.19 14.75 14.35 14.45 14.41 14.45 14.42 14.32 14.29 14.49 15.46 14.40 14.65 14.23 14.02 14.22 14.34 14.07 13.84 13.61 13.52 13.40 13.45 13.47 13.51 13.60 13.70 13.90 14.42 14.40 14.68 15.51 15.35 13.88 13.71 13.64 13.61 13.60 13.70 13.87 13.95 14.05 14.50 14.45 14.66 14.55 15.45 15.45 15.67 16.09 15.75 16.06 16.12 16.54 16.34 16.47 16.56 16.67 16.67 16.74 16.86 16.89 16.99
12.69 12.94 13.88 14.38 13.72 14.52 14.25 14.42 14.49 14.56 14.57 15.27 15.25 14.85 14.77 15.04 14.81 14.79 14.83 15.12 15.05 14.77 14.62 14.58 14.72 14.66 14.43 14.26 14.05 13.92 13.87 13.81 13.95 14.03 14.09 14.27 14.43 15.26 15.03 15.25 16.17 15.53 14.24 14.32 14.14 14.11 14.14 14.18 14.22 14.38 14.42 14.73 14.83 15.15 15.07 15.41 15.39 16.23 15.93 16.42 16.81 16.32 16.64 17.22 16.77 16.80 16.96 17.06 17.13 17.15 17.17 17.25
13.04 13.35 13.63 14.92 14.29 14.39 14.72 14.70 14.79 14.90 14.90 15.15 15.22 15.58 15.24 15.34 15.27 15.23 15.56 15.35 15.29 15.17 15.12 15.08 15.07 14.98 14.84 14.71 14.41 14.41 14.40 14.30 14.43 14.56 14.71 14.78 14.91 15.62 15.70 15.77 15.21 16.68 14.69 14.79 14.70 14.60 14.62 14.70 14.67 14.69 14.82 14.92 15.34 15.27 16.14 15.55 16.33 15.81 17.40 16.62 16.58 17.32 16.90 17.39 17.11 17.10 17.19 17.35 17.33 17.33 17.35 17.48
13.35 13.68 14.02 14.91 14.70 14.83 15.23 15.02 15.12 15.17 15.19 15.36 15.75 15.83 15.63 15.84 15.60 15.64 15.74 15.62 16.05 15.56 15.44 15.49 15.42 15.26 15.20 15.03 14.91 14.82 14.81 14.85 14.91 14.99 15.13 15.26 15.33 15.92 15.99 15.94 15.83 16.75 15.21 15.25 15.23 15.15 15.07 15.16 15.33 15.11 15.37 15.30 15.57 15.53 16.06 16.15 16.12 16.50 16.49 17.71 17.47 17.57 17.58 17.57 17.42 17.38 17.31 17.43 17.56 17.54 17.50 17.64
13.85 14.05 14.51 14.79 15.88 15.14 15.33 15.33 15.46 15.51 15.47 15.69 15.87 15.90 15.93 16.19 15.98 15.99 16.12 15.99 16.28 15.89 15.84 15.73 15.64 15.51 15.39 15.39 15.31 15.28 15.28 15.26 15.27 15.36 15.57 15.68 15.75 16.08 16.10 15.95 16.90 15.89 15.72 15.66 15.69 15.74 15.57 15.63 15.81 15.58 15.63 16.00 15.77 16.06 16.14 17.37 16.45 16.82 16.83 17.75 17.38 17.35 17.84 17.75 17.68 17.67 17.66 17.58 17.67 17.69 17.74 17.81
14.26 14.41 14.67 14.96 15.41 15.64 15.69 15.66 15.72 15.74 15.75 15.91 16.07 16.28 16.61 16.54 16.40 16.32 16.26 16.30 16.45 16.23 16.10 15.97 15.90 15.70 15.62 15.70 15.66 15.58 15.57 15.49 15.61 15.68 15.94 15.97 16.02 16.22 16.25 16.11 16.86 16.25 16.21 16.05 16.16 16.23 16.12 16.15 16.33 16.14 16.12 16.77 16.47 16.37 16.52 16.72 17.45 17.29 17.28 17.59 18.18 18.18 18.15 17.90 17.88 17.91 17.90 17.85 17.94 17.94 17.92 18.20
14.82 14.82 14.98 15.34 15.57 16.75 16.06 15.94 15.99 16.06 16.09 16.14 16.32 16.87 17.01 16.72 16.67 16.62 16.60 16.66 16.48 16.36 16.26 16.25 16.17 16.06 15.92 15.96 15.96 15.91 15.84 15.83 15.91 15.99 16.12 16.13 16.28 16.35 16.45 16.51 16.56 16.96 16.71 16.49 16.69 16.67 16.58 16.68 16.88 16.66 16.61 16.90 17.50 16.75 16.82 17.00 17.16 18.01 18.19 -9999.00 -9999.00 -9999.00 -9999.00 18.20 18.04 18.05 18.03 18.08 18.20 18.20 -9999.00 -9999.00
15.49 15.36 15.40 15.58 16.03 16.24 16.46 16.27 16.34 16.37 16.40 16.44 16.59 16.64 16.82 17.19 16.95 16.88 16.83 16.65 16.63 16.52 16.47 16.47 16.39 16.31 16.17 16.15 16.23 16.24 16.30 16.22 16.18 16.20 16.27 16.43 16.50 16.56 16.65 16.78 16.93 17.46 16.91 17.12 17.17 17.08 17.07 17.25 17.31 17.06 17.02 17.61 17.73 17.18 17.25 17.41 17.60 18.09 -9999.00 -9999.00 -9999.00 -9999.00 -9999.00 -9999.00 -9999.00 -9999.00 -9999.00 -9999.00 -9999.00 -9999.00 -9999.00 -9999.00
15.73 15.95 15.82 15.95 16.18 16.43 17.21 16.62 16.59 16.62 16.68 16.76 16.98 16.96 17.01 17.12 17.30 17.13 17.11 16.88 16.73 16.69 16.63 16.54 16.51 16.50 16.51 16.52 16.48 16.40 16.52 16.56 16.44 16.46 16.50 16.62 16.72 16.90 16.97 17.01 17.13 17.55 17.28 17.62 17.56 17.49 17.52 17.58 17.78 17.40 17.38 17.91 17.74 17.55 17.77 18.13 -9999.00 -9999.00 -9999.00 -9999.00 -9999.00 -9999.00 -9999.00 -9999.00 -9999.00 -9999.00 -9999.00 -9999.00 -9999.00 -9999.00 -9999.00 -9999.00
15.96 16.14 16.37 16.32 16.56 16.71 17.41 17.05 16.93 16.92 16.94 16.99 17.20 17.24 17.26 17.25 17.46 17.42 16.96 16.87 16.96 16.79 16.72 16.65 16.64 16.69 16.81 16.77 16.66 16.67 16.74 16.71 16.68 16.75 16.68 16.85 16.97 17.06 17.10 17.18 17.34 17.46 17.83 17.80 17.87 17.82 17.94 18.10 18.19 17.88 -9999.00 -9999.00 -9999.00 -9999.00 -9999.00 -9999.00 -9999.00 -9999.00 -9999.00 -9999.00 -9999.00 -9999.00 -9999.00 -9999.00 -9999.00 -9999.00 -9999.00 -9999.00 -9999.00 -9999.00 -9999.00 -9999.00
16.25 16.45 16.88 16.81 16.90 17.05 17.14 17.75 17.23 17.25 17.21 17.29 17.36 17.59 17.53 17.58 17.54 17.35 17.20 17.19 17.04 16.96 16.90 16.86 16.86 16.92 16.97 16.98 16.87 16.96 16.88 16.89 16.96 16.95 16.89 17.04 17.14 17.22 17.24 17.27 17.43 17.54 17.71 17.91 17.92 18.09 18.22 -9999.00 -9999.00 -9999.00 -9999.00 -9999.00 -9999.00 -9999.00 -9999.00 -9999.00 -9999.00 -9999.00 -9999.00 -9999.00 -9999.00 -9999.00 -9999.00 -9999.00 -9999.00 -9999.00 -9999.00 -9999.00 -9999.00 -9999.00 -9999.00 -9999.00
16.51 16.76 16.92 17.10 17.23 17.37 17.41 17.89 17.43 17.53 17.58 17.57 17.70 17.73 17.76 17.77 17.77 17.46 17.48 17.38 17.28 17.05 17.01 16.98 17.04 17.17 17.13 17.09 17.25 17.11 17.05 17.07 17.13 17.16 17.17 17.22 17.32 17.30 17.38 17.45 17.57 17.67 17.87 17.95 18.10 18.17 -9999.00 -9999.00 -9999.00 -9999.00 -9999.00 -9999.00 -9999.00 -9999.00 -9999.00 -9999.00 -9999.00 -9999.00 -9999.00 -9999.00 -9999.00 -9999.00 -9999.00 -9999.00 -9999.00 -9999.00 -9999.00 -9999.00 -9999.00 -9999.00 -9999.00 -9999.00
16.82 16.96 17.12 17.49 17.41 17.55 17.67 18.04 17.72 17.76 17.80 17.84 17.85 18.13 18.02 17.99 17.91 17.83 17.79 17.61 17.49 17.39 17.29 17.19 17.22 17.37 17.38 17.47 17.39 17.29 17.18 17.23 17.28 17.28 17.33 17.39 17.45 17.56 17.57 17.56 17.67 17.76 17.95 18.11 18.22 18.22 -9999.00 -9999.00 -9999.00 -9999.00 -9999.00 -9999.00 -9999.00 -9999.00 -9999.00 -9999.00 -9999.00 -9999.00 -9999.00 -9999.00 -9999.00 -9999.00 -9999.00 -9999.00 -9999.00 -9999.00 -9999.00 -9999.00 -9999.00 -9999.00 -9999.00 -9999.00
17.19 17.21 17.37 17.57 17.67 17.73 17.85 18.15 17.93 17.99 18.03 18.04 18.06 18.23 18.15 18.04 18.07 18.00 17.95 17.87 17.63 17.47 17.41 17.34 17.23 17.47 17.58 17.61 17.54 17.47 17.35 17.38 17.42 17.50 17.50 17.54 17.59 17.68 17.74 17.90 17.86 17.95 18.01 18.10 -9999.00 -9999.00 -9999.00 -9999.00 -9999.00 -9999.00 -9999.00 -9999.00 -9999.00 -9999.00 -9999.00 -9999.00 -9999.00 -9999.00 -9999.00 -9999.00 -9999.00 -9999.00 -9999.00 -9999.00 -9999.00 -9999.00 -9999.00 -9999.00 -9999.00 -9999.00 -9999.00 -9999.00
17.44 17.51 17.66 17.81 17.88 17.96 18.07 18.07 18.32 18.19 18.20 18.28 18.33 18.28 18.21 18.10 18.19 18.15 18.03 18.02 17.69 17.52 17.58 17.39 17.47 17.64 17.76 17.65 17.65 17.61 17.73 17.50 17.57 17.63 17.69 17.70 17.75 17.87 17.89 18.01 18.24 18.27 18.28 -9999.00 -9999.00 -9999.00 -9999.00 -9999.00 -9999.00 -9999.00 -9999.00 -9999.00 -9999.00 -9999.00 -9999.00 -9999.00 -9999.00 -9999.00 -9999.00 -9999.00 -9999.00 -9999.00 -9999.00 -9999.00 -9999.00 -9999.00 -9999.00 -9999.00 -9999.00 -9999.00 -9999.00 -9999.00
