maui/input/air_temperature_monthly/tminnov_250m_maui.asc
ncols        356
nrows        236
xllcorner    -156.702000000000
yllcorner    20.529750000000
cellsize     0.002250000000
NODATA_value  -99.00
[rows 128 to 159 of 236, columns 142 to 212 of 356]
17.88 17.81 17.74 17.60 17.51 17.41 17.31 17.18 17.04 16.95 16.79 16.75 16.65 16.55 16.34 16.19 16.12 15.97 15.81 15.67 15.52 15.38 15.31 15.10 14.95 14.82 14.75 14.55 14.27 14.12 13.77 13.52 13.33 13.14 13.04 12.84 12.54 12.21 11.94 11.78 11.38 11.20 11.01 10.71 10.45 10.19 9.94 9.75 9.50 9.32 9.03 8.71 8.44 8.17 7.78 7.43 7.14 6.96 6.69 6.46 6.18 5.53 5.71 6.05 6.05 6.15 6.00 5.87 5.97 5.97 6.11
17.84 17.74 17.63 17.53 17.44 17.33 17.25 17.13 16.97 16.86 16.77 16.65 16.61 16.43 16.28 16.15 15.95 15.81 15.71 15.58 15.42 15.23 15.12 15.02 14.87 14.63 14.48 14.27 14.32 13.90 13.73 13.55 13.29 13.11 12.94 12.74 12.55 12.20 11.79 11.53 11.34 11.27 11.00 10.67 10.32 10.05 9.79 9.58 9.36 9.12 8.97 8.67 8.40 8.01 7.57 7.26 6.89 6.67 6.49 6.18 5.92 5.80 5.74 5.79 5.89 5.78 5.69 5.61 5.60 5.77 5.86
17.76 17.70 17.59 17.54 17.43 17.31 17.18 17.06 16.98 16.83 16.70 16.60 16.41 16.31 16.26 16.01 15.90 15.75 15.67 15.45 15.25 15.13 14.98 14.84 14.73 14.61 14.35 14.22 13.99 13.91 13.71 13.40 13.20 12.98 12.79 12.60 12.32 12.01 11.71 11.46 11.24 11.01 10.82 10.55 10.22 10.02 9.67 9.41 9.17 8.96 8.66 8.45 8.17 7.81 7.48 7.02 6.78 6.50 6.28 6.00 5.74 5.64 5.66 5.64 5.67 5.61 5.44 5.39 5.44 5.49 5.51
17.73 17.63 17.57 17.47 17.37 17.25 17.17 17.10 16.98 16.78 16.66 16.53 16.33 16.18 16.02 15.93 15.84 15.70 15.53 15.42 15.20 15.04 14.82 14.74 14.65 14.41 14.23 14.06 13.81 13.74 13.68 13.34 13.10 12.85 12.62 12.43 12.20 11.84 11.58 11.35 11.08 10.79 10.56 10.43 10.11 9.73 9.57 9.35 9.01 8.80 8.51 8.20 7.96 7.65 7.32 6.95 6.66 6.39 6.16 5.90 5.64 5.54 5.51 5.45 5.46 5.32 5.21 5.29 5.19 5.21 5.33
17.74 17.63 17.54 17.41 17.28 17.25 17.16 17.01 16.90 16.71 16.60 16.49 16.28 16.16 16.01 15.84 15.74 15.64 15.61 15.30 15.15 14.95 14.73 14.60 14.44 14.26 14.08 14.14 13.64 13.54 13.39 13.23 13.03 12.67 12.48 12.26 11.96 11.79 11.49 11.24 10.89 10.52 10.33 10.16 9.92 9.78 9.42 9.13 8.86 8.63 8.26 8.01 7.70 7.45 7.15 6.80 6.50 6.26 5.97 5.78 5.49 5.30 5.35 5.21 5.12 5.09 5.04 5.04 5.00 4.99 5.01
17.73 17.60 17.50 17.35 17.24 17.17 17.10 16.96 16.82 16.62 16.51 16.41 16.27 16.05 15.91 15.75 15.63 15.47 15.33 15.30 15.04 14.88 14.64 14.46 14.30 14.15 13.95 13.75 13.53 13.53 13.29 13.06 12.81 12.54 12.43 12.24 11.94 11.65 11.40 11.11 10.78 10.37 10.04 9.84 9.64 9.39 9.26 8.99 8.65 8.37 8.10 7.85 7.52 7.34 6.99 6.69 6.40 6.12 5.88 5.53 5.29 5.11 5.08 5.07 4.99 4.97 4.95 4.89 4.90 4.83 4.84
17.71 17.56 17.49 17.33 17.22 17.12 17.04 16.89 16.69 16.54 16.42 16.30 16.17 15.95 15.76 15.60 15.50 15.33 15.23 15.09 15.03 14.78 14.58 14.39 14.21 14.03 13.81 13.62 13.41 13.26 13.14 13.05 12.66 12.43 12.29 12.16 11.85 11.66 11.28 11.03 10.66 10.30 10.02 9.67 9.31 9.12 8.90 8.74 8.51 8.16 7.83 7.60 7.45 7.22 6.90 6.57 6.11 5.82 5.50 5.36 5.14 5.04 4.96 4.93 4.87 4.87 4.79 4.79 4.73 4.68 4.62
17.64 17.51 17.49 17.38 17.26 17.10 17.02 16.96 16.79 16.61 16.44 16.29 16.05 15.93 15.71 15.49 15.45 15.31 15.14 14.96 14.77 14.72 14.53 14.34 14.12 13.97 13.75 13.52 13.33 13.14 12.98 12.83 12.61 12.33 12.20 12.02 11.79 11.57 11.37 10.97 10.54 10.25 9.98 9.67 9.27 8.92 8.63 8.41 8.30 7.98 7.63 7.38 7.21 6.98 6.69 6.45 6.15 5.60 5.15 5.05 5.05 4.91 4.85 4.82 4.70 4.73 4.65 4.63 4.59 4.54 4.49
17.54 17.49 17.38 17.28 17.19 17.12 16.97 16.89 16.77 16.61 16.41 16.23 16.00 15.83 15.66 15.50 15.38 15.26 15.06 14.93 14.68 14.54 14.50 14.29 14.09 13.83 13.64 13.46 13.28 13.06 12.88 12.70 12.43 12.28 12.13 12.00 11.72 11.47 11.11 10.92 10.53 10.20 9.83 9.52 9.23 8.95 8.59 8.24 8.11 7.76 7.35 7.12 6.91 6.75 6.44 6.13 5.83 5.57 5.22 5.06 4.95 4.80 4.71 4.68 4.57 4.56 4.50 4.45 4.42 4.42 4.38
17.48 17.43 17.36 17.26 17.14 17.07 16.94 16.85 16.65 16.53 16.37 16.26 16.07 15.81 15.62 15.44 15.28 15.17 14.92 14.77 14.55 14.38 14.31 14.21 14.06 13.86 13.62 13.38 13.19 12.98 12.81 12.55 12.34 12.15 11.99 11.82 11.70 11.41 11.13 10.64 10.38 10.08 9.83 9.44 9.01 8.77 8.40 8.08 7.78 7.49 7.02 6.84 6.65 6.51 6.24 5.76 5.48 5.21 5.09 4.93 4.82 4.70 4.61 4.55 4.45 4.41 4.35 4.27 4.31 4.26 4.22
17.54 17.39 17.35 17.20 17.04 17.00 16.85 16.68 16.62 16.46 16.36 16.24 16.02 15.77 15.59 15.40 15.23 15.00 14.85 14.66 14.43 14.32 14.19 14.08 13.98 13.70 13.53 13.30 13.07 12.82 12.70 12.50 12.25 11.97 11.79 11.53 11.29 11.13 10.81 10.55 10.14 9.87 9.53 9.25 8.96 8.53 8.26 7.90 7.58 7.19 6.78 6.51 6.38 6.18 5.92 5.50 5.15 5.03 4.94 4.81 4.68 4.60 4.49 4.40 4.32 4.26 4.22 4.13 4.09 4.05 4.29
17.50 17.37 17.30 17.17 17.00 16.92 16.78 16.70 16.51 16.43 16.23 16.09 15.96 15.76 15.60 15.35 15.19 14.97 14.76 14.58 14.40 14.22 14.16 13.92 13.76 13.56 13.35 13.16 13.02 12.76 12.54 12.38 12.15 11.89 11.58 11.16 11.00 10.99 10.57 10.23 10.04 9.80 9.46 9.00 8.65 8.44 8.05 7.68 7.30 6.88 6.52 6.22 6.16 5.76 5.50 5.20 5.04 4.92 4.78 4.68 4.56 4.47 4.36 4.22 4.19 4.11 4.08 3.96 3.86 4.28 4.77
17.52 17.33 17.24 17.16 16.96 16.82 16.67 16.58 16.48 16.32 16.24 16.03 15.93 15.76 15.57 15.30 15.08 14.87 14.70 14.51 14.29 14.09 13.95 13.88 13.59 13.39 13.18 12.96 12.83 12.71 12.55 12.28 11.96 11.64 11.37 11.09 10.83 10.61 10.43 10.12 9.73 9.61 9.24 8.84 8.41 8.11 7.76 7.42 7.09 6.67 6.23 5.92 5.63 5.31 5.20 5.04 4.91 4.78 4.70 4.52 4.42 4.30 4.23 4.07 3.90 3.97 3.88 3.77 3.74 4.18 4.80
17.41 17.28 17.21 17.12 16.97 16.83 16.63 16.46 16.35 16.24 16.11 16.00 15.91 15.72 15.55 15.34 15.10 14.89 14.63 14.43 14.22 14.05 13.82 13.63 13.55 13.24 13.05 12.87 12.70 12.55 12.32 12.11 11.81 11.57 11.21 10.90 10.66 10.29 10.20 9.82 9.51 9.25 8.87 8.45 8.01 7.79 7.40 7.18 6.78 6.28 5.91 5.65 5.27 5.14 5.01 4.90 4.77 4.63 4.53 4.40 4.25 4.21 4.13 3.94 3.80 3.80 3.68 3.63 3.80 4.18 4.63
17.31 17.24 17.14 17.12 16.84 16.73 16.60 16.43 16.26 16.14 16.07 15.87 15.75 15.53 15.45 15.24 15.01 14.94 14.64 14.38 14.19 13.88 13.70 13.50 13.31 13.13 13.04 12.84 12.53 12.48 12.17 11.91 11.75 11.43 11.13 10.85 10.38 9.99 9.67 9.36 9.11 8.80 8.53 8.20 7.85 7.49 7.09 6.79 6.51 6.14 5.62 5.23 5.13 5.05 4.90 4.73 4.59 4.46 4.38 4.26 4.13 4.06 3.98 3.84 3.69 3.59 3.52 3.62 3.98 4.46 4.38
17.26 17.17 17.07 16.90 16.80 16.70 16.52 16.37 16.24 16.11 15.94 15.81 15.67 15.41 15.22 15.17 14.87 14.57 14.50 14.33 14.07 13.88 13.72 13.43 13.23 13.05 12.82 12.69 12.45 12.28 12.00 11.82 11.50 11.23 10.96 10.45 10.15 9.70 9.31 9.16 8.72 8.43 8.25 7.88 7.47 7.19 6.82 6.44 6.22 5.86 5.28 5.06 4.97 4.92 4.80 4.61 4.46 4.34 4.24 4.16 4.05 3.91 3.80 3.69 3.58 3.43 3.36 3.81 4.41 4.69 4.93
17.18 17.11 17.01 16.86 16.73 16.67 16.45 16.28 16.18 16.03 15.84 15.71 15.54 15.29 15.14 14.98 14.83 14.55 14.36 14.24 14.01 13.85 13.70 13.43 13.17 12.94 12.64 12.42 12.23 12.03 11.84 11.58 11.29 11.01 10.53 10.17 9.84 9.39 9.00 8.72 8.46 8.10 7.82 7.51 7.16 6.80 6.51 6.08 5.66 5.34 5.13 4.93 4.80 4.73 4.67 4.53 4.38 4.23 4.12 4.03 3.93 3.78 3.65 3.53 3.43 3.29 3.70 4.00 4.31 4.55 5.05
17.17 17.02 16.91 16.81 16.66 16.51 16.45 16.29 16.06 15.85 15.79 15.63 15.46 15.28 15.11 14.86 14.64 14.38 14.25 14.04 13.89 13.64 13.43 13.30 13.02 12.76 12.50 12.18 11.92 11.76 11.52 11.27 11.04 10.65 10.17 9.83 9.47 9.19 8.78 8.43 8.06 7.71 7.35 7.01 6.74 6.29 5.93 5.57 5.25 5.09 4.97 4.80 4.66 4.57 4.50 4.41 4.26 4.16 4.04 3.97 3.85 3.69 3.56 3.44 3.31 3.46 3.92 4.36 4.64 4.85 4.99
17.14 16.99 16.91 16.77 16.58 16.40 16.31 16.17 15.94 15.79 15.66 15.52 15.32 15.13 14.97 14.74 14.57 14.35 14.13 13.95 13.76 13.48 13.34 13.05 12.87 12.63 12.29 11.91 11.65 11.43 11.14 10.92 10.72 10.41 10.06 9.62 9.26 8.88 8.50 8.15 7.79 7.37 7.09 6.70 6.24 5.90 5.40 5.16 5.06 4.92 4.81 4.67 4.55 4.41 4.35 4.28 4.18 4.02 3.93 3.85 3.73 3.62 3.47 3.36 3.26 3.66 3.94 4.41 4.77 4.93 5.04
17.06 16.94 16.83 16.75 16.58 16.39 16.21 16.04 15.83 15.68 15.57 15.37 15.17 15.00 14.87 14.64 14.48 14.28 14.09 13.81 13.58 13.38 13.19 12.92 12.72 12.50 12.14 11.84 11.64 11.24 10.85 10.52 10.39 10.12 9.76 9.37 9.02 8.60 8.22 7.86 7.46 7.03 6.69 6.41 5.97 5.50 5.21 5.00 4.86 4.71 4.67 4.51 4.40 4.32 4.17 4.10 4.00 3.90 3.77 3.69 3.62 3.47 3.35 3.28 3.50 3.72 4.17 4.47 4.77 4.97 4.99
16.97 16.83 16.73 16.57 16.44 16.32 16.19 15.90 15.75 15.54 15.46 15.30 15.21 14.93 14.72 14.51 14.33 14.12 13.95 13.73 13.49 13.18 12.88 12.62 12.40 12.21 11.94 11.63 11.31 11.02 10.62 10.23 9.97 9.69 9.42 9.08 8.65 8.27 7.89 7.45 7.03 6.69 6.33 5.96 5.57 5.20 5.07 4.88 4.69 4.55 4.47 4.40 4.26 4.11 4.04 3.95 3.86 3.77 3.66 3.57 3.43 3.30 3.23 3.62 3.97 4.07 4.38 4.62 4.80 4.94 4.95
16.92 16.76 16.61 16.48 16.30 16.17 15.98 15.80 15.60 15.53 15.30 15.24 15.07 14.92 14.71 14.41 14.12 14.00 13.78 13.57 13.37 13.10 12.82 12.48 12.19 11.96 11.68 11.42 11.20 10.78 10.33 9.97 9.69 9.36 9.11 8.77 8.38 7.97 7.52 7.06 6.69 6.33 5.89 5.56 5.24 5.10 4.94 4.78 4.64 4.43 4.32 4.24 4.14 4.01 3.90 3.79 3.71 3.63 3.50 3.40 3.26 3.47 3.71 3.82 4.15 4.37 4.57 4.71 4.82 4.85 4.84
16.84 16.72 16.56 16.41 16.21 16.08 15.88 15.70 15.53 15.34 15.20 14.99 14.89 14.70 14.61 14.30 14.01 13.83 13.66 13.36 13.15 12.92 12.65 12.41 12.14 11.72 11.42 11.15 10.81 10.53 10.18 9.76 9.41 9.04 8.69 8.44 8.18 7.74 7.21 6.77 6.35 6.01 5.49 5.26 5.08 4.95 4.83 4.70 4.52 4.38 4.24 4.14 4.01 3.90 3.79 3.66 3.58 3.49 3.38 3.26 3.39 3.76 4.01 4.20 4.38 4.47 4.59 4.65 4.71 4.72 4.76
16.77 16.59 16.45 16.29 16.18 16.01 15.86 15.72 15.51 15.31 15.10 14.92 14.71 14.64 14.46 14.21 13.97 13.80 13.60 13.31 13.03 12.84 12.51 12.26 11.97 11.67 11.23 10.81 10.46 10.16 9.86 9.47 9.10 8.68 8.39 8.02 7.83 7.47 7.01 6.51 6.01 5.60 5.25 5.12 4.98 4.82 4.73 4.58 4.43 4.31 4.19 4.09 3.96 3.79 3.66 3.57 3.50 3.39 3.26 3.15 3.54 3.90 4.14 4.23 4.29 4.39 4.34 4.52 4.67 4.69 4.72
16.70 16.52 16.32 16.18 16.05 15.92 15.74 15.64 15.43 15.24 15.03 14.86 14.67 14.50 14.34 14.14 13.87 13.71 13.39 13.19 12.90 12.62 12.35 12.10 11.76 11.49 11.00 10.68 10.24 9.79 9.55 9.18 8.78 8.35 7.93 7.68 7.40 7.18 6.73 6.23 5.76 5.30 5.11 4.99 4.86 4.72 4.62 4.49 4.36 4.24 4.14 4.04 3.87 3.70 3.57 3.41 3.32 3.25 3.16 3.32 3.69 3.99 4.08 4.10 4.21 4.24 4.25 4.50 4.47 4.47 4.64
16.67 16.48 16.33 16.09 15.95 15.84 15.70 15.54 15.44 15.26 14.94 14.62 14.47 14.35 14.13 13.97 13.76 13.46 13.17 12.93 12.61 12.37 12.10 11.85 11.49 11.08 10.81 10.42 10.03 9.64 9.10 8.73 8.40 7.96 7.56 7.22 7.08 6.75 6.39 5.89 5.37 5.17 5.03 4.87 4.75 4.63 4.52 4.43 4.29 4.17 4.06 3.96 3.82 3.55 3.43 3.32 3.22 3.13 3.08 3.30 3.68 3.89 3.88 3.90 4.00 4.10 4.32 4.55 4.52 4.51 4.72
16.55 16.40 16.17 16.03 15.84 15.67 15.58 15.48 15.31 15.11 14.84 14.54 14.27 14.12 13.92 13.69 13.52 13.29 12.99 12.63 12.23 12.03 11.75 11.53 11.18 10.83 10.49 10.12 9.65 9.32 8.92 8.48 7.95 7.53 7.14 6.83 6.73 6.40 6.01 5.52 5.22 5.05 4.89 4.76 4.61 4.52 4.42 4.34 4.22 4.09 3.98 3.85 3.71 3.54 3.36 3.23 3.15 3.07 3.02 3.18 3.53 3.70 3.61 3.68 3.83 4.04 4.29 4.47 4.55 4.60 4.71
16.46 16.29 16.05 15.86 15.72 15.59 15.45 15.32 15.16 15.02 14.81 14.52 14.26 14.01 13.71 13.53 13.31 13.02 12.74 12.37 12.04 11.73 11.41 11.11 10.89 10.51 10.16 9.80 9.30 8.91 8.42 8.12 7.69 7.19 6.86 6.47 6.22 6.01 5.70 5.28 5.08 4.95 4.78 4.66 4.52 4.42 4.32 4.22 4.11 3.98 3.85 3.70 3.57 3.42 3.25 3.10 3.03 2.90 2.96 3.14 3.38 3.45 3.47 3.61 3.73 3.95 4.04 4.24 4.43 4.52 4.61
16.40 16.22 16.00 15.79 15.56 15.36 15.25 15.12 14.90 14.81 14.69 14.50 14.18 13.85 13.61 13.34 13.12 12.87 12.53 12.22 11.84 11.41 11.10 10.72 10.45 10.20 9.87 9.36 8.94 8.50 8.07 7.65 7.21 6.76 6.45 6.18 5.81 5.58 5.34 5.19 5.00 4.82 4.67 4.57 4.43 4.30 4.16 4.08 3.98 3.83 3.63 3.48 3.37 3.28 3.08 2.91 2.91 2.92 2.90 3.05 3.22 3.28 3.36 3.48 3.72 3.91 4.10 4.29 4.36 4.43 4.44
16.29 16.12 15.92 15.71 15.41 15.26 15.08 14.90 14.75 14.54 14.49 14.28 14.12 13.81 13.48 13.19 12.78 12.58 12.33 11.95 11.56 11.18 10.80 10.37 10.02 9.76 9.41 9.09 8.64 8.17 7.71 7.28 6.88 6.48 5.98 5.72 5.41 5.27 5.16 5.06 4.92 4.73 4.58 4.45 4.30 4.14 3.97 3.87 3.78 3.58 3.42 3.26 3.16 3.14 3.02 2.92 2.99 3.04 3.03 3.02 3.06 3.07 3.15 3.52 3.80 4.07 4.23 4.29 4.36 4.36 4.38
16.12 15.97 15.80 15.56 15.33 15.17 14.96 14.74 14.55 14.38 14.24 14.11 14.00 13.76 13.36 12.98 12.61 12.29 11.97 11.70 11.27 10.88 10.49 10.03 9.68 9.38 9.11 8.81 8.35 7.90 7.38 6.99 6.57 6.12 5.73 5.39 5.21 5.10 4.99 4.87 4.82 4.66 4.48 4.33 4.16 3.98 3.77 3.65 3.58 3.47 3.27 3.17 3.08 3.19 3.21 3.20 3.21 3.23 3.20 3.19 3.21 3.20 3.20 3.37 3.69 3.91 4.04 4.13 4.26 4.14 4.21
15.97 15.81 15.69 15.45 15.27 15.07 14.87 14.64 14.46 14.25 14.07 13.92 13.77 13.63 13.27 12.85 12.43 12.06 11.68 11.37 11.00 10.61 10.15 9.76 9.36 9.04 8.77 8.55 8.15 7.71 7.20 6.71 6.25 5.92 5.53 5.25 5.11 5.02 4.87 4.72 4.62 4.53 4.32 4.16 4.00 3.82 3.59 3.53 3.43 3.30 3.42 3.31 3.34 3.39 3.46 3.46 3.44 3.44 3.41 3.40 3.36 3.34 3.35 3.40 3.40 3.53 3.63 3.77 3.90 3.80 3.78
