maui/input/air_temperature_monthly/tminnov_250m_maui.asc
ncols        356
nrows        236
xllcorner    -156.702000000000
yllcorner    20.529750000000
cellsize     0.002250000000
NODATA_value  -99.00
[rows 96 to 127 of 236, columns 71 to 141 of 356]
13.63 14.14 14.48 15.06 15.65 16.73 17.03 17.06 17.48 18.08 18.36 18.62 18.84 19.08 19.22 19.34 19.45 19.53 19.59 19.66 19.68 19.68 19.72 19.75 19.77 19.79 19.82 19.83 19.85 19.87 19.91 19.95 19.96 19.96 19.96 19.95 19.94 19.93 19.92 19.91 19.89 19.87 19.84 19.81 19.78 19.76 19.72 19.69 19.69 19.68 19.66 19.62 19.54 19.48 19.47 19.46 19.43 19.40 19.39 19.39 19.38 19.36 19.30 19.27 19.23 19.19 19.14 19.08 19.07 19.02 18.96
13.97 14.25 15.90 16.74 16.89 17.22 17.59 17.82 17.83 18.11 18.54 18.71 18.89 19.12 19.25 19.35 19.46 19.54 19.62 19.68 19.71 19.72 19.74 19.77 19.80 19.81 19.83 19.86 19.88 19.89 19.93 19.95 19.96 19.96 19.96 19.95 19.94 19.92 19.91 19.89 19.87 19.85 19.83 19.80 19.77 19.74 19.72 19.69 19.67 19.66 19.65 19.62 19.60 19.51 19.47 19.45 19.42 19.40 19.37 19.35 19.33 19.33 19.30 19.28 19.23 19.19 19.11 19.07 19.02 19.00 18.96
13.39 14.13 14.85 15.28 15.59 15.89 16.68 17.37 17.90 18.34 18.55 18.76 18.97 19.14 19.27 19.39 19.48 19.54 19.61 19.67 19.71 19.75 19.78 19.81 19.81 19.84 19.86 19.87 19.89 19.92 19.94 19.96 19.97 19.97 19.96 19.95 19.94 19.95 19.91 19.90 19.88 19.85 19.81 19.78 19.76 19.73 19.70 19.68 19.66 19.64 19.62 19.60 19.57 19.56 19.46 19.43 19.41 19.38 19.35 19.33 19.30 19.26 19.29 19.24 19.21 19.19 19.14 19.11 19.06 18.98 18.94
14.69 15.24 15.87 16.47 16.90 16.83 17.09 17.47 17.87 18.35 18.64 18.85 19.03 19.20 19.33 19.42 19.50 19.56 19.63 19.69 19.72 19.76 19.79 19.83 19.86 19.87 19.88 19.89 19.91 19.93 19.95 19.97 19.98 19.97 19.96 19.95 19.93 19.92 19.90 19.88 19.85 19.83 19.82 19.77 19.74 19.72 19.69 19.67 19.64 19.62 19.60 19.57 19.56 19.53 19.52 19.49 19.48 19.39 19.33 19.32 19.28 19.25 19.23 19.24 19.20 19.16 19.11 19.09 19.01 18.96 18.92
13.37 13.95 14.45 15.23 15.95 16.46 17.20 17.66 17.95 18.38 18.62 18.85 19.09 19.28 19.39 19.48 19.53 19.59 19.64 19.69 19.73 19.77 19.81 19.86 19.89 19.89 19.90 19.91 19.94 19.95 19.97 19.97 19.99 19.98 19.97 19.95 19.94 19.92 19.90 19.88 19.85 19.82 19.79 19.77 19.73 19.72 19.68 19.65 19.65 19.61 19.60 19.56 19.53 19.51 19.51 19.49 19.47 19.42 19.36 19.30 19.26 19.23 19.21 19.18 19.17 19.13 19.11 19.07 19.01 18.98 18.94
13.52 13.88 14.36 14.99 15.38 15.88 16.51 17.04 17.67 18.42 18.76 18.93 19.13 19.33 19.44 19.50 19.55 19.61 19.68 19.71 19.74 19.78 19.85 19.88 19.91 19.92 19.92 19.93 19.95 19.97 19.99 20.00 20.00 19.99 19.97 19.96 19.94 19.92 19.89 19.87 19.85 19.81 19.78 19.75 19.73 19.71 19.68 19.66 19.63 19.61 19.58 19.56 19.52 19.50 19.49 19.46 19.44 19.40 19.37 19.31 19.25 19.20 19.19 19.14 19.09 19.09 19.08 19.05 18.89 18.87 18.87
13.79 14.41 15.14 14.91 15.48 16.23 16.72 17.54 18.19 18.55 18.76 19.04 19.21 19.38 19.47 19.55 19.60 19.64 19.69 19.73 19.76 19.80 19.85 19.89 19.93 19.95 19.95 19.96 19.97 19.99 20.01 20.02 20.02 19.99 19.98 19.96 19.94 19.92 19.89 19.87 19.84 19.82 19.78 19.74 19.72 19.70 19.67 19.64 19.62 19.60 19.58 19.54 19.50 19.50 19.46 19.43 19.41 19.39 19.36 19.31 19.26 19.16 19.13 19.06 19.01 19.01 19.05 19.02 18.88 18.82 18.79
14.43 14.60 15.02 16.23 15.95 16.18 16.59 17.26 17.81 18.50 18.86 19.08 19.32 19.41 19.49 19.58 19.64 19.68 19.72 19.75 19.78 19.82 19.86 19.92 19.95 19.98 20.00 19.97 19.99 20.01 20.02 20.04 20.03 20.01 19.98 19.97 19.96 19.93 19.90 19.88 19.87 19.84 19.79 19.73 19.71 19.69 19.66 19.64 19.62 19.59 19.57 19.53 19.51 19.48 19.47 19.38 19.40 19.36 19.34 19.29 19.24 19.18 19.07 19.01 18.96 18.97 19.00 18.98 18.89 18.77 18.73
14.50 14.96 16.08 16.00 16.24 17.30 17.15 17.65 18.11 18.52 18.76 19.04 19.30 19.42 19.51 19.60 19.66 19.73 19.75 19.78 19.82 19.85 19.88 19.92 19.97 20.01 20.04 19.99 20.00 20.03 20.04 20.05 20.03 20.02 20.00 19.98 19.96 19.94 19.91 19.89 19.87 19.85 19.81 19.76 19.74 19.71 19.65 19.63 19.62 19.58 19.56 19.54 19.51 19.47 19.46 19.45 19.42 19.38 19.35 19.30 19.26 19.19 19.10 19.00 18.91 18.87 18.84 18.88 18.90 18.72 18.64
14.71 14.79 15.12 15.56 16.50 17.30 17.51 17.39 17.91 18.54 18.81 19.07 19.30 19.45 19.55 19.63 19.70 19.75 19.80 19.82 19.86 19.89 19.92 19.94 19.98 20.02 20.02 20.02 20.02 20.04 20.05 20.06 20.05 20.03 20.01 19.99 19.97 19.95 19.92 19.91 19.87 19.83 19.80 19.76 19.74 19.72 19.69 19.66 19.60 19.57 19.55 19.54 19.51 19.47 19.42 19.39 19.38 19.35 19.32 19.28 19.27 19.20 19.08 18.97 18.84 18.83 18.79 18.79 18.78 18.67 18.63
16.04 15.21 15.63 16.02 16.03 16.55 17.14 17.85 18.07 18.16 18.47 18.93 19.38 19.51 19.59 19.66 19.73 19.78 19.82 19.87 19.90 19.93 19.96 19.98 20.01 20.03 20.08 20.03 20.05 20.05 20.06 20.06 20.06 20.05 20.02 20.00 20.00 19.97 19.95 19.94 19.91 19.86 19.83 19.78 19.74 19.73 19.69 19.65 19.61 19.58 19.56 19.53 19.50 19.47 19.41 19.36 19.34 19.32 19.30 19.23 19.20 19.18 19.19 19.08 18.91 18.83 18.74 18.70 18.69 18.66 18.53
15.11 16.28 16.27 15.76 16.05 16.42 16.90 17.16 17.63 18.13 18.40 19.01 19.54 19.60 19.65 19.72 19.78 19.83 19.86 19.89 19.94 19.98 19.99 20.03 20.05 20.06 20.08 20.06 20.06 20.07 20.07 20.08 20.08 20.08 20.04 20.02 20.00 19.98 19.95 19.94 19.90 19.87 19.82 19.79 19.75 19.70 19.65 19.63 19.60 19.58 19.54 19.51 19.47 19.47 19.44 19.36 19.31 19.28 19.26 19.20 19.16 19.14 19.11 19.03 19.06 18.98 18.75 18.64 18.64 18.59 18.51
15.18 15.67 16.06 17.38 16.54 16.82 17.17 17.28 17.95 18.43 18.97 19.32 19.47 19.62 19.75 19.79 19.84 19.88 19.90 19.93 19.96 20.00 20.04 20.06 20.08 20.08 20.09 20.09 20.08 20.09 20.09 20.10 20.10 20.09 20.06 20.03 20.01 19.99 19.97 19.95 19.92 19.89 19.80 19.77 19.72 19.69 19.66 19.63 19.60 19.56 19.54 19.49 19.46 19.43 19.39 19.35 19.32 19.28 19.23 19.19 19.16 19.09 19.05 19.02 18.94 18.89 18.88 18.75 18.58 18.56 18.50
15.51 15.27 15.69 16.41 17.39 17.71 18.03 18.34 18.57 18.79 19.01 19.25 19.48 19.60 19.76 19.83 19.90 19.93 19.95 19.98 20.01 20.04 20.07 20.08 20.10 20.10 20.12 20.12 20.11 20.11 20.12 20.12 20.13 20.11 20.10 20.08 20.05 19.99 20.00 19.96 19.93 19.89 19.85 19.81 19.76 19.70 19.66 19.63 19.60 19.56 19.53 19.49 19.46 19.41 19.37 19.34 19.31 19.27 19.22 19.17 19.11 19.07 19.03 18.98 18.91 18.84 18.78 18.72 18.60 18.49 18.48
15.54 16.01 16.09 16.17 16.41 16.71 16.92 17.31 17.81 18.40 18.54 18.98 19.53 19.69 19.80 19.86 20.03 19.96 20.00 20.03 20.05 20.08 20.12 20.13 20.12 20.12 20.12 20.13 20.13 20.13 20.13 20.13 20.14 20.14 20.13 20.10 20.06 20.04 20.01 19.97 19.94 19.90 19.86 19.84 19.83 19.75 19.70 19.65 19.63 19.59 19.55 19.51 19.46 19.42 19.37 19.34 19.31 19.28 19.22 19.15 19.07 19.02 18.99 18.95 18.88 18.83 18.74 18.67 18.54 18.50 18.44
15.73 15.76 15.99 16.35 16.99 16.94 17.30 17.70 17.99 18.52 19.01 19.51 19.71 19.80 19.87 19.90 19.94 19.99 20.03 20.06 20.09 20.10 20.14 20.14 20.13 20.15 20.15 20.15 20.15 20.15 20.15 20.16 20.15 20.13 20.11 20.08 20.05 20.03 20.02 19.98 19.95 19.92 19.88 19.85 19.82 19.79 19.73 19.68 19.66 19.63 19.59 19.52 19.47 19.42 19.37 19.34 19.29 19.25 19.19 19.13 19.12 19.07 19.00 18.94 18.87 18.79 18.73 18.66 18.57 18.51 18.43
15.82 15.85 16.15 16.47 16.74 17.08 17.29 17.72 18.48 18.97 19.18 19.46 19.68 19.84 19.91 19.94 19.99 20.04 20.06 20.08 20.11 20.14 20.15 20.16 20.15 20.16 20.16 20.16 20.16 20.17 20.17 20.17 20.16 20.15 20.12 20.13 20.09 20.05 20.02 19.99 19.96 19.94 19.91 19.89 19.85 19.79 19.78 19.74 19.69 19.62 19.56 19.52 19.47 19.40 19.36 19.31 19.26 19.25 19.21 19.15 19.06 19.06 18.97 18.94 18.90 18.84 18.75 18.66 18.56 18.50 18.47
16.13 16.12 16.28 16.57 16.89 17.25 17.62 17.82 18.24 18.69 19.24 19.59 19.78 19.88 19.96 19.99 20.03 20.06 20.09 20.12 20.13 20.15 20.17 20.17 20.17 20.18 20.18 20.18 20.17 20.18 20.18 20.18 20.18 20.16 20.13 20.11 20.09 20.06 20.04 20.01 19.98 19.95 19.94 19.89 19.85 19.81 19.77 19.73 19.69 19.61 19.57 19.55 19.51 19.42 19.27 19.24 19.24 19.22 19.17 19.15 19.03 18.98 18.96 18.93 18.87 18.82 18.72 18.59 18.55 18.51 18.43
16.70 16.61 16.60 16.76 17.08 17.33 17.70 18.09 18.48 18.73 19.10 19.56 19.87 19.95 19.99 20.04 20.07 20.10 20.13 20.15 20.16 20.17 20.18 20.19 20.19 20.19 20.19 20.19 20.19 20.19 20.19 20.19 20.19 20.18 20.16 20.13 20.10 20.07 20.05 20.03 20.00 19.98 19.94 19.90 19.87 19.82 19.76 19.72 19.68 19.60 19.55 19.51 19.46 19.36 19.21 19.17 19.18 19.16 19.10 19.09 18.98 18.95 18.91 18.90 18.84 18.80 18.70 18.61 18.56 18.45 18.37
16.85 16.63 16.87 16.97 17.24 17.71 17.81 18.09 18.42 18.94 19.36 19.77 19.92 19.98 20.04 20.08 20.12 20.14 20.17 20.18 20.18 20.20 20.20 20.21 20.21 20.21 20.21 20.20 20.20 20.20 20.20 20.20 20.20 20.17 20.17 20.15 20.11 20.08 20.07 20.04 20.02 19.99 19.97 19.92 19.87 19.82 19.77 19.73 19.67 19.62 19.58 19.51 19.38 19.28 19.22 19.14 19.08 19.09 19.05 18.98 18.96 18.91 18.89 18.83 18.80 18.71 18.64 18.59 18.46 18.42 18.32
17.14 16.84 17.29 17.19 17.39 17.70 18.06 18.31 18.54 18.98 19.41 19.78 19.97 20.04 20.08 20.13 20.16 20.18 20.20 20.20 20.21 20.21 20.21 20.21 20.21 20.21 20.21 20.22 20.21 20.21 20.21 20.21 20.20 20.19 20.18 20.17 20.13 20.11 20.09 20.07 20.04 20.00 19.97 19.93 19.87 19.83 19.78 19.73 19.67 19.63 19.60 19.54 19.46 19.29 19.21 19.12 19.07 19.02 18.99 18.97 18.94 18.91 18.84 18.81 18.74 18.65 18.63 18.56 18.47 18.40 18.33
17.45 17.07 17.27 17.56 17.61 17.87 18.10 18.46 18.88 19.10 19.43 19.77 20.01 20.11 20.14 20.18 20.20 20.21 20.21 20.21 20.21 20.21 20.21 20.21 20.21 20.21 20.21 20.21 20.21 20.21 20.21 20.21 20.21 20.19 20.18 20.17 20.14 20.10 20.06 20.06 20.02 19.98 19.94 19.90 19.87 19.83 19.79 19.75 19.71 19.64 19.60 19.55 19.48 19.31 19.23 19.16 19.10 19.05 18.98 18.94 18.91 18.87 18.82 18.75 18.71 18.59 18.53 18.52 18.44 18.38 18.32
17.78 17.41 17.46 17.89 17.92 18.12 18.27 18.53 18.88 19.18 19.50 19.84 20.04 20.14 20.20 20.20 -9999.00 -9999.00 -9999.00 -9999.00 -9999.00 -9999.00 -9999.00 -9999.00 20.21 20.21 20.21 20.21 20.21 20.21 20.21 20.21 20.21 20.20 20.19 20.18 20.16 20.12 20.09 20.06 20.02 19.99 19.97 19.92 19.87 19.83 19.78 19.72 19.71 19.65 19.60 19.56 19.47 19.32 19.28 19.28 19.27 19.10 19.02 18.95 18.90 18.84 18.77 18.72 18.63 18.57 18.53 18.44 18.42 18.37 18.30
18.28 17.64 17.73 17.85 18.40 18.32 18.47 18.74 18.96 19.38 19.62 19.91 20.13 20.20 20.21 -9999.00 -9999.00 -9999.00 -9999.00 -9999.00 -9999.00 -9999.00 -9999.00 -9999.00 -9999.00 -9999.00 -9999.00 20.21 20.21 20.22 20.21 20.21 20.22 20.21 20.20 20.19 20.17 20.14 20.12 20.08 20.03 20.01 19.99 19.96 19.88 19.86 19.83 19.78 19.70 19.67 19.61 19.56 19.50 19.47 19.39 19.32 19.28 19.22 19.07 18.99 18.89 18.83 18.76 18.72 18.63 18.57 18.52 18.40 18.36 18.32 18.27
18.69 17.97 17.96 18.10 18.25 18.80 18.78 18.91 19.10 19.40 19.73 20.10 20.21 -9999.00 -9999.00 -9999.00 -9999.00 -9999.00 -9999.00 -9999.00 -9999.00 -9999.00 -9999.00 -9999.00 -9999.00 -9999.00 -9999.00 -9999.00 -9999.00 20.22 20.22 20.22 20.22 20.22 20.21 20.18 20.17 20.15 20.14 20.11 20.08 20.04 20.00 19.94 19.90 19.84 19.77 19.71 19.67 19.62 19.62 19.54 19.50 19.46 19.37 19.26 19.22 19.08 19.01 18.99 18.91 18.86 18.79 18.74 18.67 18.60 18.54 18.50 18.39 18.30 18.28
19.19 18.29 18.35 18.42 18.63 18.73 19.01 19.13 19.27 19.55 19.77 20.10 -9999.00 -9999.00 -9999.00 -9999.00 -9999.00 -9999.00 -9999.00 -9999.00 -9999.00 -9999.00 -9999.00 -9999.00 -9999.00 -9999.00 -9999.00 -9999.00 -9999.00 -9999.00 -9999.00 20.22 20.22 20.22 20.20 20.19 20.18 20.16 20.14 20.10 20.05 20.03 20.01 19.95 19.90 19.82 19.73 19.66 19.61 19.56 19.58 19.53 19.47 19.43 19.37 19.28 19.22 19.16 19.06 18.95 18.92 18.87 18.82 18.75 18.67 18.61 18.53 18.44 18.32 18.26 18.21
19.08 18.66 18.90 18.67 18.79 18.97 19.06 19.31 19.45 19.64 20.01 -9999.00 -9999.00 -9999.00 -9999.00 -9999.00 -9999.00 -9999.00 -9999.00 -9999.00 -9999.00 -9999.00 -9999.00 -9999.00 -9999.00 -9999.00 -9999.00 -9999.00 -9999.00 -9999.00 -9999.00 -9999.00 20.22 20.22 20.22 20.20 20.18 20.16 20.14 20.12 20.07 20.03 19.98 19.93 19.88 19.83 19.74 19.63 19.55 19.52 19.51 19.50 19.44 19.39 19.32 19.29 19.24 19.19 19.06 18.95 18.88 18.80 18.77 18.71 18.65 18.56 18.47 18.36 18.25 18.17 18.12
19.29 19.18 19.06 19.08 19.20 19.36 19.41 19.68 19.71 19.85 20.07 -9999.00 -9999.00 -9999.00 -9999.00 -9999.00 -9999.00 -9999.00 -9999.00 -9999.00 -9999.00 -9999.00 -9999.00 -9999.00 -9999.00 -9999.00 -9999.00 -9999.00 -9999.00 -9999.00 -9999.00 -9999.00 -9999.00 -9999.00 20.22 20.21 20.19 20.17 20.14 20.10 20.06 20.03 19.98 19.93 19.88 19.82 19.75 19.65 19.54 19.49 19.45 19.44 19.41 19.36 19.30 19.25 19.21 19.14 19.06 18.96 18.87 18.81 18.76 18.70 18.64 18.57 18.45 18.33 18.23 18.15 18.08
19.70 19.41 19.31 19.48 19.44 19.69 19.65 19.65 20.01 20.16 -9999.00 -9999.00 -9999.00 -9999.00 -9999.00 -9999.00 -9999.00 -9999.00 -9999.00 -9999.00 -9999.00 -9999.00 -9999.00 -9999.00 -9999.00 -9999.00 -9999.00 -9999.00 -9999.00 -9999.00 -9999.00 -9999.00 -9999.00 -9999.00 -9999.00 20.22 20.20 20.17 20.14 20.08 20.03 19.99 19.95 19.89 19.84 19.82 19.74 19.66 19.61 19.54 19.49 19.44 19.40 19.35 19.28 19.25 19.21 19.14 19.04 18.97 18.91 18.86 18.79 18.73 18.66 18.57 18.49 18.39 18.24 18.17 18.08
20.10 19.71 19.46 19.69 19.70 19.83 19.92 20.07 20.09 -9999.00 -9999.00 -9999.00 -9999.00 -9999.00 -9999.00 -9999.00 -9999.00 -9999.00 -9999.00 -9999.00 -9999.00 -9999.00 -9999.00 -9999.00 -9999.00 -9999.00 -9999.00 -9999.00 -9999.00 -9999.00 -9999.00 -9999.00 -9999.00 -9999.00 -9999.00 20.22 20.21 20.17 20.13 20.06 20.00 19.96 19.93 19.87 19.82 19.79 19.74 19.68 19.59 19.53 19.53 19.46 19.41 19.35 19.29 19.24 19.18 19.10 19.01 18.97 18.95 18.88 18.81 18.73 18.66 18.59 18.49 18.44 18.34 18.20 18.10
20.23 20.13 19.83 19.94 19.99 20.14 20.23 -9999.00 -9999.00 -9999.00 -9999.00 -9999.00 -9999.00 -9999.00 -9999.00 -9999.00 -9999.00 -9999.00 -9999.00 -9999.00 -9999.00 -9999.00 -9999.00 -9999.00 -9999.00 -9999.00 -9999.00 -9999.00 -9999.00 -9999.00 -9999.00 -9999.00 -9999.00 -9999.00 -9999.00 -9999.00 20.22 20.19 20.15 20.11 20.01 19.96 19.93 19.88 19.82 19.76 19.72 19.66 19.61 19.55 19.50 19.45 19.43 19.38 19.30 19.23 19.14 19.07 19.00 18.93 18.87 18.82 18.75 18.70 18.61 18.53 18.47 18.36 18.24 18.17 18.09
-9999.00 20.23 20.23 -9999.00 -9999.00 -9999.00 -9999.00 -9999.00 -9999.00 -9999.00 -9999.00 -9999.00 -9999.00 -9999.00 -9999.00 -9999.00 -9999.00 -9999.00 -9999.00 -9999.00 -9999.00 -9999.00 -9999.00 -9999.00 -9999.00 -9999.00 -9999.00 -9999.00 -9999.00 -9999.00 -9999.00 -9999.00 -9999.00 -9999.00 -9999.00 -9999.00 20.22 20.20 20.16 20.08 20.02 19.98 19.93 19.89 19.86 19.82 19.77 19.69 19.63 19.59 19.53 19.48 19.44 19.38 19.30 19.24 19.16 19.08 19.00 18.93 18.88 18.82 18.74 18.67 18.61 18.51 18.42 18.33 18.21 18.11 18.02
