maui/input/air_temperature_monthly/tminjun_250m_maui.asc
ncols        356
nrows        236
xllcorner    -156.702000000000
yllcorner    20.529750000000
cellsize     0.002250000000
NODATA_value  -99.00
[rows 64 to 95 of 236, columns 0 to 70 of 356]
-9999.00 -9999.00 20.94 20.93 20.93 20.89 20.75 20.59 20.46 20.34 20.27 20.25 20.12 20.00 19.81 19.69 19.54 19.42 19.17 18.96 18.78 18.57 18.28 18.00 17.77 17.44 17.51 16.97 16.48 16.24 15.79 15.42 15.22 14.86 14.38 14.45 13.80 13.24 12.74 12.59 13.33 12.75 11.51 11.64 11.24 11.08 10.73 10.29 9.60 10.26 11.65 12.48 14.07 12.60 10.83 10.63 10.17 10.28 11.12 11.50 12.88 14.63 15.70 17.07 17.76 17.24 16.30 14.72 14.94 14.99 16.38
-9999.00 -9999.00 20.94 20.94 20.93 20.93 20.87 20.73 20.66 20.56 20.33 20.24 20.14 20.02 19.82 19.73 19.55 19.36 19.13 18.95 18.94 18.63 18.42 18.06 17.78 17.47 17.19 16.88 16.58 16.16 15.83 15.58 15.36 15.48 14.54 13.92 13.56 13.38 12.96 12.30 11.94 11.80 12.25 11.55 10.95 10.73 10.03 9.98 9.41 9.93 11.22 12.38 13.68 12.42 10.44 10.04 10.28 10.04 10.94 12.83 14.24 15.89 16.66 17.63 17.19 15.92 15.14 14.18 14.41 15.12 15.40
-9999.00 -9999.00 -9999.00 -9999.00 20.93 20.92 20.83 20.68 20.59 20.47 20.36 20.26 20.10 19.96 19.81 19.67 19.51 19.37 19.11 18.89 18.65 18.49 18.28 18.36 18.14 17.89 17.78 17.29 17.06 16.64 16.44 15.65 15.08 15.03 14.50 14.37 14.19 13.81 13.39 12.57 12.07 11.39 11.01 11.67 10.67 10.01 10.01 9.34 9.55 9.45 10.96 12.16 13.31 12.06 10.12 9.53 9.94 10.43 11.75 14.06 15.74 16.65 16.89 16.92 16.78 15.40 13.95 13.57 14.39 14.94 16.13
-9999.00 -9999.00 -9999.00 -9999.00 -9999.00 20.93 20.88 20.75 20.64 20.58 20.42 20.30 20.15 20.02 19.84 19.68 19.52 19.36 19.11 18.86 18.61 18.39 18.18 17.99 17.70 17.82 17.31 16.88 16.49 16.14 15.78 15.97 15.69 14.89 14.53 14.59 14.45 14.13 12.98 12.41 11.86 11.49 11.45 10.52 10.93 10.58 9.63 9.15 8.97 8.93 10.40 11.81 12.91 11.64 9.80 9.35 9.97 11.80 13.73 15.35 16.22 15.41 16.79 16.19 15.90 14.39 13.66 14.37 15.24 16.54 17.90
-9999.00 -9999.00 -9999.00 -9999.00 -9999.00 -9999.00 20.93 20.79 20.70 20.63 20.47 20.35 20.20 20.04 19.83 19.74 19.54 19.35 19.08 18.88 18.62 18.38 18.15 17.92 17.71 17.42 17.14 16.88 16.51 16.27 15.94 15.61 15.10 14.64 14.21 13.80 13.41 13.34 13.88 12.71 11.63 11.16 10.72 10.81 10.02 9.54 9.79 8.77 8.41 8.31 9.32 10.23 10.40 9.73 9.32 10.81 12.90 12.77 13.95 15.36 15.47 14.98 16.41 16.05 15.03 13.30 15.53 16.01 17.39 17.09 16.24
-9999.00 -9999.00 -9999.00 -9999.00 -9999.00 -9999.00 20.93 20.90 20.78 20.65 20.54 20.41 20.30 20.19 19.95 19.77 19.56 19.34 19.10 18.94 18.74 18.53 18.25 18.00 17.85 17.46 17.23 17.00 16.67 16.28 15.87 15.53 15.18 15.01 14.78 14.15 13.78 13.16 12.59 12.54 12.31 12.00 11.39 10.40 10.46 9.72 9.05 9.38 8.20 7.92 8.51 8.16 9.27 9.63 11.30 13.38 13.79 14.62 14.72 15.10 14.56 14.91 15.97 15.34 14.18 13.55 14.14 15.70 15.49 15.52 15.92
-9999.00 -9999.00 -9999.00 -9999.00 -9999.00 -9999.00 -9999.00 20.94 20.85 20.72 20.59 20.48 20.36 20.20 20.04 19.84 19.66 19.42 19.21 19.07 18.86 18.67 18.49 18.18 17.87 17.43 17.16 16.93 16.76 16.45 16.47 16.92 16.81 16.21 16.09 15.45 14.35 14.64 13.89 13.11 12.44 11.17 10.74 10.63 10.08 9.51 9.00 8.34 8.30 7.77 7.87 7.94 8.96 10.63 12.55 13.09 13.48 12.78 14.31 14.03 14.78 14.70 14.78 14.45 12.82 13.14 13.23 14.67 15.99 17.45 18.01
-9999.00 -9999.00 -9999.00 -9999.00 -9999.00 -9999.00 -9999.00 20.94 20.83 20.74 20.60 20.50 20.42 20.30 20.17 19.98 19.81 19.65 19.42 19.14 19.02 18.82 18.39 18.01 17.77 17.44 17.21 18.15 18.04 17.87 17.60 16.05 16.18 15.91 15.52 15.51 15.71 14.64 15.07 14.79 12.97 12.30 11.25 10.86 10.48 10.01 9.19 8.47 7.83 7.71 7.21 7.63 8.21 8.84 10.52 12.01 11.53 12.07 12.30 11.86 12.25 12.54 12.48 11.97 12.26 12.49 14.51 15.95 17.87 16.23 16.34
-9999.00 -9999.00 -9999.00 -9999.00 -9999.00 -9999.00 -9999.00 20.94 20.87 20.75 20.66 20.52 20.42 20.30 20.11 19.90 19.81 19.69 19.49 19.29 19.13 19.02 18.65 18.37 18.40 18.51 18.24 17.45 16.80 16.46 16.10 15.71 15.27 14.89 14.42 13.86 13.59 13.10 13.21 13.12 13.85 12.86 12.17 11.74 11.17 10.03 9.21 8.47 7.83 7.20 6.99 7.01 7.39 8.13 8.34 9.05 8.76 9.66 9.58 9.71 9.95 10.39 10.32 11.43 11.65 12.43 14.20 15.92 15.95 14.79 14.77
-9999.00 -9999.00 -9999.00 -9999.00 -9999.00 -9999.00 -9999.00 20.94 20.85 20.76 20.66 20.53 20.41 20.24 19.97 20.11 19.89 19.90 19.85 19.46 19.21 19.02 18.72 18.26 17.93 17.90 17.33 17.03 16.79 16.47 16.12 15.94 15.57 15.24 15.19 14.76 13.45 13.06 12.33 11.87 11.77 11.45 11.33 10.62 9.77 9.54 9.28 8.71 7.47 7.22 6.72 6.82 7.45 7.55 7.46 7.04 7.43 8.17 8.35 8.97 9.81 10.17 10.33 10.75 11.14 12.35 12.59 13.67 13.95 13.30 14.42
-9999.00 -9999.00 -9999.00 -9999.00 -9999.00 -9999.00 -9999.00 20.94 20.87 20.75 20.65 20.53 20.40 20.23 20.09 19.97 20.15 19.98 19.84 19.71 19.42 19.09 18.69 18.25 18.11 17.86 18.14 18.22 17.79 17.70 17.19 16.33 15.54 15.02 14.56 14.09 14.12 13.88 13.14 11.83 11.31 10.80 10.40 10.10 10.21 9.17 8.63 8.71 7.60 7.02 6.60 6.56 7.06 7.09 7.32 7.29 7.24 7.97 9.28 11.60 13.72 13.78 12.56 13.86 14.02 12.72 11.88 13.42 15.33 13.64 13.37
-9999.00 -9999.00 -9999.00 -9999.00 -9999.00 -9999.00 -9999.00 20.94 20.86 20.75 20.64 20.53 20.35 20.23 20.10 20.25 20.23 20.04 19.78 19.58 19.33 19.23 19.33 19.15 18.68 18.21 17.61 17.02 16.64 16.34 16.60 17.36 17.16 16.46 16.07 16.12 15.63 15.43 14.65 13.45 12.65 12.19 11.76 10.71 9.49 8.85 8.33 7.76 7.21 7.10 6.49 6.26 6.61 6.75 7.20 7.52 8.77 8.95 11.75 13.63 14.61 15.37 15.45 14.75 16.47 15.38 13.84 13.75 16.96 15.42 14.47
-9999.00 -9999.00 -9999.00 -9999.00 -9999.00 -9999.00 -9999.00 20.94 20.88 20.82 20.70 20.59 20.45 20.31 20.34 20.32 20.20 20.09 19.87 19.66 19.44 19.17 18.83 18.52 18.26 17.80 17.01 16.36 16.08 15.79 15.48 15.46 15.61 15.52 15.50 15.19 14.85 14.46 14.82 15.22 14.80 14.38 13.85 12.25 10.57 9.98 8.77 8.02 7.50 6.98 6.70 7.58 8.81 9.00 9.18 11.30 12.54 10.86 12.12 13.51 15.12 15.66 16.14 16.46 16.58 16.91 15.17 13.99 16.22 17.69 15.08
-9999.00 -9999.00 -9999.00 -9999.00 -9999.00 -9999.00 -9999.00 20.94 20.93 20.88 20.78 20.71 20.63 20.54 20.49 20.40 20.26 20.15 19.99 19.83 19.54 19.23 18.87 18.61 18.22 17.82 17.10 16.58 16.33 15.94 15.79 15.76 15.63 15.57 15.40 14.58 14.08 14.21 13.99 13.71 12.75 12.94 12.56 12.87 12.02 11.06 9.77 8.67 7.93 7.65 8.67 8.89 10.57 12.40 11.52 12.89 13.51 13.33 13.17 14.82 15.33 16.05 16.41 16.68 16.97 17.52 16.54 15.60 15.60 17.98 16.83
-9999.00 -9999.00 -9999.00 -9999.00 -9999.00 -9999.00 20.94 20.93 20.94 20.92 20.86 20.78 20.69 20.68 20.57 20.44 20.34 20.26 20.06 19.88 19.68 19.40 19.04 18.75 18.50 18.13 17.75 17.34 17.06 16.71 16.52 16.44 16.62 16.56 16.23 16.11 15.50 14.46 13.43 12.49 12.04 12.10 11.50 10.67 10.22 9.59 9.31 8.75 8.07 8.51 10.81 11.97 12.04 12.20 12.95 13.36 14.31 14.53 14.31 15.08 15.78 16.25 16.40 16.92 17.35 17.41 17.33 17.17 16.56 17.13 18.59
-9999.00 -9999.00 -9999.00 -9999.00 -9999.00 -9999.00 20.94 20.94 20.94 20.94 20.90 20.82 20.75 20.70 20.68 20.62 20.50 20.33 20.19 19.96 19.73 19.51 19.25 18.96 18.70 18.34 18.05 17.70 17.45 17.28 16.84 17.22 16.89 15.67 15.16 15.17 15.08 14.71 13.76 12.92 11.93 11.02 10.40 9.99 9.94 9.55 9.13 10.98 10.85 8.47 9.68 11.52 12.48 13.43 13.84 14.13 14.56 15.27 15.34 15.63 16.38 16.69 16.90 16.92 17.08 17.41 18.05 18.01 18.34 18.32 18.78
-9999.00 -9999.00 -9999.00 -9999.00 -9999.00 -9999.00 -9999.00 20.94 20.94 20.94 20.93 20.87 20.83 20.78 20.74 20.61 20.50 20.38 20.20 19.99 19.86 19.68 19.46 19.16 18.93 18.54 18.20 17.92 17.74 17.47 18.00 17.21 16.19 16.28 16.90 16.74 16.52 16.04 15.19 14.32 13.38 12.66 12.22 11.67 11.89 11.41 11.40 12.16 11.68 9.66 10.40 11.94 12.56 13.35 13.97 14.63 15.16 15.56 15.89 16.31 16.59 17.20 17.38 17.29 17.45 17.57 17.76 18.24 18.71 18.46 18.47
-9999.00 -9999.00 -9999.00 -9999.00 -9999.00 -9999.00 -9999.00 -9999.00 20.94 20.94 20.94 20.91 20.87 20.84 20.75 20.65 20.49 20.35 20.19 20.03 19.85 19.64 19.46 19.24 19.00 18.74 18.41 18.26 18.07 18.28 17.44 17.64 17.65 17.88 17.60 17.42 17.31 16.98 16.89 15.74 15.26 14.48 13.89 12.95 13.24 13.73 13.22 12.71 11.92 10.86 8.68 10.44 11.80 12.75 13.57 13.88 13.83 14.59 15.58 16.09 16.53 16.90 17.21 17.81 17.63 18.04 18.27 18.31 17.54 17.89 17.31
-9999.00 -9999.00 -9999.00 -9999.00 -9999.00 -9999.00 -9999.00 -9999.00 -9999.00 20.94 20.94 20.92 20.90 20.86 20.79 20.68 20.54 20.49 20.37 20.14 19.96 19.82 19.54 19.35 19.09 18.86 18.85 18.77 18.70 18.60 18.44 18.30 17.96 17.35 16.76 15.92 15.55 15.69 15.74 15.86 15.82 15.22 14.95 14.89 13.47 12.61 12.36 11.64 10.76 9.47 11.07 12.01 12.59 13.38 13.97 14.67 15.08 15.35 15.92 16.44 16.85 17.27 17.60 17.65 17.75 18.17 17.89 17.32 16.07 16.21 17.25
-9999.00 -9999.00 -9999.00 -9999.00 -9999.00 -9999.00 -9999.00 -9999.00 -9999.00 -9999.00 20.94 20.94 20.93 20.91 20.87 20.79 20.64 20.48 20.37 20.21 20.09 19.87 19.63 19.46 19.43 19.14 18.93 19.06 18.40 18.02 17.82 17.39 16.76 16.32 15.57 14.81 14.25 13.92 14.28 14.19 14.17 13.83 14.40 13.46 14.00 13.87 13.41 12.51 10.44 8.60 11.10 12.57 13.02 13.52 14.04 13.79 13.97 14.82 16.03 16.61 16.63 16.82 16.84 17.43 17.70 17.47 17.46 16.26 14.49 14.43 16.60
-9999.00 -9999.00 -9999.00 -9999.00 -9999.00 -9999.00 -9999.00 -9999.00 -9999.00 -9999.00 20.94 20.94 20.93 20.93 20.89 20.83 20.72 20.57 20.50 20.33 20.16 19.92 19.75 19.68 19.48 19.27 19.17 18.96 18.59 18.40 17.95 17.53 16.90 16.08 15.59 15.04 14.38 13.78 13.24 12.68 12.44 12.26 13.11 12.56 13.50 13.55 12.48 11.61 9.66 10.11 11.73 12.26 12.83 13.75 14.38 14.44 15.14 15.48 15.51 16.25 16.17 15.68 16.94 17.28 17.35 16.14 17.27 16.20 13.44 13.79 14.24
-9999.00 -9999.00 -9999.00 -9999.00 -9999.00 -9999.00 -9999.00 -9999.00 -9999.00 -9999.00 -9999.00 20.94 20.94 20.93 20.90 20.83 20.74 20.64 20.51 20.38 20.27 20.12 19.98 19.83 19.60 19.39 19.35 19.16 18.89 18.49 18.19 17.74 17.30 17.14 16.84 16.34 15.12 14.20 13.30 12.79 12.21 11.79 11.37 11.32 11.97 12.06 11.09 10.84 12.75 12.90 12.86 13.85 13.39 13.19 13.27 13.78 14.95 15.39 15.60 16.16 15.72 15.53 16.15 17.02 17.33 16.05 14.93 13.93 12.25 12.50 13.22
-9999.00 -9999.00 -9999.00 -9999.00 -9999.00 -9999.00 -9999.00 -9999.00 -9999.00 -9999.00 -9999.00 20.94 20.94 20.93 20.91 20.84 20.75 20.65 20.57 20.42 20.30 20.14 19.97 19.86 19.73 19.60 19.40 19.18 18.86 18.61 18.13 17.98 17.65 17.19 16.55 16.38 15.26 14.53 13.99 13.37 12.65 11.95 11.54 11.11 10.58 10.46 11.13 12.07 13.90 14.53 14.20 14.30 14.70 13.87 13.05 13.67 14.58 14.70 15.09 15.85 14.89 14.72 15.51 16.04 16.50 16.21 12.42 11.69 12.05 12.94 14.80
-9999.00 -9999.00 -9999.00 -9999.00 -9999.00 -9999.00 -9999.00 -9999.00 -9999.00 -9999.00 -9999.00 -9999.00 20.94 20.94 20.90 20.86 20.78 20.72 20.61 20.46 20.32 20.17 20.03 19.90 19.76 19.66 19.55 19.29 19.04 18.60 18.24 17.93 17.39 16.73 16.20 15.54 15.32 15.40 14.33 14.00 12.74 12.42 12.08 11.61 11.78 11.53 13.10 13.55 13.93 15.15 15.47 15.29 15.11 14.58 13.82 13.00 13.58 13.71 14.80 15.30 14.26 13.83 13.38 14.58 15.56 13.80 12.48 13.52 13.77 14.34 15.26
-9999.00 -9999.00 -9999.00 -9999.00 -9999.00 -9999.00 -9999.00 -9999.00 -9999.00 -9999.00 -9999.00 -9999.00 -9999.00 20.94 20.93 20.90 20.85 20.73 20.63 20.50 20.37 20.24 20.12 20.03 19.97 19.81 19.72 19.52 19.11 18.73 18.39 18.00 17.35 16.95 17.10 17.03 16.06 16.22 16.09 15.55 13.46 13.79 13.65 13.05 13.58 13.09 14.48 14.24 15.34 15.82 15.46 15.96 15.51 15.48 14.38 14.43 14.85 14.61 13.89 14.03 13.16 13.56 14.15 14.55 15.20 15.46 14.62 14.81 14.66 16.70 14.92
-9999.00 -9999.00 -9999.00 -9999.00 -9999.00 -9999.00 -9999.00 -9999.00 -9999.00 -9999.00 -9999.00 -9999.00 -9999.00 -9999.00 20.94 20.93 20.89 20.78 20.65 20.60 20.45 20.34 20.24 20.20 20.10 20.01 19.93 19.75 19.42 19.09 18.66 18.25 18.00 17.87 17.08 17.32 17.57 17.01 16.03 15.39 15.13 15.40 14.80 14.68 15.41 14.97 14.98 14.35 15.16 16.17 16.06 16.46 16.01 15.92 15.60 15.84 15.54 15.05 14.14 12.29 12.42 13.61 14.74 16.24 16.22 16.15 15.91 15.25 16.51 16.87 16.40
-9999.00 -9999.00 -9999.00 -9999.00 -9999.00 -9999.00 -9999.00 -9999.00 -9999.00 -9999.00 -9999.00 -9999.00 -9999.00 -9999.00 -9999.00 20.94 20.92 20.87 20.76 20.65 20.52 20.46 20.40 20.35 20.24 20.12 19.91 19.69 19.49 19.28 18.85 18.52 18.11 18.01 18.30 17.66 16.77 16.70 16.86 16.85 16.74 16.26 16.56 16.43 15.87 14.94 14.93 14.68 15.76 16.33 16.37 16.76 16.55 16.48 16.69 15.86 15.36 14.57 13.73 12.34 13.38 13.71 14.95 14.36 15.24 16.10 16.71 17.39 17.37 17.07 17.60
-9999.00 -9999.00 -9999.00 -9999.00 -9999.00 -9999.00 -9999.00 -9999.00 -9999.00 -9999.00 -9999.00 -9999.00 -9999.00 -9999.00 -9999.00 -9999.00 20.94 20.89 20.83 20.70 20.67 20.61 20.54 20.49 20.33 20.16 19.99 19.79 19.62 19.52 19.12 18.81 18.86 18.47 17.91 18.10 18.15 18.07 17.99 17.67 17.54 16.95 16.35 15.46 14.08 13.27 13.82 15.16 15.74 16.68 16.75 16.82 17.04 16.86 16.43 16.38 15.96 14.04 14.18 13.32 11.94 12.55 13.39 13.35 13.51 15.03 16.56 15.34 15.63 16.60 17.15
-9999.00 -9999.00 -9999.00 -9999.00 -9999.00 -9999.00 -9999.00 -9999.00 -9999.00 -9999.00 -9999.00 -9999.00 -9999.00 -9999.00 -9999.00 -9999.00 -9999.00 20.94 20.91 20.85 20.76 20.70 20.67 20.59 20.43 20.26 20.12 19.92 19.82 19.60 19.38 19.20 19.09 18.91 18.87 18.31 17.87 17.67 17.38 16.93 16.21 15.18 15.31 13.50 13.40 12.17 12.68 15.48 16.69 16.87 17.25 17.09 17.43 17.18 16.98 16.23 15.43 14.11 15.30 14.29 14.35 13.40 13.34 11.92 13.40 14.77 15.08 14.47 15.82 15.03 16.61
-9999.00 -9999.00 -9999.00 -9999.00 -9999.00 -9999.00 -9999.00 -9999.00 -9999.00 -9999.00 -9999.00 -9999.00 -9999.00 -9999.00 -9999.00 -9999.00 -9999.00 -9999.00 20.93 20.92 20.88 20.85 20.72 20.64 20.52 20.39 20.21 20.01 19.85 19.67 19.53 19.44 19.16 18.60 18.00 17.27 16.60 16.30 15.96 15.38 14.51 13.83 13.46 12.81 12.26 12.13 11.85 13.26 15.32 16.14 17.13 17.85 17.20 16.68 16.20 15.27 14.88 14.95 15.71 15.58 14.91 14.84 14.93 13.10 11.85 12.93 13.34 13.63 13.92 15.03 15.09
-9999.00 -9999.00 -9999.00 -9999.00 -9999.00 -9999.00 -9999.00 -9999.00 -9999.00 -9999.00 -9999.00 -9999.00 -9999.00 -9999.00 -9999.00 -9999.00 -9999.00 -9999.00 -9999.00 20.93 20.93 20.87 20.83 20.73 20.60 20.41 20.26 20.10 19.95 19.80 19.60 19.59 19.41 18.96 18.47 17.81 17.39 17.17 16.93 16.01 14.62 14.86 13.76 13.12 13.18 13.02 12.83 13.37 15.78 16.91 17.73 18.02 17.37 16.54 14.55 14.83 15.64 15.74 16.70 16.39 16.13 15.76 14.14 12.11 11.39 11.50 11.71 12.60 13.32 13.52 14.04
-9999.00 -9999.00 -9999.00 -9999.00 -9999.00 -9999.00 -9999.00 -9999.00 -9999.00 -9999.00 -9999.00 -9999.00 -9999.00 -9999.00 -9999.00 -9999.00 -9999.00 -9999.00 -9999.00 -9999.00 20.93 20.92 20.85 20.76 20.66 20.52 20.34 20.18 20.04 19.88 19.81 19.63 19.46 19.16 18.71 18.22 18.23 17.21 16.33 15.69 16.40 14.87 14.05 14.21 13.96 13.08 14.40 14.84 16.86 17.99 18.18 17.31 16.05 14.91 13.17 13.81 15.82 16.46 17.03 16.54 15.44 13.92 13.51 11.89 12.00 11.80 11.91 12.31 12.72 13.00 13.28
