maui/input/air_temperature_monthly/tminnov_250m_maui.asc
ncols        356
nrows        236
xllcorner    -156.702000000000
yllcorner    20.529750000000
cellsize     0.002250000000
NODATA_value  -99.00
[rows 160 to 191 of 236, columns 142 to 212 of 356]
15.83 15.70 15.49 15.36 15.15 14.88 14.70 14.51 14.34 14.13 13.91 13.75 13.61 13.40 13.08 12.67 12.26 11.76 11.37 11.05 10.67 10.26 9.87 9.51 9.10 8.76 8.43 8.12 7.88 7.48 6.97 6.48 5.99 5.66 5.32 5.17 5.03 4.88 4.77 4.57 4.42 4.31 4.11 3.88 3.76 3.66 3.56 3.46 3.50 3.46 3.53 3.54 3.58 3.60 3.66 3.65 3.65 3.62 3.60 3.56 3.52 3.50 3.50 3.55 3.58 3.59 3.61 3.62 3.64 3.64 3.71
15.71 15.56 15.40 15.22 15.01 14.75 14.56 14.43 14.22 13.97 13.78 13.61 13.36 13.13 12.84 12.35 11.91 11.50 11.05 10.68 10.31 10.01 9.65 9.27 8.92 8.53 8.13 7.84 7.57 7.33 6.85 6.31 5.79 5.41 5.23 5.10 4.94 4.74 4.57 4.36 4.26 4.09 3.90 3.72 3.61 3.62 3.56 3.55 3.56 3.65 3.73 3.74 3.77 3.77 3.79 3.79 3.81 3.78 3.74 3.70 3.71 3.70 3.68 3.73 3.75 3.84 3.88 3.92 3.92 3.97 4.02
15.54 15.42 15.21 15.01 14.77 14.56 14.41 14.28 14.13 13.92 13.59 13.38 13.11 12.89 12.53 12.12 11.70 11.19 10.79 10.33 9.99 9.72 9.43 9.02 8.63 8.25 7.90 7.63 7.42 7.05 6.69 6.34 5.79 5.34 5.19 5.04 4.88 4.70 4.45 4.28 4.12 3.98 3.85 3.79 3.75 3.85 3.77 3.79 3.83 3.87 3.89 3.90 3.94 3.95 3.95 3.92 3.98 3.95 3.90 3.90 3.90 3.93 3.92 3.97 4.02 4.12 4.18 4.19 4.21 4.27 4.35
15.51 15.33 15.14 14.87 14.65 14.40 14.29 14.17 13.93 13.76 13.48 13.25 12.91 12.57 12.20 11.78 11.44 10.94 10.49 10.10 9.70 9.34 9.12 8.75 8.43 8.05 7.69 7.40 7.16 6.83 6.46 6.09 5.74 5.31 5.16 5.02 4.82 4.61 4.38 4.19 4.06 3.94 3.98 4.01 4.05 4.04 4.06 4.06 4.05 4.05 4.04 4.06 4.11 4.14 4.14 4.09 4.20 4.14 4.10 4.08 4.10 4.18 4.22 4.21 4.35 4.42 4.50 4.48 4.46 4.60 4.66
15.38 15.20 15.02 14.81 14.60 14.43 14.23 14.06 13.80 13.57 13.36 13.10 12.73 12.36 12.00 11.53 11.11 10.64 10.21 9.85 9.52 9.16 8.80 8.55 8.25 7.88 7.52 7.22 6.94 6.64 6.22 5.94 5.58 5.22 5.02 4.83 4.63 4.40 4.12 3.95 3.99 4.06 4.22 4.31 4.31 4.31 4.35 4.31 4.26 4.25 4.23 4.25 4.30 4.35 4.36 4.35 4.44 4.40 4.34 4.31 4.32 4.46 4.48 4.49 4.66 4.73 4.79 4.79 4.82 4.91 4.94
15.31 15.07 14.87 14.75 14.57 14.31 14.14 13.93 13.66 13.43 13.14 12.95 12.56 12.11 11.77 11.38 10.94 10.43 9.99 9.57 9.30 8.94 8.59 8.33 8.07 7.68 7.42 7.07 6.75 6.45 6.07 5.67 5.32 5.09 4.84 4.65 4.50 4.25 4.08 4.13 4.20 4.31 4.38 4.53 4.59 4.58 4.60 4.52 4.46 4.42 4.42 4.45 4.49 4.54 4.55 4.61 4.64 4.64 4.62 4.58 4.62 4.71 4.81 4.93 4.95 5.07 5.13 5.09 5.16 5.19 5.29
15.14 14.93 14.70 14.55 14.38 14.17 13.96 13.72 13.52 13.34 13.04 12.74 12.40 12.01 11.63 11.18 10.78 10.33 9.78 9.34 8.98 8.78 8.37 8.06 7.86 7.59 7.25 6.80 6.37 5.99 5.56 5.25 5.15 4.96 4.74 4.58 4.49 4.41 4.37 4.43 4.54 4.54 4.57 4.67 4.74 4.80 4.77 4.69 4.67 4.63 4.64 4.67 4.70 4.71 4.76 4.81 4.86 4.84 4.90 4.87 4.91 5.00 5.10 5.29 5.21 5.48 5.74 5.62 5.73 5.84 6.01
15.00 14.70 14.50 14.31 14.22 13.99 13.83 13.53 13.28 13.04 12.86 12.62 12.28 11.87 11.47 10.99 10.58 10.13 9.58 9.11 8.70 8.42 8.14 7.80 7.50 7.28 6.90 6.41 5.97 5.56 5.27 5.07 5.02 4.87 4.64 4.55 4.57 4.62 4.71 4.67 4.66 4.70 4.73 4.83 4.88 4.92 4.92 4.85 4.84 4.83 4.83 4.89 4.90 4.94 4.99 5.04 5.09 5.09 5.16 5.19 5.15 5.44 5.73 5.82 5.94 6.23 6.47 6.47 6.58 6.61 6.79
14.79 14.54 14.33 14.17 13.95 13.77 13.53 13.29 13.10 12.78 12.51 12.26 11.94 11.60 11.29 10.86 10.43 9.91 9.42 8.95 8.52 8.21 7.81 7.58 7.19 6.79 6.32 5.79 5.32 5.23 5.15 5.01 4.78 4.74 4.82 4.82 4.86 4.99 4.88 4.82 4.84 4.83 4.90 4.97 5.03 5.04 5.06 5.00 5.01 5.01 5.05 5.09 5.13 5.15 5.20 5.28 5.41 5.36 5.44 5.68 5.89 6.02 6.48 6.56 6.77 6.88 7.14 7.17 7.41 7.30 7.69
14.67 14.41 14.23 14.01 13.77 13.53 13.34 13.04 12.82 12.60 12.21 11.88 11.62 11.27 10.86 10.51 10.12 9.73 9.32 8.91 8.41 7.99 7.52 7.20 6.69 6.20 5.68 5.35 5.16 5.07 5.06 4.98 4.89 4.90 4.99 5.09 5.15 5.11 5.06 4.98 4.99 4.98 5.03 5.14 5.18 5.20 5.18 5.19 5.19 5.20 5.23 5.28 5.42 5.53 5.63 5.83 5.91 6.05 6.12 6.33 6.65 6.75 6.92 7.16 7.38 7.53 7.81 7.79 8.08 8.03 8.39
14.48 14.31 14.17 13.90 13.69 13.37 13.06 12.81 12.58 12.31 11.96 11.63 11.30 10.97 10.57 10.11 9.73 9.27 8.98 8.66 8.19 7.70 7.28 7.08 6.59 5.88 5.39 5.26 5.26 5.25 5.16 5.13 5.13 5.17 5.21 5.28 5.26 5.20 5.19 5.12 5.19 5.19 5.21 5.27 5.40 5.47 5.45 5.39 5.26 5.58 5.72 5.80 5.91 5.99 6.13 6.32 6.49 6.64 6.82 7.04 7.37 7.51 7.60 8.02 7.93 8.23 8.32 8.66 8.59 8.72 8.97
14.41 14.25 14.02 13.74 13.56 13.24 12.86 12.59 12.31 12.07 11.73 11.39 11.04 10.65 10.23 9.84 9.45 8.89 8.48 8.03 7.50 7.08 6.79 6.42 6.00 6.19 5.76 5.51 5.39 5.33 5.31 5.26 5.23 5.43 5.65 5.74 5.59 5.50 5.46 5.38 5.44 5.55 5.56 5.71 5.85 5.82 5.88 5.71 5.67 6.02 6.34 6.31 6.46 6.63 6.78 6.90 7.10 7.31 7.50 7.79 7.85 8.19 8.22 8.48 8.58 8.78 8.80 9.01 9.15 9.35 9.46
14.30 14.13 13.85 13.62 13.45 13.15 12.80 12.46 12.18 11.84 11.53 11.15 10.81 10.58 10.07 9.57 9.03 8.46 8.16 7.57 7.06 6.77 6.73 6.57 6.26 6.54 6.61 6.23 5.68 5.67 5.69 5.76 5.81 6.06 6.12 6.26 6.14 6.12 6.12 5.95 5.87 6.01 6.02 6.17 6.30 6.31 6.38 6.35 6.37 6.66 6.77 6.84 7.03 7.20 7.37 7.57 7.67 7.88 8.09 8.36 8.51 8.68 8.90 8.99 9.23 9.33 9.45 9.70 10.01 9.97 10.14
14.32 14.09 13.75 13.57 13.34 13.08 12.81 12.54 12.17 11.84 11.43 10.99 10.62 10.26 10.04 9.51 9.05 8.72 8.31 7.75 7.20 7.01 6.93 6.81 6.78 6.99 6.90 6.63 6.24 6.10 6.17 6.33 6.42 6.60 6.70 6.73 6.65 6.71 6.66 6.56 6.42 6.55 6.49 6.66 6.81 6.80 6.93 7.03 6.97 7.26 7.47 7.51 7.61 7.83 8.01 8.06 8.17 8.45 8.77 8.84 9.18 9.34 9.47 9.59 9.87 9.86 10.11 10.25 10.64 10.60 10.83
14.34 13.97 13.64 13.42 13.14 12.94 12.80 12.58 12.25 11.88 11.30 10.90 10.48 10.20 9.93 9.66 9.18 8.90 8.14 7.82 7.69 7.80 7.60 7.40 7.20 7.18 7.16 7.00 6.73 6.70 6.74 6.81 7.00 7.17 7.18 7.23 7.15 7.14 7.16 7.04 7.01 7.06 7.02 7.22 7.30 7.37 7.53 7.66 7.64 7.82 8.04 8.09 8.26 8.45 8.68 8.81 8.83 9.01 9.21 9.44 9.63 9.77 10.01 10.10 10.27 10.42 10.62 10.93 11.11 11.13 11.34
14.29 13.93 13.62 13.30 13.03 12.87 12.68 12.53 12.28 11.93 11.46 10.66 10.27 10.05 9.63 9.26 8.89 8.57 8.40 8.07 8.29 8.23 8.00 7.77 7.59 7.53 7.54 7.40 7.26 7.25 7.25 7.31 7.51 7.61 7.70 7.73 7.66 7.77 7.64 7.51 7.45 7.60 7.60 7.76 7.86 7.92 8.11 8.21 8.20 8.43 8.71 8.84 8.98 9.17 9.29 9.46 9.53 9.70 9.85 10.26 10.14 10.36 10.66 10.56 10.81 11.05 11.20 11.35 11.65 11.60 11.93
14.19 13.89 13.57 13.31 12.96 12.78 12.59 12.40 12.14 11.78 11.35 10.83 10.31 9.94 9.51 9.02 8.79 8.90 8.62 8.76 8.69 8.55 8.31 8.12 8.05 8.00 7.99 7.84 7.73 7.64 7.69 7.77 7.92 8.10 8.18 8.32 8.26 8.28 8.16 8.02 7.95 8.05 8.09 8.24 8.44 8.64 8.76 8.85 8.95 9.06 9.28 9.49 9.64 9.73 9.90 10.12 10.10 10.25 10.38 10.62 10.74 11.02 11.02 11.01 11.23 11.64 11.70 11.94 12.25 12.20 12.50
14.22 13.89 13.58 13.25 12.93 12.71 12.55 12.27 12.02 11.62 11.23 10.58 9.81 9.15 9.43 9.04 9.03 9.18 9.22 9.17 9.05 8.90 8.65 8.54 8.53 8.44 8.50 8.44 8.29 8.15 8.15 8.24 8.31 8.49 8.59 8.76 8.74 8.76 8.69 8.59 8.60 8.67 8.73 8.90 9.04 9.26 9.34 9.50 9.67 9.71 9.98 10.07 10.21 10.40 10.46 10.66 10.70 10.87 10.92 11.12 11.43 11.47 11.67 11.74 11.82 12.03 12.33 12.56 12.68 12.85 13.02
14.20 13.94 13.56 13.18 12.83 12.56 12.38 12.22 11.97 11.50 10.99 10.45 9.59 9.66 9.90 9.45 9.62 9.67 9.66 9.54 9.41 9.25 9.08 9.03 8.97 8.92 8.97 8.86 8.71 8.64 8.59 8.70 8.77 8.99 9.17 9.28 9.31 9.36 9.33 9.42 9.30 9.37 9.47 9.55 9.71 9.91 10.02 10.23 10.40 10.43 10.58 10.62 10.74 10.92 10.94 11.21 11.28 11.38 11.50 11.74 12.05 12.00 12.14 12.21 12.46 12.55 12.79 12.92 13.07 13.47 13.44
14.15 13.90 13.58 13.28 12.65 12.50 12.26 12.00 11.26 10.97 10.76 10.60 10.10 10.16 10.14 10.04 9.93 10.06 9.99 9.85 9.72 9.62 9.53 9.43 9.31 9.32 9.36 9.30 9.11 9.10 9.09 9.14 9.22 9.38 9.69 9.75 9.82 9.88 9.93 10.08 10.06 10.04 10.18 10.15 10.27 10.48 10.65 10.80 10.93 11.13 11.22 11.20 11.45 11.46 11.47 11.66 11.85 11.91 11.94 11.93 12.34 12.49 12.61 12.71 12.91 13.13 13.23 13.38 13.52 13.80 14.02
14.02 13.73 13.39 13.13 12.42 12.34 12.14 11.72 11.43 11.08 10.95 10.81 10.66 10.45 10.36 10.29 10.30 10.33 10.35 10.24 10.14 9.99 9.91 9.79 9.76 9.70 9.71 9.71 9.49 9.53 9.51 9.62 9.71 9.88 10.02 10.19 10.27 10.42 10.45 10.57 10.60 10.49 10.70 10.79 10.91 11.10 11.22 11.41 11.50 11.68 11.78 11.71 11.85 11.94 12.02 12.15 12.31 12.39 12.23 12.16 12.69 13.17 13.04 13.19 13.32 13.59 13.66 13.79 14.07 14.24 14.83
13.93 13.53 13.07 12.72 12.08 11.93 11.98 11.42 11.39 11.16 11.03 11.12 11.03 10.77 10.62 10.63 10.63 10.61 10.58 10.59 10.47 10.39 10.26 10.20 10.16 10.01 10.05 10.08 10.02 9.96 9.98 10.15 10.24 10.34 10.44 10.72 10.76 10.82 10.98 11.09 11.11 11.12 11.31 11.25 11.43 11.68 11.78 11.93 12.07 12.21 12.23 12.29 12.31 12.33 12.61 12.66 12.82 12.82 12.61 12.79 13.13 13.32 13.52 13.58 13.67 13.91 14.16 14.25 14.52 14.59 14.89
13.96 13.45 12.90 12.52 12.21 12.11 11.79 11.63 11.38 11.10 11.28 11.37 11.26 11.06 10.91 10.88 10.88 10.87 10.82 10.88 10.83 10.67 10.65 10.58 10.58 10.45 10.49 10.44 10.41 10.38 10.46 10.59 10.69 10.88 10.94 11.15 11.25 11.28 11.37 11.42 11.50 11.53 11.69 11.72 11.90 12.07 12.21 12.34 12.53 12.74 12.80 12.83 12.78 12.86 12.98 13.07 13.21 13.33 13.23 13.25 13.55 13.66 13.83 14.11 14.28 14.28 14.56 14.76 15.12 15.41 15.33
14.22 13.82 13.13 12.79 12.66 12.39 11.98 11.74 11.68 12.03 11.81 11.68 11.56 11.38 11.19 11.21 11.01 11.21 11.17 11.21 11.17 11.15 11.10 11.06 10.98 10.86 10.91 10.81 10.87 10.83 11.02 11.13 11.17 11.34 11.41 11.63 11.71 11.78 11.80 11.82 11.88 11.94 12.14 12.29 12.43 12.54 12.62 12.73 12.96 13.16 13.32 13.30 13.26 13.40 13.57 13.54 13.80 13.77 13.66 13.78 13.87 14.05 14.26 14.39 14.50 14.64 14.94 15.17 15.35 15.57 15.79
14.20 13.65 13.40 13.22 13.02 12.85 12.57 12.46 12.42 12.24 12.05 11.92 11.94 11.83 11.60 11.65 11.70 11.77 11.64 11.72 11.61 11.60 11.60 11.58 11.42 11.33 11.33 11.25 11.44 11.43 11.55 11.66 11.73 11.89 11.97 12.06 12.20 12.25 12.22 12.28 12.31 12.51 12.57 12.72 12.79 12.98 13.13 13.15 13.31 13.56 13.64 13.71 13.66 13.78 13.98 14.00 14.05 14.19 14.26 14.30 14.38 14.47 14.63 14.70 14.87 15.02 15.27 15.49 15.77 15.88 16.21
14.48 14.11 13.77 13.62 13.44 13.15 13.03 12.79 12.65 12.54 12.35 12.23 12.19 12.17 12.06 12.08 12.21 12.37 12.30 12.27 12.14 12.05 12.04 11.99 11.90 11.89 11.91 11.88 11.98 12.01 12.08 12.23 12.35 12.46 12.51 12.57 12.66 12.64 12.59 12.49 12.55 12.86 13.17 13.20 13.18 13.31 13.53 13.56 13.63 13.84 14.02 14.23 14.16 14.21 14.35 14.43 14.59 14.77 14.68 14.70 14.79 14.88 15.02 15.15 15.49 15.58 15.58 15.92 16.20 16.25 16.59
14.57 13.78 13.71 13.64 13.61 13.41 13.23 13.06 13.03 12.84 12.63 12.54 12.47 12.47 12.45 12.49 12.50 12.67 12.71 12.71 12.73 12.60 12.61 12.49 12.35 12.44 12.44 12.48 12.57 12.61 12.63 12.80 12.93 13.01 13.06 13.11 13.11 13.03 13.00 12.95 13.02 13.32 13.50 13.66 13.58 13.76 13.84 13.97 13.98 14.23 14.36 14.48 14.56 14.66 14.72 15.08 14.87 15.01 15.12 15.12 15.14 15.24 15.39 15.48 15.57 15.93 15.91 16.17 16.48 16.74 16.88
14.64 14.01 13.79 13.80 13.78 13.36 13.12 13.44 13.36 13.18 12.99 12.81 12.80 12.74 12.82 12.82 12.91 12.97 13.13 13.17 13.09 13.04 13.06 12.99 12.95 12.95 13.00 13.04 13.12 13.19 13.21 13.35 13.50 13.64 13.57 13.54 13.51 13.42 13.42 13.42 13.47 13.72 13.86 13.98 14.02 14.12 14.21 14.29 14.41 14.63 14.82 14.90 15.03 15.14 15.26 15.49 15.39 15.54 15.48 15.45 15.55 15.62 15.69 15.77 16.07 16.08 16.61 16.50 16.72 17.07 17.24
14.68 14.50 14.26 14.11 13.99 13.86 13.86 13.81 13.68 13.52 13.30 13.20 13.17 13.03 13.14 13.16 13.17 13.23 13.42 13.50 13.45 13.45 13.41 13.46 13.46 13.43 13.51 13.56 13.64 13.69 13.79 14.01 14.00 13.90 13.86 13.85 13.83 13.79 13.80 13.90 14.01 14.20 14.24 14.36 14.42 14.49 14.57 14.63 14.76 14.90 15.19 15.33 15.40 15.48 15.77 15.66 15.75 15.80 15.81 15.90 15.90 16.03 16.02 16.19 16.43 16.48 16.87 17.29 17.14 17.33 17.58
14.79 14.88 14.77 14.56 14.41 14.18 14.30 14.16 14.03 13.86 13.74 13.56 13.51 13.46 13.63 13.66 13.55 13.66 13.76 13.85 13.80 13.76 13.85 13.90 13.91 13.90 13.95 14.08 14.11 14.21 14.24 14.33 14.26 14.22 14.15 14.16 14.16 14.19 14.21 14.33 14.43 14.50 14.62 14.74 14.76 14.82 14.89 15.03 15.16 15.28 15.45 15.61 15.68 15.85 16.21 16.13 16.21 16.38 16.20 16.20 16.33 16.39 16.42 16.58 16.73 16.92 17.01 17.26 17.98 17.72 17.80
15.20 15.16 15.05 14.89 14.64 14.65 14.59 14.47 14.37 14.26 14.05 14.03 13.99 13.99 14.01 14.13 13.93 14.10 14.11 14.18 14.20 14.18 14.26 14.26 14.31 14.29 14.44 14.52 14.47 14.51 14.62 14.65 14.54 14.52 14.46 14.52 14.52 14.57 14.56 14.65 14.77 14.82 14.91 15.07 15.18 15.25 15.23 15.28 15.44 15.62 15.66 15.88 15.98 16.11 16.50 16.72 16.67 16.76 16.67 16.60 16.72 16.91 16.84 17.04 17.16 17.31 17.36 17.63 18.66 18.31 18.22
15.55 15.43 15.23 15.27 15.05 14.95 14.89 14.86 14.78 14.59 14.57 14.45 14.39 14.36 14.39 14.32 14.34 14.36 14.46 14.49 14.50 14.57 14.53 14.58 14.62 14.64 14.73 14.81 14.81 14.81 14.97 14.99 14.84 14.84 14.77 14.83 14.84 14.90 14.88 14.90 15.05 15.21 15.23 15.33 15.46 15.56 15.60 15.70 15.78 15.93 15.97 16.14 16.28 16.46 16.68 16.77 16.93 16.95 17.10 17.03 17.15 17.19 17.31 17.46 17.48 17.68 17.71 17.97 18.20 18.96 18.52
