maui/input/air_temperature_monthly/tminoct_250m_maui.asc
ncols        356
nrows        236
xllcorner    -156.702000000000
yllcorner    20.529750000000
cellsize     0.002250000000
NODATA_value  -99.00
[rows 64 to 95 of 236, columns 71 to 141 of 356]
16.70 17.13 17.30 17.73 18.44 18.90 19.01 19.22 19.42 19.58 19.79 20.03 20.16 20.27 20.35 20.52 20.67 20.79 20.89 20.92 20.78 21.07 -9999.00 -9999.00 -9999.00 -9999.00 -9999.00 -9999.00 -9999.00 -9999.00 -9999.00 -9999.00 -9999.00 -9999.00 -9999.00 -9999.00 -9999.00 -9999.00 -9999.00 -9999.00 -9999.00 -9999.00 -9999.00 -9999.00 -9999.00 -9999.00 -9999.00 -9999.00 -9999.00 -9999.00 -9999.00 -9999.00 -9999.00 -9999.00 -9999.00 -9999.00 -9999.00 -9999.00 -9999.00 -9999.00 -9999.00 -9999.00 -9999.00 -9999.00 -9999.00 -9999.00 -9999.00 -9999.00 -9999.00 -9999.00 -9999.00
15.83 16.86 17.57 17.98 17.91 18.08 18.06 18.30 18.57 19.13 19.75 20.01 20.16 20.30 20.42 20.56 20.64 20.80 20.89 20.75 20.88 20.92 -9999.00 -9999.00 -9999.00 -9999.00 -9999.00 -9999.00 -9999.00 -9999.00 -9999.00 -9999.00 -9999.00 -9999.00 -9999.00 -9999.00 -9999.00 -9999.00 -9999.00 -9999.00 -9999.00 -9999.00 -9999.00 -9999.00 -9999.00 -9999.00 -9999.00 -9999.00 -9999.00 -9999.00 -9999.00 -9999.00 -9999.00 -9999.00 -9999.00 -9999.00 -9999.00 -9999.00 -9999.00 -9999.00 -9999.00 -9999.00 -9999.00 -9999.00 -9999.00 21.10 21.09 21.09 21.08 21.06 21.06
16.04 16.29 17.30 17.64 18.09 18.56 18.71 18.74 18.70 19.09 19.54 19.94 20.16 20.19 20.46 20.49 20.69 20.81 20.82 20.68 20.86 20.98 21.06 -9999.00 -9999.00 -9999.00 -9999.00 -9999.00 -9999.00 -9999.00 -9999.00 -9999.00 -9999.00 -9999.00 -9999.00 -9999.00 -9999.00 -9999.00 -9999.00 -9999.00 -9999.00 -9999.00 -9999.00 -9999.00 -9999.00 -9999.00 -9999.00 -9999.00 -9999.00 -9999.00 -9999.00 -9999.00 -9999.00 -9999.00 -9999.00 -9999.00 -9999.00 -9999.00 -9999.00 -9999.00 21.07 21.07 21.08 21.08 21.08 21.06 21.07 21.06 21.05 21.04 21.04
18.05 18.05 18.32 18.49 18.63 18.66 18.88 19.36 19.62 19.77 19.90 19.98 20.01 20.25 20.31 20.49 20.66 20.74 20.75 20.60 20.79 20.93 21.02 21.05 21.08 -9999.00 -9999.00 -9999.00 -9999.00 -9999.00 -9999.00 -9999.00 -9999.00 -9999.00 -9999.00 -9999.00 -9999.00 -9999.00 -9999.00 -9999.00 -9999.00 -9999.00 -9999.00 -9999.00 -9999.00 -9999.00 -9999.00 -9999.00 -9999.00 -9999.00 -9999.00 -9999.00 21.15 -9999.00 -9999.00 -9999.00 -9999.00 -9999.00 21.13 21.12 21.09 21.05 21.07 21.05 21.05 21.03 21.04 21.04 21.02 21.01 21.00
16.38 17.02 18.00 18.66 18.53 19.25 19.32 19.31 19.52 19.75 19.56 19.90 20.16 20.17 20.36 20.52 20.60 20.63 20.71 20.69 20.86 20.95 20.96 21.04 21.06 21.10 -9999.00 -9999.00 -9999.00 -9999.00 -9999.00 -9999.00 -9999.00 -9999.00 -9999.00 -9999.00 -9999.00 -9999.00 -9999.00 -9999.00 -9999.00 -9999.00 -9999.00 -9999.00 -9999.00 -9999.00 -9999.00 -9999.00 -9999.00 -9999.00 21.15 21.15 21.15 21.12 21.12 21.14 21.14 21.13 21.12 21.09 21.05 21.03 21.05 21.03 21.01 21.00 20.99 20.95 20.99 20.95 20.89
16.64 17.51 18.67 18.18 18.83 18.23 18.52 18.30 19.13 19.69 19.83 20.04 19.89 20.08 20.27 20.45 20.49 20.58 20.47 20.78 20.84 20.82 20.80 20.99 21.03 21.08 21.13 -9999.00 -9999.00 -9999.00 -9999.00 -9999.00 -9999.00 -9999.00 -9999.00 -9999.00 -9999.00 -9999.00 -9999.00 -9999.00 -9999.00 -9999.00 -9999.00 -9999.00 -9999.00 -9999.00 -9999.00 -9999.00 -9999.00 21.15 21.14 21.14 21.13 21.10 21.07 21.11 21.12 21.11 21.09 21.07 21.05 21.01 21.02 20.97 20.97 20.96 20.97 20.93 20.92 20.91 20.86
18.29 18.01 17.21 17.03 17.53 17.02 17.66 18.19 18.50 19.10 19.50 19.63 19.81 20.02 20.21 20.34 20.47 20.57 20.51 20.69 20.81 20.89 20.94 20.97 21.00 20.97 21.08 -9999.00 -9999.00 -9999.00 -9999.00 -9999.00 -9999.00 -9999.00 -9999.00 -9999.00 -9999.00 -9999.00 -9999.00 -9999.00 -9999.00 -9999.00 -9999.00 -9999.00 -9999.00 -9999.00 21.16 21.14 21.14 21.13 21.12 21.12 21.07 21.04 21.04 21.06 21.10 21.07 21.06 21.06 21.02 21.02 20.97 20.95 20.93 20.93 20.93 20.87 20.81 20.89 20.83
16.04 15.90 16.83 17.32 17.80 18.19 18.54 18.92 19.27 19.33 19.38 19.68 19.89 20.05 20.24 20.36 20.48 20.57 20.70 20.79 20.84 20.87 20.92 20.94 20.79 20.95 21.10 -9999.00 -9999.00 -9999.00 -9999.00 -9999.00 -9999.00 -9999.00 -9999.00 -9999.00 -9999.00 -9999.00 -9999.00 -9999.00 -9999.00 -9999.00 -9999.00 -9999.00 -9999.00 21.15 21.12 21.12 21.11 21.12 21.10 21.09 21.08 21.03 21.03 21.03 21.06 21.07 21.04 21.02 21.00 20.98 20.94 20.93 20.89 20.88 20.89 20.79 20.73 20.78 20.80
15.04 15.68 16.54 17.31 17.49 18.47 18.72 18.85 18.57 18.60 19.23 19.54 19.92 20.09 20.21 20.32 20.45 20.57 20.71 20.78 20.82 20.83 20.87 20.68 20.95 21.05 21.09 21.13 -9999.00 -9999.00 -9999.00 -9999.00 -9999.00 -9999.00 -9999.00 -9999.00 -9999.00 -9999.00 -9999.00 -9999.00 -9999.00 -9999.00 21.16 21.16 21.15 21.13 21.11 21.08 21.10 21.11 21.10 21.07 21.06 21.03 21.02 21.01 21.01 21.02 21.01 21.01 20.98 20.98 20.95 20.93 20.88 20.87 20.88 20.81 20.72 20.71 20.76
14.45 15.17 16.20 17.65 17.70 17.41 18.41 18.04 17.86 18.56 19.18 19.51 19.84 20.02 20.22 20.33 20.45 20.64 20.73 20.75 20.74 20.81 20.68 20.84 21.00 20.99 21.07 21.09 -9999.00 -9999.00 -9999.00 -9999.00 -9999.00 -9999.00 21.16 21.16 21.16 21.16 21.16 21.16 21.16 21.16 21.15 21.15 21.14 21.10 21.09 21.08 21.08 21.10 21.04 21.04 21.05 21.04 21.02 21.01 21.00 20.99 20.98 20.99 20.97 20.96 20.97 20.95 20.93 20.91 20.91 20.84 20.72 20.63 20.72
14.34 15.08 15.65 15.86 16.72 17.43 17.10 17.50 17.91 18.55 19.10 19.59 19.79 19.99 20.23 20.35 20.58 20.62 20.67 20.69 20.72 20.57 20.74 20.85 20.97 21.03 21.06 21.09 -9999.00 -9999.00 -9999.00 -9999.00 -9999.00 21.16 21.16 21.16 21.16 21.16 21.16 21.16 21.16 21.15 21.15 21.13 21.13 21.11 21.08 21.08 21.07 21.09 21.00 20.99 21.02 21.01 21.01 21.02 21.00 20.99 20.95 20.94 20.95 20.95 20.95 20.94 20.93 20.90 20.88 20.79 20.65 20.60 20.64
14.42 14.83 15.45 15.54 15.98 16.50 17.19 18.10 18.53 18.91 19.24 19.61 19.83 20.03 20.29 20.50 20.54 20.53 20.58 20.67 20.62 20.64 20.76 20.91 21.00 21.06 21.06 21.07 21.13 21.14 -9999.00 -9999.00 21.16 21.15 21.16 21.16 21.16 21.16 21.16 21.16 21.16 21.14 21.13 21.13 21.15 21.14 21.10 21.07 21.05 21.04 21.00 20.99 20.99 20.99 20.99 21.01 21.00 20.98 20.95 20.90 20.89 20.92 20.92 20.88 20.85 20.86 20.82 20.77 20.68 20.57 20.52
16.19 15.88 16.39 16.98 18.01 17.83 17.85 17.68 18.09 18.80 19.37 19.77 19.90 20.27 20.42 20.45 20.39 20.45 20.56 20.63 20.62 20.73 20.84 20.95 20.97 20.97 21.06 21.09 21.08 21.12 21.13 21.15 21.16 21.16 21.16 21.16 21.16 21.16 21.16 21.16 21.15 21.14 21.13 21.09 21.13 21.08 21.08 21.07 21.07 21.03 21.01 20.99 20.98 20.98 20.99 21.00 20.99 20.97 20.94 20.87 20.87 20.88 20.87 20.82 20.79 20.78 20.78 20.74 20.67 20.56 20.49
17.11 17.94 17.95 18.80 18.30 18.53 18.77 18.87 19.05 19.30 19.64 19.86 20.22 20.34 20.22 20.24 20.35 20.46 20.58 20.66 20.62 20.75 20.84 20.96 20.94 21.04 21.00 21.07 21.07 21.09 21.11 21.14 21.16 21.16 21.16 21.16 21.15 21.15 21.15 21.15 21.14 21.12 21.10 21.08 21.03 21.03 21.03 21.08 21.08 21.04 20.99 20.98 20.97 20.96 20.96 20.98 20.98 20.97 20.93 20.88 20.84 20.84 20.83 20.78 20.75 20.73 20.72 20.64 20.59 20.54 20.45
18.12 18.26 18.96 19.23 19.51 19.63 19.72 19.78 19.56 19.72 19.95 20.14 20.23 20.03 20.15 20.27 20.37 20.49 20.59 20.59 20.62 20.87 20.78 20.78 20.98 20.91 20.98 20.99 21.01 21.09 21.14 21.14 21.14 21.14 21.15 21.14 21.14 21.13 21.13 21.14 21.14 21.12 21.07 21.06 21.04 21.02 21.03 21.05 21.05 21.00 20.98 20.97 20.96 20.95 20.95 20.95 20.96 20.95 20.93 20.87 20.85 20.82 20.78 20.75 20.71 20.68 20.63 20.59 20.59 20.50 20.45
18.95 18.98 19.02 18.95 18.84 19.09 19.24 19.36 19.73 19.88 19.77 19.57 19.91 20.04 20.19 20.32 20.39 20.51 20.61 20.60 20.56 20.65 20.79 20.89 20.96 20.89 20.94 20.98 21.08 21.06 21.10 21.11 21.12 21.11 21.12 21.12 21.12 21.12 21.12 21.13 21.13 21.11 21.08 21.04 21.04 21.02 21.03 21.04 21.04 21.01 20.99 20.97 20.95 20.94 20.94 20.91 20.93 20.94 20.92 20.87 20.84 20.81 20.77 20.74 20.69 20.64 20.60 20.57 20.56 20.45 20.42
18.00 17.51 18.60 18.54 17.88 18.72 18.12 18.23 18.49 18.56 18.60 19.29 19.76 19.97 20.13 20.26 20.38 20.47 20.59 20.63 20.56 20.74 20.76 20.92 20.89 20.92 20.99 21.00 20.99 21.01 21.08 21.09 21.10 21.09 21.08 21.09 21.10 21.10 21.12 21.12 21.10 21.08 21.08 21.04 21.03 21.02 21.01 21.01 21.02 21.02 21.00 20.98 20.95 20.93 20.92 20.92 20.91 20.91 20.90 20.86 20.82 20.80 20.77 20.74 20.70 20.65 20.59 20.56 20.51 20.47 20.39
16.77 17.30 16.91 17.46 16.79 17.08 17.18 17.02 18.11 18.62 19.17 19.43 19.69 19.88 20.06 20.23 20.34 20.45 20.55 20.60 20.66 20.79 20.77 20.91 20.89 20.89 20.92 21.03 20.99 21.03 21.07 21.07 21.07 21.07 21.08 21.07 21.08 21.10 21.10 21.10 21.08 21.07 21.07 21.04 21.03 21.01 21.00 20.99 20.99 20.99 20.98 20.95 20.93 20.92 20.91 20.91 20.91 20.88 20.87 20.82 20.78 20.75 20.75 20.70 20.64 20.56 20.58 20.54 20.49 20.45 20.39
16.31 17.20 15.61 16.16 15.63 16.00 16.33 17.71 18.05 18.29 19.04 19.35 19.59 19.80 20.02 20.18 20.32 20.45 20.54 20.60 20.63 20.79 20.72 20.81 20.81 20.94 20.94 20.98 21.01 21.04 21.05 21.04 21.04 21.04 21.04 21.05 21.07 21.08 21.09 21.07 21.06 21.05 21.05 21.04 21.04 21.00 20.98 20.99 20.96 20.96 20.94 20.92 20.91 20.90 20.89 20.89 20.89 20.87 20.84 20.78 20.74 20.70 20.68 20.66 20.58 20.51 20.49 20.49 20.46 20.43 20.38
14.66 15.11 14.65 14.80 14.57 15.36 16.59 17.70 18.21 18.50 18.92 19.33 19.60 19.79 19.97 20.14 20.28 20.40 20.50 20.55 20.60 20.67 20.79 20.85 20.90 20.91 20.91 20.95 20.98 21.01 21.01 21.01 21.01 21.01 21.03 21.05 21.07 21.06 21.06 21.05 21.04 21.03 21.03 21.02 21.02 21.00 20.96 20.98 20.96 20.93 20.91 20.89 20.88 20.87 20.88 20.87 20.86 20.84 20.82 20.73 20.71 20.70 20.66 20.63 20.55 20.49 20.45 20.46 20.40 20.33 20.30
13.74 13.44 13.62 14.61 15.45 16.10 16.64 17.08 17.48 17.97 18.54 19.21 19.45 19.70 19.90 20.06 20.21 20.33 20.42 20.51 20.68 20.64 20.79 20.81 20.81 20.88 20.88 20.95 20.98 20.99 20.98 20.99 21.00 21.02 21.03 21.04 21.05 21.04 21.04 21.03 21.02 21.01 21.00 21.00 20.99 20.99 20.97 20.95 20.94 20.92 20.89 20.89 20.86 20.84 20.84 20.85 20.82 20.80 20.75 20.72 20.66 20.64 20.65 20.59 20.52 20.45 20.45 20.41 20.38 20.32 20.27
13.80 13.19 14.15 15.18 15.62 15.87 16.90 17.66 18.23 18.63 18.93 19.18 19.45 19.66 19.86 20.02 20.17 20.30 20.42 20.52 20.61 20.68 20.78 20.76 20.82 20.87 20.90 20.95 20.95 20.96 20.96 20.97 20.99 21.01 21.02 21.04 21.04 21.03 21.02 21.01 21.00 21.00 20.99 20.97 20.96 20.96 20.94 20.91 20.88 20.83 20.84 20.83 20.84 20.81 20.82 20.81 20.79 20.79 20.73 20.70 20.64 20.60 20.58 20.56 20.51 20.44 20.41 20.39 20.32 20.27 20.20
15.79 14.42 13.67 14.65 15.63 16.34 17.44 17.89 18.24 18.55 18.88 19.16 19.42 19.66 19.85 20.05 20.15 20.27 20.38 20.48 20.57 20.58 20.75 20.80 20.83 20.82 20.87 20.90 20.93 20.94 20.94 20.97 20.98 21.00 21.01 21.02 21.02 21.02 21.01 21.00 20.99 20.98 20.96 20.95 20.94 20.93 20.92 20.89 20.88 20.77 20.77 20.80 20.80 20.79 20.78 20.76 20.74 20.77 20.72 20.65 20.61 20.58 20.55 20.55 20.47 20.43 20.39 20.34 20.29 20.23 20.17
16.73 15.91 15.08 16.27 16.23 15.85 16.79 17.87 18.36 18.61 18.77 19.20 19.43 19.68 19.86 20.02 20.13 20.27 20.36 20.46 20.52 20.65 20.70 20.76 20.83 20.82 20.87 20.88 20.90 20.91 20.93 20.95 20.97 20.98 21.00 21.00 21.01 21.01 21.00 20.99 20.98 20.97 20.94 20.93 20.91 20.91 20.89 20.84 20.81 20.73 20.72 20.74 20.76 20.75 20.72 20.70 20.69 20.76 20.73 20.65 20.56 20.54 20.52 20.50 20.49 20.41 20.36 20.33 20.31 20.21 20.16
16.44 17.48 16.28 16.43 17.80 16.61 16.68 16.88 17.60 18.34 19.04 19.24 19.49 19.74 19.89 20.01 20.13 20.25 20.36 20.44 20.51 20.64 20.70 20.76 20.80 20.81 20.84 20.87 20.88 20.91 20.92 20.94 20.96 20.97 20.98 21.00 21.00 20.99 20.99 20.98 20.97 20.95 20.93 20.91 20.89 20.88 20.89 20.82 20.76 20.68 20.67 20.65 20.70 20.64 20.67 20.66 20.64 20.70 20.68 20.60 20.51 20.48 20.47 20.46 20.45 20.42 20.38 20.31 20.27 20.21 20.13
15.88 17.31 17.62 17.89 18.01 17.84 17.90 17.57 18.03 18.43 19.02 19.40 19.59 19.81 19.93 20.04 20.14 20.25 20.36 20.45 20.53 20.63 20.67 20.73 20.76 20.79 20.83 20.85 20.88 20.88 20.91 20.93 20.95 20.96 20.98 20.99 20.99 20.98 20.98 20.97 20.95 20.94 20.91 20.90 20.87 20.86 20.86 20.78 20.74 20.66 20.62 20.60 20.62 20.62 20.69 20.59 20.61 20.62 20.59 20.54 20.43 20.41 20.40 20.40 20.42 20.41 20.34 20.30 20.26 20.22 20.18
17.15 17.40 18.03 18.56 18.74 18.68 18.87 18.84 19.09 19.31 19.50 19.66 19.79 19.89 19.96 20.05 20.15 20.27 20.36 20.44 20.55 20.61 20.65 20.71 20.76 20.78 20.82 20.83 20.85 20.87 20.89 20.91 20.94 20.96 20.97 20.99 20.98 20.97 20.97 20.96 20.94 20.92 20.90 20.88 20.86 20.84 20.84 20.78 20.73 20.66 20.57 20.55 20.56 20.58 20.57 20.60 20.58 20.53 20.50 20.50 20.44 20.41 20.40 20.39 20.38 20.36 20.29 20.26 20.23 20.19 20.15
17.55 17.72 17.70 17.46 18.12 18.15 18.55 18.68 18.81 19.07 19.26 19.47 19.67 19.84 20.01 20.10 20.18 20.27 20.35 20.45 20.54 20.59 20.64 20.70 20.74 20.77 20.78 20.81 20.82 20.83 20.86 20.90 20.93 20.95 20.97 20.98 20.97 20.97 20.96 20.95 20.92 20.91 20.89 20.87 20.84 20.82 20.81 20.78 20.74 20.66 20.57 20.54 20.53 20.54 20.53 20.62 20.53 20.51 20.45 20.43 20.42 20.41 20.37 20.36 20.35 20.33 20.29 20.18 20.18 20.13 20.10
15.92 16.64 16.78 16.98 17.31 17.65 18.13 18.40 18.71 19.04 19.33 19.51 19.73 19.92 20.09 20.18 20.23 20.29 20.38 20.43 20.48 20.56 20.65 20.69 20.74 20.74 20.76 20.79 20.81 20.83 20.86 20.89 20.92 20.94 20.97 20.97 20.97 20.95 20.95 20.93 20.91 20.89 20.86 20.83 20.81 20.79 20.78 20.76 20.73 20.69 20.62 20.53 20.52 20.51 20.51 20.52 20.54 20.45 20.43 20.40 20.37 20.32 20.31 20.29 20.23 20.22 20.22 20.12 20.11 20.07 20.04
14.85 15.72 15.78 16.36 16.34 16.67 17.47 17.97 18.42 18.65 19.20 19.65 19.80 19.98 20.17 20.24 20.30 20.37 20.44 20.47 20.53 20.57 20.62 20.67 20.70 20.75 20.78 20.81 20.82 20.85 20.87 20.89 20.92 20.94 20.96 20.96 20.95 20.94 20.93 20.92 20.90 20.88 20.84 20.81 20.79 20.76 20.75 20.74 20.72 20.69 20.64 20.53 20.50 20.49 20.49 20.49 20.46 20.44 20.41 20.38 20.38 20.31 20.28 20.25 20.19 20.17 20.13 20.09 20.08 20.06 19.98
13.94 13.95 14.56 15.62 16.53 17.44 17.51 17.90 18.00 18.62 19.19 19.65 19.83 20.05 20.19 20.29 20.37 20.43 20.48 20.53 20.56 20.61 20.64 20.68 20.72 20.75 20.78 20.81 20.84 20.87 20.89 20.91 20.92 20.94 20.95 20.95 20.94 20.93 20.92 20.91 20.89 20.87 20.83 20.81 20.77 20.74 20.73 20.71 20.70 20.67 20.64 20.56 20.49 20.48 20.47 20.46 20.43 20.40 20.39 20.40 20.36 20.33 20.27 20.24 20.17 20.14 20.11 20.09 20.06 20.03 19.97
13.62 14.82 15.95 16.82 17.36 17.79 18.06 18.40 18.64 19.01 19.30 19.55 19.78 20.03 20.19 20.31 20.40 20.46 20.52 20.58 20.59 20.63 20.68 20.69 20.72 20.75 20.78 20.81 20.84 20.84 20.88 20.92 20.93 20.94 20.94 20.93 20.93 20.92 20.91 20.89 20.88 20.86 20.83 20.80 20.76 20.72 20.70 20.68 20.68 20.67 20.63 20.51 20.46 20.46 20.45 20.44 20.41 20.37 20.36 20.38 20.36 20.32 20.29 20.25 20.21 20.17 20.13 20.08 20.05 20.01 19.95
