maui/input/air_temperature_monthly/tminapr_250m_maui.asc
ncols        356
nrows        236
xllcorner    -156.702000000000
yllcorner    20.529750000000
cellsize     0.002250000000
NODATA_value  -99.00
[rows 160 to 191 of 236, columns 216 to 287 of 356]
3.03 3.04 3.13 3.28 3.47 3.57 3.66 3.64 3.81 3.58 3.52 3.48 3.47 3.45 3.51 3.56 3.42 3.40 3.41 3.44 3.85 4.52 5.16 6.40 7.02 7.21 7.28 7.33 7.27 7.32 7.26 7.21 7.25 7.51 7.09 5.35 4.89 5.16 5.27 5.36 5.43 5.56 5.75 5.88 6.09 6.38 6.46 6.49 7.10 8.05 9.90 9.82 10.01 10.27 10.50 10.78 10.89 11.14 11.28 11.80 12.72 12.93 13.19 13.44 13.07 11.20 10.21 10.36 10.73 11.14 11.42 11.69
3.25 3.29 3.36 3.52 3.66 3.78 3.86 3.92 4.19 3.88 3.82 3.83 3.79 3.77 3.89 3.89 3.76 3.70 3.74 3.84 3.81 3.84 4.74 5.69 7.35 7.46 7.65 7.65 7.67 7.74 7.77 7.59 7.72 7.90 7.83 6.13 5.47 5.67 5.76 5.89 6.01 6.14 6.23 6.42 6.65 6.83 6.89 6.92 7.03 7.34 9.05 10.26 10.26 10.46 10.73 11.08 11.23 11.46 11.59 11.62 11.62 12.30 13.60 13.61 13.19 11.47 10.52 10.74 10.99 11.41 11.66 11.88
3.50 3.58 3.67 3.73 3.89 4.00 4.06 4.35 4.97 4.50 4.27 4.33 4.23 4.16 4.61 4.32 4.28 4.29 4.43 4.70 4.36 4.35 4.43 5.36 6.89 7.84 7.92 7.96 8.02 8.12 8.09 8.17 8.17 8.29 8.36 6.93 5.97 6.25 6.31 6.45 6.56 6.74 6.88 6.98 7.11 7.10 7.18 7.26 7.39 7.55 7.98 9.44 10.21 11.09 11.00 11.35 11.57 11.80 11.86 11.85 11.83 13.01 13.85 14.01 13.48 12.10 11.01 11.16 11.35 11.68 11.89 12.17
3.77 3.88 3.95 4.02 4.16 4.55 4.62 5.07 5.51 5.36 5.17 5.17 5.10 5.14 5.34 5.15 5.07 5.20 5.57 5.69 5.46 5.33 5.14 5.08 6.33 7.92 8.26 8.36 8.38 8.47 8.53 8.53 8.49 8.59 8.58 7.57 6.46 6.74 6.85 6.87 7.17 7.38 7.45 7.52 7.53 7.32 7.46 7.65 7.74 7.98 8.14 8.27 8.90 10.36 11.37 11.62 11.87 11.97 12.12 12.09 12.10 12.91 14.02 14.07 14.15 12.69 11.38 11.53 11.87 12.05 12.40 12.53
4.09 4.13 4.37 4.72 4.98 5.26 5.49 5.73 5.94 6.11 6.03 6.01 5.97 6.03 6.00 6.26 5.97 6.21 6.35 6.40 6.79 6.27 6.02 5.85 5.90 7.17 8.56 8.66 8.73 8.78 8.88 8.85 8.80 8.94 8.93 7.80 7.15 7.11 7.46 7.53 7.69 7.94 7.99 8.08 7.99 7.73 7.80 7.92 8.12 8.30 8.55 8.67 8.73 9.53 10.04 11.46 12.28 12.38 12.43 12.37 12.36 12.45 14.00 14.22 14.36 13.43 11.94 11.89 12.17 12.41 12.65 12.97
4.97 4.95 5.37 5.54 5.90 6.00 6.34 6.47 6.64 6.70 6.90 6.88 6.85 6.90 6.80 7.11 6.84 7.19 7.30 7.39 7.79 7.08 7.01 6.85 6.64 6.77 7.93 8.90 9.02 9.16 9.29 9.25 9.25 9.29 9.26 8.62 7.81 7.78 7.96 8.08 8.25 8.44 8.46 8.55 8.48 8.30 8.31 8.47 8.51 8.79 8.92 9.27 9.22 9.38 9.58 10.31 11.71 12.64 12.78 12.74 12.72 12.87 14.11 14.42 14.55 14.24 12.96 12.38 12.54 12.93 13.07 13.44
5.70 5.76 6.00 6.28 7.17 6.82 7.52 7.22 7.24 7.35 7.60 7.58 7.52 7.83 7.65 7.62 7.61 8.51 8.31 8.67 8.89 7.88 7.93 7.72 7.55 7.47 7.55 8.86 9.41 9.53 9.59 9.60 9.59 9.69 9.82 9.59 8.30 8.42 8.52 8.60 8.90 8.92 9.06 9.14 8.96 8.88 8.86 8.95 9.12 9.17 9.52 9.67 9.80 9.96 10.05 10.15 11.25 12.62 12.98 12.97 13.11 13.20 13.87 14.58 14.64 14.86 13.90 12.88 13.33 13.39 13.52 13.73
6.58 6.57 6.79 7.16 7.62 7.75 8.05 8.05 8.07 8.07 8.27 8.24 8.35 8.56 8.41 8.53 8.52 8.90 9.31 9.48 9.40 8.71 8.71 8.62 8.34 8.26 8.43 8.60 9.71 9.90 9.96 10.10 9.99 10.09 10.15 10.17 8.95 9.02 9.14 9.24 9.45 9.46 10.30 10.75 10.61 9.30 9.44 9.56 9.71 9.87 10.05 10.19 10.45 10.44 10.54 10.68 11.00 12.34 13.11 13.11 13.26 13.42 13.46 14.52 14.80 14.90 14.84 13.47 13.63 14.18 14.19 14.12
7.39 7.37 7.73 7.94 8.07 8.70 8.66 8.73 8.86 9.07 8.89 9.26 9.05 9.78 9.19 9.61 9.46 9.53 10.94 10.00 10.09 9.44 9.34 9.35 9.10 9.15 9.21 9.18 9.99 10.25 10.36 10.44 10.44 10.49 10.51 10.45 9.48 9.57 9.68 9.80 10.00 10.83 11.87 13.35 12.35 10.39 9.86 10.15 10.27 10.58 10.83 10.81 11.31 10.99 11.03 11.22 11.36 11.67 12.77 14.23 13.47 13.64 13.78 14.34 14.84 15.06 15.23 14.53 14.11 14.36 14.93 14.69
8.12 8.12 8.42 9.02 8.98 9.28 9.38 9.60 9.53 9.68 10.23 10.05 9.91 10.72 9.96 10.32 10.31 10.37 11.09 10.95 11.16 10.18 10.06 10.06 9.86 9.79 9.98 9.86 9.79 10.62 10.69 10.71 10.92 10.90 10.87 10.72 10.27 10.17 10.21 10.28 10.47 12.15 13.37 13.49 11.75 10.26 10.42 10.58 10.83 11.05 11.36 11.64 11.91 11.60 11.62 11.79 11.89 12.15 12.53 13.63 14.18 13.83 14.00 14.21 15.18 15.28 15.38 15.35 14.54 15.14 15.44 15.21
8.90 8.93 9.18 9.57 9.81 9.80 10.17 10.87 10.53 10.30 11.01 11.06 10.83 11.62 10.73 11.47 11.05 11.26 11.73 12.41 12.70 10.80 10.71 10.88 10.47 10.39 10.88 10.45 10.50 11.18 11.18 11.12 11.14 11.16 11.10 10.94 10.72 10.71 10.82 10.75 11.31 12.97 14.84 13.25 11.73 10.78 10.98 11.22 11.38 11.58 11.90 12.18 12.38 12.17 12.20 12.35 12.45 12.61 13.00 13.27 15.73 14.48 14.22 14.25 14.63 15.50 15.71 15.78 15.35 15.34 16.92 16.76
9.65 9.64 9.87 10.39 10.99 10.56 10.79 12.56 12.13 10.92 12.08 11.54 11.43 11.98 11.53 11.69 11.72 12.67 12.62 13.66 12.50 11.39 11.33 11.72 11.16 11.18 11.70 11.32 11.35 11.70 11.60 11.55 11.49 11.45 11.39 11.26 11.27 11.37 11.81 11.91 11.98 14.18 14.74 13.25 11.55 11.25 11.51 11.74 11.88 12.22 12.19 12.55 12.77 12.66 12.72 12.82 12.96 13.09 13.42 13.88 14.55 15.84 14.61 14.17 14.38 15.37 15.84 15.87 15.95 15.97 17.11 17.05
10.21 10.56 10.67 10.94 11.73 11.33 11.49 12.63 12.18 11.65 12.51 11.82 12.12 12.63 12.43 12.19 12.44 13.35 13.78 13.43 12.09 12.11 12.08 12.01 11.81 11.98 12.29 12.06 12.44 12.04 12.00 11.93 11.91 11.78 11.70 11.78 11.79 12.42 13.04 12.16 12.79 14.65 14.48 12.86 11.82 11.78 11.95 12.16 12.34 12.51 12.70 12.86 13.13 13.17 13.31 13.27 13.65 13.61 13.79 14.07 14.54 15.59 15.61 14.89 14.86 15.12 15.94 16.04 16.07 16.29 17.13 17.26
10.79 11.47 11.37 11.61 12.06 12.50 12.06 12.57 13.62 12.50 13.31 12.74 13.22 13.35 12.90 12.99 13.41 13.87 14.77 13.55 13.01 12.72 12.88 12.57 12.50 12.53 12.96 13.05 12.69 12.44 12.33 12.34 12.22 12.16 12.16 12.41 12.35 12.48 13.86 12.85 14.50 15.91 13.88 12.40 12.37 12.25 12.38 12.51 12.78 12.98 13.27 13.29 13.34 13.88 13.88 13.81 14.05 14.23 14.39 14.63 14.74 15.22 16.37 15.57 15.23 15.57 15.72 16.18 16.33 16.82 17.00 17.55
11.46 11.98 12.02 12.28 12.93 13.74 12.86 12.81 13.46 13.72 13.84 13.63 13.79 13.72 13.57 13.74 13.57 13.80 14.98 14.27 13.90 13.72 13.69 13.16 13.22 13.28 13.33 13.53 13.10 12.73 12.77 12.60 12.61 12.58 12.82 13.03 12.91 13.19 13.87 13.45 15.15 15.46 13.77 12.90 12.88 12.81 12.91 13.06 13.20 13.43 13.79 13.83 13.96 14.12 14.47 14.39 14.58 14.71 14.95 14.93 15.09 15.85 15.69 16.29 15.74 15.95 16.17 16.30 16.47 16.58 16.86 17.12
12.09 12.59 12.62 13.07 13.18 13.77 13.64 13.59 13.78 14.22 14.12 14.17 14.19 14.27 14.13 14.42 14.12 14.51 15.03 14.88 14.42 13.99 13.83 13.72 13.86 14.03 14.00 13.83 13.38 13.28 13.09 12.97 13.03 13.14 13.29 13.35 13.41 14.05 13.80 14.31 14.93 16.10 14.15 13.35 13.44 13.38 13.43 13.56 13.67 13.86 14.01 14.15 14.41 14.42 15.32 14.85 15.13 15.29 15.12 15.64 15.53 15.85 16.21 16.25 16.43 16.61 16.49 16.71 16.77 16.81 17.00 17.32
13.49 12.99 13.46 13.37 13.83 13.77 14.50 14.24 14.31 14.61 15.17 14.72 14.76 14.71 14.68 14.82 14.68 14.70 15.07 16.04 14.64 14.56 14.42 14.26 14.52 14.78 14.44 14.15 13.94 13.73 13.62 13.58 13.67 13.81 13.89 13.91 14.07 14.65 14.17 15.08 15.47 16.59 14.86 13.87 13.94 13.83 13.90 13.99 14.13 14.26 14.45 14.78 15.11 14.85 14.99 15.51 15.33 15.69 15.72 15.88 16.19 16.14 17.18 16.53 16.94 17.19 16.83 17.09 17.10 17.24 17.31 17.51
12.87 13.86 13.72 13.93 14.44 14.26 15.01 14.84 14.85 14.94 15.50 15.10 15.21 15.18 15.22 15.19 15.09 15.06 15.26 16.23 15.17 15.42 14.99 14.78 14.97 15.10 14.81 14.58 14.35 14.26 14.15 14.19 14.21 14.25 14.34 14.43 14.63 15.15 15.13 15.41 16.24 16.08 14.61 14.44 14.37 14.33 14.32 14.42 14.59 14.67 14.76 15.21 15.16 15.36 15.25 16.15 16.15 16.36 16.78 16.44 16.75 16.82 17.23 17.04 17.17 17.26 17.38 17.38 17.45 17.57 17.60 17.70
13.41 13.66 14.60 15.10 14.44 15.25 14.98 15.16 15.24 15.31 15.32 16.03 16.02 15.62 15.54 15.82 15.59 15.57 15.61 15.90 15.83 15.55 15.40 15.35 15.49 15.42 15.18 15.01 14.80 14.67 14.61 14.55 14.68 14.76 14.82 15.00 15.16 15.98 15.75 15.97 16.89 16.26 14.97 15.05 14.86 14.83 14.86 14.90 14.95 15.10 15.14 15.44 15.54 15.86 15.79 16.12 16.09 16.94 16.64 17.12 17.52 17.03 17.36 17.93 17.49 17.51 17.67 17.77 17.85 17.86 17.88 17.95
13.76 14.07 14.35 15.64 15.01 15.12 15.45 15.43 15.53 15.64 15.65 15.91 15.99 16.34 16.01 16.12 16.05 16.01 16.34 16.13 16.07 15.95 15.90 15.86 15.85 15.75 15.61 15.47 15.16 15.16 15.15 15.04 15.17 15.28 15.43 15.50 15.63 16.34 16.42 16.48 15.93 17.40 15.41 15.51 15.42 15.32 15.34 15.42 15.39 15.41 15.54 15.63 16.05 15.98 16.86 16.27 17.04 16.52 18.12 17.33 17.30 18.04 17.63 18.12 17.83 17.82 17.90 18.07 18.04 18.04 18.05 18.18
14.06 14.40 14.74 15.63 15.42 15.55 15.95 15.75 15.86 15.91 15.94 16.11 16.50 16.59 16.40 16.62 16.38 16.42 16.53 16.41 16.84 16.35 16.23 16.28 16.20 16.04 15.97 15.80 15.68 15.58 15.56 15.60 15.64 15.72 15.85 15.99 16.05 16.64 16.71 16.66 16.54 17.46 15.92 15.97 15.94 15.87 15.79 15.87 16.05 15.83 16.08 16.01 16.28 16.25 16.78 16.87 16.84 17.22 17.21 18.43 18.19 18.29 18.30 18.30 18.14 18.10 18.02 18.14 18.28 18.25 18.21 18.35
14.56 14.77 15.22 15.51 16.60 15.86 16.05 16.06 16.20 16.25 16.21 16.44 16.62 16.65 16.70 16.95 16.75 16.77 16.90 16.77 17.07 16.68 16.63 16.52 16.43 16.30 16.17 16.17 16.09 16.05 16.04 16.01 16.01 16.10 16.30 16.41 16.48 16.80 16.82 16.66 17.62 16.61 16.43 16.36 16.40 16.45 16.28 16.34 16.52 16.29 16.34 16.70 16.48 16.78 16.85 18.09 17.18 17.55 17.55 18.47 18.10 18.08 18.56 18.47 18.40 18.39 18.38 18.29 18.38 18.40 18.45 18.51
14.97 15.12 15.39 15.68 16.12 16.36 16.41 16.38 16.44 16.47 16.49 16.65 16.82 17.03 17.36 17.30 17.17 17.09 17.04 17.08 17.24 17.02 16.89 16.76 16.69 16.48 16.41 16.48 16.43 16.35 16.34 16.25 16.36 16.42 16.68 16.70 16.76 16.94 16.97 16.82 17.58 16.96 16.92 16.76 16.86 16.93 16.83 16.86 17.04 16.85 16.83 17.48 17.18 17.08 17.23 17.44 18.17 18.01 18.00 18.32 18.90 18.90 18.87 18.62 18.60 18.63 18.61 18.56 18.65 18.64 18.63 18.90
15.54 15.53 15.70 16.06 16.28 17.46 16.77 16.67 16.71 16.79 16.82 16.88 17.06 17.61 17.76 17.47 17.43 17.39 17.37 17.43 17.26 17.15 17.05 17.04 16.96 16.85 16.71 16.74 16.74 16.68 16.61 16.60 16.67 16.74 16.87 16.87 17.02 17.08 17.18 17.23 17.29 17.68 17.42 17.20 17.40 17.38 17.29 17.39 17.58 17.36 17.32 17.61 18.21 17.47 17.53 17.72 17.88 18.73 18.92 -9999.00 -9999.00 -9999.00 -9999.00 18.92 18.76 18.77 18.74 18.79 18.91 18.91 -9999.00 -9999.00
16.20 16.07 16.11 16.29 16.74 16.95 17.18 16.99 17.06 17.10 17.13 17.17 17.32 17.38 17.57 17.94 17.70 17.64 17.59 17.42 17.41 17.29 17.25 17.25 17.17 17.10 16.95 16.94 17.01 17.02 17.07 16.99 16.94 16.96 17.02 17.18 17.24 17.30 17.39 17.51 17.66 18.18 17.63 17.83 17.88 17.78 17.78 17.96 18.01 17.76 17.73 18.31 18.44 17.89 17.96 18.12 18.31 18.81 -9999.00 -9999.00 -9999.00 -9999.00 -9999.00 -9999.00 -9999.00 -9999.00 -9999.00 -9999.00 -9999.00 -9999.00 -9999.00 -9999.00
16.45 16.66 16.53 16.66 16.90 17.15 17.93 17.34 17.31 17.34 17.40 17.49 17.72 17.70 17.75 17.86 18.05 17.89 17.87 17.65 17.50 17.46 17.40 17.31 17.29 17.28 17.29 17.30 17.26 17.18 17.30 17.33 17.20 17.22 17.25 17.37 17.47 17.64 17.71 17.74 17.85 18.27 17.99 18.33 18.27 18.20 18.23 18.29 18.48 18.11 18.09 18.62 18.45 18.26 18.47 18.84 18.92 -9999.00 -9999.00 -9999.00 -9999.00 -9999.00 -9999.00 -9999.00 -9999.00 -9999.00 -9999.00 -9999.00 -9999.00 -9999.00 -9999.00 -9999.00
16.68 16.86 17.09 17.03 17.28 17.43 18.13 17.77 17.65 17.64 17.66 17.72 17.93 17.98 18.00 18.00 18.21 18.17 17.71 17.63 17.72 17.55 17.49 17.43 17.41 17.47 17.59 17.55 17.44 17.45 17.51 17.48 17.44 17.51 17.44 17.60 17.71 17.80 17.84 17.91 18.07 18.18 18.55 18.52 18.58 18.53 18.65 18.80 18.89 18.59 18.58 18.93 18.93 18.93 -9999.00 -9999.00 -9999.00 -9999.00 -9999.00 -9999.00 -9999.00 -9999.00 -9999.00 -9999.00 -9999.00 -9999.00 -9999.00 -9999.00 -9999.00 -9999.00 -9999.00 -9999.00
16.97 17.17 17.60 17.53 17.62 17.77 17.86 18.47 17.95 17.97 17.93 18.01 18.09 18.32 18.26 18.32 18.28 18.09 17.95 17.94 17.80 17.72 17.66 17.63 17.63 17.69 17.74 17.75 17.64 17.74 17.65 17.67 17.73 17.72 17.65 17.79 17.89 17.97 17.98 18.01 18.17 18.27 18.44 18.63 18.64 18.80 18.92 -9999.00 -9999.00 -9999.00 -9999.00 -9999.00 -9999.00 -9999.00 -9999.00 -9999.00 -9999.00 -9999.00 -9999.00 -9999.00 -9999.00 -9999.00 -9999.00 -9999.00 -9999.00 -9999.00 -9999.00 -9999.00 -9999.00 -9999.00 -9999.00 -9999.00
17.24 17.48 17.64 17.82 17.95 18.09 18.13 18.61 18.15 18.25 18.30 18.29 18.42 18.46 18.49 18.50 18.51 18.20 18.22 18.13 18.03 17.81 17.77 17.74 17.80 17.93 17.90 17.86 18.02 17.88 17.82 17.84 17.90 17.93 17.93 17.98 18.07 18.05 18.12 18.19 18.30 18.39 18.60 18.67 18.82 18.88 -9999.00 -9999.00 -9999.00 -9999.00 -9999.00 -9999.00 -9999.00 -9999.00 -9999.00 -9999.00 -9999.00 -9999.00 -9999.00 -9999.00 -9999.00 -9999.00 -9999.00 -9999.00 -9999.00 -9999.00 -9999.00 -9999.00 -9999.00 -9999.00 -9999.00 -9999.00
17.54 17.69 17.84 18.22 18.13 18.27 18.39 18.76 18.44 18.48 18.52 18.56 18.57 18.85 18.74 18.72 18.64 18.56 18.52 18.34 18.23 18.13 18.04 17.94 17.97 18.13 18.14 18.23 18.15 18.06 17.95 17.99 18.04 18.05 18.09 18.15 18.20 18.30 18.31 18.30 18.41 18.49 18.68 18.83 18.93 18.94 -9999.00 -9999.00 -9999.00 -9999.00 -9999.00 -9999.00 -9999.00 -9999.00 -9999.00 -9999.00 -9999.00 -9999.00 -9999.00 -9999.00 -9999.00 -9999.00 -9999.00 -9999.00 -9999.00 -9999.00 -9999.00 -9999.00 -9999.00 -9999.00 -9999.00 -9999.00
17.92 17.94 18.10 18.30 18.39 18.46 18.58 18.88 18.66 18.71 18.75 18.76 18.78 18.95 18.87 18.76 18.80 18.73 18.67 18.60 18.37 18.21 18.15 18.09 17.98 18.22 18.33 18.37 18.30 18.23 18.11 18.14 18.18 18.26 18.26 18.29 18.34 18.43 18.49 18.64 18.59 18.68 18.74 18.83 -9999.00 -9999.00 -9999.00 -9999.00 -9999.00 -9999.00 -9999.00 -9999.00 -9999.00 -9999.00 -9999.00 -9999.00 -9999.00 -9999.00 -9999.00 -9999.00 -9999.00 -9999.00 -9999.00 -9999.00 -9999.00 -9999.00 -9999.00 -9999.00 -9999.00 -9999.00 -9999.00 -9999.00
18.18 18.24 18.40 18.54 18.61 18.69 18.79 18.80 19.04 18.91 18.92 18.99 19.05 19.00 18.93 18.82 18.91 18.87 18.76 18.75 18.42 18.25 18.32 18.13 18.21 18.38 18.50 18.40 18.40 18.36 18.48 18.25 18.32 18.38 18.45 18.45 18.50 18.61 18.64 18.75 18.98 19.01 19.01 -9999.00 -9999.00 -9999.00 -9999.00 -9999.00 -9999.00 -9999.00 -9999.00 -9999.00 -9999.00 -9999.00 -9999.00 -9999.00 -9999.00 -9999.00 -9999.00 -9999.00 -9999.00 -9999.00 -9999.00 -9999.00 -9999.00 -9999.00 -9999.00 -9999.00 -9999.00 -9999.00 -9999.00 -9999.00
