maui/input/air_temperature_monthly/tmindec_250m_maui.asc
ncols        356
nrows        236
xllcorner    -156.702000000000
yllcorner    20.529750000000
cellsize     0.002250000000
NODATA_value  -99.00
[rows 128 to 159 of 236, columns 213 to 283 of 356]
5.05 5.18 5.24 5.37 5.52 5.84 6.93 7.54 7.86 7.94 8.09 8.06 8.16 8.30 8.40 8.44 8.21 8.35 8.41 8.57 8.84 9.08 9.08 9.14 9.26 9.40 9.58 9.73 9.83 9.94 10.10 10.26 10.34 10.51 10.65 10.66 10.62 10.68 10.73 10.83 10.76 10.66 10.68 10.73 10.79 10.90 10.92 10.99 11.04 11.45 12.37 12.43 11.92 11.69 11.79 11.89 11.84 11.95 12.08 12.15 12.19 12.32 12.51 12.74 12.89 13.11 13.12 13.22 13.34 13.42 13.49
4.70 4.86 4.91 5.87 6.58 6.93 7.07 7.24 7.36 7.57 7.66 7.60 7.73 7.81 7.84 7.89 7.96 8.02 8.20 8.41 8.63 8.79 8.89 8.90 9.09 9.17 9.37 9.43 9.64 9.78 9.97 10.06 10.14 10.26 10.60 10.44 10.35 10.39 10.38 10.51 10.49 10.38 10.40 10.44 10.53 10.57 10.62 10.67 10.87 11.99 12.13 12.07 11.49 11.35 11.42 11.51 11.52 11.60 11.76 11.77 11.83 11.92 12.08 12.30 12.53 12.61 12.71 12.83 12.91 13.02 13.05
4.42 4.67 5.77 6.96 6.93 6.93 6.97 7.00 7.08 7.24 7.14 7.09 7.21 7.36 7.42 7.46 7.64 7.83 7.99 8.27 8.33 8.51 8.67 8.67 8.74 8.89 9.03 9.19 9.37 9.52 9.71 9.80 9.93 10.24 10.20 10.16 10.12 10.07 10.09 10.19 10.23 10.11 10.06 10.15 10.19 10.26 10.34 10.44 11.01 11.73 11.77 11.19 11.02 11.01 11.04 11.19 11.17 11.23 11.38 11.44 11.53 11.64 11.73 11.89 12.10 12.12 12.23 12.36 12.46 12.60 12.44
4.06 5.24 6.81 6.95 6.88 6.84 6.81 6.77 6.83 6.75 6.58 6.53 6.71 6.90 7.07 7.21 7.33 7.52 7.78 7.84 8.03 8.23 8.28 8.39 8.39 8.62 8.77 8.88 9.06 9.25 9.43 9.44 9.68 9.84 9.87 9.83 9.78 9.78 9.77 9.90 9.97 9.82 9.81 9.84 9.86 9.90 9.98 10.07 10.88 11.26 11.07 10.47 10.52 10.68 10.72 10.76 10.74 10.79 10.89 11.00 11.16 11.29 11.41 11.54 11.60 11.60 11.72 11.93 12.08 12.13 12.11
3.71 4.95 5.95 6.47 6.82 6.65 6.52 6.41 6.28 6.25 6.01 5.98 6.16 6.45 6.54 6.79 7.03 7.31 7.41 7.55 7.79 7.85 7.92 8.06 8.10 8.25 8.35 8.48 8.87 8.99 9.11 9.20 9.41 9.46 9.53 9.47 9.48 9.48 9.48 9.55 9.61 9.53 9.48 9.50 9.45 9.45 9.54 9.61 10.08 10.37 10.12 9.92 10.12 10.36 10.38 10.40 10.41 10.41 10.43 10.59 10.78 10.91 10.99 11.08 11.11 11.20 11.32 11.46 11.65 11.76 11.99
3.73 4.89 4.51 4.67 5.85 6.30 6.15 5.94 5.87 5.85 5.68 5.64 5.76 5.92 6.26 6.44 6.73 6.87 6.94 7.22 7.20 7.37 7.55 7.55 7.70 7.83 8.01 8.35 8.50 8.72 8.67 8.89 9.00 9.07 9.12 9.14 9.09 9.14 9.10 9.16 9.26 9.35 9.07 9.08 9.10 9.07 9.08 9.16 9.28 9.42 9.43 9.50 9.68 9.87 10.07 10.05 10.08 10.14 10.17 10.28 10.45 10.50 10.61 10.73 10.75 10.83 10.84 11.03 11.22 11.39 11.65
3.47 3.70 3.71 4.01 4.23 5.10 5.46 5.59 5.63 5.61 5.47 5.36 5.46 5.53 5.83 6.13 6.35 6.32 6.46 6.66 6.71 6.87 7.04 7.06 7.28 7.49 7.72 7.96 8.15 8.25 8.33 8.50 8.55 8.60 8.67 8.68 8.66 8.62 8.69 8.60 8.81 8.92 8.67 8.73 8.77 8.70 8.68 8.74 8.65 8.69 8.87 9.04 9.26 9.42 9.66 9.72 9.82 9.89 9.89 9.98 10.02 10.10 10.24 10.36 10.40 10.40 10.49 10.70 10.84 11.05 11.34
3.32 3.37 3.48 3.57 4.20 5.15 5.26 5.44 5.45 5.34 5.27 5.24 5.32 5.32 5.34 5.63 5.85 5.78 5.85 6.14 6.19 6.42 6.54 6.59 6.94 7.06 7.32 7.57 7.68 7.82 7.78 8.02 8.14 8.12 8.14 8.18 8.12 8.08 8.09 8.15 8.34 8.35 8.25 8.37 8.37 8.31 8.22 8.29 8.17 8.22 8.41 8.63 8.75 9.04 9.38 9.43 9.58 9.65 9.65 9.73 9.75 9.82 9.88 9.92 9.97 10.06 10.19 10.37 10.52 10.75 11.12
3.22 3.41 3.83 4.09 4.24 5.05 5.15 5.31 5.28 5.15 5.15 5.14 5.21 5.17 5.20 5.02 5.11 5.07 5.21 5.38 5.63 5.85 6.05 6.24 6.39 6.57 6.86 7.13 7.08 7.32 7.25 7.44 7.53 7.57 7.62 7.61 7.53 7.55 7.56 7.67 7.86 7.85 7.91 7.86 7.86 7.85 7.77 7.86 7.82 7.84 7.96 8.12 8.33 8.64 8.89 9.13 9.28 9.32 9.40 9.48 9.51 9.51 9.50 9.58 9.71 9.77 9.87 10.02 10.18 10.52 10.82
3.48 3.82 4.23 4.77 4.82 4.89 5.01 5.09 5.13 5.03 4.93 4.98 5.13 5.11 5.10 4.52 4.31 4.44 4.84 4.91 5.31 5.43 5.52 5.75 5.75 6.11 6.23 6.49 6.50 6.58 6.90 6.85 6.95 6.93 6.94 6.84 6.90 6.99 6.96 7.05 7.22 7.25 7.43 7.29 7.29 7.24 7.33 7.45 7.48 7.48 7.55 7.76 7.97 8.32 8.66 8.86 8.97 9.02 9.20 9.22 9.24 9.16 9.24 9.30 9.38 9.49 9.63 9.73 9.96 10.18 10.61
3.56 4.13 4.71 4.79 4.82 4.82 4.92 4.94 4.95 4.86 4.86 4.87 4.95 5.00 5.04 4.60 3.74 3.78 4.31 4.31 4.46 4.79 4.88 5.21 5.09 5.41 5.67 5.90 5.88 6.03 6.25 6.15 6.27 6.29 6.29 6.20 6.25 6.27 6.46 6.46 6.55 6.73 6.81 6.69 6.65 6.82 6.64 6.97 7.12 7.04 7.15 7.43 7.79 8.14 8.48 8.56 8.64 8.77 8.85 8.84 8.84 8.91 8.97 9.06 9.12 9.21 9.40 9.53 9.76 10.01 10.38
3.68 4.14 4.77 4.78 4.76 4.75 4.77 4.79 4.80 4.76 4.69 4.77 4.85 4.97 5.04 4.31 3.52 3.75 3.75 3.81 3.93 4.06 4.32 4.43 4.53 4.74 5.07 5.19 5.16 5.38 5.52 5.49 5.48 5.56 5.48 5.39 5.46 5.53 5.98 5.75 5.77 6.07 6.11 5.99 6.07 6.58 5.93 6.14 6.51 6.60 6.72 7.10 7.60 7.91 8.00 8.14 8.33 8.52 8.62 8.58 8.59 8.72 8.74 8.80 8.87 9.01 9.14 9.33 9.57 9.75 10.07
3.98 4.48 4.65 4.57 4.62 4.64 4.53 4.66 4.64 4.59 4.65 4.68 4.77 4.93 4.97 4.80 3.85 3.41 3.52 3.63 3.57 3.63 3.76 3.79 3.87 4.21 4.47 4.56 4.54 4.69 4.75 4.79 4.67 4.81 4.69 4.60 4.78 5.00 5.21 5.07 5.13 5.41 5.39 5.34 5.48 5.96 5.69 5.84 6.21 6.22 6.40 6.71 7.09 7.52 7.59 7.84 8.04 8.28 8.20 8.07 8.42 8.41 8.45 8.50 8.56 8.76 8.93 9.17 9.45 9.63 10.00
3.93 4.16 4.30 4.36 4.50 4.51 4.40 4.42 4.47 4.48 4.50 4.61 4.69 4.76 4.85 4.80 4.18 3.54 3.24 3.36 3.28 3.36 3.42 3.58 3.58 3.73 3.79 3.87 3.88 4.04 4.06 4.00 3.94 4.10 4.05 3.80 4.04 4.33 4.44 4.38 4.70 4.72 4.65 4.76 5.04 5.35 5.10 5.78 5.97 6.00 6.08 6.41 6.77 7.02 7.25 7.48 7.59 7.88 7.82 7.79 7.78 7.95 8.09 8.21 8.36 8.46 8.69 9.03 9.25 9.39 9.48
3.56 3.93 4.14 4.21 4.37 4.36 4.22 4.24 4.32 4.26 4.32 4.43 4.48 4.45 4.72 4.55 4.15 3.52 3.04 3.01 3.01 3.18 3.16 3.27 3.40 3.46 3.52 3.59 3.60 3.68 3.70 3.66 3.66 3.70 3.70 3.58 3.61 3.73 3.85 3.84 4.05 3.86 3.93 4.13 4.70 4.69 4.79 5.22 5.57 5.72 5.77 6.07 6.51 6.88 7.02 6.99 7.03 7.13 7.39 7.38 7.34 7.48 7.75 7.96 8.13 8.14 7.86 8.08 8.65 9.12 9.43
3.74 3.92 3.94 4.04 4.15 4.10 4.03 4.03 4.17 4.16 4.26 4.36 4.32 4.25 3.82 3.85 3.82 3.49 3.11 2.71 2.77 2.88 2.93 2.99 3.12 3.20 3.27 3.36 3.37 3.43 3.45 3.47 3.51 3.54 3.50 3.42 3.49 3.52 3.52 3.60 3.58 3.50 3.51 3.64 4.03 4.35 4.86 4.78 4.82 5.24 5.32 5.56 5.97 6.33 6.43 6.71 6.67 7.00 7.18 7.13 7.12 7.31 7.51 7.80 8.00 8.09 8.04 8.33 8.79 9.15 9.42
3.88 3.89 3.90 3.94 3.94 3.91 3.91 3.91 3.98 3.99 4.14 4.08 4.28 4.22 3.88 3.36 3.30 3.15 2.91 2.55 2.65 2.72 2.79 2.83 2.92 2.98 3.06 3.13 3.12 3.19 3.21 3.26 3.32 3.37 3.31 3.30 3.34 3.27 3.30 3.37 3.38 3.31 3.34 3.42 3.52 3.79 4.31 4.25 4.42 4.71 5.14 5.09 5.55 5.90 6.17 6.61 6.80 6.90 6.97 7.00 7.07 7.24 7.46 7.79 8.29 8.92 9.02 8.94 9.42 9.20 9.45
3.87 3.86 3.88 3.90 3.87 3.86 3.87 3.87 3.92 3.94 3.94 3.94 3.90 4.17 4.13 3.70 3.10 2.85 2.72 2.86 3.03 3.15 3.25 3.26 3.23 3.24 3.22 3.05 2.94 2.95 3.01 3.05 3.14 3.17 3.14 3.12 3.13 3.13 3.13 3.15 3.18 3.20 3.22 3.37 3.75 3.99 4.24 4.28 4.41 4.97 5.21 5.20 5.51 6.16 6.47 6.69 6.76 6.82 6.87 6.94 7.04 7.18 7.35 7.80 8.63 9.25 9.66 9.71 10.07 9.92 9.13
3.83 3.84 3.85 3.88 3.84 3.82 3.84 3.86 3.90 3.90 3.90 3.88 3.84 3.84 3.81 3.71 3.26 2.98 3.02 3.08 3.27 3.47 3.56 3.60 3.56 3.56 3.60 3.56 3.40 3.34 3.28 3.23 2.98 2.96 3.00 2.95 2.95 2.99 3.02 3.06 3.14 3.18 3.35 3.78 5.32 5.65 6.18 4.87 4.46 4.89 5.20 5.41 5.53 5.91 6.58 6.66 6.72 6.80 6.83 6.82 6.91 7.10 7.26 8.40 9.49 9.97 10.18 10.32 10.48 10.52 9.61
3.77 3.80 3.82 3.79 3.80 3.83 3.85 3.88 3.89 3.89 3.89 3.86 3.84 3.79 3.69 3.52 3.39 3.23 3.20 3.26 3.42 3.67 3.77 3.77 3.73 3.81 3.87 3.91 3.76 3.64 3.58 3.49 3.17 3.41 3.45 3.27 3.05 3.21 3.34 3.39 3.39 3.50 3.75 3.67 4.85 6.01 6.53 6.58 5.68 5.11 5.29 5.98 5.52 5.57 6.26 6.65 6.49 6.61 6.74 6.41 6.69 6.85 7.34 8.54 9.70 10.57 10.53 10.68 10.77 10.92 10.69
3.73 3.76 3.80 3.76 3.79 3.83 3.86 3.89 3.88 3.87 3.87 3.87 3.83 3.85 3.80 3.73 3.57 3.41 3.38 3.36 3.56 3.74 3.83 3.83 3.84 3.94 4.13 4.26 4.28 4.15 4.12 3.63 3.40 3.47 3.48 3.49 3.29 3.48 3.49 3.74 3.84 4.39 4.29 4.42 4.62 6.21 6.59 6.89 6.57 6.34 6.46 6.74 5.72 6.35 6.49 6.80 6.48 6.56 6.53 6.63 6.90 7.93 8.61 9.13 10.03 10.75 10.89 10.87 10.99 11.11 11.17
3.67 3.68 3.71 3.73 3.76 3.80 3.84 3.88 3.88 3.86 3.80 3.83 3.83 3.75 3.61 3.72 3.56 3.68 3.70 3.75 3.80 3.80 3.88 3.91 4.02 4.05 4.21 4.32 4.40 4.45 4.53 4.28 3.67 3.55 3.57 3.56 3.33 3.53 3.95 4.03 4.38 4.79 4.99 4.98 4.63 6.00 7.04 7.31 7.75 7.44 7.50 7.24 6.65 6.83 7.72 7.66 7.56 7.27 7.13 7.41 7.47 8.18 8.38 8.76 9.84 10.46 11.15 11.12 11.19 11.31 11.47
3.56 3.59 3.63 3.70 3.74 3.80 3.84 3.87 3.87 3.79 3.76 3.75 3.75 3.69 3.59 3.55 3.72 3.76 3.76 3.81 3.82 3.84 3.91 4.03 4.11 4.20 4.36 4.40 4.40 4.46 4.52 4.60 4.33 4.11 4.09 4.15 3.37 3.92 4.12 4.64 4.67 4.95 5.23 5.65 5.33 6.49 7.23 7.45 7.81 8.49 8.59 9.00 8.25 8.35 9.13 9.55 9.16 8.11 8.27 8.05 8.41 8.92 9.41 9.98 10.81 11.16 11.30 11.35 11.33 11.48 11.62
3.48 3.30 3.44 3.63 3.67 3.67 3.71 3.67 3.74 3.72 3.72 3.71 3.60 3.63 3.73 3.74 3.76 3.74 3.75 3.82 3.83 3.84 3.87 4.06 4.22 4.31 4.44 4.47 4.53 4.51 4.59 4.62 4.65 4.44 4.46 4.55 3.88 3.57 4.50 5.07 5.16 5.21 5.45 5.72 6.12 6.16 7.35 7.71 7.92 8.25 8.59 8.91 9.19 9.42 9.47 9.96 9.99 8.74 9.29 9.24 8.93 9.60 10.11 10.54 11.06 11.36 11.37 11.46 11.44 11.56 11.80
3.48 3.22 3.30 3.56 3.60 3.63 3.69 3.64 3.59 3.69 3.72 3.75 3.55 3.61 3.74 3.69 3.75 3.76 3.80 3.82 3.83 3.84 3.97 4.07 4.24 4.32 4.42 4.54 4.20 4.41 4.61 4.67 4.80 4.85 4.83 4.90 4.86 3.42 3.75 5.03 5.45 5.56 5.68 6.17 6.46 6.67 6.98 7.49 8.02 8.27 8.52 8.77 9.11 9.49 9.75 10.03 10.12 8.99 10.96 10.68 10.11 9.37 10.24 11.17 11.29 11.46 11.45 11.56 11.59 11.69 11.88
3.51 3.50 3.55 3.63 3.67 3.71 3.73 3.62 3.65 3.76 3.81 3.81 3.80 3.74 3.77 3.76 3.77 3.79 3.80 3.80 3.82 3.85 3.95 4.03 4.24 4.37 4.53 4.59 4.54 4.71 4.72 4.73 4.86 4.93 5.00 4.99 4.97 4.66 3.63 3.94 5.02 5.56 6.18 6.39 6.57 6.77 6.98 7.32 8.07 8.43 8.57 8.81 9.21 9.56 9.83 10.05 10.20 10.23 10.60 11.51 11.11 10.38 9.83 11.28 11.44 11.52 11.54 11.62 11.70 11.85 12.04
3.53 3.56 3.59 3.67 3.68 3.73 3.72 3.73 3.62 3.81 3.84 3.83 3.81 3.80 3.78 3.77 3.79 3.79 3.77 3.63 3.80 3.90 3.97 4.08 4.24 4.36 4.52 4.65 4.81 5.02 5.05 4.99 5.07 5.09 5.06 5.03 5.00 4.35 3.29 3.19 3.96 4.84 6.17 6.55 6.74 6.92 7.09 7.23 7.47 7.90 8.66 9.00 9.28 9.66 9.91 10.15 10.31 10.50 10.58 11.75 11.87 11.42 9.96 11.07 11.41 11.52 11.52 11.54 11.34 10.95 12.22
3.34 3.37 3.59 3.67 3.74 3.74 3.75 3.77 3.81 3.78 3.82 3.84 3.83 3.82 3.81 3.80 3.79 3.78 3.75 3.63 3.75 3.83 3.95 4.09 4.25 4.33 4.53 4.68 5.00 5.20 5.29 5.24 5.29 5.31 5.38 5.22 4.55 3.34 3.09 3.14 3.38 4.19 5.06 6.21 6.91 7.07 7.21 7.32 7.52 7.78 8.00 8.71 9.31 9.76 10.11 10.28 10.53 10.78 11.29 11.68 11.85 11.99 11.08 10.21 10.31 10.28 10.29 9.94 9.73 10.69 11.97
3.27 3.36 3.61 3.70 3.73 3.75 3.78 3.79 3.81 3.83 3.81 3.83 3.83 3.83 3.81 3.79 3.79 3.78 3.75 3.75 3.77 3.77 3.93 4.10 4.23 4.44 4.60 4.89 5.18 5.57 5.60 5.61 5.65 5.66 5.69 5.71 5.02 3.85 3.19 3.21 3.75 5.03 5.93 6.41 6.54 7.14 7.32 7.41 7.67 7.86 8.02 8.22 8.90 9.93 10.13 10.27 10.69 10.97 11.28 11.56 11.91 12.05 12.28 11.42 12.32 11.49 11.13 10.40 8.92 9.64 10.61
3.23 3.37 3.54 3.65 3.69 3.72 3.73 3.74 3.76 3.78 3.80 3.81 3.80 3.77 3.72 3.62 3.64 3.73 3.73 3.72 3.68 3.70 3.70 3.86 4.06 4.45 4.84 5.13 5.61 5.86 5.89 5.86 5.94 5.92 5.95 5.95 5.10 4.15 3.39 3.35 3.43 4.37 4.65 5.25 5.95 7.14 7.44 7.61 7.77 8.06 8.08 8.32 8.57 8.91 9.65 9.85 10.70 11.02 11.23 11.49 11.91 12.21 12.36 12.80 12.87 12.96 12.13 11.19 9.36 9.13 10.53
3.02 3.17 3.30 3.48 3.55 3.55 3.47 3.49 3.50 3.51 3.67 3.79 3.65 3.41 3.29 3.24 3.31 3.44 3.53 3.47 3.39 3.41 3.37 3.57 4.32 4.90 5.34 5.88 6.08 6.19 6.23 6.34 6.30 6.25 6.21 6.29 6.18 4.65 3.60 3.67 3.80 4.01 4.34 4.52 5.47 6.60 6.81 7.33 7.23 7.10 8.08 8.53 8.71 8.91 9.25 9.55 9.89 10.66 10.91 11.45 11.91 12.16 12.39 12.73 13.01 13.11 13.14 11.97 10.22 9.50 9.85
2.72 2.82 3.00 3.13 3.20 3.14 3.13 3.14 3.20 3.33 3.40 3.49 3.41 3.09 3.06 3.03 3.01 3.04 3.11 3.03 3.03 3.02 3.13 3.53 3.87 5.09 6.06 6.41 6.60 6.62 6.57 6.61 6.70 6.60 6.51 6.51 6.63 5.05 4.42 4.20 4.39 4.50 4.68 4.84 5.13 5.30 5.52 6.12 5.96 6.10 7.36 7.91 9.25 9.23 9.49 9.74 9.97 10.24 10.41 10.68 11.38 12.17 12.45 12.72 12.97 13.17 13.34 12.67 10.79 9.92 10.15
