maui/input/air_temperature_monthly/tminoct_250m_maui.asc
ncols        356
nrows        236
xllcorner    -156.702000000000
yllcorner    20.529750000000
cellsize     0.002250000000
NODATA_value  -99.00
[rows 64 to 95 of 236, columns 142 to 212 of 356]
21.06 21.03 20.95 20.88 20.88 20.73 20.74 20.64 20.60 20.59 20.67 20.62 20.60 20.47 20.40 20.38 20.31 20.24 20.18 20.13 20.03 19.97 20.59 20.15 19.93 19.91 19.90 19.84 19.80 19.84 19.71 19.86 19.59 19.50 19.68 19.49 19.44 19.47 19.48 19.50 19.43 19.26 19.24 19.15 19.14 19.46 19.51 19.28 19.36 19.24 19.23 19.24 19.68 19.64 19.36 19.48 19.41 19.36 19.39 19.57 19.68 19.56 19.72 19.69 19.64 19.62 19.73 19.98 20.11 -9999.00 -9999.00
21.03 20.98 20.96 20.83 20.75 20.72 20.70 20.62 20.56 20.53 20.60 20.60 20.51 20.46 20.40 20.35 20.32 20.22 20.13 20.00 19.95 19.89 19.84 19.94 19.86 19.85 19.85 19.77 19.68 19.74 19.57 19.87 19.50 19.40 19.62 19.34 19.39 19.40 19.42 19.44 19.24 19.21 19.14 19.19 19.39 19.17 19.12 19.11 19.13 19.16 19.14 19.61 19.61 19.42 19.29 19.35 19.24 19.26 19.30 19.39 19.62 19.46 19.61 19.55 19.60 19.58 19.63 19.74 19.84 -9999.00 20.39
21.02 20.91 20.89 20.81 20.73 20.67 20.62 20.59 20.53 20.50 20.55 20.50 20.54 20.43 20.41 20.34 20.33 20.18 20.09 19.96 19.87 19.80 19.81 20.14 19.78 19.75 19.73 19.65 19.69 19.56 19.59 19.76 19.38 19.28 19.48 19.15 19.28 19.26 19.41 19.26 19.15 19.21 19.06 19.08 19.07 19.11 18.91 18.92 18.95 18.98 19.02 19.63 19.22 19.29 19.22 19.16 19.11 19.12 19.20 19.42 19.33 19.51 19.43 19.36 19.38 19.44 19.66 19.59 19.72 19.79 20.01
20.94 20.85 20.81 20.79 20.70 20.65 20.58 20.54 20.51 20.48 20.41 20.45 20.47 20.41 20.34 20.31 20.18 20.13 20.01 19.93 19.83 19.74 19.68 20.23 19.66 19.67 19.60 19.55 19.52 19.61 19.38 19.39 19.50 19.26 19.34 19.34 19.23 19.13 19.33 19.17 19.07 19.13 19.04 18.98 19.01 18.94 18.82 18.83 18.84 18.89 19.14 19.19 19.13 19.01 18.99 19.09 19.00 19.03 19.23 19.19 19.21 19.38 19.15 19.25 19.28 19.44 19.42 19.49 19.71 19.70 19.77
20.89 20.83 20.78 20.73 20.68 20.62 20.49 20.47 20.46 20.40 20.37 20.41 20.32 20.33 20.26 20.22 20.16 20.03 19.94 19.87 19.70 19.66 19.58 19.81 19.58 19.56 19.46 19.37 19.37 19.35 19.29 19.27 19.23 19.40 19.14 19.08 19.11 18.97 19.24 19.26 19.08 18.97 18.98 18.92 18.94 18.81 18.77 18.73 18.64 18.77 18.89 19.32 18.96 18.88 18.85 18.96 18.94 19.09 19.00 19.09 19.06 19.27 19.09 19.10 19.24 19.34 19.33 19.42 19.46 19.54 19.61
20.83 20.78 20.74 20.65 20.61 20.58 20.47 20.44 20.40 20.34 20.31 20.29 20.21 20.25 20.18 20.15 20.00 19.94 19.85 19.82 19.68 19.59 19.52 19.54 19.55 19.47 19.41 19.30 19.24 19.28 19.17 19.14 19.09 19.28 19.03 19.03 19.12 18.90 19.01 18.90 19.17 18.91 18.90 18.84 18.84 18.74 18.62 18.50 18.54 18.65 19.23 18.85 18.83 18.77 18.83 18.82 18.86 18.93 18.81 18.88 18.96 19.22 19.22 19.01 19.16 19.13 19.34 19.15 19.32 19.38 19.48
20.80 20.72 20.66 20.61 20.55 20.51 20.55 20.41 20.37 20.30 20.27 20.20 20.11 20.11 20.09 20.05 19.97 19.82 19.72 19.66 19.58 19.53 19.40 19.39 19.89 19.33 19.28 19.18 19.15 19.13 19.26 19.14 19.02 19.18 18.93 18.93 19.06 18.82 19.01 18.73 18.79 18.96 18.81 18.73 18.73 18.68 18.56 18.39 18.54 18.84 18.69 18.80 18.87 18.69 18.86 18.64 18.71 18.80 18.70 18.70 18.95 19.06 19.05 18.86 19.11 19.16 19.05 19.01 19.20 19.36 19.57
20.75 20.69 20.64 20.58 20.53 20.48 20.41 20.44 20.36 20.29 20.20 20.17 20.09 19.99 19.93 19.89 19.81 19.83 19.62 19.47 19.51 19.31 19.29 19.30 19.31 19.20 19.11 19.01 18.98 19.00 19.12 19.02 18.96 19.20 18.84 18.83 18.99 18.76 18.91 18.63 18.64 18.69 18.65 18.63 18.67 18.60 18.53 18.55 18.65 18.92 18.72 18.62 18.65 18.55 18.67 18.53 18.54 18.63 18.55 18.69 18.70 18.81 18.92 18.69 18.82 18.84 19.04 18.91 19.02 19.30 19.38
20.71 20.67 20.62 20.58 20.52 20.46 20.38 20.35 20.35 20.27 20.09 20.03 20.03 20.02 19.88 19.76 19.69 19.70 19.54 19.42 19.40 19.33 19.19 19.15 19.08 19.61 18.97 18.83 18.71 18.80 18.97 18.88 18.89 18.89 19.03 18.78 18.78 18.74 18.84 18.60 18.51 18.65 18.62 18.57 18.50 18.49 18.42 18.37 18.44 18.80 18.80 18.46 18.45 18.50 18.57 18.40 18.53 18.55 18.40 18.40 18.62 18.68 18.75 18.66 18.70 18.60 18.66 18.81 18.90 19.01 19.28
20.69 20.63 20.55 20.48 20.45 20.43 20.36 20.31 20.31 20.23 20.14 20.00 19.95 19.85 19.80 19.80 19.62 19.52 19.63 19.36 19.29 19.19 19.08 19.03 19.00 19.17 19.00 18.80 18.47 18.54 18.94 18.81 18.77 18.73 18.74 18.74 18.65 18.73 18.52 18.48 18.45 18.64 18.61 18.44 18.48 18.39 18.24 18.25 18.34 18.62 18.64 18.37 18.37 18.30 18.44 18.24 18.31 18.39 18.35 18.27 18.43 18.51 18.57 18.47 18.53 18.54 18.56 18.70 18.70 18.71 19.02
20.65 20.50 20.45 20.41 20.38 20.37 20.34 20.27 20.27 20.20 20.00 19.95 19.95 19.78 19.74 19.69 19.56 19.46 19.40 19.47 19.31 19.11 19.06 18.96 18.90 19.07 19.66 19.08 18.45 18.42 18.84 18.69 18.70 18.60 18.70 18.57 18.55 18.50 18.49 18.50 18.34 18.57 18.44 18.31 18.30 18.21 18.11 18.10 18.51 18.15 18.43 18.25 18.29 18.06 18.10 18.20 18.10 18.20 18.34 18.09 18.14 18.20 18.46 18.32 18.25 18.27 18.35 18.46 18.36 18.76 18.65
20.55 20.50 20.42 20.36 20.33 20.32 20.28 20.25 20.19 20.13 20.00 19.87 19.79 19.74 19.74 19.55 19.45 19.30 19.16 19.26 19.23 19.09 18.98 18.92 18.87 18.84 19.52 18.79 18.69 18.63 18.67 18.60 18.62 18.50 18.48 18.67 18.41 18.36 18.40 18.35 18.21 18.50 18.35 18.19 18.17 18.13 18.00 18.01 18.39 18.06 18.41 18.07 18.04 17.95 17.96 18.24 18.02 18.21 17.99 17.98 17.95 18.05 18.15 18.03 17.98 18.15 18.14 18.18 18.26 18.41 18.64
20.47 20.47 20.39 20.33 20.30 20.28 20.27 20.23 20.15 20.06 19.95 20.00 19.78 19.70 19.63 19.43 19.34 19.23 19.11 19.11 19.07 18.97 18.97 18.86 18.82 18.78 19.21 18.70 18.65 18.60 18.59 18.54 18.47 18.42 18.38 18.64 18.36 18.29 18.27 18.19 18.17 18.11 18.23 18.18 18.07 17.97 17.89 18.06 18.36 17.93 18.13 17.92 17.81 17.80 17.82 18.01 17.95 17.96 17.83 17.74 18.00 17.74 18.03 17.72 17.92 17.89 17.96 17.96 18.23 18.40 18.50
20.43 20.43 20.44 20.29 20.25 20.20 20.24 20.19 20.08 20.00 19.95 19.86 19.88 19.69 19.54 19.40 19.29 19.24 19.13 19.02 19.02 18.92 18.84 18.78 18.71 18.72 19.12 18.56 18.58 18.52 18.50 18.47 18.38 18.34 18.29 18.32 18.39 18.20 18.19 18.09 18.05 18.03 18.22 18.14 17.96 17.84 17.80 17.99 17.98 17.81 18.01 18.02 17.71 17.56 17.67 17.74 17.61 17.66 17.65 17.59 17.87 17.68 17.77 17.60 17.58 17.68 17.78 17.82 17.89 18.09 18.17
20.41 20.38 20.35 20.36 20.20 20.14 20.15 20.05 20.04 19.97 19.87 19.77 19.70 19.68 19.51 19.42 19.31 19.19 19.10 18.97 18.98 18.84 18.75 18.70 18.60 18.62 19.32 18.50 18.44 18.39 18.36 18.39 18.39 18.26 18.21 18.25 18.25 18.20 18.11 18.00 17.93 17.94 17.99 18.04 17.80 17.70 17.80 17.75 17.99 17.66 17.89 17.86 17.76 17.47 17.37 17.64 17.51 17.60 17.35 17.38 17.55 17.59 17.45 17.45 17.46 17.45 17.58 17.74 17.80 18.08 18.04
20.40 20.34 20.31 20.26 20.19 20.09 20.03 19.95 19.88 19.87 19.81 19.69 19.63 19.62 19.55 19.45 19.34 19.19 19.09 18.96 18.88 18.82 18.69 18.62 18.50 18.66 18.61 18.42 18.33 18.27 18.25 18.28 18.30 18.17 18.12 18.24 18.17 18.09 18.05 17.90 17.80 17.81 18.00 17.75 17.75 17.58 17.59 17.54 17.84 17.55 17.68 17.52 17.57 17.26 17.16 17.43 17.19 17.34 17.25 17.24 17.25 17.29 17.36 17.38 17.20 17.25 17.35 17.58 17.82 17.90 17.85
20.36 20.31 20.27 20.21 20.16 20.17 19.94 19.88 19.83 19.78 19.69 19.60 19.54 19.53 19.39 19.31 19.26 19.18 19.09 18.96 18.82 18.77 18.62 18.54 18.47 19.00 18.50 18.44 18.30 18.17 18.14 18.16 18.18 18.23 18.04 18.08 18.14 17.90 17.94 17.91 17.71 17.59 17.65 17.58 17.65 17.42 17.44 17.41 17.67 17.59 17.35 17.19 17.26 17.11 17.08 17.11 17.06 17.05 17.06 17.09 17.21 17.11 17.07 17.22 17.09 17.13 17.14 17.39 17.52 17.60 17.71
20.33 20.29 20.26 20.17 20.07 20.10 19.90 19.81 19.72 19.67 19.63 19.58 19.49 19.43 19.28 19.21 19.20 19.10 18.98 19.00 18.85 18.68 18.63 18.56 18.44 18.36 18.77 18.33 18.25 18.15 18.07 18.09 18.00 17.97 18.02 18.07 17.89 17.78 17.81 17.71 17.63 17.50 17.60 17.49 17.47 17.30 17.29 17.26 17.68 17.23 17.33 17.05 17.45 16.96 16.90 16.94 16.88 16.99 16.94 16.86 16.99 16.85 16.97 16.93 16.92 16.92 16.91 17.20 17.35 17.47 17.55
20.33 20.25 20.23 20.15 20.03 19.95 19.83 19.70 19.69 19.66 19.58 19.52 19.41 19.30 19.27 19.14 19.08 19.04 18.91 18.82 18.80 18.73 18.60 18.53 18.50 18.40 18.40 18.31 18.15 18.02 17.95 17.90 17.83 17.79 17.90 17.93 17.83 17.76 17.67 17.55 17.46 17.38 17.32 17.34 17.28 17.22 17.14 17.10 17.43 17.29 17.14 16.93 17.08 17.22 16.74 16.86 16.66 16.88 16.73 16.65 16.86 16.75 16.79 16.78 16.72 16.75 16.84 17.01 17.26 17.28 17.33
20.28 20.22 20.16 20.12 20.03 19.92 19.84 19.76 19.61 19.57 19.50 19.41 19.33 19.26 19.19 19.15 19.03 18.96 18.85 18.78 18.85 18.77 18.56 18.42 18.40 18.29 18.24 18.26 18.39 17.99 17.89 17.82 17.74 17.80 17.81 17.90 17.70 17.62 17.52 17.47 17.38 17.33 17.25 17.41 17.20 17.04 17.03 17.00 17.24 17.21 16.85 16.82 16.80 16.85 16.69 16.63 16.50 16.69 16.50 16.57 16.44 16.54 16.61 16.58 16.51 16.55 16.66 16.75 17.13 16.97 17.22
20.21 20.18 20.08 20.02 19.97 19.89 19.82 19.75 19.72 19.53 19.44 19.35 19.29 19.19 19.09 19.07 18.99 18.85 18.82 18.75 18.68 18.62 18.57 18.37 18.30 18.26 18.18 18.13 17.99 18.10 17.92 17.81 17.77 17.72 17.74 17.73 17.60 17.43 17.40 17.30 17.26 17.20 17.11 17.29 17.06 16.97 17.02 16.92 17.03 17.00 16.82 16.60 16.80 16.61 16.77 16.40 16.36 16.35 16.32 16.44 16.31 16.29 16.31 16.32 16.30 16.30 16.49 16.54 16.74 16.83 17.04
20.16 20.12 20.13 19.98 19.90 19.84 19.81 19.70 19.60 19.50 19.37 19.41 19.21 19.13 19.04 18.96 18.92 18.83 18.75 18.71 18.61 18.61 18.48 18.47 18.37 18.25 18.17 18.07 17.95 17.89 18.14 18.08 17.80 17.73 17.70 17.56 17.65 17.35 17.23 17.22 17.15 17.14 16.91 17.10 16.95 16.88 16.88 16.77 16.91 16.69 16.92 16.51 16.45 16.58 16.69 16.27 16.27 16.19 16.07 16.26 16.22 16.11 16.18 16.16 16.16 16.19 16.27 16.39 16.54 16.79 16.78
20.12 20.05 20.01 19.94 19.88 19.78 19.75 19.61 19.50 19.47 19.37 19.27 19.17 19.11 19.01 18.93 18.84 18.75 18.69 18.62 18.53 18.46 18.41 18.37 18.33 18.28 18.17 18.03 17.93 17.83 17.74 17.72 17.94 17.75 17.48 17.41 17.48 17.32 17.15 17.05 17.13 17.02 16.79 17.03 16.78 16.79 16.75 16.71 16.62 16.63 16.59 16.44 16.31 16.54 16.60 16.12 16.30 16.08 15.76 15.96 15.98 15.98 16.04 16.04 16.06 16.06 16.15 16.33 16.46 16.51 16.74
20.12 20.04 19.98 19.92 19.82 19.73 19.70 19.53 19.46 19.39 19.38 19.22 19.10 19.04 19.15 18.94 18.84 18.71 18.58 18.54 18.46 18.38 18.34 18.36 18.26 18.19 18.12 18.05 17.91 17.78 17.71 17.72 17.73 17.82 17.73 17.46 17.40 17.15 16.99 16.74 17.03 16.90 16.88 16.68 16.65 16.59 16.59 16.55 16.50 16.35 16.35 16.63 16.18 16.09 16.41 16.01 16.00 15.99 15.80 15.86 15.87 15.85 15.93 15.88 15.88 15.96 16.08 16.24 16.25 16.35 16.45
20.07 20.05 19.96 19.86 19.81 19.71 19.59 19.53 19.49 19.40 19.28 19.13 19.08 19.01 18.95 19.03 18.78 18.70 18.56 18.44 18.40 18.31 18.26 18.32 18.31 18.14 18.05 17.98 17.90 17.79 17.67 17.79 17.66 17.63 17.49 17.63 17.31 17.12 17.10 16.99 16.85 16.79 16.71 16.59 16.60 16.47 16.43 16.36 16.28 16.22 16.28 16.52 16.04 16.00 15.88 16.22 15.80 15.77 15.67 15.56 15.70 15.72 15.73 15.72 15.74 15.84 15.87 15.98 16.07 16.23 16.33
20.12 20.02 19.95 19.85 19.80 19.72 19.52 19.47 19.43 19.35 19.22 19.12 19.05 19.00 18.94 18.89 18.80 18.87 18.58 18.42 18.34 18.28 18.15 18.09 18.14 18.08 18.01 17.92 17.84 17.79 17.64 17.61 17.63 17.52 17.43 17.36 17.36 17.20 17.02 16.99 16.79 16.66 16.65 16.52 16.41 16.57 16.27 16.25 16.12 16.05 16.17 15.98 15.86 15.75 15.82 16.19 15.89 15.49 15.48 15.52 15.58 15.60 15.59 15.57 15.58 15.64 15.74 15.78 16.11 15.98 16.13
20.07 20.01 19.98 19.92 19.83 19.73 19.58 19.45 19.38 19.35 19.20 19.13 19.07 19.00 18.91 18.78 18.70 18.65 18.71 18.42 18.32 18.24 18.13 18.06 18.02 18.13 17.95 17.83 17.75 17.69 17.58 17.59 17.47 17.42 17.35 17.30 17.32 17.09 16.87 16.72 16.72 16.58 16.53 16.43 16.33 16.21 16.18 16.06 15.99 15.89 15.92 15.79 16.06 15.61 15.76 15.88 15.46 15.43 15.32 15.31 15.36 15.44 15.37 15.34 15.41 15.48 15.54 15.73 15.76 15.83 15.94
20.00 19.96 19.92 19.85 19.79 19.70 19.58 19.45 19.38 19.31 19.23 19.14 19.07 18.96 18.86 18.72 18.58 18.54 18.47 18.43 18.32 18.12 18.06 18.05 17.95 17.92 17.93 17.84 17.74 17.67 17.60 17.50 17.44 17.27 17.17 17.22 17.08 17.34 16.88 16.53 16.57 16.48 16.39 16.33 16.14 16.04 16.06 16.13 15.80 15.69 15.61 15.56 15.54 15.66 15.55 15.52 15.28 15.32 15.21 15.12 15.20 15.25 15.19 15.21 15.25 15.26 15.43 15.73 15.57 15.62 15.59
20.00 19.90 19.85 19.82 19.75 19.70 19.58 19.49 19.39 19.31 19.18 19.11 18.98 18.94 18.85 18.69 18.53 18.45 18.41 18.53 18.25 18.11 18.01 17.96 17.95 17.84 17.85 17.76 17.71 17.66 17.54 17.44 17.37 17.38 17.12 17.11 17.04 17.09 16.93 16.00 16.12 16.43 16.31 16.21 16.09 16.00 15.94 15.90 15.90 15.55 15.41 15.43 15.52 15.64 15.44 15.54 15.51 15.15 15.03 14.96 15.02 15.08 15.04 15.07 15.13 15.14 15.34 15.33 15.41 15.37 15.44
19.92 19.88 19.81 19.74 19.65 19.60 19.52 19.44 19.35 19.25 19.17 19.05 18.98 18.91 18.84 18.70 18.51 18.37 18.31 18.32 18.24 18.06 17.95 17.93 17.88 17.82 17.74 17.69 17.64 17.57 17.46 17.37 17.18 17.12 17.21 17.02 17.00 16.85 17.17 16.54 16.91 16.64 16.32 16.20 16.10 15.96 15.88 15.69 15.59 15.70 15.35 15.31 15.34 15.45 15.28 15.40 15.09 15.19 15.03 14.77 14.83 14.87 14.86 14.86 14.95 14.97 15.05 15.09 15.21 15.19 15.27
19.89 19.80 19.75 19.71 19.61 19.54 19.50 19.39 19.29 19.17 19.10 18.98 18.90 18.83 18.71 18.67 18.50 18.38 18.27 18.17 18.10 18.04 17.99 17.93 17.87 17.81 17.70 17.62 17.56 17.49 17.38 17.24 17.11 17.05 17.00 17.08 16.92 16.72 16.62 16.89 16.75 16.50 16.59 16.36 16.12 15.99 15.71 15.57 15.45 15.38 15.46 15.21 15.25 15.19 15.03 15.21 14.88 14.84 14.96 14.59 14.66 14.61 14.62 14.67 14.72 14.76 15.12 14.93 14.92 15.01 15.09
19.88 19.80 19.72 19.63 19.60 19.52 19.45 19.40 19.33 19.15 19.06 18.95 18.80 18.74 18.61 18.54 18.51 18.42 18.22 18.11 18.08 18.01 17.95 17.89 17.82 17.70 17.70 17.60 17.54 17.46 17.33 17.25 17.09 16.99 16.90 16.98 16.86 16.82 16.59 16.59 16.59 16.40 16.27 16.25 16.07 16.16 16.03 15.60 15.45 15.26 15.20 15.14 14.97 15.07 14.84 14.95 14.99 14.61 14.73 14.50 14.52 14.48 14.50 14.49 14.56 14.68 14.91 14.70 14.70 14.72 14.84
