maui/input/air_temperature_monthly/tminmay_250m_maui.asc
ncols        356
nrows        236
xllcorner    -156.702000000000
yllcorner    20.529750000000
cellsize     0.002250000000
NODATA_value  -99.00
[rows 192 to 223 of 236, columns 142 to 212 of 356]
15.54 15.34 15.26 15.14 15.00 14.92 14.90 14.83 14.75 14.60 14.53 14.47 14.49 14.37 14.33 14.34 14.35 14.34 14.40 14.45 14.51 14.52 14.53 14.52 14.67 14.70 14.71 14.81 14.87 14.94 15.05 14.96 14.89 14.85 14.85 14.85 14.84 14.90 14.90 14.88 15.04 15.21 15.30 15.35 15.43 15.52 15.60 15.75 15.83 15.96 16.04 16.14 16.30 16.47 16.68 16.81 16.94 16.92 16.99 17.08 17.26 17.26 17.37 17.47 17.52 17.68 17.77 17.97 18.16 18.40 18.54
15.71 15.66 15.60 15.51 15.39 15.32 15.25 15.21 15.13 14.95 14.86 14.85 14.76 14.69 14.64 14.71 14.69 14.66 14.71 14.78 14.81 14.80 14.87 14.90 15.03 15.01 15.15 15.20 15.40 15.46 15.28 15.17 15.07 15.04 15.06 15.13 15.18 15.15 15.22 15.25 15.32 15.49 15.59 15.63 15.74 15.76 15.84 16.04 16.14 16.29 16.31 16.48 16.56 16.75 16.93 17.09 17.32 17.27 17.36 17.41 17.53 17.64 17.69 17.80 17.84 17.99 18.14 18.38 18.51 18.67 19.43
15.96 15.92 15.94 15.92 15.77 15.64 15.59 15.51 15.41 15.29 15.20 15.15 15.07 14.94 14.89 14.92 14.95 15.00 15.05 15.11 15.18 15.16 15.24 15.21 15.35 15.38 15.40 15.52 15.57 15.54 15.48 15.37 15.18 15.12 15.13 15.23 15.38 15.42 15.49 15.55 15.65 15.81 15.91 15.94 16.01 16.08 16.12 16.28 16.52 16.52 16.63 16.77 16.86 16.99 17.15 17.35 17.49 17.83 17.71 17.75 17.81 17.97 18.06 18.05 18.18 18.27 18.55 18.67 18.85 19.03 19.19
16.17 16.21 16.23 16.18 16.05 15.95 15.88 15.80 15.75 15.57 15.51 15.40 15.36 15.28 15.13 15.19 15.21 15.35 15.36 15.39 15.53 15.49 15.55 15.57 15.58 15.60 15.70 15.70 15.67 15.65 15.61 15.10 14.98 15.14 14.85 15.44 15.54 15.62 15.74 15.85 15.92 16.08 16.23 16.28 16.31 16.38 16.42 16.53 16.74 16.93 16.92 16.98 17.08 17.24 17.40 17.57 17.75 17.93 18.00 18.03 18.13 18.38 18.38 18.35 18.51 18.60 18.72 19.03 19.13 19.26 19.40
16.50 16.46 16.48 16.42 16.36 16.36 16.22 16.12 16.03 15.91 15.79 15.70 15.65 15.60 15.50 15.47 15.55 15.56 15.69 15.73 15.86 15.91 15.87 15.90 15.91 15.90 15.93 15.94 15.86 15.86 15.85 15.18 15.48 15.24 15.64 15.83 15.96 15.94 16.01 16.11 16.17 16.36 16.45 16.55 16.63 16.68 16.68 16.82 17.00 17.15 17.26 17.27 17.37 17.51 17.66 17.86 18.00 18.24 18.37 18.42 18.50 18.54 18.73 18.73 18.78 18.95 19.07 19.26 19.37 19.45 19.65
16.65 16.67 16.65 16.60 16.56 16.58 16.53 16.44 16.31 16.13 16.03 15.95 15.92 15.84 15.78 15.76 15.83 15.97 16.00 16.09 16.13 16.21 16.15 16.15 16.14 16.25 16.26 16.23 16.20 16.24 16.39 16.20 15.97 15.93 16.09 16.12 16.17 16.29 16.33 16.47 16.54 16.65 16.71 16.87 16.90 17.02 17.04 17.03 17.29 17.42 17.57 17.63 17.68 17.80 18.00 18.22 18.40 18.54 18.81 18.73 18.74 18.80 18.98 19.05 19.05 19.24 19.31 19.46 19.60 19.74 -9999.00
16.93 16.92 16.83 16.84 16.77 16.77 16.72 16.62 16.55 16.44 16.35 16.21 16.22 16.13 16.08 16.14 16.32 16.36 16.35 16.31 16.39 16.43 16.45 16.47 16.51 16.52 16.53 16.56 16.50 16.55 16.58 16.46 16.35 15.74 16.30 16.38 16.46 16.56 16.64 16.75 16.81 16.90 16.96 17.07 17.23 17.27 17.39 17.40 17.58 17.68 17.90 17.90 18.03 18.13 18.28 18.48 18.67 18.77 18.90 19.01 19.04 19.10 19.25 19.30 19.32 19.46 19.60 19.67 19.84 -9999.00 -9999.00
17.19 17.12 17.05 17.01 16.81 16.35 16.70 16.88 16.83 16.75 16.60 16.54 16.49 16.48 16.47 16.61 16.67 16.64 16.69 16.68 16.69 16.69 16.69 16.68 16.72 16.72 16.77 16.76 16.69 16.76 16.75 16.65 16.39 16.29 16.22 16.79 16.82 16.84 16.91 17.05 17.10 17.20 17.18 17.30 17.45 17.63 17.66 17.70 17.89 18.03 18.21 18.28 18.34 18.41 18.55 18.75 18.89 18.96 19.07 19.21 19.35 19.47 19.54 19.61 19.68 19.74 19.92 -9999.00 -9999.00 -9999.00 -9999.00
17.35 17.26 17.21 17.12 16.71 16.76 16.96 17.07 17.05 16.99 16.85 16.86 16.83 16.82 16.86 16.88 16.94 16.96 16.99 16.99 17.00 16.96 16.89 16.98 16.96 16.90 16.97 16.92 16.92 16.98 16.92 16.96 16.89 16.68 16.71 17.14 17.16 17.17 17.25 17.32 17.43 17.49 17.50 17.66 17.70 17.82 18.00 18.15 18.28 18.34 18.52 18.56 18.65 18.69 18.80 18.93 19.10 19.27 19.33 19.38 19.49 19.72 19.81 -9999.00 -9999.00 -9999.00 -9999.00 -9999.00 -9999.00 -9999.00 -9999.00
17.52 17.47 17.42 17.43 17.37 17.14 17.10 17.19 17.30 17.19 17.07 17.12 17.11 17.11 17.13 17.13 17.14 17.19 17.22 17.21 17.23 17.23 17.14 17.08 17.11 17.13 17.19 17.16 17.14 17.18 17.20 17.21 17.07 16.98 17.05 17.32 17.41 17.44 17.50 17.54 17.65 17.77 17.81 17.89 17.97 18.14 18.28 18.43 18.56 18.64 18.75 18.81 18.90 18.99 19.06 19.22 19.25 19.47 19.60 19.64 19.76 -9999.00 -9999.00 -9999.00 -9999.00 -9999.00 -9999.00 -9999.00 -9999.00 -9999.00 -9999.00
17.79 17.62 17.55 17.56 17.57 17.45 17.28 17.38 17.45 17.39 17.31 17.34 17.37 17.37 17.45 17.45 17.41 17.37 17.42 17.46 17.49 17.46 17.45 17.39 17.50 17.42 17.41 17.37 17.38 17.41 17.41 17.44 17.35 17.34 17.41 17.62 17.72 17.74 17.78 17.82 17.90 17.97 18.08 18.18 18.32 18.39 18.59 18.69 18.81 18.92 19.01 19.01 19.08 19.20 19.31 19.41 19.53 19.68 19.82 19.93 -9999.00 -9999.00 -9999.00 -9999.00 -9999.00 -9999.00 -9999.00 -9999.00 -9999.00 -9999.00 -9999.00
17.98 17.87 17.83 17.82 17.75 17.62 17.46 17.46 17.43 17.59 17.55 17.61 17.63 17.61 17.65 17.70 17.68 17.63 17.71 17.73 17.71 17.73 17.75 17.77 17.63 17.64 17.61 17.56 17.55 17.64 17.69 17.68 17.59 17.63 17.73 17.90 17.97 17.98 18.04 18.12 18.18 18.27 18.41 18.48 18.61 18.64 18.84 19.00 19.04 19.17 19.29 19.29 19.35 19.46 19.49 19.64 19.80 -9999.00 -9999.00 -9999.00 -9999.00 -9999.00 -9999.00 -9999.00 -9999.00 -9999.00 -9999.00 -9999.00 -9999.00 -9999.00 -9999.00
18.28 18.12 18.10 18.05 17.93 17.85 17.75 17.76 18.06 18.00 17.87 17.81 17.91 17.89 17.95 17.96 17.92 17.92 18.00 18.01 18.02 18.00 17.99 17.95 17.99 17.98 17.88 17.81 17.79 17.86 17.93 17.95 17.90 17.93 18.02 18.15 18.19 18.22 18.28 18.34 18.47 18.56 18.72 18.80 18.88 18.84 19.06 19.20 19.36 19.46 19.53 19.55 19.62 19.67 19.76 19.94 -9999.00 -9999.00 -9999.00 -9999.00 -9999.00 -9999.00 -9999.00 -9999.00 -9999.00 -9999.00 -9999.00 -9999.00 -9999.00 -9999.00 -9999.00
18.48 18.39 18.31 18.22 18.18 18.10 18.05 18.02 18.16 18.30 18.22 18.08 18.18 18.22 18.18 18.18 18.18 18.27 18.25 18.27 18.28 18.26 18.24 18.42 18.32 18.25 18.12 18.05 18.07 18.14 18.15 18.16 18.20 18.18 18.24 18.39 18.47 18.46 18.53 18.62 18.72 18.80 18.91 19.09 19.21 19.29 19.36 19.47 19.55 19.64 19.74 19.89 19.94 19.91 -9999.00 -9999.00 -9999.00 -9999.00 -9999.00 -9999.00 -9999.00 -9999.00 -9999.00 -9999.00 -9999.00 -9999.00 -9999.00 -9999.00 -9999.00 -9999.00 -9999.00
18.68 18.58 18.49 18.49 18.45 18.36 18.31 18.32 18.39 18.50 18.50 18.44 18.55 18.51 18.45 18.45 18.39 18.50 18.51 18.50 18.54 18.57 18.57 18.62 18.54 18.47 18.38 18.34 18.34 18.37 18.40 18.43 18.50 18.47 18.53 18.65 18.70 18.74 18.75 18.85 18.92 19.07 19.24 19.34 19.52 19.62 19.61 19.71 19.84 19.85 -9999.00 -9999.00 -9999.00 -9999.00 -9999.00 -9999.00 -9999.00 -9999.00 -9999.00 -9999.00 -9999.00 -9999.00 -9999.00 -9999.00 -9999.00 -9999.00 -9999.00 -9999.00 -9999.00 -9999.00 -9999.00
18.77 18.74 18.74 18.73 18.70 18.61 18.60 18.60 18.65 18.63 18.79 18.78 18.82 18.62 18.69 18.72 18.71 18.76 18.77 18.79 18.83 18.83 18.86 18.77 18.73 18.69 18.65 18.66 18.65 18.65 18.69 18.68 18.73 18.76 18.83 18.89 18.94 19.02 19.03 19.09 19.14 19.27 19.52 19.65 19.81 19.92 19.90 19.96 -9999.00 -9999.00 -9999.00 -9999.00 -9999.00 -9999.00 -9999.00 -9999.00 -9999.00 -9999.00 -9999.00 -9999.00 -9999.00 -9999.00 -9999.00 -9999.00 -9999.00 -9999.00 -9999.00 -9999.00 -9999.00 -9999.00 -9999.00
19.00 18.96 18.98 18.99 18.92 18.85 18.88 18.90 18.90 18.87 18.95 19.05 19.09 18.93 18.98 18.92 18.97 19.05 19.04 19.00 19.03 19.01 19.07 19.06 18.97 18.91 18.92 18.94 18.94 18.97 18.98 19.04 19.02 19.07 19.10 19.16 19.20 19.24 19.29 19.33 19.41 19.50 19.64 19.87 -9999.00 -9999.00 -9999.00 -9999.00 -9999.00 -9999.00 -9999.00 -9999.00 -9999.00 -9999.00 -9999.00 -9999.00 -9999.00 -9999.00 -9999.00 -9999.00 -9999.00 -9999.00 -9999.00 -9999.00 -9999.00 -9999.00 -9999.00 -9999.00 -9999.00 -9999.00 -9999.00
19.25 19.34 19.28 19.22 19.17 19.11 19.16 19.18 19.15 19.13 19.12 19.23 19.22 19.14 19.18 19.21 19.23 19.24 19.26 19.29 19.30 19.37 19.29 19.27 19.33 19.26 19.25 19.32 19.25 19.26 19.27 19.39 19.36 19.37 19.33 19.40 19.46 19.48 19.53 19.60 19.62 19.70 19.87 -9999.00 -9999.00 -9999.00 -9999.00 -9999.00 -9999.00 -9999.00 -9999.00 -9999.00 -9999.00 -9999.00 -9999.00 -9999.00 -9999.00 -9999.00 -9999.00 -9999.00 -9999.00 -9999.00 -9999.00 -9999.00 -9999.00 -9999.00 -9999.00 -9999.00 -9999.00 -9999.00 -9999.00
19.52 19.53 19.53 19.45 19.39 19.35 19.37 19.42 19.48 19.45 19.42 19.47 19.38 19.44 19.37 19.51 19.46 19.45 19.47 19.55 19.59 19.64 19.63 19.52 19.59 19.61 19.59 19.65 19.54 19.53 19.58 19.65 19.68 19.61 19.60 19.64 19.67 19.73 19.78 19.84 19.82 19.92 -9999.00 -9999.00 -9999.00 -9999.00 -9999.00 -9999.00 -9999.00 -9999.00 -9999.00 -9999.00 -9999.00 -9999.00 -9999.00 -9999.00 -9999.00 -9999.00 -9999.00 -9999.00 -9999.00 -9999.00 -9999.00 -9999.00 -9999.00 -9999.00 -9999.00 -9999.00 -9999.00 -9999.00 -9999.00
19.70 19.69 19.65 19.62 19.58 19.53 19.54 19.59 19.60 19.62 19.60 19.59 19.66 19.68 19.74 19.75 19.74 19.79 19.71 19.71 19.79 19.85 19.88 19.83 19.83 19.85 19.89 19.94 19.89 19.81 19.85 19.87 19.87 19.82 19.80 19.83 19.86 19.88 19.94 19.94 19.97 -9999.00 -9999.00 -9999.00 -9999.00 -9999.00 -9999.00 -9999.00 -9999.00 -9999.00 -9999.00 -9999.00 -9999.00 -9999.00 -9999.00 -9999.00 -9999.00 -9999.00 -9999.00 -9999.00 -9999.00 -9999.00 -9999.00 -9999.00 -9999.00 -9999.00 -9999.00 -9999.00 -9999.00 -9999.00 -9999.00
19.80 19.75 19.70 19.71 19.65 19.66 19.63 19.70 19.68 19.69 19.66 19.64 19.71 19.83 19.84 19.95 19.95 19.95 19.88 19.81 19.88 19.96 -9999.00 -9999.00 -9999.00 -9999.00 -9999.00 -9999.00 -9999.00 -9999.00 -9999.00 -9999.00 19.96 19.96 19.96 19.97 19.97 -9999.00 -9999.00 -9999.00 -9999.00 -9999.00 -9999.00 -9999.00 -9999.00 -9999.00 -9999.00 -9999.00 -9999.00 -9999.00 -9999.00 -9999.00 -9999.00 -9999.00 -9999.00 -9999.00 -9999.00 -9999.00 -9999.00 -9999.00 -9999.00 -9999.00 -9999.00 -9999.00 -9999.00 -9999.00 -9999.00 -9999.00 -9999.00 -9999.00 -9999.00
19.84 19.78 19.76 19.75 19.70 19.70 19.74 19.76 19.76 19.79 19.73 19.74 19.95 19.94 -9999.00 -9999.00 -9999.00 -9999.00 19.96 19.95 -9999.00 -9999.00 -9999.00 -9999.00 -9999.00 -9999.00 -9999.00 -9999.00 -9999.00 -9999.00 -9999.00 -9999.00 -9999.00 -9999.00 -9999.00 -9999.00 -9999.00 -9999.00 -9999.00 -9999.00 -9999.00 -9999.00 -9999.00 -9999.00 -9999.00 -9999.00 -9999.00 -9999.00 -9999.00 -9999.00 -9999.00 -9999.00 -9999.00 -9999.00 -9999.00 -9999.00 -9999.00 -9999.00 -9999.00 -9999.00 -9999.00 -9999.00 -9999.00 -9999.00 -9999.00 -9999.00 -9999.00 -9999.00 -9999.00 -9999.00 -9999.00
-9999.00 19.90 19.82 19.79 19.80 19.80 19.82 19.81 19.87 19.94 19.88 -9999.00 -9999.00 -9999.00 -9999.00 -9999.00 -9999.00 -9999.00 -9999.00 -9999.00 -9999.00 -9999.00 -9999.00 -9999.00 -9999.00 -9999.00 -9999.00 -9999.00 -9999.00 -9999.00 -9999.00 -9999.00 -9999.00 -9999.00 -9999.00 -9999.00 -9999.00 -9999.00 -9999.00 -9999.00 -9999.00 -9999.00 -9999.00 -9999.00 -9999.00 -9999.00 -9999.00 -9999.00 -9999.00 -9999.00 -9999.00 -9999.00 -9999.00 -9999.00 -9999.00 -9999.00 -9999.00 -9999.00 -9999.00 -9999.00 -9999.00 -9999.00 -9999.00 -9999.00 -9999.00 -9999.00 -9999.00 -9999.00 -9999.00 -9999.00 -9999.00
-9999.00 -9999.00 19.96 19.87 19.90 19.92 19.94 -9999.00 -9999.00 -9999.00 -9999.00 -9999.00 -9999.00 -9999.00 -9999.00 -9999.00 -9999.00 -9999.00 -9999.00 -9999.00 -9999.00 -9999.00 -9999.00 -9999.00 -9999.00 -9999.00 -9999.00 -9999.00 -9999.00 -9999.00 -9999.00 -9999.00 -9999.00 -9999.00 -9999.00 -9999.00 -9999.00 -9999.00 -9999.00 -9999.00 -9999.00 -9999.00 -9999.00 -9999.00 -9999.00 -9999.00 -9999.00 -9999.00 -9999.00 -9999.00 -9999.00 -9999.00 -9999.00 -9999.00 -9999.00 -9999.00 -9999.00 -9999.00 -9999.00 -9999.00 -9999.00 -9999.00 -9999.00 -9999.00 -9999.00 -9999.00 -9999.00 -9999.00 -9999.00 -9999.00 -9999.00
-9999.00 -9999.00 -9999.00 -9999.00 -9999.00 -9999.00 -9999.00 -9999.00 -9999.00 -9999.00 -9999.00 -9999.00 -9999.00 -9999.00 -9999.00 -9999.00 -9999.00 -9999.00 -9999.00 -9999.00 -9999.00 -9999.00 -9999.00 -9999.00 -9999.00 -9999.00 -9999.00 -9999.00 -9999.00 -9999.00 -9999.00 -9999.00 -9999.00 -9999.00 -9999.00 -9999.00 -9999.00 -9999.00 -9999.00 -9999.00 -9999.00 -9999.00 -9999.00 -9999.00 -9999.00 -9999.00 -9999.00 -9999.00 -9999.00 -9999.00 -9999.00 -9999.00 -9999.00 -9999.00 -9999.00 -9999.00 -9999.00 -9999.00 -9999.00 -9999.00 -9999.00 -9999.00 -9999.00 -9999.00 -9999.00 -9999.00 -9999.00 -9999.00 -9999.00 -9999.00 -9999.00
-9999.00 -9999.00 -9999.00 -9999.00 -9999.00 -9999.00 -9999.00 -9999.00 -9999.00 -9999.00 -9999.00 -9999.00 -9999.00 -9999.00 -9999.00 -9999.00 -9999.00 -9999.00 -9999.00 -9999.00 -9999.00 -9999.00 -9999.00 -9999.00 -9999.00 -9999.00 -9999.00 -9999.00 -9999.00 -9999.00 -9999.00 -9999.00 -9999.00 -9999.00 -9999.00 -9999.00 -9999.00 -9999.00 -9999.00 -9999.00 -9999.00 -9999.00 -9999.00 -9999.00 -9999.00 -9999.00 -9999.00 -9999.00 -9999.00 -9999.00 -9999.00 -9999.00 -9999.00 -9999.00 -9999.00 -9999.00 -9999.00 -9999.00 -9999.00 -9999.00 -9999.00 -9999.00 -9999.00 -9999.00 -9999.00 -9999.00 -9999.00 -9999.00 -9999.00 -9999.00 -9999.00
-9999.00 -9999.00 -9999.00 -9999.00 -9999.00 -9999.00 -9999.00 -9999.00 -9999.00 -9999.00 -9999.00 -9999.00 -9999.00 -9999.00 -9999.00 -9999.00 -9999.00 -9999.00 -9999.00 -9999.00 -9999.00 -9999.00 -9999.00 -9999.00 -9999.00 -9999.00 -9999.00 -9999.00 -9999.00 -9999.00 -9999.00 -9999.00 -9999.00 -9999.00 -9999.00 -9999.00 -9999.00 -9999.00 -9999.00 -9999.00 -9999.00 -9999.00 -9999.00 -9999.00 -9999.00 -9999.00 -9999.00 -9999.00 -9999.00 -9999.00 -9999.00 -9999.00 -9999.00 -9999.00 -9999.00 -9999.00 -9999.00 -9999.00 -9999.00 -9999.00 -9999.00 -9999.00 -9999.00 -9999.00 -9999.00 -9999.00 -9999.00 -9999.00 -9999.00 -9999.00 -9999.00
-9999.00 -9999.00 -9999.00 -9999.00 -9999.00 -9999.00 -9999.00 -9999.00 -9999.00 -9999.00 -9999.00 -9999.00 -9999.00 -9999.00 -9999.00 -9999.00 -9999.00 -9999.00 -9999.00 -9999.00 -9999.00 -9999.00 -9999.00 -9999.00 -9999.00 -9999.00 -9999.00 -9999.00 -9999.00 -9999.00 -9999.00 -9999.00 -9999.00 -9999.00 -9999.00 -9999.00 -9999.00 -9999.00 -9999.00 -9999.00 -9999.00 -9999.00 -9999.00 -9999.00 -9999.00 -9999.00 -9999.00 -9999.00 -9999.00 -9999.00 -9999.00 -9999.00 -9999.00 -9999.00 -9999.00 -9999.00 -9999.00 -9999.00 -9999.00 -9999.00 -9999.00 -9999.00 -9999.00 -9999.00 -9999.00 -9999.00 -9999.00 -9999.00 -9999.00 -9999.00 -9999.00
-9999.00 -9999.00 -9999.00 -9999.00 -9999.00 -9999.00 -9999.00 -9999.00 -9999.00 -9999.00 -9999.00 -9999.00 -9999.00 -9999.00 -9999.00 -9999.00 -9999.00 -9999.00 -9999.00 -9999.00 -9999.00 -9999.00 -9999.00 -9999.00 -9999.00 -9999.00 -9999.00 -9999.00 -9999.00 -9999.00 -9999.00 -9999.00 -9999.00 -9999.00 -9999.00 -9999.00 -9999.00 -9999.00 -9999.00 -9999.00 -9999.00 -9999.00 -9999.00 -9999.00 -9999.00 -9999.00 -9999.00 -9999.00 -9999.00 -9999.00 -9999.00 -9999.00 -9999.00 -9999.00 -9999.00 -9999.00 -9999.00 -9999.00 -9999.00 -9999.00 -9999.00 -9999.00 -9999.00 -9999.00 -9999.00 -9999.00 -9999.00 -9999.00 -9999.00 -9999.00 -9999.00
-9999.00 -9999.00 -9999.00 -9999.00 -9999.00 -9999.00 -9999.00 -9999.00 -9999.00 -9999.00 -9999.00 -9999.00 -9999.00 -9999.00 -9999.00 -9999.00 -9999.00 -9999.00 -9999.00 -9999.00 -9999.00 -9999.00 -9999.00 -9999.00 -9999.00 -9999.00 -9999.00 -9999.00 -9999.00 -9999.00 -9999.00 -9999.00 -9999.00 -9999.00 -9999.00 -9999.00 -9999.00 -9999.00 -9999.00 -9999.00 -9999.00 -9999.00 -9999.00 -9999.00 -9999.00 -9999.00 -9999.00 -9999.00 -9999.00 -9999.00 -9999.00 -9999.00 -9999.00 -9999.00 -9999.00 -9999.00 -9999.00 -9999.00 -9999.00 -9999.00 -9999.00 -9999.00 -9999.00 -9999.00 -9999.00 -9999.00 -9999.00 -9999.00 -9999.00 -9999.00 -9999.00
-9999.00 -9999.00 -9999.00 -9999.00 -9999.00 -9999.00 -9999.00 -9999.00 -9999.00 -9999.00 -9999.00 -9999.00 -9999.00 -9999.00 -9999.00 -9999.00 -9999.00 -9999.00 -9999.00 -9999.00 -9999.00 -9999.00 -9999.00 -9999.00 -9999.00 -9999.00 -9999.00 -9999.00 -9999.00 -9999.00 -9999.00 -9999.00 -9999.00 -9999.00 -9999.00 -9999.00 -9999.00 -9999.00 -9999.00 -9999.00 -9999.00 -9999.00 -9999.00 -9999.00 -9999.00 -9999.00 -9999.00 -9999.00 -9999.00 -9999.00 -9999.00 -9999.00 -9999.00 -9999.00 -9999.00 -9999.00 -9999.00 -9999.00 -9999.00 -9999.00 -9999.00 -9999.00 -9999.00 -9999.00 -9999.00 -9999.00 -9999.00 -9999.00 -9999.00 -9999.00 -9999.00
-9999.00 -9999.00 -9999.00 -9999.00 -9999.00 -9999.00 -9999.00 -9999.00 -9999.00 -9999.00 -9999.00 -9999.00 -9999.00 -9999.00 -9999.00 -9999.00 -9999.00 -9999.00 -9999.00 -9999.00 -9999.00 -9999.00 -9999.00 -9999.00 -9999.00 -9999.00 -9999.00 -9999.00 -9999.00 -9999.00 -9999.00 -9999.00 -9999.00 -9999.00 -9999.00 -9999.00 -9999.00 -9999.00 -9999.00 -9999.00 -9999.00 -9999.00 -9999.00 -9999.00 -9999.00 -9999.00 -9999.00 -9999.00 -9999.00 -9999.00 -9999.00 -9999.00 -9999.00 -9999.00 -9999.00 -9999.00 -9999.00 -9999.00 -9999.00 -9999.00 -9999.00 -9999.00 -9999.00 -9999.00 -9999.00 -9999.00 -9999.00 -9999.00 -9999.00 -9999.00 -9999.00
