maui/input/air_temperature_monthly/tminapr_250m_maui.asc
ncols        356
nrows        236
xllcorner    -156.702000000000
yllcorner    20.529750000000
cellsize     0.002250000000
NODATA_value  -99.00
[rows 32 to 63 of 236, columns 0 to 71 of 356]
-9999.00 -9999.00 -9999.00 -9999.00 -9999.00 -9999.00 -9999.00 -9999.00 -9999.00 -9999.00 -9999.00 -9999.00 -9999.00 19.08 19.02 18.90 18.93 18.83 18.73 18.61 18.41 18.46 18.21 17.99 17.76 17.63 18.20 17.64 17.49 17.32 17.25 17.56 16.93 16.83 16.62 16.70 16.76 17.00 16.84 16.35 16.43 16.75 16.45 17.01 16.72 17.75 17.67 16.56 16.39 16.71 16.45 15.99 16.40 16.71 16.35 16.38 16.44 16.91 16.91 16.74 17.17 17.35 17.19 17.85 18.01 17.71 18.12 18.68 17.96 17.73 17.69 17.84
-9999.00 -9999.00 -9999.00 -9999.00 -9999.00 -9999.00 -9999.00 -9999.00 -9999.00 -9999.00 -9999.00 -9999.00 -9999.00 19.06 18.92 18.88 18.81 18.80 18.71 18.58 18.50 18.30 18.15 18.05 17.76 17.55 17.55 17.97 17.34 17.51 17.10 17.29 17.22 16.76 16.63 16.46 16.80 16.90 16.70 16.67 16.24 16.41 16.57 16.94 16.61 16.81 17.90 17.39 16.49 16.30 16.11 15.85 16.62 16.37 15.84 16.38 16.16 16.58 16.69 16.55 16.91 16.87 17.40 17.54 17.59 17.46 18.52 18.07 17.69 17.53 17.66 17.94
-9999.00 -9999.00 -9999.00 -9999.00 -9999.00 -9999.00 -9999.00 -9999.00 -9999.00 -9999.00 -9999.00 -9999.00 19.11 18.96 18.86 18.86 18.75 18.69 18.59 18.45 18.33 18.20 18.10 17.84 17.63 17.36 17.28 17.34 17.65 17.19 17.23 16.70 16.58 16.86 16.54 16.39 16.53 17.11 16.50 16.61 16.10 16.40 16.20 16.13 16.74 16.56 16.75 17.72 16.88 16.22 16.07 15.71 16.29 15.95 15.54 15.74 16.10 16.83 15.98 16.14 16.52 16.97 17.10 16.62 17.10 17.42 18.45 17.46 17.07 17.65 18.26 18.48
-9999.00 -9999.00 -9999.00 -9999.00 -9999.00 -9999.00 -9999.00 -9999.00 -9999.00 -9999.00 -9999.00 -9999.00 19.10 18.97 18.83 18.82 18.67 18.52 18.43 18.25 18.24 18.09 17.95 17.82 17.56 17.51 17.15 17.06 16.90 17.64 16.81 16.80 16.52 16.68 16.47 16.26 16.38 16.88 16.18 16.11 15.82 16.21 16.05 16.12 16.52 15.99 16.44 17.52 16.76 15.83 16.15 15.48 15.87 16.11 15.39 15.44 16.10 16.37 15.68 15.83 16.49 17.02 16.49 16.55 16.72 17.91 18.08 16.80 16.78 17.55 17.69 17.56
-9999.00 -9999.00 -9999.00 -9999.00 -9999.00 -9999.00 -9999.00 -9999.00 -9999.00 -9999.00 -9999.00 19.12 19.01 18.93 18.77 18.59 18.56 18.57 18.34 18.24 18.08 18.13 17.81 17.69 17.75 17.39 17.30 16.95 16.83 17.14 17.24 16.47 16.37 16.35 16.52 16.40 16.10 16.88 16.02 15.75 15.96 16.03 15.77 15.99 16.35 16.12 16.61 16.95 17.20 16.18 15.96 15.62 15.67 15.59 15.44 15.21 15.98 16.26 15.47 15.53 16.24 16.64 15.88 16.34 17.13 18.19 17.32 16.57 16.92 17.34 17.20 17.73
-9999.00 -9999.00 -9999.00 -9999.00 -9999.00 -9999.00 -9999.00 -9999.00 -9999.00 -9999.00 19.14 19.12 19.05 18.96 18.72 18.57 18.44 18.29 18.35 18.09 17.92 17.93 17.75 17.67 17.49 17.52 17.09 17.03 16.73 16.56 17.30 16.44 16.22 16.19 16.46 16.30 15.89 16.59 15.90 15.48 15.72 15.54 15.56 15.74 16.23 15.92 16.12 16.28 17.09 16.74 15.61 15.43 15.14 15.13 15.17 15.23 16.04 15.37 15.18 15.82 16.07 16.33 15.96 16.59 17.41 17.53 16.66 17.01 17.15 17.02 17.41 17.66
-9999.00 -9999.00 -9999.00 -9999.00 -9999.00 -9999.00 -9999.00 -9999.00 -9999.00 -9999.00 19.13 19.03 18.90 18.90 18.72 18.67 18.36 18.22 18.13 18.07 18.06 17.73 17.58 17.57 17.44 17.25 17.28 17.04 16.80 16.50 16.67 16.71 16.03 15.93 16.33 15.79 15.59 16.30 16.04 15.32 15.28 15.45 15.34 15.47 15.77 15.65 15.72 15.70 16.65 16.94 15.49 15.54 14.80 14.91 14.87 15.15 15.61 14.95 15.02 15.42 15.95 16.05 16.48 17.40 17.19 16.70 16.70 16.66 16.82 17.24 17.52 17.30
-9999.00 -9999.00 -9999.00 -9999.00 -9999.00 -9999.00 -9999.00 -9999.00 -9999.00 19.14 19.08 18.92 18.82 18.74 18.69 18.53 18.43 18.51 18.12 17.99 17.84 17.71 17.75 17.44 17.35 17.25 16.98 16.86 16.67 16.46 16.28 16.98 16.14 15.82 15.74 15.70 15.37 15.70 16.06 15.32 15.16 15.10 15.02 15.36 15.65 15.04 15.16 15.30 16.09 17.11 15.71 15.15 14.94 14.68 14.70 15.18 15.30 14.76 14.76 15.36 15.65 15.91 16.81 17.64 16.33 16.49 16.61 16.48 16.68 17.32 17.23 16.88
-9999.00 -9999.00 -9999.00 -9999.00 -9999.00 -9999.00 -9999.00 -9999.00 -9999.00 19.14 19.07 18.91 18.79 18.69 18.56 18.49 18.36 18.25 18.14 18.18 17.81 17.66 17.42 17.38 17.31 17.05 16.81 16.81 16.54 16.33 16.11 16.09 16.42 16.56 16.19 15.50 15.42 15.49 16.32 15.38 15.08 14.77 14.57 15.07 15.22 14.66 14.91 15.22 15.90 17.07 15.92 14.81 14.68 14.49 14.49 15.34 14.90 14.52 14.65 15.06 15.33 15.73 15.96 17.34 16.07 16.26 16.12 16.61 16.78 16.83 16.80 16.61
-9999.00 -9999.00 -9999.00 -9999.00 -9999.00 -9999.00 -9999.00 -9999.00 -9999.00 19.07 18.96 18.85 18.76 18.64 18.52 18.38 18.29 18.21 18.12 18.11 17.87 17.87 17.54 17.28 17.19 17.13 16.99 16.68 16.49 16.19 16.02 15.94 15.90 15.65 16.08 15.79 15.37 15.24 15.78 15.99 15.19 14.80 14.77 14.72 14.63 14.53 14.91 14.60 15.01 17.01 16.18 14.95 14.51 14.29 14.52 14.87 14.88 14.42 14.59 14.93 15.32 15.62 16.90 16.99 15.92 15.98 16.02 16.72 16.19 16.09 16.00 16.36
-9999.00 -9999.00 -9999.00 -9999.00 -9999.00 -9999.00 -9999.00 -9999.00 19.11 19.02 18.94 18.86 18.76 18.58 18.41 18.30 18.21 18.18 18.07 17.92 17.86 17.72 17.54 17.43 17.15 17.13 16.79 16.65 16.66 16.39 15.94 15.79 15.80 15.65 15.22 16.23 15.30 15.14 15.04 15.26 15.19 14.79 14.44 14.49 14.27 14.48 14.82 14.55 14.52 15.94 16.49 15.05 14.18 13.98 14.50 14.67 14.66 14.27 14.40 14.82 15.10 16.26 16.64 16.51 15.61 15.70 15.86 15.88 16.01 15.60 15.94 16.18
-9999.00 -9999.00 -9999.00 -9999.00 -9999.00 -9999.00 -9999.00 -9999.00 19.07 18.97 18.87 18.73 18.67 18.51 18.35 18.22 18.14 18.15 18.03 17.93 17.77 17.53 17.69 17.26 17.18 17.06 16.70 16.76 16.29 16.16 16.30 15.76 15.58 15.32 15.16 15.67 15.50 15.10 14.71 15.20 14.95 14.64 13.87 13.95 13.95 14.42 14.31 14.27 14.35 15.66 16.51 15.80 14.69 13.80 14.46 14.51 14.46 14.02 14.35 14.78 15.06 16.58 16.12 15.84 15.33 15.67 15.57 15.45 15.83 15.47 15.84 16.20
-9999.00 -9999.00 -9999.00 -9999.00 -9999.00 -9999.00 -9999.00 19.15 19.06 18.94 18.82 18.67 18.55 18.46 18.31 18.18 18.09 18.05 17.96 17.81 17.68 17.48 17.26 17.12 17.01 16.80 16.72 16.54 16.34 16.12 16.03 15.69 15.55 15.22 14.98 14.86 15.69 14.88 14.77 14.55 15.24 14.51 13.61 13.36 13.67 14.33 14.05 13.96 14.16 14.55 15.98 16.35 15.17 14.01 14.08 14.16 14.39 13.82 14.34 14.33 15.25 16.47 15.21 15.10 15.21 15.45 14.98 15.20 15.48 15.32 15.88 16.22
-9999.00 -9999.00 -9999.00 -9999.00 -9999.00 -9999.00 -9999.00 19.14 19.06 18.99 18.86 18.70 18.55 18.45 18.31 18.20 18.11 18.00 17.91 17.77 17.63 17.42 17.23 17.04 16.87 17.13 16.54 16.31 16.35 15.99 15.91 15.46 15.20 15.11 14.79 14.76 15.11 14.85 14.40 14.26 14.98 14.40 13.64 13.06 13.38 14.18 13.75 13.60 13.93 14.09 15.80 15.80 14.47 13.84 13.69 14.01 14.26 13.88 14.22 14.40 15.73 16.07 15.30 14.84 14.99 15.23 14.87 14.88 15.34 15.35 15.70 16.14
-9999.00 -9999.00 -9999.00 -9999.00 -9999.00 -9999.00 -9999.00 19.12 19.01 18.85 18.74 18.72 18.53 18.43 18.30 18.26 18.14 17.97 17.84 17.71 17.54 17.48 17.20 17.00 16.90 16.66 16.95 16.43 16.14 15.91 15.97 15.46 15.15 14.90 14.85 14.58 14.89 14.90 14.24 13.72 14.99 14.46 13.48 12.90 13.78 13.63 13.49 13.45 13.65 14.12 15.32 16.30 14.62 13.38 13.75 14.08 14.08 13.52 14.02 14.66 16.17 14.77 15.00 14.33 14.61 14.46 14.68 15.10 15.36 15.65 16.37 16.75
-9999.00 -9999.00 -9999.00 -9999.00 -9999.00 -9999.00 19.15 19.10 18.99 18.82 18.73 18.60 18.60 18.42 18.31 18.23 18.12 17.99 17.84 17.71 17.49 17.35 17.26 17.10 16.92 16.66 16.48 16.63 16.62 15.89 15.62 15.40 15.50 15.16 14.74 14.49 14.99 14.34 14.34 14.03 14.55 13.99 13.41 13.01 13.49 13.70 13.19 13.41 13.21 14.47 15.61 16.21 14.49 13.43 13.75 13.47 13.61 13.65 14.15 14.65 15.67 14.35 14.49 14.04 13.74 13.93 14.43 14.88 15.55 15.98 16.23 16.36
-9999.00 -9999.00 -9999.00 -9999.00 -9999.00 19.16 19.15 19.07 18.94 18.80 18.73 18.59 18.50 18.41 18.32 18.26 18.11 17.98 17.84 17.66 17.50 17.36 17.24 17.08 16.88 16.61 16.53 16.18 16.01 16.23 16.10 15.67 15.17 14.91 14.86 14.51 14.80 14.56 13.96 13.91 13.64 14.11 13.87 13.40 13.23 13.54 12.94 12.76 13.19 14.51 15.33 15.91 14.66 13.41 13.42 13.49 13.22 13.54 13.95 15.47 14.68 14.07 14.06 13.51 13.91 14.41 14.36 14.76 14.83 15.37 15.72 15.71
-9999.00 -9999.00 -9999.00 -9999.00 -9999.00 19.16 19.15 19.02 18.90 18.79 18.74 18.65 18.54 18.43 18.33 18.23 18.07 17.96 17.82 17.69 17.58 17.42 17.26 17.03 16.82 16.59 16.36 16.09 15.92 15.92 15.42 15.20 15.76 15.54 14.93 14.41 14.32 14.56 14.21 13.62 13.44 13.18 13.68 13.43 13.46 12.81 12.76 12.43 13.04 14.08 14.09 15.18 15.04 13.75 13.21 13.35 12.92 13.67 15.14 14.83 13.62 13.52 13.70 13.50 13.96 13.94 14.44 14.14 14.14 15.33 15.32 15.46
-9999.00 -9999.00 -9999.00 -9999.00 19.16 19.16 19.14 19.06 18.99 18.87 18.82 18.80 18.72 18.48 18.39 18.28 18.10 17.96 17.82 17.66 17.52 17.36 17.17 17.00 16.81 16.50 16.25 16.01 15.78 15.57 15.75 15.09 14.76 15.21 15.13 15.10 14.55 14.03 14.28 14.19 13.96 13.32 12.98 13.52 12.85 12.62 12.88 12.21 13.15 13.88 13.40 15.01 15.09 13.53 13.07 12.95 12.77 14.07 15.32 13.34 13.18 13.30 13.34 13.68 13.59 13.98 13.50 13.53 13.95 14.60 15.07 16.13
-9999.00 -9999.00 -9999.00 -9999.00 19.16 19.16 19.14 19.01 18.92 18.81 18.81 18.66 18.56 18.62 18.54 18.29 18.08 17.93 17.79 17.69 17.50 17.41 17.19 16.96 16.74 16.51 16.28 16.13 15.81 15.41 15.22 15.29 15.11 14.41 14.55 13.86 14.66 14.21 13.55 13.70 13.22 13.59 12.89 12.84 12.94 12.33 12.26 12.03 12.76 13.14 12.88 14.10 15.62 14.09 12.71 12.58 13.21 13.28 15.08 13.05 12.89 12.89 13.15 13.48 13.48 13.78 13.60 13.98 14.20 15.31 16.00 17.10
-9999.00 -9999.00 -9999.00 -9999.00 19.16 19.16 19.11 18.96 18.94 18.81 18.70 18.67 18.52 18.41 18.30 18.23 18.06 18.02 17.85 17.85 17.86 17.39 17.17 16.96 16.74 16.50 16.23 15.92 15.61 15.77 15.63 15.14 14.69 14.38 14.59 13.94 13.69 14.71 13.79 13.23 13.50 13.22 12.77 12.37 13.02 12.35 12.11 11.91 12.54 12.93 12.52 14.04 15.41 13.98 12.55 13.10 12.73 13.02 14.57 12.80 12.46 12.15 12.85 13.22 13.85 14.26 14.46 14.60 15.45 16.45 17.14 17.68
-9999.00 -9999.00 -9999.00 -9999.00 19.16 19.15 19.02 18.93 18.84 18.81 18.71 18.60 18.50 18.44 18.37 18.22 18.09 17.95 17.80 17.64 17.49 17.55 17.51 17.01 16.71 16.49 16.12 15.83 15.62 15.25 15.04 14.75 14.91 14.48 13.95 14.03 13.62 13.58 13.67 13.87 12.88 12.94 12.78 12.28 12.40 12.07 11.73 11.91 12.82 12.74 12.26 13.75 15.25 13.63 12.51 12.46 12.53 12.91 14.06 12.38 12.03 12.17 12.44 13.06 13.67 14.00 14.06 15.17 16.69 17.26 17.50 17.29
-9999.00 -9999.00 -9999.00 -9999.00 19.16 19.09 18.99 18.87 18.80 18.72 18.67 18.64 18.55 18.38 18.31 18.20 18.05 17.91 17.78 17.61 17.54 17.31 17.12 16.90 17.16 17.00 16.68 16.04 15.59 15.23 14.86 14.51 14.37 14.22 14.47 13.51 13.12 12.78 12.84 13.67 13.78 12.84 12.58 12.07 12.02 11.86 11.71 11.49 12.21 12.31 12.67 14.18 14.65 13.18 12.24 12.11 12.11 12.72 14.50 12.20 12.18 12.13 12.16 12.56 12.75 13.46 14.20 14.97 15.77 17.05 17.33 16.04
-9999.00 -9999.00 -9999.00 -9999.00 19.16 19.08 18.94 18.83 18.76 18.70 18.60 18.52 18.49 18.43 18.30 18.20 18.16 17.98 17.81 17.65 17.43 17.27 17.15 17.01 16.75 16.51 16.14 16.49 16.54 15.78 15.39 14.77 14.23 13.96 13.60 13.82 13.55 12.67 12.69 13.02 12.88 13.01 12.21 11.84 11.72 12.20 11.41 11.28 11.79 11.67 12.56 13.50 14.80 13.29 11.88 11.75 11.76 12.43 13.91 12.28 11.91 11.83 11.97 12.86 12.76 13.29 14.97 16.28 17.12 17.26 16.74 15.30
-9999.00 -9999.00 -9999.00 -9999.00 19.16 19.08 18.93 18.78 18.66 18.62 18.55 18.47 18.41 18.36 18.27 18.13 18.03 17.91 17.72 17.61 17.35 17.18 16.93 16.78 16.60 16.36 16.15 15.70 15.41 15.53 15.79 16.07 15.93 15.33 14.74 13.97 13.77 13.16 12.79 12.32 12.88 12.47 12.46 11.65 11.41 11.33 11.35 11.14 11.49 11.27 12.40 13.65 14.69 13.07 11.80 11.68 11.61 11.75 12.51 11.95 11.88 11.63 12.92 15.05 14.11 14.39 15.69 16.95 16.57 16.34 15.73 14.90
-9999.00 -9999.00 -9999.00 19.17 19.14 19.06 18.85 18.72 18.65 18.50 18.49 18.41 18.33 18.30 18.20 18.12 17.99 17.85 17.66 17.47 17.33 17.10 16.81 16.57 16.35 16.24 16.15 15.93 15.42 14.98 14.81 14.37 14.54 14.65 14.89 15.50 14.88 14.97 14.44 13.42 12.06 12.06 12.57 11.84 11.16 11.06 11.65 11.04 10.71 10.73 11.52 12.91 14.60 12.86 11.38 11.28 11.22 11.98 12.11 11.44 11.64 11.77 13.02 14.95 15.83 16.36 16.62 16.53 15.18 14.46 14.38 14.16
-9999.00 -9999.00 -9999.00 19.17 19.12 19.03 18.90 18.74 18.58 18.49 18.40 18.39 18.29 18.20 18.15 18.06 17.95 17.79 17.61 17.37 17.19 17.02 16.76 16.41 16.23 16.06 15.93 15.45 15.58 14.84 14.59 14.32 13.88 13.59 13.43 14.80 14.87 13.09 13.07 13.70 12.53 11.85 11.68 12.05 11.67 10.80 10.79 10.79 10.47 10.71 12.02 13.93 13.32 12.45 11.21 10.95 11.14 11.50 11.81 10.89 12.02 13.53 14.97 15.65 16.09 15.11 16.16 16.70 14.88 13.55 13.77 13.97
-9999.00 -9999.00 19.16 19.13 19.10 19.01 18.91 18.79 18.63 18.48 18.39 18.33 18.26 18.18 18.10 18.01 17.88 17.72 17.53 17.29 17.14 16.87 16.70 16.59 16.36 16.04 15.67 15.34 15.02 14.87 14.79 14.65 13.95 13.53 13.13 12.97 13.96 14.08 12.26 12.50 13.22 11.80 11.53 11.67 11.11 10.85 10.58 10.82 10.22 10.50 11.73 13.38 13.84 12.14 10.73 10.64 10.90 11.00 11.44 10.66 12.75 14.74 15.23 15.17 14.82 14.39 16.07 16.58 14.65 13.32 13.29 14.18
-9999.00 -9999.00 -9999.00 19.15 19.08 18.99 18.87 18.80 18.66 18.44 18.37 18.31 18.25 18.16 18.06 17.99 17.88 17.72 17.59 17.26 17.06 16.85 16.65 16.42 16.18 15.93 15.63 15.21 14.86 14.58 14.52 14.01 14.06 13.72 13.07 12.64 12.86 13.62 12.81 11.75 12.70 12.83 11.96 10.95 11.06 10.58 10.35 10.31 9.94 10.68 12.24 14.10 12.52 12.26 10.55 10.14 10.12 10.34 10.79 10.00 11.43 11.91 12.52 12.80 14.23 15.98 16.43 16.31 14.81 13.09 12.80 13.76
-9999.00 -9999.00 19.17 19.17 19.14 19.02 18.92 18.80 18.60 18.41 18.32 18.28 18.23 18.15 18.04 17.96 17.86 17.67 17.48 17.26 17.07 16.89 16.73 16.46 16.19 15.88 15.48 15.62 14.97 14.45 14.15 13.85 13.61 13.46 13.27 12.70 12.34 13.37 13.11 12.17 11.45 11.62 12.17 11.91 10.95 10.82 10.06 9.88 9.66 10.65 12.18 13.64 12.19 11.57 10.35 9.20 8.91 9.64 9.69 10.21 11.42 10.69 11.67 13.20 14.96 16.32 14.86 14.71 14.01 12.46 12.78 13.49
-9999.00 -9999.00 19.18 19.17 19.17 19.11 18.98 18.87 18.74 18.47 18.39 18.33 18.25 18.14 18.02 17.91 17.83 17.68 17.49 17.30 17.16 16.93 16.75 16.33 16.09 15.77 15.53 15.15 14.78 14.73 14.64 13.79 13.44 13.20 12.94 12.58 12.25 11.99 12.85 11.51 11.30 11.09 11.50 11.18 11.28 10.75 10.28 9.59 9.39 10.13 11.70 13.33 13.62 11.38 10.56 9.30 8.64 8.60 9.20 9.74 10.65 10.59 11.81 13.60 15.01 16.06 14.89 13.20 12.59 12.42 12.89 13.33
-9999.00 -9999.00 19.18 19.17 19.15 19.12 19.01 18.83 18.74 18.58 18.48 18.38 18.29 18.19 18.14 17.99 17.87 17.73 17.51 17.31 17.11 16.85 16.58 16.26 16.20 15.90 15.64 15.23 14.91 14.41 14.05 13.72 13.76 13.40 12.82 12.40 12.10 11.80 12.20 12.60 11.53 11.01 10.71 10.35 10.98 10.20 10.23 9.37 8.91 9.66 11.15 12.57 13.26 11.98 9.81 9.57 8.63 8.84 9.33 10.25 10.91 11.09 12.54 13.89 15.09 15.64 14.84 13.28 12.63 14.02 14.55 14.80
