maui/input/air_temperature_monthly/tminoct_250m_maui.asc
ncols        356
nrows        236
xllcorner    -156.702000000000
yllcorner    20.529750000000
cellsize     0.002250000000
NODATA_value  -99.00
[rows 192 to 223 of 236, columns 142 to 212 of 356]
16.70 16.50 16.42 16.29 16.16 16.07 16.05 15.98 15.90 15.74 15.68 15.61 15.63 15.52 15.47 15.48 15.49 15.49 15.54 15.59 15.65 15.66 15.67 15.66 15.81 15.84 15.85 15.95 16.01 16.08 16.19 16.11 16.03 15.98 15.99 15.99 15.97 16.04 16.03 16.01 16.18 16.35 16.44 16.49 16.57 16.66 16.75 16.89 16.97 17.11 17.19 17.29 17.45 17.62 17.83 17.96 18.09 18.07 18.14 18.24 18.42 18.42 18.54 18.63 18.69 18.85 18.94 19.14 19.34 19.59 19.72
16.87 16.82 16.76 16.67 16.54 16.48 16.41 16.36 16.28 16.09 16.01 16.00 15.91 15.83 15.79 15.85 15.84 15.81 15.86 15.93 15.95 15.95 16.01 16.04 16.18 16.16 16.30 16.34 16.55 16.61 16.43 16.32 16.21 16.18 16.20 16.26 16.32 16.29 16.36 16.39 16.46 16.63 16.72 16.77 16.88 16.90 16.98 17.18 17.28 17.44 17.46 17.62 17.71 17.90 18.09 18.24 18.48 18.43 18.52 18.58 18.70 18.80 18.86 18.97 19.01 19.16 19.32 19.55 19.69 19.85 20.62
17.12 17.08 17.10 17.08 16.92 16.79 16.74 16.67 16.56 16.44 16.35 16.29 16.21 16.09 16.03 16.07 16.10 16.15 16.19 16.25 16.33 16.30 16.38 16.35 16.50 16.53 16.55 16.67 16.72 16.68 16.62 16.52 16.32 16.26 16.27 16.36 16.52 16.56 16.63 16.69 16.78 16.95 17.05 17.08 17.15 17.22 17.27 17.43 17.67 17.67 17.78 17.92 18.01 18.14 18.31 18.50 18.65 18.99 18.87 18.92 18.97 19.14 19.22 19.21 19.35 19.44 19.73 19.85 20.04 20.22 20.39
17.33 17.37 17.38 17.34 17.21 17.11 17.03 16.95 16.90 16.72 16.66 16.55 16.50 16.43 16.27 16.33 16.35 16.50 16.50 16.54 16.67 16.64 16.69 16.71 16.72 16.75 16.85 16.84 16.82 16.79 16.76 16.24 16.12 16.27 15.98 16.58 16.68 16.76 16.88 16.99 17.06 17.22 17.38 17.42 17.46 17.53 17.57 17.67 17.88 18.08 18.07 18.13 18.24 18.40 18.56 18.73 18.91 19.09 19.16 19.19 19.30 19.55 19.55 19.52 19.68 19.77 19.90 20.21 20.32 20.45 20.60
17.65 17.62 17.64 17.58 17.52 17.51 17.38 17.28 17.18 17.06 16.94 16.85 16.80 16.75 16.64 16.61 16.70 16.70 16.83 16.87 17.00 17.06 17.01 17.05 17.06 17.05 17.07 17.08 17.01 17.01 17.00 16.32 16.62 16.38 16.77 16.97 17.10 17.08 17.15 17.25 17.31 17.51 17.59 17.69 17.78 17.83 17.83 17.97 18.15 18.30 18.42 18.42 18.53 18.67 18.81 19.02 19.16 19.40 19.53 19.59 19.66 19.71 19.90 19.90 19.95 20.13 20.25 20.45 20.56 20.64 20.84
17.81 17.83 17.81 17.76 17.72 17.73 17.68 17.60 17.46 17.28 17.18 17.10 17.07 16.98 16.93 16.91 16.98 17.12 17.15 17.23 17.28 17.36 17.30 17.30 17.29 17.40 17.41 17.38 17.35 17.38 17.54 17.34 17.12 17.07 17.23 17.26 17.31 17.43 17.47 17.61 17.68 17.80 17.86 18.01 18.05 18.16 18.19 18.18 18.44 18.57 18.73 18.79 18.83 18.95 19.16 19.38 19.56 19.70 19.98 19.89 19.90 19.96 20.15 20.22 20.22 20.42 20.50 20.65 20.80 20.94 -9999.00
18.09 18.07 17.99 17.99 17.92 17.93 17.88 17.78 17.71 17.59 17.50 17.37 17.38 17.28 17.22 17.29 17.46 17.51 17.50 17.46 17.54 17.58 17.60 17.62 17.66 17.67 17.68 17.71 17.64 17.70 17.73 17.60 17.49 16.87 17.44 17.52 17.60 17.70 17.78 17.90 17.95 18.05 18.11 18.21 18.38 18.42 18.54 18.55 18.73 18.83 19.06 19.06 19.19 19.29 19.43 19.64 19.83 19.93 20.06 20.18 20.21 20.27 20.42 20.48 20.50 20.64 20.79 20.86 21.04 -9999.00 -9999.00
18.34 18.28 18.20 18.17 17.96 17.50 17.86 18.04 17.98 17.90 17.76 17.69 17.64 17.62 17.62 17.76 17.81 17.79 17.84 17.83 17.84 17.84 17.84 17.82 17.86 17.87 17.92 17.91 17.84 17.91 17.89 17.79 17.53 17.43 17.36 17.93 17.96 17.98 18.05 18.19 18.25 18.35 18.33 18.44 18.60 18.77 18.81 18.85 19.04 19.18 19.37 19.44 19.50 19.57 19.71 19.91 20.05 20.12 20.23 20.37 20.51 20.64 20.71 20.78 20.86 20.92 21.11 -9999.00 -9999.00 -9999.00 -9999.00
18.51 18.42 18.36 18.27 17.86 17.91 18.12 18.22 18.21 18.15 18.00 18.01 17.98 17.97 18.01 18.03 18.09 18.11 18.14 18.14 18.14 18.11 18.03 18.13 18.11 18.05 18.12 18.06 18.06 18.12 18.07 18.10 18.03 17.81 17.85 18.28 18.30 18.31 18.39 18.46 18.58 18.64 18.65 18.80 18.85 18.97 19.15 19.30 19.43 19.49 19.67 19.72 19.80 19.85 19.96 20.09 20.26 20.43 20.50 20.54 20.66 20.89 20.98 -9999.00 -9999.00 -9999.00 -9999.00 -9999.00 -9999.00 -9999.00 -9999.00
18.68 18.62 18.57 18.59 18.53 18.29 18.25 18.35 18.45 18.34 18.23 18.27 18.26 18.26 18.27 18.27 18.28 18.33 18.36 18.35 18.37 18.37 18.28 18.23 18.26 18.27 18.34 18.31 18.28 18.32 18.34 18.35 18.21 18.12 18.19 18.46 18.55 18.58 18.64 18.68 18.79 18.91 18.96 19.04 19.12 19.29 19.43 19.58 19.72 19.80 19.91 19.97 20.05 20.15 20.22 20.38 20.42 20.64 20.76 20.80 20.93 -9999.00 -9999.00 -9999.00 -9999.00 -9999.00 -9999.00 -9999.00 -9999.00 -9999.00 -9999.00
18.94 18.78 18.70 18.72 18.72 18.61 18.43 18.53 18.61 18.54 18.46 18.49 18.52 18.52 18.60 18.60 18.55 18.52 18.56 18.61 18.63 18.61 18.60 18.53 18.64 18.56 18.55 18.52 18.53 18.56 18.55 18.58 18.49 18.48 18.55 18.76 18.86 18.89 18.92 18.96 19.04 19.12 19.23 19.33 19.47 19.54 19.74 19.84 19.96 20.08 20.17 20.17 20.24 20.35 20.46 20.57 20.69 20.85 20.99 -9999.00 -9999.00 -9999.00 -9999.00 -9999.00 -9999.00 -9999.00 -9999.00 -9999.00 -9999.00 -9999.00 -9999.00
19.14 19.03 18.99 18.98 18.90 18.77 18.61 18.61 18.59 18.74 18.70 18.76 18.78 18.76 18.80 18.85 18.83 18.78 18.85 18.87 18.85 18.88 18.89 18.91 18.78 18.79 18.76 18.70 18.69 18.78 18.84 18.83 18.73 18.77 18.87 19.04 19.11 19.13 19.18 19.26 19.32 19.42 19.56 19.63 19.76 19.79 19.99 20.16 20.20 20.33 20.44 20.45 20.51 20.61 20.65 20.80 20.96 -9999.00 -9999.00 -9999.00 -9999.00 -9999.00 -9999.00 -9999.00 -9999.00 -9999.00 -9999.00 -9999.00 -9999.00 -9999.00 -9999.00
19.44 19.28 19.26 19.21 19.09 19.00 18.90 18.91 19.22 19.15 19.02 18.96 19.07 19.04 19.10 19.11 19.07 19.07 19.15 19.16 19.17 19.15 19.14 19.10 19.14 19.12 19.03 18.96 18.93 19.00 19.07 19.09 19.04 19.07 19.17 19.30 19.33 19.36 19.42 19.49 19.61 19.71 19.87 19.94 20.03 19.99 20.21 20.35 20.51 20.61 20.69 20.71 20.78 20.83 20.92 21.10 -9999.00 -9999.00 -9999.00 -9999.00 -9999.00 -9999.00 -9999.00 -9999.00 -9999.00 -9999.00 -9999.00 -9999.00 -9999.00 -9999.00 -9999.00
19.64 19.55 19.47 19.38 19.34 19.26 19.20 19.18 19.32 19.46 19.38 19.24 19.34 19.38 19.34 19.34 19.33 19.43 19.40 19.42 19.43 19.41 19.39 19.57 19.47 19.39 19.27 19.20 19.21 19.28 19.29 19.30 19.34 19.32 19.38 19.54 19.61 19.61 19.68 19.77 19.87 19.95 20.06 20.24 20.36 20.44 20.52 20.63 20.71 20.80 20.90 21.05 21.10 21.08 -9999.00 -9999.00 -9999.00 -9999.00 -9999.00 -9999.00 -9999.00 -9999.00 -9999.00 -9999.00 -9999.00 -9999.00 -9999.00 -9999.00 -9999.00 -9999.00 -9999.00
19.85 19.75 19.65 19.65 19.61 19.52 19.47 19.48 19.55 19.66 19.66 19.59 19.70 19.66 19.61 19.61 19.55 19.66 19.66 19.65 19.69 19.73 19.72 19.77 19.69 19.62 19.53 19.48 19.48 19.51 19.54 19.58 19.65 19.61 19.68 19.79 19.85 19.89 19.90 19.99 20.07 20.22 20.38 20.49 20.67 20.77 20.76 20.86 20.99 21.01 -9999.00 -9999.00 -9999.00 -9999.00 -9999.00 -9999.00 -9999.00 -9999.00 -9999.00 -9999.00 -9999.00 -9999.00 -9999.00 -9999.00 -9999.00 -9999.00 -9999.00 -9999.00 -9999.00 -9999.00 -9999.00
19.95 19.91 19.90 19.90 19.86 19.77 19.76 19.76 19.81 19.79 19.95 19.94 19.98 19.78 19.85 19.88 19.87 19.92 19.93 19.94 19.98 19.99 20.01 19.93 19.88 19.85 19.80 19.81 19.80 19.80 19.84 19.83 19.88 19.90 19.98 20.04 20.09 20.17 20.18 20.24 20.29 20.42 20.67 20.80 20.96 21.08 21.05 21.11 -9999.00 -9999.00 -9999.00 -9999.00 -9999.00 -9999.00 -9999.00 -9999.00 -9999.00 -9999.00 -9999.00 -9999.00 -9999.00 -9999.00 -9999.00 -9999.00 -9999.00 -9999.00 -9999.00 -9999.00 -9999.00 -9999.00 -9999.00
20.18 20.14 20.15 20.16 20.09 20.01 20.05 20.06 20.06 20.04 20.12 20.21 20.25 20.09 20.14 20.08 20.13 20.21 20.20 20.16 20.19 20.17 20.22 20.22 20.12 20.06 20.08 20.09 20.09 20.12 20.13 20.19 20.17 20.22 20.25 20.31 20.35 20.39 20.44 20.48 20.56 20.65 20.79 21.02 -9999.00 -9999.00 -9999.00 -9999.00 -9999.00 -9999.00 -9999.00 -9999.00 -9999.00 -9999.00 -9999.00 -9999.00 -9999.00 -9999.00 -9999.00 -9999.00 -9999.00 -9999.00 -9999.00 -9999.00 -9999.00 -9999.00 -9999.00 -9999.00 -9999.00 -9999.00 -9999.00
20.43 20.52 20.46 20.39 20.34 20.28 20.33 20.35 20.32 20.30 20.29 20.40 20.38 20.30 20.34 20.37 20.40 20.41 20.43 20.45 20.46 20.53 20.44 20.43 20.49 20.41 20.40 20.48 20.41 20.41 20.42 20.54 20.51 20.52 20.48 20.55 20.61 20.63 20.68 20.75 20.77 20.85 21.02 -9999.00 -9999.00 -9999.00 -9999.00 -9999.00 -9999.00 -9999.00 -9999.00 -9999.00 -9999.00 -9999.00 -9999.00 -9999.00 -9999.00 -9999.00 -9999.00 -9999.00 -9999.00 -9999.00 -9999.00 -9999.00 -9999.00 -9999.00 -9999.00 -9999.00 -9999.00 -9999.00 -9999.00
20.71 20.71 20.71 20.63 20.57 20.52 20.54 20.60 20.65 20.63 20.59 20.64 20.55 20.61 20.54 20.68 20.63 20.61 20.64 20.71 20.76 20.80 20.79 20.68 20.75 20.77 20.75 20.81 20.70 20.68 20.73 20.80 20.83 20.76 20.75 20.79 20.82 20.88 20.93 20.99 20.97 21.06 -9999.00 -9999.00 -9999.00 -9999.00 -9999.00 -9999.00 -9999.00 -9999.00 -9999.00 -9999.00 -9999.00 -9999.00 -9999.00 -9999.00 -9999.00 -9999.00 -9999.00 -9999.00 -9999.00 -9999.00 -9999.00 -9999.00 -9999.00 -9999.00 -9999.00 -9999.00 -9999.00 -9999.00 -9999.00
20.89 20.88 20.83 20.81 20.76 20.71 20.71 20.77 20.78 20.80 20.77 20.77 20.83 20.85 20.91 20.92 20.91 20.96 20.88 20.87 20.96 21.02 21.04 20.99 20.99 21.01 21.05 21.10 21.05 20.96 21.01 21.03 21.03 20.98 20.95 20.98 21.01 21.04 21.09 21.09 21.12 -9999.00 -9999.00 -9999.00 -9999.00 -9999.00 -9999.00 -9999.00 -9999.00 -9999.00 -9999.00 -9999.00 -9999.00 -9999.00 -9999.00 -9999.00 -9999.00 -9999.00 -9999.00 -9999.00 -9999.00 -9999.00 -9999.00 -9999.00 -9999.00 -9999.00 -9999.00 -9999.00 -9999.00 -9999.00 -9999.00
20.98 20.93 20.89 20.89 20.83 20.83 20.80 20.88 20.86 20.86 20.83 20.82 20.89 21.00 21.01 21.12 21.12 21.12 21.05 20.97 21.05 21.12 -9999.00 -9999.00 -9999.00 -9999.00 -9999.00 -9999.00 -9999.00 -9999.00 -9999.00 -9999.00 21.12 21.12 21.12 21.13 21.12 -9999.00 -9999.00 -9999.00 -9999.00 -9999.00 -9999.00 -9999.00 -9999.00 -9999.00 -9999.00 -9999.00 -9999.00 -9999.00 -9999.00 -9999.00 -9999.00 -9999.00 -9999.00 -9999.00 -9999.00 -9999.00 -9999.00 -9999.00 -9999.00 -9999.00 -9999.00 -9999.00 -9999.00 -9999.00 -9999.00 -9999.00 -9999.00 -9999.00 -9999.00
21.02 20.97 20.94 20.93 20.89 20.88 20.92 20.94 20.94 20.96 20.91 20.92 21.13 21.12 -9999.00 -9999.00 -9999.00 -9999.00 21.13 21.12 -9999.00 -9999.00 -9999.00 -9999.00 -9999.00 -9999.00 -9999.00 -9999.00 -9999.00 -9999.00 -9999.00 -9999.00 -9999.00 -9999.00 -9999.00 -9999.00 -9999.00 -9999.00 -9999.00 -9999.00 -9999.00 -9999.00 -9999.00 -9999.00 -9999.00 -9999.00 -9999.00 -9999.00 -9999.00 -9999.00 -9999.00 -9999.00 -9999.00 -9999.00 -9999.00 -9999.00 -9999.00 -9999.00 -9999.00 -9999.00 -9999.00 -9999.00 -9999.00 -9999.00 -9999.00 -9999.00 -9999.00 -9999.00 -9999.00 -9999.00 -9999.00
21.15 21.09 21.00 20.97 20.98 20.98 21.00 20.99 21.04 21.12 21.06 -9999.00 -9999.00 -9999.00 -9999.00 -9999.00 -9999.00 -9999.00 -9999.00 -9999.00 -9999.00 -9999.00 -9999.00 -9999.00 -9999.00 -9999.00 -9999.00 -9999.00 -9999.00 -9999.00 -9999.00 -9999.00 -9999.00 -9999.00 -9999.00 -9999.00 -9999.00 -9999.00 -9999.00 -9999.00 -9999.00 -9999.00 -9999.00 -9999.00 -9999.00 -9999.00 -9999.00 -9999.00 -9999.00 -9999.00 -9999.00 -9999.00 -9999.00 -9999.00 -9999.00 -9999.00 -9999.00 -9999.00 -9999.00 -9999.00 -9999.00 -9999.00 -9999.00 -9999.00 -9999.00 -9999.00 -9999.00 -9999.00 -9999.00 -9999.00 -9999.00
-9999.00 -9999.00 21.15 21.05 21.08 21.10 21.12 -9999.00 -9999.00 -9999.00 -9999.00 -9999.00 -9999.00 -9999.00 -9999.00 -9999.00 -9999.00 -9999.00 -9999.00 -9999.00 -9999.00 -9999.00 -9999.00 -9999.00 -9999.00 -9999.00 -9999.00 -9999.00 -9999.00 -9999.00 -9999.00 -9999.00 -9999.00 -9999.00 -9999.00 -9999.00 -9999.00 -9999.00 -9999.00 -9999.00 -9999.00 -9999.00 -9999.00 -9999.00 -9999.00 -9999.00 -9999.00 -9999.00 -9999.00 -9999.00 -9999.00 -9999.00 -9999.00 -9999.00 -9999.00 -9999.00 -9999.00 -9999.00 -9999.00 -9999.00 -9999.00 -9999.00 -9999.00 -9999.00 -9999.00 -9999.00 -9999.00 -9999.00 -9999.00 -9999.00 -9999.00
-9999.00 -9999.00 -9999.00 -9999.00 -9999.00 -9999.00 -9999.00 -9999.00 -9999.00 -9999.00 -9999.00 -9999.00 -9999.00 -9999.00 -9999.00 -9999.00 -9999.00 -9999.00 -9999.00 -9999.00 -9999.00 -9999.00 -9999.00 -9999.00 -9999.00 -9999.00 -9999.00 -9999.00 -9999.00 -9999.00 -9999.00 -9999.00 -9999.00 -9999.00 -9999.00 -9999.00 -9999.00 -9999.00 -9999.00 -9999.00 -9999.00 -9999.00 -9999.00 -9999.00 -9999.00 -9999.00 -9999.00 -9999.00 -9999.00 -9999.00 -9999.00 -9999.00 -9999.00 -9999.00 -9999.00 -9999.00 -9999.00 -9999.00 -9999.00 -9999.00 -9999.00 -9999.00 -9999.00 -9999.00 -9999.00 -9999.00 -9999.00 -9999.00 -9999.00 -9999.00 -9999.00
-9999.00 -9999.00 -9999.00 -9999.00 -9999.00 -9999.00 -9999.00 -9999.00 -9999.00 -9999.00 -9999.00 -9999.00 -9999.00 -9999.00 -9999.00 -9999.00 -9999.00 -9999.00 -9999.00 -9999.00 -9999.00 -9999.00 -9999.00 -9999.00 -9999.00 -9999.00 -9999.00 -9999.00 -9999.00 -9999.00 -9999.00 -9999.00 -9999.00 -9999.00 -9999.00 -9999.00 -9999.00 -9999.00 -9999.00 -9999.00 -9999.00 -9999.00 -9999.00 -9999.00 -9999.00 -9999.00 -9999.00 -9999.00 -9999.00 -9999.00 -9999.00 -9999.00 -9999.00 -9999.00 -9999.00 -9999.00 -9999.00 -9999.00 -9999.00 -9999.00 -9999.00 -9999.00 -9999.00 -9999.00 -9999.00 -9999.00 -9999.00 -9999.00 -9999.00 -9999.00 -9999.00
-9999.00 -9999.00 -9999.00 -9999.00 -9999.00 -9999.00 -9999.00 -9999.00 -9999.00 -9999.00 -9999.00 -9999.00 -9999.00 -9999.00 -9999.00 -9999.00 -9999.00 -9999.00 -9999.00 -9999.00 -9999.00 -9999.00 -9999.00 -9999.00 -9999.00 -9999.00 -9999.00 -9999.00 -9999.00 -9999.00 -9999.00 -9999.00 -9999.00 -9999.00 -9999.00 -9999.00 -9999.00 -9999.00 -9999.00 -9999.00 -9999.00 -9999.00 -9999.00 -9999.00 -9999.00 -9999.00 -9999.00 -9999.00 -9999.00 -9999.00 -9999.00 -9999.00 -9999.00 -9999.00 -9999.00 -9999.00 -9999.00 -9999.00 -9999.00 -9999.00 -9999.00 -9999.00 -9999.00 -9999.00 -9999.00 -9999.00 -9999.00 -9999.00 -9999.00 -9999.00 -9999.00
-9999.00 -9999.00 -9999.00 -9999.00 -9999.00 -9999.00 -9999.00 -9999.00 -9999.00 -9999.00 -9999.00 -9999.00 -9999.00 -9999.00 -9999.00 -9999.00 -9999.00 -9999.00 -9999.00 -9999.00 -9999.00 -9999.00 -9999.00 -9999.00 -9999.00 -9999.00 -9999.00 -9999.00 -9999.00 -9999.00 -9999.00 -9999.00 -9999.00 -9999.00 -9999.00 -9999.00 -9999.00 -9999.00 -9999.00 -9999.00 -9999.00 -9999.00 -9999.00 -9999.00 -9999.00 -9999.00 -9999.00 -9999.00 -9999.00 -9999.00 -9999.00 -9999.00 -9999.00 -9999.00 -9999.00 -9999.00 -9999.00 -9999.00 -9999.00 -9999.00 -9999.00 -9999.00 -9999.00 -9999.00 -9999.00 -9999.00 -9999.00 -9999.00 -9999.00 -9999.00 -9999.00
-9999.00 -9999.00 -9999.00 -9999.00 -9999.00 -9999.00 -9999.00 -9999.00 -9999.00 -9999.00 -9999.00 -9999.00 -9999.00 -9999.00 -9999.00 -9999.00 -9999.00 -9999.00 -9999.00 -9999.00 -9999.00 -9999.00 -9999.00 -9999.00 -9999.00 -9999.00 -9999.00 -9999.00 -9999.00 -9999.00 -9999.00 -9999.00 -9999.00 -9999.00 -9999.00 -9999.00 -9999.00 -9999.00 -9999.00 -9999.00 -9999.00 -9999.00 -9999.00 -9999.00 -9999.00 -9999.00 -9999.00 -9999.00 -9999.00 -9999.00 -9999.00 -9999.00 -9999.00 -9999.00 -9999.00 -9999.00 -9999.00 -9999.00 -9999.00 -9999.00 -9999.00 -9999.00 -9999.00 -9999.00 -9999.00 -9999.00 -9999.00 -9999.00 -9999.00 -9999.00 -9999.00
-9999.00 -9999.00 -9999.00 -9999.00 -9999.00 -9999.00 -9999.00 -9999.00 -9999.00 -9999.00 -9999.00 -9999.00 -9999.00 -9999.00 -9999.00 -9999.00 -9999.00 -9999.00 -9999.00 -9999.00 -9999.00 -9999.00 -9999.00 -9999.00 -9999.00 -9999.00 -9999.00 -9999.00 -9999.00 -9999.00 -9999.00 -9999.00 -9999.00 -9999.00 -9999.00 -9999.00 -9999.00 -9999.00 -9999.00 -9999.00 -9999.00 -9999.00 -9999.00 -9999.00 -9999.00 -9999.00 -9999.00 -9999.00 -9999.00 -9999.00 -9999.00 -9999.00 -9999.00 -9999.00 -9999.00 -9999.00 -9999.00 -9999.00 -9999.00 -9999.00 -9999.00 -9999.00 -9999.00 -9999.00 -9999.00 -9999.00 -9999.00 -9999.00 -9999.00 -9999.00 -9999.00
-9999.00 -9999.00 -9999.00 -9999.00 -9999.00 -9999.00 -9999.00 -9999.00 -9999.00 -9999.00 -9999.00 -9999.00 -9999.00 -9999.00 -9999.00 -9999.00 -9999.00 -9999.00 -9999.00 -9999.00 -9999.00 -9999.00 -9999.00 -9999.00 -9999.00 -9999.00 -9999.00 -9999.00 -9999.00 -9999.00 -9999.00 -9999.00 -9999.00 -9999.00 -9999.00 -9999.00 -9999.00 -9999.00 -9999.00 -9999.00 -9999.00 -9999.00 -9999.00 -9999.00 -9999.00 -9999.00 -9999.00 -9999.00 -9999.00 -9999.00 -9999.00 -9999.00 -9999.00 -9999.00 -9999.00 -9999.00 -9999.00 -9999.00 -9999.00 -9999.00 -9999.00 -9999.00 -9999.00 -9999.00 -9999.00 -9999.00 -9999.00 -9999.00 -9999.00 -9999.00 -9999.00
-9999.00 -9999.00 -9999.00 -9999.00 -9999.00 -9999.00 -9999.00 -9999.00 -9999.00 -9999.00 -9999.00 -9999.00 -9999.00 -9999.00 -9999.00 -9999.00 -9999.00 -9999.00 -9999.00 -9999.00 -9999.00 -9999.00 -9999.00 -9999.00 -9999.00 -9999.00 -9999.00 -9999.00 -9999.00 -9999.00 -9999.00 -9999.00 -9999.00 -9999.00 -9999.00 -9999.00 -9999.00 -9999.00 -9999.00 -9999.00 -9999.00 -9999.00 -9999.00 -9999.00 -9999.00 -9999.00 -9999.00 -9999.00 -9999.00 -9999.00 -9999.00 -9999.00 -9999.00 -9999.00 -9999.00 -9999.00 -9999.00 -9999.00 -9999.00 -9999.00 -9999.00 -9999.00 -9999.00 -9999.00 -9999.00 -9999.00 -9999.00 -9999.00 -9999.00 -9999.00 -9999.00
