maui/input/air_temperature_monthly/tmindec_250m_maui.asc
ncols        356
nrows        236
xllcorner    -156.702000000000
yllcorner    20.529750000000
cellsize     0.002250000000
NODATA_value  -99.00
[rows 192 to 223 of 236, columns 142 to 212 of 356]
14.58 14.38 14.30 14.18 14.05 13.97 13.95 13.88 13.80 13.65 13.58 13.52 13.54 13.43 13.38 13.39 13.40 13.40 13.45 13.50 13.56 13.57 13.58 13.57 13.71 13.74 13.75 13.85 13.90 13.97 14.08 13.99 13.92 13.88 13.88 13.88 13.86 13.92 13.92 13.90 14.06 14.22 14.31 14.36 14.43 14.52 14.61 14.75 14.83 14.96 15.03 15.13 15.29 15.45 15.66 15.78 15.91 15.89 15.96 16.05 16.22 16.22 16.34 16.43 16.48 16.64 16.72 16.92 17.11 17.35 17.48
14.74 14.69 14.63 14.54 14.42 14.36 14.29 14.25 14.17 13.99 13.91 13.89 13.81 13.73 13.69 13.75 13.74 13.71 13.76 13.82 13.85 13.84 13.91 13.94 14.07 14.05 14.18 14.22 14.42 14.48 14.30 14.20 14.09 14.06 14.08 14.15 14.20 14.17 14.24 14.26 14.34 14.50 14.59 14.63 14.74 14.76 14.83 15.03 15.12 15.28 15.30 15.46 15.54 15.72 15.91 16.05 16.29 16.23 16.32 16.38 16.49 16.59 16.65 16.76 16.80 16.94 17.09 17.32 17.45 17.61 18.35
14.98 14.95 14.96 14.94 14.79 14.66 14.62 14.54 14.44 14.32 14.24 14.18 14.10 13.98 13.93 13.96 13.99 14.04 14.08 14.14 14.21 14.18 14.26 14.23 14.38 14.41 14.42 14.54 14.59 14.55 14.49 14.39 14.20 14.14 14.15 14.24 14.40 14.43 14.50 14.56 14.65 14.81 14.90 14.93 15.01 15.07 15.11 15.27 15.50 15.50 15.61 15.75 15.83 15.96 16.12 16.31 16.45 16.78 16.67 16.71 16.76 16.92 17.00 17.00 17.12 17.21 17.49 17.60 17.79 17.96 18.12
15.19 15.23 15.24 15.20 15.07 14.97 14.90 14.82 14.77 14.59 14.53 14.43 14.38 14.31 14.16 14.21 14.23 14.38 14.38 14.41 14.54 14.51 14.56 14.58 14.59 14.62 14.71 14.71 14.68 14.66 14.62 14.12 14.00 14.15 13.87 14.45 14.54 14.63 14.74 14.85 14.92 15.07 15.22 15.26 15.30 15.37 15.41 15.51 15.71 15.90 15.89 15.95 16.05 16.21 16.37 16.53 16.71 16.88 16.95 16.98 17.08 17.32 17.32 17.30 17.45 17.54 17.66 17.96 18.06 18.18 18.33
15.50 15.47 15.49 15.42 15.37 15.36 15.23 15.13 15.04 14.92 14.80 14.72 14.67 14.61 14.51 14.49 14.57 14.57 14.70 14.74 14.87 14.92 14.88 14.91 14.92 14.91 14.93 14.94 14.87 14.86 14.85 14.20 14.49 14.25 14.64 14.83 14.96 14.94 15.00 15.10 15.16 15.35 15.43 15.53 15.61 15.66 15.66 15.80 15.97 16.12 16.23 16.23 16.34 16.47 16.61 16.81 16.95 17.19 17.31 17.36 17.43 17.48 17.67 17.67 17.71 17.88 18.00 18.19 18.29 18.38 -9999.00
15.65 15.67 15.65 15.60 15.56 15.58 15.53 15.44 15.31 15.13 15.04 14.96 14.93 14.85 14.79 14.77 14.84 14.97 15.00 15.09 15.13 15.21 15.15 15.15 15.14 15.25 15.25 15.23 15.19 15.23 15.38 15.19 14.97 14.92 15.08 15.11 15.16 15.28 15.31 15.45 15.52 15.63 15.69 15.84 15.88 15.99 16.01 16.00 16.25 16.38 16.53 16.59 16.64 16.75 16.95 17.16 17.34 17.47 17.75 17.66 17.67 17.73 17.91 17.98 17.97 18.17 18.24 18.38 18.52 -9999.00 -9999.00
15.93 15.91 15.82 15.83 15.76 15.76 15.72 15.62 15.55 15.43 15.35 15.21 15.22 15.13 15.08 15.14 15.31 15.35 15.34 15.31 15.38 15.42 15.44 15.46 15.50 15.51 15.52 15.54 15.49 15.53 15.57 15.44 15.33 14.73 15.28 15.37 15.44 15.54 15.61 15.73 15.78 15.87 15.93 16.04 16.20 16.24 16.35 16.36 16.54 16.63 16.86 16.85 16.98 17.08 17.22 17.42 17.60 17.70 17.83 17.94 17.97 18.03 18.17 18.22 18.24 18.38 18.52 18.58 -9999.00 -9999.00 -9999.00
16.17 16.11 16.03 16.00 15.80 15.34 15.69 15.87 15.82 15.74 15.59 15.53 15.49 15.47 15.46 15.60 15.65 15.63 15.68 15.67 15.67 15.67 15.67 15.66 15.70 15.70 15.75 15.74 15.67 15.74 15.73 15.63 15.38 15.28 15.21 15.76 15.79 15.81 15.88 16.02 16.07 16.17 16.15 16.26 16.41 16.58 16.62 16.66 16.84 16.98 17.16 17.22 17.28 17.35 17.49 17.68 17.82 17.89 18.00 18.13 18.26 18.38 18.46 18.52 18.59 18.65 -9999.00 -9999.00 -9999.00 -9999.00 -9999.00
16.33 16.24 16.19 16.10 15.70 15.75 15.95 16.05 16.03 15.97 15.83 15.84 15.81 15.80 15.84 15.86 15.92 15.93 15.97 15.96 15.97 15.94 15.86 15.95 15.94 15.88 15.94 15.89 15.89 15.95 15.89 15.93 15.86 15.65 15.68 16.11 16.12 16.13 16.21 16.28 16.39 16.45 16.46 16.61 16.65 16.77 16.95 17.10 17.22 17.28 17.46 17.50 17.58 17.62 17.73 17.86 18.03 18.19 18.25 18.29 18.41 18.63 18.72 -9999.00 -9999.00 -9999.00 -9999.00 -9999.00 -9999.00 -9999.00 -9999.00
16.50 16.44 16.39 16.41 16.34 16.12 16.08 16.17 16.27 16.16 16.05 16.09 16.08 16.09 16.10 16.10 16.10 16.15 16.18 16.17 16.19 16.19 16.10 16.05 16.08 16.10 16.16 16.13 16.11 16.14 16.16 16.17 16.03 15.95 16.01 16.28 16.37 16.40 16.46 16.49 16.60 16.72 16.76 16.84 16.92 17.09 17.22 17.37 17.50 17.58 17.69 17.74 17.83 17.92 17.98 18.15 18.18 18.39 18.51 18.55 18.67 -9999.00 -9999.00 -9999.00 -9999.00 -9999.00 -9999.00 -9999.00 -9999.00 -9999.00 -9999.00
16.75 16.59 16.52 16.53 16.53 16.42 16.25 16.35 16.42 16.36 16.28 16.31 16.33 16.33 16.41 16.41 16.37 16.33 16.38 16.42 16.45 16.42 16.41 16.35 16.45 16.38 16.37 16.34 16.34 16.37 16.37 16.40 16.30 16.30 16.37 16.58 16.67 16.70 16.73 16.77 16.84 16.92 17.03 17.13 17.26 17.33 17.53 17.62 17.74 17.85 17.94 17.94 18.01 18.12 18.23 18.33 18.44 18.60 18.73 -9999.00 -9999.00 -9999.00 -9999.00 -9999.00 -9999.00 -9999.00 -9999.00 -9999.00 -9999.00 -9999.00 -9999.00
16.94 16.83 16.80 16.78 16.71 16.58 16.42 16.42 16.40 16.55 16.51 16.57 16.59 16.57 16.60 16.66 16.63 16.59 16.66 16.68 16.66 16.69 16.70 16.72 16.59 16.60 16.57 16.51 16.50 16.59 16.65 16.64 16.54 16.58 16.68 16.85 16.91 16.93 16.98 17.06 17.12 17.21 17.35 17.42 17.54 17.58 17.77 17.93 17.97 18.10 18.21 18.21 18.27 18.37 18.41 18.55 18.71 -9999.00 -9999.00 -9999.00 -9999.00 -9999.00 -9999.00 -9999.00 -9999.00 -9999.00 -9999.00 -9999.00 -9999.00 -9999.00 -9999.00
17.23 17.08 17.06 17.01 16.89 16.81 16.71 16.72 17.01 16.95 16.82 16.76 16.87 16.84 16.90 16.91 16.87 16.86 16.95 16.96 16.97 16.95 16.94 16.90 16.94 16.92 16.83 16.76 16.74 16.80 16.87 16.89 16.85 16.87 16.97 17.10 17.13 17.16 17.22 17.28 17.40 17.50 17.65 17.73 17.81 17.77 17.98 18.12 18.28 18.38 18.45 18.47 18.53 18.58 18.67 -9999.00 -9999.00 -9999.00 -9999.00 -9999.00 -9999.00 -9999.00 -9999.00 -9999.00 -9999.00 -9999.00 -9999.00 -9999.00 -9999.00 -9999.00 -9999.00
17.42 17.34 17.26 17.17 17.14 17.05 17.00 16.98 17.11 17.25 17.17 17.03 17.13 17.17 17.13 17.13 17.12 17.21 17.19 17.21 17.22 17.20 17.18 17.36 17.26 17.19 17.07 17.00 17.01 17.08 17.09 17.10 17.14 17.12 17.18 17.33 17.40 17.40 17.47 17.56 17.65 17.73 17.84 18.02 18.13 18.21 18.28 18.39 18.47 18.56 18.65 -9999.00 -9999.00 -9999.00 -9999.00 -9999.00 -9999.00 -9999.00 -9999.00 -9999.00 -9999.00 -9999.00 -9999.00 -9999.00 -9999.00 -9999.00 -9999.00 -9999.00 -9999.00 -9999.00 -9999.00
17.62 17.53 17.43 17.43 17.39 17.30 17.26 17.27 17.34 17.44 17.44 17.38 17.48 17.44 17.39 17.39 17.33 17.44 17.45 17.43 17.48 17.51 17.50 17.55 17.47 17.41 17.32 17.28 17.27 17.30 17.33 17.37 17.44 17.40 17.47 17.58 17.64 17.67 17.68 17.77 17.85 18.00 18.16 18.26 18.44 18.53 18.52 18.62 18.75 18.76 -9999.00 -9999.00 -9999.00 -9999.00 -9999.00 -9999.00 -9999.00 -9999.00 -9999.00 -9999.00 -9999.00 -9999.00 -9999.00 -9999.00 -9999.00 -9999.00 -9999.00 -9999.00 -9999.00 -9999.00 -9999.00
17.72 17.69 17.68 17.67 17.64 17.55 17.54 17.54 17.59 17.56 17.73 17.71 17.75 17.56 17.62 17.66 17.64 17.69 17.70 17.72 17.76 17.76 17.79 17.70 17.66 17.63 17.59 17.59 17.58 17.58 17.62 17.61 17.66 17.69 17.76 17.82 17.87 17.94 17.96 18.01 18.07 18.19 18.43 18.57 18.72 18.83 18.80 -9999.00 -9999.00 -9999.00 -9999.00 -9999.00 -9999.00 -9999.00 -9999.00 -9999.00 -9999.00 -9999.00 -9999.00 -9999.00 -9999.00 -9999.00 -9999.00 -9999.00 -9999.00 -9999.00 -9999.00 -9999.00 -9999.00 -9999.00 -9999.00
17.94 17.90 17.91 17.92 17.85 17.78 17.81 17.83 17.83 17.81 17.88 17.97 18.02 17.86 17.90 17.85 17.90 17.97 17.97 17.93 17.95 17.94 17.99 17.99 17.90 17.84 17.85 17.87 17.87 17.90 17.90 17.97 17.94 18.00 18.02 18.08 18.12 18.16 18.21 18.25 18.32 18.42 18.55 18.78 -9999.00 -9999.00 -9999.00 -9999.00 -9999.00 -9999.00 -9999.00 -9999.00 -9999.00 -9999.00 -9999.00 -9999.00 -9999.00 -9999.00 -9999.00 -9999.00 -9999.00 -9999.00 -9999.00 -9999.00 -9999.00 -9999.00 -9999.00 -9999.00 -9999.00 -9999.00 -9999.00
18.19 18.27 18.21 18.15 18.10 18.04 18.09 18.10 18.08 18.06 18.05 18.15 18.14 18.06 18.11 18.13 18.16 18.17 18.19 18.21 18.22 18.29 18.21 18.19 18.25 18.18 18.17 18.24 18.17 18.18 18.19 18.31 18.28 18.29 18.25 18.31 18.38 18.40 18.45 18.51 18.53 18.61 18.77 -9999.00 -9999.00 -9999.00 -9999.00 -9999.00 -9999.00 -9999.00 -9999.00 -9999.00 -9999.00 -9999.00 -9999.00 -9999.00 -9999.00 -9999.00 -9999.00 -9999.00 -9999.00 -9999.00 -9999.00 -9999.00 -9999.00 -9999.00 -9999.00 -9999.00 -9999.00 -9999.00 -9999.00
18.45 18.45 18.45 18.37 18.32 18.28 18.29 18.35 18.40 18.38 18.34 18.39 18.31 18.36 18.29 18.43 18.38 18.37 18.39 18.47 18.51 18.55 18.54 18.44 18.51 18.53 18.51 18.56 18.45 18.44 18.49 18.56 18.59 18.52 18.51 18.55 18.58 18.64 18.68 18.75 18.73 18.82 -9999.00 -9999.00 -9999.00 -9999.00 -9999.00 -9999.00 -9999.00 -9999.00 -9999.00 -9999.00 -9999.00 -9999.00 -9999.00 -9999.00 -9999.00 -9999.00 -9999.00 -9999.00 -9999.00 -9999.00 -9999.00 -9999.00 -9999.00 -9999.00 -9999.00 -9999.00 -9999.00 -9999.00 -9999.00
18.63 18.61 18.57 18.55 18.50 18.45 18.46 18.51 18.52 18.54 18.52 18.51 18.58 18.59 18.65 18.67 18.65 18.70 18.62 18.62 18.70 18.76 18.78 18.74 18.74 18.76 18.80 18.85 18.80 18.72 18.76 18.78 18.78 18.73 18.71 18.74 18.77 18.79 18.85 18.84 18.87 -9999.00 -9999.00 -9999.00 -9999.00 -9999.00 -9999.00 -9999.00 -9999.00 -9999.00 -9999.00 -9999.00 -9999.00 -9999.00 -9999.00 -9999.00 -9999.00 -9999.00 -9999.00 -9999.00 -9999.00 -9999.00 -9999.00 -9999.00 -9999.00 -9999.00 -9999.00 -9999.00 -9999.00 -9999.00 -9999.00
18.72 18.67 18.62 18.63 18.57 18.57 18.55 18.62 18.60 18.60 18.57 18.56 18.63 18.74 -9999.00 -9999.00 -9999.00 -9999.00 18.79 18.72 -9999.00 -9999.00 -9999.00 -9999.00 -9999.00 -9999.00 -9999.00 -9999.00 -9999.00 -9999.00 -9999.00 -9999.00 -9999.00 -9999.00 -9999.00 -9999.00 -9999.00 -9999.00 -9999.00 -9999.00 -9999.00 -9999.00 -9999.00 -9999.00 -9999.00 -9999.00 -9999.00 -9999.00 -9999.00 -9999.00 -9999.00 -9999.00 -9999.00 -9999.00 -9999.00 -9999.00 -9999.00 -9999.00 -9999.00 -9999.00 -9999.00 -9999.00 -9999.00 -9999.00 -9999.00 -9999.00 -9999.00 -9999.00 -9999.00 -9999.00 -9999.00
18.76 18.70 18.68 18.66 18.62 18.62 18.65 18.68 18.68 18.70 18.65 18.66 -9999.00 -9999.00 -9999.00 -9999.00 -9999.00 -9999.00 -9999.00 -9999.00 -9999.00 -9999.00 -9999.00 -9999.00 -9999.00 -9999.00 -9999.00 -9999.00 -9999.00 -9999.00 -9999.00 -9999.00 -9999.00 -9999.00 -9999.00 -9999.00 -9999.00 -9999.00 -9999.00 -9999.00 -9999.00 -9999.00 -9999.00 -9999.00 -9999.00 -9999.00 -9999.00 -9999.00 -9999.00 -9999.00 -9999.00 -9999.00 -9999.00 -9999.00 -9999.00 -9999.00 -9999.00 -9999.00 -9999.00 -9999.00 -9999.00 -9999.00 -9999.00 -9999.00 -9999.00 -9999.00 -9999.00 -9999.00 -9999.00 -9999.00 -9999.00
-9999.00 18.81 18.73 18.71 18.71 18.72 18.74 18.72 18.78 -9999.00 -9999.00 -9999.00 -9999.00 -9999.00 -9999.00 -9999.00 -9999.00 -9999.00 -9999.00 -9999.00 -9999.00 -9999.00 -9999.00 -9999.00 -9999.00 -9999.00 -9999.00 -9999.00 -9999.00 -9999.00 -9999.00 -9999.00 -9999.00 -9999.00 -9999.00 -9999.00 -9999.00 -9999.00 -9999.00 -9999.00 -9999.00 -9999.00 -9999.00 -9999.00 -9999.00 -9999.00 -9999.00 -9999.00 -9999.00 -9999.00 -9999.00 -9999.00 -9999.00 -9999.00 -9999.00 -9999.00 -9999.00 -9999.00 -9999.00 -9999.00 -9999.00 -9999.00 -9999.00 -9999.00 -9999.00 -9999.00 -9999.00 -9999.00 -9999.00 -9999.00 -9999.00
-9999.00 -9999.00 18.87 18.78 18.81 18.83 -9999.00 -9999.00 -9999.00 -9999.00 -9999.00 -9999.00 -9999.00 -9999.00 -9999.00 -9999.00 -9999.00 -9999.00 -9999.00 -9999.00 -9999.00 -9999.00 -9999.00 -9999.00 -9999.00 -9999.00 -9999.00 -9999.00 -9999.00 -9999.00 -9999.00 -9999.00 -9999.00 -9999.00 -9999.00 -9999.00 -9999.00 -9999.00 -9999.00 -9999.00 -9999.00 -9999.00 -9999.00 -9999.00 -9999.00 -9999.00 -9999.00 -9999.00 -9999.00 -9999.00 -9999.00 -9999.00 -9999.00 -9999.00 -9999.00 -9999.00 -9999.00 -9999.00 -9999.00 -9999.00 -9999.00 -9999.00 -9999.00 -9999.00 -9999.00 -9999.00 -9999.00 -9999.00 -9999.00 -9999.00 -9999.00
-9999.00 -9999.00 -9999.00 -9999.00 -9999.00 -9999.00 -9999.00 -9999.00 -9999.00 -9999.00 -9999.00 -9999.00 -9999.00 -9999.00 -9999.00 -9999.00 -9999.00 -9999.00 -9999.00 -9999.00 -9999.00 -9999.00 -9999.00 -9999.00 -9999.00 -9999.00 -9999.00 -9999.00 -9999.00 -9999.00 -9999.00 -9999.00 -9999.00 -9999.00 -9999.00 -9999.00 -9999.00 -9999.00 -9999.00 -9999.00 -9999.00 -9999.00 -9999.00 -9999.00 -9999.00 -9999.00 -9999.00 -9999.00 -9999.00 -9999.00 -9999.00 -9999.00 -9999.00 -9999.00 -9999.00 -9999.00 -9999.00 -9999.00 -9999.00 -9999.00 -9999.00 -9999.00 -9999.00 -9999.00 -9999.00 -9999.00 -9999.00 -9999.00 -9999.00 -9999.00 -9999.00
-9999.00 -9999.00 -9999.00 -9999.00 -9999.00 -9999.00 -9999.00 -9999.00 -9999.00 -9999.00 -9999.00 -9999.00 -9999.00 -9999.00 -9999.00 -9999.00 -9999.00 -9999.00 -9999.00 -9999.00 -9999.00 -9999.00 -9999.00 -9999.00 -9999.00 -9999.00 -9999.00 -9999.00 -9999.00 -9999.00 -9999.00 -9999.00 -9999.00 -9999.00 -9999.00 -9999.00 -9999.00 -9999.00 -9999.00 -9999.00 -9999.00 -9999.00 -9999.00 -9999.00 -9999.00 -9999.00 -9999.00 -9999.00 -9999.00 -9999.00 -9999.00 -9999.00 -9999.00 -9999.00 -9999.00 -9999.00 -9999.00 -9999.00 -9999.00 -9999.00 -9999.00 -9999.00 -9999.00 -9999.00 -9999.00 -9999.00 -9999.00 -9999.00 -9999.00 -9999.00 -9999.00
-9999.00 -9999.00 -9999.00 -9999.00 -9999.00 -9999.00 -9999.00 -9999.00 -9999.00 -9999.00 -9999.00 -9999.00 -9999.00 -9999.00 -9999.00 -9999.00 -9999.00 -9999.00 -9999.00 -9999.00 -9999.00 -9999.00 -9999.00 -9999.00 -9999.00 -9999.00 -9999.00 -9999.00 -9999.00 -9999.00 -9999.00 -9999.00 -9999.00 -9999.00 -9999.00 -9999.00 -9999.00 -9999.00 -9999.00 -9999.00 -9999.00 -9999.00 -9999.00 -9999.00 -9999.00 -9999.00 -9999.00 -9999.00 -9999.00 -9999.00 -9999.00 -9999.00 -9999.00 -9999.00 -9999.00 -9999.00 -9999.00 -9999.00 -9999.00 -9999.00 -9999.00 -9999.00 -9999.00 -9999.00 -9999.00 -9999.00 -9999.00 -9999.00 -9999.00 -9999.00 -9999.00
-9999.00 -9999.00 -9999.00 -9999.00 -9999.00 -9999.00 -9999.00 -9999.00 -9999.00 -9999.00 -9999.00 -9999.00 -9999.00 -9999.00 -9999.00 -9999.00 -9999.00 -9999.00 -9999.00 -9999.00 -9999.00 -9999.00 -9999.00 -9999.00 -9999.00 -9999.00 -9999.00 -9999.00 -9999.00 -9999.00 -9999.00 -9999.00 -9999.00 -9999.00 -9999.00 -9999.00 -9999.00 -9999.00 -9999.00 -9999.00 -9999.00 -9999.00 -9999.00 -9999.00 -9999.00 -9999.00 -9999.00 -9999.00 -9999.00 -9999.00 -9999.00 -9999.00 -9999.00 -9999.00 -9999.00 -9999.00 -9999.00 -9999.00 -9999.00 -9999.00 -9999.00 -9999.00 -9999.00 -9999.00 -9999.00 -9999.00 -9999.00 -9999.00 -9999.00 -9999.00 -9999.00
-9999.00 -9999.00 -9999.00 -9999.00 -9999.00 -9999.00 -9999.00 -9999.00 -9999.00 -9999.00 -9999.00 -9999.00 -9999.00 -9999.00 -9999.00 -9999.00 -9999.00 -9999.00 -9999.00 -9999.00 -9999.00 -9999.00 -9999.00 -9999.00 -9999.00 -9999.00 -9999.00 -9999.00 -9999.00 -9999.00 -9999.00 -9999.00 -9999.00 -9999.00 -9999.00 -9999.00 -9999.00 -9999.00 -9999.00 -9999.00 -9999.00 -9999.00 -9999.00 -9999.00 -9999.00 -9999.00 -9999.00 -9999.00 -9999.00 -9999.00 -9999.00 -9999.00 -9999.00 -9999.00 -9999.00 -9999.00 -9999.00 -9999.00 -9999.00 -9999.00 -9999.00 -9999.00 -9999.00 -9999.00 -9999.00 -9999.00 -9999.00 -9999.00 -9999.00 -9999.00 -9999.00
-9999.00 -9999.00 -9999.00 -9999.00 -9999.00 -9999.00 -9999.00 -9999.00 -9999.00 -9999.00 -9999.00 -9999.00 -9999.00 -9999.00 -9999.00 -9999.00 -9999.00 -9999.00 -9999.00 -9999.00 -9999.00 -9999.00 -9999.00 -9999.00 -9999.00 -9999.00 -9999.00 -9999.00 -9999.00 -9999.00 -9999.00 -9999.00 -9999.00 -9999.00 -9999.00 -9999.00 -9999.00 -9999.00 -9999.00 -9999.00 -9999.00 -9999.00 -9999.00 -9999.00 -9999.00 -9999.00 -9999.00 -9999.00 -9999.00 -9999.00 -9999.00 -9999.00 -9999.00 -9999.00 -9999.00 -9999.00 -9999.00 -9999.00 -9999.00 -9999.00 -9999.00 -9999.00 -9999.00 -9999.00 -9999.00 -9999.00 -9999.00 -9999.00 -9999.00 -9999.00 -9999.00
-9999.00 -9999.00 -9999.00 -9999.00 -9999.00 -9999.00 -9999.00 -9999.00 -9999.00 -9999.00 -9999.00 -9999.00 -9999.00 -9999.00 -9999.00 -9999.00 -9999.00 -9999.00 -9999.00 -9999.00 -9999.00 -9999.00 -9999.00 -9999.00 -9999.00 -9999.00 -9999.00 -9999.00 -9999.00 -9999.00 -9999.00 -9999.00 -9999.00 -9999.00 -9999.00 -9999.00 -9999.00 -9999.00 -9999.00 -9999.00 -9999.00 -9999.00 -9999.00 -9999.00 -9999.00 -9999.00 -9999.00 -9999.00 -9999.00 -9999.00 -9999.00 -9999.00 -9999.00 -9999.00 -9999.00 -9999.00 -9999.00 -9999.00 -9999.00 -9999.00 -9999.00 -9999.00 -9999.00 -9999.00 -9999.00 -9999.00 -9999.00 -9999.00 -9999.00 -9999.00 -9999.00
-9999.00 -9999.00 -9999.00 -9999.00 -9999.00 -9999.00 -9999.00 -9999.00 -9999.00 -9999.00 -9999.00 -9999.00 -9999.00 -9999.00 -9999.00 -9999.00 -9999.00 -9999.00 -9999.00 -9999.00 -9999.00 -9999.00 -9999.00 -9999.00 -9999.00 -9999.00 -9999.00 -9999.00 -9999.00 -9999.00 -9999.00 -9999.00 -9999.00 -9999.00 -9999.00 -9999.00 -9999.00 -9999.00 -9999.00 -9999.00 -9999.00 -9999.00 -9999.00 -9999.00 -9999.00 -9999.00 -9999.00 -9999.00 -9999.00 -9999.00 -9999.00 -9999.00 -9999.00 -9999.00 -9999.00 -9999.00 -9999.00 -9999.00 -9999.00 -9999.00 -9999.00 -9999.00 -9999.00 -9999.00 -9999.00 -9999.00 -9999.00 -9999.00 -9999.00 -9999.00 -9999.00
