maui/input/air_temperature_monthly/tminaug_250m_maui.asc
ncols        356
nrows        236
xllcorner    -156.702000000000
yllcorner    20.529750000000
cellsize     0.002250000000
NODATA_value  -99.00
[rows 32 to 63 of 236, columns 0 to 70 of 356]
-9999.00 -9999.00 -9999.00 -9999.00 -9999.00 -9999.00 -9999.00 -9999.00 -9999.00 -9999.00 -9999.00 -9999.00 -9999.00 21.73 21.67 21.53 21.55 21.44 21.33 21.19 20.97 21.01 20.75 20.53 20.30 20.17 20.74 20.18 20.02 19.84 19.76 20.07 19.43 19.33 19.12 19.20 19.27 19.51 19.35 18.85 18.94 19.27 18.96 19.53 19.24 20.28 20.21 19.10 18.95 19.29 19.06 18.60 19.04 19.35 18.99 19.03 19.11 19.59 19.60 19.43 19.87 20.05 19.89 20.55 20.72 20.41 20.83 21.38 20.65 20.41 20.37
-9999.00 -9999.00 -9999.00 -9999.00 -9999.00 -9999.00 -9999.00 -9999.00 -9999.00 -9999.00 -9999.00 -9999.00 -9999.00 21.72 21.57 21.51 21.43 21.41 21.31 21.16 21.07 20.85 20.69 20.60 20.31 20.09 20.08 20.50 19.87 20.03 19.61 19.79 19.72 19.25 19.12 18.95 19.29 19.39 19.19 19.17 18.73 18.91 19.06 19.45 19.12 19.33 20.43 19.93 19.04 18.87 18.70 18.45 19.24 19.00 18.48 19.03 18.82 19.26 19.38 19.24 19.61 19.57 20.11 20.26 20.30 20.17 21.23 20.78 20.39 20.21 20.34
-9999.00 -9999.00 -9999.00 -9999.00 -9999.00 -9999.00 -9999.00 -9999.00 -9999.00 -9999.00 -9999.00 -9999.00 21.78 21.62 21.51 21.50 21.37 21.30 21.19 21.03 20.90 20.76 20.65 20.39 20.18 19.90 19.82 19.87 20.17 19.70 19.73 19.19 19.06 19.35 19.03 18.87 19.01 19.60 18.98 19.09 18.58 18.88 18.68 18.61 19.24 19.06 19.26 20.24 19.42 18.77 18.64 18.30 18.90 18.57 18.17 18.38 18.76 19.51 18.66 18.83 19.23 19.68 19.82 19.33 19.82 20.15 21.18 20.17 19.78 20.35 20.95
-9999.00 -9999.00 -9999.00 -9999.00 -9999.00 -9999.00 -9999.00 -9999.00 -9999.00 -9999.00 -9999.00 -9999.00 21.78 21.64 21.49 21.47 21.30 21.15 21.03 20.83 20.80 20.65 20.50 20.37 20.11 20.05 19.68 19.58 19.41 20.14 19.30 19.28 18.99 19.16 18.94 18.74 18.85 19.36 18.65 18.57 18.28 18.68 18.52 18.60 19.01 18.48 18.94 20.02 19.28 18.36 18.71 18.05 18.46 18.71 18.01 18.07 18.76 19.05 18.36 18.53 19.20 19.74 19.22 19.27 19.45 20.65 20.82 19.52 19.49 20.26 20.39
-9999.00 -9999.00 -9999.00 -9999.00 -9999.00 -9999.00 -9999.00 -9999.00 -9999.00 -9999.00 -9999.00 21.81 21.69 21.60 21.43 21.25 21.20 21.20 20.94 20.82 20.65 20.69 20.36 20.24 20.30 19.93 19.83 19.47 19.33 19.62 19.72 18.94 18.84 18.82 18.99 18.87 18.57 19.35 18.48 18.20 18.41 18.48 18.22 18.45 18.83 18.60 19.09 19.43 19.70 18.69 18.49 18.17 18.23 18.17 18.04 17.83 18.64 18.95 18.18 18.24 18.96 19.37 18.61 19.07 19.87 20.94 20.06 19.30 19.64 20.06 19.90
-9999.00 -9999.00 -9999.00 -9999.00 -9999.00 -9999.00 -9999.00 -9999.00 -9999.00 -9999.00 21.82 21.80 21.73 21.63 21.38 21.23 21.08 20.91 20.96 20.68 20.49 20.48 20.29 20.21 20.03 20.06 19.62 19.54 19.22 19.04 19.78 18.91 18.68 18.65 18.93 18.76 18.34 19.05 18.35 17.93 18.17 17.98 17.99 18.19 18.69 18.39 18.59 18.75 19.59 19.24 18.12 17.95 17.66 17.67 17.74 17.83 18.68 18.04 17.88 18.54 18.80 19.06 18.69 19.33 20.16 20.28 19.41 19.75 19.89 19.75 20.13
-9999.00 -9999.00 -9999.00 -9999.00 -9999.00 -9999.00 -9999.00 -9999.00 -9999.00 -9999.00 21.82 21.71 21.58 21.57 21.39 21.33 21.00 20.85 20.74 20.66 20.63 20.28 20.12 20.10 19.98 19.78 19.80 19.55 19.28 18.97 19.13 19.18 18.49 18.39 18.79 18.24 18.04 18.75 18.48 17.75 17.72 17.89 17.77 17.90 18.22 18.11 18.19 18.19 19.16 19.46 18.00 18.05 17.31 17.43 17.41 17.73 18.23 17.61 17.71 18.14 18.69 18.79 19.23 20.16 19.94 19.46 19.46 19.41 19.56 19.97 20.25
-9999.00 -9999.00 -9999.00 -9999.00 -9999.00 -9999.00 -9999.00 -9999.00 -9999.00 21.83 21.77 21.60 21.50 21.42 21.36 21.18 21.07 21.15 20.74 20.58 20.42 20.26 20.29 19.98 19.89 19.78 19.50 19.37 19.16 18.94 18.74 19.45 18.59 18.27 18.19 18.15 17.81 18.14 18.49 17.75 17.59 17.53 17.44 17.79 18.08 17.48 17.63 17.78 18.61 19.64 18.24 17.67 17.45 17.18 17.22 17.74 17.89 17.39 17.43 18.08 18.39 18.68 19.58 20.41 19.09 19.25 19.37 19.23 19.43 20.07 19.97
-9999.00 -9999.00 -9999.00 -9999.00 -9999.00 -9999.00 -9999.00 -9999.00 -9999.00 21.83 21.76 21.60 21.47 21.37 21.23 21.14 21.00 20.89 20.76 20.78 20.38 20.21 19.96 19.92 19.84 19.58 19.33 19.32 19.03 18.81 18.57 18.55 18.88 19.02 18.64 17.95 17.86 17.92 18.75 17.80 17.49 17.18 16.98 17.48 17.64 17.10 17.37 17.70 18.41 19.60 18.46 17.33 17.20 17.00 17.02 17.89 17.47 17.12 17.31 17.77 18.08 18.51 18.74 20.12 18.83 19.02 18.87 19.36 19.53 19.57 19.53
-9999.00 -9999.00 -9999.00 -9999.00 -9999.00 -9999.00 -9999.00 -9999.00 -9999.00 21.76 21.65 21.54 21.44 21.32 21.19 21.04 20.95 20.85 20.75 20.71 20.45 20.43 20.08 19.82 19.73 19.67 19.52 19.18 18.98 18.67 18.49 18.40 18.36 18.10 18.53 18.23 17.80 17.67 18.19 18.39 17.58 17.18 17.16 17.11 17.03 16.95 17.35 17.07 17.50 19.53 18.70 17.47 17.03 16.81 17.05 17.41 17.44 17.02 17.23 17.62 18.06 18.39 19.69 19.77 18.68 18.74 18.78 19.49 18.95 18.84 18.75
-9999.00 -9999.00 -9999.00 -9999.00 -9999.00 -9999.00 -9999.00 -9999.00 21.81 21.71 21.63 21.54 21.45 21.26 21.08 20.97 20.87 20.83 20.71 20.53 20.45 20.29 20.09 19.97 19.70 19.67 19.32 19.17 19.16 18.88 18.41 18.25 18.25 18.10 17.66 18.67 17.73 17.56 17.45 17.66 17.57 17.16 16.80 16.86 16.65 16.88 17.24 17.00 16.98 18.43 18.99 17.56 16.68 16.49 17.02 17.22 17.23 16.86 17.03 17.49 17.82 19.02 19.41 19.29 18.38 18.47 18.62 18.64 18.77 18.36 18.69
-9999.00 -9999.00 -9999.00 -9999.00 -9999.00 -9999.00 -9999.00 -9999.00 21.76 21.66 21.56 21.42 21.36 21.20 21.02 20.90 20.80 20.80 20.68 20.55 20.37 20.10 20.25 19.82 19.75 19.62 19.25 19.30 18.80 18.65 18.78 18.23 18.03 17.76 17.60 18.11 17.93 17.51 17.11 17.58 17.31 16.99 16.22 16.29 16.30 16.79 16.69 16.68 16.78 18.12 18.98 18.28 17.17 16.30 16.98 17.06 17.04 16.61 16.97 17.44 17.76 19.32 18.88 18.62 18.11 18.45 18.34 18.23 18.60 18.24 18.61
-9999.00 -9999.00 -9999.00 -9999.00 -9999.00 -9999.00 -9999.00 21.85 21.76 21.63 21.51 21.36 21.24 21.14 20.99 20.85 20.76 20.71 20.62 20.45 20.29 20.07 19.83 19.69 19.58 19.37 19.27 19.08 18.86 18.61 18.50 18.15 17.99 17.66 17.41 17.29 18.12 17.28 17.15 16.90 17.58 16.84 15.93 15.67 15.99 16.66 16.40 16.33 16.56 16.97 18.42 18.80 17.62 16.48 16.57 16.69 16.96 16.40 16.95 16.97 17.93 19.20 17.97 17.87 18.00 18.24 17.76 17.99 18.26 18.10 18.66
-9999.00 -9999.00 -9999.00 -9999.00 -9999.00 -9999.00 -9999.00 21.84 21.76 21.68 21.55 21.39 21.24 21.14 20.99 20.88 20.78 20.66 20.57 20.40 20.24 20.01 19.80 19.60 19.43 19.70 19.10 18.86 18.87 18.48 18.38 17.92 17.64 17.55 17.21 17.17 17.52 17.24 16.76 16.59 17.30 16.70 15.93 15.35 15.66 16.47 16.06 15.94 16.31 16.48 18.21 18.22 16.89 16.27 16.16 16.52 16.81 16.46 16.83 17.03 18.41 18.79 18.05 17.62 17.79 18.04 17.67 17.67 18.13 18.13 18.48
-9999.00 -9999.00 -9999.00 -9999.00 -9999.00 -9999.00 -9999.00 21.82 21.70 21.55 21.43 21.41 21.22 21.12 20.99 20.94 20.81 20.64 20.49 20.35 20.16 20.08 19.78 19.56 19.46 19.23 19.52 18.97 18.66 18.41 18.45 17.91 17.59 17.33 17.27 17.00 17.29 17.27 16.58 16.03 17.29 16.75 15.75 15.16 16.04 15.89 15.78 15.77 15.99 16.49 17.70 18.69 17.00 15.78 16.20 16.57 16.62 16.11 16.64 17.31 18.85 17.47 17.75 17.11 17.41 17.27 17.50 17.91 18.16 18.45 19.17
-9999.00 -9999.00 -9999.00 -9999.00 -9999.00 -9999.00 21.85 21.80 21.69 21.51 21.42 21.29 21.28 21.10 21.00 20.91 20.80 20.65 20.49 20.36 20.12 19.96 19.84 19.67 19.49 19.23 19.04 19.17 19.14 18.38 18.08 17.85 17.94 17.58 17.15 16.89 17.37 16.68 16.66 16.32 16.83 16.25 15.65 15.25 15.73 15.96 15.46 15.72 15.54 16.82 17.97 18.57 16.84 15.82 16.18 15.95 16.14 16.23 16.77 17.30 18.35 17.05 17.22 16.80 16.54 16.75 17.25 17.70 18.37 18.79 19.04
-9999.00 -9999.00 -9999.00 -9999.00 -9999.00 -9999.00 21.85 21.77 21.64 21.49 21.42 21.28 21.19 21.10 21.01 20.94 20.78 20.65 20.50 20.32 20.14 19.97 19.84 19.66 19.46 19.19 19.09 18.72 18.52 18.72 18.57 18.12 17.60 17.33 17.27 16.90 17.17 16.90 16.27 16.19 15.90 16.36 16.09 15.63 15.46 15.79 15.20 15.04 15.49 16.83 17.65 18.24 17.00 15.77 15.83 15.95 15.73 16.10 16.55 18.12 17.34 16.75 16.78 16.26 16.70 17.22 17.18 17.58 17.65 18.20 18.55
-9999.00 -9999.00 -9999.00 -9999.00 -9999.00 21.86 21.85 21.72 21.59 21.48 21.43 21.34 21.22 21.12 21.02 20.91 20.75 20.64 20.49 20.35 20.22 20.04 19.86 19.62 19.40 19.16 18.92 18.63 18.44 18.41 17.89 17.65 18.20 17.97 17.35 16.81 16.68 16.89 16.50 15.88 15.68 15.41 15.90 15.64 15.68 15.05 15.01 14.69 15.31 16.35 16.37 17.46 17.34 16.08 15.58 15.78 15.40 16.21 17.72 17.45 16.25 16.17 16.39 16.24 16.74 16.75 17.27 16.97 16.97 18.17 18.16
-9999.00 -9999.00 -9999.00 -9999.00 21.86 21.86 21.84 21.76 21.68 21.56 21.51 21.49 21.40 21.16 21.07 20.96 20.78 20.63 20.49 20.32 20.17 19.99 19.77 19.59 19.39 19.07 18.81 18.55 18.29 18.05 18.22 17.53 17.19 17.64 17.55 17.50 16.91 16.35 16.56 16.44 16.20 15.54 15.20 15.73 15.07 14.85 15.12 14.45 15.39 16.11 15.62 17.25 17.35 15.81 15.39 15.33 15.20 16.57 17.87 15.93 15.79 15.95 16.02 16.41 16.36 16.79 16.33 16.37 16.80 17.45 17.91
-9999.00 -9999.00 -9999.00 -9999.00 21.86 21.86 21.84 21.71 21.61 21.50 21.50 21.34 21.24 21.30 21.22 20.97 20.76 20.60 20.46 20.35 20.16 20.04 19.80 19.54 19.31 19.09 18.85 18.68 18.33 17.89 17.68 17.74 17.55 16.83 16.96 16.25 17.02 16.52 15.83 15.94 15.44 15.82 15.10 15.05 15.15 14.54 14.48 14.24 14.95 15.32 15.06 16.29 17.83 16.32 14.96 14.89 15.58 15.72 17.60 15.60 15.49 15.53 15.82 16.21 16.25 16.59 16.44 16.85 17.06 18.18 18.87
-9999.00 -9999.00 -9999.00 -9999.00 21.87 21.86 21.81 21.66 21.63 21.51 21.39 21.36 21.21 21.10 20.99 20.92 20.75 20.70 20.52 20.51 20.51 20.02 19.78 19.55 19.32 19.08 18.81 18.48 18.14 18.26 18.09 17.59 17.12 16.80 17.00 16.33 16.04 17.03 16.06 15.46 15.71 15.42 14.98 14.57 15.23 14.55 14.30 14.09 14.71 15.08 14.66 16.20 17.58 16.14 14.73 15.33 15.02 15.40 17.03 15.33 15.05 14.78 15.53 15.94 16.61 17.07 17.31 17.46 18.32 19.33 20.03
-9999.00 -9999.00 -9999.00 -9999.00 21.87 21.85 21.72 21.63 21.53 21.50 21.40 21.28 21.18 21.13 21.05 20.91 20.77 20.63 20.47 20.30 20.14 20.19 20.13 19.61 19.30 19.08 18.70 18.39 18.14 17.74 17.50 17.20 17.35 16.90 16.36 16.41 15.96 15.88 15.94 16.10 15.08 15.14 14.97 14.46 14.59 14.25 13.89 14.06 14.97 14.86 14.38 15.88 17.38 15.75 14.63 14.61 14.73 15.21 16.47 14.87 14.60 14.80 15.11 15.78 16.43 16.81 16.90 18.04 19.58 20.16 20.40
-9999.00 -9999.00 -9999.00 -9999.00 21.87 21.79 21.69 21.57 21.50 21.41 21.36 21.33 21.24 21.07 21.00 20.88 20.73 20.58 20.45 20.27 20.19 19.95 19.74 19.50 19.75 19.58 19.25 18.60 18.12 17.73 17.33 16.96 16.80 16.64 16.88 15.88 15.45 15.07 15.10 15.90 15.99 15.03 14.76 14.24 14.19 14.02 13.86 13.63 14.35 14.43 14.79 16.30 16.77 15.28 14.34 14.22 14.26 14.95 16.87 14.66 14.73 14.75 14.82 15.26 15.49 16.26 17.05 17.85 18.67 19.96 20.26
-9999.00 -9999.00 -9999.00 -9999.00 21.86 21.78 21.64 21.52 21.45 21.39 21.29 21.20 21.18 21.11 20.99 20.88 20.84 20.66 20.48 20.32 20.09 19.92 19.78 19.62 19.34 19.08 18.71 19.06 19.10 18.30 17.88 17.23 16.67 16.38 15.99 16.19 15.86 14.94 14.93 15.24 15.09 15.20 14.38 14.00 13.88 14.35 13.55 13.42 13.93 13.80 14.68 15.62 16.92 15.38 13.96 13.85 13.87 14.61 16.22 14.70 14.43 14.43 14.63 15.57 15.50 16.09 17.83 19.18 20.05 20.19 19.68
-9999.00 -9999.00 -9999.00 -9999.00 21.86 21.78 21.63 21.48 21.36 21.31 21.24 21.16 21.09 21.04 20.95 20.81 20.71 20.58 20.39 20.28 20.01 19.83 19.57 19.39 19.19 18.94 18.74 18.27 17.98 18.06 18.29 18.55 18.38 17.76 17.14 16.32 16.08 15.43 15.02 14.52 15.09 14.66 14.63 13.81 13.56 13.47 13.49 13.28 13.63 13.39 14.51 15.75 16.79 15.15 13.87 13.75 13.69 13.88 14.75 14.33 14.37 14.21 15.57 17.77 16.86 17.20 18.55 19.86 19.50 19.27 18.66
-9999.00 -9999.00 -9999.00 21.87 21.85 21.76 21.55 21.42 21.35 21.19 21.19 21.10 21.02 20.98 20.87 20.80 20.67 20.53 20.34 20.13 19.99 19.75 19.45 19.19 18.94 18.82 18.72 18.51 17.99 17.52 17.32 16.85 16.99 17.06 17.28 17.86 17.20 17.25 16.68 15.62 14.24 14.23 14.73 13.98 13.30 13.20 13.79 13.17 12.83 12.84 13.61 14.99 16.69 14.92 13.43 13.32 13.28 14.09 14.29 13.75 14.09 14.32 15.65 17.65 18.58 19.15 19.48 19.43 18.10 17.38 17.32
-9999.00 -9999.00 -9999.00 21.87 21.83 21.73 21.61 21.45 21.28 21.18 21.09 21.08 20.98 20.88 20.83 20.74 20.62 20.46 20.28 20.03 19.85 19.67 19.40 19.04 18.83 18.64 18.50 18.03 18.16 17.40 17.12 16.80 16.33 16.00 15.80 17.15 17.19 15.36 15.30 15.90 14.70 14.00 13.81 14.18 13.80 12.92 12.92 12.91 12.56 12.78 14.08 16.00 15.37 14.49 13.23 12.97 13.17 13.57 13.96 13.15 14.43 16.06 17.60 18.34 18.82 17.88 19.00 19.59 17.79 16.47 16.70
-9999.00 -9999.00 21.86 21.84 21.80 21.72 21.62 21.49 21.33 21.18 21.08 21.02 20.94 20.86 20.77 20.68 20.56 20.40 20.20 19.96 19.80 19.53 19.35 19.23 18.98 18.63 18.25 17.92 17.60 17.44 17.33 17.16 16.41 15.95 15.51 15.32 16.29 16.36 14.49 14.70 15.39 13.93 13.64 13.78 13.21 12.96 12.70 12.93 12.29 12.54 13.77 15.42 15.87 14.15 12.72 12.63 12.90 13.04 13.54 12.86 15.11 17.24 17.82 17.83 17.53 17.15 18.90 19.47 17.57 16.25 16.23
-9999.00 -9999.00 -9999.00 21.85 21.79 21.69 21.58 21.50 21.36 21.14 21.06 21.00 20.94 20.84 20.74 20.66 20.56 20.40 20.26 19.93 19.72 19.51 19.30 19.07 18.81 18.53 18.22 17.79 17.45 17.15 17.08 16.52 16.54 16.16 15.47 15.02 15.21 15.92 15.04 13.93 14.85 14.94 14.04 13.02 13.14 12.67 12.45 12.40 11.99 12.70 14.26 16.12 14.52 14.24 12.52 12.12 12.09 12.34 12.86 12.16 13.74 14.35 15.07 15.44 16.94 18.75 19.26 19.20 17.73 16.04 15.75
-9999.00 -9999.00 21.88 21.88 21.85 21.73 21.63 21.50 21.30 21.12 21.02 20.97 20.92 20.83 20.72 20.63 20.54 20.35 20.15 19.93 19.74 19.55 19.39 19.11 18.82 18.49 18.07 18.20 17.56 17.03 16.72 16.37 16.09 15.91 15.69 15.10 14.69 15.67 15.34 14.34 13.57 13.70 14.24 13.98 13.02 12.90 12.14 11.94 11.68 12.65 14.17 15.65 14.16 13.53 12.32 11.16 10.86 11.61 11.72 12.35 13.69 13.08 14.18 15.84 17.68 19.11 17.68 17.59 16.94 15.40 15.72
-9999.00 -9999.00 21.88 21.88 21.88 21.82 21.68 21.58 21.44 21.17 21.09 21.03 20.94 20.83 20.70 20.58 20.50 20.36 20.16 19.97 19.82 19.59 19.41 18.98 18.73 18.39 18.13 17.74 17.37 17.31 17.21 16.32 15.94 15.66 15.37 14.97 14.61 14.28 15.09 13.67 13.41 13.16 13.55 13.24 13.35 12.83 12.34 11.62 11.38 12.10 13.67 15.29 15.57 13.30 12.49 11.23 10.56 10.53 11.20 11.85 12.88 12.95 14.31 16.22 17.73 18.83 17.70 16.05 15.49 15.34 15.83
-9999.00 -9999.00 21.88 21.88 21.86 21.83 21.71 21.54 21.44 21.28 21.18 21.08 20.98 20.88 20.82 20.67 20.54 20.40 20.18 19.98 19.77 19.51 19.23 18.91 18.84 18.52 18.24 17.82 17.49 16.98 16.62 16.26 16.27 15.88 15.25 14.80 14.47 14.09 14.42 14.76 13.63 13.06 12.75 12.40 13.05 12.27 12.29 11.38 10.88 11.60 13.08 14.48 15.16 13.86 11.69 11.46 10.52 10.75 11.31 12.33 13.12 13.45 15.04 16.50 17.78 18.39 17.63 16.11 15.51 16.95 17.51
