maui/input/air_temperature_monthly/tminaug_250m_maui.asc
ncols        356
nrows        236
xllcorner    -156.702000000000
yllcorner    20.529750000000
cellsize     0.002250000000
NODATA_value  -99.00
[rows 128 to 159 of 236, columns 213 to 283 of 356]
7.65 7.78 7.83 7.96 8.11 8.41 9.52 10.15 10.49 10.56 10.71 10.69 10.78 10.92 11.01 11.05 10.81 10.94 10.99 11.13 11.38 11.61 11.61 11.64 11.73 11.83 11.96 12.06 12.12 12.20 12.31 12.43 12.46 12.60 12.70 12.66 12.57 12.59 12.63 12.69 12.57 12.43 12.40 12.41 12.44 12.52 12.51 12.53 12.54 12.90 13.78 13.79 13.21 12.93 13.01 13.12 13.09 13.23 13.39 13.48 13.54 13.69 13.90 14.15 14.35 14.61 14.68 14.84 15.00 15.13 15.25
7.33 7.49 7.54 8.50 9.21 9.56 9.70 9.89 10.01 10.21 10.29 10.24 10.36 10.44 10.48 10.53 10.59 10.64 10.81 11.01 11.22 11.37 11.47 11.46 11.62 11.67 11.83 11.85 12.03 12.14 12.29 12.33 12.36 12.45 12.75 12.55 12.43 12.42 12.38 12.47 12.40 12.24 12.21 12.22 12.28 12.30 12.32 12.32 12.48 13.57 13.68 13.56 12.91 12.71 12.75 12.84 12.85 12.94 13.11 13.13 13.19 13.28 13.46 13.68 13.95 14.07 14.22 14.40 14.53 14.69 14.77
7.10 7.33 8.44 9.65 9.61 9.61 9.65 9.68 9.75 9.91 9.80 9.75 9.85 10.01 10.08 10.11 10.27 10.47 10.63 10.90 10.95 11.13 11.28 11.27 11.31 11.44 11.55 11.68 11.84 11.98 12.13 12.17 12.25 12.53 12.44 12.37 12.30 12.21 12.19 12.24 12.25 12.07 11.97 12.01 12.03 12.08 12.12 12.17 12.71 13.40 13.42 12.79 12.57 12.51 12.50 12.64 12.60 12.64 12.79 12.84 12.92 13.02 13.11 13.28 13.51 13.55 13.70 13.89 14.04 14.25 14.13
6.76 7.96 9.54 9.68 9.61 9.56 9.52 9.49 9.54 9.45 9.27 9.22 9.39 9.58 9.74 9.88 9.99 10.17 10.44 10.48 10.67 10.88 10.91 11.01 11.00 11.22 11.34 11.44 11.60 11.77 11.92 11.89 12.09 12.22 12.21 12.14 12.06 12.02 11.96 12.04 12.08 11.89 11.83 11.80 11.79 11.80 11.82 11.87 12.65 13.01 12.79 12.15 12.16 12.27 12.29 12.31 12.25 12.27 12.34 12.43 12.58 12.69 12.81 12.94 13.00 13.01 13.16 13.41 13.62 13.74 13.77
6.43 7.69 8.71 9.23 9.58 9.40 9.27 9.15 9.02 8.98 8.74 8.70 8.88 9.17 9.26 9.49 9.72 9.99 10.09 10.22 10.45 10.50 10.55 10.70 10.73 10.87 10.96 11.08 11.47 11.56 11.66 11.71 11.89 11.91 11.94 11.87 11.84 11.81 11.76 11.79 11.81 11.69 11.60 11.57 11.48 11.43 11.45 11.47 11.91 12.17 11.88 11.66 11.83 12.04 12.04 12.03 11.98 11.93 11.91 12.06 12.23 12.34 12.40 12.48 12.51 12.59 12.73 12.90 13.15 13.33 13.63
6.48 7.66 7.27 7.44 8.63 9.08 8.92 8.71 8.63 8.61 8.44 8.40 8.52 8.67 9.02 9.19 9.46 9.59 9.65 9.92 9.88 10.05 10.22 10.21 10.34 10.45 10.64 10.99 11.12 11.33 11.27 11.46 11.54 11.59 11.60 11.60 11.52 11.54 11.46 11.48 11.54 11.59 11.26 11.23 11.21 11.12 11.07 11.09 11.16 11.27 11.25 11.29 11.46 11.62 11.79 11.73 11.70 11.70 11.69 11.78 11.93 11.95 12.04 12.14 12.14 12.21 12.22 12.44 12.68 12.92 13.25
6.20 6.45 6.48 6.79 7.00 7.88 8.25 8.38 8.42 8.39 8.26 8.15 8.25 8.32 8.62 8.91 9.12 9.08 9.21 9.40 9.43 9.58 9.75 9.76 9.96 10.15 10.38 10.62 10.79 10.89 10.97 11.11 11.15 11.17 11.21 11.19 11.13 11.07 11.11 10.99 11.16 11.22 10.92 10.94 10.95 10.83 10.74 10.75 10.62 10.61 10.76 10.90 11.10 11.24 11.45 11.46 11.49 11.50 11.46 11.52 11.52 11.57 11.68 11.78 11.79 11.78 11.87 12.10 12.27 12.54 12.90
6.05 6.10 6.24 6.34 6.98 7.95 8.06 8.25 8.24 8.13 8.07 8.05 8.13 8.12 8.14 8.43 8.65 8.57 8.62 8.92 8.95 9.18 9.29 9.33 9.66 9.77 10.02 10.26 10.37 10.50 10.44 10.66 10.76 10.72 10.71 10.72 10.64 10.58 10.56 10.58 10.72 10.70 10.56 10.65 10.62 10.51 10.37 10.40 10.23 10.25 10.39 10.56 10.66 10.92 11.23 11.23 11.32 11.33 11.27 11.30 11.28 11.31 11.33 11.34 11.37 11.45 11.57 11.75 11.92 12.20 12.64
5.95 6.15 6.62 6.88 7.03 7.86 7.96 8.12 8.09 7.96 7.97 7.95 8.03 7.98 8.01 7.83 7.92 7.88 8.00 8.18 8.42 8.64 8.84 9.03 9.17 9.33 9.60 9.87 9.81 10.04 9.95 10.11 10.17 10.19 10.22 10.19 10.09 10.09 10.08 10.15 10.30 10.25 10.27 10.20 10.16 10.11 9.99 10.05 9.98 9.97 10.05 10.15 10.31 10.58 10.81 11.00 11.09 11.07 11.10 11.12 11.08 11.03 10.98 11.02 11.12 11.17 11.26 11.41 11.57 11.95 12.31
6.23 6.60 7.03 7.58 7.63 7.71 7.83 7.91 7.96 7.86 7.75 7.80 7.96 7.93 7.92 7.34 7.13 7.25 7.65 7.72 8.12 8.25 8.34 8.57 8.56 8.90 9.01 9.26 9.26 9.34 9.63 9.56 9.63 9.58 9.57 9.43 9.48 9.56 9.53 9.59 9.73 9.71 9.85 9.68 9.64 9.55 9.62 9.71 9.72 9.69 9.72 9.88 10.03 10.33 10.64 10.78 10.84 10.85 10.98 10.93 10.88 10.73 10.75 10.76 10.81 10.90 11.02 11.11 11.34 11.58 12.06
6.32 6.93 7.52 7.60 7.64 7.65 7.74 7.78 7.79 7.70 7.70 7.71 7.79 7.84 7.88 7.43 6.56 6.59 7.13 7.12 7.28 7.62 7.72 8.04 7.90 8.23 8.48 8.70 8.67 8.81 9.01 8.89 8.98 8.98 8.95 8.83 8.86 8.88 9.07 9.04 9.12 9.26 9.29 9.12 9.03 9.16 8.97 9.28 9.41 9.30 9.37 9.60 9.91 10.22 10.51 10.55 10.58 10.67 10.70 10.63 10.54 10.53 10.52 10.55 10.57 10.63 10.79 10.90 11.14 11.41 11.81
6.46 6.94 7.58 7.60 7.58 7.58 7.60 7.62 7.64 7.61 7.54 7.62 7.70 7.82 7.90 7.16 6.33 6.57 6.57 6.63 6.76 6.89 7.16 7.27 7.35 7.56 7.88 7.99 7.96 8.19 8.31 8.27 8.23 8.29 8.18 8.07 8.12 8.18 8.62 8.38 8.37 8.65 8.64 8.46 8.49 8.96 8.28 8.47 8.83 8.90 8.98 9.32 9.78 10.05 10.10 10.19 10.34 10.48 10.54 10.44 10.36 10.39 10.32 10.30 10.33 10.43 10.54 10.71 10.95 11.14 11.49
6.79 7.29 7.47 7.38 7.44 7.47 7.37 7.50 7.48 7.44 7.51 7.54 7.64 7.80 7.84 7.67 6.70 6.22 6.34 6.45 6.39 6.46 6.60 6.62 6.70 7.04 7.28 7.37 7.35 7.51 7.54 7.59 7.45 7.57 7.43 7.32 7.49 7.70 7.90 7.73 7.78 8.02 7.96 7.86 7.94 8.37 8.06 8.19 8.54 8.52 8.68 8.96 9.30 9.70 9.73 9.94 10.09 10.29 10.17 9.98 10.25 10.14 10.08 10.03 10.03 10.19 10.33 10.55 10.82 10.99 11.40
6.74 6.97 7.11 7.17 7.32 7.34 7.23 7.26 7.32 7.33 7.36 7.48 7.56 7.63 7.73 7.68 7.05 6.37 6.05 6.17 6.08 6.18 6.24 6.41 6.41 6.56 6.62 6.70 6.71 6.87 6.87 6.81 6.74 6.89 6.82 6.56 6.80 7.07 7.16 7.08 7.38 7.36 7.25 7.30 7.53 7.78 7.47 8.12 8.29 8.31 8.37 8.67 9.00 9.22 9.41 9.61 9.66 9.92 9.81 9.72 9.64 9.71 9.75 9.77 9.84 9.90 10.10 10.41 10.61 10.76 10.87
6.34 6.74 6.95 7.02 7.19 7.18 7.04 7.07 7.17 7.11 7.18 7.30 7.35 7.33 7.60 7.43 7.03 6.36 5.84 5.81 5.81 5.99 5.97 6.09 6.22 6.28 6.35 6.42 6.42 6.51 6.52 6.47 6.46 6.50 6.48 6.36 6.40 6.51 6.61 6.57 6.74 6.51 6.53 6.68 7.20 7.14 7.18 7.57 7.90 8.03 8.06 8.33 8.74 9.08 9.19 9.11 9.11 9.17 9.39 9.32 9.23 9.27 9.44 9.54 9.64 9.58 9.26 9.45 10.02 10.50 10.83
6.54 6.74 6.75 6.86 6.97 6.91 6.85 6.86 7.01 7.01 7.11 7.23 7.19 7.13 6.69 6.73 6.70 6.33 5.92 5.49 5.55 5.67 5.74 5.80 5.94 6.02 6.09 6.19 6.20 6.26 6.28 6.28 6.32 6.34 6.30 6.22 6.31 6.32 6.28 6.33 6.27 6.15 6.11 6.19 6.54 6.81 7.27 7.14 7.15 7.55 7.60 7.81 8.18 8.51 8.58 8.83 8.75 9.04 9.18 9.08 9.00 9.12 9.22 9.40 9.52 9.53 9.44 9.70 10.16 10.53 10.82
6.70 6.71 6.71 6.75 6.76 6.72 6.73 6.74 6.81 6.83 6.99 6.94 7.15 7.09 6.75 6.20 6.13 5.97 5.71 5.32 5.43 5.52 5.60 5.64 5.73 5.79 5.87 5.95 5.94 6.02 6.03 6.08 6.14 6.19 6.12 6.12 6.17 6.08 6.06 6.09 6.06 5.94 5.93 5.97 6.02 6.24 6.72 6.62 6.76 7.02 7.41 7.32 7.75 8.07 8.31 8.72 8.89 8.95 8.97 8.95 8.96 9.07 9.19 9.41 9.81 10.36 10.42 10.32 10.80 10.59 10.85
6.69 6.68 6.69 6.71 6.68 6.67 6.69 6.69 6.75 6.77 6.78 6.79 6.76 7.04 7.00 6.55 5.91 5.65 5.51 5.66 5.85 5.98 6.09 6.10 6.08 6.08 6.06 5.87 5.76 5.77 5.83 5.87 5.97 6.01 5.97 5.95 5.96 5.93 5.88 5.85 5.84 5.81 5.79 5.90 6.24 6.44 6.65 6.65 6.76 7.28 7.48 7.42 7.69 8.32 8.61 8.81 8.84 8.86 8.87 8.90 8.95 9.02 9.09 9.41 10.15 10.69 11.07 11.09 11.46 11.32 10.53
6.65 6.66 6.67 6.69 6.65 6.63 6.65 6.68 6.72 6.73 6.74 6.72 6.69 6.70 6.66 6.56 6.09 5.79 5.83 5.90 6.11 6.33 6.44 6.48 6.43 6.43 6.47 6.43 6.26 6.20 6.15 6.08 5.83 5.81 5.85 5.78 5.76 5.76 5.75 5.74 5.77 5.76 5.90 6.29 7.80 8.09 8.60 7.25 6.80 7.20 7.46 7.62 7.69 8.04 8.69 8.76 8.79 8.82 8.81 8.77 8.81 8.94 8.98 10.01 11.01 11.41 11.59 11.71 11.87 11.91 11.02
6.59 6.62 6.64 6.61 6.61 6.65 6.66 6.70 6.71 6.71 6.72 6.70 6.68 6.63 6.53 6.35 6.22 6.05 6.02 6.09 6.27 6.55 6.66 6.66 6.62 6.70 6.76 6.81 6.66 6.54 6.48 6.38 6.04 6.32 6.35 6.12 5.83 5.96 6.05 6.06 6.00 6.07 6.28 6.15 7.29 8.43 8.92 8.95 8.01 7.39 7.52 8.17 7.66 7.67 8.35 8.72 8.52 8.60 8.70 8.33 8.57 8.66 9.04 10.12 11.19 12.01 11.92 12.06 12.15 12.32 12.11
6.54 6.58 6.62 6.57 6.60 6.65 6.67 6.71 6.70 6.70 6.70 6.70 6.67 6.69 6.64 6.57 6.41 6.24 6.21 6.20 6.43 6.62 6.72 6.72 6.73 6.83 7.03 7.17 7.20 7.07 7.03 6.53 6.28 6.36 6.36 6.32 6.04 6.19 6.15 6.37 6.41 6.92 6.78 6.86 7.02 8.60 8.94 9.22 8.87 8.59 8.67 8.91 7.85 8.46 8.57 8.86 8.48 8.53 8.46 8.51 8.73 9.70 10.27 10.67 11.49 12.17 12.28 12.24 12.36 12.50 12.59
6.49 6.49 6.52 6.54 6.58 6.62 6.66 6.70 6.70 6.68 6.62 6.66 6.67 6.58 6.44 6.55 6.39 6.53 6.55 6.61 6.68 6.68 6.77 6.80 6.91 6.94 7.11 7.23 7.31 7.36 7.44 7.17 6.53 6.39 6.38 6.32 6.00 6.17 6.55 6.59 6.90 7.28 7.44 7.38 6.99 8.34 9.35 9.58 10.00 9.65 9.68 9.39 8.76 8.93 9.80 9.70 9.55 9.21 9.03 9.27 9.28 9.91 10.00 10.27 11.28 11.86 12.53 12.49 12.56 12.70 12.89
6.37 6.40 6.44 6.51 6.55 6.62 6.65 6.69 6.68 6.60 6.57 6.56 6.57 6.51 6.41 6.37 6.55 6.59 6.61 6.67 6.70 6.72 6.80 6.92 7.00 7.09 7.26 7.30 7.30 7.36 7.38 7.44 7.12 6.87 6.81 6.81 5.95 6.46 6.63 7.12 7.13 7.37 7.62 8.01 7.64 8.78 9.48 9.66 10.00 10.67 10.75 11.14 10.36 10.44 11.21 11.59 11.14 10.02 10.14 9.86 10.17 10.61 11.01 11.49 12.25 12.56 12.69 12.72 12.71 12.87 13.03
6.28 6.08 6.23 6.44 6.48 6.47 6.51 6.47 6.55 6.52 6.52 6.51 6.40 6.44 6.54 6.56 6.58 6.57 6.59 6.68 6.70 6.71 6.75 6.94 7.10 7.20 7.34 7.37 7.42 7.38 7.39 7.37 7.35 7.10 7.08 7.11 6.36 6.00 6.92 7.49 7.56 7.58 7.79 8.03 8.38 8.38 9.54 9.87 10.06 10.38 10.72 11.03 11.30 11.51 11.53 11.97 11.95 10.62 11.13 11.03 10.66 11.26 11.69 12.03 12.50 12.77 12.77 12.84 12.82 12.94 13.22
6.28 5.99 6.09 6.36 6.39 6.43 6.50 6.44 6.38 6.48 6.52 6.55 6.34 6.41 6.54 6.49 6.56 6.57 6.63 6.66 6.68 6.71 6.84 6.95 7.12 7.21 7.31 7.42 7.06 7.22 7.34 7.33 7.41 7.42 7.35 7.36 7.26 5.77 6.10 7.38 7.79 7.88 7.97 8.42 8.67 8.84 9.12 9.61 10.14 10.39 10.63 10.87 11.20 11.56 11.78 12.01 12.05 10.85 12.80 12.46 11.82 10.99 11.80 12.67 12.74 12.89 12.86 12.97 13.00 13.10 13.32
6.31 6.30 6.35 6.43 6.48 6.52 6.53 6.41 6.44 6.56 6.61 6.61 6.60 6.53 6.57 6.56 6.57 6.60 6.62 6.64 6.67 6.72 6.82 6.90 7.11 7.24 7.41 7.45 7.36 7.46 7.39 7.34 7.42 7.44 7.45 7.38 7.31 6.97 5.92 6.23 7.32 7.84 8.43 8.60 8.74 8.90 9.08 9.42 10.17 10.53 10.66 10.89 11.28 11.60 11.83 12.00 12.11 12.08 12.42 13.28 12.81 12.00 11.37 12.78 12.91 12.95 12.96 13.04 13.12 13.28 13.50
6.33 6.36 6.39 6.47 6.49 6.53 6.52 6.53 6.41 6.61 6.64 6.63 6.61 6.59 6.57 6.57 6.59 6.60 6.58 6.46 6.65 6.77 6.84 6.95 7.11 7.21 7.37 7.47 7.58 7.72 7.68 7.57 7.59 7.56 7.47 7.38 7.32 6.64 5.56 5.44 6.22 7.08 8.39 8.73 8.88 9.01 9.18 9.32 9.55 9.98 10.74 11.07 11.33 11.68 11.89 12.08 12.20 12.35 12.39 13.51 13.57 13.04 11.50 12.58 12.89 12.97 12.95 12.98 12.78 12.40 13.71
6.12 6.15 6.38 6.47 6.54 6.54 6.55 6.57 6.61 6.57 6.62 6.63 6.62 6.61 6.60 6.59 6.59 6.58 6.57 6.45 6.60 6.70 6.82 6.95 7.10 7.17 7.36 7.47 7.74 7.88 7.90 7.81 7.81 7.78 7.79 7.57 6.87 5.62 5.34 5.38 5.62 6.42 7.26 8.38 9.03 9.16 9.30 9.41 9.61 9.87 10.08 10.78 11.36 11.77 12.09 12.20 12.40 12.61 13.09 13.42 13.54 13.62 12.64 11.71 11.78 11.73 11.73 11.38 11.17 12.16 13.48
6.04 6.13 6.40 6.50 6.53 6.55 6.58 6.60 6.61 6.63 6.60 6.62 6.62 6.62 6.60 6.59 6.58 6.59 6.57 6.60 6.63 6.64 6.80 6.97 7.09 7.29 7.42 7.67 7.92 8.25 8.23 8.20 8.20 8.15 8.12 8.08 7.37 6.16 5.47 5.48 6.03 7.29 8.16 8.60 8.69 9.26 9.43 9.51 9.78 9.97 10.12 10.30 10.95 11.95 12.10 12.19 12.56 12.79 13.07 13.30 13.60 13.67 13.86 12.94 13.83 12.98 12.60 11.87 10.38 11.14 12.14
5.99 6.14 6.33 6.45 6.48 6.52 6.53 6.54 6.56 6.57 6.60 6.60 6.59 6.56 6.51 6.40 6.43 6.54 6.56 6.58 6.55 6.57 6.58 6.73 6.93 7.31 7.67 7.91 8.36 8.56 8.56 8.50 8.54 8.46 8.43 8.38 7.49 6.51 5.73 5.67 5.74 6.66 6.90 7.47 8.14 9.30 9.58 9.74 9.90 10.18 10.20 10.41 10.64 10.94 11.64 11.79 12.59 12.86 13.04 13.24 13.60 13.84 13.94 14.36 14.41 14.48 13.63 12.69 10.86 10.65 12.09
5.77 5.93 6.06 6.26 6.33 6.33 6.24 6.26 6.27 6.28 6.45 6.58 6.43 6.17 6.05 6.00 6.08 6.24 6.36 6.32 6.24 6.27 6.22 6.44 7.20 7.77 8.18 8.68 8.85 8.92 8.94 9.02 8.96 8.86 8.77 8.81 8.66 7.08 6.00 6.05 6.16 6.35 6.65 6.80 7.71 8.82 9.01 9.51 9.39 9.25 10.22 10.66 10.80 10.98 11.27 11.53 11.80 12.52 12.72 13.21 13.61 13.80 13.99 14.30 14.56 14.66 14.68 13.50 11.75 11.04 11.43
5.44 5.54 5.74 5.87 5.95 5.89 5.88 5.89 5.95 6.08 6.16 6.26 6.17 5.84 5.80 5.78 5.78 5.82 5.92 5.85 5.86 5.85 5.97 6.39 6.74 7.97 8.91 9.24 9.40 9.38 9.31 9.32 9.39 9.26 9.14 9.11 9.19 7.57 6.90 6.65 6.81 6.90 7.05 7.18 7.44 7.57 7.76 8.34 8.15 8.27 9.52 10.06 11.38 11.34 11.56 11.76 11.92 12.12 12.23 12.44 13.08 13.83 14.07 14.31 14.54 14.73 14.91 14.24 12.35 11.50 11.75
