maui/input/air_temperature_monthly/tminjan_250m_maui.asc
ncols        356
nrows        236
xllcorner    -156.702000000000
yllcorner    20.529750000000
cellsize     0.002250000000
NODATA_value  -99.00
[rows 32 to 63 of 236, columns 0 to 71 of 356]
-9999.00 -9999.00 -9999.00 -9999.00 -9999.00 -9999.00 -9999.00 -9999.00 -9999.00 -9999.00 -9999.00 -9999.00 -9999.00 17.89 17.83 17.72 17.75 17.67 17.57 17.46 17.27 17.33 17.11 16.90 16.69 16.58 17.14 16.61 16.48 16.32 16.26 16.56 15.95 15.86 15.65 15.73 15.80 16.03 15.88 15.40 15.48 15.80 15.50 16.06 15.78 16.79 16.71 15.62 15.45 15.76 15.51 15.05 15.44 15.73 15.37 15.39 15.45 15.90 15.89 15.72 16.13 16.30 16.14 16.77 16.92 16.62 17.02 17.56 16.84 16.61 16.57 16.72
-9999.00 -9999.00 -9999.00 -9999.00 -9999.00 -9999.00 -9999.00 -9999.00 -9999.00 -9999.00 -9999.00 -9999.00 -9999.00 17.87 17.74 17.70 17.63 17.63 17.55 17.43 17.36 17.17 17.04 16.96 16.69 16.50 16.51 16.93 16.33 16.51 16.11 16.30 16.24 15.79 15.67 15.50 15.84 15.94 15.75 15.73 15.30 15.48 15.63 16.01 15.68 15.88 16.95 16.46 15.58 15.38 15.20 14.93 15.68 15.43 14.90 15.41 15.19 15.59 15.69 15.54 15.89 15.84 16.35 16.48 16.52 16.39 17.41 16.97 16.59 16.42 16.55 16.82
-9999.00 -9999.00 -9999.00 -9999.00 -9999.00 -9999.00 -9999.00 -9999.00 -9999.00 -9999.00 -9999.00 -9999.00 17.92 17.77 17.67 17.68 17.57 17.52 17.43 17.29 17.19 17.08 16.99 16.75 16.56 16.31 16.25 16.32 16.63 16.20 16.24 15.73 15.61 15.90 15.59 15.44 15.58 16.16 15.56 15.67 15.18 15.48 15.29 15.22 15.83 15.66 15.84 16.80 15.98 15.33 15.18 14.83 15.39 15.04 14.63 14.81 15.15 15.86 15.01 15.15 15.52 15.95 16.07 15.59 16.05 16.36 17.36 16.38 15.99 16.55 17.14 17.35
-9999.00 -9999.00 -9999.00 -9999.00 -9999.00 -9999.00 -9999.00 -9999.00 -9999.00 -9999.00 -9999.00 -9999.00 17.90 17.78 17.65 17.64 17.49 17.35 17.26 17.09 17.09 16.97 16.84 16.73 16.49 16.46 16.12 16.05 15.90 16.63 15.83 15.82 15.55 15.72 15.52 15.33 15.44 15.94 15.25 15.19 14.92 15.31 15.16 15.24 15.64 15.12 15.57 16.62 15.88 14.97 15.29 14.63 15.00 15.23 14.52 14.55 15.18 15.43 14.74 14.86 15.50 16.01 15.49 15.53 15.69 16.85 17.01 15.75 15.72 16.46 16.59 16.45
-9999.00 -9999.00 -9999.00 -9999.00 -9999.00 -9999.00 -9999.00 -9999.00 -9999.00 -9999.00 -9999.00 17.92 17.82 17.74 17.58 17.42 17.38 17.40 17.17 17.08 16.94 17.00 16.70 16.60 16.68 16.34 16.26 15.94 15.83 16.14 16.25 15.50 15.42 15.41 15.58 15.47 15.18 15.95 15.11 14.85 15.06 15.14 14.90 15.12 15.49 15.27 15.75 16.08 16.34 15.34 15.13 14.79 14.83 14.75 14.59 14.35 15.09 15.35 14.56 14.60 15.28 15.66 14.90 15.34 16.11 17.14 16.28 15.53 15.86 16.26 16.11 16.62
-9999.00 -9999.00 -9999.00 -9999.00 -9999.00 -9999.00 -9999.00 -9999.00 -9999.00 -9999.00 17.93 17.91 17.85 17.76 17.53 17.39 17.27 17.12 17.19 16.94 16.78 16.81 16.64 16.58 16.42 16.47 16.06 16.01 15.73 15.57 16.31 15.48 15.27 15.25 15.53 15.37 14.98 15.67 15.00 14.60 14.85 14.68 14.71 14.90 15.39 15.10 15.29 15.45 16.26 15.91 14.81 14.63 14.33 14.31 14.35 14.40 15.17 14.50 14.30 14.91 15.13 15.37 15.00 15.60 16.39 16.50 15.64 15.97 16.10 15.96 16.33 16.56
-9999.00 -9999.00 -9999.00 -9999.00 -9999.00 -9999.00 -9999.00 -9999.00 -9999.00 -9999.00 17.92 17.82 17.70 17.70 17.53 17.49 17.18 17.05 16.97 16.92 16.92 16.61 16.48 16.48 16.38 16.20 16.25 16.03 15.80 15.51 15.69 15.75 15.10 15.01 15.41 14.88 14.70 15.39 15.15 14.45 14.42 14.60 14.50 14.64 14.96 14.85 14.93 14.92 15.85 16.14 14.72 14.76 14.02 14.13 14.08 14.34 14.78 14.12 14.16 14.54 15.04 15.13 15.53 16.41 16.19 15.71 15.69 15.64 15.78 16.18 16.44 16.22
-9999.00 -9999.00 -9999.00 -9999.00 -9999.00 -9999.00 -9999.00 -9999.00 -9999.00 17.93 17.87 17.71 17.62 17.55 17.50 17.34 17.25 17.34 16.96 16.84 16.70 16.58 16.64 16.35 16.29 16.20 15.96 15.86 15.68 15.49 15.31 16.02 15.20 14.90 14.84 14.81 14.48 14.82 15.18 14.46 14.31 14.27 14.20 14.55 14.85 14.27 14.41 14.55 15.34 16.33 14.96 14.41 14.19 13.92 13.93 14.39 14.49 13.95 13.93 14.51 14.78 15.02 15.88 16.67 15.37 15.51 15.61 15.47 15.65 16.27 16.17 15.81
-9999.00 -9999.00 -9999.00 -9999.00 -9999.00 -9999.00 -9999.00 -9999.00 -9999.00 17.93 17.86 17.70 17.59 17.49 17.37 17.30 17.18 17.07 16.97 17.02 16.66 16.53 16.31 16.29 16.24 16.00 15.79 15.81 15.55 15.36 15.15 15.15 15.49 15.64 15.28 14.62 14.55 14.62 15.44 14.53 14.24 13.95 13.77 14.28 14.45 13.93 14.19 14.50 15.18 16.32 15.20 14.10 13.97 13.76 13.75 14.57 14.12 13.72 13.85 14.24 14.50 14.87 15.07 16.40 15.13 15.29 15.13 15.60 15.75 15.79 15.74 15.55
-9999.00 -9999.00 -9999.00 -9999.00 -9999.00 -9999.00 -9999.00 -9999.00 -9999.00 17.86 17.75 17.64 17.55 17.44 17.33 17.19 17.11 17.03 16.95 16.94 16.72 16.73 16.43 16.19 16.12 16.09 15.97 15.67 15.50 15.23 15.08 15.01 14.98 14.74 15.18 14.90 14.50 14.39 14.91 15.12 14.35 13.98 13.98 13.95 13.89 13.82 14.21 13.92 14.32 16.29 15.47 14.27 13.83 13.60 13.80 14.13 14.12 13.65 13.81 14.13 14.50 14.78 16.02 16.07 15.00 15.03 15.05 15.73 15.19 15.07 14.98 15.31
-9999.00 -9999.00 -9999.00 -9999.00 -9999.00 -9999.00 -9999.00 -9999.00 17.90 17.80 17.73 17.64 17.55 17.37 17.21 17.12 17.03 17.00 16.91 16.76 16.71 16.59 16.42 16.33 16.09 16.09 15.77 15.65 15.68 15.43 15.00 14.86 14.88 14.75 14.35 15.34 14.44 14.29 14.20 14.42 14.37 13.99 13.67 13.75 13.56 13.79 14.14 13.89 13.86 15.26 15.79 14.39 13.52 13.31 13.80 13.95 13.93 13.52 13.64 14.04 14.31 15.42 15.77 15.62 14.72 14.78 14.91 14.92 15.03 14.61 14.93 15.15
-9999.00 -9999.00 -9999.00 -9999.00 -9999.00 -9999.00 -9999.00 -9999.00 17.85 17.76 17.66 17.52 17.46 17.31 17.15 17.04 16.96 16.98 16.87 16.77 16.62 16.39 16.57 16.17 16.12 16.02 15.69 15.77 15.32 15.20 15.35 14.84 14.68 14.43 14.29 14.80 14.64 14.25 13.88 14.37 14.13 13.86 13.13 13.23 13.26 13.74 13.65 13.62 13.70 14.99 15.82 15.12 14.02 13.15 13.78 13.81 13.75 13.30 13.61 14.02 14.28 15.74 15.27 14.98 14.46 14.77 14.65 14.52 14.87 14.50 14.85 15.18
-9999.00 -9999.00 -9999.00 -9999.00 -9999.00 -9999.00 -9999.00 17.93 17.85 17.72 17.61 17.45 17.35 17.25 17.11 16.99 16.92 16.88 16.80 16.66 16.54 16.35 16.15 16.03 15.95 15.77 15.71 15.55 15.37 15.16 15.08 14.76 14.64 14.34 14.11 14.01 14.83 14.04 13.94 13.74 14.43 13.73 12.88 12.66 12.99 13.65 13.40 13.32 13.53 13.91 15.31 15.67 14.50 13.36 13.41 13.48 13.70 13.12 13.63 13.60 14.48 15.65 14.40 14.27 14.36 14.58 14.09 14.29 14.54 14.37 14.90 15.21
-9999.00 -9999.00 -9999.00 -9999.00 -9999.00 -9999.00 -9999.00 17.92 17.84 17.77 17.64 17.49 17.34 17.24 17.11 17.01 16.93 16.83 16.75 16.61 16.47 16.28 16.11 15.95 15.80 16.09 15.54 15.33 15.38 15.03 14.96 14.54 14.30 14.23 13.93 13.90 14.26 14.01 13.58 13.45 14.18 13.64 12.92 12.37 12.70 13.51 13.10 12.97 13.31 13.47 15.14 15.14 13.83 13.20 13.04 13.35 13.59 13.21 13.53 13.68 14.97 15.28 14.51 14.04 14.17 14.39 14.01 14.00 14.43 14.41 14.73 15.15
-9999.00 -9999.00 -9999.00 -9999.00 -9999.00 -9999.00 -9999.00 17.91 17.79 17.64 17.53 17.50 17.32 17.22 17.11 17.07 16.96 16.80 16.68 16.55 16.39 16.34 16.09 15.90 15.83 15.63 15.94 15.43 15.17 14.95 15.02 14.53 14.24 14.02 13.99 13.74 14.05 14.06 13.43 12.93 14.20 13.70 12.77 12.22 13.10 12.97 12.85 12.83 13.03 13.50 14.67 15.63 13.98 12.76 13.12 13.43 13.42 12.87 13.35 13.96 15.42 14.03 14.24 13.56 13.82 13.65 13.85 14.24 14.46 14.72 15.40 15.76
-9999.00 -9999.00 -9999.00 -9999.00 -9999.00 -9999.00 17.93 17.89 17.78 17.60 17.52 17.39 17.38 17.21 17.11 17.04 16.94 16.81 16.67 16.55 16.34 16.21 16.13 16.00 15.84 15.62 15.46 15.62 15.63 14.93 14.67 14.47 14.59 14.27 13.88 13.64 14.15 13.51 13.53 13.24 13.77 13.24 12.70 12.33 12.81 13.04 12.56 12.80 12.60 13.85 14.97 15.55 13.86 12.82 13.13 12.85 12.98 13.01 13.50 13.97 14.95 13.64 13.75 13.29 12.98 13.15 13.62 14.04 14.67 15.06 15.29 15.39
-9999.00 -9999.00 -9999.00 -9999.00 -9999.00 17.94 17.94 17.86 17.73 17.59 17.52 17.38 17.29 17.20 17.12 17.06 16.92 16.81 16.67 16.50 16.35 16.22 16.12 15.98 15.81 15.56 15.50 15.17 15.02 15.25 15.13 14.74 14.26 14.02 13.99 13.66 13.96 13.73 13.16 13.14 12.89 13.37 13.14 12.71 12.56 12.89 12.32 12.16 12.59 13.89 14.69 15.26 14.03 12.80 12.81 12.87 12.61 12.91 13.30 14.78 14.00 13.38 13.35 12.79 13.16 13.63 13.56 13.93 13.98 14.49 14.81 14.77
-9999.00 -9999.00 -9999.00 -9999.00 -9999.00 17.94 17.93 17.81 17.69 17.57 17.53 17.44 17.32 17.22 17.13 17.03 16.88 16.78 16.65 16.53 16.42 16.28 16.13 15.93 15.74 15.54 15.34 15.09 14.93 14.94 14.47 14.27 14.84 14.64 14.06 13.57 13.49 13.74 13.41 12.85 12.69 12.46 12.96 12.73 12.79 12.19 12.15 11.85 12.45 13.47 13.48 14.54 14.40 13.14 12.61 12.74 12.31 13.04 14.47 14.16 12.96 12.85 13.01 12.79 13.23 13.18 13.66 13.34 13.33 14.47 14.44 14.54
-9999.00 -9999.00 -9999.00 -9999.00 17.94 17.94 17.93 17.84 17.77 17.65 17.60 17.58 17.50 17.26 17.18 17.08 16.91 16.77 16.65 16.50 16.36 16.22 16.04 15.89 15.73 15.45 15.23 15.00 14.79 14.60 14.79 14.15 13.85 14.32 14.25 14.24 13.72 13.22 13.48 13.41 13.21 12.60 12.29 12.83 12.20 12.01 12.29 11.65 12.57 13.27 12.79 14.37 14.45 12.92 12.47 12.35 12.16 13.44 14.65 12.71 12.54 12.65 12.67 12.99 12.88 13.24 12.75 12.77 13.16 13.78 14.21 15.22
-9999.00 -9999.00 -9999.00 -9999.00 17.94 17.94 17.93 17.80 17.71 17.60 17.60 17.44 17.35 17.40 17.32 17.08 16.89 16.74 16.61 16.52 16.34 16.26 16.05 15.84 15.65 15.46 15.25 15.13 14.83 14.44 14.26 14.35 14.19 13.52 13.68 13.02 13.83 13.39 12.77 12.93 12.49 12.87 12.20 12.17 12.30 11.73 11.69 11.48 12.18 12.55 12.29 13.48 14.97 13.48 12.12 11.99 12.59 12.66 14.43 12.43 12.27 12.26 12.50 12.81 12.79 13.06 12.87 13.23 13.42 14.49 15.14 16.18
-9999.00 -9999.00 -9999.00 -9999.00 17.94 17.94 17.89 17.75 17.72 17.60 17.49 17.46 17.31 17.20 17.09 17.03 16.87 16.83 16.67 16.67 16.69 16.24 16.03 15.84 15.64 15.44 15.20 14.92 14.63 14.79 14.66 14.20 13.77 13.49 13.71 13.10 12.87 13.89 13.00 12.47 12.76 12.50 12.09 11.72 12.39 11.76 11.55 11.36 11.99 12.36 11.96 13.44 14.78 13.37 11.97 12.50 12.13 12.42 13.93 12.20 11.86 11.54 12.22 12.56 13.16 13.54 13.73 13.84 14.66 15.62 16.27 16.77
-9999.00 -9999.00 -9999.00 -9999.00 17.94 17.93 17.80 17.72 17.63 17.60 17.50 17.39 17.29 17.23 17.15 17.02 16.89 16.76 16.62 16.47 16.32 16.39 16.36 15.89 15.61 15.42 15.09 14.83 14.62 14.27 14.08 13.81 13.99 13.58 13.09 13.18 12.79 12.77 12.88 13.10 12.14 12.23 12.09 11.62 11.78 11.48 11.16 11.36 12.27 12.19 11.73 13.18 14.65 13.05 11.94 11.88 11.94 12.32 13.44 11.79 11.45 11.57 11.82 12.42 13.00 13.31 13.35 14.41 15.88 16.42 16.63 16.40
-9999.00 -9999.00 -9999.00 -9999.00 17.94 17.87 17.77 17.66 17.60 17.51 17.46 17.43 17.34 17.17 17.10 16.99 16.85 16.72 16.60 16.44 16.37 16.15 15.97 15.77 16.05 15.92 15.62 15.02 14.59 14.25 13.90 13.57 13.45 13.33 13.59 12.67 12.30 11.98 12.06 12.90 13.02 12.12 11.89 11.42 11.40 11.28 11.16 10.96 11.69 11.79 12.15 13.63 14.08 12.63 11.70 11.56 11.55 12.14 13.89 11.64 11.61 11.55 11.56 11.94 12.11 12.79 13.50 14.24 15.00 16.23 16.49 15.20
-9999.00 -9999.00 -9999.00 -9999.00 17.94 17.86 17.72 17.62 17.55 17.49 17.40 17.31 17.28 17.22 17.09 16.99 16.95 16.78 16.62 16.48 16.26 16.11 16.00 15.87 15.64 15.42 15.09 15.46 15.53 14.79 14.42 13.82 13.32 13.07 12.73 12.96 12.70 11.86 11.91 12.26 12.14 12.28 11.52 11.19 11.11 11.61 10.87 10.77 11.29 11.19 12.07 12.98 14.26 12.76 11.37 11.24 11.24 11.89 13.33 11.73 11.35 11.27 11.39 12.24 12.13 12.64 14.27 15.53 16.33 16.45 15.93 14.50
-9999.00 -9999.00 -9999.00 -9999.00 17.94 17.86 17.72 17.58 17.45 17.41 17.34 17.26 17.20 17.15 17.06 16.92 16.83 16.71 16.54 16.44 16.19 16.03 15.78 15.64 15.48 15.27 15.10 14.67 14.42 14.54 14.80 15.10 14.98 14.41 13.84 13.09 12.92 12.34 12.00 11.57 12.15 11.77 11.77 11.01 10.81 10.77 10.82 10.64 11.01 10.81 11.92 13.15 14.17 12.57 11.32 11.19 11.11 11.24 11.96 11.41 11.33 11.08 12.33 14.40 13.47 13.74 14.99 16.20 15.81 15.56 14.94 14.11
-9999.00 -9999.00 -9999.00 17.95 17.92 17.84 17.64 17.51 17.44 17.29 17.29 17.21 17.13 17.09 16.99 16.92 16.79 16.65 16.48 16.29 16.17 15.94 15.66 15.43 15.23 15.14 15.08 14.90 14.41 14.00 13.84 13.43 13.61 13.73 13.98 14.59 14.01 14.11 13.62 12.64 11.34 11.36 11.89 11.20 10.57 10.51 11.12 10.55 10.25 10.30 11.07 12.44 14.09 12.38 10.92 10.81 10.74 11.47 11.58 10.90 11.09 11.22 12.43 14.32 15.17 15.67 15.92 15.81 14.46 13.73 13.64 13.40
-9999.00 -9999.00 -9999.00 17.95 17.90 17.81 17.69 17.54 17.37 17.29 17.20 17.19 17.09 16.99 16.95 16.86 16.74 16.59 16.42 16.19 16.02 15.86 15.61 15.27 15.10 14.95 14.85 14.42 14.57 13.86 13.63 13.37 12.96 12.69 12.55 13.90 13.99 12.27 12.27 12.91 11.78 11.14 11.01 11.41 11.08 10.26 10.29 10.31 10.02 10.27 11.57 13.45 12.85 11.99 10.77 10.50 10.66 11.01 11.29 10.37 11.47 12.94 14.36 15.02 15.44 14.45 15.47 15.98 14.17 12.84 13.04 13.21
-9999.00 -9999.00 17.94 17.92 17.88 17.80 17.70 17.58 17.42 17.28 17.19 17.13 17.05 16.98 16.89 16.80 16.68 16.52 16.33 16.11 15.97 15.71 15.55 15.44 15.23 14.93 14.59 14.30 14.01 13.88 13.82 13.70 13.03 12.63 12.25 12.11 13.10 13.23 11.46 11.73 12.45 11.08 10.85 11.03 10.52 10.31 10.08 10.35 9.78 10.08 11.30 12.93 13.38 11.71 10.31 10.20 10.43 10.52 10.92 10.15 12.18 14.13 14.61 14.55 14.20 13.76 15.38 15.86 13.95 12.63 12.58 13.42
-9999.00 -9999.00 -9999.00 17.93 17.87 17.77 17.66 17.59 17.45 17.24 17.17 17.11 17.05 16.96 16.86 16.78 16.68 16.52 16.39 16.07 15.89 15.69 15.50 15.28 15.05 14.81 14.54 14.16 13.84 13.59 13.55 13.06 13.13 12.82 12.19 11.79 12.02 12.77 11.99 10.97 11.92 12.06 11.24 10.30 10.46 10.04 9.86 9.86 9.52 10.27 11.82 13.65 12.11 11.84 10.15 9.72 9.67 9.87 10.29 9.51 10.90 11.36 11.96 12.23 13.62 15.31 15.73 15.60 14.11 12.41 12.10 13.02
-9999.00 -9999.00 17.96 17.96 17.93 17.81 17.71 17.59 17.39 17.22 17.13 17.08 17.03 16.95 16.84 16.76 16.66 16.47 16.28 16.07 15.89 15.72 15.58 15.31 15.05 14.76 14.38 14.54 13.94 13.46 13.19 12.90 12.68 12.56 12.39 11.85 11.50 12.52 12.27 11.36 10.67 10.86 11.43 11.23 10.34 10.27 9.57 9.44 9.25 10.25 11.77 13.22 11.79 11.18 9.98 8.82 8.50 9.19 9.22 9.72 10.89 10.16 11.13 12.64 14.35 15.66 14.20 14.04 13.34 11.79 12.08 12.76
-9999.00 -9999.00 17.97 17.96 17.96 17.90 17.77 17.67 17.53 17.27 17.20 17.13 17.05 16.94 16.82 16.71 16.63 16.48 16.29 16.11 15.97 15.76 15.59 15.19 14.95 14.64 14.42 14.08 13.74 13.72 13.65 12.84 12.52 12.30 12.06 11.73 11.41 11.15 12.00 10.70 10.51 10.33 10.77 10.51 10.66 10.20 9.78 9.14 8.98 9.73 11.31 12.92 13.21 11.01 10.20 8.94 8.26 8.19 8.75 9.26 10.14 10.07 11.27 13.02 14.40 15.41 14.24 12.56 11.95 11.76 12.21 12.62
-9999.00 -9999.00 17.97 17.96 17.94 17.91 17.80 17.63 17.53 17.37 17.28 17.18 17.09 16.99 16.94 16.79 16.66 16.53 16.31 16.12 15.92 15.67 15.42 15.11 15.05 14.76 14.52 14.14 13.86 13.39 13.07 12.77 12.82 12.49 11.94 11.54 11.25 10.95 11.35 11.75 10.73 10.24 9.99 9.69 10.36 9.64 9.72 8.91 8.50 9.26 10.75 12.17 12.87 11.63 9.50 9.24 8.29 8.45 8.89 9.77 10.41 10.58 11.99 13.31 14.48 15.00 14.19 12.64 11.99 13.33 13.84 14.06
