maui/input/air_temperature_monthly/tminjul_250m_maui.asc
ncols        356
nrows        236
xllcorner    -156.702000000000
yllcorner    20.529750000000
cellsize     0.002250000000
NODATA_value  -99.00
[rows 64 to 95 of 236, columns 71 to 141 of 356]
17.13 17.57 17.73 18.16 18.85 19.31 19.42 19.62 19.82 19.98 20.19 20.42 20.55 20.65 20.73 20.89 21.03 21.15 21.25 21.27 21.13 21.42 -9999.00 -9999.00 -9999.00 -9999.00 -9999.00 -9999.00 -9999.00 -9999.00 -9999.00 -9999.00 -9999.00 -9999.00 -9999.00 -9999.00 -9999.00 -9999.00 -9999.00 -9999.00 -9999.00 -9999.00 -9999.00 -9999.00 -9999.00 -9999.00 -9999.00 -9999.00 -9999.00 -9999.00 -9999.00 -9999.00 -9999.00 -9999.00 -9999.00 -9999.00 -9999.00 -9999.00 -9999.00 -9999.00 -9999.00 -9999.00 -9999.00 -9999.00 -9999.00 -9999.00 -9999.00 -9999.00 -9999.00 -9999.00 -9999.00
16.27 17.29 18.00 18.40 18.33 18.50 18.48 18.72 18.98 19.54 20.14 20.40 20.54 20.68 20.80 20.93 21.00 21.16 21.24 21.10 21.23 21.27 -9999.00 -9999.00 -9999.00 -9999.00 -9999.00 -9999.00 -9999.00 -9999.00 -9999.00 -9999.00 -9999.00 -9999.00 -9999.00 -9999.00 -9999.00 -9999.00 -9999.00 -9999.00 -9999.00 -9999.00 -9999.00 -9999.00 -9999.00 -9999.00 -9999.00 -9999.00 -9999.00 -9999.00 -9999.00 -9999.00 -9999.00 -9999.00 -9999.00 -9999.00 -9999.00 -9999.00 -9999.00 -9999.00 -9999.00 -9999.00 -9999.00 -9999.00 -9999.00 21.44 21.42 21.42 21.40 21.38 21.38
16.47 16.72 17.72 18.06 18.51 18.98 19.13 19.15 19.11 19.50 19.94 20.33 20.55 20.57 20.84 20.86 21.05 21.17 21.18 21.04 21.22 21.33 21.41 -9999.00 -9999.00 -9999.00 -9999.00 -9999.00 -9999.00 -9999.00 -9999.00 -9999.00 -9999.00 -9999.00 -9999.00 -9999.00 -9999.00 -9999.00 -9999.00 -9999.00 -9999.00 -9999.00 -9999.00 -9999.00 -9999.00 -9999.00 -9999.00 -9999.00 -9999.00 -9999.00 -9999.00 -9999.00 -9999.00 -9999.00 -9999.00 -9999.00 -9999.00 -9999.00 -9999.00 -9999.00 21.41 21.41 21.42 21.41 21.42 21.39 21.40 21.39 21.37 21.36 21.35
18.46 18.46 18.72 18.91 19.05 19.08 19.30 19.77 20.02 20.17 20.29 20.38 20.40 20.63 20.68 20.86 21.02 21.10 21.11 20.95 21.15 21.28 21.37 21.40 21.43 -9999.00 -9999.00 -9999.00 -9999.00 -9999.00 -9999.00 -9999.00 -9999.00 -9999.00 -9999.00 -9999.00 -9999.00 -9999.00 -9999.00 -9999.00 -9999.00 -9999.00 -9999.00 -9999.00 -9999.00 -9999.00 -9999.00 -9999.00 -9999.00 -9999.00 -9999.00 -9999.00 21.48 -9999.00 -9999.00 -9999.00 -9999.00 -9999.00 21.47 21.45 21.43 21.38 21.40 21.38 21.38 21.36 21.37 21.37 21.34 21.33 21.31
16.79 17.43 18.41 19.07 18.95 19.66 19.73 19.72 19.93 20.15 19.96 20.29 20.55 20.56 20.74 20.89 20.96 20.99 21.07 21.05 21.21 21.30 21.31 21.39 21.41 21.45 -9999.00 -9999.00 -9999.00 -9999.00 -9999.00 -9999.00 -9999.00 -9999.00 -9999.00 -9999.00 -9999.00 -9999.00 -9999.00 -9999.00 -9999.00 -9999.00 -9999.00 -9999.00 -9999.00 -9999.00 -9999.00 -9999.00 -9999.00 -9999.00 21.48 21.48 21.48 21.45 21.45 21.47 21.47 21.46 21.45 21.42 21.38 21.36 21.38 21.36 21.34 21.33 21.32 21.28 21.31 21.26 21.20
17.04 17.91 19.07 18.59 19.24 18.64 18.94 18.72 19.54 20.09 20.23 20.43 20.29 20.47 20.65 20.82 20.85 20.93 20.83 21.14 21.20 21.17 21.16 21.34 21.37 21.43 21.47 -9999.00 -9999.00 -9999.00 -9999.00 -9999.00 -9999.00 -9999.00 -9999.00 -9999.00 -9999.00 -9999.00 -9999.00 -9999.00 -9999.00 -9999.00 -9999.00 -9999.00 -9999.00 -9999.00 -9999.00 -9999.00 -9999.00 21.47 21.46 21.46 21.46 21.43 21.39 21.44 21.45 21.44 21.42 21.40 21.38 21.34 21.35 21.30 21.30 21.29 21.29 21.25 21.24 21.22 21.17
18.68 18.41 17.63 17.46 17.95 17.45 18.08 18.61 18.92 19.51 19.91 20.04 20.21 20.42 20.59 20.72 20.83 20.93 20.87 21.04 21.17 21.24 21.29 21.32 21.35 21.32 21.42 -9999.00 -9999.00 -9999.00 -9999.00 -9999.00 -9999.00 -9999.00 -9999.00 -9999.00 -9999.00 -9999.00 -9999.00 -9999.00 -9999.00 -9999.00 -9999.00 -9999.00 -9999.00 -9999.00 21.48 21.46 21.46 21.45 21.43 21.44 21.40 21.36 21.37 21.38 21.42 21.39 21.39 21.39 21.35 21.34 21.30 21.28 21.25 21.25 21.25 21.18 21.12 21.20 21.14
16.46 16.33 17.26 17.74 18.23 18.61 18.95 19.33 19.68 19.74 19.79 20.09 20.30 20.44 20.62 20.73 20.84 20.93 21.06 21.14 21.20 21.22 21.27 21.29 21.14 21.30 21.44 -9999.00 -9999.00 -9999.00 -9999.00 -9999.00 -9999.00 -9999.00 -9999.00 -9999.00 -9999.00 -9999.00 -9999.00 -9999.00 -9999.00 -9999.00 -9999.00 -9999.00 -9999.00 21.47 21.44 21.44 21.43 21.43 21.42 21.41 21.40 21.35 21.35 21.35 21.38 21.39 21.36 21.35 21.32 21.30 21.26 21.25 21.21 21.20 21.20 21.11 21.04 21.09 21.11
15.47 16.12 16.98 17.74 17.92 18.89 19.14 19.26 18.99 19.02 19.64 19.95 20.33 20.49 20.59 20.70 20.82 20.93 21.07 21.14 21.18 21.19 21.22 21.03 21.30 21.39 21.43 21.47 21.48 -9999.00 -9999.00 -9999.00 -9999.00 -9999.00 -9999.00 -9999.00 -9999.00 -9999.00 -9999.00 -9999.00 -9999.00 -9999.00 21.48 21.48 21.47 21.45 21.43 21.40 21.41 21.43 21.41 21.39 21.38 21.35 21.34 21.33 21.33 21.34 21.33 21.33 21.30 21.30 21.27 21.24 21.19 21.19 21.19 21.12 21.03 21.02 21.07
14.89 15.61 16.64 18.08 18.13 17.84 18.83 18.47 18.29 18.98 19.60 19.92 20.25 20.42 20.60 20.71 20.82 21.01 21.09 21.11 21.10 21.16 21.04 21.19 21.34 21.34 21.41 21.43 -9999.00 -9999.00 -9999.00 -9999.00 -9999.00 -9999.00 21.49 21.49 21.49 21.48 21.48 21.48 21.48 21.48 21.47 21.47 21.46 21.42 21.41 21.40 21.40 21.41 21.36 21.36 21.37 21.36 21.34 21.33 21.32 21.31 21.30 21.31 21.29 21.28 21.28 21.26 21.25 21.23 21.22 21.15 21.03 20.93 21.02
14.78 15.53 16.10 16.31 17.16 17.87 17.54 17.94 18.34 18.98 19.52 20.00 20.19 20.39 20.61 20.73 20.95 20.98 21.03 21.05 21.08 20.93 21.10 21.20 21.32 21.38 21.40 21.43 -9999.00 -9999.00 -9999.00 -9999.00 -9999.00 21.49 21.49 21.49 21.48 21.48 21.48 21.48 21.48 21.47 21.46 21.45 21.45 21.42 21.39 21.39 21.38 21.40 21.32 21.30 21.34 21.32 21.33 21.33 21.32 21.30 21.27 21.26 21.26 21.26 21.26 21.26 21.24 21.21 21.18 21.10 20.95 20.91 20.94
14.87 15.29 15.91 16.00 16.44 16.95 17.63 18.54 18.96 19.33 19.66 20.02 20.24 20.42 20.67 20.87 20.91 20.90 20.95 21.03 20.98 20.99 21.12 21.25 21.34 21.40 21.40 21.41 21.46 21.48 -9999.00 -9999.00 21.48 21.48 21.48 21.48 21.48 21.48 21.48 21.48 21.48 21.46 21.45 21.44 21.47 21.46 21.41 21.38 21.36 21.35 21.32 21.30 21.30 21.30 21.31 21.32 21.31 21.29 21.26 21.21 21.20 21.23 21.22 21.19 21.16 21.17 21.12 21.07 20.99 20.88 20.82
16.63 16.33 16.84 17.44 18.45 18.27 18.29 18.12 18.53 19.22 19.78 20.18 20.31 20.66 20.80 20.82 20.76 20.82 20.92 20.99 20.97 21.09 21.19 21.29 21.32 21.31 21.40 21.43 21.41 21.46 21.46 21.48 21.48 21.48 21.48 21.48 21.48 21.48 21.48 21.48 21.47 21.46 21.45 21.40 21.44 21.39 21.39 21.39 21.38 21.34 21.32 21.31 21.29 21.29 21.30 21.31 21.30 21.28 21.25 21.18 21.17 21.18 21.18 21.13 21.09 21.09 21.09 21.04 20.97 20.86 20.79
17.56 18.38 18.40 19.24 18.74 18.97 19.20 19.29 19.48 19.72 20.05 20.27 20.62 20.73 20.60 20.61 20.71 20.82 20.94 21.02 20.98 21.10 21.19 21.31 21.29 21.38 21.33 21.40 21.40 21.42 21.44 21.47 21.48 21.48 21.48 21.48 21.48 21.47 21.47 21.47 21.46 21.44 21.42 21.40 21.35 21.35 21.34 21.39 21.39 21.35 21.31 21.29 21.28 21.27 21.27 21.29 21.29 21.28 21.24 21.19 21.15 21.14 21.13 21.08 21.05 21.03 21.02 20.94 20.89 20.84 20.75
18.57 18.71 19.41 19.67 19.95 20.06 20.14 20.20 19.98 20.15 20.37 20.55 20.63 20.42 20.53 20.65 20.74 20.85 20.96 20.95 20.97 21.22 21.13 21.13 21.32 21.25 21.32 21.32 21.34 21.42 21.46 21.46 21.46 21.46 21.47 21.46 21.46 21.45 21.45 21.46 21.45 21.44 21.39 21.38 21.36 21.34 21.34 21.36 21.37 21.31 21.29 21.29 21.27 21.26 21.26 21.26 21.27 21.26 21.24 21.18 21.15 21.12 21.08 21.05 21.01 20.98 20.93 20.89 20.89 20.79 20.75
19.39 19.43 19.48 19.41 19.29 19.53 19.67 19.79 20.15 20.30 20.19 19.99 20.31 20.42 20.57 20.69 20.76 20.87 20.97 20.96 20.92 21.00 21.13 21.23 21.30 21.23 21.28 21.31 21.41 21.38 21.42 21.44 21.44 21.44 21.44 21.44 21.44 21.44 21.44 21.45 21.44 21.42 21.40 21.35 21.35 21.34 21.34 21.35 21.36 21.33 21.30 21.29 21.26 21.25 21.25 21.22 21.24 21.25 21.22 21.18 21.14 21.11 21.07 21.04 20.99 20.94 20.90 20.87 20.86 20.75 20.72
18.45 17.97 19.06 19.00 18.34 19.17 18.57 18.67 18.93 19.00 19.03 19.71 20.16 20.36 20.50 20.63 20.75 20.84 20.95 20.99 20.91 21.09 21.10 21.26 21.23 21.25 21.32 21.33 21.32 21.33 21.40 21.42 21.42 21.41 21.40 21.41 21.42 21.42 21.44 21.44 21.42 21.40 21.40 21.36 21.35 21.33 21.32 21.32 21.33 21.33 21.31 21.29 21.26 21.24 21.23 21.23 21.21 21.22 21.20 21.17 21.13 21.10 21.07 21.04 20.99 20.95 20.89 20.86 20.81 20.76 20.68
17.24 17.77 17.38 17.93 17.27 17.55 17.64 17.48 18.56 19.06 19.60 19.84 20.09 20.27 20.43 20.60 20.71 20.81 20.91 20.96 21.01 21.14 21.12 21.25 21.23 21.23 21.25 21.35 21.32 21.35 21.39 21.39 21.39 21.39 21.40 21.39 21.40 21.42 21.42 21.42 21.40 21.38 21.38 21.36 21.35 21.33 21.32 21.30 21.30 21.30 21.29 21.26 21.25 21.23 21.22 21.22 21.21 21.19 21.18 21.12 21.09 21.05 21.05 21.00 20.94 20.86 20.87 20.83 20.79 20.75 20.68
16.77 17.66 16.10 16.65 16.12 16.48 16.81 18.17 18.50 18.74 19.47 19.77 19.99 20.19 20.40 20.55 20.69 20.81 20.90 20.95 20.98 21.14 21.06 21.14 21.15 21.27 21.26 21.31 21.33 21.36 21.37 21.36 21.36 21.36 21.36 21.37 21.39 21.40 21.40 21.39 21.38 21.36 21.36 21.35 21.35 21.31 21.30 21.30 21.28 21.27 21.26 21.23 21.22 21.21 21.20 21.20 21.19 21.18 21.14 21.09 21.05 21.01 20.99 20.96 20.88 20.81 20.79 20.79 20.75 20.73 20.67
15.14 15.59 15.15 15.30 15.06 15.84 17.07 18.16 18.67 18.95 19.35 19.74 20.00 20.18 20.35 20.51 20.65 20.76 20.86 20.91 20.95 21.01 21.13 21.19 21.23 21.24 21.24 21.27 21.31 21.33 21.33 21.33 21.33 21.33 21.35 21.37 21.38 21.38 21.37 21.37 21.35 21.34 21.35 21.33 21.33 21.32 21.28 21.29 21.27 21.24 21.23 21.21 21.20 21.18 21.19 21.18 21.17 21.15 21.13 21.04 21.01 21.00 20.97 20.94 20.85 20.79 20.75 20.75 20.70 20.63 20.60
14.24 13.95 14.13 15.10 15.93 16.57 17.11 17.56 17.95 18.43 18.97 19.62 19.85 20.08 20.28 20.43 20.58 20.70 20.78 20.86 21.03 20.98 21.13 21.15 21.14 21.21 21.21 21.28 21.30 21.31 21.30 21.31 21.31 21.33 21.35 21.36 21.37 21.36 21.35 21.34 21.34 21.33 21.32 21.31 21.31 21.30 21.29 21.26 21.25 21.23 21.20 21.20 21.17 21.16 21.16 21.16 21.13 21.11 21.06 21.03 20.97 20.95 20.95 20.89 20.83 20.75 20.75 20.71 20.68 20.62 20.57
14.30 13.70 14.65 15.68 16.11 16.35 17.37 18.13 18.68 19.08 19.35 19.59 19.84 20.04 20.23 20.40 20.54 20.66 20.78 20.87 20.96 21.02 21.12 21.10 21.15 21.20 21.22 21.27 21.27 21.28 21.28 21.29 21.31 21.32 21.34 21.35 21.35 21.35 21.34 21.33 21.32 21.31 21.30 21.29 21.28 21.28 21.25 21.23 21.20 21.14 21.15 21.15 21.15 21.12 21.13 21.12 21.10 21.10 21.04 21.01 20.95 20.91 20.89 20.87 20.82 20.74 20.71 20.69 20.63 20.57 20.51
16.27 14.92 14.18 15.14 16.11 16.82 17.91 18.35 18.70 18.99 19.30 19.56 19.81 20.05 20.23 20.43 20.52 20.63 20.74 20.83 20.92 20.93 21.09 21.14 21.16 21.14 21.19 21.23 21.25 21.26 21.26 21.28 21.30 21.31 21.33 21.34 21.34 21.33 21.33 21.32 21.31 21.29 21.28 21.27 21.25 21.24 21.23 21.20 21.19 21.08 21.08 21.12 21.11 21.10 21.10 21.07 21.06 21.09 21.03 20.96 20.92 20.89 20.86 20.86 20.78 20.73 20.70 20.65 20.59 20.54 20.48
17.21 16.40 15.58 16.75 16.71 16.33 17.26 18.34 18.81 19.05 19.19 19.60 19.82 20.06 20.24 20.39 20.50 20.63 20.72 20.81 20.86 20.99 21.04 21.10 21.16 21.14 21.19 21.20 21.22 21.23 21.25 21.27 21.29 21.30 21.31 21.32 21.32 21.32 21.31 21.31 21.29 21.29 21.26 21.24 21.23 21.22 21.20 21.15 21.12 21.05 21.03 21.05 21.07 21.07 21.03 21.01 21.01 21.07 21.04 20.96 20.87 20.85 20.83 20.81 20.80 20.72 20.66 20.63 20.62 20.52 20.46
16.91 17.95 16.76 16.91 18.26 17.09 17.16 17.36 18.05 18.77 19.45 19.63 19.87 20.12 20.27 20.38 20.50 20.62 20.71 20.79 20.85 20.98 21.03 21.09 21.13 21.13 21.16 21.19 21.20 21.23 21.24 21.26 21.28 21.29 21.30 21.32 21.32 21.31 21.31 21.29 21.29 21.27 21.25 21.23 21.20 21.20 21.20 21.14 21.08 21.00 20.99 20.96 21.02 20.96 20.98 20.97 20.96 21.01 20.99 20.92 20.82 20.79 20.79 20.77 20.76 20.73 20.69 20.62 20.58 20.52 20.43
16.36 17.78 18.09 18.35 18.47 18.30 18.36 18.03 18.47 18.85 19.43 19.80 19.98 20.19 20.31 20.41 20.51 20.62 20.72 20.80 20.87 20.97 21.00 21.06 21.09 21.12 21.15 21.18 21.20 21.20 21.23 21.25 21.27 21.28 21.30 21.31 21.30 21.30 21.30 21.28 21.27 21.25 21.23 21.21 21.19 21.18 21.17 21.10 21.06 20.97 20.94 20.92 20.94 20.93 21.01 20.91 20.93 20.94 20.91 20.86 20.75 20.73 20.72 20.71 20.73 20.72 20.66 20.61 20.57 20.53 20.49
17.62 17.86 18.49 19.01 19.20 19.14 19.33 19.28 19.52 19.72 19.90 20.05 20.17 20.27 20.33 20.43 20.52 20.63 20.72 20.79 20.89 20.94 20.99 21.04 21.08 21.10 21.14 21.16 21.17 21.19 21.21 21.24 21.26 21.28 21.29 21.31 21.30 21.29 21.28 21.28 21.26 21.24 21.22 21.20 21.18 21.16 21.15 21.10 21.05 20.98 20.89 20.87 20.88 20.90 20.89 20.91 20.90 20.85 20.82 20.81 20.76 20.73 20.72 20.71 20.70 20.67 20.60 20.57 20.55 20.50 20.46
18.01 18.18 18.16 17.92 18.59 18.61 19.00 19.12 19.24 19.48 19.66 19.87 20.06 20.22 20.39 20.47 20.55 20.63 20.70 20.79 20.88 20.92 20.97 21.03 21.07 21.10 21.11 21.13 21.15 21.16 21.18 21.22 21.25 21.27 21.29 21.30 21.29 21.29 21.28 21.27 21.25 21.23 21.21 21.19 21.16 21.14 21.13 21.10 21.05 20.98 20.89 20.86 20.85 20.86 20.85 20.94 20.85 20.82 20.77 20.75 20.74 20.73 20.69 20.68 20.66 20.65 20.61 20.50 20.50 20.45 20.42
16.39 17.11 17.24 17.45 17.78 18.12 18.58 18.84 19.13 19.45 19.72 19.90 20.12 20.30 20.47 20.55 20.59 20.65 20.73 20.77 20.82 20.89 20.98 21.02 21.07 21.07 21.09 21.11 21.13 21.15 21.18 21.22 21.24 21.27 21.29 21.29 21.29 21.28 21.27 21.25 21.23 21.21 21.18 21.15 21.14 21.11 21.10 21.08 21.05 21.01 20.94 20.86 20.84 20.83 20.83 20.84 20.86 20.77 20.75 20.72 20.69 20.64 20.63 20.61 20.55 20.54 20.53 20.44 20.43 20.39 20.36
15.33 16.20 16.26 16.83 16.82 17.14 17.92 18.41 18.84 19.06 19.60 20.04 20.19 20.37 20.54 20.61 20.67 20.73 20.78 20.82 20.87 20.91 20.96 21.00 21.04 21.08 21.11 21.14 21.15 21.18 21.19 21.21 21.24 21.26 21.28 21.28 21.28 21.26 21.26 21.24 21.22 21.20 21.16 21.14 21.12 21.08 21.07 21.06 21.04 21.01 20.96 20.85 20.82 20.81 20.81 20.81 20.78 20.76 20.73 20.71 20.71 20.63 20.60 20.57 20.51 20.49 20.45 20.41 20.40 20.38 20.30
14.42 14.43 15.04 16.10 17.00 17.90 17.96 18.33 18.42 19.03 19.58 20.04 20.22 20.43 20.56 20.66 20.73 20.78 20.83 20.88 20.90 20.94 20.97 21.01 21.05 21.08 21.11 21.14 21.17 21.20 21.22 21.24 21.25 21.26 21.28 21.27 21.27 21.26 21.24 21.24 21.21 21.19 21.16 21.13 21.10 21.06 21.05 21.03 21.03 21.00 20.96 20.88 20.82 20.80 20.79 20.78 20.75 20.72 20.72 20.72 20.68 20.65 20.59 20.57 20.50 20.46 20.43 20.41 20.38 20.35 20.29
14.09 15.29 16.42 17.28 17.81 18.24 18.50 18.82 19.05 19.42 19.70 19.95 20.17 20.41 20.57 20.67 20.76 20.81 20.86 20.92 20.93 20.97 21.02 21.03 21.05 21.08 21.11 21.14 21.17 21.17 21.21 21.25 21.26 21.27 21.27 21.26 21.26 21.25 21.23 21.22 21.20 21.18 21.15 21.12 21.08 21.05 21.02 21.01 21.01 20.99 20.96 20.83 20.78 20.78 20.78 20.76 20.73 20.69 20.68 20.70 20.69 20.64 20.61 20.57 20.54 20.49 20.45 20.41 20.37 20.33 20.28
