maui/input/air_temperature_monthly/tminapr_250m_maui.asc
ncols        356
nrows        236
xllcorner    -156.702000000000
yllcorner    20.529750000000
cellsize     0.002250000000
NODATA_value  -99.00
[rows 96 to 127 of 236, columns 72 to 143 of 356]
13.02 13.36 13.94 14.54 15.63 15.93 15.97 16.41 17.01 17.30 17.56 17.78 18.03 18.17 18.30 18.41 18.49 18.56 18.62 18.65 18.65 18.69 18.73 18.74 18.77 18.80 18.81 18.83 18.85 18.89 18.93 18.94 18.94 18.94 18.93 18.92 18.91 18.90 18.89 18.87 18.85 18.82 18.79 18.76 18.74 18.70 18.67 18.67 18.65 18.64 18.60 18.52 18.46 18.44 18.43 18.41 18.37 18.36 18.36 18.35 18.32 18.27 18.24 18.20 18.16 18.11 18.05 18.03 17.98 17.92 17.87 17.81
13.13 14.78 15.63 15.79 16.12 16.51 16.74 16.76 17.05 17.48 17.64 17.83 18.07 18.20 18.30 18.41 18.51 18.58 18.65 18.68 18.69 18.71 18.75 18.77 18.79 18.81 18.84 18.86 18.87 18.91 18.93 18.94 18.95 18.94 18.93 18.92 18.90 18.89 18.87 18.86 18.83 18.81 18.78 18.75 18.72 18.70 18.67 18.65 18.64 18.63 18.59 18.57 18.48 18.44 18.43 18.40 18.37 18.35 18.32 18.31 18.30 18.27 18.25 18.20 18.15 18.08 18.03 17.98 17.97 17.92 17.85 17.78
13.02 13.74 14.17 14.50 14.80 15.60 16.30 16.84 17.28 17.49 17.70 17.91 18.09 18.22 18.35 18.43 18.51 18.57 18.64 18.68 18.72 18.75 18.79 18.79 18.82 18.84 18.85 18.87 18.90 18.92 18.94 18.95 18.95 18.94 18.93 18.92 18.93 18.89 18.88 18.86 18.84 18.79 18.76 18.74 18.71 18.68 18.66 18.64 18.62 18.60 18.58 18.55 18.54 18.44 18.41 18.38 18.36 18.32 18.30 18.27 18.23 18.26 18.21 18.18 18.16 18.11 18.08 18.03 17.94 17.90 17.86 17.77
14.13 14.77 15.38 15.81 15.75 16.01 16.41 16.81 17.29 17.57 17.79 17.97 18.14 18.28 18.37 18.46 18.52 18.59 18.65 18.69 18.73 18.77 18.80 18.83 18.84 18.86 18.87 18.89 18.91 18.93 18.95 18.96 18.96 18.94 18.93 18.91 18.91 18.88 18.86 18.83 18.81 18.80 18.75 18.73 18.70 18.67 18.65 18.62 18.60 18.58 18.55 18.54 18.51 18.50 18.47 18.46 18.37 18.31 18.29 18.25 18.22 18.20 18.20 18.17 18.13 18.07 18.06 17.98 17.93 17.88 17.84 17.78
12.85 13.35 14.14 14.87 15.38 16.13 16.59 16.89 17.32 17.55 17.79 18.03 18.22 18.34 18.43 18.49 18.56 18.61 18.66 18.70 18.74 18.78 18.83 18.86 18.86 18.88 18.89 18.91 18.93 18.95 18.95 18.97 18.96 18.95 18.93 18.92 18.90 18.88 18.86 18.83 18.80 18.77 18.75 18.71 18.71 18.66 18.64 18.63 18.59 18.58 18.55 18.51 18.49 18.49 18.47 18.45 18.39 18.33 18.27 18.24 18.20 18.18 18.15 18.13 18.10 18.07 18.03 17.98 17.94 17.90 17.88 17.78
12.79 13.27 13.92 14.30 14.81 15.44 15.97 16.61 17.35 17.70 17.87 18.07 18.27 18.39 18.46 18.51 18.58 18.64 18.67 18.71 18.75 18.82 18.85 18.88 18.89 18.89 18.91 18.92 18.95 18.97 18.98 18.98 18.97 18.95 18.94 18.92 18.90 18.88 18.86 18.83 18.79 18.76 18.73 18.71 18.69 18.66 18.64 18.62 18.59 18.57 18.54 18.50 18.48 18.47 18.43 18.41 18.38 18.35 18.29 18.22 18.17 18.16 18.11 18.06 18.06 18.05 18.02 17.86 17.83 17.83 17.82 17.80
13.33 14.07 13.84 14.42 15.17 15.66 16.48 17.13 17.49 17.70 17.98 18.16 18.32 18.43 18.51 18.56 18.60 18.66 18.70 18.73 18.77 18.82 18.86 18.90 18.92 18.93 18.94 18.95 18.97 18.98 18.99 19.00 18.97 18.96 18.94 18.92 18.90 18.87 18.85 18.83 18.80 18.76 18.72 18.70 18.68 18.65 18.63 18.60 18.58 18.56 18.52 18.48 18.48 18.44 18.41 18.39 18.36 18.33 18.29 18.23 18.13 18.10 18.03 17.98 17.98 18.01 17.99 17.85 17.78 17.75 17.77 17.73
13.54 13.96 15.18 14.90 15.13 15.53 16.21 16.75 17.44 17.80 18.02 18.26 18.36 18.44 18.54 18.60 18.65 18.68 18.72 18.74 18.79 18.84 18.89 18.93 18.95 18.98 18.95 18.97 18.99 19.00 19.02 19.01 18.99 18.97 18.95 18.94 18.92 18.89 18.86 18.85 18.82 18.77 18.72 18.69 18.67 18.65 18.62 18.60 18.57 18.56 18.51 18.49 18.46 18.45 18.36 18.38 18.34 18.31 18.27 18.21 18.16 18.05 17.98 17.93 17.94 17.96 17.95 17.85 17.73 17.69 17.69 17.63
13.91 15.03 14.95 15.19 16.26 16.10 16.60 17.06 17.46 17.71 17.99 18.25 18.37 18.46 18.55 18.62 18.69 18.71 18.74 18.79 18.82 18.85 18.90 18.94 18.98 19.01 18.97 18.98 19.01 19.02 19.03 19.01 19.00 18.98 18.97 18.94 18.92 18.89 18.87 18.85 18.83 18.80 18.75 18.72 18.69 18.63 18.61 18.60 18.56 18.54 18.52 18.49 18.46 18.44 18.43 18.40 18.35 18.33 18.28 18.23 18.16 18.07 17.97 17.88 17.84 17.81 17.84 17.87 17.68 17.61 17.59 17.56
13.75 14.08 14.52 15.46 16.26 16.46 16.34 16.86 17.49 17.76 18.02 18.25 18.41 18.50 18.59 18.66 18.71 18.77 18.79 18.83 18.86 18.89 18.91 18.95 18.99 18.99 19.00 19.00 19.02 19.03 19.04 19.03 19.01 18.99 18.97 18.95 18.93 18.90 18.89 18.85 18.81 18.78 18.75 18.72 18.70 18.67 18.64 18.58 18.55 18.54 18.52 18.50 18.45 18.40 18.37 18.36 18.33 18.30 18.26 18.24 18.17 18.05 17.94 17.81 17.80 17.75 17.75 17.74 17.63 17.59 17.53 17.48
14.17 14.60 14.99 14.99 15.51 16.09 16.80 17.03 17.11 17.43 17.88 18.34 18.47 18.55 18.63 18.69 18.75 18.79 18.84 18.87 18.90 18.94 18.95 18.99 19.01 19.05 19.00 19.03 19.03 19.04 19.04 19.04 19.03 19.00 18.98 18.98 18.95 18.94 18.93 18.89 18.84 18.81 18.76 18.72 18.71 18.67 18.63 18.60 18.57 18.54 18.51 18.49 18.45 18.39 18.34 18.32 18.30 18.27 18.21 18.17 18.16 18.16 18.05 17.88 17.79 17.70 17.67 17.65 17.63 17.49 17.44 17.44
15.26 15.24 14.73 15.01 15.38 15.86 16.12 16.59 17.09 17.35 17.97 18.49 18.55 18.61 18.68 18.74 18.79 18.82 18.86 18.91 18.95 18.97 19.00 19.03 19.03 19.06 19.03 19.04 19.05 19.05 19.06 19.06 19.06 19.02 19.00 18.98 18.96 18.94 18.92 18.89 18.85 18.81 18.77 18.73 18.68 18.64 18.62 18.58 18.56 18.52 18.49 18.46 18.45 18.42 18.34 18.29 18.26 18.24 18.18 18.13 18.11 18.08 18.00 18.03 17.95 17.71 17.61 17.60 17.55 17.47 17.41 17.37
14.65 15.05 16.36 15.52 15.79 16.14 16.24 16.91 17.39 17.92 18.28 18.43 18.58 18.71 18.75 18.80 18.84 18.87 18.90 18.93 18.97 19.01 19.03 19.05 19.06 19.07 19.06 19.06 19.07 19.07 19.08 19.08 19.07 19.04 19.01 18.99 18.97 18.95 18.93 18.90 18.87 18.79 18.76 18.70 18.67 18.64 18.61 18.58 18.55 18.52 18.47 18.44 18.41 18.37 18.33 18.30 18.26 18.21 18.17 18.14 18.06 18.02 17.99 17.91 17.85 17.84 17.72 17.54 17.52 17.46 17.42 17.40
14.26 14.68 15.39 16.37 16.68 17.00 17.30 17.54 17.75 17.97 18.21 18.44 18.57 18.73 18.80 18.87 18.90 18.92 18.95 18.98 19.01 19.04 19.05 19.08 19.08 19.09 19.09 19.09 19.09 19.10 19.09 19.10 19.09 19.07 19.06 19.03 18.97 18.98 18.94 18.91 18.88 18.83 18.79 18.74 18.69 18.64 18.61 18.58 18.55 18.51 18.47 18.44 18.40 18.35 18.32 18.29 18.25 18.19 18.14 18.09 18.04 18.00 17.95 17.88 17.81 17.74 17.68 17.57 17.45 17.44 17.39 17.33
15.01 15.08 15.16 15.39 15.69 15.89 16.27 16.78 17.37 17.51 17.95 18.49 18.66 18.76 18.82 18.99 18.93 18.97 19.00 19.02 19.05 19.09 19.10 19.10 19.10 19.10 19.10 19.10 19.11 19.11 19.11 19.12 19.12 19.11 19.08 19.04 19.02 18.99 18.95 18.92 18.88 18.84 18.83 18.81 18.74 18.68 18.63 18.61 18.57 18.54 18.49 18.45 18.41 18.35 18.32 18.29 18.25 18.20 18.13 18.04 17.99 17.97 17.92 17.85 17.80 17.70 17.63 17.50 17.46 17.40 17.40 17.32
14.75 14.98 15.34 15.97 15.92 16.27 16.67 16.96 17.48 17.98 18.47 18.67 18.77 18.84 18.87 18.91 18.96 19.00 19.03 19.06 19.08 19.11 19.11 19.10 19.12 19.12 19.12 19.13 19.13 19.13 19.13 19.13 19.11 19.09 19.06 19.03 19.01 19.00 18.96 18.93 18.90 18.86 18.83 18.81 18.77 18.72 18.66 18.64 18.62 18.58 18.50 18.45 18.40 18.35 18.32 18.27 18.23 18.17 18.10 18.09 18.04 17.97 17.91 17.84 17.76 17.69 17.62 17.53 17.47 17.39 17.33 17.29
14.85 15.14 15.46 15.73 16.06 16.27 16.69 17.45 17.94 18.14 18.43 18.65 18.80 18.88 18.91 18.96 19.01 19.03 19.05 19.08 19.11 19.12 19.13 19.13 19.14 19.14 19.14 19.13 19.15 19.14 19.14 19.14 19.12 19.10 19.11 19.07 19.03 19.00 18.97 18.94 18.92 18.89 18.88 18.83 18.77 18.76 18.72 18.67 18.60 18.54 18.50 18.45 18.39 18.34 18.29 18.24 18.23 18.18 18.13 18.04 18.03 17.94 17.91 17.87 17.80 17.72 17.62 17.52 17.46 17.42 17.35 17.27
15.11 15.27 15.56 15.87 16.23 16.59 16.79 17.21 17.66 18.20 18.56 18.75 18.85 18.93 18.96 19.00 19.04 19.07 19.09 19.10 19.13 19.14 19.15 19.15 19.15 19.15 19.15 19.15 19.15 19.15 19.16 19.16 19.14 19.10 19.09 19.07 19.04 19.02 18.99 18.96 18.93 18.92 18.88 18.83 18.79 18.75 18.71 18.68 18.59 18.55 18.53 18.49 18.40 18.25 18.22 18.22 18.19 18.15 18.13 18.01 17.95 17.93 17.90 17.83 17.78 17.68 17.55 17.51 17.47 17.39 17.33 17.27
15.59 15.59 15.74 16.05 16.31 16.68 17.06 17.45 17.71 18.07 18.53 18.84 18.92 18.97 19.01 19.05 19.07 19.10 19.12 19.13 19.14 19.15 19.16 19.16 19.16 19.17 19.17 19.16 19.16 19.16 19.17 19.16 19.15 19.13 19.10 19.08 19.05 19.03 19.01 18.98 18.96 18.92 18.88 18.85 18.80 18.74 18.70 18.66 18.58 18.54 18.49 18.45 18.34 18.19 18.15 18.16 18.14 18.07 18.06 17.95 17.93 17.88 17.87 17.80 17.76 17.66 17.57 17.52 17.41 17.32 17.31 17.25
15.61 15.85 15.95 16.22 16.69 16.79 17.06 17.40 17.91 18.33 18.74 18.89 18.95 19.01 19.06 19.09 19.12 19.14 19.15 19.16 19.17 19.17 19.18 19.18 19.18 19.18 19.18 19.18 19.18 19.17 19.18 19.17 19.15 19.15 19.13 19.08 19.06 19.05 19.02 19.00 18.97 18.95 18.90 18.85 18.80 18.76 18.71 18.65 18.60 18.56 18.49 18.36 18.26 18.20 18.12 18.06 18.07 18.02 17.96 17.93 17.88 17.86 17.80 17.77 17.68 17.61 17.55 17.42 17.38 17.28 17.18 17.20
15.81 16.27 16.16 16.37 16.67 17.03 17.29 17.52 17.95 18.38 18.75 18.94 19.02 19.06 19.10 19.13 19.15 19.17 19.17 19.18 19.18 19.18 19.18 19.18 19.18 19.18 19.19 19.18 19.18 19.18 19.19 19.18 19.17 19.16 19.15 19.11 19.09 19.07 19.05 19.02 18.98 18.95 18.91 18.85 18.81 18.76 18.71 18.65 18.61 18.58 18.53 18.44 18.27 18.19 18.10 18.05 18.00 17.97 17.95 17.91 17.88 17.81 17.78 17.71 17.62 17.59 17.53 17.43 17.36 17.29 17.24 17.11
16.05 16.24 16.53 16.58 16.85 17.07 17.43 17.85 18.07 18.41 18.74 18.98 19.08 19.11 19.15 19.17 19.18 19.18 19.18 19.18 19.18 19.18 19.18 19.18 19.18 19.18 19.18 19.18 19.19 19.19 19.19 19.18 19.17 19.16 19.14 19.12 19.08 19.04 19.04 19.00 18.96 18.92 18.88 18.85 18.81 18.77 18.73 18.69 18.62 18.58 18.53 18.46 18.29 18.21 18.13 18.08 18.03 17.96 17.91 17.89 17.84 17.79 17.71 17.68 17.56 17.49 17.48 17.40 17.34 17.28 17.15 17.09
16.38 16.43 16.86 16.89 17.09 17.24 17.50 17.85 18.15 18.47 18.81 19.01 19.11 19.17 19.17 -9999.00 -9999.00 -9999.00 -9999.00 -9999.00 -9999.00 -9999.00 -9999.00 -9999.00 19.18 19.18 19.18 19.19 19.19 19.19 19.19 19.19 19.18 19.17 19.15 19.13 19.09 19.07 19.03 19.00 18.97 18.95 18.90 18.85 18.81 18.76 18.70 18.69 18.64 18.58 18.54 18.45 18.30 18.26 18.26 18.25 18.08 18.00 17.92 17.88 17.82 17.74 17.69 17.60 17.54 17.49 17.41 17.38 17.33 17.26 17.15 17.06
16.60 16.70 16.82 17.37 17.29 17.44 17.71 17.93 18.35 18.59 18.88 19.10 19.17 19.18 -9999.00 -9999.00 -9999.00 -9999.00 -9999.00 -9999.00 -9999.00 -9999.00 -9999.00 -9999.00 -9999.00 -9999.00 19.19 19.19 19.19 19.19 19.19 19.19 19.19 19.17 19.16 19.14 19.12 19.10 19.05 19.01 18.99 18.96 18.93 18.86 18.84 18.81 18.76 18.68 18.65 18.59 18.54 18.48 18.45 18.37 18.30 18.26 18.20 18.05 17.97 17.87 17.81 17.73 17.69 17.60 17.54 17.49 17.36 17.32 17.28 17.22 17.16 17.08
16.93 16.93 17.07 17.22 17.77 17.75 17.88 18.07 18.37 18.70 19.07 19.18 -9999.00 -9999.00 -9999.00 -9999.00 -9999.00 -9999.00 -9999.00 -9999.00 -9999.00 -9999.00 -9999.00 -9999.00 -9999.00 -9999.00 -9999.00 -9999.00 19.19 19.19 19.20 19.19 19.19 19.18 19.16 19.14 19.13 19.11 19.08 19.05 19.02 18.97 18.92 18.88 18.82 18.75 18.69 18.65 18.60 18.60 18.52 18.48 18.44 18.35 18.24 18.19 18.06 17.99 17.97 17.89 17.84 17.76 17.71 17.64 17.56 17.50 17.47 17.35 17.27 17.24 17.19 17.09
17.25 17.32 17.39 17.60 17.70 17.98 18.10 18.24 18.51 18.74 19.06 -9999.00 -9999.00 -9999.00 -9999.00 -9999.00 -9999.00 -9999.00 -9999.00 -9999.00 -9999.00 -9999.00 -9999.00 -9999.00 -9999.00 -9999.00 -9999.00 -9999.00 -9999.00 -9999.00 19.19 19.19 19.19 19.18 19.16 19.15 19.14 19.12 19.08 19.03 19.01 18.99 18.92 18.88 18.80 18.71 18.63 18.59 18.54 18.56 18.51 18.45 18.41 18.35 18.26 18.20 18.14 18.04 17.93 17.90 17.84 17.79 17.72 17.64 17.58 17.50 17.41 17.28 17.22 17.17 17.13 17.08
17.62 17.86 17.64 17.76 17.94 18.03 18.28 18.41 18.61 18.98 -9999.00 -9999.00 -9999.00 -9999.00 -9999.00 -9999.00 -9999.00 -9999.00 -9999.00 -9999.00 -9999.00 -9999.00 -9999.00 -9999.00 -9999.00 -9999.00 -9999.00 -9999.00 -9999.00 -9999.00 -9999.00 19.19 19.19 19.19 19.17 19.16 19.14 19.12 19.09 19.05 19.00 18.95 18.90 18.85 18.81 18.72 18.61 18.53 18.50 18.49 18.48 18.42 18.37 18.30 18.27 18.22 18.17 18.03 17.93 17.86 17.78 17.74 17.69 17.62 17.52 17.43 17.33 17.21 17.13 17.08 17.01 16.97
18.14 18.03 18.05 18.17 18.33 18.38 18.64 18.68 18.82 19.04 -9999.00 -9999.00 -9999.00 -9999.00 -9999.00 -9999.00 -9999.00 -9999.00 -9999.00 -9999.00 -9999.00 -9999.00 -9999.00 -9999.00 -9999.00 -9999.00 -9999.00 -9999.00 -9999.00 -9999.00 -9999.00 -9999.00 -9999.00 19.19 19.19 19.17 19.14 19.11 19.07 19.04 19.00 18.95 18.90 18.86 18.79 18.73 18.63 18.52 18.47 18.43 18.42 18.39 18.34 18.28 18.23 18.19 18.12 18.04 17.94 17.85 17.79 17.73 17.67 17.61 17.54 17.42 17.29 17.20 17.11 17.04 16.96 16.90
18.37 18.27 18.45 18.40 18.65 18.61 18.62 18.98 19.12 -9999.00 -9999.00 -9999.00 -9999.00 -9999.00 -9999.00 -9999.00 -9999.00 -9999.00 -9999.00 -9999.00 -9999.00 -9999.00 -9999.00 -9999.00 -9999.00 -9999.00 -9999.00 -9999.00 -9999.00 -9999.00 -9999.00 -9999.00 -9999.00 -9999.00 19.19 19.17 19.14 19.11 19.05 19.00 18.96 18.92 18.87 18.82 18.80 18.72 18.64 18.58 18.52 18.47 18.42 18.38 18.33 18.26 18.23 18.19 18.12 18.02 17.95 17.89 17.84 17.76 17.70 17.63 17.54 17.46 17.36 17.21 17.13 17.04 16.99 16.92
18.67 18.42 18.65 18.66 18.79 18.89 19.03 19.06 -9999.00 -9999.00 -9999.00 -9999.00 -9999.00 -9999.00 -9999.00 -9999.00 -9999.00 -9999.00 -9999.00 -9999.00 -9999.00 -9999.00 -9999.00 -9999.00 -9999.00 -9999.00 -9999.00 -9999.00 -9999.00 -9999.00 -9999.00 -9999.00 -9999.00 -9999.00 19.19 19.18 19.14 19.11 19.03 18.97 18.93 18.90 18.85 18.79 18.77 18.72 18.66 18.56 18.51 18.51 18.44 18.39 18.33 18.27 18.22 18.16 18.08 17.99 17.95 17.92 17.86 17.78 17.71 17.64 17.56 17.46 17.40 17.31 17.16 17.06 16.95 16.88
19.09 18.79 18.90 18.96 19.10 19.19 -9999.00 -9999.00 -9999.00 -9999.00 -9999.00 -9999.00 -9999.00 -9999.00 -9999.00 -9999.00 -9999.00 -9999.00 -9999.00 -9999.00 -9999.00 -9999.00 -9999.00 -9999.00 -9999.00 -9999.00 -9999.00 -9999.00 -9999.00 -9999.00 -9999.00 -9999.00 -9999.00 -9999.00 -9999.00 19.19 19.16 19.12 19.09 18.98 18.93 18.90 18.86 18.80 18.74 18.70 18.64 18.58 18.53 18.48 18.43 18.41 18.36 18.28 18.21 18.12 18.05 17.98 17.91 17.85 17.80 17.73 17.67 17.59 17.51 17.44 17.32 17.21 17.13 17.06 16.94 16.87
-9999.00 19.19 -9999.00 -9999.00 -9999.00 -9999.00 -9999.00 -9999.00 -9999.00 -9999.00 -9999.00 -9999.00 -9999.00 -9999.00 -9999.00 -9999.00 -9999.00 -9999.00 -9999.00 -9999.00 -9999.00 -9999.00 -9999.00 -9999.00 -9999.00 -9999.00 -9999.00 -9999.00 -9999.00 -9999.00 -9999.00 -9999.00 -9999.00 -9999.00 -9999.00 19.19 19.18 19.13 19.05 18.99 18.95 18.91 18.87 18.84 18.80 18.74 18.67 18.60 18.56 18.51 18.46 18.42 18.36 18.28 18.22 18.15 18.06 17.98 17.91 17.86 17.80 17.71 17.65 17.58 17.48 17.40 17.30 17.18 17.07 16.99 16.93 16.85
