maui/input/air_temperature_monthly/tminsep_250m_maui.asc
ncols        356
nrows        236
xllcorner    -156.702000000000
yllcorner    20.529750000000
cellsize     0.002250000000
NODATA_value  -99.00
[rows 160 to 191 of 236, columns 213 to 283 of 356]
4.96 5.05 5.13 5.17 5.19 5.29 5.45 5.65 5.76 5.86 5.85 6.03 5.80 5.75 5.71 5.70 5.69 5.76 5.82 5.69 5.67 5.68 5.72 6.14 6.82 7.47 8.73 9.35 9.54 9.61 9.64 9.56 9.58 9.49 9.35 9.31 9.50 8.99 7.14 6.60 6.82 6.86 6.88 6.87 6.92 7.03 7.07 7.20 7.45 7.49 7.50 8.11 9.07 10.96 10.87 11.06 11.31 11.52 11.76 11.81 12.01 12.09 12.60 13.51 13.69 13.95 14.21 13.84 11.96 10.97 11.16
5.21 5.28 5.35 5.38 5.44 5.51 5.69 5.84 5.97 6.06 6.13 6.41 6.10 6.05 6.06 6.03 6.02 6.15 6.15 6.03 5.98 6.02 6.13 6.10 6.13 7.05 8.01 9.70 9.80 9.98 9.97 9.98 10.03 10.03 9.79 9.84 9.94 9.79 7.98 7.25 7.39 7.41 7.47 7.51 7.56 7.57 7.67 7.81 7.92 7.94 7.94 8.05 8.35 10.09 11.32 11.30 11.50 11.75 12.07 12.16 12.34 12.42 12.42 12.39 13.06 14.38 14.41 14.00 12.28 11.35 11.61
5.48 5.52 5.58 5.64 5.72 5.83 5.90 6.07 6.19 6.26 6.57 7.21 6.74 6.51 6.58 6.49 6.42 6.89 6.59 6.56 6.58 6.73 7.00 6.66 6.65 6.73 7.68 9.23 10.20 10.26 10.29 10.34 10.41 10.36 10.40 10.34 10.39 10.40 8.86 7.82 8.03 8.02 8.10 8.15 8.25 8.31 8.32 8.34 8.24 8.26 8.31 8.43 8.57 9.00 10.49 11.26 12.16 12.04 12.36 12.54 12.71 12.72 12.68 12.62 13.81 14.67 14.87 14.36 12.99 11.91 12.11
5.75 5.83 5.86 5.90 6.03 6.11 6.19 6.34 6.75 6.83 7.30 7.76 7.62 7.43 7.44 7.37 7.42 7.63 7.45 7.36 7.50 7.89 8.01 7.78 7.65 7.45 7.40 8.66 10.28 10.61 10.71 10.70 10.78 10.81 10.79 10.71 10.75 10.68 9.57 8.36 8.57 8.62 8.59 8.83 8.97 8.97 8.95 8.85 8.53 8.60 8.74 8.81 9.03 9.19 9.31 9.95 11.43 12.44 12.66 12.88 12.93 13.03 12.96 12.95 13.77 14.92 15.00 15.11 13.66 12.36 12.56
6.07 6.11 6.14 6.23 6.27 6.53 6.90 7.17 7.48 7.72 7.97 8.20 8.38 8.30 8.30 8.26 8.33 8.31 8.58 8.29 8.54 8.68 8.73 9.14 8.60 8.34 8.17 8.23 9.51 10.92 11.01 11.07 11.11 11.19 11.14 11.06 11.16 11.08 9.86 9.11 8.99 9.29 9.32 9.43 9.62 9.60 9.60 9.40 9.03 9.01 9.08 9.24 9.39 9.63 9.74 9.79 10.59 11.10 12.52 13.33 13.39 13.41 13.31 13.28 13.38 14.97 15.22 15.40 14.48 12.99 12.98
6.58 6.78 6.69 7.12 7.11 7.55 7.73 8.11 8.23 8.58 8.73 8.91 8.98 9.20 9.18 9.16 9.21 9.13 9.44 9.17 9.53 9.64 9.73 10.14 9.41 9.35 9.18 8.97 9.10 10.28 11.25 11.37 11.49 11.62 11.56 11.54 11.55 11.47 10.75 9.84 9.74 9.86 9.95 10.07 10.19 10.14 10.14 9.96 9.68 9.61 9.70 9.70 9.94 10.04 10.37 10.31 10.45 10.64 11.39 12.79 13.70 13.82 13.76 13.73 13.88 15.16 15.49 15.65 15.36 14.09 13.54
7.27 7.70 7.70 7.86 7.94 8.19 8.49 9.41 9.05 9.78 9.49 9.52 9.64 9.91 9.90 9.84 10.17 9.98 9.96 9.96 10.87 10.67 11.04 11.26 10.23 10.27 10.06 9.88 9.80 9.88 11.21 11.76 11.88 11.93 11.93 11.89 11.97 12.07 11.78 10.40 10.46 10.51 10.54 10.79 10.75 10.81 10.79 10.51 10.33 10.25 10.28 10.39 10.40 10.70 10.84 10.95 11.08 11.16 11.25 12.35 13.72 14.08 14.06 14.20 14.29 14.98 15.71 15.79 16.05 15.09 14.09
8.05 8.27 8.46 8.75 8.75 8.99 9.37 9.86 10.00 10.32 10.33 10.36 10.37 10.58 10.56 10.68 10.90 10.76 10.88 10.88 11.27 11.68 11.85 11.77 11.06 11.06 10.96 10.68 10.60 10.77 10.93 12.06 12.25 12.31 12.43 12.30 12.39 12.43 12.42 11.12 11.13 11.20 11.25 11.40 11.35 12.13 12.50 12.26 10.84 10.91 10.97 11.06 11.18 11.32 11.44 11.68 11.64 11.71 11.83 12.14 13.48 14.26 14.26 14.41 14.57 14.61 15.70 16.01 16.13 16.09 14.74
8.85 8.97 9.38 9.58 9.56 9.94 10.17 10.32 10.97 10.93 11.01 11.16 11.39 11.21 11.60 11.39 12.14 11.55 11.98 11.83 11.90 13.34 12.37 12.47 11.80 11.70 11.70 11.44 11.49 11.55 11.52 12.34 12.61 12.71 12.78 12.76 12.81 12.81 12.73 11.70 11.74 11.80 11.87 12.02 12.80 13.79 15.22 14.10 12.01 11.40 11.62 11.68 11.96 12.19 12.14 12.63 12.27 12.28 12.45 12.57 12.86 13.97 15.46 14.68 14.85 14.99 15.56 16.10 16.33 16.54 15.85
9.64 9.68 10.05 10.32 10.33 10.64 11.26 11.23 11.55 11.66 11.90 11.83 11.99 12.57 12.39 12.26 13.09 12.32 12.70 12.69 12.75 13.49 13.34 13.55 12.55 12.42 12.42 12.21 12.14 12.33 12.21 12.13 12.97 13.04 13.05 13.26 13.23 13.19 13.01 12.52 12.39 12.38 12.41 12.54 14.19 15.36 15.41 13.54 11.94 12.02 12.11 12.31 12.48 12.78 13.04 13.29 12.95 12.94 13.08 13.16 13.40 13.78 14.89 15.45 15.09 15.26 15.48 16.48 16.60 16.72 16.72
10.34 10.41 10.63 11.11 11.14 11.41 11.82 12.07 12.07 12.46 13.18 12.84 12.61 13.35 13.41 13.19 14.00 13.09 13.86 13.43 13.64 14.13 14.82 15.12 13.17 13.07 13.25 12.83 12.74 13.23 12.80 12.85 13.53 13.53 13.46 13.47 13.48 13.41 13.22 12.99 12.94 13.02 12.91 13.43 15.05 16.89 15.18 13.55 12.50 12.63 12.80 12.90 13.07 13.35 13.62 13.81 13.57 13.57 13.70 13.77 13.92 14.30 14.57 17.07 15.79 15.52 15.56 15.96 16.86 17.09 17.19
10.98 11.08 11.31 11.87 11.86 12.11 12.64 13.27 12.84 13.08 14.89 14.46 13.23 14.43 13.88 13.78 14.35 13.89 14.06 14.10 15.07 15.02 16.09 14.90 13.77 13.71 14.10 13.53 13.54 14.07 13.68 13.71 14.06 13.95 13.89 13.83 13.77 13.70 13.55 13.55 13.63 14.06 14.11 14.13 16.31 16.80 15.20 13.40 13.01 13.21 13.38 13.46 13.75 13.68 14.02 14.22 14.09 14.13 14.21 14.32 14.43 14.77 15.23 15.90 17.22 15.96 15.51 15.73 16.76 17.27 17.33
11.93 11.93 12.18 12.43 12.79 12.91 13.20 14.01 13.61 13.78 14.95 14.49 13.97 14.85 14.15 14.47 15.00 14.80 14.55 14.82 15.75 16.19 15.84 14.47 14.49 14.46 14.38 14.18 14.35 14.67 14.43 14.82 14.40 14.36 14.28 14.25 14.11 14.01 14.07 14.07 14.70 15.31 14.37 14.97 16.81 16.55 14.82 13.68 13.58 13.70 13.85 13.98 14.09 14.23 14.36 14.61 14.63 14.73 14.68 15.04 14.99 15.18 15.46 15.93 17.00 17.02 16.29 16.26 16.55 17.41 17.54
12.25 12.72 12.73 13.01 13.71 13.62 13.88 14.33 14.80 14.35 14.88 15.96 14.81 15.65 15.08 15.58 15.71 15.26 15.36 15.79 16.27 17.18 15.95 15.40 15.10 15.27 14.95 14.88 14.91 15.34 15.44 15.06 14.81 14.70 14.70 14.56 14.48 14.47 14.71 14.64 14.75 16.14 15.08 16.72 18.10 15.96 14.38 14.28 14.09 14.17 14.24 14.45 14.60 14.84 14.83 14.85 15.37 15.34 15.24 15.47 15.66 15.83 16.08 16.19 16.67 17.84 17.02 16.68 17.05 17.24 17.73
12.77 13.19 13.62 13.69 14.23 14.28 14.54 15.22 16.05 15.15 15.10 15.77 16.05 16.18 15.97 16.14 16.07 15.92 16.10 15.93 16.17 17.38 16.66 16.29 16.11 16.08 15.54 15.60 15.67 15.72 15.92 15.48 15.10 15.14 14.95 14.95 14.91 15.14 15.33 15.20 15.47 16.13 15.69 17.38 17.65 15.87 14.91 14.83 14.70 14.74 14.83 14.90 15.08 15.41 15.41 15.51 15.64 15.97 15.86 16.05 16.19 16.45 16.43 16.59 17.35 17.20 17.81 17.26 17.50 17.75 17.91
13.38 13.58 14.39 14.33 14.84 14.87 15.34 15.45 16.07 15.93 15.89 16.09 16.54 16.44 16.50 16.53 16.61 16.47 16.78 16.48 16.88 17.41 17.27 16.81 16.37 16.21 16.10 16.25 16.42 16.39 16.22 15.75 15.65 15.45 15.33 15.37 15.47 15.61 15.65 15.69 16.32 16.05 16.55 17.16 18.32 16.27 15.40 15.42 15.30 15.27 15.34 15.39 15.54 15.65 15.76 15.99 15.98 16.87 16.38 16.66 16.82 16.65 17.20 17.08 17.40 17.77 17.82 18.02 18.22 18.13 18.38
13.91 14.24 14.49 15.76 15.25 15.72 15.64 16.11 16.05 16.80 16.54 16.61 16.92 17.50 17.05 17.09 17.05 17.02 17.17 17.04 17.06 17.44 18.44 17.01 16.94 16.80 16.64 16.91 17.17 16.83 16.53 16.31 16.10 15.98 15.94 16.02 16.15 16.22 16.22 16.37 16.93 16.42 17.34 17.72 18.82 17.01 15.95 15.96 15.78 15.77 15.80 15.88 15.97 16.13 16.44 16.75 16.46 16.59 17.10 16.91 17.28 17.31 17.48 17.79 17.74 18.80 18.15 18.59 18.87 18.52 18.80
14.39 14.55 14.89 15.12 16.13 15.99 16.21 16.73 16.55 17.32 17.15 17.16 17.25 17.83 17.42 17.54 17.51 17.56 17.54 17.44 17.41 17.62 18.61 17.54 17.80 17.37 17.16 17.36 17.48 17.20 16.96 16.72 16.63 16.51 16.55 16.56 16.59 16.67 16.75 16.93 17.44 17.40 17.68 18.50 18.32 16.78 16.56 16.43 16.32 16.24 16.27 16.38 16.42 16.48 16.92 16.84 17.03 16.89 17.80 17.79 18.01 18.43 18.09 18.41 18.47 18.90 18.72 18.88 18.99 19.13 19.15
14.84 15.02 15.33 15.66 15.92 16.88 17.40 16.73 17.55 17.28 17.47 17.54 17.62 17.63 18.36 18.35 17.95 17.87 18.16 17.93 17.92 17.96 18.26 18.20 17.91 17.77 17.72 17.87 17.80 17.56 17.39 17.17 17.03 16.97 16.90 17.03 17.10 17.15 17.32 17.46 18.28 18.03 18.24 19.17 18.51 17.16 17.20 16.96 16.87 16.83 16.80 16.78 16.89 16.90 17.19 17.27 17.57 17.48 17.81 17.78 18.64 18.34 18.83 19.23 18.73 19.07 19.67 19.24 19.29 19.47 19.58
15.34 15.52 15.67 16.02 16.34 16.63 17.95 17.31 17.42 17.75 17.74 17.84 17.96 17.97 18.23 18.31 18.68 18.34 18.45 18.39 18.36 18.70 18.49 18.43 18.31 18.26 18.23 18.22 18.12 17.98 17.84 17.53 17.52 17.51 17.39 17.52 17.63 17.77 17.82 17.94 18.65 18.72 18.77 18.19 19.68 17.63 17.70 17.56 17.40 17.36 17.38 17.28 17.25 17.35 17.41 17.83 17.72 18.61 18.00 18.78 18.25 19.89 19.09 19.05 19.80 19.38 19.89 19.63 19.64 19.75 19.93
15.89 15.95 16.09 16.34 16.68 17.03 17.94 17.73 17.86 18.27 18.06 18.17 18.23 18.26 18.44 18.84 18.93 18.74 18.96 18.72 18.77 18.88 18.76 19.20 18.70 18.59 18.64 18.56 18.40 18.34 18.16 18.04 17.94 17.92 17.95 17.99 18.07 18.19 18.31 18.35 18.94 19.00 18.94 18.81 19.75 18.16 18.18 18.12 17.99 17.85 17.88 18.00 17.73 17.95 17.84 18.09 18.03 18.56 18.64 18.59 18.98 18.99 20.25 20.00 20.10 20.11 20.11 19.98 19.97 19.91 20.06
16.61 16.46 16.70 16.85 17.06 17.53 17.82 18.93 18.18 18.37 18.38 18.52 18.58 18.54 18.77 18.96 19.00 19.04 19.30 19.10 19.11 19.25 19.13 19.43 19.03 18.98 18.87 18.78 18.65 18.53 18.53 18.44 18.40 18.39 18.36 18.35 18.44 18.64 18.73 18.79 19.10 19.11 18.94 19.91 18.87 18.68 18.59 18.60 18.61 18.39 18.40 18.53 18.25 18.26 18.60 18.35 18.62 18.68 19.92 18.97 19.35 19.38 20.33 19.96 19.93 20.43 20.35 20.29 20.31 20.32 20.26
17.18 16.91 17.02 17.28 17.43 17.70 18.00 18.45 18.69 18.74 18.71 18.78 18.81 18.83 18.99 19.16 19.38 19.72 19.66 19.52 19.45 19.39 19.43 19.59 19.37 19.24 19.11 19.04 18.83 18.76 18.83 18.79 18.71 18.69 18.59 18.70 18.76 19.01 19.02 19.06 19.24 19.26 19.10 19.87 19.23 19.18 19.00 19.09 19.13 18.98 18.96 19.10 18.86 18.81 19.44 19.12 18.99 19.12 19.31 20.04 19.88 19.88 20.22 20.82 20.83 20.80 20.56 20.55 20.61 20.61 20.59
17.25 17.38 17.71 17.87 17.86 18.03 18.39 18.63 19.83 19.12 19.01 19.06 19.14 19.17 19.23 19.41 19.98 20.12 19.83 19.79 19.74 19.73 19.79 19.61 19.50 19.40 19.39 19.30 19.20 19.05 19.09 19.09 19.03 18.96 18.93 19.00 19.07 19.19 19.19 19.33 19.38 19.47 19.52 19.57 19.97 19.70 19.46 19.65 19.60 19.48 19.53 19.69 19.43 19.36 19.63 20.22 19.44 19.49 19.67 19.81 20.69 20.88 -9999.00 -9999.00 -9999.00 -9999.00 20.93 20.78 20.80 20.79 20.87
17.76 18.11 18.09 18.56 18.42 18.47 18.65 19.10 19.32 19.54 19.35 19.42 19.46 19.49 19.53 19.69 19.74 19.93 20.32 20.07 20.01 19.95 19.77 19.76 19.65 19.60 19.60 19.52 19.44 19.30 19.28 19.36 19.36 19.41 19.33 19.27 19.28 19.35 19.49 19.55 19.60 19.68 19.80 19.95 20.49 19.91 20.10 20.14 20.02 19.99 20.14 20.16 19.88 19.83 20.40 20.52 19.95 20.00 20.15 20.33 20.84 -9999.00 -9999.00 -9999.00 -9999.00 -9999.00 -9999.00 -9999.00 -9999.00 -9999.00 -9999.00
18.12 18.38 18.45 18.82 19.04 18.90 19.03 19.27 19.53 20.32 19.71 19.68 19.71 19.77 19.86 20.09 20.07 20.12 20.23 20.42 20.26 20.24 20.01 19.86 19.82 19.75 19.66 19.64 19.63 19.64 19.65 19.61 19.52 19.64 19.67 19.53 19.54 19.57 19.68 19.78 19.95 20.01 20.04 20.15 20.58 20.29 20.63 20.55 20.45 20.46 20.50 20.67 20.27 20.24 20.76 20.58 20.38 20.59 20.95 21.02 -9999.00 -9999.00 -9999.00 -9999.00 -9999.00 -9999.00 -9999.00 -9999.00 -9999.00 -9999.00 -9999.00
18.92 18.68 18.91 19.07 19.25 19.48 19.42 19.67 19.83 20.53 20.16 20.04 20.03 20.05 20.10 20.31 20.36 20.38 20.37 20.59 20.55 20.08 19.99 20.08 19.91 19.84 19.77 19.76 19.82 19.94 19.89 19.78 19.79 19.85 19.82 19.77 19.84 19.75 19.92 20.03 20.11 20.14 20.22 20.38 20.49 20.86 20.83 20.88 20.80 20.90 21.04 21.11 20.80 20.79 21.12 21.11 21.11 -9999.00 -9999.00 -9999.00 -9999.00 -9999.00 -9999.00 -9999.00 -9999.00 -9999.00 -9999.00 -9999.00 -9999.00 -9999.00 -9999.00
18.92 19.23 19.23 19.37 19.58 20.01 19.94 20.03 20.18 20.27 20.89 20.35 20.37 20.33 20.41 20.48 20.72 20.66 20.70 20.66 20.47 20.32 20.31 20.16 20.07 20.02 19.98 19.97 20.04 20.09 20.10 19.98 20.08 19.99 20.00 20.06 20.04 19.97 20.11 20.20 20.28 20.28 20.31 20.48 20.59 20.76 20.95 20.94 21.10 21.20 -9999.00 -9999.00 -9999.00 -9999.00 -9999.00 -9999.00 -9999.00 -9999.00 -9999.00 -9999.00 -9999.00 -9999.00 -9999.00 -9999.00 -9999.00 -9999.00 -9999.00 -9999.00 -9999.00 -9999.00 -9999.00
19.17 19.45 19.60 19.66 19.91 20.06 20.25 20.37 20.52 20.55 21.04 20.56 20.67 20.72 20.70 20.83 20.86 20.89 20.89 20.90 20.58 20.60 20.50 20.40 20.17 20.12 20.09 20.15 20.28 20.25 20.21 20.37 20.22 20.16 20.18 20.23 20.25 20.25 20.29 20.38 20.35 20.42 20.50 20.62 20.71 20.92 21.00 21.14 21.20 -9999.00 -9999.00 -9999.00 -9999.00 -9999.00 -9999.00 -9999.00 -9999.00 -9999.00 -9999.00 -9999.00 -9999.00 -9999.00 -9999.00 -9999.00 -9999.00 -9999.00 -9999.00 -9999.00 -9999.00 -9999.00 -9999.00
19.42 19.73 20.11 19.97 20.12 20.28 20.66 20.57 20.70 20.82 21.20 20.87 20.90 20.94 20.98 20.99 21.27 21.16 21.12 21.04 20.95 20.91 20.73 20.60 20.50 20.40 20.30 20.33 20.48 20.49 20.59 20.50 20.40 20.29 20.33 20.38 20.37 20.41 20.46 20.52 20.62 20.62 20.61 20.72 20.81 21.01 21.17 21.27 21.26 -9999.00 -9999.00 -9999.00 -9999.00 -9999.00 -9999.00 -9999.00 -9999.00 -9999.00 -9999.00 -9999.00 -9999.00 -9999.00 -9999.00 -9999.00 -9999.00 -9999.00 -9999.00 -9999.00 -9999.00 -9999.00 -9999.00
19.75 20.03 20.21 20.36 20.38 20.53 20.74 20.84 20.90 21.02 21.32 21.09 21.15 21.18 21.19 21.21 21.37 21.29 21.17 21.20 21.13 21.07 20.99 20.75 20.59 20.52 20.45 20.33 20.58 20.69 20.72 20.65 20.58 20.45 20.48 20.51 20.59 20.58 20.61 20.66 20.74 20.80 20.95 20.91 21.00 21.07 21.16 -9999.00 -9999.00 -9999.00 -9999.00 -9999.00 -9999.00 -9999.00 -9999.00 -9999.00 -9999.00 -9999.00 -9999.00 -9999.00 -9999.00 -9999.00 -9999.00 -9999.00 -9999.00 -9999.00 -9999.00 -9999.00 -9999.00 -9999.00 -9999.00
20.11 20.27 20.50 20.63 20.69 20.84 20.99 21.06 21.14 21.24 21.25 21.50 21.35 21.36 21.44 21.49 21.43 21.36 21.24 21.33 21.28 21.16 21.14 20.81 20.63 20.69 20.49 20.58 20.74 20.87 20.75 20.75 20.72 20.84 20.60 20.66 20.72 20.78 20.78 20.82 20.94 20.96 21.07 21.30 21.34 21.34 -9999.00 -9999.00 -9999.00 -9999.00 -9999.00 -9999.00 -9999.00 -9999.00 -9999.00 -9999.00 -9999.00 -9999.00 -9999.00 -9999.00 -9999.00 -9999.00 -9999.00 -9999.00 -9999.00 -9999.00 -9999.00 -9999.00 -9999.00 -9999.00 -9999.00
