maui/input/air_temperature_monthly/tminjun_250m_maui.asc
ncols        356
nrows        236
xllcorner    -156.702000000000
yllcorner    20.529750000000
cellsize     0.002250000000
NODATA_value  -99.00
[rows 64 to 95 of 236, columns 71 to 141 of 356]
16.76 17.16 17.31 17.72 18.40 18.84 18.96 19.15 19.34 19.49 19.69 19.91 20.03 20.12 20.20 20.36 20.49 20.60 20.70 20.72 20.57 20.86 -9999.00 -9999.00 -9999.00 -9999.00 -9999.00 -9999.00 -9999.00 -9999.00 -9999.00 -9999.00 -9999.00 -9999.00 -9999.00 -9999.00 -9999.00 -9999.00 -9999.00 -9999.00 -9999.00 -9999.00 -9999.00 -9999.00 -9999.00 -9999.00 -9999.00 -9999.00 -9999.00 -9999.00 -9999.00 -9999.00 -9999.00 -9999.00 -9999.00 -9999.00 -9999.00 -9999.00 -9999.00 -9999.00 -9999.00 -9999.00 -9999.00 -9999.00 -9999.00 -9999.00 -9999.00 -9999.00 -9999.00 -9999.00 -9999.00
15.92 16.90 17.58 17.96 17.89 18.06 18.04 18.27 18.52 19.06 19.65 19.90 20.03 20.16 20.27 20.40 20.46 20.61 20.69 20.55 20.68 20.71 -9999.00 -9999.00 -9999.00 -9999.00 -9999.00 -9999.00 -9999.00 -9999.00 -9999.00 -9999.00 -9999.00 -9999.00 -9999.00 -9999.00 -9999.00 -9999.00 -9999.00 -9999.00 -9999.00 -9999.00 -9999.00 -9999.00 -9999.00 -9999.00 -9999.00 -9999.00 -9999.00 -9999.00 -9999.00 -9999.00 -9999.00 -9999.00 -9999.00 -9999.00 -9999.00 -9999.00 -9999.00 -9999.00 -9999.00 -9999.00 -9999.00 -9999.00 -9999.00 20.81 20.80 20.80 20.78 20.77 20.76
16.12 16.35 17.32 17.64 18.07 18.53 18.67 18.69 18.65 19.02 19.45 19.83 20.03 20.05 20.30 20.32 20.51 20.62 20.63 20.49 20.66 20.76 20.84 -9999.00 -9999.00 -9999.00 -9999.00 -9999.00 -9999.00 -9999.00 -9999.00 -9999.00 -9999.00 -9999.00 -9999.00 -9999.00 -9999.00 -9999.00 -9999.00 -9999.00 -9999.00 -9999.00 -9999.00 -9999.00 -9999.00 -9999.00 -9999.00 -9999.00 -9999.00 -9999.00 -9999.00 -9999.00 -9999.00 -9999.00 -9999.00 -9999.00 -9999.00 -9999.00 -9999.00 -9999.00 20.79 20.78 20.80 20.79 20.79 20.77 20.78 20.78 20.76 20.75 20.74
18.07 18.05 18.30 18.47 18.60 18.62 18.84 19.29 19.54 19.68 19.80 19.87 19.89 20.11 20.16 20.33 20.49 20.55 20.56 20.40 20.59 20.72 20.80 20.82 20.85 -9999.00 -9999.00 -9999.00 -9999.00 -9999.00 -9999.00 -9999.00 -9999.00 -9999.00 -9999.00 -9999.00 -9999.00 -9999.00 -9999.00 -9999.00 -9999.00 -9999.00 -9999.00 -9999.00 -9999.00 -9999.00 -9999.00 -9999.00 -9999.00 -9999.00 -9999.00 -9999.00 20.88 -9999.00 -9999.00 -9999.00 -9999.00 -9999.00 20.85 20.84 20.81 20.77 20.78 20.76 20.76 20.75 20.76 20.75 20.73 20.73 20.71
16.46 17.06 18.00 18.63 18.50 19.19 19.26 19.25 19.44 19.66 19.47 19.79 20.04 20.04 20.21 20.36 20.42 20.45 20.52 20.50 20.65 20.73 20.74 20.81 20.83 20.87 -9999.00 -9999.00 -9999.00 -9999.00 -9999.00 -9999.00 -9999.00 -9999.00 -9999.00 -9999.00 -9999.00 -9999.00 -9999.00 -9999.00 -9999.00 -9999.00 -9999.00 -9999.00 -9999.00 -9999.00 -9999.00 -9999.00 -9999.00 -9999.00 20.89 20.89 20.89 20.86 20.86 20.87 20.86 20.86 20.84 20.82 20.78 20.76 20.77 20.75 20.73 20.72 20.71 20.67 20.70 20.66 20.61
16.71 17.54 18.65 18.17 18.80 18.20 18.48 18.27 19.07 19.61 19.73 19.93 19.78 19.95 20.12 20.28 20.31 20.39 20.29 20.58 20.64 20.61 20.59 20.77 20.80 20.85 20.89 -9999.00 -9999.00 -9999.00 -9999.00 -9999.00 -9999.00 -9999.00 -9999.00 -9999.00 -9999.00 -9999.00 -9999.00 -9999.00 -9999.00 -9999.00 -9999.00 -9999.00 -9999.00 -9999.00 -9999.00 -9999.00 -9999.00 20.89 20.88 20.88 20.87 20.84 20.80 20.84 20.85 20.84 20.82 20.80 20.78 20.74 20.74 20.70 20.70 20.69 20.69 20.65 20.64 20.63 20.58
18.32 18.03 17.25 17.07 17.54 17.04 17.65 18.16 18.46 19.03 19.42 19.53 19.70 19.90 20.07 20.19 20.30 20.39 20.33 20.49 20.61 20.68 20.73 20.75 20.78 20.74 20.84 -9999.00 -9999.00 -9999.00 -9999.00 -9999.00 -9999.00 -9999.00 -9999.00 -9999.00 -9999.00 -9999.00 -9999.00 -9999.00 -9999.00 -9999.00 -9999.00 -9999.00 -9999.00 -9999.00 20.90 20.88 20.88 20.86 20.85 20.86 20.81 20.78 20.78 20.80 20.83 20.80 20.79 20.80 20.75 20.75 20.70 20.68 20.66 20.65 20.66 20.59 20.53 20.61 20.56
16.15 15.99 16.88 17.35 17.81 18.18 18.50 18.87 19.20 19.26 19.30 19.58 19.78 19.92 20.10 20.20 20.31 20.38 20.51 20.59 20.64 20.65 20.70 20.72 20.57 20.72 20.86 -9999.00 -9999.00 -9999.00 -9999.00 -9999.00 -9999.00 -9999.00 -9999.00 -9999.00 -9999.00 -9999.00 -9999.00 -9999.00 -9999.00 -9999.00 -9999.00 -9999.00 -9999.00 20.89 20.86 20.86 20.85 20.86 20.84 20.83 20.82 20.77 20.77 20.77 20.80 20.80 20.77 20.76 20.74 20.71 20.68 20.66 20.63 20.62 20.62 20.53 20.46 20.51 20.53
15.19 15.79 16.61 17.34 17.51 18.45 18.69 18.80 18.53 18.55 19.16 19.44 19.81 19.96 20.06 20.17 20.28 20.39 20.52 20.58 20.62 20.63 20.66 20.47 20.73 20.82 20.85 20.90 20.90 -9999.00 -9999.00 -9999.00 -9999.00 -9999.00 -9999.00 -9999.00 -9999.00 -9999.00 -9999.00 -9999.00 -9999.00 -9999.00 20.90 20.90 20.89 20.87 20.85 20.83 20.84 20.85 20.84 20.81 20.80 20.77 20.76 20.76 20.75 20.76 20.75 20.75 20.72 20.72 20.69 20.66 20.61 20.61 20.61 20.54 20.45 20.44 20.50
14.62 15.30 16.29 17.68 17.72 17.43 18.39 18.03 17.85 18.51 19.11 19.42 19.73 19.90 20.07 20.17 20.28 20.46 20.54 20.55 20.54 20.60 20.48 20.63 20.77 20.77 20.84 20.85 -9999.00 -9999.00 -9999.00 -9999.00 -9999.00 -9999.00 20.91 20.91 20.91 20.91 20.91 20.91 20.91 20.91 20.89 20.90 20.88 20.85 20.84 20.83 20.83 20.84 20.79 20.79 20.80 20.78 20.77 20.75 20.74 20.73 20.72 20.73 20.71 20.70 20.70 20.69 20.67 20.65 20.65 20.57 20.46 20.37 20.45
14.52 15.22 15.76 15.95 16.77 17.45 17.13 17.51 17.90 18.51 19.03 19.49 19.68 19.86 20.08 20.19 20.41 20.44 20.48 20.50 20.52 20.37 20.54 20.64 20.75 20.80 20.83 20.85 -9999.00 -9999.00 -9999.00 -9999.00 -9999.00 20.91 20.91 20.91 20.91 20.91 20.91 20.91 20.90 20.90 20.89 20.88 20.88 20.85 20.83 20.82 20.82 20.83 20.75 20.74 20.77 20.75 20.76 20.76 20.74 20.73 20.70 20.68 20.69 20.69 20.69 20.68 20.66 20.64 20.62 20.54 20.39 20.34 20.38
14.61 14.99 15.58 15.65 16.06 16.55 17.20 18.09 18.50 18.85 19.16 19.51 19.71 19.89 20.14 20.33 20.37 20.35 20.40 20.48 20.42 20.43 20.56 20.69 20.77 20.83 20.83 20.84 20.89 20.90 -9999.00 -9999.00 20.91 20.90 20.91 20.91 20.91 20.91 20.91 20.91 20.91 20.89 20.88 20.88 20.90 20.89 20.85 20.82 20.80 20.79 20.75 20.74 20.73 20.74 20.74 20.75 20.74 20.72 20.69 20.64 20.64 20.66 20.66 20.62 20.60 20.60 20.56 20.51 20.43 20.32 20.27
16.33 16.02 16.49 17.05 18.02 17.83 17.85 17.67 18.07 18.74 19.28 19.66 19.78 20.13 20.26 20.28 20.22 20.28 20.38 20.44 20.42 20.53 20.62 20.73 20.75 20.74 20.83 20.86 20.84 20.88 20.89 20.91 20.91 20.91 20.91 20.91 20.91 20.91 20.91 20.91 20.90 20.89 20.88 20.84 20.88 20.83 20.83 20.83 20.82 20.78 20.76 20.75 20.73 20.73 20.73 20.75 20.74 20.72 20.69 20.62 20.61 20.62 20.61 20.57 20.53 20.53 20.53 20.48 20.42 20.31 20.24
17.23 18.02 18.01 18.81 18.31 18.51 18.73 18.82 18.99 19.22 19.54 19.74 20.09 20.20 20.07 20.08 20.18 20.28 20.39 20.46 20.43 20.54 20.63 20.74 20.72 20.81 20.77 20.83 20.83 20.85 20.87 20.90 20.91 20.92 20.92 20.92 20.91 20.90 20.91 20.91 20.90 20.87 20.86 20.84 20.79 20.79 20.78 20.83 20.83 20.79 20.75 20.73 20.73 20.71 20.71 20.72 20.73 20.72 20.67 20.63 20.59 20.58 20.57 20.53 20.50 20.48 20.47 20.39 20.34 20.29 20.20
18.21 18.33 18.99 19.23 19.48 19.58 19.65 19.70 19.48 19.63 19.84 20.02 20.10 19.89 20.00 20.11 20.21 20.31 20.41 20.40 20.42 20.66 20.57 20.57 20.76 20.69 20.76 20.76 20.77 20.85 20.90 20.90 20.90 20.90 20.90 20.90 20.89 20.89 20.88 20.90 20.89 20.88 20.83 20.82 20.80 20.78 20.79 20.81 20.81 20.76 20.74 20.73 20.71 20.71 20.70 20.71 20.71 20.70 20.68 20.62 20.59 20.56 20.53 20.50 20.46 20.43 20.38 20.34 20.34 20.25 20.20
19.02 19.04 19.05 18.96 18.83 19.06 19.19 19.30 19.64 19.78 19.67 19.47 19.79 19.90 20.04 20.15 20.22 20.33 20.42 20.41 20.37 20.45 20.57 20.67 20.73 20.67 20.72 20.75 20.85 20.82 20.86 20.87 20.88 20.87 20.88 20.88 20.88 20.88 20.88 20.89 20.88 20.87 20.84 20.80 20.80 20.78 20.79 20.80 20.80 20.77 20.74 20.73 20.71 20.70 20.69 20.67 20.68 20.69 20.67 20.62 20.59 20.56 20.52 20.49 20.44 20.39 20.35 20.32 20.32 20.21 20.18
18.11 17.61 18.65 18.56 17.90 18.70 18.11 18.19 18.44 18.50 18.54 19.20 19.64 19.84 19.98 20.10 20.21 20.29 20.41 20.44 20.36 20.53 20.55 20.71 20.67 20.69 20.76 20.77 20.76 20.77 20.84 20.85 20.86 20.85 20.84 20.84 20.86 20.86 20.88 20.88 20.86 20.84 20.84 20.80 20.79 20.78 20.77 20.77 20.77 20.77 20.76 20.73 20.70 20.69 20.68 20.68 20.66 20.67 20.65 20.62 20.58 20.55 20.52 20.49 20.45 20.40 20.35 20.32 20.27 20.23 20.15
16.92 17.41 17.01 17.52 16.84 17.11 17.19 17.03 18.07 18.56 19.09 19.33 19.58 19.75 19.91 20.07 20.17 20.27 20.36 20.41 20.46 20.58 20.56 20.69 20.67 20.67 20.69 20.80 20.76 20.79 20.83 20.83 20.83 20.83 20.84 20.83 20.84 20.86 20.86 20.86 20.84 20.83 20.83 20.80 20.79 20.77 20.76 20.75 20.75 20.75 20.74 20.71 20.69 20.68 20.66 20.66 20.66 20.63 20.63 20.57 20.54 20.51 20.50 20.46 20.40 20.32 20.33 20.29 20.25 20.22 20.15
16.48 17.31 15.75 16.26 15.72 16.07 16.37 17.69 18.02 18.24 18.96 19.25 19.48 19.67 19.87 20.02 20.16 20.27 20.35 20.40 20.43 20.58 20.51 20.59 20.59 20.71 20.71 20.75 20.77 20.80 20.81 20.80 20.80 20.80 20.80 20.81 20.83 20.84 20.85 20.83 20.82 20.81 20.81 20.80 20.80 20.76 20.74 20.75 20.72 20.72 20.70 20.68 20.67 20.66 20.65 20.65 20.64 20.63 20.59 20.54 20.50 20.46 20.44 20.42 20.34 20.26 20.25 20.25 20.22 20.19 20.14
14.88 15.28 14.82 14.94 14.69 15.44 16.62 17.68 18.17 18.45 18.84 19.23 19.49 19.66 19.82 19.98 20.12 20.22 20.31 20.36 20.41 20.47 20.58 20.63 20.68 20.68 20.69 20.72 20.75 20.78 20.77 20.78 20.78 20.78 20.79 20.81 20.83 20.83 20.82 20.81 20.80 20.79 20.79 20.78 20.78 20.76 20.72 20.74 20.72 20.69 20.67 20.65 20.64 20.63 20.64 20.63 20.61 20.60 20.58 20.49 20.47 20.46 20.42 20.39 20.31 20.25 20.21 20.21 20.16 20.09 20.07
13.98 13.66 13.81 14.74 15.53 16.14 16.66 17.09 17.46 17.93 18.47 19.12 19.34 19.57 19.75 19.91 20.05 20.16 20.24 20.32 20.48 20.44 20.58 20.60 20.59 20.66 20.66 20.72 20.75 20.75 20.75 20.75 20.76 20.78 20.80 20.81 20.81 20.81 20.80 20.79 20.79 20.78 20.77 20.76 20.75 20.75 20.73 20.71 20.70 20.68 20.65 20.65 20.62 20.60 20.60 20.61 20.58 20.56 20.51 20.48 20.43 20.40 20.41 20.35 20.29 20.22 20.21 20.17 20.14 20.08 20.03
14.03 13.41 14.31 15.29 15.69 15.93 16.91 17.65 18.18 18.57 18.85 19.08 19.33 19.52 19.71 19.87 20.01 20.13 20.24 20.33 20.41 20.47 20.57 20.54 20.60 20.64 20.67 20.72 20.72 20.73 20.73 20.73 20.75 20.77 20.78 20.80 20.80 20.79 20.79 20.77 20.77 20.76 20.75 20.74 20.73 20.73 20.70 20.68 20.64 20.59 20.60 20.60 20.60 20.57 20.58 20.57 20.55 20.55 20.49 20.46 20.40 20.36 20.34 20.32 20.28 20.20 20.17 20.15 20.09 20.03 19.97
15.94 14.59 13.84 14.77 15.70 16.38 17.43 17.86 18.19 18.48 18.79 19.05 19.30 19.53 19.71 19.90 19.99 20.10 20.20 20.29 20.37 20.38 20.54 20.58 20.61 20.59 20.64 20.67 20.70 20.71 20.71 20.73 20.74 20.76 20.77 20.79 20.78 20.78 20.77 20.76 20.75 20.74 20.73 20.71 20.70 20.69 20.68 20.65 20.64 20.53 20.53 20.57 20.56 20.55 20.55 20.52 20.51 20.54 20.48 20.41 20.37 20.35 20.32 20.31 20.24 20.19 20.16 20.11 20.05 20.00 19.94
16.84 16.03 15.20 16.33 16.28 15.90 16.80 17.84 18.30 18.54 18.69 19.09 19.30 19.54 19.72 19.86 19.97 20.09 20.18 20.27 20.32 20.44 20.49 20.54 20.60 20.59 20.64 20.65 20.67 20.68 20.70 20.72 20.73 20.75 20.76 20.77 20.77 20.77 20.76 20.75 20.74 20.73 20.71 20.69 20.68 20.67 20.65 20.60 20.57 20.50 20.48 20.50 20.52 20.52 20.48 20.46 20.46 20.52 20.49 20.41 20.33 20.31 20.28 20.26 20.26 20.18 20.13 20.09 20.08 19.98 19.93
16.54 17.53 16.35 16.48 17.79 16.63 16.69 16.88 17.56 18.27 18.94 19.12 19.36 19.60 19.74 19.85 19.96 20.08 20.17 20.25 20.31 20.43 20.48 20.54 20.58 20.58 20.61 20.64 20.65 20.67 20.68 20.71 20.72 20.73 20.75 20.76 20.76 20.75 20.75 20.74 20.73 20.72 20.70 20.67 20.65 20.65 20.65 20.59 20.53 20.45 20.44 20.42 20.47 20.41 20.43 20.42 20.41 20.46 20.44 20.37 20.28 20.25 20.24 20.23 20.22 20.18 20.15 20.08 20.04 19.98 19.90
15.98 17.35 17.63 17.88 17.98 17.81 17.86 17.54 17.97 18.35 18.92 19.28 19.46 19.67 19.78 19.88 19.98 20.08 20.17 20.25 20.32 20.42 20.45 20.51 20.54 20.57 20.60 20.62 20.64 20.65 20.67 20.70 20.71 20.73 20.74 20.75 20.75 20.74 20.74 20.73 20.72 20.70 20.68 20.66 20.64 20.62 20.62 20.54 20.51 20.42 20.39 20.37 20.39 20.38 20.45 20.36 20.38 20.39 20.36 20.31 20.20 20.18 20.17 20.17 20.19 20.18 20.12 20.07 20.03 19.99 19.95
17.20 17.42 18.02 18.52 18.69 18.62 18.80 18.76 19.00 19.20 19.38 19.53 19.64 19.75 19.80 19.89 19.98 20.09 20.17 20.24 20.34 20.39 20.44 20.48 20.53 20.55 20.59 20.60 20.62 20.63 20.65 20.68 20.70 20.72 20.73 20.75 20.74 20.74 20.73 20.72 20.70 20.68 20.67 20.65 20.63 20.60 20.60 20.54 20.49 20.42 20.34 20.32 20.33 20.35 20.34 20.36 20.35 20.30 20.27 20.26 20.21 20.18 20.17 20.17 20.15 20.13 20.06 20.03 20.01 19.96 19.92
17.57 17.72 17.69 17.45 18.08 18.10 18.48 18.60 18.72 18.97 19.15 19.35 19.53 19.69 19.85 19.93 20.00 20.09 20.16 20.24 20.33 20.37 20.42 20.47 20.51 20.55 20.55 20.58 20.59 20.60 20.63 20.66 20.69 20.71 20.73 20.74 20.73 20.73 20.72 20.71 20.69 20.67 20.65 20.63 20.60 20.58 20.57 20.54 20.50 20.43 20.34 20.31 20.30 20.31 20.30 20.39 20.30 20.27 20.22 20.20 20.19 20.18 20.14 20.13 20.12 20.10 20.07 19.96 19.96 19.91 19.88
15.99 16.67 16.79 16.97 17.28 17.62 18.07 18.33 18.62 18.94 19.20 19.38 19.59 19.77 19.93 20.01 20.05 20.11 20.18 20.23 20.27 20.34 20.42 20.46 20.51 20.51 20.53 20.56 20.58 20.59 20.62 20.66 20.68 20.70 20.73 20.73 20.73 20.71 20.71 20.69 20.67 20.65 20.63 20.59 20.58 20.55 20.54 20.52 20.49 20.46 20.38 20.30 20.29 20.28 20.27 20.29 20.31 20.22 20.20 20.18 20.14 20.09 20.08 20.07 20.00 20.00 19.99 19.90 19.89 19.85 19.82
14.94 15.78 15.82 16.37 16.35 16.66 17.43 17.91 18.34 18.55 19.08 19.51 19.65 19.83 20.00 20.07 20.12 20.18 20.23 20.27 20.32 20.35 20.40 20.44 20.48 20.52 20.55 20.58 20.59 20.62 20.63 20.65 20.68 20.70 20.72 20.72 20.71 20.70 20.69 20.68 20.66 20.64 20.60 20.58 20.56 20.52 20.51 20.50 20.48 20.45 20.40 20.30 20.27 20.26 20.26 20.26 20.23 20.20 20.18 20.16 20.16 20.08 20.05 20.03 19.97 19.95 19.91 19.87 19.86 19.84 19.77
14.05 14.05 14.63 15.65 16.52 17.40 17.46 17.83 17.92 18.52 19.06 19.51 19.68 19.89 20.02 20.11 20.18 20.23 20.28 20.32 20.35 20.39 20.41 20.45 20.49 20.52 20.55 20.58 20.60 20.63 20.66 20.67 20.69 20.70 20.71 20.71 20.70 20.69 20.68 20.67 20.65 20.63 20.60 20.57 20.54 20.50 20.49 20.47 20.46 20.44 20.40 20.32 20.26 20.24 20.24 20.23 20.20 20.17 20.16 20.17 20.13 20.10 20.05 20.02 19.95 19.92 19.89 19.87 19.84 19.81 19.75
13.73 14.88 15.97 16.80 17.31 17.73 17.99 18.31 18.54 18.90 19.17 19.41 19.63 19.86 20.02 20.13 20.21 20.26 20.31 20.36 20.37 20.41 20.46 20.46 20.49 20.52 20.55 20.58 20.60 20.60 20.64 20.68 20.69 20.70 20.70 20.69 20.69 20.68 20.67 20.65 20.64 20.62 20.59 20.56 20.52 20.48 20.46 20.44 20.45 20.43 20.39 20.27 20.23 20.22 20.22 20.20 20.18 20.14 20.13 20.15 20.13 20.09 20.06 20.03 19.99 19.95 19.91 19.87 19.83 19.79 19.74
