maui/input/air_temperature_monthly/tmindec_250m_maui.asc
ncols        356
nrows        236
xllcorner    -156.702000000000
yllcorner    20.529750000000
cellsize     0.002250000000
NODATA_value  -99.00
[rows 96 to 127 of 236, columns 142 to 212 of 356]
17.56 17.49 17.43 17.33 17.24 17.19 17.12 17.05 16.98 16.85 16.79 16.68 16.59 16.47 16.33 16.24 16.17 16.01 15.92 15.88 15.74 15.73 15.76 15.66 15.62 15.45 15.33 15.35 15.36 15.23 15.07 14.95 14.83 14.79 14.72 14.75 14.70 14.49 14.43 14.36 14.29 14.28 14.05 13.94 14.02 13.88 13.91 13.51 13.40 13.28 13.08 12.91 12.85 12.91 12.95 12.69 12.71 12.64 12.67 12.56 12.55 12.55 12.56 12.60 12.72 12.81 12.87 12.81 12.84 12.82 12.94
17.54 17.47 17.41 17.36 17.27 17.18 17.12 17.02 16.92 16.83 16.78 16.73 16.62 16.49 16.34 16.21 16.12 16.02 15.92 15.84 15.78 15.70 15.65 15.58 15.53 15.48 15.42 15.31 15.19 15.11 15.06 14.87 14.77 14.71 14.68 14.64 14.48 14.40 14.31 14.23 14.22 14.07 13.99 13.83 13.82 13.57 13.76 13.68 13.24 12.92 12.83 12.71 12.73 12.82 12.84 12.59 12.43 12.50 12.37 12.39 12.32 12.35 12.41 12.43 12.52 12.50 12.56 12.57 12.59 12.57 12.62
17.55 17.45 17.41 17.34 17.28 17.18 17.08 17.02 16.95 16.82 16.75 16.70 16.61 16.49 16.39 16.27 16.09 15.98 15.88 15.78 15.69 15.66 15.59 15.51 15.47 15.49 15.39 15.28 15.14 15.02 14.91 14.88 14.79 14.67 14.60 14.50 14.40 14.29 14.41 14.16 14.01 13.92 13.74 13.64 13.58 13.47 13.48 13.54 13.05 12.96 12.99 12.79 12.64 12.54 12.56 12.73 12.37 12.30 12.21 12.14 12.14 12.13 12.18 12.25 12.48 12.25 12.35 12.32 12.32 12.36 12.42
17.53 17.47 17.42 17.30 17.20 17.14 17.08 17.03 16.93 16.84 16.74 16.65 16.60 16.53 16.41 16.28 16.08 15.95 15.81 15.69 15.60 15.57 15.50 15.42 15.42 15.40 15.30 15.17 15.06 14.99 14.85 14.73 14.69 14.62 14.46 14.36 14.32 14.16 14.11 14.04 13.90 13.80 13.64 13.50 13.31 13.28 13.48 13.26 13.15 12.83 12.75 12.71 12.55 12.43 12.18 12.20 12.17 12.12 12.02 11.95 11.95 11.96 11.96 12.03 12.06 12.12 12.14 12.13 12.07 12.05 12.20
17.57 17.47 17.41 17.33 17.23 17.13 17.25 17.01 16.93 16.82 16.75 16.66 16.58 16.48 16.38 16.23 16.04 15.92 15.79 15.66 15.55 15.45 15.37 15.34 15.31 15.33 15.24 15.06 14.96 14.84 14.86 14.71 14.59 14.50 14.31 14.22 14.18 14.00 13.93 13.87 13.70 13.58 13.68 13.45 13.22 13.12 13.24 13.12 13.07 13.04 12.55 12.51 12.52 12.19 12.18 12.01 12.18 11.88 11.79 11.74 11.70 11.73 11.78 11.80 11.86 11.87 11.96 11.92 11.84 11.91 12.03
17.51 17.49 17.46 17.35 17.19 17.13 17.01 16.93 16.83 16.86 16.74 16.60 16.53 16.44 16.34 16.21 16.06 15.89 15.75 15.65 15.44 15.36 15.30 15.25 15.23 15.26 15.02 15.01 14.92 14.79 14.74 14.59 14.46 14.36 14.19 13.99 13.96 13.85 13.81 13.79 13.47 13.55 13.24 13.14 13.14 13.04 13.10 12.82 12.73 12.63 12.73 12.25 12.24 12.03 12.04 11.87 11.79 11.78 11.63 11.55 11.47 11.49 11.56 11.65 11.74 11.76 11.66 11.64 11.65 11.76 11.89
17.46 17.42 17.34 17.26 17.19 17.11 16.94 16.85 16.78 16.69 16.83 16.77 16.60 16.37 16.29 16.16 16.07 15.87 15.73 15.61 15.44 15.31 15.24 15.19 15.14 15.10 14.78 14.90 14.75 14.67 14.56 14.46 14.30 14.15 14.03 13.86 13.76 13.80 13.62 13.44 13.30 13.33 13.14 13.00 12.93 13.10 12.87 12.66 12.55 12.61 12.44 12.47 12.00 11.98 11.83 11.79 11.63 11.63 11.54 11.37 11.27 11.28 11.40 11.50 11.47 11.46 11.52 11.46 11.42 11.55 11.63
17.38 17.31 17.18 17.11 17.08 17.06 16.95 16.80 16.70 16.64 16.75 16.53 16.44 16.38 16.29 16.24 16.02 15.91 15.71 15.58 15.47 15.34 15.18 15.12 15.04 14.92 14.82 14.69 14.64 14.53 14.46 14.35 14.32 14.08 13.95 13.79 13.65 13.68 13.48 13.31 13.24 13.17 12.92 12.95 12.75 12.85 12.66 12.52 12.38 12.43 12.23 12.28 12.05 11.79 11.68 11.65 11.49 11.51 11.35 11.26 11.13 11.12 11.20 11.33 11.27 11.22 11.22 11.23 11.23 11.29 11.38
17.28 17.25 17.15 17.05 16.98 16.93 16.86 16.81 16.67 16.63 16.53 16.44 16.40 16.48 16.22 16.09 15.98 16.07 15.77 15.62 15.49 15.41 15.22 15.04 14.96 14.84 14.74 14.62 14.53 14.46 14.28 14.30 14.11 14.04 13.95 13.73 13.64 13.48 13.36 13.18 13.03 12.97 12.82 12.77 12.51 12.47 12.39 12.34 12.21 12.16 11.97 12.04 11.86 11.65 11.55 11.49 11.32 11.26 11.17 11.13 11.02 10.99 11.04 10.96 11.06 10.93 10.97 10.98 11.01 11.13 11.35
17.22 17.17 17.12 17.00 16.97 16.89 16.74 16.78 16.68 16.60 16.45 16.41 16.41 16.28 16.17 16.05 15.91 15.80 15.70 15.64 15.61 15.33 15.21 15.04 14.91 14.82 14.66 14.57 14.46 14.30 14.14 14.06 14.07 13.87 13.83 13.70 13.65 13.24 13.20 13.04 12.85 12.81 12.62 12.45 12.37 12.20 12.21 12.22 11.99 11.88 11.91 11.75 11.61 11.53 11.43 11.28 11.20 11.10 11.01 10.94 10.91 10.87 10.85 10.78 10.74 10.73 10.76 10.77 10.83 11.07 10.98
17.13 17.14 17.05 17.00 16.94 16.90 16.74 16.64 16.64 16.53 16.44 16.36 16.29 16.24 16.21 16.04 15.84 15.87 15.59 15.57 15.39 15.26 15.08 14.98 14.88 14.71 14.59 14.51 14.39 14.27 14.11 13.99 13.90 13.91 13.70 13.66 13.48 13.32 13.01 12.74 12.62 12.51 12.40 12.38 12.30 12.02 12.04 11.95 11.87 11.69 11.72 11.50 11.43 11.43 11.28 11.12 11.02 10.90 10.84 10.71 10.66 10.68 10.63 10.44 10.59 10.55 10.55 10.58 10.82 10.70 10.75
17.10 17.06 16.98 16.90 16.94 16.88 16.82 16.73 16.63 16.58 16.47 16.32 16.21 16.12 15.99 16.00 15.80 15.56 15.70 15.46 15.36 15.19 15.08 15.04 14.87 14.72 14.56 14.46 14.42 14.16 14.05 13.99 13.85 13.72 13.79 13.49 13.38 13.14 12.97 12.86 12.54 12.23 12.27 12.11 12.03 12.00 11.85 11.72 11.63 11.53 11.41 11.31 11.38 11.30 11.02 11.01 10.85 10.73 10.61 10.48 10.40 10.41 10.39 10.34 10.49 10.31 10.33 10.49 10.48 10.46 10.53
17.11 17.09 17.03 16.95 16.87 16.80 16.69 16.57 16.49 16.47 16.44 16.27 16.17 16.05 15.87 15.82 15.75 15.54 15.41 15.37 15.29 15.26 15.06 14.92 14.81 14.71 14.58 14.51 14.35 14.12 14.00 13.96 13.72 13.60 13.53 13.63 13.24 13.08 12.87 12.66 12.53 12.08 12.00 11.92 11.85 11.81 11.62 11.66 11.48 11.32 11.18 11.19 11.06 10.98 10.91 10.76 10.69 10.54 10.42 10.34 10.19 10.14 10.14 10.12 10.11 10.11 10.15 10.23 10.16 10.14 10.21
17.08 17.02 16.96 16.90 16.85 16.71 16.66 16.66 16.56 16.40 16.20 16.16 16.04 15.98 15.91 15.71 15.67 15.65 15.39 15.24 15.24 15.10 15.04 14.88 14.81 14.68 14.50 14.36 14.22 14.07 13.89 13.76 13.75 13.57 13.55 13.35 13.13 12.97 12.98 12.66 12.15 12.05 11.85 11.72 11.63 11.51 11.46 11.48 11.24 11.14 10.94 11.08 10.86 10.84 10.69 10.54 10.42 10.27 10.15 10.08 10.03 9.93 9.86 9.90 9.88 9.91 9.90 9.95 9.87 9.84 9.89
17.09 17.01 16.94 16.92 16.85 16.74 16.63 16.58 16.48 16.40 16.22 16.08 15.97 15.87 15.77 15.71 15.56 15.42 15.35 15.19 15.08 15.03 14.87 14.79 14.64 14.62 14.44 14.20 14.11 13.93 13.78 13.63 13.50 13.47 13.37 13.31 13.10 12.87 12.67 12.73 11.98 11.97 11.78 11.56 11.41 11.32 11.32 11.19 11.03 10.88 10.81 10.69 10.66 10.61 10.44 10.34 10.17 10.03 9.90 9.83 9.82 9.68 9.66 9.62 9.58 9.60 9.64 9.63 9.58 9.61 9.66
17.03 16.98 16.96 16.85 16.81 16.74 16.71 16.65 16.54 16.45 16.20 16.10 15.91 15.84 15.69 15.65 15.56 15.40 15.15 15.11 14.97 15.05 14.75 14.61 14.56 14.46 14.26 14.03 13.97 13.87 13.81 13.54 13.39 13.37 13.31 13.21 13.03 12.88 12.52 12.21 12.14 11.81 11.69 11.46 11.26 11.17 11.11 10.93 10.76 10.63 10.59 10.52 10.45 10.30 10.26 10.11 10.02 9.85 9.69 9.59 9.53 9.43 9.42 9.33 9.40 9.47 9.45 9.43 9.35 9.41 9.39
17.05 16.96 16.89 16.85 16.79 16.69 16.66 16.61 16.56 16.33 16.17 15.97 15.88 15.75 15.58 15.53 15.42 15.31 15.17 14.97 14.88 14.76 14.70 14.75 14.41 14.32 14.19 14.14 13.88 13.75 13.57 13.58 13.31 13.32 13.23 13.03 12.89 12.69 12.43 12.24 11.94 11.98 11.49 11.20 11.07 11.01 10.85 10.68 10.57 10.44 10.33 10.22 10.22 10.08 10.02 9.91 9.78 9.69 9.54 9.41 9.29 9.18 9.09 9.01 9.18 9.16 9.16 9.23 9.19 9.10 9.27
17.02 16.97 16.89 16.81 16.74 16.59 16.55 16.53 16.39 16.27 16.25 15.91 15.78 15.67 15.54 15.40 15.32 15.21 15.16 15.01 14.90 14.76 14.59 14.52 14.38 14.25 14.09 13.98 13.90 13.61 13.51 13.37 13.26 13.13 13.08 12.97 12.78 12.49 12.30 12.09 11.79 11.62 11.87 11.18 10.97 10.88 10.70 10.49 10.36 10.18 10.29 10.00 9.90 9.79 9.76 9.70 9.54 9.48 9.30 9.17 9.05 8.96 8.83 8.81 8.97 8.96 8.95 8.94 8.92 8.92 9.12
17.01 16.94 16.91 16.85 16.72 16.54 16.45 16.40 16.23 16.20 16.05 16.00 15.77 15.60 15.44 15.30 15.23 15.18 15.07 14.87 14.71 14.61 14.57 14.39 14.31 14.17 14.13 14.01 13.86 13.57 13.43 13.35 13.19 13.10 12.97 12.82 12.67 12.47 12.29 12.03 11.75 11.44 11.26 11.18 11.00 10.72 10.55 10.39 10.24 10.03 9.90 9.80 9.66 9.65 9.56 9.46 9.29 9.22 9.04 8.88 8.76 8.53 8.55 8.62 8.68 8.70 8.64 8.68 8.65 8.72 8.82
16.87 16.90 16.78 16.73 16.68 16.58 16.35 16.27 16.20 16.09 16.00 15.84 15.82 15.58 15.43 15.39 15.17 15.12 14.97 14.80 14.58 14.46 14.40 14.37 14.24 14.10 14.04 14.00 13.73 13.61 13.43 13.24 13.14 13.04 12.94 12.81 12.63 12.46 12.24 12.09 11.81 11.48 11.13 11.00 10.87 10.60 10.50 10.27 10.00 9.84 9.65 9.65 9.41 9.36 9.29 9.16 9.05 8.83 8.75 8.60 8.51 8.37 8.13 8.42 8.34 8.33 8.37 8.40 8.47 8.48 8.65
16.93 16.80 16.71 16.67 16.52 16.50 16.45 16.29 16.18 16.02 15.95 15.82 15.72 15.62 15.52 15.31 15.22 15.10 14.92 14.83 14.69 14.51 14.34 14.23 14.09 14.03 13.95 13.85 13.83 13.72 13.37 13.25 13.21 12.95 12.82 12.67 12.52 12.36 12.09 11.88 11.68 11.38 11.20 10.74 10.66 10.52 10.15 10.13 9.95 9.59 9.41 9.34 9.17 8.99 8.93 8.86 8.69 8.57 8.35 8.26 8.21 8.14 8.06 8.08 8.08 8.08 8.12 8.12 8.10 8.25 8.42
16.84 16.78 16.71 16.62 16.51 16.40 16.32 16.22 16.13 15.98 15.90 15.80 15.68 15.59 15.44 15.44 15.22 15.02 14.92 14.79 14.59 14.45 14.28 14.15 14.09 13.95 13.84 13.74 13.59 13.44 13.47 13.09 12.98 12.90 12.69 12.48 12.33 12.22 11.99 11.75 11.56 11.30 10.84 10.78 10.43 10.28 10.14 9.99 9.71 9.45 9.26 9.16 8.99 8.73 8.57 8.50 8.34 8.20 8.02 7.91 7.87 7.83 7.80 7.87 7.83 7.76 7.94 7.85 7.80 8.05 8.15
16.85 16.76 16.69 16.61 16.47 16.40 16.31 16.19 16.09 15.93 15.83 15.68 15.61 15.55 15.36 15.34 15.13 15.03 14.86 14.72 14.62 14.35 14.31 14.17 14.00 13.89 13.78 13.69 13.56 13.39 13.20 13.14 12.92 12.70 12.54 12.36 12.24 12.00 11.90 11.68 11.43 11.13 10.68 10.40 10.36 10.17 9.91 9.73 9.61 9.35 9.14 8.97 8.77 8.62 8.33 8.26 8.11 7.89 7.77 7.64 7.54 7.56 7.55 7.53 7.54 7.53 7.56 7.53 7.63 7.73 8.07
16.85 16.78 16.68 16.58 16.49 16.41 16.30 16.15 16.07 15.91 15.68 15.66 15.62 15.35 15.26 15.14 15.00 14.94 14.79 14.61 14.46 14.36 14.18 14.13 14.07 13.90 13.75 13.59 13.44 13.21 13.13 13.00 12.83 12.73 12.47 12.26 12.01 11.86 11.72 11.49 11.32 11.03 10.69 10.48 10.24 10.08 9.79 9.62 9.39 9.22 9.09 8.84 8.64 8.44 8.25 8.04 7.90 7.72 7.54 7.40 7.33 7.27 7.28 7.30 7.28 7.33 7.27 7.25 7.34 7.43 7.74
16.88 16.79 16.70 16.57 16.48 16.40 16.34 16.26 16.07 15.82 15.70 15.61 15.51 15.38 15.22 15.08 15.01 14.94 14.74 14.57 14.44 14.34 14.23 14.08 14.00 13.84 13.75 13.58 13.38 13.20 13.03 12.91 12.78 12.56 12.39 12.27 11.98 11.72 11.58 11.49 11.29 11.01 10.66 10.38 10.09 9.80 9.64 9.45 9.26 9.05 8.86 8.71 8.53 8.26 8.02 7.84 7.70 7.51 7.28 7.15 7.06 7.04 7.04 7.04 7.02 7.04 6.95 6.94 7.05 7.19 7.43
16.82 16.78 16.69 16.59 16.46 16.40 16.31 16.14 16.08 15.90 15.79 15.63 15.44 15.33 15.23 15.11 14.98 14.93 14.83 14.55 14.41 14.31 14.15 14.05 13.98 13.85 13.74 13.56 13.39 13.23 12.99 12.85 12.69 12.47 12.23 12.09 11.92 11.63 11.47 11.27 11.21 10.99 10.80 10.39 10.03 9.85 9.73 9.37 9.17 8.91 8.70 8.46 8.31 8.09 7.93 7.66 7.49 7.28 7.05 6.89 6.76 6.75 6.81 6.76 6.75 6.84 6.57 6.71 6.82 6.85 7.00
16.70 16.66 16.64 16.52 16.41 16.29 16.20 16.04 15.91 15.83 15.75 15.66 15.55 15.49 15.24 15.13 15.03 14.93 14.82 14.64 14.48 14.39 14.24 13.98 13.89 13.84 13.75 13.50 13.31 13.11 12.94 12.81 12.66 12.35 12.20 11.98 11.71 11.49 11.35 11.24 11.06 10.82 10.54 10.32 10.05 9.76 9.55 9.28 9.03 8.82 8.61 8.36 8.11 7.95 7.80 7.54 7.30 7.07 6.82 6.63 6.47 6.40 6.43 6.48 6.48 6.55 6.28 6.31 6.54 6.58 6.81
16.65 16.59 16.54 16.51 16.39 16.28 16.16 16.07 15.96 15.85 15.74 15.65 15.53 15.40 15.33 15.17 14.99 14.90 14.79 14.62 14.48 14.39 14.25 14.10 13.84 13.62 13.59 13.54 13.33 13.06 12.83 12.65 12.48 12.30 12.11 11.88 11.65 11.45 11.24 11.10 10.96 10.66 10.34 10.30 9.91 9.78 9.43 9.12 8.93 8.72 8.42 8.17 7.93 7.68 7.51 7.36 7.13 6.88 6.54 6.35 6.20 6.06 6.06 6.14 6.15 6.40 6.02 6.07 6.15 6.34 6.46
16.68 16.61 16.52 16.48 16.41 16.27 16.15 16.05 15.92 15.81 15.75 15.65 15.49 15.35 15.22 15.09 15.01 14.84 14.66 14.57 14.42 14.25 14.08 13.98 13.81 13.58 13.45 13.48 13.29 12.96 12.76 12.56 12.34 12.12 11.91 11.68 11.53 11.32 11.16 10.87 10.73 10.56 10.26 9.97 9.81 9.52 9.42 9.10 8.80 8.51 8.24 8.01 7.72 7.48 7.21 7.08 6.90 6.76 6.30 6.07 5.86 5.75 5.71 5.75 5.86 5.98 5.59 5.67 5.89 6.01 6.06
16.64 16.57 16.52 16.45 16.38 16.26 16.16 16.08 15.94 15.80 15.70 15.63 15.53 15.35 15.19 15.03 15.00 14.83 14.62 14.48 14.36 14.24 14.07 13.94 13.78 13.64 13.41 13.26 13.12 12.94 12.70 12.50 12.30 12.05 11.84 11.60 11.36 11.23 11.00 10.72 10.55 10.42 10.13 9.85 9.59 9.35 9.18 8.96 8.68 8.41 8.17 7.87 7.61 7.37 6.98 6.83 6.63 6.45 6.26 5.80 5.57 5.40 5.34 5.46 5.68 5.69 5.43 5.50 5.53 5.68 5.65
16.64 16.57 16.48 16.40 16.32 16.22 16.13 16.03 15.88 15.76 15.70 15.59 15.48 15.32 15.11 14.98 14.88 14.84 14.71 14.50 14.23 14.12 14.11 13.90 13.65 13.60 13.50 13.29 13.10 12.88 12.61 12.49 12.27 12.02 11.76 11.56 11.37 11.17 10.88 10.57 10.38 10.22 9.98 9.72 9.42 9.17 9.02 8.81 8.53 8.27 7.99 7.78 7.54 7.23 6.91 6.60 6.46 6.25 6.11 5.62 5.31 5.08 5.14 5.37 5.35 5.32 5.25 5.25 5.24 5.31 5.46
16.62 16.54 16.44 16.36 16.25 16.14 16.02 15.88 15.73 15.69 15.60 15.48 15.37 15.27 15.10 14.95 14.83 14.68 14.57 14.43 14.29 14.10 13.96 13.81 13.66 13.55 13.38 13.30 13.04 12.88 12.55 12.36 12.16 11.92 11.71 11.49 11.46 11.07 10.78 10.53 10.21 10.07 9.83 9.59 9.26 8.99 8.84 8.58 8.38 8.07 7.84 7.54 7.33 7.06 6.75 6.44 6.19 6.01 5.76 5.54 5.01 4.72 4.88 5.05 5.08 5.09 4.98 5.00 4.96 5.06 5.14
