maui/input/air_temperature_monthly/tminjan_250m_maui.asc
ncols        356
nrows        236
xllcorner    -156.702000000000
yllcorner    20.529750000000
cellsize     0.002250000000
NODATA_value  -99.00
[rows 64 to 95 of 236, columns 0 to 71 of 356]
-9999.00 -9999.00 17.97 17.97 17.96 17.92 17.78 17.62 17.49 17.37 17.31 17.29 17.17 17.05 16.87 16.76 16.62 16.51 16.27 16.06 15.88 15.68 15.39 15.11 14.88 14.55 14.63 14.11 13.65 13.45 13.05 12.75 12.60 12.29 11.88 12.02 11.46 10.99 10.58 10.51 11.33 10.86 9.73 9.94 9.63 9.55 9.29 8.93 8.32 9.06 10.50 11.34 12.86 11.28 9.40 9.09 8.54 8.54 9.24 9.45 10.61 12.15 13.05 14.29 14.92 14.37 13.41 11.84 12.05 12.10 13.48 13.85
-9999.00 -9999.00 -9999.00 17.97 17.97 17.96 17.90 17.76 17.70 17.60 17.37 17.28 17.18 17.07 16.87 16.78 16.62 16.44 16.22 16.05 16.05 15.73 15.52 15.16 14.88 14.58 14.31 14.00 13.74 13.35 13.06 12.87 12.71 12.87 12.00 11.47 11.19 11.11 10.79 10.23 9.96 9.92 10.46 9.86 9.34 9.21 8.60 8.65 8.18 8.79 10.16 11.34 12.57 11.19 9.07 8.56 8.68 8.33 9.11 10.79 11.96 13.39 13.98 14.82 14.33 13.04 12.24 11.29 11.52 12.23 12.50 13.01
-9999.00 -9999.00 -9999.00 -9999.00 17.97 17.95 17.86 17.71 17.62 17.50 17.40 17.30 17.14 17.00 16.86 16.72 16.57 16.44 16.20 15.99 15.75 15.59 15.38 15.46 15.23 14.98 14.87 14.40 14.20 13.81 13.64 12.91 12.39 12.40 11.94 11.88 11.80 11.52 11.21 10.48 10.09 9.53 9.25 9.98 9.07 8.50 8.59 8.02 8.35 8.36 9.95 11.19 12.28 10.91 8.82 8.08 8.37 8.75 9.92 12.01 13.44 14.14 14.19 14.11 13.91 12.50 11.06 10.68 11.50 12.05 13.22 13.21
-9999.00 -9999.00 -9999.00 -9999.00 -9999.00 17.97 17.91 17.79 17.68 17.61 17.45 17.33 17.19 17.05 16.88 16.73 16.58 16.43 16.18 15.95 15.70 15.49 15.28 15.08 14.79 14.91 14.40 13.99 13.62 13.30 12.96 13.19 12.97 12.25 11.96 12.08 12.03 11.80 10.76 10.30 9.89 9.65 9.71 8.87 9.35 9.09 8.23 7.86 7.81 7.88 9.42 10.85 11.90 10.53 8.53 7.91 8.40 10.11 11.88 13.29 13.92 12.91 14.09 13.38 13.02 11.49 10.76 11.47 12.33 13.62 14.97 15.14
-9999.00 -9999.00 -9999.00 -9999.00 -9999.00 -9999.00 17.97 17.83 17.74 17.66 17.50 17.38 17.24 17.08 16.88 16.79 16.60 16.40 16.15 15.96 15.71 15.48 15.25 15.02 14.80 14.51 14.23 13.97 13.62 13.40 13.09 12.80 12.35 11.96 11.60 11.25 10.96 10.98 11.62 10.58 9.66 9.33 9.00 9.16 8.46 8.08 8.43 7.53 7.29 7.30 8.37 9.29 9.44 8.68 8.08 9.37 11.31 11.06 12.09 13.29 13.17 12.47 13.72 13.24 12.16 10.41 12.60 13.08 14.45 14.16 13.32 13.54
-9999.00 -9999.00 -9999.00 -9999.00 -9999.00 -9999.00 17.97 17.93 17.81 17.69 17.57 17.44 17.34 17.23 16.99 16.81 16.61 16.39 16.16 16.01 15.83 15.63 15.35 15.10 14.94 14.54 14.32 14.09 13.77 13.40 13.01 12.71 12.40 12.29 12.13 11.57 11.28 10.77 10.32 10.41 10.32 10.14 9.64 8.74 8.90 8.27 7.72 8.17 7.12 6.94 7.57 7.25 8.32 8.59 10.06 11.94 12.22 12.91 12.85 13.03 12.27 12.41 13.29 12.54 11.32 10.65 11.22 12.76 12.57 12.60 13.00 13.78
-9999.00 -9999.00 -9999.00 -9999.00 -9999.00 -9999.00 -9999.00 17.97 17.88 17.76 17.62 17.51 17.40 17.24 17.07 16.88 16.70 16.47 16.26 16.14 15.94 15.76 15.59 15.28 14.96 14.52 14.25 14.01 13.85 13.55 13.59 14.06 13.99 13.44 13.38 12.81 11.80 12.20 11.60 10.96 10.44 9.30 8.97 8.95 8.51 8.05 7.67 7.15 7.25 6.82 6.95 7.03 8.01 9.58 11.31 11.68 11.92 11.08 12.44 11.96 12.48 12.20 12.11 11.66 9.97 10.25 10.32 11.75 13.06 14.51 15.07 15.37
-9999.00 -9999.00 -9999.00 -9999.00 -9999.00 -9999.00 -9999.00 17.98 17.87 17.77 17.64 17.53 17.45 17.34 17.21 17.02 16.85 16.70 16.47 16.20 16.09 15.90 15.48 15.11 14.87 14.54 14.30 15.23 15.12 14.96 14.70 13.19 13.35 13.10 12.77 12.83 13.11 12.17 12.75 12.62 10.95 10.41 9.47 9.17 8.89 8.54 7.84 7.28 6.78 6.75 6.30 6.71 7.24 7.78 9.29 10.60 9.97 10.34 10.40 9.78 9.97 10.06 9.83 9.20 9.41 9.60 11.59 13.02 14.92 13.29 13.40 13.22
-9999.00 -9999.00 -9999.00 -9999.00 -9999.00 -9999.00 -9999.00 17.98 17.91 17.79 17.70 17.55 17.46 17.33 17.14 16.94 16.85 16.73 16.54 16.35 16.19 16.09 15.73 15.46 15.49 15.60 15.33 14.54 13.89 13.56 13.21 12.84 12.42 12.07 11.64 11.15 10.96 10.60 10.88 10.95 11.81 10.95 10.37 10.03 9.56 8.55 7.86 7.27 6.77 6.23 6.07 6.07 6.38 7.02 7.08 7.62 7.18 7.90 7.66 7.61 7.66 7.90 7.68 8.65 8.80 9.54 11.28 12.98 13.01 11.86 11.85 12.26
-9999.00 -9999.00 -9999.00 -9999.00 -9999.00 -9999.00 -9999.00 17.98 17.89 17.79 17.70 17.57 17.45 17.28 17.01 17.14 16.93 16.95 16.89 16.51 16.26 16.08 15.79 15.35 15.02 14.99 14.43 14.12 13.88 13.57 13.22 13.06 12.71 12.39 12.38 12.00 10.79 10.51 9.96 9.67 9.71 9.53 9.52 8.91 8.17 8.04 7.92 7.50 6.40 6.24 5.79 5.86 6.40 6.39 6.15 5.57 5.80 6.38 6.39 6.83 7.48 7.65 7.66 7.96 8.28 9.44 9.67 10.75 11.03 10.39 11.50 11.70
-9999.00 -9999.00 -9999.00 -9999.00 -9999.00 -9999.00 -9999.00 17.98 17.91 17.79 17.69 17.57 17.44 17.27 17.13 17.01 17.18 17.01 16.88 16.75 16.46 16.15 15.75 15.33 15.20 14.95 15.23 15.31 14.88 14.79 14.29 13.45 12.67 12.18 11.74 11.32 11.41 11.28 10.70 9.58 9.21 8.84 8.56 8.35 8.57 7.66 7.25 7.47 6.52 6.04 5.65 5.58 6.00 5.91 5.97 5.78 5.58 6.15 7.27 9.37 11.29 11.17 9.81 11.00 11.10 9.80 8.96 10.49 12.40 10.71 10.45 11.59
-9999.00 -9999.00 -9999.00 -9999.00 -9999.00 -9999.00 -9999.00 17.98 17.90 17.79 17.68 17.57 17.39 17.27 17.14 17.29 17.26 17.08 16.81 16.62 16.37 16.28 16.38 16.21 15.75 15.29 14.70 14.12 13.74 13.45 13.70 14.46 14.27 13.59 13.22 13.31 12.88 12.78 12.14 11.12 10.48 10.16 9.86 8.93 7.82 7.31 6.92 6.49 6.10 6.10 5.53 5.27 5.54 5.56 5.84 5.98 7.06 7.07 9.68 11.34 12.12 12.70 12.63 11.86 13.52 12.43 10.90 10.82 14.01 12.48 11.53 11.67
-9999.00 -9999.00 -9999.00 -9999.00 -9999.00 -9999.00 -9999.00 17.99 17.93 17.86 17.74 17.63 17.49 17.35 17.38 17.35 17.23 17.13 16.90 16.70 16.47 16.21 15.87 15.58 15.33 14.88 14.10 13.47 13.19 12.90 12.60 12.58 12.74 12.66 12.65 12.37 12.08 11.77 12.24 12.80 12.55 12.28 11.89 10.43 8.86 8.38 7.31 6.71 6.34 5.93 5.70 6.54 7.68 7.74 7.77 9.70 10.75 8.92 10.01 11.19 12.61 12.97 13.31 13.55 13.62 13.93 12.21 11.06 13.26 14.72 12.12 13.37
-9999.00 -9999.00 -9999.00 -9999.00 -9999.00 -9999.00 -9999.00 17.99 17.98 17.93 17.83 17.76 17.67 17.58 17.52 17.44 17.29 17.19 17.02 16.86 16.57 16.27 15.92 15.67 15.28 14.89 14.19 13.68 13.43 13.05 12.90 12.88 12.75 12.70 12.54 11.74 11.28 11.48 11.36 11.23 10.45 10.81 10.57 10.99 10.24 9.40 8.26 7.32 6.71 6.54 7.60 7.80 9.38 11.06 10.03 11.24 11.68 11.33 11.02 12.48 12.81 13.35 13.58 13.77 14.01 14.54 13.57 12.65 12.64 15.00 13.85 14.25
-9999.00 -9999.00 -9999.00 -9999.00 -9999.00 -9999.00 18.00 17.99 17.99 17.97 17.90 17.82 17.73 17.72 17.61 17.47 17.38 17.30 17.10 16.91 16.71 16.44 16.08 15.80 15.55 15.19 14.83 14.42 14.16 13.81 13.62 13.54 13.73 13.68 13.36 13.26 12.67 11.69 10.75 9.95 9.68 9.92 9.46 8.75 8.41 7.90 7.75 7.34 6.79 7.31 9.63 10.76 10.75 10.78 11.38 11.63 12.42 12.48 12.12 12.72 13.24 13.53 13.56 13.99 14.38 14.42 14.34 14.19 13.59 14.15 15.59 15.22
-9999.00 -9999.00 -9999.00 -9999.00 -9999.00 -9999.00 18.00 17.99 17.99 17.99 17.95 17.87 17.79 17.74 17.72 17.65 17.54 17.36 17.22 17.00 16.77 16.55 16.29 16.00 15.74 15.39 15.11 14.78 14.53 14.37 13.94 14.31 13.99 12.79 12.29 12.31 12.25 11.91 11.04 10.32 9.49 8.78 8.32 8.03 8.08 7.79 7.51 9.48 9.46 7.17 8.40 10.21 11.08 11.91 12.17 12.32 12.60 13.17 13.09 13.22 13.78 13.93 14.04 13.98 14.10 14.42 15.05 15.02 15.34 15.31 15.77 16.01
-9999.00 -9999.00 -9999.00 -9999.00 -9999.00 -9999.00 -9999.00 18.00 17.99 17.99 17.97 17.92 17.87 17.82 17.78 17.65 17.54 17.41 17.23 17.03 16.90 16.72 16.49 16.20 15.97 15.59 15.26 14.99 14.82 14.56 15.09 14.31 13.29 13.39 14.01 13.86 13.66 13.20 12.42 11.66 10.87 10.35 10.08 9.64 9.95 9.57 9.68 10.56 10.20 8.25 9.01 10.51 11.05 11.72 12.20 12.73 13.12 13.39 13.58 13.83 13.93 14.38 14.46 14.32 14.45 14.56 14.75 15.23 15.70 15.45 15.46 15.10
-9999.00 -9999.00 -9999.00 -9999.00 -9999.00 -9999.00 -9999.00 -9999.00 17.99 17.99 17.99 17.96 17.92 17.88 17.79 17.69 17.53 17.39 17.23 17.07 16.89 16.67 16.49 16.28 16.04 15.78 15.46 15.32 15.14 15.36 14.53 14.73 14.74 14.97 14.69 14.53 14.44 14.13 14.09 13.04 12.71 12.11 11.66 10.84 11.22 11.80 11.41 11.02 10.34 9.35 7.21 8.94 10.20 11.04 11.73 11.91 11.75 12.39 13.22 13.56 13.82 14.05 14.27 14.81 14.62 15.02 15.26 15.29 14.53 14.87 14.30 13.92
-9999.00 -9999.00 -9999.00 -9999.00 -9999.00 -9999.00 -9999.00 -9999.00 -9999.00 17.99 17.99 17.97 17.95 17.90 17.84 17.72 17.58 17.53 17.41 17.18 17.00 16.86 16.57 16.38 16.13 15.90 15.89 15.81 15.75 15.67 15.52 15.39 15.04 14.44 13.86 13.04 12.69 12.85 12.95 13.14 13.23 12.76 12.63 12.68 11.37 10.62 10.48 9.86 9.08 7.86 9.48 10.40 10.90 11.59 12.06 12.64 12.94 13.09 13.51 13.85 14.09 14.38 14.63 14.65 14.73 15.15 14.87 14.30 13.07 13.20 14.24 13.48
-9999.00 -9999.00 -9999.00 -9999.00 -9999.00 -9999.00 -9999.00 -9999.00 -9999.00 -9999.00 17.99 17.99 17.98 17.96 17.92 17.83 17.68 17.52 17.41 17.24 17.12 16.91 16.67 16.49 16.46 16.18 15.97 16.09 15.45 15.08 14.90 14.48 13.86 13.42 12.68 11.93 11.39 11.09 11.47 11.46 11.54 11.32 12.01 11.18 11.82 11.78 11.43 10.63 8.65 6.89 9.38 10.84 11.25 11.66 12.08 11.73 11.80 12.51 13.56 13.97 13.82 13.91 13.87 14.42 14.68 14.46 14.45 13.26 11.50 11.45 13.60 11.89
-9999.00 -9999.00 -9999.00 -9999.00 -9999.00 -9999.00 -9999.00 -9999.00 -9999.00 -9999.00 18.00 17.99 17.98 17.98 17.94 17.87 17.76 17.61 17.53 17.36 17.19 16.96 16.78 16.71 16.51 16.31 16.20 15.99 15.63 15.45 15.02 14.62 14.00 13.19 12.70 12.16 11.51 10.94 10.43 9.94 9.79 9.72 10.67 10.23 11.26 11.40 10.42 9.64 7.78 8.27 9.91 10.44 10.98 11.84 12.38 12.34 12.91 13.11 12.98 13.54 13.33 12.75 13.95 14.27 14.34 13.15 14.27 13.20 10.47 10.81 11.25 11.01
-9999.00 -9999.00 -9999.00 -9999.00 -9999.00 -9999.00 -9999.00 -9999.00 -9999.00 -9999.00 -9999.00 17.99 17.99 17.98 17.95 17.87 17.78 17.68 17.55 17.41 17.31 17.15 17.02 16.86 16.63 16.42 16.38 16.19 15.92 15.53 15.25 14.83 14.40 14.24 13.94 13.45 12.25 11.35 10.49 10.04 9.54 9.22 8.89 8.94 9.67 9.84 8.96 8.78 10.74 10.93 10.94 11.93 11.47 11.24 11.24 11.63 12.66 12.94 12.98 13.37 12.83 12.57 13.15 14.00 14.31 13.06 11.95 10.96 9.29 9.53 10.25 11.06
-9999.00 -9999.00 -9999.00 -9999.00 -9999.00 -9999.00 -9999.00 -9999.00 -9999.00 -9999.00 -9999.00 17.99 17.99 17.98 17.96 17.89 17.79 17.69 17.61 17.46 17.34 17.18 17.00 16.90 16.77 16.63 16.43 16.21 15.90 15.65 15.19 15.06 14.74 14.29 13.66 13.49 12.39 11.67 11.16 10.58 9.94 9.34 9.01 8.67 8.23 8.18 8.91 9.91 11.78 12.46 12.17 12.29 12.69 11.82 10.93 11.44 12.21 12.18 12.40 13.02 11.97 11.75 12.51 13.04 13.51 13.22 9.47 8.74 9.10 9.98 11.83 12.96
-9999.00 -9999.00 -9999.00 -9999.00 -9999.00 -9999.00 -9999.00 -9999.00 -9999.00 -9999.00 -9999.00 -9999.00 -9999.00 17.99 17.95 17.91 17.82 17.77 17.65 17.50 17.36 17.21 17.07 16.93 16.80 16.69 16.58 16.32 16.07 15.64 15.29 15.00 14.48 13.84 13.32 12.66 12.44 12.54 11.50 11.20 10.02 9.77 9.50 9.11 9.36 9.18 10.79 11.30 11.73 12.99 13.34 13.19 13.01 12.44 11.60 10.68 11.12 11.09 12.02 12.42 11.32 10.85 10.39 11.59 12.57 10.84 9.53 10.56 10.81 11.36 12.28 13.85
-9999.00 -9999.00 -9999.00 -9999.00 -9999.00 -9999.00 -9999.00 -9999.00 -9999.00 -9999.00 -9999.00 -9999.00 -9999.00 17.99 17.98 17.95 17.90 17.77 17.67 17.54 17.41 17.28 17.16 17.06 17.01 16.85 16.75 16.55 16.14 15.76 15.44 15.07 14.45 14.06 14.22 14.14 13.18 13.35 13.25 12.74 10.71 11.10 11.03 10.50 11.08 10.67 12.10 11.91 13.05 13.56 13.24 13.76 13.31 13.24 12.05 11.99 12.27 11.89 11.06 11.12 10.20 10.57 11.15 11.56 12.22 12.48 11.64 11.84 11.68 13.71 11.95 13.56
-9999.00 -9999.00 -9999.00 -9999.00 -9999.00 -9999.00 -9999.00 -9999.00 -9999.00 -9999.00 -9999.00 -9999.00 -9999.00 -9999.00 17.99 17.98 17.94 17.83 17.70 17.64 17.49 17.38 17.28 17.24 17.13 17.04 16.97 16.78 16.45 16.12 15.71 15.31 15.08 14.97 14.19 14.44 14.69 14.14 13.19 12.58 12.35 12.67 12.14 12.08 12.85 12.48 12.54 11.96 12.81 13.84 13.76 14.16 13.71 13.57 13.16 13.28 12.85 12.26 11.27 9.37 9.45 10.62 11.74 13.24 13.22 13.16 12.92 12.27 13.52 13.88 13.42 13.01
-9999.00 -9999.00 -9999.00 -9999.00 -9999.00 -9999.00 -9999.00 -9999.00 -9999.00 -9999.00 -9999.00 -9999.00 -9999.00 -9999.00 -9999.00 17.99 17.97 17.92 17.81 17.70 17.56 17.50 17.44 17.39 17.28 17.15 16.94 16.73 16.52 16.31 15.89 15.56 15.18 15.10 15.40 14.78 13.90 13.84 14.01 14.01 13.93 13.50 13.86 13.79 13.28 12.40 12.44 12.23 13.33 13.93 13.98 14.38 14.14 14.02 14.13 13.20 12.59 11.73 10.82 9.40 10.40 10.71 11.95 11.38 12.26 13.11 13.71 14.39 14.37 14.08 14.62 14.23
-9999.00 -9999.00 -9999.00 -9999.00 -9999.00 -9999.00 -9999.00 -9999.00 -9999.00 -9999.00 -9999.00 -9999.00 -9999.00 -9999.00 -9999.00 -9999.00 17.99 17.94 17.88 17.74 17.71 17.65 17.58 17.53 17.37 17.20 17.02 16.83 16.66 16.55 16.16 15.86 15.92 15.56 15.02 15.21 15.27 15.20 15.14 14.83 14.73 14.18 13.64 12.80 11.47 10.71 11.29 12.65 13.25 14.20 14.27 14.33 14.51 14.28 13.77 13.61 13.11 11.15 11.24 10.35 8.97 9.57 10.41 10.38 10.54 12.05 13.57 12.36 12.65 13.62 14.17 14.59
-9999.00 -9999.00 -9999.00 -9999.00 -9999.00 -9999.00 -9999.00 -9999.00 -9999.00 -9999.00 -9999.00 -9999.00 -9999.00 -9999.00 -9999.00 -9999.00 -9999.00 17.99 17.96 17.90 17.81 17.75 17.71 17.63 17.47 17.30 17.15 16.96 16.86 16.64 16.42 16.25 16.15 15.98 15.96 15.41 14.99 14.81 14.54 14.11 13.42 12.42 12.58 10.83 10.76 9.57 10.11 12.92 14.13 14.32 14.69 14.51 14.81 14.51 14.24 13.41 12.55 11.19 12.32 11.30 11.36 10.43 10.36 8.96 10.43 11.79 12.10 11.49 12.84 12.06 13.63 13.03
-9999.00 -9999.00 -9999.00 -9999.00 -9999.00 -9999.00 -9999.00 -9999.00 -9999.00 -9999.00 -9999.00 -9999.00 -9999.00 -9999.00 -9999.00 -9999.00 -9999.00 -9999.00 17.98 17.97 17.93 17.89 17.76 17.68 17.56 17.43 17.24 17.04 16.89 16.71 16.56 16.48 16.20 15.66 15.09 14.38 13.73 13.44 13.13 12.56 11.72 11.06 10.73 10.11 9.60 9.50 9.25 10.68 12.72 13.54 14.50 15.19 14.50 13.95 13.42 12.45 12.00 12.01 12.73 12.59 11.92 11.85 11.95 10.13 8.90 9.97 10.38 10.67 10.96 12.07 12.14 11.99
-9999.00 -9999.00 -9999.00 -9999.00 -9999.00 -9999.00 -9999.00 -9999.00 -9999.00 -9999.00 -9999.00 -9999.00 -9999.00 -9999.00 -9999.00 -9999.00 -9999.00 -9999.00 -9999.00 17.98 17.98 17.92 17.87 17.77 17.64 17.45 17.30 17.14 16.98 16.83 16.63 16.62 16.44 16.01 15.53 14.90 14.50 14.30 14.09 13.19 11.84 12.08 11.02 10.41 10.50 10.36 10.20 10.75 13.13 14.26 15.05 15.31 14.62 13.76 11.77 11.99 12.74 12.79 13.71 13.40 13.13 12.77 11.17 9.16 8.44 8.56 8.76 9.65 10.37 10.58 11.10 11.12
-9999.00 -9999.00 -9999.00 -9999.00 -9999.00 -9999.00 -9999.00 -9999.00 -9999.00 -9999.00 -9999.00 -9999.00 -9999.00 -9999.00 -9999.00 -9999.00 -9999.00 -9999.00 -9999.00 -9999.00 -9999.00 17.96 17.89 17.80 17.70 17.56 17.38 17.22 17.07 16.92 16.84 16.66 16.49 16.19 15.76 15.29 15.32 14.33 13.48 12.87 13.60 12.09 11.29 11.47 11.24 10.40 11.73 12.17 14.19 15.29 15.47 14.58 13.28 12.12 10.37 10.96 12.90 13.50 14.03 13.54 12.45 10.95 10.55 8.94 9.05 8.85 8.97 9.37 9.78 10.06 10.35 10.80
