maui/input/air_temperature_monthly/tminaug_250m_maui.asc
ncols        356
nrows        236
xllcorner    -156.702000000000
yllcorner    20.529750000000
cellsize     0.002250000000
NODATA_value  -99.00
[rows 160 to 191 of 236, columns 213 to 283 of 356]
5.36 5.45 5.54 5.57 5.59 5.70 5.88 6.09 6.21 6.32 6.30 6.50 6.24 6.18 6.13 6.11 6.09 6.15 6.20 6.05 6.01 6.02 6.04 6.47 7.14 7.76 8.99 9.58 9.73 9.79 9.81 9.73 9.77 9.70 9.63 9.65 9.90 9.45 7.68 7.19 7.45 7.54 7.61 7.67 7.78 7.95 8.07 8.26 8.55 8.61 8.61 9.20 10.13 11.98 11.86 12.00 12.19 12.36 12.57 12.61 12.82 12.90 13.40 14.30 14.50 14.76 15.02 14.66 12.80 11.83 12.01
5.63 5.70 5.78 5.81 5.87 5.94 6.13 6.30 6.43 6.54 6.61 6.89 6.57 6.51 6.51 6.47 6.45 6.58 6.56 6.42 6.35 6.38 6.49 6.43 6.45 7.36 8.29 9.95 10.02 10.19 10.18 10.19 10.25 10.27 10.08 10.19 10.36 10.26 8.54 7.85 8.03 8.10 8.20 8.29 8.39 8.46 8.65 8.86 9.02 9.07 9.07 9.17 9.45 11.15 12.33 12.27 12.42 12.62 12.90 12.98 13.15 13.23 13.24 13.22 13.90 15.20 15.22 14.81 13.10 12.17 12.42
5.92 5.96 6.03 6.08 6.17 6.29 6.37 6.55 6.67 6.75 7.06 7.69 7.21 6.98 7.05 6.94 6.87 7.31 7.01 6.97 6.98 7.12 7.37 7.02 6.99 7.05 7.98 9.50 10.44 10.51 10.54 10.59 10.69 10.66 10.73 10.72 10.82 10.87 9.41 8.42 8.68 8.71 8.82 8.90 9.04 9.15 9.24 9.34 9.30 9.37 9.44 9.55 9.69 10.10 11.53 12.26 13.09 12.93 13.20 13.35 13.51 13.52 13.49 13.47 14.65 15.49 15.65 15.13 13.76 12.68 12.87
6.21 6.30 6.33 6.37 6.50 6.59 6.68 6.83 7.24 7.32 7.77 8.23 8.08 7.89 7.89 7.82 7.85 8.05 7.86 7.77 7.90 8.27 8.38 8.14 7.99 7.79 7.72 8.96 10.55 10.88 10.99 11.00 11.10 11.15 11.15 11.10 11.19 11.15 10.11 8.97 9.22 9.31 9.30 9.56 9.73 9.77 9.81 9.78 9.54 9.67 9.85 9.92 10.14 10.28 10.38 10.97 12.39 13.33 13.51 13.69 13.72 13.83 13.77 13.78 14.59 15.71 15.75 15.84 14.39 13.09 13.27
6.55 6.60 6.62 6.72 6.77 7.03 7.38 7.65 7.95 8.19 8.44 8.66 8.83 8.75 8.74 8.69 8.75 8.72 8.98 8.69 8.93 9.06 9.11 9.50 8.96 8.69 8.51 8.55 9.81 11.22 11.32 11.40 11.45 11.56 11.52 11.47 11.60 11.57 10.40 9.72 9.65 9.97 10.01 10.14 10.36 10.37 10.41 10.28 9.97 10.02 10.14 10.32 10.48 10.71 10.80 10.82 11.57 12.03 13.38 14.14 14.18 14.19 14.10 14.08 14.18 15.73 15.95 16.10 15.18 13.69 13.66
7.08 7.27 7.18 7.61 7.60 8.03 8.21 8.58 8.69 9.04 9.19 9.36 9.42 9.63 9.61 9.58 9.63 9.53 9.83 9.56 9.91 10.02 10.11 10.51 9.78 9.71 9.53 9.30 9.43 10.60 11.59 11.71 11.85 12.00 11.96 11.96 12.00 11.95 11.29 10.44 10.38 10.52 10.61 10.75 10.90 10.88 10.92 10.80 10.58 10.56 10.70 10.72 10.98 11.09 11.42 11.33 11.44 11.58 12.25 13.60 14.49 14.59 14.53 14.50 14.65 15.89 16.19 16.33 16.04 14.76 14.19
7.76 8.18 8.18 8.34 8.41 8.66 8.95 9.86 9.51 10.22 9.93 9.96 10.07 10.33 10.32 10.26 10.57 10.38 10.35 10.34 11.24 11.04 11.40 11.62 10.60 10.64 10.41 10.23 10.15 10.23 11.55 12.11 12.24 12.32 12.34 12.33 12.43 12.56 12.31 10.98 11.06 11.13 11.18 11.44 11.42 11.51 11.54 11.31 11.18 11.12 11.19 11.33 11.37 11.70 11.83 11.93 12.04 12.08 12.12 13.17 14.51 14.83 14.80 14.93 15.03 15.70 16.41 16.46 16.70 15.74 14.72
8.53 8.74 8.93 9.22 9.21 9.45 9.83 10.30 10.44 10.76 10.76 10.79 10.80 11.00 10.97 11.08 11.29 11.15 11.26 11.25 11.64 12.04 12.22 12.13 11.44 11.43 11.33 11.04 10.96 11.13 11.30 12.42 12.62 12.69 12.84 12.74 12.85 12.91 12.93 11.67 11.71 11.80 11.87 12.03 11.99 12.79 13.19 12.99 11.62 11.72 11.81 11.93 12.07 12.25 12.38 12.61 12.55 12.59 12.67 12.94 14.25 14.99 14.98 15.12 15.29 15.32 16.38 16.66 16.76 16.71 15.35
9.32 9.43 9.84 10.03 10.02 10.39 10.62 10.76 11.40 11.36 11.44 11.58 11.80 11.62 12.00 11.78 12.52 11.93 12.36 12.20 12.27 13.69 12.74 12.83 12.17 12.07 12.08 11.81 11.86 11.91 11.89 12.71 12.98 13.10 13.18 13.19 13.26 13.28 13.23 12.24 12.30 12.38 12.46 12.62 13.40 14.39 15.81 14.75 12.72 12.15 12.40 12.49 12.79 13.04 13.00 13.47 13.11 13.11 13.25 13.35 13.62 14.69 16.15 15.38 15.55 15.68 16.24 16.74 16.96 17.14 16.45
10.10 10.13 10.49 10.76 10.77 11.08 11.69 11.66 11.98 12.08 12.31 12.25 12.40 12.96 12.78 12.65 13.47 12.70 13.06 13.05 13.11 13.84 13.69 13.90 12.92 12.79 12.79 12.59 12.51 12.70 12.58 12.51 13.35 13.43 13.45 13.68 13.67 13.65 13.50 13.04 12.92 12.94 12.99 13.13 14.76 15.92 15.97 14.16 12.61 12.73 12.85 13.07 13.26 13.56 13.82 14.08 13.73 13.71 13.84 13.91 14.13 14.48 15.57 16.12 15.76 15.93 16.14 17.11 17.22 17.33 17.31
10.79 10.86 11.08 11.54 11.58 11.84 12.24 12.49 12.49 12.87 13.59 13.24 13.02 13.74 13.80 13.57 14.36 13.46 14.21 13.79 14.00 14.48 15.16 15.45 13.54 13.45 13.62 13.21 13.12 13.61 13.18 13.23 13.91 13.92 13.87 13.89 13.93 13.88 13.71 13.50 13.47 13.57 13.49 14.01 15.62 17.44 15.77 14.18 13.16 13.32 13.51 13.63 13.81 14.09 14.36 14.55 14.31 14.29 14.42 14.49 14.62 14.99 15.25 17.70 16.44 16.18 16.21 16.59 17.48 17.69 17.77
11.43 11.52 11.75 12.30 12.29 12.53 13.06 13.68 13.25 13.49 15.27 14.85 13.63 14.81 14.27 14.16 14.72 14.26 14.43 14.45 15.41 15.36 16.41 15.24 14.13 14.07 14.46 13.90 13.92 14.44 14.05 14.09 14.44 14.34 14.30 14.25 14.21 14.17 14.03 14.05 14.14 14.58 14.67 14.71 16.88 17.38 15.82 14.05 13.68 13.89 14.06 14.16 14.45 14.40 14.74 14.93 14.79 14.83 14.91 15.02 15.12 15.43 15.88 16.54 17.83 16.59 16.15 16.36 17.37 17.86 17.89
12.37 12.37 12.61 12.85 13.21 13.33 13.61 14.41 14.01 14.18 15.34 14.88 14.36 15.23 14.54 14.84 15.36 15.16 14.91 15.17 16.09 16.53 16.17 14.82 14.85 14.81 14.75 14.55 14.72 15.04 14.80 15.19 14.79 14.75 14.69 14.67 14.55 14.47 14.55 14.56 15.20 15.82 14.92 15.54 17.38 17.15 15.46 14.36 14.26 14.38 14.53 14.66 14.77 14.92 15.06 15.31 15.33 15.43 15.37 15.72 15.66 15.83 16.09 16.55 17.60 17.62 16.90 16.87 17.15 17.99 18.08
12.69 13.16 13.17 13.44 14.13 14.03 14.28 14.73 15.19 14.75 15.26 16.33 15.20 16.02 15.45 15.94 16.07 15.62 15.71 16.14 16.61 17.51 16.29 15.75 15.45 15.62 15.31 15.23 15.27 15.71 15.80 15.44 15.20 15.09 15.10 14.98 14.93 14.93 15.19 15.13 15.25 16.65 15.62 17.27 18.66 16.58 15.04 14.96 14.78 14.85 14.92 15.13 15.28 15.52 15.52 15.55 16.07 16.03 15.93 16.15 16.31 16.45 16.69 16.79 17.27 18.42 17.61 17.27 17.62 17.79 18.25
13.22 13.63 14.05 14.12 14.65 14.69 14.95 15.61 16.43 15.54 15.49 16.15 16.42 16.55 16.34 16.50 16.43 16.28 16.45 16.29 16.52 17.71 17.00 16.63 16.45 16.42 15.89 15.95 16.02 16.08 16.28 15.85 15.49 15.53 15.36 15.38 15.36 15.60 15.80 15.69 15.97 16.65 16.22 17.92 18.22 16.49 15.58 15.51 15.39 15.43 15.51 15.58 15.76 16.08 16.10 16.20 16.34 16.66 16.55 16.71 16.83 17.06 17.03 17.19 17.94 17.78 18.38 17.83 18.04 18.27 18.42
13.83 14.03 14.82 14.76 15.26 15.29 15.75 15.85 16.46 16.32 16.27 16.47 16.91 16.81 16.87 16.89 16.97 16.83 17.13 16.83 17.22 17.75 17.60 17.14 16.71 16.56 16.45 16.59 16.76 16.74 16.58 16.13 16.03 15.85 15.74 15.80 15.92 16.07 16.13 16.19 16.83 16.57 17.08 17.70 18.86 16.88 16.05 16.10 16.00 15.98 16.04 16.09 16.22 16.32 16.45 16.68 16.67 17.56 17.06 17.31 17.45 17.27 17.79 17.67 17.99 18.35 18.39 18.57 18.75 18.65 18.88
14.36 14.69 14.93 16.18 15.67 16.14 16.05 16.51 16.45 17.18 16.92 16.99 17.29 17.86 17.41 17.45 17.40 17.38 17.52 17.38 17.40 17.78 18.76 17.35 17.28 17.14 16.98 17.25 17.51 17.18 16.89 16.68 16.48 16.38 16.35 16.45 16.60 16.68 16.70 16.86 17.43 16.94 17.86 18.24 19.35 17.59 16.58 16.62 16.47 16.48 16.51 16.59 16.66 16.81 17.12 17.42 17.15 17.28 17.77 17.56 17.90 17.91 18.07 18.38 18.33 19.37 18.71 19.12 19.38 19.02 19.30
14.85 15.00 15.34 15.56 16.55 16.41 16.62 17.13 16.95 17.70 17.53 17.54 17.62 18.18 17.79 17.90 17.87 17.91 17.88 17.78 17.75 17.96 18.93 17.87 18.13 17.70 17.49 17.69 17.82 17.54 17.31 17.09 17.01 16.90 16.95 16.98 17.03 17.13 17.23 17.43 17.95 17.92 18.20 19.02 18.84 17.34 17.15 17.05 16.98 16.93 16.97 17.09 17.11 17.16 17.58 17.50 17.69 17.56 18.45 18.42 18.62 19.02 18.68 18.99 19.05 19.47 19.27 19.40 19.49 19.62 19.64
15.30 15.48 15.78 16.11 16.36 17.30 17.80 17.14 17.94 17.67 17.85 17.93 17.99 18.00 18.71 18.70 18.30 18.22 18.50 18.27 18.26 18.30 18.59 18.53 18.25 18.10 18.05 18.20 18.13 17.90 17.74 17.53 17.41 17.36 17.31 17.45 17.54 17.61 17.80 17.95 18.78 18.54 18.76 19.67 19.02 17.70 17.76 17.54 17.49 17.49 17.49 17.49 17.59 17.59 17.86 17.93 18.23 18.12 18.44 18.39 19.22 18.92 19.41 19.80 19.30 19.63 20.20 19.75 19.77 19.94 20.06
15.81 15.98 16.12 16.47 16.78 17.06 18.35 17.72 17.82 18.15 18.13 18.23 18.33 18.34 18.60 18.67 19.03 18.69 18.80 18.73 18.69 19.03 18.82 18.76 18.64 18.59 18.56 18.55 18.45 18.32 18.18 17.88 17.89 17.89 17.79 17.93 18.06 18.22 18.29 18.43 19.14 19.22 19.27 18.70 20.17 18.14 18.22 18.11 17.99 17.99 18.04 17.97 17.94 18.04 18.09 18.48 18.38 19.23 18.62 19.37 18.84 20.44 19.65 19.61 20.35 19.93 20.42 20.13 20.12 20.20 20.38
16.35 16.41 16.55 16.78 17.12 17.46 18.35 18.14 18.26 18.66 18.45 18.56 18.61 18.63 18.80 19.19 19.28 19.09 19.30 19.06 19.10 19.21 19.09 19.52 19.03 18.92 18.96 18.89 18.73 18.67 18.50 18.39 18.30 18.29 18.34 18.39 18.49 18.63 18.77 18.84 19.44 19.51 19.45 19.32 20.23 18.66 18.68 18.64 18.54 18.45 18.51 18.66 18.40 18.63 18.51 18.75 18.68 19.19 19.26 19.20 19.57 19.55 20.78 20.53 20.63 20.63 20.62 20.47 20.43 20.35 20.48
17.06 16.91 17.14 17.28 17.49 17.95 18.23 19.32 18.58 18.76 18.77 18.90 18.95 18.91 19.14 19.32 19.35 19.39 19.64 19.44 19.45 19.58 19.45 19.75 19.36 19.31 19.20 19.11 18.98 18.86 18.86 18.79 18.76 18.76 18.74 18.75 18.85 19.07 19.18 19.26 19.59 19.61 19.45 20.40 19.37 19.17 19.08 19.10 19.13 18.95 18.99 19.15 18.89 18.91 19.24 18.99 19.25 19.30 20.52 19.57 19.93 19.92 20.84 20.46 20.43 20.92 20.82 20.75 20.75 20.73 20.65
17.61 17.34 17.45 17.70 17.85 18.11 18.40 18.85 19.08 19.13 19.10 19.16 19.18 19.20 19.36 19.52 19.73 20.06 20.00 19.86 19.78 19.72 19.77 19.92 19.70 19.56 19.44 19.37 19.16 19.09 19.17 19.13 19.05 19.05 18.97 19.09 19.16 19.43 19.46 19.53 19.72 19.75 19.60 20.35 19.72 19.66 19.48 19.56 19.62 19.49 19.50 19.66 19.45 19.41 20.04 19.72 19.59 19.72 19.89 20.60 20.42 20.40 20.71 21.29 21.28 21.24 21.00 20.97 21.01 20.99 20.95
17.67 17.79 18.12 18.27 18.26 18.43 18.78 19.01 20.20 19.50 19.39 19.43 19.51 19.53 19.59 19.77 20.32 20.46 20.18 20.13 20.08 20.07 20.12 19.94 19.83 19.73 19.72 19.63 19.53 19.38 19.42 19.42 19.37 19.31 19.30 19.39 19.47 19.61 19.62 19.78 19.85 19.95 20.00 20.05 20.44 20.16 19.92 20.10 20.06 19.96 20.03 20.21 19.98 19.91 20.19 20.77 20.01 20.05 20.21 20.34 21.19 21.35 -9999.00 -9999.00 -9999.00 -9999.00 21.31 21.16 21.18 21.15 21.21
18.16 18.50 18.47 18.94 18.80 18.84 19.02 19.47 19.68 19.90 19.71 19.79 19.82 19.85 19.89 20.04 20.09 20.28 20.66 20.41 20.34 20.29 20.11 20.10 19.98 19.93 19.93 19.85 19.77 19.63 19.61 19.69 19.70 19.76 19.69 19.65 19.67 19.75 19.91 19.98 20.05 20.15 20.27 20.42 20.94 20.36 20.55 20.59 20.47 20.45 20.61 20.65 20.39 20.34 20.91 21.03 20.46 20.50 20.65 20.82 21.30 -9999.00 -9999.00 -9999.00 -9999.00 -9999.00 -9999.00 -9999.00 -9999.00 -9999.00 -9999.00
18.49 18.75 18.82 19.18 19.40 19.26 19.39 19.63 19.88 20.66 20.06 20.03 20.06 20.13 20.21 20.44 20.42 20.46 20.58 20.76 20.60 20.58 20.35 20.20 20.16 20.10 20.00 19.98 19.96 19.97 19.98 19.94 19.85 19.98 20.02 19.90 19.92 19.97 20.09 20.20 20.38 20.46 20.49 20.61 21.02 20.73 21.06 20.98 20.89 20.91 20.95 21.13 20.74 20.71 21.23 21.05 20.85 21.04 21.39 -9999.00 -9999.00 -9999.00 -9999.00 -9999.00 -9999.00 -9999.00 -9999.00 -9999.00 -9999.00 -9999.00 -9999.00
19.27 19.03 19.26 19.42 19.59 19.82 19.76 20.01 20.16 20.86 20.50 20.38 20.37 20.39 20.45 20.65 20.70 20.72 20.72 20.93 20.89 20.42 20.34 20.43 20.25 20.19 20.12 20.10 20.16 20.27 20.22 20.12 20.13 20.19 20.16 20.13 20.20 20.14 20.31 20.44 20.54 20.58 20.65 20.82 20.92 21.28 21.25 21.30 21.23 21.34 21.48 21.55 21.24 21.22 21.55 -9999.00 -9999.00 -9999.00 -9999.00 -9999.00 -9999.00 -9999.00 -9999.00 -9999.00 -9999.00 -9999.00 -9999.00 -9999.00 -9999.00 -9999.00 -9999.00
19.27 19.57 19.56 19.70 19.90 20.33 20.26 20.35 20.50 20.59 21.20 20.68 20.70 20.67 20.74 20.82 21.05 20.99 21.04 21.00 20.82 20.67 20.66 20.51 20.42 20.37 20.33 20.32 20.39 20.43 20.44 20.32 20.41 20.33 20.34 20.40 20.40 20.34 20.49 20.60 20.69 20.70 20.74 20.90 21.01 21.17 21.36 21.35 21.51 21.62 -9999.00 -9999.00 -9999.00 -9999.00 -9999.00 -9999.00 -9999.00 -9999.00 -9999.00 -9999.00 -9999.00 -9999.00 -9999.00 -9999.00 -9999.00 -9999.00 -9999.00 -9999.00 -9999.00 -9999.00 -9999.00
19.50 19.77 19.92 19.97 20.22 20.38 20.56 20.68 20.82 20.86 21.34 20.88 20.99 21.04 21.03 21.16 21.19 21.22 21.23 21.24 20.93 20.95 20.85 20.75 20.52 20.48 20.44 20.50 20.63 20.60 20.55 20.70 20.56 20.50 20.51 20.57 20.61 20.61 20.67 20.77 20.76 20.83 20.91 21.03 21.12 21.33 21.40 21.54 21.60 -9999.00 -9999.00 -9999.00 -9999.00 -9999.00 -9999.00 -9999.00 -9999.00 -9999.00 -9999.00 -9999.00 -9999.00 -9999.00 -9999.00 -9999.00 -9999.00 -9999.00 -9999.00 -9999.00 -9999.00 -9999.00 -9999.00
19.74 20.05 20.41 20.28 20.42 20.58 20.96 20.87 21.00 21.12 21.50 21.17 21.21 21.26 21.30 21.31 21.59 21.48 21.46 21.38 21.30 21.26 21.08 20.96 20.86 20.76 20.66 20.69 20.84 20.84 20.93 20.84 20.74 20.63 20.67 20.72 20.72 20.77 20.83 20.89 21.00 21.02 21.01 21.13 21.22 21.41 21.55 21.66 21.65 -9999.00 -9999.00 -9999.00 -9999.00 -9999.00 -9999.00 -9999.00 -9999.00 -9999.00 -9999.00 -9999.00 -9999.00 -9999.00 -9999.00 -9999.00 -9999.00 -9999.00 -9999.00 -9999.00 -9999.00 -9999.00 -9999.00
20.06 20.33 20.51 20.66 20.68 20.83 21.03 21.13 21.19 21.31 21.62 21.39 21.45 21.48 21.50 21.52 21.69 21.61 21.50 21.54 21.47 21.42 21.34 21.11 20.95 20.88 20.82 20.70 20.94 21.04 21.07 21.00 20.92 20.79 20.82 20.85 20.93 20.93 20.97 21.02 21.12 21.19 21.35 21.31 21.40 21.46 21.55 -9999.00 -9999.00 -9999.00 -9999.00 -9999.00 -9999.00 -9999.00 -9999.00 -9999.00 -9999.00 -9999.00 -9999.00 -9999.00 -9999.00 -9999.00 -9999.00 -9999.00 -9999.00 -9999.00 -9999.00 -9999.00 -9999.00 -9999.00 -9999.00
20.41 20.57 20.79 20.92 20.98 21.13 21.28 21.35 21.43 21.53 21.54 21.78 21.65 21.66 21.74 21.80 21.74 21.67 21.56 21.66 21.62 21.50 21.49 21.17 20.99 21.05 20.86 20.94 21.11 21.22 21.11 21.10 21.06 21.17 20.94 21.00 21.06 21.12 21.13 21.18 21.30 21.33 21.45 21.68 21.72 21.72 -9999.00 -9999.00 -9999.00 -9999.00 -9999.00 -9999.00 -9999.00 -9999.00 -9999.00 -9999.00 -9999.00 -9999.00 -9999.00 -9999.00 -9999.00 -9999.00 -9999.00 -9999.00 -9999.00 -9999.00 -9999.00 -9999.00 -9999.00 -9999.00 -9999.00
