maui/input/air_temperature_monthly/tminsep_250m_maui.asc
ncols        356
nrows        236
xllcorner    -156.702000000000
yllcorner    20.529750000000
cellsize     0.002250000000
NODATA_value  -99.00
[rows 192 to 223 of 236, columns 142 to 212 of 356]
17.06 16.86 16.78 16.65 16.52 16.44 16.42 16.35 16.27 16.12 16.05 15.99 16.01 15.90 15.86 15.87 15.88 15.88 15.94 15.99 16.06 16.07 16.08 16.08 16.23 16.26 16.28 16.38 16.44 16.52 16.63 16.55 16.48 16.43 16.45 16.44 16.43 16.50 16.50 16.48 16.64 16.81 16.91 16.96 17.04 17.13 17.22 17.36 17.45 17.58 17.67 17.76 17.93 18.10 18.31 18.44 18.57 18.56 18.62 18.72 18.90 18.90 19.02 19.12 19.18 19.34 19.42 19.63 19.83 20.07 20.21
17.23 17.19 17.12 17.03 16.91 16.85 16.78 16.74 16.65 16.47 16.39 16.38 16.30 16.22 16.18 16.24 16.24 16.21 16.26 16.33 16.36 16.36 16.43 16.46 16.60 16.58 16.73 16.77 16.98 17.05 16.87 16.76 16.66 16.63 16.65 16.72 16.78 16.75 16.82 16.85 16.93 17.10 17.20 17.24 17.35 17.38 17.45 17.66 17.76 17.92 17.94 18.10 18.19 18.38 18.57 18.72 18.96 18.91 19.00 19.06 19.18 19.28 19.34 19.45 19.50 19.64 19.80 20.04 20.17 20.34 21.10
17.49 17.45 17.47 17.45 17.30 17.17 17.12 17.04 16.94 16.83 16.74 16.68 16.60 16.48 16.43 16.47 16.50 16.55 16.60 16.66 16.74 16.72 16.80 16.77 16.93 16.96 16.98 17.10 17.16 17.12 17.07 16.96 16.77 16.71 16.73 16.82 16.99 17.02 17.10 17.16 17.25 17.42 17.52 17.55 17.63 17.70 17.74 17.90 18.14 18.15 18.26 18.40 18.49 18.62 18.78 18.98 19.13 19.47 19.35 19.40 19.45 19.62 19.71 19.70 19.83 19.92 20.21 20.33 20.52 20.70 20.87
17.71 17.75 17.76 17.72 17.59 17.49 17.42 17.34 17.29 17.11 17.05 16.95 16.90 16.83 16.68 16.74 16.76 16.91 16.92 16.95 17.09 17.06 17.12 17.14 17.15 17.18 17.28 17.28 17.26 17.24 17.21 16.70 16.57 16.73 16.44 17.04 17.14 17.23 17.35 17.46 17.53 17.69 17.85 17.90 17.93 18.00 18.04 18.15 18.36 18.56 18.55 18.61 18.71 18.88 19.04 19.21 19.39 19.57 19.64 19.67 19.78 20.03 20.03 20.01 20.16 20.25 20.38 20.69 20.80 20.93 21.07
18.04 18.00 18.02 17.96 17.91 17.90 17.77 17.67 17.57 17.46 17.34 17.25 17.20 17.15 17.05 17.02 17.11 17.12 17.25 17.29 17.43 17.49 17.44 17.48 17.49 17.48 17.51 17.52 17.45 17.45 17.45 16.77 17.08 16.84 17.24 17.44 17.57 17.55 17.62 17.72 17.78 17.98 18.07 18.17 18.25 18.30 18.31 18.45 18.63 18.78 18.89 18.90 19.01 19.14 19.29 19.50 19.65 19.89 20.01 20.07 20.14 20.19 20.38 20.38 20.43 20.61 20.73 20.93 21.03 21.12 21.32
18.20 18.22 18.20 18.15 18.11 18.13 18.08 18.00 17.86 17.68 17.59 17.51 17.48 17.40 17.35 17.33 17.40 17.54 17.57 17.66 17.71 17.79 17.73 17.73 17.73 17.84 17.85 17.82 17.79 17.84 17.99 17.80 17.58 17.53 17.69 17.72 17.77 17.90 17.94 18.09 18.15 18.27 18.33 18.49 18.53 18.64 18.67 18.66 18.91 19.05 19.21 19.27 19.31 19.43 19.64 19.86 20.05 20.18 20.46 20.37 20.38 20.45 20.63 20.70 20.70 20.90 20.97 21.12 21.27 21.41 -9999.00
18.49 18.47 18.39 18.39 18.32 18.33 18.28 18.18 18.11 18.00 17.91 17.78 17.79 17.69 17.64 17.71 17.89 17.93 17.92 17.89 17.97 18.01 18.04 18.06 18.10 18.11 18.12 18.15 18.10 18.15 18.18 18.06 17.95 17.34 17.90 17.99 18.06 18.17 18.25 18.37 18.43 18.52 18.58 18.69 18.85 18.90 19.01 19.03 19.21 19.30 19.54 19.53 19.67 19.77 19.91 20.12 20.31 20.41 20.54 20.66 20.69 20.75 20.90 20.95 20.98 21.11 21.26 21.33 21.51 -9999.00 -9999.00
18.75 18.68 18.61 18.57 18.37 17.91 18.27 18.45 18.40 18.32 18.17 18.11 18.07 18.05 18.04 18.19 18.24 18.22 18.27 18.27 18.28 18.28 18.28 18.27 18.31 18.31 18.37 18.36 18.30 18.37 18.36 18.25 18.00 17.90 17.83 18.40 18.43 18.45 18.53 18.66 18.72 18.82 18.80 18.92 19.07 19.25 19.29 19.33 19.51 19.66 19.84 19.91 19.98 20.05 20.19 20.39 20.53 20.60 20.71 20.86 20.99 21.11 21.19 21.26 21.33 21.40 21.58 -9999.00 -9999.00 -9999.00 -9999.00
18.92 18.83 18.78 18.69 18.28 18.33 18.54 18.64 18.63 18.57 18.42 18.44 18.41 18.40 18.44 18.46 18.52 18.54 18.58 18.58 18.59 18.55 18.48 18.58 18.56 18.50 18.57 18.52 18.52 18.58 18.53 18.57 18.49 18.28 18.32 18.75 18.77 18.78 18.86 18.94 19.05 19.11 19.12 19.28 19.32 19.44 19.62 19.78 19.91 19.97 20.15 20.20 20.28 20.32 20.44 20.57 20.74 20.91 20.98 21.02 21.14 21.37 21.46 -9999.00 -9999.00 -9999.00 -9999.00 -9999.00 -9999.00 -9999.00 -9999.00
19.10 19.04 19.00 19.01 18.95 18.72 18.68 18.77 18.88 18.77 18.66 18.70 18.69 18.70 18.71 18.71 18.72 18.78 18.81 18.80 18.82 18.82 18.73 18.68 18.71 18.73 18.79 18.77 18.74 18.78 18.81 18.82 18.68 18.59 18.65 18.93 19.02 19.06 19.12 19.15 19.26 19.38 19.43 19.51 19.59 19.76 19.90 20.06 20.19 20.28 20.39 20.44 20.53 20.62 20.69 20.86 20.89 21.11 21.24 21.28 21.40 -9999.00 -9999.00 -9999.00 -9999.00 -9999.00 -9999.00 -9999.00 -9999.00 -9999.00 -9999.00
19.37 19.20 19.13 19.15 19.15 19.04 18.86 18.96 19.04 18.98 18.89 18.93 18.95 18.96 19.04 19.04 19.00 18.96 19.01 19.06 19.08 19.06 19.05 18.99 19.10 19.02 19.01 18.98 18.99 19.02 19.02 19.05 18.95 18.94 19.02 19.23 19.33 19.36 19.39 19.43 19.51 19.59 19.70 19.80 19.94 20.01 20.21 20.32 20.44 20.55 20.64 20.64 20.72 20.83 20.94 21.05 21.16 21.33 21.46 21.58 -9999.00 -9999.00 -9999.00 -9999.00 -9999.00 -9999.00 -9999.00 -9999.00 -9999.00 -9999.00 -9999.00
19.57 19.46 19.42 19.41 19.34 19.21 19.05 19.05 19.02 19.18 19.14 19.21 19.23 19.20 19.24 19.30 19.27 19.23 19.31 19.33 19.31 19.33 19.35 19.37 19.24 19.25 19.22 19.16 19.15 19.24 19.30 19.29 19.20 19.23 19.34 19.51 19.58 19.59 19.65 19.73 19.80 19.89 20.03 20.10 20.23 20.26 20.46 20.63 20.67 20.81 20.92 20.93 20.99 21.09 21.13 21.28 21.44 -9999.00 -9999.00 -9999.00 -9999.00 -9999.00 -9999.00 -9999.00 -9999.00 -9999.00 -9999.00 -9999.00 -9999.00 -9999.00 -9999.00
19.87 19.72 19.70 19.65 19.53 19.44 19.34 19.35 19.66 19.59 19.47 19.40 19.51 19.49 19.55 19.56 19.52 19.52 19.61 19.62 19.63 19.60 19.59 19.56 19.60 19.58 19.49 19.42 19.40 19.46 19.53 19.56 19.51 19.54 19.63 19.76 19.80 19.83 19.89 19.96 20.08 20.18 20.34 20.42 20.50 20.46 20.68 20.83 20.99 21.09 21.16 21.19 21.25 21.30 21.39 21.57 -9999.00 -9999.00 -9999.00 -9999.00 -9999.00 -9999.00 -9999.00 -9999.00 -9999.00 -9999.00 -9999.00 -9999.00 -9999.00 -9999.00 -9999.00
20.08 19.99 19.91 19.82 19.78 19.70 19.65 19.62 19.76 19.90 19.82 19.69 19.79 19.83 19.79 19.79 19.78 19.88 19.85 19.87 19.89 19.86 19.85 20.03 19.93 19.86 19.73 19.66 19.67 19.75 19.76 19.76 19.81 19.79 19.85 20.01 20.08 20.08 20.15 20.24 20.34 20.42 20.53 20.71 20.83 20.91 20.99 21.10 21.18 21.27 21.37 21.52 21.58 -9999.00 -9999.00 -9999.00 -9999.00 -9999.00 -9999.00 -9999.00 -9999.00 -9999.00 -9999.00 -9999.00 -9999.00 -9999.00 -9999.00 -9999.00 -9999.00 -9999.00 -9999.00
20.29 20.19 20.10 20.09 20.05 19.96 19.92 19.92 20.00 20.10 20.11 20.04 20.15 20.11 20.06 20.06 20.00 20.11 20.12 20.11 20.15 20.18 20.17 20.23 20.15 20.08 19.99 19.95 19.94 19.97 20.00 20.04 20.11 20.08 20.14 20.26 20.32 20.36 20.36 20.46 20.53 20.69 20.85 20.96 21.14 21.24 21.23 21.33 21.47 21.48 -9999.00 -9999.00 -9999.00 -9999.00 -9999.00 -9999.00 -9999.00 -9999.00 -9999.00 -9999.00 -9999.00 -9999.00 -9999.00 -9999.00 -9999.00 -9999.00 -9999.00 -9999.00 -9999.00 -9999.00 -9999.00
20.39 20.35 20.34 20.34 20.30 20.22 20.20 20.21 20.26 20.23 20.40 20.38 20.43 20.23 20.30 20.33 20.32 20.37 20.38 20.40 20.44 20.44 20.47 20.38 20.34 20.31 20.26 20.27 20.26 20.26 20.30 20.29 20.34 20.37 20.44 20.51 20.56 20.63 20.65 20.71 20.76 20.89 21.14 21.27 21.43 21.55 21.52 21.58 -9999.00 -9999.00 -9999.00 -9999.00 -9999.00 -9999.00 -9999.00 -9999.00 -9999.00 -9999.00 -9999.00 -9999.00 -9999.00 -9999.00 -9999.00 -9999.00 -9999.00 -9999.00 -9999.00 -9999.00 -9999.00 -9999.00 -9999.00
20.62 20.58 20.59 20.60 20.53 20.46 20.49 20.50 20.51 20.48 20.56 20.66 20.70 20.54 20.59 20.54 20.58 20.66 20.65 20.61 20.64 20.63 20.68 20.67 20.58 20.52 20.54 20.55 20.55 20.58 20.59 20.65 20.63 20.69 20.71 20.77 20.82 20.86 20.90 20.95 21.02 21.12 21.26 21.49 -9999.00 -9999.00 -9999.00 -9999.00 -9999.00 -9999.00 -9999.00 -9999.00 -9999.00 -9999.00 -9999.00 -9999.00 -9999.00 -9999.00 -9999.00 -9999.00 -9999.00 -9999.00 -9999.00 -9999.00 -9999.00 -9999.00 -9999.00 -9999.00 -9999.00 -9999.00 -9999.00
20.87 20.96 20.90 20.83 20.78 20.73 20.77 20.79 20.76 20.75 20.74 20.84 20.83 20.75 20.79 20.82 20.85 20.86 20.88 20.91 20.91 20.98 20.90 20.89 20.94 20.87 20.86 20.93 20.87 20.87 20.89 21.01 20.98 20.98 20.95 21.01 21.08 21.10 21.15 21.21 21.23 21.32 21.48 -9999.00 -9999.00 -9999.00 -9999.00 -9999.00 -9999.00 -9999.00 -9999.00 -9999.00 -9999.00 -9999.00 -9999.00 -9999.00 -9999.00 -9999.00 -9999.00 -9999.00 -9999.00 -9999.00 -9999.00 -9999.00 -9999.00 -9999.00 -9999.00 -9999.00 -9999.00 -9999.00 -9999.00
21.14 21.15 21.15 21.07 21.01 20.97 20.98 21.04 21.09 21.07 21.03 21.09 21.00 21.06 20.99 21.12 21.08 21.06 21.09 21.16 21.21 21.25 21.24 21.14 21.21 21.23 21.21 21.27 21.16 21.14 21.19 21.27 21.30 21.23 21.21 21.25 21.29 21.34 21.39 21.46 21.44 21.53 -9999.00 -9999.00 -9999.00 -9999.00 -9999.00 -9999.00 -9999.00 -9999.00 -9999.00 -9999.00 -9999.00 -9999.00 -9999.00 -9999.00 -9999.00 -9999.00 -9999.00 -9999.00 -9999.00 -9999.00 -9999.00 -9999.00 -9999.00 -9999.00 -9999.00 -9999.00 -9999.00 -9999.00 -9999.00
21.32 21.31 21.27 21.25 21.20 21.15 21.16 21.21 21.22 21.24 21.22 21.21 21.28 21.29 21.36 21.37 21.36 21.41 21.33 21.32 21.41 21.47 21.49 21.44 21.45 21.47 21.51 21.56 21.51 21.42 21.47 21.49 21.49 21.44 21.41 21.44 21.48 21.50 21.56 21.55 21.58 -9999.00 -9999.00 -9999.00 -9999.00 -9999.00 -9999.00 -9999.00 -9999.00 -9999.00 -9999.00 -9999.00 -9999.00 -9999.00 -9999.00 -9999.00 -9999.00 -9999.00 -9999.00 -9999.00 -9999.00 -9999.00 -9999.00 -9999.00 -9999.00 -9999.00 -9999.00 -9999.00 -9999.00 -9999.00 -9999.00
21.42 21.37 21.32 21.33 21.27 21.28 21.25 21.32 21.30 21.31 21.28 21.26 21.33 21.45 21.46 21.57 21.57 21.57 21.50 21.42 21.50 21.57 -9999.00 -9999.00 -9999.00 -9999.00 -9999.00 -9999.00 -9999.00 -9999.00 -9999.00 -9999.00 21.58 21.58 21.58 21.59 21.58 -9999.00 -9999.00 -9999.00 -9999.00 -9999.00 -9999.00 -9999.00 -9999.00 -9999.00 -9999.00 -9999.00 -9999.00 -9999.00 -9999.00 -9999.00 -9999.00 -9999.00 -9999.00 -9999.00 -9999.00 -9999.00 -9999.00 -9999.00 -9999.00 -9999.00 -9999.00 -9999.00 -9999.00 -9999.00 -9999.00 -9999.00 -9999.00 -9999.00 -9999.00
21.46 21.40 21.38 21.37 21.32 21.32 21.36 21.38 21.38 21.41 21.35 21.36 21.58 21.56 -9999.00 -9999.00 -9999.00 -9999.00 21.58 21.57 -9999.00 -9999.00 -9999.00 -9999.00 -9999.00 -9999.00 -9999.00 -9999.00 -9999.00 -9999.00 -9999.00 -9999.00 -9999.00 -9999.00 -9999.00 -9999.00 -9999.00 -9999.00 -9999.00 -9999.00 -9999.00 -9999.00 -9999.00 -9999.00 -9999.00 -9999.00 -9999.00 -9999.00 -9999.00 -9999.00 -9999.00 -9999.00 -9999.00 -9999.00 -9999.00 -9999.00 -9999.00 -9999.00 -9999.00 -9999.00 -9999.00 -9999.00 -9999.00 -9999.00 -9999.00 -9999.00 -9999.00 -9999.00 -9999.00 -9999.00 -9999.00
21.58 21.52 21.44 21.41 21.41 21.42 21.44 21.43 21.49 21.56 21.50 -9999.00 -9999.00 -9999.00 -9999.00 -9999.00 -9999.00 -9999.00 -9999.00 -9999.00 -9999.00 -9999.00 -9999.00 -9999.00 -9999.00 -9999.00 -9999.00 -9999.00 -9999.00 -9999.00 -9999.00 -9999.00 -9999.00 -9999.00 -9999.00 -9999.00 -9999.00 -9999.00 -9999.00 -9999.00 -9999.00 -9999.00 -9999.00 -9999.00 -9999.00 -9999.00 -9999.00 -9999.00 -9999.00 -9999.00 -9999.00 -9999.00 -9999.00 -9999.00 -9999.00 -9999.00 -9999.00 -9999.00 -9999.00 -9999.00 -9999.00 -9999.00 -9999.00 -9999.00 -9999.00 -9999.00 -9999.00 -9999.00 -9999.00 -9999.00 -9999.00
-9999.00 -9999.00 21.58 21.48 21.51 21.54 21.56 -9999.00 -9999.00 -9999.00 -9999.00 -9999.00 -9999.00 -9999.00 -9999.00 -9999.00 -9999.00 -9999.00 -9999.00 -9999.00 -9999.00 -9999.00 -9999.00 -9999.00 -9999.00 -9999.00 -9999.00 -9999.00 -9999.00 -9999.00 -9999.00 -9999.00 -9999.00 -9999.00 -9999.00 -9999.00 -9999.00 -9999.00 -9999.00 -9999.00 -9999.00 -9999.00 -9999.00 -9999.00 -9999.00 -9999.00 -9999.00 -9999.00 -9999.00 -9999.00 -9999.00 -9999.00 -9999.00 -9999.00 -9999.00 -9999.00 -9999.00 -9999.00 -9999.00 -9999.00 -9999.00 -9999.00 -9999.00 -9999.00 -9999.00 -9999.00 -9999.00 -9999.00 -9999.00 -9999.00 -9999.00
-9999.00 -9999.00 -9999.00 -9999.00 -9999.00 -9999.00 -9999.00 -9999.00 -9999.00 -9999.00 -9999.00 -9999.00 -9999.00 -9999.00 -9999.00 -9999.00 -9999.00 -9999.00 -9999.00 -9999.00 -9999.00 -9999.00 -9999.00 -9999.00 -9999.00 -9999.00 -9999.00 -9999.00 -9999.00 -9999.00 -9999.00 -9999.00 -9999.00 -9999.00 -9999.00 -9999.00 -9999.00 -9999.00 -9999.00 -9999.00 -9999.00 -9999.00 -9999.00 -9999.00 -9999.00 -9999.00 -9999.00 -9999.00 -9999.00 -9999.00 -9999.00 -9999.00 -9999.00 -9999.00 -9999.00 -9999.00 -9999.00 -9999.00 -9999.00 -9999.00 -9999.00 -9999.00 -9999.00 -9999.00 -9999.00 -9999.00 -9999.00 -9999.00 -9999.00 -9999.00 -9999.00
-9999.00 -9999.00 -9999.00 -9999.00 -9999.00 -9999.00 -9999.00 -9999.00 -9999.00 -9999.00 -9999.00 -9999.00 -9999.00 -9999.00 -9999.00 -9999.00 -9999.00 -9999.00 -9999.00 -9999.00 -9999.00 -9999.00 -9999.00 -9999.00 -9999.00 -9999.00 -9999.00 -9999.00 -9999.00 -9999.00 -9999.00 -9999.00 -9999.00 -9999.00 -9999.00 -9999.00 -9999.00 -9999.00 -9999.00 -9999.00 -9999.00 -9999.00 -9999.00 -9999.00 -9999.00 -9999.00 -9999.00 -9999.00 -9999.00 -9999.00 -9999.00 -9999.00 -9999.00 -9999.00 -9999.00 -9999.00 -9999.00 -9999.00 -9999.00 -9999.00 -9999.00 -9999.00 -9999.00 -9999.00 -9999.00 -9999.00 -9999.00 -9999.00 -9999.00 -9999.00 -9999.00
-9999.00 -9999.00 -9999.00 -9999.00 -9999.00 -9999.00 -9999.00 -9999.00 -9999.00 -9999.00 -9999.00 -9999.00 -9999.00 -9999.00 -9999.00 -9999.00 -9999.00 -9999.00 -9999.00 -9999.00 -9999.00 -9999.00 -9999.00 -9999.00 -9999.00 -9999.00 -9999.00 -9999.00 -9999.00 -9999.00 -9999.00 -9999.00 -9999.00 -9999.00 -9999.00 -9999.00 -9999.00 -9999.00 -9999.00 -9999.00 -9999.00 -9999.00 -9999.00 -9999.00 -9999.00 -9999.00 -9999.00 -9999.00 -9999.00 -9999.00 -9999.00 -9999.00 -9999.00 -9999.00 -9999.00 -9999.00 -9999.00 -9999.00 -9999.00 -9999.00 -9999.00 -9999.00 -9999.00 -9999.00 -9999.00 -9999.00 -9999.00 -9999.00 -9999.00 -9999.00 -9999.00
-9999.00 -9999.00 -9999.00 -9999.00 -9999.00 -9999.00 -9999.00 -9999.00 -9999.00 -9999.00 -9999.00 -9999.00 -9999.00 -9999.00 -9999.00 -9999.00 -9999.00 -9999.00 -9999.00 -9999.00 -9999.00 -9999.00 -9999.00 -9999.00 -9999.00 -9999.00 -9999.00 -9999.00 -9999.00 -9999.00 -9999.00 -9999.00 -9999.00 -9999.00 -9999.00 -9999.00 -9999.00 -9999.00 -9999.00 -9999.00 -9999.00 -9999.00 -9999.00 -9999.00 -9999.00 -9999.00 -9999.00 -9999.00 -9999.00 -9999.00 -9999.00 -9999.00 -9999.00 -9999.00 -9999.00 -9999.00 -9999.00 -9999.00 -9999.00 -9999.00 -9999.00 -9999.00 -9999.00 -9999.00 -9999.00 -9999.00 -9999.00 -9999.00 -9999.00 -9999.00 -9999.00
-9999.00 -9999.00 -9999.00 -9999.00 -9999.00 -9999.00 -9999.00 -9999.00 -9999.00 -9999.00 -9999.00 -9999.00 -9999.00 -9999.00 -9999.00 -9999.00 -9999.00 -9999.00 -9999.00 -9999.00 -9999.00 -9999.00 -9999.00 -9999.00 -9999.00 -9999.00 -9999.00 -9999.00 -9999.00 -9999.00 -9999.00 -9999.00 -9999.00 -9999.00 -9999.00 -9999.00 -9999.00 -9999.00 -9999.00 -9999.00 -9999.00 -9999.00 -9999.00 -9999.00 -9999.00 -9999.00 -9999.00 -9999.00 -9999.00 -9999.00 -9999.00 -9999.00 -9999.00 -9999.00 -9999.00 -9999.00 -9999.00 -9999.00 -9999.00 -9999.00 -9999.00 -9999.00 -9999.00 -9999.00 -9999.00 -9999.00 -9999.00 -9999.00 -9999.00 -9999.00 -9999.00
-9999.00 -9999.00 -9999.00 -9999.00 -9999.00 -9999.00 -9999.00 -9999.00 -9999.00 -9999.00 -9999.00 -9999.00 -9999.00 -9999.00 -9999.00 -9999.00 -9999.00 -9999.00 -9999.00 -9999.00 -9999.00 -9999.00 -9999.00 -9999.00 -9999.00 -9999.00 -9999.00 -9999.00 -9999.00 -9999.00 -9999.00 -9999.00 -9999.00 -9999.00 -9999.00 -9999.00 -9999.00 -9999.00 -9999.00 -9999.00 -9999.00 -9999.00 -9999.00 -9999.00 -9999.00 -9999.00 -9999.00 -9999.00 -9999.00 -9999.00 -9999.00 -9999.00 -9999.00 -9999.00 -9999.00 -9999.00 -9999.00 -9999.00 -9999.00 -9999.00 -9999.00 -9999.00 -9999.00 -9999.00 -9999.00 -9999.00 -9999.00 -9999.00 -9999.00 -9999.00 -9999.00
-9999.00 -9999.00 -9999.00 -9999.00 -9999.00 -9999.00 -9999.00 -9999.00 -9999.00 -9999.00 -9999.00 -9999.00 -9999.00 -9999.00 -9999.00 -9999.00 -9999.00 -9999.00 -9999.00 -9999.00 -9999.00 -9999.00 -9999.00 -9999.00 -9999.00 -9999.00 -9999.00 -9999.00 -9999.00 -9999.00 -9999.00 -9999.00 -9999.00 -9999.00 -9999.00 -9999.00 -9999.00 -9999.00 -9999.00 -9999.00 -9999.00 -9999.00 -9999.00 -9999.00 -9999.00 -9999.00 -9999.00 -9999.00 -9999.00 -9999.00 -9999.00 -9999.00 -9999.00 -9999.00 -9999.00 -9999.00 -9999.00 -9999.00 -9999.00 -9999.00 -9999.00 -9999.00 -9999.00 -9999.00 -9999.00 -9999.00 -9999.00 -9999.00 -9999.00 -9999.00 -9999.00
-9999.00 -9999.00 -9999.00 -9999.00 -9999.00 -9999.00 -9999.00 -9999.00 -9999.00 -9999.00 -9999.00 -9999.00 -9999.00 -9999.00 -9999.00 -9999.00 -9999.00 -9999.00 -9999.00 -9999.00 -9999.00 -9999.00 -9999.00 -9999.00 -9999.00 -9999.00 -9999.00 -9999.00 -9999.00 -9999.00 -9999.00 -9999.00 -9999.00 -9999.00 -9999.00 -9999.00 -9999.00 -9999.00 -9999.00 -9999.00 -9999.00 -9999.00 -9999.00 -9999.00 -9999.00 -9999.00 -9999.00 -9999.00 -9999.00 -9999.00 -9999.00 -9999.00 -9999.00 -9999.00 -9999.00 -9999.00 -9999.00 -9999.00 -9999.00 -9999.00 -9999.00 -9999.00 -9999.00 -9999.00 -9999.00 -9999.00 -9999.00 -9999.00 -9999.00 -9999.00 -9999.00
