maui/input/air_temperature_monthly/tminmar_250m_maui.asc
ncols        356
nrows        236
xllcorner    -156.702000000000
yllcorner    20.529750000000
cellsize     0.002250000000
NODATA_value  -99.00
[rows 64 to 95 of 236, columns 0 to 71 of 356]
-9999.00 -9999.00 18.43 18.43 18.42 18.39 18.24 18.07 17.94 17.82 17.75 17.73 17.60 17.49 17.30 17.19 17.05 16.94 16.70 16.48 16.30 16.09 15.78 15.48 15.23 14.89 14.96 14.42 13.95 13.74 13.32 13.00 12.84 12.51 12.08 12.22 11.64 11.15 10.73 10.66 11.49 10.99 9.79 9.97 9.59 9.45 9.11 8.69 8.04 8.79 10.26 11.13 12.69 11.10 9.20 8.90 8.35 8.39 9.17 9.45 10.69 12.30 13.25 14.55 15.20 14.65 13.68 12.08 12.30 12.35 13.77 14.16
-9999.00 -9999.00 18.43 18.43 18.43 18.42 18.36 18.22 18.15 18.05 17.81 17.72 17.62 17.50 17.30 17.21 17.05 16.87 16.65 16.47 16.47 16.15 15.93 15.55 15.24 14.92 14.63 14.32 14.04 13.63 13.33 13.13 12.95 13.10 12.21 11.66 11.37 11.28 10.95 10.37 10.10 10.04 10.56 9.89 9.31 9.11 8.41 8.40 7.89 8.50 9.89 11.11 12.38 10.98 8.83 8.31 8.45 8.14 8.99 10.78 12.04 13.55 14.20 15.09 14.59 13.29 12.48 11.51 11.75 12.48 12.77 13.31
-9999.00 -9999.00 -9999.00 -9999.00 18.43 18.41 18.32 18.17 18.08 17.95 17.84 17.74 17.58 17.43 17.29 17.15 17.00 16.87 16.62 16.41 16.18 16.01 15.78 15.85 15.61 15.34 15.22 14.73 14.52 14.12 13.93 13.16 12.63 12.62 12.15 12.09 12.00 11.70 11.37 10.63 10.23 9.64 9.33 10.03 9.04 8.39 8.41 7.76 8.05 8.05 9.67 10.94 12.06 10.67 8.54 7.80 8.11 8.53 9.79 12.01 13.54 14.31 14.41 14.35 14.15 12.73 11.26 10.88 11.73 12.29 13.50 13.50
-9999.00 -9999.00 -9999.00 -9999.00 -9999.00 18.42 18.37 18.24 18.13 18.06 17.90 17.78 17.63 17.49 17.32 17.16 17.01 16.86 16.61 16.38 16.12 15.91 15.68 15.48 15.17 15.27 14.74 14.32 13.92 13.60 13.24 13.45 13.22 12.48 12.17 12.29 12.24 11.99 10.92 10.45 10.03 9.78 9.80 8.89 9.33 9.00 8.05 7.60 7.50 7.56 9.12 10.59 11.67 10.28 8.24 7.61 8.13 9.90 11.77 13.28 14.00 13.03 14.29 13.59 13.24 11.69 10.96 11.69 12.58 13.90 15.29 15.47
-9999.00 -9999.00 -9999.00 -9999.00 -9999.00 -9999.00 18.42 18.28 18.19 18.11 17.95 17.83 17.68 17.52 17.31 17.22 17.03 16.84 16.58 16.38 16.13 15.89 15.66 15.42 15.18 14.87 14.58 14.30 13.93 13.70 13.37 13.06 12.60 12.18 11.80 11.45 11.15 11.16 11.80 10.74 9.79 9.45 9.08 9.20 8.43 7.98 8.27 7.27 6.99 6.96 8.04 9.00 9.15 8.38 7.77 9.10 11.09 10.87 11.97 13.26 13.22 12.57 13.89 13.44 12.36 10.59 12.85 13.34 14.75 14.44 13.60 13.83
-9999.00 -9999.00 -9999.00 -9999.00 -9999.00 -9999.00 18.42 18.38 18.26 18.13 18.02 17.89 17.78 17.67 17.42 17.25 17.04 16.83 16.59 16.44 16.25 16.05 15.76 15.51 15.33 14.91 14.67 14.42 14.08 13.70 13.29 12.97 12.65 12.53 12.36 11.78 11.49 10.96 10.49 10.56 10.46 10.28 9.74 8.78 8.90 8.20 7.56 7.95 6.83 6.60 7.25 6.91 8.01 8.29 9.80 11.71 12.01 12.74 12.73 12.98 12.28 12.49 13.44 12.72 11.50 10.84 11.43 13.01 12.81 12.85 13.27 14.08
-9999.00 -9999.00 -9999.00 -9999.00 -9999.00 -9999.00 -9999.00 18.43 18.33 18.21 18.07 17.95 17.84 17.68 17.51 17.31 17.14 16.90 16.70 16.57 16.37 16.18 16.01 15.69 15.36 14.89 14.60 14.35 14.18 13.86 13.90 14.36 14.27 13.71 13.64 13.05 12.02 12.42 11.79 11.14 10.60 9.43 9.08 9.03 8.53 8.01 7.54 6.93 6.98 6.50 6.63 6.70 7.70 9.30 11.07 11.44 11.69 10.85 12.27 11.86 12.47 12.26 12.23 11.82 10.13 10.43 10.51 11.97 13.31 14.79 15.38 15.70
-9999.00 -9999.00 -9999.00 -9999.00 -9999.00 -9999.00 -9999.00 18.43 18.32 18.22 18.08 17.98 17.90 17.78 17.65 17.46 17.29 17.14 16.91 16.64 16.52 16.33 15.90 15.51 15.26 14.92 14.67 15.60 15.48 15.30 15.03 13.47 13.63 13.37 13.01 13.07 13.35 12.39 12.97 12.83 11.12 10.57 9.61 9.28 8.95 8.54 7.75 7.10 6.53 6.46 5.96 6.38 6.92 7.47 9.00 10.32 9.68 10.07 10.16 9.60 9.87 10.05 9.89 9.30 9.56 9.78 11.81 13.27 15.21 13.56 13.68 13.50
-9999.00 -9999.00 -9999.00 -9999.00 -9999.00 -9999.00 -9999.00 18.43 18.36 18.23 18.15 18.00 17.90 17.77 17.58 17.37 17.29 17.17 16.98 16.78 16.62 16.52 16.16 15.88 15.91 16.01 15.73 14.90 14.23 13.88 13.51 13.12 12.68 12.31 11.87 11.35 11.15 10.78 11.06 11.13 12.01 11.14 10.54 10.18 9.66 8.57 7.79 7.12 6.55 5.95 5.74 5.73 6.05 6.69 6.74 7.27 6.81 7.55 7.33 7.34 7.48 7.82 7.68 8.75 8.94 9.71 11.50 13.23 13.26 12.10 12.09 12.53
-9999.00 -9999.00 -9999.00 -9999.00 -9999.00 -9999.00 -9999.00 18.43 18.34 18.24 18.14 18.01 17.89 17.71 17.44 17.58 17.36 17.39 17.33 16.94 16.69 16.51 16.22 15.76 15.43 15.40 14.82 14.49 14.23 13.89 13.53 13.35 12.98 12.65 12.62 12.23 10.98 10.69 10.12 9.82 9.87 9.69 9.69 9.05 8.25 8.08 7.89 7.38 6.20 5.98 5.47 5.51 6.07 6.06 5.79 5.17 5.39 5.98 6.01 6.51 7.26 7.55 7.65 8.05 8.42 9.62 9.86 10.96 11.24 10.59 11.73 11.95
-9999.00 -9999.00 -9999.00 -9999.00 -9999.00 -9999.00 -9999.00 18.43 18.35 18.24 18.13 18.01 17.88 17.71 17.56 17.44 17.62 17.45 17.32 17.19 16.90 16.58 16.18 15.74 15.61 15.36 15.64 15.71 15.26 15.15 14.63 13.75 12.95 12.44 11.98 11.53 11.61 11.47 10.89 9.73 9.36 8.99 8.71 8.49 8.69 7.71 7.24 7.39 6.34 5.78 5.33 5.24 5.66 5.57 5.62 5.38 5.16 5.72 6.89 9.09 11.15 11.13 9.85 11.16 11.31 9.99 9.13 10.69 12.64 10.92 10.67 11.84
-9999.00 -9999.00 -9999.00 -9999.00 -9999.00 -9999.00 -9999.00 18.43 18.35 18.23 18.12 18.01 17.83 17.71 17.58 17.73 17.70 17.52 17.25 17.05 16.81 16.71 16.81 16.64 16.17 15.71 15.11 14.51 14.10 13.79 14.04 14.80 14.59 13.89 13.50 13.57 13.12 13.01 12.36 11.32 10.67 10.35 10.05 9.09 7.94 7.37 6.91 6.40 5.93 5.85 5.21 4.91 5.19 5.21 5.47 5.59 6.66 6.66 9.34 11.10 11.99 12.70 12.73 12.03 13.78 12.67 11.12 11.02 14.28 12.73 11.77 11.93
-9999.00 -9999.00 -9999.00 -9999.00 -9999.00 -9999.00 -9999.00 18.43 18.37 18.31 18.18 18.07 17.93 17.78 17.82 17.79 17.67 17.57 17.34 17.13 16.90 16.64 16.30 16.00 15.74 15.29 14.50 13.84 13.55 13.24 12.92 12.88 13.03 12.94 12.92 12.62 12.30 11.99 12.46 13.04 12.78 12.52 12.12 10.63 9.02 8.49 7.35 6.65 6.20 5.70 5.39 6.21 7.37 7.44 7.45 9.39 10.42 8.54 9.67 10.94 12.48 12.97 13.42 13.74 13.87 14.21 12.45 11.27 13.52 15.01 12.38 13.66
-9999.00 -9999.00 -9999.00 -9999.00 -9999.00 -9999.00 -9999.00 18.43 18.42 18.37 18.27 18.20 18.11 18.02 17.97 17.88 17.73 17.63 17.46 17.30 17.00 16.69 16.33 16.08 15.69 15.30 14.58 14.06 13.80 13.40 13.24 13.20 13.05 12.99 12.82 11.99 11.50 11.68 11.56 11.43 10.64 11.02 10.78 11.22 10.45 9.57 8.35 7.32 6.62 6.35 7.35 7.51 9.11 10.83 9.75 10.95 11.36 10.99 10.69 12.25 12.68 13.35 13.69 13.96 14.26 14.82 13.84 12.89 12.88 15.30 14.14 14.57
-9999.00 -9999.00 -9999.00 -9999.00 -9999.00 -9999.00 18.43 18.42 18.43 18.41 18.34 18.27 18.17 18.16 18.06 17.92 17.82 17.74 17.54 17.34 17.14 16.86 16.50 16.21 15.96 15.60 15.23 14.82 14.55 14.19 13.98 13.89 14.06 13.99 13.66 13.54 12.93 11.91 10.93 10.12 9.85 10.11 9.65 8.94 8.59 8.05 7.86 7.39 6.75 7.18 9.46 10.55 10.51 10.53 11.12 11.34 12.11 12.16 11.81 12.48 13.11 13.53 13.67 14.19 14.64 14.70 14.62 14.47 13.85 14.43 15.92 15.55
-9999.00 -9999.00 -9999.00 -9999.00 -9999.00 -9999.00 18.43 18.43 18.43 18.43 18.39 18.31 18.24 18.18 18.16 18.10 17.98 17.81 17.66 17.43 17.20 16.98 16.71 16.42 16.16 15.80 15.52 15.18 14.94 14.77 14.31 14.68 14.34 13.09 12.57 12.58 12.50 12.13 11.23 10.50 9.67 8.95 8.49 8.21 8.26 7.96 7.64 9.61 9.52 7.09 8.25 10.03 10.87 11.69 11.92 12.04 12.30 12.86 12.79 12.99 13.67 13.94 14.16 14.18 14.35 14.69 15.35 15.31 15.64 15.62 16.10 16.37
-9999.00 -9999.00 -9999.00 -9999.00 -9999.00 -9999.00 -9999.00 18.43 18.43 18.43 18.42 18.37 18.32 18.27 18.23 18.09 17.98 17.85 17.67 17.46 17.33 17.14 16.92 16.62 16.39 16.00 15.67 15.40 15.23 14.96 15.49 14.68 13.63 13.71 14.34 14.17 13.95 13.47 12.66 11.87 11.08 10.55 10.28 9.85 10.17 9.78 9.88 10.74 10.31 8.24 8.93 10.39 10.88 11.52 11.96 12.45 12.83 13.09 13.30 13.62 13.84 14.42 14.61 14.54 14.71 14.85 15.05 15.53 16.01 15.76 15.79 15.43
-9999.00 -9999.00 -9999.00 -9999.00 -9999.00 -9999.00 -9999.00 -9999.00 -9999.00 18.43 18.43 18.40 18.36 18.33 18.24 18.14 17.97 17.83 17.67 17.50 17.32 17.10 16.92 16.70 16.45 16.20 15.87 15.73 15.55 15.77 14.92 15.12 15.11 15.34 15.04 14.86 14.75 14.42 14.37 13.29 12.95 12.34 11.90 11.07 11.46 12.07 11.66 11.23 10.49 9.41 7.14 8.83 10.05 10.85 11.49 11.63 11.43 12.07 12.95 13.37 13.76 14.11 14.45 15.06 14.90 15.32 15.56 15.59 14.82 15.17 14.61 14.23
-9999.00 -9999.00 -9999.00 -9999.00 -9999.00 -9999.00 -9999.00 -9999.00 -9999.00 18.43 18.43 18.42 18.39 18.35 18.28 18.17 18.02 17.98 17.85 17.62 17.43 17.29 17.00 16.81 16.55 16.32 16.32 16.24 16.18 16.09 15.94 15.79 15.43 14.80 14.20 13.34 12.97 13.13 13.22 13.40 13.49 13.01 12.89 12.95 11.62 10.87 10.72 10.08 9.23 7.94 9.51 10.36 10.80 11.44 11.85 12.38 12.66 12.81 13.28 13.71 14.07 14.48 14.83 14.91 15.03 15.45 15.17 14.59 13.32 13.47 14.55 13.78
-9999.00 -9999.00 -9999.00 -9999.00 -9999.00 -9999.00 -9999.00 -9999.00 -9999.00 -9999.00 18.43 18.43 18.43 18.40 18.36 18.28 18.13 17.97 17.85 17.68 17.56 17.34 17.09 16.92 16.89 16.60 16.39 16.52 15.86 15.49 15.30 14.87 14.22 13.77 13.00 12.22 11.66 11.35 11.72 11.69 11.77 11.54 12.26 11.42 12.08 12.05 11.70 10.87 8.83 6.99 9.47 10.88 11.21 11.55 11.89 11.48 11.51 12.25 13.36 13.87 13.83 14.02 14.07 14.69 14.98 14.76 14.75 13.52 11.72 11.68 13.89 12.17
-9999.00 -9999.00 -9999.00 -9999.00 -9999.00 -9999.00 -9999.00 -9999.00 -9999.00 -9999.00 18.44 18.43 18.43 18.43 18.38 18.32 18.21 18.06 17.98 17.80 17.63 17.39 17.21 17.14 16.94 16.73 16.63 16.41 16.05 15.87 15.43 15.01 14.37 13.53 13.03 12.46 11.79 11.20 10.67 10.16 10.00 9.92 10.89 10.45 11.52 11.67 10.67 9.87 7.97 8.45 10.06 10.54 11.00 11.79 12.26 12.15 12.69 12.90 12.83 13.50 13.38 12.87 14.16 14.52 14.62 13.42 14.56 13.47 10.67 11.03 11.50 11.27
-9999.00 -9999.00 -9999.00 -9999.00 -9999.00 -9999.00 -9999.00 -9999.00 -9999.00 -9999.00 -9999.00 18.43 18.43 18.43 18.39 18.32 18.23 18.13 17.99 17.85 17.75 17.59 17.45 17.29 17.06 16.85 16.81 16.62 16.35 15.95 15.66 15.23 14.78 14.61 14.30 13.79 12.55 11.62 10.74 10.27 9.76 9.43 9.09 9.14 9.89 10.08 9.19 9.02 11.03 11.21 11.17 12.12 11.57 11.25 11.16 11.49 12.50 12.81 12.91 13.39 12.92 12.72 13.36 14.25 14.59 13.32 12.18 11.17 9.47 9.73 10.48 11.33
-9999.00 -9999.00 -9999.00 -9999.00 -9999.00 -9999.00 -9999.00 -9999.00 -9999.00 -9999.00 -9999.00 18.43 18.43 18.43 18.41 18.34 18.24 18.14 18.06 17.90 17.77 17.62 17.43 17.33 17.20 17.06 16.86 16.64 16.32 16.07 15.60 15.47 15.14 14.68 14.02 13.84 12.70 11.96 11.43 10.83 10.18 9.56 9.22 8.87 8.43 8.40 9.15 10.19 12.11 12.80 12.48 12.55 12.88 11.93 10.94 11.41 12.16 12.14 12.40 13.09 12.09 11.91 12.73 13.28 13.77 13.48 9.65 8.90 9.28 10.20 12.10 13.28
-9999.00 -9999.00 -9999.00 -9999.00 -9999.00 -9999.00 -9999.00 -9999.00 -9999.00 -9999.00 -9999.00 -9999.00 18.43 18.43 18.39 18.36 18.27 18.21 18.10 17.95 17.80 17.65 17.50 17.37 17.23 17.12 17.01 16.75 16.50 16.06 15.70 15.41 14.88 14.22 13.68 13.00 12.77 12.85 11.79 11.48 10.26 10.01 9.73 9.33 9.58 9.41 11.07 11.61 12.07 13.36 13.70 13.51 13.27 12.64 11.73 10.75 11.17 11.14 12.11 12.55 11.47 11.03 10.58 11.81 12.82 11.05 9.72 10.77 11.04 11.62 12.58 14.20
-9999.00 -9999.00 -9999.00 -9999.00 -9999.00 -9999.00 -9999.00 -9999.00 -9999.00 -9999.00 -9999.00 -9999.00 -9999.00 18.43 18.43 18.39 18.35 18.22 18.11 17.98 17.85 17.72 17.59 17.50 17.44 17.28 17.18 16.98 16.57 16.18 15.85 15.48 14.85 14.45 14.60 14.52 13.53 13.69 13.58 13.05 10.98 11.37 11.29 10.75 11.35 10.92 12.40 12.24 13.43 13.95 13.62 14.13 13.63 13.53 12.28 12.19 12.45 12.05 11.21 11.28 10.37 10.77 11.37 11.79 12.47 12.73 11.88 12.09 11.94 14.03 12.25 13.90
-9999.00 -9999.00 -9999.00 -9999.00 -9999.00 -9999.00 -9999.00 -9999.00 -9999.00 -9999.00 -9999.00 -9999.00 -9999.00 -9999.00 18.43 18.43 18.38 18.27 18.14 18.08 17.93 17.82 17.72 17.67 17.57 17.47 17.40 17.21 16.88 16.55 16.13 15.72 15.49 15.38 14.58 14.82 15.08 14.50 13.52 12.88 12.65 12.97 12.43 12.37 13.16 12.77 12.86 12.29 13.17 14.23 14.15 14.56 14.08 13.93 13.48 13.58 13.12 12.50 11.48 9.54 9.64 10.84 11.99 13.53 13.51 13.44 13.20 12.54 13.84 14.21 13.76 13.35
-9999.00 -9999.00 -9999.00 -9999.00 -9999.00 -9999.00 -9999.00 -9999.00 -9999.00 -9999.00 -9999.00 -9999.00 -9999.00 -9999.00 -9999.00 18.43 18.41 18.36 18.25 18.14 18.00 17.94 17.88 17.83 17.71 17.59 17.37 17.16 16.95 16.74 16.31 15.98 15.60 15.51 15.82 15.17 14.27 14.19 14.36 14.36 14.27 13.82 14.18 14.12 13.61 12.71 12.76 12.56 13.70 14.31 14.38 14.78 14.54 14.41 14.51 13.54 12.90 11.99 11.06 9.61 10.63 10.95 12.22 11.63 12.53 13.40 14.02 14.72 14.71 14.43 14.99 14.59
-9999.00 -9999.00 -9999.00 -9999.00 -9999.00 -9999.00 -9999.00 -9999.00 -9999.00 -9999.00 -9999.00 -9999.00 -9999.00 -9999.00 -9999.00 -9999.00 -9999.00 18.39 18.32 18.19 18.15 18.09 18.02 17.97 17.81 17.63 17.45 17.26 17.09 16.98 16.58 16.28 16.35 15.98 15.43 15.62 15.68 15.60 15.52 15.20 15.09 14.52 13.97 13.11 11.76 10.98 11.59 12.99 13.60 14.58 14.67 14.74 14.93 14.70 14.16 13.99 13.46 11.44 11.52 10.61 9.19 9.79 10.65 10.62 10.78 12.33 13.89 12.66 12.96 13.96 14.53 14.96
-9999.00 -9999.00 -9999.00 -9999.00 -9999.00 -9999.00 -9999.00 -9999.00 -9999.00 -9999.00 -9999.00 -9999.00 -9999.00 -9999.00 -9999.00 -9999.00 -9999.00 18.43 18.40 18.34 18.25 18.19 18.15 18.07 17.91 17.73 17.59 17.39 17.29 17.07 16.85 16.68 16.58 16.42 16.40 15.84 15.40 15.21 14.92 14.47 13.75 12.73 12.90 11.10 11.04 9.83 10.39 13.26 14.51 14.70 15.09 14.92 15.24 14.93 14.66 13.80 12.91 11.51 12.65 11.59 11.64 10.68 10.60 9.17 10.68 12.07 12.40 11.79 13.16 12.37 13.98 13.37
-9999.00 -9999.00 -9999.00 -9999.00 -9999.00 -9999.00 -9999.00 -9999.00 -9999.00 -9999.00 -9999.00 -9999.00 -9999.00 -9999.00 -9999.00 -9999.00 -9999.00 -9999.00 18.43 18.42 18.37 18.33 18.21 18.12 18.00 17.87 17.68 17.48 17.32 17.14 16.99 16.92 16.64 16.09 15.51 14.79 14.13 13.82 13.49 12.90 12.03 11.35 11.01 10.38 9.86 9.76 9.51 10.97 13.06 13.90 14.90 15.61 14.91 14.35 13.83 12.83 12.36 12.36 13.08 12.92 12.22 12.15 12.23 10.38 9.13 10.23 10.65 10.95 11.26 12.38 12.45 12.31
-9999.00 -9999.00 -9999.00 -9999.00 -9999.00 -9999.00 -9999.00 -9999.00 -9999.00 -9999.00 -9999.00 -9999.00 -9999.00 -9999.00 -9999.00 -9999.00 -9999.00 -9999.00 -9999.00 18.42 18.42 18.36 18.31 18.21 18.08 17.89 17.73 17.58 17.42 17.26 17.07 17.05 16.88 16.44 15.96 15.32 14.91 14.70 14.47 13.54 12.15 12.40 11.31 10.68 10.77 10.63 10.48 11.04 13.48 14.65 15.46 15.73 15.03 14.17 12.13 12.36 13.12 13.17 14.09 13.75 13.47 13.09 11.45 9.40 8.68 8.80 9.02 9.92 10.65 10.87 11.40 11.42
-9999.00 -9999.00 -9999.00 -9999.00 -9999.00 -9999.00 -9999.00 -9999.00 -9999.00 -9999.00 -9999.00 -9999.00 -9999.00 -9999.00 -9999.00 -9999.00 -9999.00 -9999.00 -9999.00 -9999.00 18.42 18.41 18.34 18.24 18.14 18.00 17.81 17.66 17.51 17.35 17.28 17.09 16.92 16.63 16.19 15.72 15.75 14.74 13.87 13.23 13.96 12.42 11.59 11.77 11.54 10.67 12.03 12.50 14.56 15.70 15.89 14.99 13.67 12.49 10.71 11.31 13.29 13.89 14.43 13.92 12.79 11.25 10.83 9.20 9.31 9.11 9.24 9.64 10.06 10.35 10.64 11.11
