maui/input/air_temperature_monthly/tminaug_250m_maui.asc
ncols        356
nrows        236
xllcorner    -156.702000000000
yllcorner    20.529750000000
cellsize     0.002250000000
NODATA_value  -99.00
[rows 160 to 191 of 236, columns 142 to 212 of 356]
17.40 17.27 17.06 16.92 16.70 16.43 16.23 16.04 15.87 15.65 15.43 15.26 15.11 14.90 14.58 14.16 13.75 13.25 12.85 12.53 12.15 11.73 11.35 10.98 10.57 10.23 9.90 9.59 9.35 8.95 8.44 7.95 7.46 7.13 6.80 6.65 6.51 6.37 6.26 6.07 5.92 5.82 5.62 5.41 5.28 5.19 5.09 4.99 5.04 5.00 5.07 5.07 5.12 5.14 5.19 5.19 5.19 5.16 5.14 5.11 5.07 5.05 5.05 5.10 5.14 5.15 5.16 5.18 5.20 5.21 5.28
17.28 17.13 16.96 16.77 16.55 16.29 16.09 15.95 15.73 15.48 15.29 15.12 14.85 14.62 14.34 13.84 13.39 12.98 12.53 12.15 11.79 11.48 11.12 10.74 10.39 10.00 9.60 9.31 9.04 8.80 8.32 7.78 7.26 6.88 6.70 6.58 6.42 6.23 6.06 5.87 5.77 5.60 5.42 5.24 5.14 5.14 5.09 5.08 5.09 5.18 5.27 5.27 5.30 5.31 5.32 5.32 5.35 5.32 5.28 5.25 5.26 5.25 5.22 5.28 5.30 5.39 5.43 5.47 5.48 5.53 5.59
17.10 16.98 16.76 16.56 16.31 16.09 15.94 15.79 15.64 15.43 15.09 14.88 14.61 14.38 14.02 13.61 13.18 12.67 12.27 11.80 11.46 11.19 10.91 10.49 10.11 9.72 9.38 9.10 8.89 8.52 8.16 7.81 7.26 6.81 6.66 6.52 6.37 6.19 5.95 5.78 5.63 5.50 5.37 5.31 5.28 5.37 5.30 5.32 5.36 5.40 5.42 5.43 5.47 5.48 5.48 5.45 5.51 5.48 5.44 5.43 5.44 5.47 5.46 5.51 5.56 5.66 5.72 5.74 5.76 5.82 5.91
17.07 16.88 16.68 16.40 16.18 15.92 15.80 15.69 15.44 15.26 14.98 14.75 14.40 14.06 13.69 13.26 12.92 12.42 11.96 11.58 11.17 10.81 10.60 10.22 9.90 9.52 9.17 8.87 8.63 8.30 7.93 7.56 7.21 6.78 6.63 6.50 6.31 6.11 5.88 5.70 5.57 5.46 5.50 5.52 5.57 5.56 5.58 5.58 5.57 5.58 5.56 5.58 5.64 5.66 5.67 5.62 5.73 5.67 5.63 5.62 5.63 5.71 5.76 5.74 5.88 5.96 6.04 6.02 6.01 6.15 6.22
16.93 16.74 16.55 16.34 16.12 15.94 15.74 15.56 15.30 15.06 14.85 14.59 14.22 13.85 13.48 13.01 12.59 12.12 11.68 11.33 10.99 10.64 10.27 10.02 9.72 9.35 8.99 8.69 8.42 8.11 7.69 7.42 7.05 6.70 6.50 6.31 6.12 5.90 5.62 5.46 5.50 5.58 5.74 5.83 5.83 5.83 5.87 5.83 5.78 5.77 5.75 5.78 5.82 5.87 5.89 5.88 5.97 5.93 5.86 5.83 5.85 5.99 6.01 6.03 6.19 6.26 6.33 6.33 6.36 6.45 6.49
16.86 16.61 16.40 16.28 16.08 15.82 15.64 15.43 15.16 14.92 14.63 14.44 14.05 13.60 13.25 12.86 12.42 11.91 11.46 11.04 10.77 10.41 10.06 9.80 9.55 9.15 8.89 8.54 8.22 7.93 7.55 7.14 6.79 6.57 6.32 6.14 5.99 5.75 5.59 5.64 5.71 5.82 5.89 6.04 6.10 6.10 6.12 6.04 5.98 5.94 5.94 5.98 6.01 6.06 6.08 6.13 6.17 6.16 6.15 6.10 6.15 6.23 6.34 6.45 6.47 6.60 6.66 6.62 6.69 6.73 6.83
16.67 16.46 16.23 16.06 15.89 15.68 15.46 15.22 15.01 14.83 14.53 14.23 13.88 13.50 13.11 12.66 12.26 11.80 11.25 10.82 10.45 10.25 9.85 9.53 9.33 9.06 8.72 8.27 7.85 7.46 7.03 6.73 6.63 6.44 6.23 6.07 5.99 5.91 5.87 5.94 6.05 6.05 6.08 6.18 6.25 6.31 6.29 6.21 6.19 6.15 6.16 6.19 6.22 6.23 6.28 6.34 6.38 6.36 6.42 6.39 6.43 6.52 6.63 6.81 6.73 7.00 7.27 7.15 7.27 7.38 7.55
16.53 16.22 16.01 15.82 15.72 15.49 15.32 15.02 14.77 14.52 14.35 14.11 13.76 13.36 12.95 12.47 12.05 11.60 11.05 10.58 10.17 9.89 9.61 9.27 8.97 8.76 8.37 7.88 7.44 7.03 6.74 6.55 6.50 6.36 6.13 6.04 6.07 6.12 6.21 6.17 6.17 6.21 6.24 6.34 6.39 6.43 6.43 6.36 6.36 6.35 6.35 6.41 6.42 6.46 6.51 6.56 6.61 6.61 6.68 6.71 6.67 6.96 7.25 7.34 7.47 7.76 8.00 8.01 8.12 8.15 8.34
16.31 16.06 15.83 15.67 15.45 15.26 15.02 14.77 14.58 14.26 13.99 13.74 13.42 13.08 12.77 12.33 11.90 11.39 10.89 10.42 9.99 9.68 9.28 9.05 8.66 8.26 7.79 7.26 6.79 6.70 6.62 6.49 6.26 6.23 6.31 6.31 6.35 6.49 6.38 6.32 6.35 6.34 6.41 6.48 6.55 6.56 6.57 6.52 6.52 6.53 6.57 6.61 6.64 6.67 6.72 6.80 6.93 6.88 6.96 7.20 7.42 7.54 8.01 8.09 8.30 8.41 8.68 8.71 8.96 8.85 9.25
16.19 15.92 15.73 15.50 15.26 15.02 14.83 14.52 14.30 14.08 13.69 13.36 13.10 12.75 12.33 11.98 11.59 11.20 10.79 10.38 9.88 9.46 8.99 8.66 8.16 7.67 7.15 6.82 6.63 6.54 6.54 6.46 6.37 6.39 6.48 6.58 6.64 6.60 6.56 6.49 6.50 6.49 6.54 6.65 6.69 6.72 6.70 6.71 6.71 6.72 6.75 6.80 6.94 7.05 7.15 7.36 7.44 7.58 7.65 7.86 8.18 8.29 8.46 8.70 8.92 9.08 9.35 9.33 9.63 9.59 9.96
15.99 15.82 15.67 15.39 15.18 14.86 14.55 14.29 14.06 13.78 13.43 13.11 12.78 12.44 12.04 11.58 11.20 10.74 10.45 10.13 9.66 9.17 8.75 8.54 8.05 7.35 6.86 6.73 6.73 6.73 6.63 6.61 6.62 6.65 6.70 6.77 6.76 6.70 6.69 6.63 6.69 6.70 6.72 6.79 6.91 6.98 6.97 6.91 6.78 7.10 7.24 7.32 7.43 7.52 7.66 7.85 8.03 8.18 8.36 8.58 8.91 9.05 9.14 9.57 9.48 9.79 9.88 10.22 10.15 10.28 10.54
15.92 15.75 15.51 15.23 15.05 14.72 14.34 14.07 13.79 13.54 13.20 12.86 12.51 12.12 11.70 11.31 10.92 10.35 9.95 9.50 8.97 8.55 8.26 7.88 7.46 7.66 7.23 6.98 6.86 6.80 6.79 6.74 6.71 6.91 7.15 7.23 7.09 7.00 6.96 6.88 6.95 7.06 7.07 7.22 7.37 7.34 7.40 7.24 7.19 7.55 7.87 7.84 7.99 8.17 8.32 8.45 8.64 8.86 9.05 9.35 9.40 9.74 9.78 10.04 10.14 10.35 10.36 10.58 10.72 10.93 11.04
15.81 15.62 15.34 15.11 14.93 14.64 14.28 13.94 13.66 13.31 13.00 12.62 12.28 12.05 11.54 11.04 10.50 9.92 9.62 9.04 8.52 8.23 8.20 8.04 7.73 8.01 8.09 7.71 7.16 7.14 7.17 7.25 7.30 7.56 7.62 7.76 7.65 7.62 7.63 7.46 7.39 7.52 7.54 7.69 7.82 7.83 7.91 7.88 7.90 8.19 8.31 8.38 8.58 8.74 8.92 9.12 9.23 9.44 9.65 9.93 10.07 10.25 10.47 10.56 10.80 10.91 11.03 11.28 11.60 11.55 11.73
15.82 15.58 15.24 15.06 14.82 14.56 14.29 14.02 13.64 13.31 12.90 12.45 12.08 11.72 11.50 10.98 10.51 10.18 9.78 9.22 8.66 8.47 8.40 8.28 8.25 8.47 8.38 8.11 7.72 7.58 7.66 7.82 7.91 8.10 8.20 8.24 8.16 8.23 8.17 8.07 7.93 8.07 8.01 8.19 8.34 8.33 8.47 8.57 8.51 8.81 9.02 9.06 9.16 9.39 9.57 9.63 9.74 10.03 10.35 10.41 10.76 10.92 11.05 11.18 11.46 11.45 11.70 11.84 12.24 12.20 12.43
15.83 15.46 15.13 14.90 14.62 14.42 14.28 14.06 13.72 13.35 12.77 12.36 11.94 11.66 11.39 11.13 10.65 10.36 9.60 9.28 9.16 9.27 9.08 8.88 8.67 8.66 8.65 8.48 8.22 8.18 8.24 8.31 8.50 8.67 8.69 8.74 8.67 8.66 8.68 8.57 8.54 8.59 8.55 8.76 8.84 8.91 9.08 9.21 9.20 9.38 9.60 9.65 9.83 10.03 10.25 10.39 10.41 10.60 10.80 11.03 11.23 11.37 11.62 11.70 11.88 12.03 12.23 12.54 12.72 12.74 12.96
15.78 15.42 15.11 14.78 14.51 14.34 14.16 14.00 13.76 13.41 12.93 12.13 11.73 11.52 11.10 10.72 10.36 10.03 9.86 9.53 9.77 9.71 9.47 9.25 9.06 9.01 9.03 8.89 8.75 8.74 8.74 8.81 9.02 9.12 9.21 9.25 9.18 9.29 9.17 9.04 8.98 9.14 9.14 9.31 9.41 9.47 9.66 9.77 9.77 10.00 10.28 10.42 10.56 10.75 10.88 11.05 11.13 11.30 11.46 11.87 11.76 11.98 12.28 12.18 12.44 12.67 12.83 12.98 13.28 13.23 13.56
15.68 15.38 15.06 14.79 14.44 14.26 14.07 13.87 13.62 13.25 12.82 12.30 11.78 11.41 10.97 10.48 10.25 10.37 10.09 10.23 10.16 10.03 9.79 9.60 9.53 9.49 9.48 9.33 9.23 9.14 9.19 9.27 9.43 9.61 9.70 9.84 9.79 9.82 9.70 9.56 9.50 9.60 9.64 9.80 10.00 10.20 10.33 10.42 10.53 10.64 10.87 11.08 11.24 11.34 11.51 11.73 11.71 11.87 12.00 12.25 12.37 12.65 12.65 12.65 12.87 13.28 13.34 13.58 13.89 13.84 14.15
15.72 15.38 15.07 14.73 14.41 14.19 14.02 13.74 13.49 13.09 12.69 12.05 11.27 10.61 10.89 10.50 10.50 10.65 10.69 10.65 10.53 10.38 10.14 10.03 10.02 9.93 9.99 9.94 9.79 9.65 9.66 9.75 9.83 10.01 10.12 10.29 10.27 10.30 10.23 10.14 10.15 10.22 10.29 10.46 10.61 10.84 10.92 11.08 11.26 11.31 11.58 11.68 11.82 12.01 12.08 12.29 12.32 12.50 12.56 12.76 13.08 13.12 13.32 13.39 13.48 13.69 13.99 14.21 14.34 14.51 14.68
15.69 15.43 15.05 14.66 14.31 14.04 13.85 13.69 13.44 12.96 12.46 11.92 11.05 11.13 11.37 10.92 11.09 11.15 11.14 11.02 10.89 10.73 10.57 10.52 10.46 10.41 10.47 10.36 10.21 10.15 10.10 10.21 10.29 10.52 10.71 10.82 10.85 10.91 10.88 10.98 10.86 10.94 11.04 11.13 11.29 11.50 11.61 11.83 12.00 12.04 12.19 12.24 12.37 12.55 12.57 12.85 12.92 13.03 13.14 13.40 13.71 13.66 13.80 13.87 14.12 14.21 14.46 14.59 14.74 15.15 15.12
15.64 15.39 15.07 14.76 14.12 13.98 13.74 13.47 12.73 12.43 12.22 12.06 11.56 11.63 11.61 11.51 11.40 11.53 11.47 11.32 11.20 11.10 11.02 10.92 10.81 10.82 10.86 10.80 10.62 10.61 10.61 10.66 10.75 10.91 11.23 11.29 11.37 11.44 11.50 11.65 11.63 11.62 11.76 11.74 11.87 12.09 12.26 12.41 12.54 12.75 12.85 12.84 13.09 13.10 13.11 13.31 13.51 13.56 13.60 13.60 14.01 14.16 14.28 14.38 14.59 14.80 14.91 15.06 15.20 15.49 15.71
15.51 15.22 14.88 14.61 13.89 13.81 13.61 13.19 12.89 12.54 12.41 12.27 12.12 11.91 11.83 11.76 11.78 11.80 11.82 11.72 11.63 11.48 11.40 11.28 11.26 11.20 11.22 11.22 11.00 11.05 11.03 11.15 11.24 11.42 11.57 11.75 11.83 11.99 12.02 12.15 12.19 12.08 12.30 12.39 12.51 12.71 12.84 13.03 13.13 13.31 13.42 13.35 13.50 13.60 13.68 13.82 13.97 14.06 13.90 13.83 14.37 14.85 14.72 14.87 15.00 15.28 15.35 15.48 15.77 15.93 16.53
15.42 15.02 14.54 14.20 13.55 13.39 13.44 12.89 12.85 12.62 12.49 12.59 12.50 12.24 12.09 12.10 12.10 12.08 12.06 12.07 11.96 11.88 11.75 11.70 11.66 11.51 11.56 11.59 11.54 11.49 11.50 11.69 11.78 11.89 12.00 12.28 12.33 12.40 12.57 12.68 12.70 12.73 12.92 12.86 13.05 13.31 13.41 13.57 13.71 13.86 13.88 13.95 13.97 14.00 14.28 14.33 14.49 14.50 14.29 14.47 14.81 15.00 15.21 15.27 15.36 15.60 15.85 15.94 16.22 16.29 16.60
15.45 14.93 14.37 13.99 13.68 13.58 13.25 13.09 12.84 12.56 12.74 12.83 12.72 12.52 12.38 12.36 12.36 12.35 12.30 12.37 12.32 12.16 12.15 12.08 12.09 11.96 12.00 11.96 11.94 11.91 12.00 12.13 12.24 12.43 12.50 12.72 12.83 12.86 12.96 13.02 13.10 13.14 13.30 13.34 13.53 13.71 13.85 13.99 14.18 14.40 14.47 14.49 14.45 14.54 14.66 14.75 14.89 15.01 14.91 14.93 15.23 15.35 15.53 15.81 15.98 15.98 16.26 16.46 16.83 17.12 17.03
15.71 15.30 14.61 14.26 14.14 13.86 13.44 13.21 13.15 13.50 13.28 13.15 13.03 12.85 12.66 12.68 12.49 12.69 12.65 12.70 12.67 12.64 12.60 12.57 12.49 12.37 12.43 12.33 12.40 12.36 12.56 12.68 12.72 12.90 12.98 13.21 13.30 13.38 13.41 13.43 13.49 13.56 13.76 13.92 14.07 14.18 14.27 14.39 14.63 14.83 14.99 14.97 14.94 15.08 15.26 15.23 15.49 15.45 15.35 15.47 15.56 15.75 15.95 16.09 16.20 16.34 16.64 16.88 17.05 17.27 17.50
15.69 15.14 14.88 14.70 14.50 14.32 14.04 13.93 13.90 13.71 13.52 13.39 13.41 13.31 13.08 13.13 13.19 13.25 13.13 13.21 13.11 13.10 13.11 13.09 12.93 12.85 12.85 12.78 12.98 12.98 13.10 13.22 13.30 13.46 13.55 13.65 13.79 13.86 13.83 13.90 13.94 14.14 14.21 14.36 14.44 14.63 14.79 14.81 14.98 15.23 15.32 15.39 15.34 15.46 15.66 15.69 15.74 15.88 15.96 16.00 16.08 16.16 16.33 16.40 16.57 16.72 16.98 17.20 17.48 17.59 17.92
15.97 15.59 15.25 15.10 14.92 14.62 14.51 14.27 14.12 14.02 13.83 13.71 13.66 13.65 13.54 13.56 13.70 13.86 13.79 13.77 13.64 13.56 13.55 13.51 13.42 13.41 13.44 13.42 13.52 13.57 13.64 13.80 13.93 14.04 14.10 14.17 14.27 14.25 14.21 14.12 14.18 14.50 14.82 14.85 14.83 14.97 15.19 15.23 15.30 15.52 15.70 15.92 15.85 15.89 16.04 16.12 16.29 16.47 16.37 16.40 16.49 16.58 16.72 16.85 17.19 17.29 17.29 17.63 17.91 17.96 18.30
16.06 15.27 15.19 15.12 15.09 14.89 14.71 14.54 14.51 14.31 14.11 14.02 13.95 13.95 13.94 13.98 13.99 14.16 14.21 14.22 14.24 14.11 14.12 14.02 13.88 13.98 13.98 14.02 14.13 14.17 14.20 14.38 14.51 14.61 14.66 14.72 14.72 14.65 14.62 14.58 14.66 14.97 15.15 15.31 15.24 15.43 15.52 15.64 15.66 15.90 16.04 16.17 16.25 16.35 16.41 16.78 16.57 16.71 16.81 16.82 16.84 16.94 17.09 17.18 17.27 17.64 17.61 17.87 18.19 18.45 18.59
16.14 15.50 15.27 15.29 15.27 14.84 14.59 14.92 14.84 14.66 14.48 14.30 14.29 14.23 14.31 14.32 14.41 14.47 14.64 14.68 14.61 14.56 14.58 14.52 14.49 14.49 14.55 14.59 14.68 14.77 14.79 14.94 15.09 15.24 15.18 15.15 15.13 15.05 15.06 15.06 15.12 15.37 15.51 15.64 15.68 15.79 15.88 15.96 16.09 16.31 16.50 16.58 16.72 16.83 16.95 17.19 17.09 17.24 17.18 17.15 17.25 17.32 17.39 17.47 17.77 17.79 18.32 18.20 18.43 18.77 18.94
16.17 16.00 15.75 15.60 15.47 15.35 15.35 15.30 15.17 15.00 14.79 14.69 14.66 14.52 14.63 14.66 14.67 14.73 14.93 15.01 14.97 14.97 14.94 14.99 15.00 14.98 15.07 15.12 15.22 15.28 15.38 15.61 15.60 15.51 15.48 15.47 15.46 15.42 15.43 15.55 15.66 15.85 15.90 16.02 16.09 16.15 16.24 16.31 16.44 16.59 16.87 17.02 17.09 17.18 17.46 17.35 17.45 17.50 17.51 17.60 17.60 17.73 17.73 17.89 18.14 18.19 18.58 19.00 18.84 19.03 19.29
16.29 16.38 16.27 16.06 15.90 15.67 15.79 15.66 15.52 15.36 15.23 15.05 15.01 14.96 15.13 15.17 15.06 15.18 15.28 15.37 15.32 15.29 15.39 15.45 15.46 15.47 15.51 15.66 15.70 15.80 15.84 15.94 15.87 15.84 15.77 15.79 15.79 15.83 15.85 15.97 16.08 16.16 16.28 16.40 16.43 16.49 16.56 16.70 16.83 16.96 17.14 17.30 17.37 17.54 17.91 17.83 17.91 18.08 17.90 17.90 18.03 18.09 18.12 18.28 18.43 18.62 18.71 18.96 19.69 19.42 19.50
16.70 16.66 16.55 16.39 16.14 16.15 16.09 15.96 15.87 15.76 15.55 15.53 15.49 15.49 15.53 15.65 15.45 15.62 15.64 15.71 15.74 15.73 15.81 15.82 15.88 15.87 16.02 16.11 16.06 16.11 16.23 16.26 16.16 16.15 16.09 16.15 16.16 16.22 16.20 16.30 16.42 16.48 16.57 16.73 16.84 16.92 16.90 16.95 17.11 17.30 17.34 17.57 17.67 17.80 18.20 18.42 18.37 18.46 18.37 18.30 18.42 18.62 18.54 18.74 18.86 19.01 19.06 19.33 20.36 20.01 19.91
17.07 16.94 16.73 16.77 16.55 16.45 16.39 16.37 16.29 16.10 16.08 15.96 15.91 15.88 15.91 15.85 15.87 15.89 15.99 16.03 16.05 16.13 16.09 16.15 16.19 16.23 16.32 16.41 16.42 16.42 16.59 16.61 16.47 16.47 16.40 16.46 16.48 16.55 16.52 16.54 16.71 16.87 16.88 16.99 17.13 17.23 17.27 17.37 17.45 17.60 17.65 17.82 17.97 18.15 18.37 18.47 18.63 18.65 18.80 18.73 18.85 18.89 19.01 19.16 19.18 19.38 19.41 19.66 19.90 20.66 20.22
