maui/input/air_temperature_monthly/tminjan_250m_maui.asc
ncols        356
nrows        236
xllcorner    -156.702000000000
yllcorner    20.529750000000
cellsize     0.002250000000
NODATA_value  -99.00
[rows 64 to 95 of 236, columns 144 to 215 of 356]
17.81 17.74 17.74 17.60 17.61 17.51 17.47 17.46 17.54 17.49 17.48 17.36 17.29 17.26 17.21 17.14 17.09 17.04 16.96 16.90 17.50 17.09 16.88 16.86 16.86 16.81 16.78 16.83 16.71 16.86 16.62 16.54 16.73 16.56 16.53 16.57 16.59 16.63 16.58 16.42 16.41 16.34 16.33 16.65 16.71 16.49 16.57 16.46 16.45 16.47 16.90 16.86 16.60 16.72 16.66 16.62 16.65 16.82 16.93 16.82 16.97 16.95 16.91 16.88 16.99 17.22 17.35 -9999.00 -9999.00 -9999.00 -9999.00 -9999.00
17.81 17.69 17.61 17.59 17.56 17.49 17.43 17.40 17.47 17.47 17.38 17.34 17.28 17.24 17.21 17.12 17.03 16.91 16.87 16.82 16.78 16.87 16.81 16.80 16.80 16.73 16.66 16.72 16.57 16.87 16.53 16.45 16.66 16.41 16.47 16.50 16.53 16.57 16.39 16.37 16.32 16.37 16.57 16.37 16.33 16.33 16.34 16.39 16.37 16.82 16.83 16.65 16.53 16.60 16.49 16.52 16.57 16.65 16.87 16.73 16.87 16.82 16.88 16.85 16.90 17.00 17.10 -9999.00 17.62 17.15 17.25 -9999.00
17.74 17.67 17.59 17.53 17.49 17.45 17.40 17.37 17.42 17.37 17.41 17.30 17.29 17.22 17.21 17.07 16.99 16.87 16.79 16.73 16.74 17.06 16.72 16.70 16.69 16.61 16.67 16.54 16.59 16.76 16.41 16.32 16.53 16.23 16.37 16.36 16.52 16.40 16.30 16.37 16.24 16.26 16.27 16.32 16.13 16.14 16.18 16.20 16.25 16.84 16.46 16.53 16.46 16.42 16.37 16.39 16.47 16.69 16.61 16.78 16.71 16.65 16.67 16.72 16.94 16.87 16.98 17.05 17.26 17.18 17.05 17.22
17.66 17.65 17.56 17.51 17.45 17.40 17.38 17.34 17.28 17.31 17.34 17.28 17.21 17.19 17.07 17.02 16.92 16.84 16.75 16.67 16.61 17.14 16.60 16.62 16.56 16.52 16.50 16.59 16.38 16.40 16.52 16.31 16.40 16.40 16.31 16.24 16.44 16.30 16.22 16.29 16.21 16.17 16.21 16.14 16.04 16.06 16.07 16.12 16.36 16.42 16.36 16.26 16.24 16.35 16.27 16.30 16.50 16.47 16.50 16.66 16.45 16.55 16.58 16.73 16.71 16.78 16.99 16.97 17.03 17.03 17.01 17.12
17.63 17.58 17.54 17.48 17.35 17.34 17.32 17.26 17.24 17.27 17.19 17.20 17.13 17.10 17.05 16.93 16.85 16.78 16.62 16.59 16.52 16.75 16.53 16.52 16.42 16.35 16.35 16.34 16.29 16.28 16.25 16.43 16.19 16.16 16.20 16.08 16.36 16.39 16.23 16.14 16.16 16.11 16.14 16.02 15.98 15.95 15.87 16.00 16.13 16.54 16.20 16.14 16.11 16.23 16.22 16.37 16.29 16.38 16.36 16.57 16.40 16.41 16.55 16.64 16.63 16.72 16.75 16.82 16.89 16.90 16.98 17.04
17.59 17.51 17.47 17.44 17.33 17.30 17.26 17.20 17.17 17.15 17.08 17.12 17.06 17.03 16.89 16.83 16.75 16.73 16.60 16.52 16.46 16.48 16.50 16.42 16.37 16.27 16.22 16.27 16.17 16.16 16.12 16.32 16.09 16.11 16.20 16.01 16.13 16.04 16.31 16.07 16.07 16.03 16.04 15.95 15.85 15.73 15.78 15.88 16.44 16.09 16.08 16.03 16.10 16.10 16.15 16.22 16.12 16.19 16.27 16.53 16.53 16.33 16.48 16.45 16.65 16.47 16.63 16.68 16.77 16.96 17.05 16.90
17.52 17.47 17.41 17.36 17.40 17.27 17.22 17.16 17.13 17.06 16.98 16.99 16.96 16.93 16.86 16.72 16.63 16.57 16.50 16.46 16.33 16.33 16.82 16.29 16.25 16.16 16.13 16.12 16.26 16.15 16.05 16.22 15.99 16.00 16.15 15.93 16.13 15.87 15.95 16.12 15.99 15.93 15.93 15.90 15.78 15.62 15.77 16.06 15.92 16.04 16.12 15.96 16.13 15.94 16.02 16.11 16.02 16.03 16.28 16.38 16.38 16.20 16.44 16.49 16.38 16.35 16.52 16.67 16.87 16.81 16.94 17.02
17.49 17.43 17.38 17.34 17.26 17.29 17.21 17.14 17.06 17.04 16.96 16.86 16.81 16.77 16.70 16.72 16.53 16.39 16.43 16.25 16.23 16.25 16.25 16.16 16.08 15.98 15.96 15.99 16.12 16.03 15.99 16.23 15.90 15.90 16.07 15.87 16.03 15.77 15.80 15.86 15.84 15.83 15.88 15.82 15.75 15.78 15.87 16.14 15.95 15.87 15.92 15.83 15.96 15.84 15.86 15.96 15.88 16.03 16.04 16.16 16.26 16.05 16.17 16.19 16.38 16.26 16.36 16.62 16.69 16.53 16.54 16.94
17.47 17.43 17.37 17.31 17.23 17.21 17.20 17.13 16.96 16.90 16.90 16.89 16.76 16.65 16.58 16.60 16.45 16.34 16.32 16.26 16.13 16.10 16.03 16.55 15.94 15.80 15.70 15.79 15.97 15.89 15.92 15.93 16.08 15.85 15.87 15.85 15.96 15.74 15.67 15.82 15.81 15.76 15.72 15.71 15.65 15.61 15.68 16.03 16.04 15.72 15.72 15.78 15.86 15.72 15.86 15.88 15.75 15.76 15.98 16.04 16.11 16.03 16.06 15.97 16.03 16.17 16.26 16.36 16.61 16.37 16.47 16.54
17.39 17.33 17.30 17.28 17.22 17.17 17.16 17.09 17.00 16.86 16.82 16.72 16.68 16.68 16.51 16.43 16.53 16.28 16.21 16.12 16.02 15.98 15.95 16.12 15.97 15.78 15.47 15.55 15.93 15.82 15.79 15.77 15.80 15.81 15.74 15.84 15.64 15.62 15.61 15.81 15.79 15.64 15.70 15.62 15.48 15.49 15.59 15.86 15.88 15.64 15.66 15.60 15.75 15.57 15.65 15.74 15.71 15.64 15.80 15.89 15.95 15.86 15.91 15.92 15.94 16.08 16.08 16.08 16.37 16.18 16.36 16.45
17.30 17.26 17.23 17.22 17.20 17.13 17.12 17.05 16.86 16.81 16.81 16.65 16.61 16.57 16.45 16.36 16.31 16.37 16.23 16.04 16.00 15.90 15.86 16.02 16.60 16.04 15.45 15.42 15.84 15.70 15.73 15.64 15.75 15.64 15.64 15.61 15.61 15.64 15.50 15.74 15.63 15.52 15.52 15.45 15.35 15.35 15.75 15.41 15.69 15.53 15.57 15.37 15.42 15.53 15.45 15.56 15.71 15.48 15.53 15.59 15.85 15.72 15.65 15.68 15.75 15.86 15.76 16.14 16.03 16.21 16.17 16.25
17.27 17.21 17.18 17.17 17.13 17.10 17.05 16.99 16.86 16.73 16.66 16.61 16.62 16.44 16.34 16.21 16.08 16.17 16.15 16.01 15.91 15.86 15.82 15.80 16.46 15.76 15.68 15.62 15.67 15.61 15.64 15.54 15.54 15.74 15.50 15.47 15.52 15.49 15.37 15.66 15.54 15.40 15.40 15.37 15.25 15.26 15.64 15.33 15.67 15.36 15.34 15.26 15.29 15.57 15.38 15.58 15.38 15.37 15.36 15.45 15.56 15.45 15.40 15.57 15.57 15.60 15.67 15.81 16.04 16.00 16.14 16.15
17.24 17.18 17.15 17.13 17.12 17.08 17.00 16.91 16.81 16.85 16.65 16.57 16.51 16.32 16.23 16.13 16.02 16.03 15.99 15.90 15.90 15.80 15.77 15.73 16.16 15.68 15.63 15.59 15.59 15.55 15.49 15.46 15.44 15.71 15.45 15.39 15.39 15.33 15.33 15.29 15.43 15.40 15.30 15.22 15.14 15.31 15.61 15.21 15.41 15.22 15.13 15.12 15.16 15.36 15.32 15.34 15.23 15.15 15.41 15.17 15.46 15.16 15.36 15.34 15.40 15.40 15.66 15.81 15.91 15.86 15.97 15.96
17.27 17.14 17.10 17.05 17.09 17.04 16.93 16.86 16.80 16.72 16.74 16.56 16.42 16.28 16.19 16.14 16.04 15.94 15.94 15.85 15.77 15.72 15.66 15.67 16.07 15.54 15.56 15.51 15.50 15.48 15.40 15.38 15.35 15.39 15.48 15.31 15.31 15.24 15.21 15.22 15.42 15.36 15.20 15.09 15.06 15.24 15.25 15.09 15.29 15.32 15.03 14.90 15.03 15.11 15.00 15.06 15.07 15.02 15.30 15.12 15.21 15.06 15.05 15.15 15.24 15.28 15.34 15.53 15.61 15.73 15.79 15.94
17.19 17.20 17.05 16.99 17.00 16.90 16.89 16.82 16.73 16.63 16.56 16.55 16.39 16.31 16.20 16.09 16.01 15.88 15.89 15.77 15.69 15.64 15.56 15.58 16.26 15.48 15.43 15.38 15.36 15.40 15.41 15.29 15.26 15.32 15.33 15.30 15.24 15.15 15.10 15.13 15.20 15.26 15.04 14.96 15.06 15.01 15.26 14.95 15.18 15.17 15.09 14.82 14.74 15.02 14.91 15.01 14.79 14.82 14.99 15.04 14.91 14.93 14.94 14.93 15.06 15.21 15.27 15.54 15.49 15.51 15.66 16.01
17.14 17.10 17.03 16.94 16.88 16.80 16.74 16.73 16.67 16.55 16.50 16.49 16.42 16.33 16.23 16.09 15.98 15.86 15.79 15.74 15.62 15.56 15.45 15.61 15.57 15.40 15.32 15.27 15.25 15.29 15.32 15.20 15.17 15.30 15.25 15.19 15.17 15.05 14.97 15.00 15.21 14.99 14.99 14.84 14.85 14.81 15.12 14.85 14.99 14.85 14.91 14.63 14.54 14.82 14.61 14.76 14.69 14.69 14.71 14.76 14.84 14.86 14.69 14.75 14.85 15.06 15.29 15.37 15.31 15.37 15.51 15.59
17.10 17.05 17.00 17.01 16.79 16.74 16.68 16.63 16.55 16.46 16.41 16.40 16.26 16.20 16.14 16.07 15.99 15.86 15.73 15.68 15.55 15.48 15.42 15.93 15.46 15.42 15.29 15.16 15.14 15.17 15.20 15.25 15.09 15.14 15.22 15.00 15.06 15.05 14.89 14.79 14.87 14.82 14.89 14.68 14.72 14.70 14.96 14.89 14.68 14.54 14.62 14.49 14.48 14.51 14.49 14.49 14.51 14.55 14.67 14.59 14.55 14.70 14.59 14.63 14.64 14.87 15.00 15.08 15.18 15.20 15.59 15.31
17.09 17.00 16.91 16.94 16.75 16.67 16.58 16.53 16.49 16.44 16.36 16.30 16.16 16.09 16.08 15.99 15.88 15.89 15.76 15.60 15.56 15.49 15.39 15.32 15.72 15.31 15.24 15.14 15.07 15.09 15.02 15.00 15.07 15.13 14.98 14.89 14.93 14.85 14.80 14.70 14.83 14.74 14.73 14.57 14.57 14.55 14.97 14.55 14.66 14.41 14.80 14.34 14.31 14.36 14.31 14.43 14.40 14.33 14.46 14.33 14.45 14.42 14.42 14.42 14.41 14.69 14.83 14.94 15.02 15.02 15.20 15.18
17.05 16.98 16.86 16.79 16.67 16.56 16.55 16.52 16.44 16.38 16.27 16.17 16.15 16.03 15.96 15.92 15.80 15.72 15.70 15.64 15.52 15.46 15.44 15.35 15.36 15.29 15.14 15.02 14.95 14.91 14.85 14.83 14.94 14.99 14.91 14.86 14.79 14.70 14.64 14.59 14.56 14.60 14.55 14.50 14.43 14.40 14.73 14.61 14.48 14.29 14.45 14.59 14.15 14.28 14.10 14.33 14.20 14.13 14.33 14.23 14.28 14.28 14.22 14.26 14.35 14.51 14.74 14.76 14.81 14.95 14.93 15.06
16.98 16.95 16.86 16.76 16.69 16.61 16.47 16.43 16.36 16.27 16.20 16.13 16.07 16.03 15.92 15.84 15.74 15.68 15.74 15.67 15.48 15.35 15.34 15.25 15.21 15.24 15.36 14.99 14.89 14.83 14.76 14.83 14.85 14.95 14.78 14.72 14.64 14.61 14.56 14.54 14.49 14.66 14.47 14.33 14.32 14.30 14.55 14.54 14.20 14.19 14.18 14.23 14.10 14.05 13.94 14.14 13.97 14.04 13.92 14.03 14.10 14.07 14.01 14.06 14.17 14.26 14.62 14.48 14.71 14.75 14.69 14.94
16.90 16.85 16.80 16.72 16.66 16.59 16.57 16.39 16.30 16.22 16.16 16.07 15.97 15.95 15.87 15.74 15.71 15.65 15.58 15.53 15.48 15.30 15.24 15.21 15.14 15.10 14.98 15.09 14.92 14.82 14.78 14.74 14.78 14.79 14.67 14.54 14.53 14.45 14.44 14.41 14.34 14.54 14.34 14.26 14.31 14.23 14.35 14.34 14.18 13.97 14.17 14.00 14.17 13.83 13.80 13.81 13.79 13.91 13.79 13.78 13.81 13.82 13.82 13.82 14.01 14.06 14.26 14.35 14.55 14.75 14.57 14.85
16.94 16.80 16.73 16.67 16.64 16.55 16.45 16.36 16.24 16.27 16.08 16.01 15.92 15.84 15.81 15.72 15.64 15.60 15.51 15.51 15.40 15.39 15.30 15.20 15.13 15.04 14.93 14.88 15.13 15.08 14.81 14.75 14.74 14.61 14.72 14.45 14.36 14.37 14.33 14.35 14.16 14.36 14.22 14.17 14.18 14.08 14.24 14.03 14.26 13.88 13.83 13.96 14.09 13.70 13.71 13.64 13.54 13.73 13.70 13.61 13.68 13.67 13.68 13.72 13.81 13.93 14.08 14.33 14.31 14.29 14.46 14.63
16.82 16.76 16.71 16.62 16.59 16.45 16.35 16.33 16.23 16.13 16.04 15.98 15.89 15.81 15.72 15.64 15.58 15.52 15.43 15.36 15.32 15.28 15.26 15.21 15.12 14.99 14.91 14.82 14.74 14.73 14.94 14.76 14.52 14.47 14.55 14.42 14.28 14.21 14.31 14.23 14.04 14.29 14.07 14.08 14.06 14.02 13.95 13.98 13.95 13.81 13.69 13.92 13.99 13.54 13.73 13.53 13.23 13.44 13.47 13.48 13.54 13.56 13.59 13.61 13.70 13.88 14.01 14.07 14.29 14.20 14.24 14.39
16.79 16.73 16.64 16.56 16.53 16.38 16.31 16.25 16.24 16.09 15.98 15.91 16.02 15.82 15.72 15.60 15.47 15.44 15.36 15.29 15.25 15.27 15.19 15.13 15.07 15.01 14.88 14.77 14.71 14.72 14.73 14.83 14.75 14.51 14.47 14.25 14.12 13.91 14.21 14.11 14.12 13.95 13.93 13.88 13.89 13.87 13.84 13.70 13.71 13.99 13.56 13.49 13.80 13.43 13.43 13.44 13.27 13.34 13.36 13.35 13.44 13.41 13.42 13.52 13.64 13.81 13.83 13.94 14.04 14.05 14.14 14.23
16.77 16.68 16.63 16.54 16.43 16.37 16.34 16.25 16.14 16.00 15.95 15.88 15.83 15.91 15.67 15.59 15.46 15.34 15.30 15.21 15.16 15.23 15.23 15.07 15.00 14.93 14.87 14.78 14.67 14.79 14.67 14.65 14.52 14.67 14.38 14.22 14.22 14.14 14.03 14.00 13.95 13.86 13.88 13.76 13.74 13.69 13.62 13.57 13.63 13.88 13.43 13.39 13.28 13.62 13.23 13.22 13.14 13.05 13.20 13.23 13.24 13.25 13.29 13.41 13.46 13.57 13.67 13.84 13.94 13.87 14.02 14.05
16.76 16.67 16.61 16.54 16.35 16.31 16.27 16.20 16.08 15.99 15.92 15.87 15.82 15.78 15.69 15.75 15.47 15.31 15.24 15.18 15.06 15.01 15.06 15.01 14.95 14.87 14.81 14.77 14.63 14.61 14.64 14.54 14.46 14.40 14.42 14.28 14.13 14.13 13.96 13.87 13.88 13.78 13.69 13.85 13.58 13.57 13.46 13.41 13.53 13.35 13.24 13.14 13.22 13.58 13.32 12.95 12.94 12.99 13.06 13.11 13.11 13.11 13.14 13.21 13.33 13.39 13.72 13.61 13.76 13.65 13.79 14.04
16.78 16.73 16.64 16.55 16.41 16.29 16.22 16.19 16.06 15.99 15.93 15.87 15.78 15.67 15.59 15.54 15.60 15.31 15.22 15.14 15.04 14.97 14.94 15.05 14.89 14.78 14.72 14.67 14.57 14.60 14.48 14.44 14.38 14.34 14.38 14.17 13.98 13.87 13.90 13.79 13.76 13.69 13.61 13.51 13.48 13.38 13.33 13.24 13.28 13.16 13.43 13.00 13.16 13.28 12.89 12.88 12.79 12.78 12.85 12.94 12.89 12.89 12.98 13.06 13.14 13.35 13.40 13.48 13.59 13.55 13.82 13.73
16.73 16.66 16.60 16.52 16.40 16.29 16.22 16.15 16.08 16.00 15.94 15.83 15.74 15.60 15.47 15.43 15.36 15.33 15.21 15.03 14.96 14.96 14.87 14.84 14.86 14.79 14.70 14.64 14.59 14.50 14.45 14.29 14.20 14.25 14.13 14.40 13.98 13.67 13.74 13.68 13.62 13.58 13.42 13.33 13.36 13.45 13.14 13.05 12.98 12.94 12.93 13.04 12.95 12.94 12.71 12.77 12.67 12.60 12.69 12.75 12.72 12.76 12.82 12.85 13.05 13.36 13.22 13.29 13.27 13.57 13.50 13.50
16.66 16.63 16.56 16.51 16.41 16.32 16.23 16.15 16.04 15.97 15.85 15.81 15.73 15.58 15.42 15.35 15.30 15.42 15.15 15.02 14.92 14.87 14.86 14.76 14.78 14.71 14.67 14.63 14.53 14.44 14.38 14.40 14.15 14.14 14.09 14.15 14.03 13.16 13.30 13.62 13.54 13.46 13.37 13.29 13.24 13.21 13.23 12.91 12.78 12.81 12.90 13.03 12.84 12.95 12.93 12.60 12.50 12.43 12.51 12.59 12.57 12.62 12.70 12.74 12.96 12.98 13.07 13.06 13.13 13.35 13.29 13.42
16.62 16.55 16.46 16.42 16.34 16.26 16.18 16.09 16.02 15.91 15.84 15.78 15.72 15.58 15.40 15.27 15.21 15.22 15.14 14.97 14.86 14.84 14.79 14.74 14.67 14.63 14.60 14.54 14.45 14.37 14.19 14.14 14.23 14.06 14.04 13.91 14.25 13.66 14.04 13.81 13.53 13.44 13.37 13.25 13.18 13.01 12.93 13.05 12.72 12.69 12.72 12.84 12.68 12.81 12.52 12.63 12.49 12.25 12.32 12.37 12.38 12.41 12.52 12.58 12.68 12.75 12.89 12.88 12.97 13.12 13.13 13.31
16.56 16.52 16.43 16.36 16.32 16.22 16.12 16.01 15.95 15.84 15.76 15.70 15.59 15.55 15.39 15.27 15.17 15.07 15.01 14.95 14.90 14.84 14.79 14.73 14.63 14.56 14.51 14.46 14.36 14.24 14.12 14.07 14.03 14.10 13.97 13.79 13.71 13.98 13.88 13.67 13.77 13.59 13.38 13.27 13.01 12.89 12.79 12.73 12.82 12.59 12.64 12.58 12.44 12.62 12.32 12.29 12.42 12.07 12.15 12.12 12.15 12.22 12.30 12.37 12.75 12.59 12.61 12.72 12.80 13.07 12.96 12.99
16.53 16.44 16.41 16.34 16.27 16.23 16.16 15.99 15.91 15.81 15.67 15.61 15.49 15.43 15.39 15.31 15.12 15.01 14.99 14.91 14.86 14.80 14.73 14.62 14.63 14.53 14.49 14.43 14.31 14.24 14.10 14.01 13.93 14.01 13.90 13.87 13.66 13.68 13.71 13.55 13.45 13.46 13.31 13.42 13.32 12.91 12.79 12.61 12.57 12.52 12.36 12.46 12.25 12.37 12.42 12.07 12.19 11.98 12.01 11.98 12.02 12.04 12.13 12.29 12.53 12.37 12.40 12.44 12.57 12.86 12.68 12.77
