maui/input/air_temperature_monthly/tminjul_250m_maui.asc
ncols        356
nrows        236
xllcorner    -156.702000000000
yllcorner    20.529750000000
cellsize     0.002250000000
NODATA_value  -99.00
[rows 32 to 63 of 236, columns 0 to 70 of 356]
-9999.00 -9999.00 -9999.00 -9999.00 -9999.00 -9999.00 -9999.00 -9999.00 -9999.00 -9999.00 -9999.00 -9999.00 -9999.00 21.31 21.25 21.12 21.14 21.04 20.92 20.79 20.57 20.62 20.36 20.14 19.92 19.80 20.38 19.82 19.68 19.51 19.44 19.75 19.12 19.02 18.81 18.89 18.96 19.20 19.04 18.55 18.64 18.98 18.67 19.25 18.96 20.00 19.93 18.80 18.63 18.96 18.70 18.23 18.66 18.96 18.60 18.64 18.70 19.17 19.17 19.00 19.43 19.62 19.46 20.12 20.29 19.98 20.41 20.97 20.24 20.01 19.97
-9999.00 -9999.00 -9999.00 -9999.00 -9999.00 -9999.00 -9999.00 -9999.00 -9999.00 -9999.00 -9999.00 -9999.00 -9999.00 21.30 21.16 21.10 21.02 21.00 20.90 20.75 20.66 20.45 20.30 20.21 19.93 19.72 19.72 20.16 19.53 19.70 19.29 19.48 19.41 18.94 18.81 18.64 18.99 19.09 18.89 18.88 18.44 18.63 18.79 19.18 18.84 19.05 20.16 19.65 18.74 18.55 18.36 18.10 18.88 18.63 18.10 18.64 18.42 18.84 18.96 18.81 19.18 19.13 19.67 19.82 19.87 19.74 20.81 20.36 19.98 19.81 19.94
-9999.00 -9999.00 -9999.00 -9999.00 -9999.00 -9999.00 -9999.00 -9999.00 -9999.00 -9999.00 -9999.00 -9999.00 21.36 21.20 21.09 21.09 20.96 20.89 20.77 20.61 20.49 20.36 20.25 19.99 19.79 19.53 19.46 19.52 19.84 19.38 19.42 18.88 18.75 19.04 18.72 18.56 18.71 19.30 18.69 18.80 18.29 18.61 18.41 18.35 18.98 18.80 18.99 19.98 19.14 18.47 18.32 17.97 18.56 18.22 17.80 18.00 18.37 19.11 18.24 18.40 18.79 19.24 19.38 18.89 19.38 19.71 20.75 19.75 19.36 19.94 20.56
-9999.00 -9999.00 -9999.00 -9999.00 -9999.00 -9999.00 -9999.00 -9999.00 -9999.00 -9999.00 -9999.00 -9999.00 21.34 21.21 21.07 21.05 20.88 20.72 20.61 20.41 20.39 20.24 20.10 19.97 19.72 19.68 19.32 19.24 19.07 19.82 18.98 18.97 18.68 18.85 18.63 18.43 18.54 19.06 18.35 18.29 18.01 18.41 18.27 18.35 18.76 18.23 18.68 19.77 19.02 18.08 18.41 17.74 18.14 18.38 17.66 17.71 18.38 18.65 17.95 18.10 18.76 19.31 18.77 18.83 19.00 20.21 20.38 19.09 19.07 19.85 19.99
-9999.00 -9999.00 -9999.00 -9999.00 -9999.00 -9999.00 -9999.00 -9999.00 -9999.00 -9999.00 -9999.00 21.37 21.26 21.17 21.00 20.82 20.77 20.77 20.51 20.40 20.23 20.28 19.96 19.85 19.92 19.56 19.47 19.12 19.00 19.30 19.40 18.62 18.52 18.50 18.68 18.56 18.26 19.05 18.18 17.92 18.14 18.22 17.97 18.20 18.58 18.35 18.85 19.19 19.46 18.43 18.22 17.88 17.93 17.86 17.72 17.49 18.28 18.56 17.76 17.82 18.53 18.93 18.16 18.62 19.43 20.51 19.62 18.86 19.22 19.64 19.50
-9999.00 -9999.00 -9999.00 -9999.00 -9999.00 -9999.00 -9999.00 -9999.00 -9999.00 -9999.00 -9999.00 21.36 21.29 21.20 20.95 20.80 20.65 20.48 20.53 20.26 20.07 20.08 19.89 19.82 19.65 19.69 19.25 19.19 18.88 18.71 19.46 18.58 18.36 18.33 18.61 18.44 18.03 18.74 18.05 17.64 17.89 17.72 17.74 17.94 18.45 18.14 18.35 18.51 19.35 18.99 17.86 17.69 17.39 17.39 17.45 17.51 18.34 17.67 17.48 18.13 18.37 18.63 18.25 18.89 19.71 19.84 18.96 19.32 19.46 19.33 19.72
-9999.00 -9999.00 -9999.00 -9999.00 -9999.00 -9999.00 -9999.00 -9999.00 -9999.00 -9999.00 21.38 21.27 21.14 21.13 20.96 20.90 20.57 20.42 20.31 20.23 20.22 19.87 19.72 19.72 19.60 19.40 19.44 19.20 18.94 18.64 18.80 18.85 18.16 18.06 18.46 17.91 17.72 18.44 18.18 17.46 17.43 17.61 17.51 17.64 17.97 17.86 17.94 17.93 18.90 19.20 17.74 17.79 17.04 17.17 17.14 17.44 17.91 17.25 17.33 17.74 18.27 18.37 18.79 19.72 19.50 19.02 19.01 18.98 19.13 19.55 19.84
-9999.00 -9999.00 -9999.00 -9999.00 -9999.00 -9999.00 -9999.00 -9999.00 -9999.00 21.40 21.33 21.16 21.06 20.98 20.92 20.75 20.65 20.72 20.31 20.16 20.00 19.85 19.90 19.59 19.51 19.40 19.13 19.02 18.82 18.60 18.40 19.11 18.25 17.93 17.85 17.82 17.48 17.83 18.19 17.45 17.29 17.24 17.17 17.53 17.83 17.23 17.38 17.52 18.34 19.38 17.97 17.40 17.19 16.93 16.96 17.47 17.59 17.06 17.07 17.70 17.99 18.26 19.16 19.98 18.65 18.81 18.93 18.79 19.00 19.65 19.55
-9999.00 -9999.00 -9999.00 -9999.00 -9999.00 -9999.00 -9999.00 -9999.00 -9999.00 21.40 21.32 21.16 21.03 20.93 20.79 20.72 20.58 20.46 20.33 20.36 19.96 19.80 19.56 19.52 19.46 19.20 18.96 18.96 18.68 18.46 18.23 18.21 18.53 18.68 18.30 17.61 17.53 17.60 18.44 17.49 17.19 16.89 16.70 17.22 17.39 16.85 17.12 17.44 18.15 19.34 18.19 17.06 16.92 16.73 16.75 17.62 17.19 16.82 16.98 17.41 17.69 18.10 18.32 19.70 18.40 18.58 18.43 18.93 19.10 19.15 19.12
-9999.00 -9999.00 -9999.00 -9999.00 -9999.00 -9999.00 -9999.00 -9999.00 -9999.00 21.34 21.22 21.10 21.00 20.88 20.76 20.61 20.52 20.42 20.31 20.28 20.03 20.02 19.68 19.42 19.33 19.28 19.14 18.81 18.62 18.31 18.14 18.04 18.00 17.74 18.18 17.89 17.47 17.34 17.88 18.09 17.28 16.90 16.90 16.87 16.80 16.72 17.12 16.82 17.25 19.29 18.45 17.20 16.74 16.53 16.78 17.15 17.17 16.72 16.92 17.27 17.69 18.00 19.29 19.36 18.26 18.31 18.35 19.06 18.52 18.41 18.32
-9999.00 -9999.00 -9999.00 -9999.00 -9999.00 -9999.00 -9999.00 -9999.00 21.38 21.28 21.20 21.11 21.01 20.82 20.64 20.54 20.44 20.39 20.28 20.10 20.02 19.87 19.68 19.57 19.30 19.28 18.93 18.79 18.79 18.51 18.05 17.89 17.89 17.74 17.31 18.33 17.39 17.23 17.13 17.35 17.28 16.89 16.55 16.63 16.42 16.66 17.02 16.76 16.74 18.19 18.75 17.29 16.40 16.21 16.75 16.95 16.96 16.58 16.73 17.16 17.47 18.65 19.03 18.89 17.97 18.04 18.19 18.21 18.34 17.93 18.27
-9999.00 -9999.00 -9999.00 -9999.00 -9999.00 -9999.00 -9999.00 -9999.00 21.34 21.24 21.14 20.99 20.92 20.75 20.58 20.46 20.37 20.37 20.24 20.12 19.93 19.68 19.84 19.40 19.33 19.21 18.84 18.91 18.42 18.27 18.41 17.86 17.67 17.40 17.24 17.76 17.59 17.18 16.79 17.27 17.02 16.73 15.97 16.06 16.08 16.57 16.47 16.45 16.54 17.87 18.73 18.01 16.89 16.02 16.70 16.78 16.76 16.32 16.68 17.13 17.42 18.96 18.50 18.21 17.69 18.02 17.91 17.79 18.18 17.81 18.18
-9999.00 -9999.00 -9999.00 -9999.00 -9999.00 -9999.00 -9999.00 21.43 21.34 21.21 21.09 20.93 20.80 20.70 20.54 20.41 20.33 20.28 20.17 20.00 19.85 19.63 19.40 19.26 19.15 18.95 18.86 18.68 18.47 18.23 18.13 17.77 17.62 17.30 17.05 16.93 17.78 16.95 16.82 16.60 17.30 16.56 15.67 15.43 15.76 16.44 16.17 16.09 16.30 16.71 18.15 18.53 17.35 16.20 16.29 16.41 16.68 16.12 16.67 16.67 17.60 18.84 17.58 17.47 17.59 17.82 17.33 17.56 17.83 17.67 18.24
-9999.00 -9999.00 -9999.00 -9999.00 -9999.00 -9999.00 -9999.00 21.42 21.34 21.27 21.13 20.97 20.81 20.70 20.55 20.43 20.34 20.23 20.13 19.96 19.79 19.57 19.37 19.17 19.00 19.28 18.68 18.45 18.47 18.09 18.00 17.54 17.27 17.18 16.85 16.82 17.17 16.90 16.43 16.27 17.00 16.42 15.66 15.09 15.42 16.24 15.82 15.68 16.03 16.20 17.93 17.94 16.61 15.99 15.87 16.23 16.52 16.17 16.54 16.72 18.08 18.43 17.67 17.22 17.37 17.62 17.24 17.25 17.71 17.71 18.06
-9999.00 -9999.00 -9999.00 -9999.00 -9999.00 -9999.00 -9999.00 21.41 21.29 21.13 21.01 20.99 20.79 20.68 20.55 20.50 20.38 20.21 20.06 19.91 19.71 19.63 19.34 19.13 19.03 18.80 19.10 18.56 18.26 18.01 18.06 17.53 17.21 16.96 16.91 16.64 16.94 16.93 16.24 15.70 16.98 16.45 15.46 14.88 15.78 15.63 15.50 15.48 15.69 16.18 17.40 18.40 16.72 15.49 15.90 16.27 16.31 15.79 16.32 16.98 18.51 17.11 17.37 16.71 17.00 16.86 17.08 17.49 17.74 18.03 18.75
-9999.00 -9999.00 -9999.00 -9999.00 -9999.00 -9999.00 21.44 21.39 21.27 21.09 21.01 20.87 20.86 20.67 20.56 20.48 20.37 20.23 20.07 19.91 19.66 19.50 19.39 19.23 19.05 18.80 18.61 18.75 18.73 17.98 17.69 17.46 17.56 17.21 16.79 16.53 17.03 16.34 16.32 15.98 16.50 15.93 15.34 14.95 15.44 15.66 15.16 15.41 15.21 16.50 17.66 18.28 16.56 15.52 15.87 15.63 15.81 15.89 16.43 16.94 17.99 16.68 16.84 16.41 16.13 16.34 16.83 17.28 17.96 18.38 18.63
-9999.00 -9999.00 -9999.00 -9999.00 -9999.00 21.45 21.44 21.36 21.23 21.08 21.01 20.87 20.77 20.67 20.58 20.51 20.36 20.23 20.07 19.88 19.68 19.51 19.37 19.22 19.02 18.75 18.66 18.29 18.11 18.32 18.17 17.73 17.21 16.95 16.90 16.54 16.81 16.54 15.90 15.84 15.55 16.02 15.77 15.30 15.15 15.47 14.89 14.72 15.17 16.52 17.35 17.96 16.71 15.47 15.50 15.61 15.38 15.74 16.19 17.76 16.98 16.38 16.40 15.87 16.30 16.82 16.77 17.17 17.24 17.79 18.13
-9999.00 -9999.00 -9999.00 -9999.00 -9999.00 21.45 21.44 21.32 21.19 21.07 21.02 20.93 20.81 20.70 20.59 20.49 20.32 20.21 20.06 19.91 19.77 19.58 19.40 19.18 18.96 18.73 18.49 18.21 18.02 18.00 17.49 17.25 17.81 17.58 16.96 16.43 16.30 16.51 16.12 15.51 15.31 15.04 15.55 15.30 15.36 14.73 14.69 14.38 15.00 16.06 16.09 17.20 17.08 15.79 15.26 15.44 15.04 15.84 17.36 17.08 15.88 15.81 16.03 15.86 16.36 16.35 16.87 16.56 16.56 17.76 17.74
-9999.00 -9999.00 -9999.00 -9999.00 21.46 21.46 21.44 21.36 21.28 21.15 21.10 21.08 21.00 20.75 20.65 20.54 20.36 20.20 20.06 19.89 19.72 19.53 19.32 19.15 18.96 18.64 18.39 18.13 17.88 17.65 17.81 17.12 16.78 17.24 17.15 17.10 16.51 15.95 16.16 16.05 15.81 15.16 14.82 15.38 14.73 14.53 14.81 14.15 15.10 15.84 15.35 17.00 17.10 15.54 15.09 15.00 14.84 16.20 17.50 15.55 15.43 15.59 15.67 16.05 15.98 16.40 15.93 15.96 16.38 17.04 17.50
-9999.00 -9999.00 -9999.00 -9999.00 21.47 21.46 21.45 21.31 21.21 21.10 21.10 20.94 20.84 20.90 20.81 20.56 20.34 20.18 20.04 19.93 19.72 19.59 19.34 19.10 18.89 18.66 18.42 18.26 17.92 17.49 17.27 17.32 17.12 16.40 16.54 15.82 16.60 16.09 15.40 15.52 15.04 15.41 14.70 14.67 14.80 14.21 14.16 13.94 14.68 15.06 14.81 16.05 17.61 16.08 14.69 14.59 15.25 15.35 17.22 15.21 15.12 15.17 15.47 15.85 15.87 16.20 16.03 16.43 16.65 17.77 18.46
-9999.00 -9999.00 -9999.00 -9999.00 21.47 21.47 21.42 21.27 21.24 21.11 20.99 20.96 20.80 20.69 20.58 20.51 20.33 20.28 20.11 20.09 20.09 19.59 19.34 19.11 18.89 18.65 18.38 18.06 17.72 17.85 17.69 17.17 16.69 16.36 16.56 15.88 15.59 16.58 15.61 15.02 15.29 15.00 14.56 14.17 14.85 14.20 13.98 13.79 14.44 14.83 14.42 15.97 17.37 15.93 14.51 15.09 14.74 15.06 16.66 14.93 14.66 14.40 15.15 15.57 16.23 16.68 16.91 17.07 17.92 18.93 19.63
-9999.00 -9999.00 -9999.00 -9999.00 21.47 21.46 21.32 21.24 21.14 21.11 21.00 20.88 20.78 20.72 20.64 20.50 20.36 20.22 20.06 19.89 19.72 19.76 19.70 19.17 18.86 18.65 18.27 17.97 17.73 17.33 17.09 16.78 16.92 16.46 15.91 15.95 15.49 15.41 15.48 15.67 14.65 14.70 14.54 14.03 14.18 13.87 13.54 13.75 14.69 14.61 14.14 15.65 17.19 15.56 14.43 14.40 14.50 14.93 16.13 14.48 14.20 14.41 14.72 15.39 16.05 16.42 16.51 17.64 19.18 19.76 20.00
-9999.00 -9999.00 -9999.00 -9999.00 21.48 21.40 21.30 21.18 21.11 21.02 20.96 20.93 20.84 20.66 20.59 20.48 20.33 20.18 20.04 19.87 19.79 19.53 19.31 19.07 19.32 19.17 18.84 18.18 17.70 17.32 16.91 16.53 16.37 16.19 16.42 15.40 14.97 14.58 14.62 15.45 15.54 14.57 14.30 13.79 13.76 13.62 13.50 13.30 14.05 14.16 14.53 16.08 16.57 15.08 14.14 14.02 14.05 14.71 16.56 14.29 14.33 14.35 14.42 14.87 15.10 15.86 16.65 17.45 18.27 19.56 19.85
-9999.00 -9999.00 -9999.00 -9999.00 21.47 21.39 21.25 21.14 21.06 21.00 20.90 20.81 20.78 20.71 20.58 20.48 20.43 20.25 20.08 19.92 19.68 19.51 19.37 19.19 18.91 18.67 18.29 18.65 18.68 17.88 17.46 16.80 16.23 15.92 15.52 15.70 15.37 14.45 14.44 14.77 14.61 14.72 13.90 13.53 13.42 13.92 13.16 13.07 13.62 13.52 14.43 15.40 16.72 15.18 13.76 13.64 13.68 14.40 15.95 14.36 14.04 14.02 14.22 15.16 15.10 15.69 17.43 18.79 19.65 19.79 19.27
-9999.00 -9999.00 -9999.00 -9999.00 21.47 21.39 21.25 21.10 20.97 20.93 20.85 20.76 20.69 20.64 20.55 20.41 20.31 20.19 20.00 19.88 19.62 19.44 19.16 18.97 18.78 18.53 18.32 17.85 17.55 17.64 17.86 18.12 17.95 17.30 16.66 15.83 15.59 14.94 14.54 14.05 14.60 14.17 14.13 13.32 13.09 13.03 13.08 12.91 13.31 13.11 14.27 15.54 16.60 14.95 13.67 13.55 13.50 13.69 14.50 14.00 13.99 13.80 15.17 17.39 16.47 16.81 18.16 19.47 19.10 18.86 18.24
-9999.00 -9999.00 -9999.00 21.49 21.46 21.37 21.16 21.03 20.96 20.80 20.80 20.71 20.62 20.58 20.48 20.40 20.27 20.13 19.94 19.74 19.60 19.35 19.05 18.78 18.53 18.41 18.32 18.10 17.56 17.09 16.88 16.40 16.53 16.60 16.80 17.37 16.70 16.76 16.21 15.15 13.75 13.72 14.24 13.50 12.84 12.76 13.38 12.79 12.50 12.55 13.36 14.77 16.49 14.72 13.23 13.13 13.09 13.90 14.07 13.45 13.72 13.92 15.26 17.28 18.21 18.78 19.10 19.04 17.69 16.97 16.89
-9999.00 -9999.00 -9999.00 21.49 21.44 21.34 21.22 21.06 20.89 20.80 20.70 20.69 20.58 20.48 20.43 20.35 20.23 20.07 19.89 19.64 19.46 19.28 19.01 18.63 18.43 18.23 18.10 17.62 17.74 16.96 16.67 16.34 15.86 15.52 15.31 16.65 16.67 14.83 14.79 15.40 14.19 13.48 13.31 13.69 13.34 12.48 12.50 12.52 12.22 12.48 13.83 15.78 15.17 14.29 13.03 12.78 12.98 13.39 13.75 12.88 14.09 15.70 17.24 17.99 18.48 17.52 18.63 19.21 17.39 16.05 16.27
-9999.00 -9999.00 21.48 21.45 21.42 21.33 21.23 21.11 20.94 20.79 20.69 20.63 20.55 20.47 20.38 20.29 20.16 20.00 19.80 19.57 19.41 19.13 18.95 18.82 18.57 18.23 17.84 17.51 17.17 16.99 16.87 16.68 15.93 15.46 15.01 14.79 15.75 15.82 13.94 14.16 14.86 13.39 13.12 13.28 12.74 12.51 12.26 12.52 11.93 12.24 13.51 15.20 15.67 13.95 12.52 12.44 12.73 12.87 13.36 12.64 14.83 16.92 17.49 17.50 17.20 16.79 18.53 19.08 17.15 15.83 15.79
-9999.00 -9999.00 -9999.00 21.47 21.40 21.30 21.19 21.12 20.97 20.75 20.67 20.61 20.54 20.45 20.35 20.27 20.16 20.00 19.87 19.53 19.33 19.11 18.91 18.67 18.41 18.13 17.81 17.39 17.02 16.70 16.60 16.03 16.04 15.65 14.94 14.46 14.63 15.35 14.48 13.37 14.30 14.40 13.52 12.52 12.66 12.21 11.99 11.98 11.61 12.38 13.99 15.89 14.31 14.05 12.32 11.92 11.92 12.17 12.68 11.96 13.49 14.04 14.74 15.10 16.59 18.38 18.87 18.79 17.30 15.59 15.29
-9999.00 -9999.00 -9999.00 21.49 21.46 21.34 21.24 21.11 20.91 20.73 20.63 20.59 20.53 20.44 20.33 20.24 20.14 19.95 19.76 19.53 19.34 19.16 18.99 18.71 18.42 18.09 17.67 17.79 17.13 16.57 16.23 15.87 15.57 15.38 15.14 14.52 14.11 15.09 14.77 13.77 13.00 13.15 13.70 13.46 12.52 12.41 11.66 11.50 11.28 12.31 13.89 15.40 13.94 13.33 12.11 10.95 10.68 11.46 11.56 12.15 13.45 12.78 13.86 15.49 17.31 18.72 17.27 17.17 16.50 14.94 15.27
-9999.00 -9999.00 21.50 21.49 21.49 21.43 21.30 21.19 21.05 20.79 20.71 20.64 20.56 20.44 20.31 20.19 20.11 19.96 19.76 19.57 19.43 19.20 19.01 18.59 18.33 17.99 17.73 17.33 16.94 16.86 16.73 15.81 15.40 15.11 14.81 14.40 14.02 13.68 14.50 13.09 12.84 12.60 13.01 12.70 12.82 12.31 11.84 11.16 10.96 11.73 13.37 15.05 15.39 13.14 12.32 11.04 10.40 10.40 11.05 11.66 12.66 12.68 14.00 15.88 17.37 18.46 17.31 15.64 15.06 14.90 15.40
-9999.00 -9999.00 21.50 21.49 21.47 21.44 21.33 21.15 21.06 20.89 20.80 20.69 20.59 20.49 20.44 20.28 20.14 20.00 19.78 19.58 19.38 19.11 18.84 18.51 18.44 18.13 17.85 17.42 17.08 16.55 16.15 15.75 15.73 15.32 14.69 14.22 13.85 13.48 13.83 14.18 13.07 12.51 12.20 11.84 12.48 11.70 11.75 10.89 10.43 11.21 12.76 14.25 15.01 13.77 11.59 11.33 10.40 10.64 11.17 12.16 12.92 13.19 14.75 16.18 17.45 18.05 17.27 15.72 15.10 16.53 17.09
