maui/input/air_temperature_monthly/tminmar_250m_maui.asc
ncols        356
nrows        236
xllcorner    -156.702000000000
yllcorner    20.529750000000
cellsize     0.002250000000
NODATA_value  -99.00
[rows 128 to 159 of 236, columns 144 to 215 of 356]
15.95 15.81 15.73 15.62 15.53 15.40 15.26 15.16 15.00 14.96 14.86 14.76 14.54 14.39 14.32 14.17 14.01 13.86 13.72 13.58 13.50 13.29 13.14 13.01 12.94 12.74 12.46 12.30 11.96 11.71 11.52 11.33 11.24 11.04 10.74 10.41 10.14 9.98 9.58 9.39 9.19 8.89 8.62 8.35 8.10 7.91 7.66 7.48 7.19 6.87 6.61 6.34 5.96 5.61 5.33 5.15 4.89 4.66 4.38 3.73 3.91 4.25 4.25 4.36 4.21 4.09 4.20 4.22 4.37 4.55 4.70 4.76
15.85 15.75 15.65 15.55 15.46 15.35 15.18 15.07 14.98 14.86 14.82 14.64 14.48 14.35 14.15 14.00 13.90 13.77 13.61 13.43 13.32 13.21 13.06 12.82 12.67 12.45 12.51 12.08 11.92 11.73 11.48 11.30 11.14 10.93 10.75 10.40 9.99 9.72 9.54 9.46 9.18 8.84 8.49 8.21 7.95 7.73 7.52 7.28 7.12 6.83 6.57 6.18 5.74 5.45 5.08 4.87 4.68 4.39 4.13 4.01 3.95 4.01 4.10 3.99 3.89 3.82 3.83 4.01 4.11 4.19 4.36 4.42
15.80 15.75 15.65 15.52 15.39 15.27 15.19 15.04 14.91 14.80 14.62 14.52 14.46 14.21 14.10 13.95 13.87 13.64 13.44 13.32 13.17 13.04 12.92 12.80 12.53 12.40 12.17 12.09 11.89 11.59 11.39 11.17 10.98 10.80 10.52 10.21 9.91 9.65 9.43 9.19 9.00 8.72 8.39 8.18 7.82 7.56 7.32 7.11 6.82 6.60 6.33 5.98 5.66 5.21 4.97 4.69 4.48 4.21 3.95 3.86 3.88 3.86 3.89 3.82 3.65 3.60 3.66 3.73 3.75 3.91 4.16 5.28
15.78 15.69 15.59 15.46 15.38 15.31 15.19 14.99 14.87 14.73 14.54 14.38 14.22 14.13 14.04 13.90 13.72 13.61 13.39 13.23 13.01 12.93 12.84 12.60 12.41 12.25 11.99 11.92 11.86 11.52 11.28 11.03 10.81 10.63 10.39 10.03 9.78 9.54 9.26 8.97 8.74 8.60 8.27 7.89 7.73 7.51 7.16 6.95 6.67 6.36 6.12 5.82 5.50 5.13 4.85 4.59 4.37 4.11 3.86 3.76 3.74 3.68 3.68 3.55 3.44 3.51 3.41 3.44 3.57 3.54 4.74 6.32
15.76 15.63 15.49 15.47 15.38 15.23 15.11 14.92 14.81 14.69 14.48 14.36 14.22 14.04 13.94 13.84 13.81 13.50 13.34 13.14 12.92 12.79 12.63 12.45 12.26 12.32 11.82 11.72 11.57 11.42 11.21 10.86 10.67 10.45 10.16 9.98 9.68 9.43 9.07 8.70 8.51 8.33 8.08 7.94 7.57 7.28 7.01 6.78 6.42 6.17 5.86 5.62 5.33 4.98 4.69 4.45 4.18 3.99 3.71 3.52 3.58 3.44 3.36 3.32 3.26 3.27 3.23 3.22 3.26 3.17 4.45 5.47
15.72 15.57 15.46 15.39 15.31 15.17 15.03 14.84 14.72 14.62 14.47 14.25 14.12 13.95 13.83 13.67 13.52 13.49 13.23 13.07 12.83 12.65 12.49 12.33 12.13 11.94 11.71 11.71 11.47 11.24 10.99 10.73 10.61 10.43 10.13 9.84 9.59 9.30 8.97 8.55 8.22 8.01 7.81 7.56 7.42 7.14 6.80 6.52 6.25 6.01 5.69 5.51 5.17 4.88 4.59 4.31 4.08 3.74 3.51 3.33 3.30 3.30 3.22 3.19 3.18 3.12 3.13 3.06 3.07 3.20 4.40 4.01
15.71 15.54 15.44 15.34 15.25 15.10 14.90 14.75 14.63 14.51 14.38 14.16 13.97 13.80 13.69 13.53 13.43 13.28 13.23 12.97 12.77 12.58 12.40 12.22 12.00 11.80 11.60 11.44 11.32 11.23 10.84 10.61 10.48 10.34 10.04 9.84 9.46 9.22 8.84 8.48 8.19 7.84 7.47 7.28 7.06 6.89 6.66 6.32 5.99 5.76 5.61 5.39 5.07 4.75 4.30 4.01 3.70 3.57 3.35 3.25 3.17 3.14 3.08 3.10 3.00 3.01 2.95 2.90 2.84 2.88 3.18 3.20
15.70 15.60 15.48 15.31 15.24 15.17 15.01 14.82 14.65 14.50 14.26 14.14 13.91 13.69 13.65 13.51 13.34 13.15 12.96 12.92 12.72 12.53 12.31 12.16 11.93 11.70 11.51 11.32 11.16 11.01 10.79 10.51 10.38 10.20 9.98 9.75 9.56 9.16 8.73 8.43 8.15 7.85 7.44 7.08 6.79 6.56 6.45 6.14 5.79 5.54 5.37 5.15 4.86 4.63 4.34 3.80 3.35 3.24 3.25 3.11 3.04 3.02 2.89 2.93 2.85 2.83 2.79 2.74 2.69 2.71 2.77 2.92
15.60 15.50 15.41 15.33 15.18 15.10 14.99 14.82 14.62 14.44 14.21 14.04 13.86 13.70 13.58 13.46 13.25 13.13 12.87 12.73 12.69 12.48 12.27 12.01 11.82 11.64 11.46 11.24 11.06 10.88 10.61 10.45 10.31 10.19 9.91 9.66 9.30 9.10 8.71 8.38 8.01 7.70 7.40 7.12 6.76 6.40 6.26 5.91 5.51 5.27 5.07 4.92 4.61 4.31 4.02 3.77 3.42 3.25 3.14 2.99 2.88 2.86 2.74 2.73 2.68 2.63 2.60 2.60 2.56 2.58 2.81 3.33
15.58 15.47 15.36 15.28 15.16 15.07 14.87 14.74 14.58 14.46 14.27 14.02 13.83 13.64 13.48 13.37 13.12 12.96 12.74 12.57 12.50 12.39 12.25 12.05 11.80 11.56 11.37 11.16 10.99 10.73 10.52 10.33 10.17 10.01 9.88 9.59 9.32 8.82 8.56 8.26 8.01 7.62 7.19 6.94 6.57 6.25 5.94 5.64 5.17 5.00 4.81 4.67 4.41 3.94 3.66 3.40 3.27 3.10 2.99 2.87 2.77 2.72 2.61 2.57 2.50 2.42 2.48 2.42 2.38 2.88 3.29 3.73
15.57 15.42 15.26 15.22 15.07 14.90 14.83 14.67 14.58 14.45 14.22 13.97 13.80 13.60 13.43 13.20 13.04 12.85 12.62 12.51 12.38 12.26 12.17 11.88 11.72 11.48 11.25 11.00 10.88 10.67 10.43 10.15 9.97 9.71 9.47 9.32 9.00 8.74 8.32 8.05 7.71 7.43 7.14 6.70 6.43 6.06 5.74 5.35 4.94 4.67 4.55 4.34 4.09 3.67 3.32 3.20 3.11 2.98 2.84 2.76 2.64 2.55 2.46 2.39 2.36 2.26 2.22 2.18 2.44 2.96 3.62 4.20
15.52 15.39 15.22 15.14 15.00 14.91 14.73 14.65 14.44 14.29 14.16 13.96 13.80 13.55 13.38 13.16 12.95 12.77 12.60 12.41 12.35 12.11 11.95 11.75 11.53 11.34 11.19 10.94 10.71 10.56 10.32 10.07 9.76 9.35 9.19 9.17 8.76 8.41 8.22 7.98 7.64 7.18 6.82 6.61 6.22 5.85 5.47 5.04 4.68 4.38 4.32 3.93 3.67 3.37 3.20 3.07 2.93 2.82 2.70 2.61 2.49 2.34 2.31 2.23 2.20 2.07 1.96 2.42 2.96 3.10 3.61 4.25
15.46 15.38 15.18 15.03 14.89 14.80 14.69 14.54 14.46 14.24 14.13 13.97 13.78 13.50 13.28 13.07 12.89 12.70 12.48 12.28 12.13 12.07 11.77 11.57 11.35 11.14 11.00 10.88 10.72 10.46 10.14 9.82 9.55 9.27 9.01 8.80 8.61 8.30 7.92 7.79 7.42 7.02 6.58 6.28 5.93 5.59 5.25 4.83 4.40 4.08 3.80 3.48 3.36 3.19 3.06 2.92 2.83 2.65 2.54 2.42 2.34 2.17 1.98 2.07 1.97 1.86 1.82 2.31 2.99 3.45 3.95 4.13
15.43 15.34 15.19 15.05 14.85 14.67 14.56 14.46 14.32 14.21 14.12 13.92 13.75 13.54 13.29 13.09 12.82 12.62 12.41 12.23 12.00 11.81 11.73 11.42 11.23 11.04 10.88 10.73 10.50 10.29 9.99 9.75 9.39 9.09 8.84 8.47 8.38 8.01 7.69 7.43 7.05 6.63 6.19 5.97 5.58 5.35 4.95 4.44 4.07 3.81 3.43 3.29 3.15 3.03 2.90 2.75 2.64 2.51 2.35 2.30 2.22 2.02 1.87 1.87 1.74 1.69 1.88 2.30 2.79 3.39 3.62 3.77
15.37 15.34 15.06 14.95 14.81 14.65 14.48 14.35 14.28 14.08 13.96 13.74 13.65 13.44 13.21 13.13 12.83 12.57 12.38 12.07 11.88 11.68 11.49 11.31 11.22 11.02 10.71 10.65 10.35 10.09 9.93 9.61 9.31 9.03 8.56 8.17 7.86 7.55 7.29 6.98 6.71 6.38 6.03 5.66 5.26 4.96 4.68 4.31 3.78 3.39 3.28 3.20 3.03 2.84 2.70 2.56 2.48 2.35 2.21 2.14 2.05 1.90 1.74 1.64 1.56 1.67 2.07 2.60 2.51 2.94 3.39 3.60
15.29 15.12 15.02 14.92 14.73 14.58 14.45 14.32 14.15 14.02 13.87 13.61 13.42 13.36 13.07 12.77 12.70 12.52 12.26 12.07 11.90 11.61 11.41 11.23 10.99 10.86 10.62 10.45 10.17 9.99 9.68 9.41 9.15 8.63 8.34 7.88 7.50 7.35 6.91 6.62 6.43 6.06 5.65 5.36 5.00 4.61 4.39 4.03 3.45 3.21 3.11 3.05 2.92 2.72 2.56 2.43 2.32 2.24 2.12 1.96 1.85 1.73 1.62 1.46 1.38 1.87 2.54 2.85 3.11 3.15 3.37 3.39
15.23 15.08 14.95 14.89 14.67 14.50 14.39 14.24 14.05 13.92 13.75 13.49 13.35 13.18 13.02 12.75 12.55 12.43 12.20 12.03 11.88 11.61 11.35 11.12 10.82 10.59 10.40 10.21 10.02 9.76 9.47 9.19 8.71 8.35 8.02 7.57 7.18 6.90 6.64 6.28 6.01 5.69 5.34 4.97 4.69 4.25 3.83 3.51 3.29 3.06 2.92 2.84 2.77 2.63 2.47 2.30 2.18 2.09 1.98 1.82 1.68 1.55 1.44 1.29 1.75 2.08 2.41 2.68 3.24 3.32 3.33 3.34
15.14 15.03 14.88 14.72 14.67 14.51 14.27 14.06 14.00 13.83 13.66 13.48 13.31 13.05 12.83 12.57 12.43 12.23 12.08 11.83 11.61 11.48 11.20 10.93 10.67 10.35 10.09 9.93 9.69 9.44 9.22 8.83 8.35 8.01 7.66 7.38 6.96 6.61 6.25 5.90 5.53 5.19 4.92 4.47 4.11 3.75 3.43 3.25 3.11 2.93 2.76 2.67 2.59 2.49 2.33 2.23 2.09 2.02 1.89 1.71 1.58 1.45 1.31 1.47 1.97 2.46 2.77 3.00 3.16 3.30 3.29 3.31
15.13 15.00 14.80 14.62 14.53 14.39 14.15 14.00 13.87 13.72 13.52 13.33 13.17 12.94 12.76 12.54 12.31 12.14 11.94 11.66 11.52 11.23 11.04 10.81 10.46 10.09 9.82 9.60 9.31 9.10 8.89 8.59 8.24 7.81 7.44 7.06 6.69 6.33 5.97 5.55 5.27 4.88 4.42 4.08 3.58 3.32 3.21 3.05 2.94 2.79 2.64 2.49 2.43 2.35 2.24 2.07 1.97 1.88 1.75 1.64 1.47 1.35 1.24 1.69 1.99 2.51 2.91 3.08 3.21 3.25 3.26 3.28
15.05 14.97 14.80 14.60 14.42 14.25 14.04 13.89 13.78 13.58 13.38 13.20 13.06 12.83 12.67 12.47 12.27 12.00 11.77 11.56 11.36 11.09 10.90 10.67 10.32 10.01 9.82 9.41 9.03 8.70 8.57 8.30 7.95 7.56 7.20 6.79 6.40 6.05 5.64 5.21 4.87 4.59 4.15 3.69 3.38 3.15 2.99 2.83 2.78 2.61 2.48 2.40 2.23 2.15 2.04 1.93 1.80 1.71 1.62 1.47 1.34 1.26 1.50 1.74 2.24 2.58 2.90 3.12 3.15 3.18 3.21 3.24
14.95 14.79 14.66 14.54 14.40 14.11 13.96 13.75 13.66 13.51 13.41 13.13 12.92 12.71 12.52 12.31 12.13 11.92 11.67 11.36 11.05 10.80 10.57 10.38 10.11 9.80 9.48 9.20 8.80 8.41 8.15 7.87 7.60 7.26 6.84 6.46 6.08 5.64 5.21 4.87 4.51 4.15 3.76 3.38 3.23 3.02 2.81 2.65 2.57 2.48 2.34 2.17 2.09 1.99 1.89 1.79 1.67 1.58 1.42 1.27 1.20 1.63 2.02 2.12 2.47 2.73 2.93 3.09 3.11 3.12 3.17 3.21
14.83 14.70 14.52 14.39 14.19 14.01 13.81 13.74 13.50 13.44 13.27 13.11 12.91 12.60 12.31 12.18 11.97 11.75 11.55 11.28 11.00 10.66 10.37 10.14 9.85 9.59 9.38 8.95 8.51 8.15 7.87 7.54 7.29 6.95 6.57 6.16 5.70 5.25 4.88 4.51 4.07 3.75 3.41 3.26 3.09 2.92 2.75 2.52 2.40 2.31 2.20 2.05 1.93 1.81 1.73 1.64 1.49 1.38 1.23 1.46 1.72 1.84 2.20 2.45 2.68 2.82 2.96 2.99 2.98 3.05 3.06 3.10
14.78 14.63 14.43 14.30 14.09 13.91 13.74 13.54 13.40 13.19 13.08 12.90 12.80 12.49 12.20 12.01 11.84 11.54 11.33 11.09 10.83 10.58 10.31 9.90 9.59 9.33 8.99 8.71 8.36 7.94 7.59 7.22 6.88 6.63 6.36 5.93 5.39 4.96 4.54 4.20 3.67 3.45 3.24 3.11 2.97 2.82 2.63 2.47 2.31 2.20 2.06 1.94 1.81 1.67 1.58 1.49 1.36 1.23 1.37 1.77 2.05 2.26 2.46 2.56 2.69 2.76 2.83 2.84 2.88 2.92 2.96 3.01
14.67 14.51 14.39 14.22 14.07 13.92 13.72 13.51 13.30 13.12 12.91 12.83 12.65 12.39 12.15 11.99 11.78 11.49 11.21 11.01 10.69 10.44 10.14 9.84 9.41 8.98 8.64 8.34 8.04 7.65 7.28 6.86 6.57 6.21 6.01 5.65 5.20 4.70 4.20 3.79 3.43 3.29 3.14 2.96 2.86 2.70 2.53 2.40 2.26 2.15 2.01 1.82 1.68 1.57 1.50 1.37 1.23 1.11 1.53 1.93 2.20 2.30 2.36 2.46 2.41 2.61 2.78 2.81 2.84 2.82 2.61 2.77
14.53 14.39 14.26 14.13 13.94 13.84 13.63 13.44 13.23 13.05 12.86 12.69 12.53 12.33 12.05 11.89 11.57 11.36 11.07 10.80 10.52 10.27 9.94 9.66 9.17 8.85 8.41 7.96 7.72 7.36 6.97 6.53 6.11 5.86 5.59 5.37 4.91 4.42 3.95 3.49 3.28 3.14 3.00 2.85 2.74 2.60 2.45 2.31 2.20 2.10 1.91 1.72 1.57 1.40 1.30 1.22 1.12 1.29 1.69 2.03 2.12 2.15 2.26 2.30 2.32 2.59 2.56 2.57 2.75 2.82 2.51 2.61
14.55 14.30 14.16 14.05 13.91 13.74 13.64 13.46 13.14 12.82 12.66 12.54 12.32 12.15 11.94 11.64 11.35 11.11 10.78 10.54 10.27 10.02 9.67 9.26 8.98 8.60 8.21 7.82 7.28 6.91 6.58 6.14 5.75 5.40 5.27 4.94 4.58 4.08 3.55 3.34 3.20 3.01 2.89 2.75 2.63 2.53 2.38 2.24 2.12 2.01 1.86 1.56 1.42 1.31 1.19 1.09 1.03 1.28 1.69 1.92 1.91 1.93 2.03 2.15 2.38 2.64 2.62 2.61 2.83 2.86 2.85 2.90
14.39 14.24 14.05 13.88 13.78 13.68 13.51 13.30 13.03 12.73 12.46 12.31 12.10 11.87 11.70 11.46 11.16 10.80 10.40 10.20 9.93 9.70 9.35 9.00 8.66 8.29 7.83 7.50 7.10 6.66 6.13 5.71 5.33 5.02 4.92 4.59 4.20 3.71 3.40 3.22 3.04 2.90 2.73 2.64 2.52 2.44 2.30 2.16 2.04 1.90 1.74 1.55 1.35 1.21 1.11 1.03 0.97 1.14 1.53 1.71 1.61 1.69 1.85 2.08 2.35 2.55 2.64 2.71 2.82 2.88 2.92 2.95
14.26 14.07 13.93 13.79 13.65 13.52 13.35 13.22 13.00 12.70 12.45 12.20 11.89 11.71 11.49 11.19 10.91 10.55 10.21 9.90 9.58 9.28 9.07 8.68 8.34 7.97 7.48 7.09 6.60 6.30 5.87 5.38 5.05 4.66 4.41 4.19 3.88 3.47 3.24 3.10 2.92 2.79 2.64 2.52 2.41 2.31 2.18 2.04 1.90 1.73 1.59 1.42 1.23 1.06 0.99 0.84 0.90 1.10 1.36 1.44 1.46 1.61 1.75 1.99 2.08 2.30 2.51 2.61 2.71 2.66 2.68 2.94
14.21 14.00 13.77 13.57 13.45 13.32 13.10 13.00 12.88 12.69 12.36 12.03 11.79 11.52 11.30 11.05 10.71 10.39 10.01 9.58 9.27 8.89 8.62 8.38 8.05 7.54 7.12 6.68 6.25 5.83 5.39 4.95 4.64 4.36 4.00 3.77 3.53 3.37 3.17 2.96 2.80 2.69 2.54 2.39 2.24 2.15 2.04 1.88 1.66 1.49 1.37 1.26 1.04 0.86 0.85 0.86 0.84 1.00 1.19 1.26 1.34 1.47 1.73 1.94 2.14 2.36 2.44 2.51 2.53 2.57 2.67 2.97
14.13 13.91 13.61 13.46 13.28 13.10 12.94 12.73 12.68 12.47 12.30 11.99 11.66 11.37 10.96 10.75 10.51 10.12 9.73 9.35 8.98 8.55 8.19 7.94 7.59 7.27 6.82 6.35 5.89 5.47 5.07 4.67 4.17 3.91 3.60 3.46 3.34 3.22 3.08 2.87 2.70 2.56 2.39 2.22 2.03 1.92 1.83 1.60 1.43 1.25 1.13 1.11 0.98 0.87 0.94 1.00 0.99 0.97 1.01 1.02 1.11 1.51 1.82 2.12 2.30 2.36 2.44 2.44 2.47 2.52 2.69 2.89
14.01 13.76 13.53 13.37 13.15 12.93 12.74 12.56 12.42 12.29 12.19 11.94 11.54 11.16 10.79 10.46 10.15 9.87 9.44 9.05 8.67 8.20 7.85 7.55 7.29 6.99 6.53 6.08 5.56 5.17 4.75 4.31 3.92 3.58 3.39 3.27 3.16 3.03 2.97 2.79 2.60 2.44 2.24 2.05 1.82 1.68 1.61 1.48 1.27 1.15 1.05 1.17 1.19 1.18 1.19 1.21 1.18 1.16 1.18 1.17 1.16 1.35 1.70 1.95 2.09 2.19 2.33 2.21 2.29 2.27 2.45 2.60
13.90 13.65 13.47 13.26 13.06 12.83 12.65 12.43 12.25 12.10 11.95 11.81 11.45 11.03 10.61 10.24 9.85 9.55 9.17 8.78 8.32 7.94 7.54 7.22 6.95 6.73 6.33 5.90 5.39 4.90 4.44 4.11 3.72 3.43 3.29 3.18 3.02 2.86 2.75 2.65 2.42 2.24 2.08 1.87 1.62 1.55 1.45 1.31 1.43 1.31 1.34 1.40 1.47 1.47 1.44 1.45 1.41 1.39 1.35 1.32 1.33 1.39 1.38 1.53 1.64 1.80 1.94 1.83 1.81 1.91 2.03 2.24
