maui/input/air_temperature_monthly/tminjun_250m_maui.asc
ncols        356
nrows        236
xllcorner    -156.702000000000
yllcorner    20.529750000000
cellsize     0.002250000000
NODATA_value  -99.00
[rows 128 to 159 of 236, columns 142 to 212 of 356]
18.60 18.53 18.46 18.33 18.24 18.13 18.04 17.91 17.77 17.68 17.52 17.48 17.38 17.28 17.07 16.92 16.85 16.69 16.54 16.39 16.25 16.10 16.03 15.82 15.67 15.53 15.45 15.25 14.97 14.81 14.47 14.21 14.01 13.82 13.72 13.52 13.23 12.90 12.64 12.49 12.10 11.92 11.73 11.45 11.19 10.93 10.69 10.51 10.27 10.10 9.83 9.52 9.26 9.00 8.62 8.27 7.99 7.82 7.56 7.32 7.05 6.39 6.55 6.87 6.86 6.94 6.78 6.63 6.71 6.70 6.84
18.56 18.46 18.36 18.26 18.16 18.06 17.97 17.86 17.69 17.59 17.50 17.38 17.34 17.16 17.00 16.88 16.68 16.53 16.43 16.30 16.14 15.95 15.84 15.73 15.57 15.33 15.18 14.96 15.01 14.58 14.41 14.22 13.96 13.78 13.62 13.42 13.23 12.90 12.49 12.23 12.06 11.99 11.72 11.40 11.06 10.79 10.54 10.34 10.13 9.90 9.76 9.48 9.22 8.84 8.40 8.11 7.74 7.53 7.35 7.05 6.79 6.67 6.60 6.64 6.72 6.59 6.48 6.38 6.36 6.52 6.61
18.48 18.42 18.31 18.26 18.16 18.03 17.91 17.79 17.71 17.56 17.43 17.32 17.14 17.04 16.98 16.74 16.63 16.48 16.39 16.17 15.97 15.84 15.69 15.55 15.43 15.31 15.04 14.90 14.67 14.59 14.38 14.07 13.87 13.65 13.46 13.28 13.00 12.70 12.41 12.16 11.95 11.72 11.54 11.28 10.96 10.76 10.41 10.16 9.94 9.73 9.45 9.25 8.98 8.64 8.32 7.87 7.64 7.36 7.15 6.88 6.62 6.52 6.53 6.50 6.51 6.44 6.25 6.19 6.22 6.27 6.28
18.45 18.36 18.29 18.19 18.10 17.97 17.89 17.82 17.70 17.51 17.38 17.25 17.06 16.91 16.75 16.66 16.57 16.42 16.25 16.13 15.91 15.75 15.52 15.43 15.34 15.10 14.91 14.74 14.49 14.41 14.35 14.00 13.76 13.51 13.29 13.11 12.88 12.52 12.27 12.05 11.78 11.50 11.28 11.16 10.84 10.47 10.32 10.11 9.77 9.57 9.30 9.00 8.77 8.47 8.16 7.80 7.51 7.26 7.03 6.78 6.53 6.42 6.39 6.33 6.32 6.17 6.05 6.11 5.99 6.00 6.12
18.46 18.35 18.26 18.13 18.00 17.97 17.88 17.74 17.63 17.43 17.32 17.21 17.00 16.88 16.74 16.56 16.46 16.36 16.32 16.01 15.85 15.65 15.42 15.29 15.13 14.95 14.76 14.81 14.31 14.20 14.05 13.89 13.68 13.33 13.14 12.93 12.64 12.47 12.18 11.94 11.59 11.23 11.05 10.88 10.65 10.52 10.17 9.89 9.62 9.40 9.05 8.81 8.51 8.27 7.99 7.64 7.35 7.12 6.85 6.66 6.38 6.19 6.23 6.09 6.00 5.95 5.90 5.89 5.84 5.82 5.83
18.45 18.33 18.23 18.07 17.97 17.89 17.82 17.68 17.54 17.35 17.23 17.13 16.99 16.77 16.64 16.47 16.35 16.18 16.04 16.00 15.74 15.57 15.33 15.15 14.99 14.83 14.63 14.43 14.19 14.19 13.94 13.71 13.46 13.20 13.09 12.90 12.61 12.32 12.08 11.80 11.49 11.09 10.76 10.57 10.38 10.14 10.01 9.74 9.41 9.14 8.88 8.65 8.33 8.16 7.83 7.54 7.26 6.99 6.75 6.42 6.18 6.00 5.97 5.95 5.88 5.86 5.84 5.78 5.77 5.70 5.70
18.43 18.28 18.21 18.05 17.95 17.84 17.76 17.61 17.41 17.26 17.14 17.03 16.89 16.67 16.48 16.31 16.21 16.04 15.94 15.79 15.73 15.47 15.26 15.07 14.89 14.71 14.49 14.28 14.07 13.92 13.79 13.69 13.30 13.08 12.95 12.82 12.52 12.33 11.96 11.73 11.36 11.01 10.74 10.40 10.05 9.86 9.65 9.49 9.28 8.94 8.62 8.40 8.25 8.04 7.73 7.42 6.97 6.69 6.38 6.25 6.03 5.93 5.86 5.83 5.77 5.78 5.70 5.69 5.64 5.58 5.52
18.36 18.23 18.21 18.10 17.98 17.82 17.74 17.68 17.51 17.33 17.16 17.01 16.77 16.65 16.42 16.20 16.16 16.02 15.84 15.65 15.46 15.41 15.21 15.02 14.80 14.65 14.41 14.17 13.98 13.79 13.63 13.47 13.26 12.98 12.85 12.68 12.46 12.24 12.05 11.67 11.24 10.96 10.70 10.40 10.01 9.67 9.38 9.17 9.07 8.76 8.42 8.18 8.02 7.80 7.52 7.30 7.01 6.47 6.04 5.95 5.95 5.82 5.76 5.73 5.62 5.65 5.57 5.55 5.51 5.46 5.42
18.26 18.21 18.10 18.00 17.91 17.84 17.69 17.61 17.49 17.33 17.12 16.94 16.71 16.55 16.37 16.20 16.08 15.96 15.75 15.62 15.36 15.22 15.17 14.96 14.76 14.49 14.30 14.11 13.93 13.71 13.52 13.34 13.07 12.92 12.79 12.66 12.39 12.15 11.80 11.61 11.23 10.91 10.55 10.25 9.97 9.70 9.35 9.01 8.88 8.54 8.14 7.92 7.72 7.57 7.27 6.97 6.69 6.44 6.10 5.95 5.86 5.72 5.63 5.60 5.50 5.49 5.43 5.39 5.36 5.36 5.33
18.20 18.15 18.08 17.97 17.86 17.79 17.66 17.57 17.37 17.25 17.08 16.97 16.78 16.52 16.33 16.13 15.98 15.86 15.61 15.45 15.23 15.06 14.98 14.87 14.73 14.52 14.27 14.03 13.83 13.63 13.45 13.19 12.98 12.80 12.65 12.48 12.36 12.08 11.82 11.33 11.08 10.79 10.56 10.18 9.76 9.53 9.17 8.85 8.56 8.27 7.81 7.65 7.46 7.33 7.08 6.61 6.34 6.08 5.97 5.83 5.73 5.63 5.54 5.49 5.40 5.36 5.30 5.22 5.26 5.21 5.18
18.26 18.11 18.07 17.92 17.77 17.72 17.57 17.40 17.34 17.17 17.08 16.95 16.72 16.47 16.29 16.09 15.92 15.69 15.53 15.34 15.10 14.98 14.86 14.74 14.63 14.35 14.18 13.94 13.71 13.46 13.34 13.14 12.89 12.62 12.45 12.20 11.96 11.81 11.50 11.25 10.85 10.59 10.26 9.99 9.71 9.29 9.03 8.68 8.36 7.98 7.59 7.32 7.20 7.01 6.76 6.35 6.01 5.92 5.84 5.73 5.61 5.54 5.44 5.35 5.27 5.22 5.18 5.10 5.06 5.03 5.24
18.22 18.09 18.02 17.89 17.72 17.64 17.50 17.41 17.23 17.14 16.94 16.79 16.66 16.45 16.29 16.04 15.87 15.65 15.44 15.25 15.07 14.88 14.82 14.57 14.41 14.21 14.00 13.80 13.65 13.40 13.18 13.03 12.80 12.54 12.24 11.83 11.68 11.67 11.27 10.93 10.75 10.53 10.19 9.75 9.40 9.21 8.83 8.46 8.09 7.68 7.33 7.04 6.99 6.60 6.35 6.06 5.92 5.81 5.69 5.60 5.49 5.42 5.32 5.19 5.16 5.09 5.06 4.95 4.86 5.24 5.69
18.24 18.05 17.96 17.88 17.68 17.53 17.39 17.30 17.19 17.03 16.95 16.73 16.62 16.45 16.26 15.98 15.76 15.55 15.37 15.18 14.95 14.75 14.60 14.53 14.23 14.03 13.81 13.60 13.46 13.34 13.19 12.93 12.61 12.30 12.03 11.77 11.51 11.31 11.13 10.83 10.46 10.34 9.99 9.59 9.17 8.88 8.55 8.21 7.89 7.48 7.05 6.75 6.47 6.16 6.06 5.92 5.81 5.69 5.62 5.46 5.37 5.26 5.20 5.05 4.89 4.96 4.88 4.78 4.75 5.15 5.72
18.13 18.00 17.93 17.84 17.68 17.54 17.34 17.17 17.06 16.95 16.81 16.69 16.60 16.41 16.23 16.02 15.77 15.57 15.30 15.10 14.88 14.70 14.47 14.27 14.19 13.88 13.69 13.51 13.34 13.19 12.97 12.76 12.47 12.23 11.89 11.59 11.35 10.99 10.91 10.54 10.25 9.99 9.62 9.22 8.79 8.58 8.20 7.98 7.60 7.10 6.74 6.49 6.13 6.01 5.90 5.80 5.69 5.56 5.47 5.36 5.22 5.18 5.11 4.93 4.81 4.81 4.70 4.66 4.81 5.16 5.57
18.03 17.96 17.86 17.83 17.55 17.44 17.31 17.14 16.97 16.84 16.76 16.56 16.44 16.22 16.13 15.92 15.68 15.61 15.31 15.05 14.85 14.53 14.34 14.14 13.95 13.77 13.68 13.48 13.17 13.12 12.82 12.57 12.41 12.10 11.81 11.54 11.08 10.70 10.40 10.10 9.85 9.55 9.30 8.98 8.65 8.29 7.91 7.61 7.35 6.98 6.47 6.10 6.01 5.94 5.81 5.65 5.53 5.41 5.35 5.24 5.12 5.06 4.98 4.85 4.71 4.63 4.57 4.66 4.98 5.43 5.36
17.98 17.89 17.79 17.62 17.51 17.41 17.23 17.07 16.94 16.81 16.64 16.50 16.35 16.09 15.90 15.84 15.54 15.24 15.17 14.99 14.72 14.52 14.35 14.07 13.88 13.69 13.46 13.33 13.09 12.92 12.65 12.47 12.17 11.90 11.65 11.15 10.86 10.42 10.05 9.91 9.48 9.21 9.04 8.68 8.28 8.01 7.66 7.29 7.07 6.72 6.15 5.95 5.87 5.83 5.72 5.56 5.42 5.32 5.22 5.16 5.06 4.93 4.83 4.73 4.63 4.50 4.43 4.85 5.40 5.66 5.88
17.90 17.82 17.72 17.57 17.44 17.38 17.16 16.99 16.88 16.72 16.53 16.40 16.22 15.96 15.82 15.65 15.49 15.21 15.01 14.88 14.66 14.48 14.33 14.07 13.81 13.58 13.28 13.06 12.87 12.69 12.50 12.25 11.97 11.69 11.23 10.88 10.56 10.12 9.74 9.48 9.24 8.89 8.63 8.33 7.99 7.64 7.37 6.94 6.53 6.22 6.02 5.84 5.72 5.66 5.61 5.49 5.36 5.22 5.12 5.05 4.95 4.81 4.69 4.59 4.50 4.38 4.76 5.04 5.31 5.54 6.00
17.88 17.74 17.63 17.52 17.37 17.21 17.16 16.99 16.75 16.54 16.48 16.31 16.14 15.95 15.78 15.52 15.29 15.03 14.89 14.68 14.53 14.28 14.07 13.93 13.66 13.40 13.15 12.83 12.57 12.41 12.18 11.94 11.72 11.34 10.88 10.55 10.21 9.94 9.54 9.21 8.86 8.52 8.17 7.84 7.58 7.15 6.80 6.45 6.14 5.99 5.88 5.73 5.60 5.52 5.46 5.38 5.25 5.16 5.05 4.99 4.88 4.73 4.62 4.51 4.40 4.53 4.96 5.37 5.63 5.82 5.95
17.85 17.70 17.62 17.48 17.29 17.11 17.01 16.87 16.63 16.48 16.34 16.19 15.99 15.79 15.63 15.39 15.22 15.00 14.77 14.59 14.40 14.12 13.97 13.69 13.51 13.28 12.94 12.57 12.31 12.09 11.81 11.60 11.41 11.11 10.78 10.36 10.00 9.65 9.28 8.94 8.60 8.19 7.92 7.54 7.10 6.76 6.28 6.05 5.96 5.84 5.74 5.62 5.50 5.38 5.33 5.27 5.18 5.04 4.95 4.88 4.78 4.68 4.54 4.43 4.34 4.72 4.98 5.41 5.75 5.89 6.00
17.77 17.65 17.54 17.46 17.29 17.09 16.90 16.73 16.52 16.37 16.25 16.05 15.85 15.67 15.52 15.28 15.12 14.92 14.72 14.45 14.22 14.01 13.82 13.55 13.36 13.14 12.79 12.50 12.30 11.91 11.53 11.21 11.09 10.84 10.50 10.12 9.78 9.38 9.01 8.67 8.28 7.86 7.53 7.26 6.83 6.38 6.10 5.92 5.79 5.66 5.61 5.48 5.37 5.30 5.17 5.11 5.02 4.92 4.81 4.74 4.67 4.54 4.43 4.36 4.57 4.77 5.19 5.47 5.74 5.93 5.96
17.68 17.54 17.44 17.28 17.14 17.02 16.88 16.59 16.44 16.22 16.13 15.98 15.87 15.59 15.37 15.15 14.96 14.75 14.58 14.37 14.12 13.81 13.51 13.26 13.04 12.86 12.59 12.29 11.98 11.70 11.31 10.93 10.68 10.42 10.16 9.84 9.43 9.07 8.70 8.27 7.86 7.53 7.18 6.83 6.45 6.09 5.97 5.81 5.64 5.51 5.44 5.37 5.25 5.12 5.05 4.97 4.89 4.81 4.71 4.63 4.50 4.38 4.32 4.68 5.00 5.09 5.38 5.60 5.77 5.91 5.92
17.63 17.47 17.32 17.18 17.00 16.87 16.67 16.48 16.28 16.20 15.96 15.90 15.72 15.56 15.35 15.05 14.75 14.63 14.41 14.20 14.00 13.74 13.46 13.12 12.84 12.61 12.34 12.09 11.88 11.46 11.03 10.68 10.41 10.10 9.87 9.54 9.17 8.78 8.33 7.89 7.53 7.18 6.75 6.44 6.12 6.00 5.86 5.72 5.59 5.40 5.30 5.23 5.14 5.02 4.92 4.82 4.75 4.68 4.56 4.47 4.34 4.54 4.76 4.86 5.16 5.37 5.56 5.68 5.80 5.82 5.82
17.55 17.42 17.26 17.11 16.91 16.77 16.56 16.38 16.20 16.00 15.86 15.64 15.53 15.33 15.24 14.93 14.64 14.46 14.29 13.98 13.78 13.55 13.29 13.05 12.78 12.38 12.08 11.83 11.50 11.23 10.88 10.48 10.15 9.79 9.47 9.23 8.97 8.55 8.03 7.61 7.20 6.87 6.36 6.15 5.98 5.87 5.76 5.64 5.49 5.35 5.23 5.14 5.02 4.92 4.82 4.71 4.63 4.55 4.45 4.34 4.46 4.80 5.03 5.21 5.37 5.46 5.57 5.63 5.69 5.70 5.73
17.48 17.29 17.15 16.99 16.87 16.70 16.54 16.39 16.17 15.96 15.74 15.56 15.35 15.27 15.08 14.83 14.59 14.42 14.23 13.93 13.66 13.47 13.15 12.91 12.62 12.33 11.90 11.49 11.15 10.87 10.58 10.21 9.85 9.45 9.17 8.82 8.64 8.29 7.85 7.36 6.87 6.47 6.14 6.02 5.90 5.75 5.67 5.54 5.40 5.29 5.18 5.10 4.98 4.82 4.71 4.62 4.56 4.45 4.34 4.24 4.59 4.93 5.16 5.24 5.29 5.38 5.33 5.50 5.65 5.67 5.70
17.41 17.22 17.02 16.87 16.73 16.60 16.41 16.30 16.07 15.88 15.66 15.49 15.30 15.12 14.96 14.76 14.49 14.33 14.02 13.81 13.52 13.25 12.99 12.74 12.42 12.15 11.67 11.36 10.93 10.50 10.27 9.93 9.55 9.13 8.72 8.49 8.22 8.01 7.57 7.09 6.62 6.18 6.01 5.90 5.79 5.66 5.57 5.46 5.34 5.23 5.14 5.05 4.89 4.74 4.62 4.47 4.40 4.33 4.25 4.39 4.73 5.01 5.09 5.12 5.21 5.24 5.26 5.48 5.46 5.46 5.62
17.38 17.18 17.03 16.78 16.63 16.51 16.36 16.19 16.08 15.89 15.57 15.25 15.08 14.97 14.75 14.58 14.37 14.08 13.79 13.56 13.24 13.00 12.74 12.49 12.15 11.75 11.49 11.11 10.74 10.36 9.84 9.49 9.17 8.75 8.37 8.04 7.91 7.59 7.24 6.75 6.24 6.05 5.94 5.79 5.69 5.58 5.48 5.40 5.28 5.16 5.07 4.98 4.85 4.60 4.49 4.39 4.30 4.22 4.17 4.38 4.72 4.92 4.91 4.92 5.01 5.11 5.31 5.53 5.51 5.50 5.69
17.24 17.09 16.86 16.71 16.52 16.34 16.22 16.12 15.94 15.73 15.45 15.15 14.88 14.73 14.53 14.29 14.13 13.90 13.61 13.25 12.86 12.67 12.40 12.18 11.84 11.50 11.17 10.81 10.36 10.05 9.67 9.25 8.73 8.32 7.95 7.66 7.57 7.25 6.87 6.39 6.10 5.95 5.81 5.70 5.56 5.48 5.39 5.32 5.21 5.10 5.00 4.88 4.75 4.59 4.43 4.31 4.23 4.17 4.11 4.26 4.59 4.74 4.66 4.73 4.86 5.05 5.28 5.45 5.53 5.58 5.68
17.15 16.97 16.73 16.54 16.39 16.23 16.08 15.95 15.78 15.63 15.42 15.12 14.86 14.62 14.31 14.13 13.92 13.63 13.35 13.00 12.67 12.37 12.06 11.76 11.56 11.19 10.85 10.49 10.01 9.65 9.18 8.90 8.48 8.00 7.68 7.30 7.07 6.86 6.56 6.15 5.97 5.86 5.71 5.60 5.48 5.39 5.29 5.21 5.11 4.99 4.88 4.73 4.62 4.48 4.33 4.19 4.12 4.00 4.06 4.23 4.45 4.51 4.53 4.65 4.77 4.97 5.05 5.23 5.42 5.50 5.58
17.08 16.89 16.67 16.46 16.21 16.00 15.87 15.74 15.52 15.41 15.29 15.10 14.78 14.45 14.21 13.94 13.73 13.48 13.15 12.84 12.47 12.05 11.75 11.38 11.12 10.88 10.56 10.07 9.66 9.25 8.84 8.44 8.01 7.58 7.28 7.02 6.66 6.44 6.21 6.07 5.91 5.74 5.61 5.52 5.40 5.27 5.15 5.08 4.99 4.86 4.67 4.53 4.44 4.35 4.17 4.01 4.01 4.02 4.01 4.14 4.29 4.35 4.42 4.54 4.76 4.93 5.10 5.28 5.35 5.41 5.43
16.96 16.79 16.58 16.36 16.05 15.89 15.70 15.51 15.35 15.14 15.08 14.87 14.71 14.40 14.08 13.79 13.38 13.18 12.95 12.57 12.20 11.82 11.46 11.04 10.69 10.45 10.11 9.80 9.37 8.92 8.48 8.08 7.69 7.30 6.82 6.57 6.27 6.14 6.05 5.95 5.83 5.66 5.52 5.41 5.27 5.13 4.97 4.88 4.81 4.62 4.48 4.33 4.23 4.22 4.11 4.02 4.08 4.13 4.12 4.11 4.14 4.15 4.23 4.57 4.83 5.08 5.23 5.28 5.35 5.35 5.37
16.80 16.64 16.45 16.20 15.96 15.79 15.56 15.34 15.15 14.97 14.83 14.70 14.59 14.34 13.95 13.58 13.21 12.89 12.59 12.32 11.90 11.52 11.15 10.70 10.36 10.07 9.82 9.53 9.09 8.66 8.16 7.79 7.38 6.95 6.58 6.25 6.08 5.98 5.89 5.79 5.74 5.60 5.44 5.30 5.14 4.98 4.79 4.68 4.62 4.52 4.34 4.24 4.16 4.27 4.29 4.27 4.29 4.31 4.28 4.27 4.28 4.28 4.27 4.43 4.72 4.93 5.05 5.14 5.26 5.15 5.22
16.64 16.47 16.33 16.08 15.89 15.67 15.46 15.23 15.04 14.83 14.65 14.50 14.35 14.21 13.86 13.44 13.03 12.67 12.29 12.00 11.63 11.26 10.81 10.44 10.05 9.74 9.48 9.28 8.89 8.48 7.99 7.52 7.07 6.75 6.37 6.11 5.99 5.91 5.78 5.65 5.56 5.48 5.29 5.14 5.00 4.83 4.63 4.57 4.48 4.36 4.47 4.38 4.40 4.45 4.51 4.52 4.50 4.50 4.47 4.46 4.42 4.40 4.41 4.46 4.45 4.58 4.67 4.80 4.93 4.83 4.82
