maui/input/air_temperature_monthly/tminsep_250m_maui.asc
ncols        356
nrows        236
xllcorner    -156.702000000000
yllcorner    20.529750000000
cellsize     0.002250000000
NODATA_value  -99.00
[rows 128 to 159 of 236, columns 213 to 283 of 356]
7.20 7.32 7.36 7.47 7.61 7.91 9.02 9.64 9.96 10.04 10.19 10.16 10.25 10.38 10.46 10.47 10.23 10.36 10.40 10.55 10.81 11.04 11.04 11.08 11.19 11.31 11.48 11.60 11.67 11.77 11.92 12.09 12.15 12.32 12.45 12.43 12.35 12.36 12.36 12.40 12.27 12.11 12.06 12.05 12.07 12.12 12.09 12.11 12.13 12.51 13.42 13.46 12.90 12.64 12.73 12.83 12.77 12.87 12.98 13.04 13.08 13.22 13.43 13.67 13.85 14.10 14.15 14.30 14.48 14.62 14.73
6.86 7.02 7.06 8.02 8.73 9.08 9.21 9.39 9.50 9.71 9.79 9.73 9.84 9.91 9.92 9.95 10.02 10.06 10.22 10.43 10.64 10.79 10.88 10.88 11.06 11.12 11.31 11.34 11.53 11.64 11.83 11.91 11.97 12.10 12.46 12.28 12.15 12.15 12.10 12.18 12.11 11.94 11.89 11.89 11.93 11.92 11.92 11.91 12.05 13.14 13.25 13.13 12.51 12.33 12.39 12.47 12.46 12.52 12.66 12.66 12.71 12.80 12.98 13.19 13.44 13.53 13.68 13.84 13.98 14.14 14.21
6.60 6.85 7.97 9.18 9.14 9.13 9.17 9.20 9.26 9.42 9.32 9.25 9.36 9.50 9.54 9.57 9.73 9.90 10.05 10.33 10.37 10.55 10.69 10.69 10.74 10.88 11.00 11.13 11.29 11.43 11.61 11.68 11.81 12.12 12.08 12.02 11.96 11.89 11.88 11.95 11.95 11.77 11.66 11.70 11.69 11.73 11.76 11.79 12.31 12.98 12.96 12.31 12.09 12.05 12.04 12.18 12.13 12.17 12.30 12.33 12.40 12.51 12.60 12.76 12.98 13.00 13.15 13.32 13.46 13.65 13.53
6.25 7.46 9.07 9.21 9.14 9.10 9.06 9.02 9.07 8.98 8.80 8.74 8.90 9.08 9.23 9.36 9.46 9.63 9.89 9.93 10.10 10.30 10.33 10.43 10.43 10.65 10.77 10.86 11.02 11.19 11.36 11.36 11.59 11.76 11.78 11.72 11.65 11.64 11.61 11.73 11.77 11.58 11.52 11.49 11.46 11.46 11.48 11.52 12.29 12.62 12.35 11.68 11.67 11.78 11.78 11.78 11.73 11.75 11.81 11.89 12.04 12.15 12.27 12.40 12.47 12.48 12.61 12.84 13.02 13.12 13.14
5.91 7.18 8.23 8.76 9.12 8.96 8.83 8.70 8.56 8.52 8.27 8.23 8.40 8.68 8.76 8.99 9.21 9.47 9.57 9.69 9.91 9.95 10.00 10.13 10.16 10.29 10.37 10.48 10.87 10.97 11.07 11.15 11.36 11.41 11.46 11.39 11.38 11.37 11.36 11.43 11.46 11.35 11.26 11.24 11.14 11.09 11.12 11.13 11.56 11.80 11.48 11.22 11.36 11.55 11.51 11.47 11.44 11.39 11.36 11.50 11.65 11.77 11.85 11.93 11.98 12.08 12.19 12.32 12.53 12.68 12.96
5.96 7.16 6.78 6.95 8.17 8.64 8.48 8.25 8.18 8.16 7.99 7.93 8.04 8.19 8.54 8.70 8.97 9.09 9.16 9.42 9.38 9.53 9.69 9.66 9.79 9.88 10.05 10.37 10.52 10.73 10.67 10.88 10.98 11.05 11.09 11.09 11.03 11.07 11.02 11.07 11.15 11.22 10.90 10.88 10.85 10.76 10.72 10.75 10.82 10.91 10.87 10.89 11.02 11.14 11.27 11.19 11.16 11.16 11.13 11.19 11.34 11.37 11.47 11.59 11.60 11.68 11.69 11.86 12.06 12.25 12.56
5.75 5.99 6.01 6.32 6.55 7.44 7.81 7.93 7.97 7.96 7.80 7.67 7.77 7.85 8.16 8.44 8.64 8.60 8.74 8.93 8.95 9.09 9.25 9.23 9.41 9.59 9.79 10.02 10.19 10.28 10.35 10.52 10.57 10.61 10.67 10.65 10.61 10.57 10.64 10.54 10.74 10.82 10.53 10.56 10.56 10.44 10.37 10.39 10.25 10.24 10.37 10.50 10.68 10.78 10.96 10.95 10.97 10.97 10.90 10.93 10.94 10.99 11.11 11.22 11.24 11.23 11.31 11.51 11.64 11.87 12.19
5.65 5.70 5.82 5.91 6.55 7.54 7.64 7.83 7.82 7.71 7.63 7.59 7.67 7.67 7.69 7.96 8.18 8.10 8.18 8.47 8.49 8.70 8.80 8.82 9.13 9.21 9.45 9.68 9.78 9.90 9.84 10.07 10.17 10.14 10.15 10.17 10.11 10.06 10.05 10.10 10.28 10.27 10.14 10.22 10.19 10.09 9.97 10.00 9.82 9.82 9.96 10.14 10.22 10.47 10.76 10.75 10.83 10.81 10.72 10.72 10.70 10.74 10.77 10.78 10.80 10.88 10.99 11.15 11.30 11.52 11.93
5.59 5.78 6.20 6.46 6.62 7.46 7.56 7.73 7.70 7.57 7.56 7.53 7.60 7.56 7.59 7.38 7.47 7.43 7.56 7.73 7.96 8.17 8.36 8.52 8.64 8.79 9.05 9.31 9.23 9.46 9.37 9.53 9.59 9.62 9.65 9.62 9.54 9.55 9.55 9.64 9.82 9.79 9.82 9.74 9.71 9.67 9.56 9.61 9.52 9.49 9.55 9.67 9.85 10.12 10.35 10.54 10.62 10.56 10.56 10.55 10.51 10.48 10.42 10.45 10.54 10.58 10.66 10.80 10.95 11.30 11.61
5.88 6.22 6.63 7.19 7.25 7.33 7.46 7.54 7.59 7.49 7.37 7.41 7.56 7.54 7.53 6.92 6.70 6.83 7.23 7.29 7.67 7.79 7.86 8.07 8.04 8.37 8.48 8.72 8.71 8.78 9.08 9.00 9.06 9.03 9.01 8.88 8.93 9.00 8.96 9.04 9.20 9.20 9.35 9.18 9.16 9.08 9.15 9.24 9.22 9.16 9.19 9.36 9.53 9.85 10.17 10.33 10.38 10.36 10.44 10.36 10.31 10.17 10.18 10.18 10.22 10.30 10.41 10.50 10.72 10.94 11.37
5.97 6.56 7.14 7.23 7.27 7.28 7.38 7.42 7.43 7.35 7.34 7.33 7.42 7.47 7.51 7.04 6.16 6.20 6.73 6.71 6.85 7.18 7.25 7.55 7.40 7.72 7.96 8.17 8.14 8.28 8.48 8.35 8.44 8.44 8.41 8.30 8.33 8.33 8.49 8.47 8.55 8.71 8.75 8.59 8.53 8.68 8.47 8.78 8.88 8.76 8.82 9.06 9.39 9.72 10.04 10.08 10.11 10.17 10.16 10.06 9.96 9.95 9.94 9.97 9.98 10.03 10.18 10.29 10.52 10.77 11.14
6.10 6.57 7.22 7.24 7.22 7.22 7.24 7.27 7.29 7.25 7.17 7.24 7.33 7.46 7.53 6.77 5.96 6.19 6.18 6.23 6.34 6.46 6.72 6.81 6.89 7.08 7.39 7.49 7.46 7.68 7.79 7.74 7.69 7.75 7.66 7.54 7.59 7.64 8.06 7.80 7.79 8.07 8.07 7.91 7.97 8.47 7.77 7.95 8.29 8.34 8.42 8.77 9.25 9.53 9.58 9.69 9.83 9.96 9.99 9.86 9.77 9.81 9.75 9.74 9.75 9.83 9.93 10.09 10.32 10.50 10.82
6.43 6.94 7.12 7.03 7.09 7.11 7.01 7.14 7.12 7.08 7.14 7.17 7.27 7.43 7.47 7.28 6.30 5.87 5.97 6.06 6.00 6.06 6.18 6.19 6.25 6.59 6.83 6.90 6.87 7.02 7.04 7.06 6.90 7.04 6.91 6.79 6.97 7.17 7.36 7.17 7.20 7.43 7.36 7.28 7.41 7.87 7.56 7.67 8.00 7.97 8.11 8.39 8.74 9.15 9.18 9.40 9.55 9.74 9.61 9.40 9.66 9.55 9.50 9.46 9.45 9.60 9.72 9.93 10.20 10.37 10.75
6.38 6.62 6.77 6.83 6.97 6.99 6.87 6.90 6.96 6.96 6.99 7.10 7.19 7.26 7.35 7.29 6.65 6.00 5.70 5.81 5.72 5.81 5.86 6.01 6.01 6.14 6.18 6.25 6.25 6.39 6.37 6.29 6.20 6.36 6.30 6.03 6.27 6.55 6.64 6.55 6.83 6.79 6.66 6.73 7.00 7.28 6.97 7.62 7.78 7.77 7.80 8.10 8.43 8.66 8.85 9.04 9.10 9.36 9.25 9.16 9.06 9.12 9.17 9.20 9.27 9.31 9.49 9.80 10.00 10.13 10.22
6.02 6.39 6.61 6.68 6.85 6.84 6.69 6.71 6.80 6.74 6.80 6.92 6.97 6.94 7.21 7.03 6.62 5.98 5.50 5.46 5.46 5.63 5.60 5.71 5.84 5.88 5.95 6.01 6.00 6.06 6.05 5.97 5.95 5.99 5.97 5.85 5.88 6.00 6.12 6.07 6.23 5.97 5.98 6.13 6.68 6.62 6.68 7.07 7.39 7.49 7.50 7.76 8.17 8.51 8.62 8.55 8.55 8.62 8.83 8.76 8.64 8.68 8.84 8.96 9.05 8.99 8.65 8.83 9.39 9.86 10.16
6.20 6.39 6.41 6.52 6.63 6.57 6.50 6.49 6.64 6.63 6.73 6.84 6.80 6.73 6.28 6.32 6.28 5.95 5.56 5.16 5.22 5.32 5.37 5.43 5.56 5.64 5.70 5.79 5.79 5.82 5.82 5.81 5.84 5.86 5.82 5.74 5.82 5.86 5.84 5.88 5.80 5.66 5.60 5.67 6.01 6.29 6.78 6.64 6.63 7.01 7.04 7.24 7.61 7.95 8.03 8.28 8.20 8.49 8.62 8.51 8.43 8.53 8.62 8.81 8.93 8.95 8.85 9.10 9.55 9.89 10.16
6.34 6.36 6.37 6.41 6.41 6.38 6.37 6.37 6.44 6.45 6.60 6.54 6.75 6.68 6.33 5.82 5.75 5.60 5.35 4.99 5.09 5.16 5.23 5.27 5.35 5.41 5.49 5.56 5.54 5.60 5.59 5.63 5.68 5.73 5.67 5.67 5.73 5.66 5.66 5.68 5.64 5.51 5.47 5.49 5.53 5.76 6.25 6.13 6.25 6.49 6.86 6.75 7.18 7.52 7.76 8.18 8.35 8.41 8.43 8.41 8.41 8.48 8.59 8.82 9.25 9.82 9.87 9.74 10.21 9.95 10.18
6.33 6.32 6.34 6.36 6.34 6.32 6.33 6.33 6.37 6.38 6.38 6.38 6.35 6.62 6.58 6.14 5.54 5.29 5.15 5.29 5.46 5.58 5.67 5.69 5.66 5.67 5.65 5.48 5.36 5.37 5.41 5.44 5.53 5.57 5.55 5.55 5.57 5.56 5.53 5.50 5.47 5.43 5.38 5.48 5.80 6.00 6.20 6.19 6.26 6.77 6.95 6.88 7.15 7.79 8.08 8.28 8.31 8.33 8.33 8.35 8.38 8.41 8.49 8.83 9.60 10.16 10.53 10.53 10.87 10.69 9.86
6.28 6.29 6.31 6.34 6.30 6.28 6.29 6.31 6.34 6.34 6.33 6.31 6.27 6.27 6.23 6.13 5.69 5.41 5.44 5.50 5.69 5.89 5.98 6.02 5.98 5.99 6.03 5.98 5.82 5.76 5.70 5.64 5.40 5.40 5.46 5.42 5.42 5.44 5.45 5.42 5.43 5.41 5.53 5.91 7.44 7.73 8.23 6.82 6.33 6.70 6.96 7.11 7.18 7.54 8.19 8.24 8.27 8.30 8.28 8.22 8.24 8.33 8.38 9.45 10.47 10.89 11.06 11.16 11.30 11.30 10.34
6.21 6.25 6.27 6.24 6.25 6.28 6.29 6.32 6.33 6.32 6.31 6.28 6.25 6.20 6.10 5.93 5.80 5.63 5.60 5.66 5.83 6.07 6.18 6.18 6.15 6.23 6.29 6.34 6.19 6.08 6.01 5.92 5.61 5.87 5.92 5.74 5.51 5.66 5.75 5.73 5.66 5.72 5.93 5.81 6.97 8.11 8.59 8.58 7.59 6.94 7.05 7.71 7.18 7.19 7.86 8.22 8.01 8.09 8.17 7.78 8.00 8.06 8.45 9.57 10.67 11.50 11.41 11.52 11.58 11.70 11.44
6.16 6.20 6.24 6.20 6.23 6.27 6.29 6.32 6.31 6.29 6.28 6.27 6.23 6.25 6.19 6.12 5.96 5.80 5.77 5.75 5.96 6.14 6.23 6.24 6.25 6.36 6.56 6.70 6.73 6.60 6.56 6.07 5.85 5.94 5.94 5.94 5.71 5.86 5.83 6.02 6.06 6.58 6.47 6.57 6.73 8.30 8.63 8.88 8.49 8.18 8.24 8.47 7.38 7.97 8.06 8.35 7.97 8.01 7.93 7.97 8.17 9.13 9.72 10.14 10.98 11.67 11.77 11.70 11.80 11.89 11.92
6.09 6.10 6.14 6.16 6.20 6.23 6.27 6.30 6.30 6.26 6.20 6.22 6.22 6.13 5.99 6.09 5.94 6.05 6.07 6.12 6.19 6.19 6.28 6.32 6.43 6.48 6.64 6.77 6.85 6.91 7.00 6.74 6.12 6.00 6.00 5.95 5.67 5.81 6.19 6.21 6.53 6.93 7.13 7.09 6.68 8.04 9.05 9.27 9.67 9.28 9.27 8.95 8.29 8.42 9.29 9.18 9.04 8.70 8.51 8.73 8.71 9.34 9.44 9.73 10.76 11.34 12.01 11.95 11.99 12.09 12.23
5.97 6.01 6.05 6.12 6.16 6.22 6.25 6.28 6.27 6.18 6.15 6.13 6.12 6.06 5.96 5.91 6.08 6.11 6.12 6.18 6.20 6.23 6.32 6.45 6.54 6.64 6.81 6.85 6.86 6.94 6.99 7.07 6.78 6.55 6.48 6.46 5.59 6.07 6.24 6.74 6.74 6.99 7.27 7.67 7.30 8.46 9.17 9.36 9.68 10.33 10.37 10.71 9.88 9.92 10.68 11.07 10.63 9.51 9.63 9.33 9.62 10.05 10.46 10.95 11.74 12.05 12.15 12.17 12.13 12.25 12.37
5.87 5.70 5.84 6.04 6.08 6.07 6.11 6.06 6.13 6.10 6.09 6.07 5.96 5.99 6.08 6.08 6.10 6.08 6.10 6.18 6.21 6.23 6.28 6.48 6.66 6.76 6.90 6.94 7.01 7.00 7.07 7.09 7.11 6.85 6.79 6.79 6.00 5.61 6.52 7.08 7.14 7.16 7.37 7.61 7.98 8.00 9.21 9.55 9.72 10.02 10.30 10.56 10.78 10.95 10.97 11.42 11.43 10.11 10.62 10.50 10.09 10.69 11.13 11.48 11.96 12.22 12.20 12.26 12.22 12.32 12.55
5.86 5.61 5.70 5.95 5.99 6.02 6.08 6.03 5.96 6.05 6.08 6.10 5.90 5.95 6.08 6.02 6.08 6.09 6.14 6.18 6.20 6.24 6.39 6.51 6.70 6.79 6.90 7.03 6.70 6.91 7.11 7.15 7.26 7.25 7.12 7.08 6.94 5.39 5.68 6.95 7.34 7.42 7.49 7.94 8.19 8.40 8.71 9.21 9.72 9.93 10.13 10.33 10.61 10.96 11.18 11.44 11.51 10.31 12.28 11.91 11.24 10.39 11.20 12.11 12.18 12.30 12.26 12.35 12.36 12.44 12.63
5.88 5.88 5.93 6.01 6.05 6.09 6.10 5.98 6.01 6.12 6.15 6.15 6.14 6.07 6.10 6.09 6.09 6.13 6.14 6.17 6.21 6.26 6.38 6.49 6.72 6.86 7.04 7.11 7.06 7.22 7.22 7.21 7.31 7.31 7.27 7.15 7.03 6.63 5.51 5.78 6.84 7.34 7.91 8.07 8.21 8.39 8.57 8.89 9.62 9.95 10.06 10.27 10.63 10.96 11.21 11.41 11.54 11.52 11.85 12.70 12.20 11.37 10.73 12.17 12.30 12.33 12.32 12.39 12.45 12.59 12.79
5.89 5.92 5.95 6.03 6.05 6.09 6.08 6.08 5.96 6.15 6.17 6.16 6.14 6.12 6.10 6.10 6.12 6.13 6.12 6.02 6.20 6.33 6.42 6.56 6.74 6.87 7.05 7.19 7.35 7.56 7.57 7.48 7.51 7.46 7.32 7.18 7.05 6.30 5.15 4.99 5.71 6.55 7.86 8.18 8.31 8.43 8.56 8.65 8.85 9.27 10.04 10.37 10.63 11.00 11.23 11.46 11.60 11.75 11.77 12.89 12.94 12.39 10.83 11.93 12.24 12.31 12.28 12.29 12.06 11.67 12.98
5.69 5.72 5.94 6.02 6.09 6.09 6.10 6.11 6.15 6.11 6.15 6.16 6.15 6.14 6.13 6.13 6.12 6.13 6.12 6.03 6.18 6.28 6.42 6.59 6.76 6.86 7.08 7.23 7.56 7.75 7.82 7.75 7.74 7.68 7.65 7.38 6.59 5.27 4.95 4.93 5.10 5.87 6.70 7.79 8.43 8.51 8.59 8.63 8.79 9.05 9.28 10.00 10.60 11.05 11.39 11.55 11.77 11.99 12.45 12.77 12.88 12.96 11.97 11.03 11.08 11.02 11.00 10.62 10.39 11.38 12.71
5.61 5.70 5.95 6.05 6.07 6.09 6.12 6.13 6.14 6.16 6.13 6.14 6.14 6.14 6.13 6.13 6.13 6.14 6.14 6.17 6.21 6.24 6.42 6.61 6.77 7.00 7.17 7.46 7.76 8.14 8.15 8.13 8.12 8.06 7.98 7.89 7.09 5.80 5.06 5.01 5.49 6.73 7.58 7.98 8.02 8.53 8.64 8.67 8.90 9.08 9.24 9.44 10.13 11.17 11.36 11.49 11.90 12.13 12.39 12.61 12.90 12.99 13.18 12.25 13.13 12.25 11.85 11.09 9.56 10.31 11.31
5.56 5.70 5.88 5.99 6.02 6.05 6.06 6.07 6.08 6.10 6.12 6.12 6.11 6.09 6.05 5.96 5.99 6.11 6.14 6.17 6.15 6.19 6.21 6.38 6.60 7.02 7.42 7.71 8.20 8.45 8.47 8.40 8.45 8.34 8.27 8.16 7.19 6.14 5.28 5.17 5.17 6.06 6.25 6.78 7.39 8.50 8.72 8.84 8.97 9.24 9.26 9.49 9.75 10.08 10.83 11.02 11.87 12.15 12.31 12.51 12.87 13.13 13.23 13.64 13.68 13.74 12.87 11.89 10.02 9.79 11.24
5.35 5.50 5.62 5.81 5.88 5.87 5.79 5.81 5.82 5.83 5.98 6.10 5.97 5.73 5.63 5.59 5.68 5.84 5.96 5.93 5.88 5.91 5.89 6.10 6.88 7.48 7.93 8.48 8.68 8.79 8.83 8.91 8.84 8.70 8.56 8.54 8.33 6.68 5.53 5.52 5.57 5.70 5.95 6.04 6.91 7.96 8.08 8.56 8.41 8.24 9.22 9.68 9.86 10.05 10.39 10.69 11.00 11.76 11.96 12.46 12.86 13.06 13.25 13.55 13.81 13.89 13.90 12.70 10.91 10.18 10.57
5.04 5.14 5.32 5.44 5.52 5.46 5.45 5.46 5.52 5.64 5.71 5.80 5.73 5.43 5.40 5.39 5.40 5.46 5.56 5.51 5.53 5.53 5.66 6.06 6.42 7.68 8.67 9.03 9.23 9.23 9.17 9.19 9.24 9.07 8.90 8.80 8.82 7.13 6.40 6.10 6.20 6.23 6.32 6.40 6.60 6.66 6.78 7.31 7.09 7.20 8.47 9.03 10.39 10.36 10.62 10.86 11.07 11.31 11.43 11.65 12.30 13.06 13.30 13.53 13.76 13.94 14.12 13.43 11.50 10.63 10.89
