maui/input/air_temperature_monthly/tminmar_250m_maui.asc
ncols        356
nrows        236
xllcorner    -156.702000000000
yllcorner    20.529750000000
cellsize     0.002250000000
NODATA_value  -99.00
[rows 160 to 191 of 236, columns 144 to 215 of 356]
13.70 13.56 13.35 13.08 12.89 12.70 12.53 12.32 12.10 11.94 11.79 11.58 11.26 10.84 10.44 9.93 9.54 9.23 8.84 8.43 8.05 7.68 7.27 6.94 6.61 6.30 6.06 5.67 5.16 4.67 4.18 3.85 3.52 3.35 3.20 3.04 2.91 2.69 2.53 2.41 2.19 1.95 1.81 1.70 1.59 1.48 1.52 1.48 1.56 1.56 1.61 1.63 1.69 1.68 1.68 1.64 1.62 1.57 1.52 1.50 1.50 1.55 1.59 1.60 1.61 1.64 1.66 1.66 1.74 1.82 1.93 2.02
13.61 13.42 13.21 12.95 12.75 12.62 12.40 12.15 11.97 11.79 11.53 11.30 11.02 10.53 10.08 9.67 9.22 8.85 8.49 8.18 7.82 7.45 7.09 6.71 6.31 6.02 5.75 5.52 5.03 4.50 3.98 3.60 3.41 3.28 3.10 2.88 2.69 2.47 2.36 2.17 1.96 1.77 1.65 1.65 1.59 1.58 1.59 1.68 1.78 1.79 1.82 1.82 1.83 1.83 1.85 1.83 1.78 1.73 1.74 1.73 1.70 1.76 1.77 1.87 1.92 1.96 1.97 2.03 2.09 2.13 2.21 2.29
13.41 13.21 12.97 12.76 12.60 12.46 12.31 12.10 11.77 11.56 11.29 11.06 10.71 10.30 9.87 9.36 8.97 8.50 8.16 7.89 7.61 7.20 6.81 6.43 6.09 5.82 5.60 5.23 4.88 4.53 3.98 3.53 3.37 3.21 3.04 2.84 2.57 2.38 2.20 2.06 1.92 1.84 1.81 1.91 1.83 1.85 1.89 1.93 1.95 1.96 2.01 2.01 2.01 1.98 2.05 2.01 1.96 1.95 1.95 1.98 1.97 2.02 2.07 2.19 2.25 2.26 2.29 2.36 2.45 2.46 2.50 2.57
13.34 13.06 12.84 12.59 12.48 12.36 12.12 11.94 11.66 11.43 11.09 10.75 10.38 9.95 9.62 9.11 8.66 8.27 7.87 7.51 7.30 6.93 6.61 6.23 5.88 5.59 5.34 5.02 4.65 4.28 3.93 3.50 3.34 3.19 2.97 2.75 2.50 2.29 2.14 2.02 2.06 2.09 2.13 2.12 2.15 2.15 2.13 2.14 2.12 2.14 2.20 2.22 2.23 2.17 2.29 2.23 2.18 2.16 2.17 2.26 2.30 2.29 2.44 2.52 2.61 2.58 2.57 2.73 2.80 2.78 2.88 2.91
13.22 13.00 12.79 12.62 12.41 12.24 11.98 11.75 11.53 11.27 10.90 10.54 10.17 9.70 9.29 8.82 8.38 8.03 7.69 7.34 6.98 6.72 6.43 6.06 5.71 5.40 5.13 4.83 4.41 4.14 3.78 3.41 3.19 2.98 2.77 2.52 2.21 2.02 2.07 2.15 2.33 2.43 2.43 2.42 2.46 2.43 2.37 2.36 2.33 2.36 2.41 2.46 2.47 2.46 2.56 2.51 2.44 2.41 2.42 2.57 2.59 2.61 2.79 2.86 2.93 2.93 2.97 3.07 3.10 3.17 3.22 3.25
13.06 12.95 12.76 12.50 12.32 12.11 11.84 11.61 11.31 11.12 10.74 10.29 9.94 9.56 9.11 8.61 8.16 7.75 7.47 7.12 6.77 6.51 6.26 5.86 5.60 5.26 4.94 4.64 4.27 3.86 3.52 3.27 2.99 2.79 2.63 2.36 2.17 2.23 2.30 2.42 2.50 2.67 2.73 2.73 2.74 2.66 2.59 2.54 2.55 2.58 2.62 2.67 2.69 2.75 2.79 2.78 2.76 2.71 2.75 2.85 2.96 3.09 3.11 3.25 3.31 3.26 3.34 3.38 3.49 3.73 3.92 3.82
12.90 12.74 12.57 12.36 12.15 11.90 11.70 11.52 11.22 10.92 10.57 10.19 9.80 9.35 8.96 8.50 7.95 7.52 7.15 6.95 6.55 6.24 6.04 5.77 5.43 4.99 4.56 4.18 3.75 3.44 3.34 3.13 2.89 2.71 2.62 2.53 2.48 2.56 2.68 2.68 2.72 2.82 2.90 2.96 2.93 2.84 2.83 2.78 2.79 2.83 2.85 2.86 2.92 2.98 3.03 3.00 3.07 3.04 3.08 3.18 3.29 3.49 3.40 3.68 3.93 3.82 3.93 4.04 4.21 4.41 4.83 4.83
12.69 12.50 12.41 12.17 12.01 11.71 11.46 11.21 11.03 10.80 10.45 10.05 9.64 9.16 8.75 8.30 7.76 7.28 6.87 6.60 6.32 5.98 5.68 5.47 5.09 4.60 4.16 3.75 3.47 3.25 3.19 3.03 2.78 2.68 2.71 2.76 2.86 2.82 2.81 2.86 2.89 3.00 3.05 3.10 3.10 3.02 3.02 3.00 3.00 3.07 3.08 3.12 3.18 3.23 3.29 3.28 3.36 3.39 3.35 3.65 3.94 4.02 4.14 4.43 4.67 4.68 4.78 4.81 5.00 5.18 5.39 5.57
12.52 12.35 12.14 11.95 11.71 11.47 11.27 10.95 10.69 10.44 10.11 9.77 9.46 9.03 8.60 8.09 7.60 7.13 6.70 6.39 5.99 5.76 5.37 4.97 4.51 3.98 3.51 3.41 3.33 3.18 2.92 2.89 2.98 2.98 3.03 3.17 3.05 2.99 3.01 3.00 3.08 3.16 3.23 3.24 3.26 3.19 3.20 3.20 3.24 3.29 3.33 3.35 3.41 3.49 3.62 3.57 3.66 3.89 4.10 4.23 4.69 4.77 4.98 5.08 5.35 5.37 5.62 5.51 5.90 5.97 6.08 6.48
12.42 12.19 11.95 11.72 11.52 11.22 10.99 10.77 10.38 10.05 9.79 9.45 9.03 8.68 8.29 7.90 7.50 7.09 6.59 6.17 5.70 5.38 4.88 4.39 3.87 3.54 3.34 3.24 3.24 3.15 3.05 3.07 3.17 3.28 3.35 3.30 3.26 3.17 3.18 3.17 3.23 3.35 3.39 3.42 3.40 3.40 3.40 3.41 3.44 3.50 3.64 3.75 3.85 4.05 4.13 4.27 4.34 4.55 4.87 4.97 5.13 5.38 5.60 5.75 6.02 6.00 6.29 6.24 6.61 6.75 6.78 7.13
12.36 12.08 11.87 11.55 11.24 10.98 10.75 10.48 10.13 9.80 9.47 9.14 8.74 8.29 7.91 7.45 7.16 6.84 6.37 5.88 5.46 5.26 4.77 4.07 3.58 3.45 3.45 3.45 3.34 3.31 3.32 3.36 3.42 3.49 3.48 3.41 3.40 3.33 3.40 3.40 3.42 3.50 3.62 3.69 3.68 3.61 3.48 3.81 3.94 4.02 4.13 4.22 4.36 4.54 4.72 4.86 5.04 5.26 5.59 5.73 5.82 6.24 6.15 6.45 6.54 6.88 6.81 6.94 7.20 7.44 7.50 7.72
12.20 11.92 11.74 11.42 11.04 10.77 10.49 10.24 9.90 9.56 9.21 8.82 8.41 8.01 7.63 7.06 6.66 6.21 5.68 5.26 4.98 4.60 4.19 4.38 3.95 3.71 3.59 3.53 3.51 3.46 3.43 3.64 3.87 3.95 3.81 3.71 3.68 3.60 3.66 3.78 3.79 3.93 4.07 4.05 4.10 3.94 3.90 4.25 4.57 4.54 4.68 4.86 5.00 5.13 5.32 5.54 5.72 6.02 6.07 6.41 6.45 6.71 6.80 7.01 7.02 7.24 7.38 7.58 7.69 8.07 8.16 8.38
12.03 11.80 11.63 11.33 10.98 10.63 10.36 10.01 9.70 9.32 8.99 8.76 8.25 7.75 7.21 6.64 6.34 5.75 5.24 4.95 4.92 4.76 4.45 4.73 4.81 4.43 3.88 3.87 3.89 3.97 4.02 4.28 4.34 4.47 4.36 4.34 4.34 4.17 4.10 4.24 4.25 4.40 4.53 4.54 4.61 4.58 4.60 4.89 5.00 5.07 5.26 5.43 5.60 5.80 5.90 6.11 6.31 6.59 6.73 6.91 7.13 7.21 7.45 7.56 7.68 7.92 8.24 8.20 8.38 9.00 9.01 9.24
11.93 11.75 11.52 11.26 10.99 10.72 10.34 10.01 9.60 9.16 8.79 8.43 8.21 7.69 7.22 6.90 6.49 5.93 5.38 5.19 5.12 5.00 4.97 5.18 5.10 4.83 4.44 4.30 4.38 4.54 4.63 4.81 4.91 4.95 4.87 4.94 4.88 4.78 4.64 4.78 4.72 4.90 5.04 5.03 5.17 5.27 5.20 5.49 5.70 5.74 5.84 6.06 6.24 6.29 6.40 6.69 7.00 7.07 7.41 7.57 7.70 7.82 8.10 8.09 8.34 8.48 8.87 8.84 9.07 9.32 9.79 9.79
11.83 11.60 11.32 11.12 10.98 10.76 10.42 10.05 9.48 9.07 8.65 8.37 8.10 7.84 7.36 7.07 6.32 6.00 5.88 5.99 5.79 5.59 5.39 5.37 5.36 5.20 4.94 4.90 4.95 5.02 5.22 5.39 5.40 5.45 5.37 5.37 5.38 5.27 5.24 5.29 5.25 5.45 5.53 5.60 5.76 5.90 5.88 6.06 6.27 6.32 6.50 6.69 6.91 7.05 7.06 7.25 7.45 7.67 7.87 8.01 8.25 8.34 8.51 8.66 8.86 9.17 9.35 9.37 9.58 9.84 10.25 10.67
11.80 11.48 11.21 11.04 10.86 10.70 10.46 10.11 9.63 8.84 8.44 8.23 7.81 7.44 7.07 6.75 6.58 6.25 6.48 6.42 6.18 5.96 5.78 5.72 5.74 5.60 5.46 5.45 5.46 5.52 5.73 5.83 5.92 5.96 5.89 6.00 5.87 5.74 5.68 5.84 5.83 6.00 6.10 6.15 6.34 6.45 6.44 6.67 6.95 7.08 7.21 7.41 7.53 7.70 7.77 7.94 8.09 8.50 8.38 8.61 8.90 8.80 9.05 9.29 9.44 9.59 9.90 9.85 10.17 10.44 10.64 11.43
11.75 11.49 11.13 10.96 10.77 10.57 10.32 9.95 9.52 9.01 8.49 8.12 7.69 7.20 6.97 7.08 6.80 6.94 6.87 6.74 6.50 6.32 6.24 6.20 6.20 6.04 5.94 5.85 5.90 5.98 6.14 6.32 6.40 6.54 6.49 6.51 6.39 6.26 6.19 6.29 6.32 6.48 6.68 6.88 7.00 7.09 7.19 7.30 7.52 7.73 7.88 7.98 8.15 8.36 8.35 8.50 8.62 8.87 8.99 9.26 9.26 9.26 9.48 9.88 9.95 10.19 10.50 10.45 10.76 10.97 11.29 11.53
11.77 11.43 11.11 10.89 10.72 10.45 10.19 9.79 9.40 8.76 7.99 7.33 7.61 7.21 7.21 7.37 7.40 7.36 7.24 7.09 6.85 6.74 6.73 6.64 6.70 6.64 6.50 6.36 6.37 6.46 6.53 6.71 6.82 6.99 6.97 6.99 6.92 6.83 6.84 6.90 6.97 7.14 7.28 7.50 7.59 7.74 7.91 7.95 8.22 8.31 8.46 8.64 8.71 8.91 8.94 9.11 9.17 9.37 9.68 9.72 9.92 9.99 10.07 10.28 10.59 10.81 10.94 11.10 11.27 11.45 11.60 11.93
11.75 11.36 11.01 10.74 10.56 10.39 10.15 9.67 9.17 8.63 7.77 7.84 8.08 7.63 7.80 7.86 7.85 7.73 7.59 7.44 7.28 7.23 7.17 7.12 7.17 7.07 6.92 6.86 6.80 6.91 6.99 7.21 7.40 7.51 7.54 7.59 7.56 7.65 7.54 7.61 7.71 7.79 7.95 8.15 8.26 8.48 8.64 8.68 8.83 8.87 8.99 9.16 9.19 9.46 9.53 9.63 9.74 10.00 10.30 10.25 10.39 10.46 10.71 10.80 11.04 11.17 11.33 11.73 11.70 11.89 12.06 12.36
11.77 11.46 10.83 10.68 10.44 10.17 9.44 9.14 8.93 8.77 8.27 8.34 8.32 8.22 8.11 8.24 8.18 8.03 7.91 7.81 7.73 7.63 7.51 7.53 7.56 7.50 7.32 7.31 7.31 7.36 7.44 7.60 7.92 7.98 8.05 8.12 8.17 8.32 8.30 8.29 8.42 8.40 8.52 8.73 8.90 9.04 9.17 9.37 9.47 9.45 9.70 9.71 9.72 9.91 10.11 10.16 10.20 10.19 10.59 10.74 10.87 10.97 11.17 11.38 11.49 11.64 11.78 12.06 12.28 12.38 12.56 12.69
11.57 11.31 10.60 10.51 10.31 9.90 9.60 9.25 9.12 8.98 8.83 8.63 8.54 8.47 8.49 8.51 8.53 8.42 8.33 8.18 8.11 7.98 7.96 7.90 7.92 7.92 7.70 7.74 7.72 7.84 7.93 8.11 8.25 8.42 8.50 8.66 8.69 8.81 8.85 8.73 8.95 9.03 9.15 9.35 9.47 9.66 9.75 9.93 10.03 9.96 10.10 10.19 10.27 10.41 10.56 10.64 10.49 10.41 10.95 11.43 11.30 11.45 11.58 11.85 11.92 12.05 12.34 12.50 13.10 12.92 12.98 13.11
11.25 10.90 10.26 10.10 10.15 9.59 9.56 9.33 9.20 9.30 9.21 8.95 8.80 8.81 8.81 8.79 8.77 8.78 8.66 8.58 8.46 8.40 8.36 8.21 8.25 8.29 8.23 8.18 8.19 8.37 8.46 8.57 8.67 8.95 8.99 9.06 9.22 9.33 9.35 9.37 9.56 9.50 9.68 9.93 10.03 10.19 10.32 10.46 10.49 10.54 10.57 10.59 10.87 10.91 11.07 11.08 10.87 11.04 11.38 11.58 11.78 11.84 11.93 12.17 12.42 12.51 12.79 12.86 13.16 13.62 13.47 13.70
11.08 10.70 10.39 10.29 9.96 9.80 9.55 9.27 9.45 9.54 9.43 9.23 9.09 9.07 9.06 9.06 9.00 9.07 9.02 8.87 8.84 8.78 8.78 8.65 8.70 8.65 8.62 8.60 8.68 8.80 8.91 9.10 9.17 9.38 9.48 9.51 9.61 9.66 9.74 9.77 9.93 9.97 10.15 10.32 10.46 10.59 10.78 11.00 11.06 11.08 11.03 11.12 11.24 11.33 11.46 11.59 11.48 11.51 11.80 11.91 12.09 12.37 12.54 12.54 12.82 13.02 13.39 13.68 13.59 14.17 13.90 14.01
11.31 10.97 10.84 10.56 10.15 9.92 9.85 10.20 9.98 9.86 9.74 9.56 9.37 9.39 9.19 9.39 9.36 9.40 9.37 9.34 9.30 9.26 9.18 9.06 9.12 9.02 9.08 9.04 9.24 9.35 9.39 9.56 9.64 9.86 9.95 10.02 10.04 10.07 10.12 10.19 10.38 10.54 10.68 10.79 10.87 10.98 11.22 11.42 11.57 11.55 11.52 11.65 11.83 11.80 12.06 12.02 11.92 12.04 12.13 12.31 12.51 12.65 12.76 12.90 13.20 13.43 13.61 13.83 14.05 14.23 14.35 14.68
11.58 11.40 11.20 11.02 10.74 10.63 10.60 10.42 10.23 10.09 10.12 10.01 9.78 9.83 9.89 9.95 9.83 9.91 9.81 9.80 9.80 9.78 9.62 9.53 9.53 9.46 9.66 9.65 9.76 9.88 9.95 10.11 10.19 10.29 10.43 10.49 10.46 10.52 10.56 10.75 10.82 10.97 11.04 11.23 11.38 11.40 11.57 11.82 11.89 11.97 11.92 12.03 12.23 12.26 12.31 12.45 12.52 12.56 12.64 12.72 12.88 12.95 13.12 13.27 13.53 13.75 14.03 14.14 14.47 14.71 15.05 15.03
11.95 11.80 11.62 11.32 11.21 10.97 10.82 10.72 10.53 10.41 10.37 10.35 10.24 10.26 10.40 10.55 10.49 10.46 10.33 10.24 10.24 10.19 10.10 10.09 10.12 10.09 10.19 10.23 10.29 10.45 10.57 10.68 10.74 10.80 10.89 10.87 10.82 10.73 10.79 11.10 11.42 11.45 11.43 11.56 11.78 11.81 11.88 12.10 12.27 12.49 12.42 12.46 12.60 12.69 12.85 13.02 12.93 12.95 13.04 13.13 13.27 13.40 13.74 13.83 13.84 14.18 14.45 14.51 14.84 15.04 15.30 15.37
11.89 11.82 11.79 11.59 11.40 11.24 11.21 11.01 10.81 10.72 10.65 10.65 10.63 10.67 10.68 10.85 10.90 10.91 10.92 10.80 10.80 10.69 10.55 10.65 10.65 10.69 10.78 10.82 10.84 11.02 11.15 11.24 11.28 11.34 11.34 11.26 11.23 11.18 11.26 11.56 11.75 11.90 11.82 12.01 12.09 12.22 12.24 12.48 12.61 12.73 12.81 12.91 12.97 13.33 13.12 13.26 13.36 13.37 13.39 13.49 13.64 13.73 13.82 14.18 14.15 14.42 14.73 14.99 15.13 15.81 15.58 15.80
11.97 11.98 11.96 11.53 11.29 11.61 11.53 11.36 11.17 10.99 10.98 10.92 11.00 11.01 11.10 11.16 11.32 11.36 11.28 11.24 11.26 11.19 11.15 11.15 11.21 11.25 11.33 11.41 11.42 11.57 11.72 11.86 11.79 11.76 11.73 11.65 11.65 11.65 11.71 11.95 12.10 12.22 12.26 12.37 12.46 12.54 12.66 12.88 13.07 13.15 13.28 13.39 13.50 13.74 13.64 13.79 13.73 13.69 13.79 13.86 13.93 14.01 14.31 14.33 14.86 14.74 14.97 15.31 15.48 15.80 16.11 16.10
12.44 12.29 12.17 12.04 12.04 11.99 11.86 11.69 11.48 11.38 11.35 11.21 11.32 11.35 11.36 11.42 11.61 11.69 11.64 11.64 11.61 11.66 11.66 11.63 11.71 11.76 11.85 11.91 12.00 12.22 12.21 12.12 12.08 12.07 12.06 12.02 12.02 12.13 12.25 12.43 12.47 12.60 12.66 12.73 12.81 12.88 13.00 13.15 13.43 13.57 13.64 13.73 14.01 13.90 14.00 14.04 14.05 14.14 14.14 14.27 14.26 14.42 14.67 14.72 15.11 15.53 15.37 15.57 15.82 16.03 16.31 16.45
12.95 12.74 12.59 12.36 12.48 12.34 12.21 12.04 11.92 11.73 11.69 11.64 11.81 11.85 11.74 11.85 11.95 12.04 11.99 11.96 12.05 12.10 12.11 12.11 12.15 12.29 12.32 12.42 12.45 12.55 12.47 12.44 12.37 12.38 12.38 12.41 12.43 12.55 12.66 12.73 12.85 12.97 13.00 13.06 13.12 13.27 13.40 13.52 13.69 13.85 13.92 14.09 14.45 14.37 14.45 14.62 14.44 14.43 14.56 14.62 14.65 14.81 14.96 15.15 15.24 15.49 16.21 15.95 16.03 16.27 16.58 16.95
13.23 13.07 12.82 12.83 12.77 12.64 12.55 12.44 12.22 12.21 12.17 12.17 12.20 12.32 12.12 12.28 12.30 12.37 12.39 12.38 12.45 12.46 12.51 12.50 12.65 12.72 12.68 12.72 12.83 12.86 12.75 12.74 12.68 12.73 12.74 12.79 12.78 12.87 13.00 13.05 13.14 13.30 13.41 13.49 13.46 13.51 13.67 13.85 13.90 14.12 14.22 14.35 14.74 14.96 14.91 14.99 14.90 14.83 14.95 15.14 15.07 15.27 15.39 15.54 15.59 15.85 16.88 16.53 16.44 16.59 16.86 17.04
13.41 13.45 13.23 13.13 13.07 13.04 12.96 12.77 12.75 12.63 12.57 12.54 12.57 12.51 12.53 12.54 12.65 12.68 12.69 12.76 12.72 12.78 12.81 12.84 12.93 13.01 13.02 13.02 13.18 13.20 13.05 13.06 12.98 13.04 13.06 13.12 13.09 13.12 13.28 13.43 13.45 13.55 13.69 13.79 13.83 13.93 14.01 14.16 14.20 14.37 14.51 14.69 14.91 15.00 15.16 15.18 15.33 15.25 15.37 15.42 15.54 15.68 15.70 15.90 15.94 16.19 16.42 17.18 16.74 16.94 17.09 17.32
