maui/input/air_temperature_monthly/tminjul_250m_maui.asc
ncols        356
nrows        236
xllcorner    -156.702000000000
yllcorner    20.529750000000
cellsize     0.002250000000
NODATA_value  -99.00
[rows 96 to 127 of 236, columns 142 to 212 of 356]
20.18 20.12 20.05 19.94 19.85 19.79 19.72 19.65 19.58 19.44 19.37 19.27 19.17 19.05 18.91 18.81 18.75 18.58 18.50 18.46 18.31 18.30 18.33 18.23 18.19 18.01 17.89 17.91 17.92 17.77 17.60 17.47 17.33 17.27 17.19 17.20 17.14 16.93 16.86 16.78 16.69 16.66 16.40 16.26 16.29 16.10 16.09 15.63 15.46 15.27 15.02 14.80 14.69 14.71 14.70 14.40 14.39 14.29 14.30 14.17 14.14 14.11 14.08 14.09 14.18 14.25 14.28 14.19 14.20 14.17 14.30
20.16 20.09 20.03 19.97 19.89 19.79 19.72 19.62 19.52 19.42 19.37 19.32 19.20 19.07 18.92 18.78 18.70 18.60 18.50 18.42 18.36 18.28 18.23 18.16 18.11 18.06 17.99 17.88 17.76 17.67 17.60 17.41 17.30 17.22 17.17 17.11 16.94 16.86 16.76 16.66 16.65 16.49 16.38 16.18 16.12 15.82 15.96 15.83 15.34 14.96 14.80 14.63 14.60 14.64 14.62 14.33 14.12 14.17 14.02 14.02 13.92 13.91 13.95 13.93 13.99 13.94 13.98 13.97 13.96 13.92 13.96
20.18 20.08 20.03 19.96 19.89 19.78 19.68 19.62 19.55 19.41 19.34 19.29 19.19 19.07 18.96 18.84 18.66 18.56 18.46 18.36 18.27 18.24 18.17 18.09 18.05 18.07 17.97 17.85 17.71 17.58 17.47 17.44 17.34 17.20 17.11 17.00 16.88 16.76 16.88 16.61 16.46 16.37 16.16 16.04 15.93 15.77 15.72 15.73 15.18 15.04 15.01 14.74 14.53 14.39 14.37 14.50 14.10 13.99 13.87 13.77 13.75 13.72 13.73 13.76 13.97 13.70 13.78 13.72 13.70 13.71 13.76
20.16 20.09 20.04 19.92 19.82 19.75 19.69 19.63 19.53 19.43 19.33 19.24 19.18 19.11 18.99 18.85 18.65 18.52 18.39 18.26 18.18 18.15 18.09 18.00 18.01 17.99 17.89 17.75 17.63 17.56 17.41 17.29 17.25 17.17 16.99 16.87 16.82 16.65 16.59 16.51 16.36 16.26 16.10 15.93 15.70 15.62 15.78 15.51 15.35 14.96 14.81 14.70 14.48 14.32 14.02 14.00 13.93 13.85 13.71 13.61 13.59 13.56 13.53 13.56 13.56 13.58 13.57 13.54 13.44 13.40 13.53
20.19 20.09 20.03 19.94 19.84 19.74 19.86 19.61 19.53 19.42 19.35 19.24 19.16 19.06 18.95 18.81 18.61 18.49 18.37 18.23 18.13 18.03 17.95 17.92 17.90 17.92 17.84 17.65 17.55 17.42 17.44 17.28 17.16 17.06 16.86 16.75 16.70 16.50 16.42 16.35 16.18 16.06 16.16 15.91 15.65 15.51 15.59 15.41 15.30 15.22 14.65 14.54 14.49 14.11 14.06 13.84 13.99 13.64 13.51 13.42 13.35 13.35 13.36 13.35 13.37 13.34 13.39 13.33 13.22 13.27 13.36
20.13 20.11 20.08 19.97 19.80 19.74 19.61 19.54 19.43 19.45 19.33 19.19 19.11 19.02 18.92 18.78 18.63 18.46 18.32 18.22 18.02 17.93 17.88 17.83 17.82 17.85 17.61 17.60 17.51 17.38 17.32 17.16 17.03 16.92 16.74 16.52 16.48 16.37 16.32 16.29 15.97 16.04 15.72 15.61 15.60 15.47 15.49 15.15 15.00 14.84 14.88 14.32 14.24 13.97 13.94 13.75 13.64 13.59 13.39 13.26 13.14 13.12 13.16 13.21 13.26 13.24 13.10 13.05 13.03 13.12 13.23
20.08 20.04 19.96 19.88 19.80 19.72 19.54 19.45 19.37 19.29 19.42 19.36 19.19 18.95 18.87 18.73 18.64 18.44 18.30 18.18 18.01 17.88 17.81 17.76 17.72 17.69 17.36 17.49 17.34 17.25 17.15 17.03 16.87 16.71 16.58 16.40 16.30 16.33 16.14 15.95 15.80 15.83 15.62 15.47 15.39 15.56 15.29 15.04 14.87 14.87 14.64 14.61 14.06 13.98 13.78 13.72 13.53 13.48 13.33 13.11 12.95 12.93 13.02 13.08 13.01 12.96 12.97 12.88 12.81 12.93 12.98
20.00 19.94 19.79 19.73 19.69 19.67 19.56 19.40 19.29 19.23 19.34 19.12 19.02 18.96 18.87 18.81 18.59 18.48 18.28 18.15 18.03 17.91 17.75 17.69 17.61 17.50 17.40 17.28 17.23 17.11 17.04 16.92 16.89 16.64 16.51 16.34 16.19 16.22 16.01 15.83 15.75 15.68 15.41 15.44 15.24 15.34 15.12 14.93 14.75 14.76 14.49 14.48 14.18 13.85 13.68 13.61 13.41 13.38 13.17 13.03 12.85 12.79 12.84 12.93 12.83 12.73 12.69 12.66 12.64 12.68 12.75
19.90 19.87 19.77 19.66 19.60 19.54 19.47 19.41 19.27 19.22 19.11 19.02 18.98 19.07 18.79 18.66 18.55 18.64 18.34 18.19 18.05 17.97 17.78 17.61 17.53 17.41 17.31 17.20 17.11 17.04 16.85 16.87 16.68 16.60 16.50 16.27 16.18 16.01 15.89 15.70 15.55 15.48 15.33 15.27 15.01 14.97 14.88 14.80 14.63 14.55 14.31 14.32 14.06 13.78 13.61 13.49 13.27 13.16 13.02 12.93 12.76 12.68 12.70 12.58 12.64 12.46 12.46 12.43 12.42 12.52 12.73
19.84 19.79 19.74 19.61 19.58 19.50 19.35 19.38 19.28 19.20 19.04 18.99 18.99 18.86 18.75 18.62 18.48 18.36 18.27 18.21 18.17 17.89 17.77 17.60 17.47 17.39 17.23 17.15 17.04 16.88 16.71 16.62 16.63 16.43 16.38 16.24 16.19 15.77 15.73 15.56 15.37 15.33 15.13 14.97 14.89 14.71 14.72 14.71 14.46 14.34 14.32 14.09 13.88 13.72 13.54 13.33 13.20 13.05 12.91 12.78 12.68 12.58 12.52 12.41 12.34 12.29 12.27 12.24 12.27 12.48 12.37
19.75 19.75 19.66 19.62 19.56 19.51 19.34 19.24 19.24 19.13 19.03 18.94 18.88 18.82 18.78 18.62 18.41 18.44 18.15 18.13 17.94 17.81 17.64 17.54 17.44 17.27 17.15 17.08 16.96 16.83 16.67 16.55 16.45 16.46 16.24 16.20 16.02 15.85 15.54 15.27 15.14 15.03 14.92 14.90 14.82 14.55 14.57 14.47 14.38 14.19 14.18 13.90 13.75 13.66 13.44 13.24 13.08 12.90 12.78 12.59 12.46 12.42 12.32 12.09 12.22 12.14 12.10 12.08 12.28 12.12 12.15
19.72 19.67 19.59 19.51 19.55 19.49 19.42 19.33 19.23 19.17 19.06 18.90 18.79 18.70 18.57 18.57 18.37 18.12 18.27 18.02 17.92 17.74 17.64 17.60 17.43 17.28 17.12 17.03 16.99 16.72 16.60 16.55 16.40 16.26 16.32 16.02 15.90 15.66 15.50 15.38 15.06 14.74 14.79 14.63 14.56 14.54 14.39 14.26 14.16 14.05 13.91 13.76 13.77 13.59 13.24 13.19 12.97 12.78 12.57 12.35 12.22 12.17 12.11 12.02 12.14 11.92 11.90 12.01 11.95 11.89 11.94
19.73 19.71 19.64 19.57 19.48 19.41 19.30 19.17 19.09 19.07 19.03 18.85 18.75 18.63 18.44 18.39 18.31 18.11 17.97 17.92 17.85 17.81 17.61 17.47 17.36 17.26 17.14 17.07 16.91 16.68 16.56 16.51 16.26 16.14 16.06 16.16 15.76 15.60 15.39 15.17 15.05 14.60 14.52 14.45 14.38 14.35 14.16 14.21 14.02 13.86 13.70 13.68 13.48 13.34 13.20 13.00 12.87 12.64 12.42 12.25 12.02 11.93 11.88 11.81 11.76 11.73 11.74 11.77 11.65 11.59 11.62
19.70 19.64 19.58 19.51 19.46 19.31 19.26 19.26 19.16 19.00 18.79 18.75 18.62 18.55 18.48 18.28 18.24 18.21 17.94 17.79 17.80 17.65 17.58 17.43 17.36 17.23 17.05 16.91 16.77 16.62 16.44 16.31 16.29 16.10 16.08 15.87 15.64 15.48 15.50 15.18 14.66 14.56 14.37 14.24 14.16 14.04 14.00 14.03 13.79 13.68 13.47 13.58 13.31 13.25 13.04 12.84 12.66 12.42 12.20 12.03 11.92 11.76 11.63 11.61 11.54 11.54 11.50 11.51 11.38 11.29 11.31
19.71 19.63 19.55 19.53 19.46 19.34 19.23 19.18 19.07 19.00 18.81 18.67 18.55 18.45 18.34 18.28 18.13 17.98 17.91 17.74 17.63 17.58 17.41 17.33 17.18 17.16 16.98 16.74 16.66 16.48 16.32 16.17 16.03 16.00 15.89 15.83 15.61 15.37 15.17 15.24 14.48 14.48 14.29 14.07 13.94 13.85 13.86 13.73 13.57 13.43 13.34 13.20 13.14 13.06 12.85 12.69 12.45 12.23 12.01 11.85 11.76 11.54 11.46 11.35 11.25 11.23 11.24 11.20 11.09 11.09 11.10
19.64 19.59 19.57 19.46 19.41 19.34 19.31 19.25 19.13 19.04 18.79 18.68 18.48 18.42 18.26 18.21 18.12 17.96 17.70 17.67 17.52 17.60 17.29 17.15 17.10 17.00 16.80 16.57 16.51 16.41 16.35 16.07 15.91 15.89 15.83 15.72 15.53 15.38 15.02 14.71 14.64 14.31 14.20 13.97 13.78 13.69 13.64 13.47 13.30 13.17 13.12 13.04 12.95 12.77 12.70 12.50 12.34 12.10 11.86 11.67 11.51 11.33 11.25 11.09 11.10 11.12 11.06 11.01 10.88 10.90 10.84
19.66 19.58 19.50 19.46 19.39 19.29 19.26 19.21 19.16 18.92 18.75 18.55 18.46 18.32 18.14 18.09 17.98 17.87 17.72 17.52 17.43 17.30 17.24 17.29 16.95 16.85 16.72 16.68 16.41 16.28 16.10 16.11 15.83 15.84 15.74 15.53 15.39 15.18 14.92 14.73 14.43 14.48 13.99 13.69 13.57 13.52 13.37 13.20 13.10 12.97 12.86 12.74 12.72 12.56 12.46 12.32 12.14 11.97 11.75 11.53 11.32 11.11 10.95 10.79 10.90 10.83 10.78 10.82 10.73 10.60 10.74
19.64 19.58 19.50 19.42 19.34 19.19 19.15 19.13 18.99 18.86 18.84 18.49 18.36 18.24 18.11 17.97 17.87 17.77 17.71 17.56 17.45 17.31 17.13 17.06 16.91 16.78 16.62 16.51 16.43 16.14 16.03 15.89 15.78 15.64 15.58 15.47 15.27 14.98 14.79 14.58 14.27 14.11 14.36 13.67 13.47 13.38 13.20 13.00 12.87 12.70 12.81 12.52 12.40 12.27 12.21 12.12 11.92 11.79 11.54 11.32 11.11 10.93 10.71 10.61 10.70 10.64 10.58 10.53 10.47 10.44 10.60
19.62 19.55 19.52 19.46 19.32 19.14 19.04 19.00 18.82 18.79 18.63 18.59 18.35 18.17 18.01 17.86 17.79 17.73 17.62 17.42 17.25 17.15 17.11 16.93 16.84 16.70 16.65 16.53 16.38 16.09 15.95 15.87 15.70 15.61 15.47 15.31 15.16 14.95 14.77 14.51 14.23 13.92 13.74 13.66 13.48 13.21 13.05 12.89 12.75 12.54 12.41 12.31 12.15 12.13 12.01 11.88 11.68 11.54 11.29 11.05 10.84 10.52 10.44 10.45 10.44 10.41 10.29 10.29 10.22 10.26 10.31
19.48 19.50 19.38 19.33 19.28 19.18 18.94 18.86 18.80 18.67 18.58 18.42 18.39 18.15 18.00 17.95 17.73 17.67 17.52 17.34 17.12 17.00 16.93 16.91 16.78 16.63 16.57 16.53 16.25 16.12 15.95 15.75 15.64 15.54 15.44 15.30 15.11 14.94 14.72 14.57 14.28 13.95 13.60 13.47 13.35 13.08 12.98 12.75 12.49 12.34 12.15 12.16 11.90 11.84 11.75 11.59 11.45 11.17 11.01 10.77 10.60 10.38 10.05 10.26 10.13 10.06 10.07 10.05 10.08 10.05 10.18
19.54 19.41 19.31 19.27 19.12 19.10 19.05 18.88 18.77 18.60 18.53 18.40 18.30 18.19 18.08 17.87 17.78 17.65 17.47 17.38 17.23 17.05 16.88 16.76 16.62 16.56 16.47 16.37 16.35 16.24 15.88 15.76 15.71 15.44 15.30 15.15 15.00 14.83 14.56 14.35 14.15 13.85 13.67 13.20 13.13 12.99 12.62 12.60 12.43 12.08 11.91 11.84 11.66 11.46 11.39 11.29 11.08 10.90 10.62 10.45 10.33 10.18 10.02 9.97 9.91 9.87 9.86 9.80 9.74 9.84 9.95
19.45 19.39 19.31 19.22 19.10 19.00 18.91 18.81 18.72 18.57 18.48 18.38 18.26 18.16 18.01 18.00 17.77 17.57 17.47 17.34 17.13 16.98 16.82 16.68 16.62 16.47 16.36 16.25 16.10 15.94 15.98 15.59 15.47 15.38 15.17 14.95 14.80 14.68 14.45 14.22 14.02 13.76 13.30 13.24 12.89 12.74 12.60 12.46 12.18 11.93 11.74 11.66 11.48 11.20 11.03 10.93 10.72 10.55 10.31 10.12 10.00 9.89 9.80 9.79 9.69 9.58 9.72 9.57 9.46 9.65 9.70
19.45 19.36 19.30 19.21 19.07 18.99 18.90 18.78 18.67 18.52 18.41 18.25 18.19 18.12 17.92 17.90 17.68 17.58 17.41 17.26 17.16 16.89 16.85 16.70 16.53 16.42 16.30 16.20 16.07 15.89 15.70 15.63 15.41 15.18 15.02 14.83 14.71 14.46 14.36 14.14 13.89 13.59 13.13 12.85 12.81 12.62 12.36 12.19 12.07 11.82 11.62 11.46 11.26 11.09 10.78 10.69 10.51 10.25 10.07 9.87 9.69 9.64 9.56 9.47 9.43 9.37 9.36 9.27 9.32 9.36 9.65
19.46 19.38 19.28 19.18 19.09 19.00 18.89 18.73 18.65 18.49 18.26 18.23 18.19 17.91 17.83 17.70 17.55 17.49 17.34 17.15 17.00 16.89 16.71 16.65 16.59 16.42 16.27 16.10 15.95 15.71 15.62 15.49 15.31 15.20 14.94 14.72 14.47 14.32 14.17 13.94 13.78 13.48 13.14 12.93 12.69 12.53 12.24 12.06 11.84 11.68 11.56 11.32 11.12 10.91 10.71 10.47 10.31 10.10 9.87 9.65 9.48 9.34 9.28 9.25 9.17 9.17 9.08 9.02 9.06 9.11 9.36
19.49 19.39 19.30 19.17 19.08 18.99 18.94 18.85 18.65 18.40 18.28 18.18 18.08 17.95 17.78 17.63 17.56 17.49 17.29 17.11 16.97 16.87 16.76 16.60 16.52 16.36 16.27 16.08 15.88 15.70 15.52 15.39 15.25 15.03 14.86 14.73 14.44 14.17 14.02 13.94 13.74 13.46 13.11 12.83 12.53 12.24 12.08 11.89 11.70 11.50 11.32 11.17 11.00 10.73 10.48 10.27 10.11 9.89 9.61 9.39 9.20 9.09 9.03 8.98 8.92 8.91 8.78 8.74 8.82 8.92 9.12
19.43 19.38 19.29 19.19 19.06 19.00 18.90 18.72 18.67 18.48 18.37 18.20 18.01 17.90 17.79 17.67 17.53 17.48 17.37 17.09 16.95 16.84 16.68 16.57 16.50 16.37 16.25 16.06 15.89 15.72 15.47 15.32 15.16 14.93 14.68 14.54 14.36 14.08 13.91 13.72 13.66 13.44 13.25 12.84 12.47 12.29 12.18 11.81 11.61 11.35 11.14 10.91 10.77 10.55 10.37 10.09 9.90 9.65 9.37 9.14 8.90 8.80 8.80 8.71 8.66 8.73 8.43 8.55 8.63 8.63 8.75
19.30 19.26 19.24 19.11 19.00 18.88 18.79 18.63 18.49 18.40 18.33 18.23 18.12 18.06 17.80 17.69 17.58 17.47 17.36 17.18 17.02 16.92 16.76 16.49 16.40 16.35 16.26 16.01 15.81 15.60 15.42 15.28 15.13 14.81 14.65 14.43 14.15 13.92 13.79 13.68 13.50 13.27 12.99 12.76 12.49 12.20 11.99 11.71 11.47 11.25 11.04 10.79 10.55 10.39 10.23 9.96 9.70 9.44 9.14 8.88 8.62 8.47 8.44 8.44 8.41 8.46 8.17 8.18 8.39 8.41 8.62
19.25 19.19 19.14 19.11 18.98 18.87 18.75 18.66 18.54 18.43 18.32 18.22 18.10 17.96 17.89 17.73 17.54 17.45 17.33 17.15 17.01 16.91 16.78 16.62 16.35 16.13 16.09 16.04 15.83 15.55 15.31 15.12 14.94 14.75 14.55 14.32 14.09 13.89 13.67 13.53 13.40 13.09 12.78 12.74 12.35 12.22 11.87 11.55 11.36 11.14 10.84 10.59 10.36 10.10 9.92 9.77 9.52 9.24 8.85 8.61 8.37 8.14 8.08 8.11 8.10 8.34 7.93 7.98 8.04 8.22 8.32
19.28 19.21 19.12 19.07 19.00 18.86 18.73 18.64 18.50 18.39 18.32 18.22 18.06 17.91 17.78 17.64 17.56 17.38 17.20 17.11 16.95 16.77 16.60 16.49 16.32 16.09 15.94 15.98 15.78 15.44 15.23 15.02 14.80 14.57 14.35 14.12 13.96 13.74 13.59 13.30 13.16 13.00 12.70 12.40 12.24 11.96 11.86 11.53 11.23 10.94 10.66 10.43 10.14 9.89 9.61 9.47 9.27 9.12 8.62 8.35 8.06 7.87 7.75 7.75 7.83 7.93 7.54 7.61 7.83 7.94 7.98
19.24 19.17 19.11 19.04 18.97 18.85 18.74 18.66 18.52 18.38 18.27 18.20 18.10 17.91 17.75 17.58 17.55 17.37 17.15 17.01 16.89 16.76 16.58 16.45 16.29 16.15 15.91 15.75 15.61 15.42 15.17 14.97 14.76 14.50 14.28 14.02 13.79 13.65 13.42 13.14 12.97 12.84 12.56 12.28 12.02 11.78 11.61 11.39 11.10 10.83 10.59 10.28 10.01 9.77 9.36 9.21 8.99 8.79 8.58 8.07 7.78 7.54 7.41 7.49 7.68 7.67 7.41 7.48 7.51 7.65 7.62
19.23 19.16 19.07 18.99 18.91 18.81 18.71 18.61 18.46 18.33 18.27 18.16 18.04 17.88 17.66 17.53 17.42 17.38 17.24 17.03 16.75 16.63 16.63 16.40 16.16 16.10 15.99 15.78 15.58 15.36 15.08 14.95 14.72 14.47 14.19 13.98 13.79 13.59 13.30 12.98 12.80 12.64 12.40 12.14 11.85 11.59 11.45 11.23 10.94 10.68 10.40 10.18 9.95 9.62 9.29 8.97 8.81 8.58 8.41 7.88 7.52 7.24 7.24 7.43 7.37 7.32 7.25 7.25 7.24 7.32 7.47
19.22 19.13 19.04 18.95 18.84 18.72 18.60 18.46 18.31 18.26 18.17 18.05 17.93 17.83 17.65 17.50 17.37 17.21 17.10 16.95 16.81 16.61 16.47 16.31 16.16 16.04 15.87 15.79 15.52 15.35 15.01 14.82 14.61 14.36 14.14 13.91 13.88 13.49 13.19 12.94 12.62 12.48 12.25 12.00 11.68 11.41 11.26 11.00 10.80 10.48 10.24 9.94 9.73 9.44 9.12 8.79 8.53 8.32 8.05 7.80 7.23 6.89 7.00 7.14 7.13 7.12 6.99 7.01 6.99 7.09 7.18
