maui/input/air_temperature_monthly/tminoct_250m_maui.asc
ncols        356
nrows        236
xllcorner    -156.702000000000
yllcorner    20.529750000000
cellsize     0.002250000000
NODATA_value  -99.00
[rows 160 to 191 of 236, columns 213 to 283 of 356]
4.34 4.43 4.51 4.54 4.56 4.68 4.85 5.06 5.19 5.30 5.29 5.49 5.23 5.17 5.13 5.12 5.10 5.17 5.23 5.08 5.05 5.07 5.10 5.56 6.25 6.90 8.17 8.79 8.98 9.07 9.11 9.06 9.12 9.06 8.99 9.03 9.30 8.88 7.10 6.62 6.90 7.00 7.07 7.13 7.25 7.45 7.57 7.78 8.08 8.14 8.16 8.77 9.72 11.60 11.49 11.68 11.92 12.14 12.42 12.52 12.76 12.88 13.39 14.30 14.47 14.70 14.92 14.51 12.58 11.56 11.71
4.61 4.67 4.75 4.78 4.84 4.92 5.11 5.28 5.41 5.52 5.59 5.89 5.56 5.51 5.52 5.48 5.46 5.60 5.60 5.46 5.39 5.44 5.55 5.51 5.54 6.47 7.43 9.13 9.24 9.43 9.44 9.47 9.55 9.58 9.40 9.52 9.71 9.63 7.89 7.22 7.43 7.52 7.63 7.73 7.85 7.94 8.13 8.35 8.53 8.58 8.60 8.71 9.00 10.73 11.95 11.92 12.12 12.38 12.72 12.86 13.08 13.20 13.21 13.18 13.85 15.15 15.13 14.67 12.90 11.92 12.14
4.90 4.93 5.00 5.06 5.15 5.26 5.34 5.53 5.66 5.74 6.05 6.69 6.21 5.99 6.06 5.96 5.89 6.35 6.05 6.01 6.03 6.17 6.44 6.08 6.07 6.14 7.09 8.66 9.62 9.70 9.75 9.82 9.93 9.91 9.99 9.99 10.11 10.18 8.72 7.74 8.02 8.07 8.22 8.32 8.48 8.62 8.71 8.82 8.80 8.87 8.95 9.07 9.22 9.64 11.11 11.88 12.77 12.66 12.99 13.21 13.42 13.46 13.44 13.40 14.59 15.43 15.58 15.00 13.57 12.44 12.59
5.18 5.27 5.30 5.35 5.48 5.56 5.66 5.82 6.23 6.31 6.78 7.24 7.10 6.91 6.91 6.84 6.89 7.10 6.90 6.82 6.95 7.33 7.45 7.21 7.07 6.87 6.81 8.08 9.70 10.05 10.16 10.18 10.29 10.35 10.36 10.32 10.42 10.41 9.37 8.24 8.52 8.63 8.65 8.94 9.15 9.21 9.27 9.26 9.03 9.16 9.35 9.43 9.65 9.81 9.92 10.55 12.03 13.04 13.27 13.51 13.59 13.72 13.68 13.67 14.49 15.62 15.64 15.69 14.18 12.82 12.98
5.53 5.57 5.60 5.70 5.75 6.01 6.37 6.65 6.95 7.20 7.45 7.68 7.86 7.78 7.77 7.73 7.79 7.77 8.04 7.74 7.99 8.13 8.17 8.57 8.03 7.77 7.59 7.64 8.93 10.35 10.46 10.53 10.60 10.71 10.68 10.64 10.78 10.76 9.60 8.94 8.90 9.26 9.32 9.49 9.75 9.79 9.86 9.75 9.46 9.52 9.63 9.82 9.98 10.22 10.33 10.37 11.17 11.68 13.10 13.91 14.00 14.04 13.96 13.93 14.02 15.59 15.79 15.91 14.93 13.39 13.35
6.06 6.25 6.16 6.60 6.59 7.02 7.21 7.59 7.70 8.06 8.21 8.38 8.45 8.67 8.65 8.63 8.68 8.59 8.90 8.63 8.98 9.09 9.18 9.59 8.85 8.78 8.61 8.39 8.52 9.71 10.69 10.83 10.97 11.12 11.08 11.09 11.14 11.10 10.45 9.61 9.58 9.76 9.89 10.06 10.25 10.28 10.35 10.27 10.07 10.06 10.19 10.22 10.48 10.59 10.94 10.87 11.01 11.19 11.92 13.33 14.26 14.38 14.33 14.30 14.44 15.69 15.98 16.09 15.76 14.44 13.86
6.75 7.17 7.18 7.33 7.41 7.66 7.96 8.88 8.53 9.25 8.96 9.00 9.11 9.38 9.37 9.31 9.63 9.44 9.42 9.42 10.33 10.13 10.49 10.71 9.67 9.71 9.49 9.31 9.23 9.31 10.65 11.22 11.35 11.42 11.44 11.43 11.54 11.67 11.44 10.11 10.23 10.34 10.42 10.72 10.75 10.88 10.95 10.77 10.67 10.63 10.70 10.85 10.89 11.21 11.35 11.47 11.60 11.67 11.75 12.85 14.23 14.59 14.56 14.69 14.78 15.45 16.15 16.19 16.40 15.41 14.38
7.53 7.74 7.94 8.23 8.23 8.46 8.85 9.33 9.48 9.80 9.80 9.83 9.84 10.05 10.03 10.14 10.36 10.22 10.34 10.34 10.73 11.14 11.31 11.22 10.52 10.51 10.41 10.12 10.04 10.21 10.38 11.52 11.72 11.79 11.94 11.83 11.94 12.01 12.03 10.78 10.85 10.97 11.08 11.28 11.29 12.14 12.59 12.45 11.11 11.23 11.34 11.47 11.61 11.77 11.90 12.14 12.09 12.16 12.29 12.59 13.94 14.71 14.70 14.83 14.99 15.02 16.09 16.37 16.45 16.38 15.00
8.33 8.44 8.85 9.05 9.04 9.42 9.65 9.79 10.44 10.40 10.49 10.63 10.86 10.68 11.06 10.85 11.61 11.01 11.45 11.29 11.37 12.81 11.84 11.93 11.26 11.16 11.16 10.89 10.94 11.00 10.97 11.80 12.08 12.19 12.28 12.29 12.35 12.37 12.32 11.32 11.41 11.53 11.64 11.85 12.68 13.74 15.25 14.22 12.21 11.66 11.94 12.05 12.35 12.59 12.54 13.02 12.66 12.67 12.85 12.97 13.26 14.37 15.84 15.05 15.22 15.35 15.91 16.42 16.63 16.80 16.09
9.12 9.15 9.52 9.79 9.80 10.12 10.74 10.71 11.03 11.14 11.37 11.31 11.46 12.04 11.86 11.72 12.56 11.79 12.16 12.16 12.22 12.96 12.81 13.02 12.02 11.88 11.88 11.68 11.60 11.79 11.67 11.60 12.45 12.53 12.55 12.78 12.77 12.74 12.58 12.13 12.03 12.07 12.14 12.33 14.04 15.27 15.39 13.60 12.07 12.23 12.38 12.64 12.84 13.13 13.39 13.65 13.30 13.29 13.43 13.51 13.75 14.12 15.22 15.77 15.41 15.58 15.79 16.77 16.86 16.96 16.93
9.82 9.88 10.11 10.58 10.62 10.88 11.30 11.54 11.54 11.93 12.66 12.31 12.09 12.82 12.88 12.66 13.47 12.56 13.33 12.90 13.12 13.61 14.30 14.60 12.65 12.55 12.72 12.30 12.21 12.71 12.27 12.33 13.02 13.02 12.97 12.99 13.02 12.97 12.80 12.59 12.57 12.69 12.61 13.19 14.87 16.78 15.14 13.58 12.60 12.80 13.03 13.19 13.39 13.68 13.96 14.14 13.90 13.89 14.01 14.09 14.22 14.60 14.86 17.36 16.07 15.81 15.84 16.22 17.11 17.30 17.37
10.46 10.56 10.79 11.35 11.34 11.58 12.12 12.75 12.31 12.56 14.37 13.94 12.71 13.90 13.36 13.25 13.82 13.36 13.54 13.57 14.55 14.50 15.57 14.38 13.25 13.19 13.58 13.00 13.02 13.55 13.16 13.19 13.55 13.45 13.40 13.35 13.31 13.26 13.12 13.14 13.25 13.70 13.79 13.86 16.11 16.67 15.14 13.40 13.08 13.34 13.57 13.70 14.03 13.99 14.35 14.55 14.41 14.44 14.52 14.62 14.73 15.04 15.49 16.16 17.48 16.22 15.77 15.98 16.98 17.46 17.49
11.41 11.41 11.66 11.91 12.27 12.39 12.68 13.49 13.09 13.26 14.44 13.98 13.45 14.33 13.63 13.94 14.48 14.28 14.03 14.30 15.23 15.68 15.32 13.95 13.98 13.94 13.87 13.67 13.84 14.16 13.92 14.31 13.90 13.86 13.79 13.77 13.64 13.56 13.65 13.66 14.31 14.94 14.04 14.69 16.58 16.40 14.73 13.66 13.62 13.79 13.99 14.17 14.33 14.51 14.67 14.93 14.95 15.05 14.99 15.35 15.28 15.45 15.72 16.18 17.24 17.26 16.53 16.49 16.75 17.58 17.67
11.73 12.21 12.22 12.50 13.20 13.10 13.36 13.82 14.28 13.84 14.36 15.44 14.30 15.13 14.56 15.06 15.19 14.74 14.84 15.27 15.75 16.67 15.43 14.89 14.59 14.75 14.44 14.36 14.40 14.84 14.93 14.56 14.31 14.20 14.21 14.08 14.02 14.03 14.29 14.22 14.35 15.77 14.74 16.43 17.86 15.78 14.26 14.22 14.09 14.22 14.34 14.61 14.80 15.09 15.11 15.15 15.67 15.65 15.55 15.78 15.94 16.09 16.33 16.42 16.90 18.06 17.24 16.89 17.23 17.37 17.83
12.26 12.68 13.11 13.18 13.72 13.77 14.03 14.71 15.54 14.64 14.59 15.26 15.53 15.67 15.46 15.63 15.56 15.41 15.59 15.42 15.65 16.87 16.15 15.78 15.60 15.57 15.03 15.09 15.16 15.22 15.42 14.98 14.61 14.65 14.47 14.49 14.46 14.70 14.91 14.79 15.08 15.77 15.34 17.07 17.39 15.66 14.76 14.74 14.66 14.76 14.90 15.03 15.25 15.61 15.65 15.76 15.91 16.25 16.15 16.33 16.46 16.69 16.66 16.81 17.56 17.39 18.00 17.43 17.63 17.85 17.97
12.87 13.07 13.88 13.82 14.34 14.37 14.84 14.95 15.56 15.43 15.38 15.59 16.04 15.94 16.00 16.02 16.10 15.97 16.27 15.97 16.37 16.90 16.76 16.30 15.86 15.70 15.59 15.74 15.91 15.89 15.72 15.26 15.16 14.98 14.86 14.91 15.03 15.18 15.24 15.29 15.94 15.69 16.21 16.84 18.04 16.04 15.22 15.30 15.24 15.27 15.39 15.49 15.68 15.82 15.96 16.21 16.20 17.11 16.62 16.90 17.06 16.87 17.40 17.27 17.58 17.93 17.97 18.14 18.31 18.18 18.40
13.41 13.74 13.99 15.26 14.75 15.22 15.14 15.61 15.55 16.30 16.04 16.11 16.42 17.00 16.55 16.59 16.55 16.52 16.66 16.53 16.55 16.93 17.93 16.50 16.43 16.29 16.14 16.40 16.67 16.34 16.04 15.83 15.62 15.51 15.48 15.57 15.72 15.80 15.81 15.97 16.56 16.06 16.99 17.39 18.53 16.76 15.74 15.80 15.69 15.74 15.83 15.96 16.08 16.27 16.59 16.92 16.64 16.77 17.29 17.10 17.46 17.48 17.65 17.95 17.89 18.93 18.26 18.66 18.91 18.53 18.79
13.90 14.05 14.40 14.62 15.63 15.50 15.71 16.23 16.05 16.82 16.65 16.67 16.76 17.33 16.93 17.05 17.02 17.06 17.04 16.94 16.91 17.12 18.11 17.03 17.29 16.86 16.65 16.85 16.98 16.70 16.47 16.24 16.15 16.04 16.09 16.11 16.16 16.25 16.34 16.54 17.07 17.05 17.34 18.18 18.01 16.50 16.32 16.24 16.20 16.18 16.26 16.42 16.49 16.58 17.03 16.96 17.16 17.03 17.94 17.93 18.14 18.56 18.21 18.51 18.57 18.99 18.78 18.90 18.98 19.09 19.10
14.35 14.54 14.84 15.18 15.43 16.40 16.91 16.24 17.06 16.79 16.98 17.06 17.13 17.15 17.87 17.87 17.46 17.38 17.67 17.44 17.42 17.46 17.76 17.70 17.41 17.26 17.21 17.36 17.30 17.06 16.90 16.68 16.56 16.51 16.45 16.59 16.67 16.73 16.92 17.08 17.92 17.68 17.90 18.84 18.19 16.87 16.94 16.74 16.71 16.73 16.76 16.79 16.93 16.96 17.26 17.36 17.67 17.58 17.91 17.87 18.72 18.41 18.90 19.29 18.78 19.11 19.68 19.22 19.23 19.39 19.49
14.87 15.04 15.19 15.54 15.86 16.15 17.47 16.83 16.94 17.27 17.26 17.36 17.48 17.49 17.75 17.83 18.20 17.86 17.97 17.91 17.87 18.21 18.00 17.93 17.82 17.76 17.73 17.72 17.62 17.48 17.35 17.04 17.04 17.04 16.94 17.08 17.20 17.36 17.42 17.56 18.29 18.37 18.43 17.86 19.36 17.32 17.42 17.32 17.21 17.22 17.30 17.24 17.25 17.38 17.46 17.88 17.79 18.68 18.06 18.84 18.30 19.92 19.11 19.07 19.82 19.38 19.87 19.57 19.56 19.64 19.81
15.42 15.48 15.62 15.86 16.20 16.56 17.46 17.25 17.39 17.80 17.59 17.70 17.76 17.79 17.96 18.37 18.46 18.27 18.49 18.24 18.29 18.40 18.27 18.71 18.22 18.10 18.15 18.07 17.91 17.85 17.67 17.56 17.46 17.45 17.50 17.55 17.64 17.78 17.92 17.98 18.58 18.66 18.60 18.48 19.42 17.84 17.89 17.85 17.77 17.68 17.76 17.93 17.69 17.94 17.85 18.12 18.07 18.60 18.69 18.64 19.02 19.00 20.24 19.98 20.08 20.08 20.06 19.90 19.86 19.78 19.90
16.15 15.99 16.23 16.38 16.59 17.06 17.35 18.47 17.71 17.90 17.92 18.06 18.11 18.07 18.31 18.50 18.53 18.57 18.84 18.63 18.65 18.78 18.65 18.95 18.55 18.50 18.39 18.30 18.17 18.05 18.04 17.97 17.93 17.93 17.91 17.91 18.01 18.23 18.33 18.41 18.75 18.77 18.61 19.58 18.55 18.37 18.29 18.32 18.37 18.19 18.24 18.42 18.17 18.21 18.57 18.33 18.62 18.68 19.94 18.99 19.36 19.35 20.29 19.90 19.87 20.36 20.25 20.17 20.17 20.15 20.06
16.72 16.44 16.55 16.81 16.97 17.24 17.53 17.99 18.23 18.28 18.25 18.32 18.35 18.37 18.53 18.70 18.92 19.26 19.20 19.07 18.99 18.93 18.97 19.13 18.90 18.76 18.64 18.56 18.35 18.28 18.35 18.32 18.24 18.23 18.14 18.26 18.33 18.60 18.63 18.69 18.88 18.92 18.76 19.54 18.91 18.86 18.69 18.80 18.86 18.75 18.77 18.95 18.75 18.72 19.37 19.06 18.94 19.08 19.27 20.01 19.84 19.82 20.13 20.72 20.72 20.68 20.42 20.39 20.42 20.40 20.35
16.79 16.91 17.25 17.40 17.40 17.57 17.93 18.17 19.37 18.67 18.56 18.60 18.69 18.71 18.78 18.96 19.53 19.67 19.38 19.34 19.29 19.28 19.33 19.15 19.04 18.93 18.92 18.84 18.73 18.58 18.62 18.62 18.57 18.50 18.49 18.57 18.64 18.78 18.79 18.94 19.01 19.12 19.18 19.23 19.64 19.38 19.15 19.35 19.32 19.23 19.32 19.51 19.28 19.22 19.51 20.11 19.34 19.40 19.58 19.72 20.59 20.76 -9999.00 -9999.00 -9999.00 -9999.00 20.74 20.57 20.58 20.55 20.60
17.29 17.64 17.62 18.09 17.96 18.00 18.18 18.64 18.86 19.09 18.90 18.97 19.01 19.04 19.09 19.24 19.30 19.49 19.87 19.62 19.56 19.51 19.32 19.31 19.19 19.14 19.14 19.06 18.98 18.83 18.82 18.89 18.91 18.96 18.88 18.84 18.86 18.93 19.09 19.16 19.23 19.32 19.45 19.61 20.15 19.58 19.78 19.84 19.74 19.73 19.90 19.95 19.69 19.65 20.24 20.36 19.79 19.84 20.00 20.18 20.68 -9999.00 -9999.00 -9999.00 -9999.00 -9999.00 -9999.00 -9999.00 -9999.00 -9999.00 -9999.00
17.64 17.91 17.98 18.35 18.57 18.44 18.57 18.81 19.07 19.87 19.26 19.23 19.27 19.33 19.42 19.65 19.64 19.68 19.80 19.98 19.82 19.80 19.57 19.41 19.37 19.31 19.21 19.19 19.18 19.18 19.19 19.15 19.06 19.19 19.23 19.10 19.12 19.16 19.28 19.39 19.57 19.64 19.68 19.80 20.23 19.95 20.30 20.24 20.16 20.19 20.24 20.44 20.05 20.03 20.55 20.38 20.17 20.38 20.75 20.82 -9999.00 -9999.00 -9999.00 -9999.00 -9999.00 -9999.00 -9999.00 -9999.00 -9999.00 -9999.00 -9999.00
18.44 18.20 18.44 18.60 18.78 19.02 18.96 19.21 19.37 20.08 19.71 19.60 19.58 19.61 19.66 19.88 19.93 19.95 19.94 20.16 20.12 19.65 19.56 19.65 19.47 19.40 19.33 19.32 19.37 19.49 19.44 19.33 19.34 19.41 19.38 19.34 19.42 19.34 19.51 19.63 19.73 19.77 19.85 20.02 20.13 20.51 20.48 20.55 20.50 20.61 20.77 20.86 20.54 20.54 20.88 20.87 20.87 -9999.00 -9999.00 -9999.00 -9999.00 -9999.00 -9999.00 -9999.00 -9999.00 -9999.00 -9999.00 -9999.00 -9999.00 -9999.00 -9999.00
18.44 18.76 18.75 18.90 19.10 19.55 19.48 19.57 19.72 19.82 20.44 19.91 19.93 19.90 19.97 20.05 20.29 20.23 20.28 20.24 20.05 19.90 19.88 19.73 19.64 19.59 19.55 19.54 19.60 19.65 19.66 19.54 19.64 19.55 19.57 19.63 19.63 19.56 19.70 19.81 19.89 19.91 19.94 20.11 20.22 20.39 20.59 20.60 20.77 20.90 -9999.00 -9999.00 -9999.00 -9999.00 -9999.00 -9999.00 -9999.00 -9999.00 -9999.00 -9999.00 -9999.00 -9999.00 -9999.00 -9999.00 -9999.00 -9999.00 -9999.00 -9999.00 -9999.00 -9999.00 -9999.00
18.69 18.97 19.12 19.18 19.43 19.59 19.78 19.91 20.06 20.10 20.59 20.12 20.23 20.28 20.27 20.40 20.44 20.46 20.47 20.48 20.17 20.18 20.08 19.98 19.74 19.70 19.66 19.72 19.85 19.82 19.77 19.93 19.78 19.73 19.74 19.80 19.84 19.84 19.89 19.99 19.97 20.05 20.12 20.24 20.34 20.55 20.63 20.78 20.85 -9999.00 -9999.00 -9999.00 -9999.00 -9999.00 -9999.00 -9999.00 -9999.00 -9999.00 -9999.00 -9999.00 -9999.00 -9999.00 -9999.00 -9999.00 -9999.00 -9999.00 -9999.00 -9999.00 -9999.00 -9999.00 -9999.00
18.94 19.25 19.63 19.50 19.65 19.81 20.19 20.11 20.24 20.37 20.75 20.42 20.46 20.50 20.55 20.56 20.84 20.74 20.71 20.63 20.54 20.50 20.31 20.19 20.09 19.98 19.88 19.91 20.06 20.07 20.16 20.07 19.97 19.86 19.90 19.95 19.96 20.01 20.06 20.12 20.23 20.24 20.23 20.34 20.44 20.63 20.79 20.90 20.90 -9999.00 -9999.00 -9999.00 -9999.00 -9999.00 -9999.00 -9999.00 -9999.00 -9999.00 -9999.00 -9999.00 -9999.00 -9999.00 -9999.00 -9999.00 -9999.00 -9999.00 -9999.00 -9999.00 -9999.00 -9999.00 -9999.00
19.27 19.55 19.73 19.89 19.91 20.07 20.27 20.37 20.44 20.56 20.87 20.65 20.70 20.74 20.75 20.78 20.95 20.87 20.76 20.79 20.72 20.66 20.58 20.34 20.18 20.10 20.04 19.92 20.16 20.27 20.30 20.23 20.15 20.03 20.05 20.09 20.17 20.17 20.21 20.26 20.35 20.42 20.58 20.53 20.62 20.69 20.78 -9999.00 -9999.00 -9999.00 -9999.00 -9999.00 -9999.00 -9999.00 -9999.00 -9999.00 -9999.00 -9999.00 -9999.00 -9999.00 -9999.00 -9999.00 -9999.00 -9999.00 -9999.00 -9999.00 -9999.00 -9999.00 -9999.00 -9999.00 -9999.00
19.63 19.79 20.02 20.15 20.22 20.38 20.53 20.60 20.68 20.79 20.79 21.04 20.91 20.91 21.00 21.06 21.01 20.93 20.82 20.92 20.87 20.75 20.74 20.40 20.22 20.28 20.08 20.17 20.33 20.45 20.34 20.34 20.30 20.42 20.18 20.25 20.30 20.37 20.38 20.43 20.55 20.57 20.69 20.92 20.96 20.96 -9999.00 -9999.00 -9999.00 -9999.00 -9999.00 -9999.00 -9999.00 -9999.00 -9999.00 -9999.00 -9999.00 -9999.00 -9999.00 -9999.00 -9999.00 -9999.00 -9999.00 -9999.00 -9999.00 -9999.00 -9999.00 -9999.00 -9999.00 -9999.00 -9999.00
