maui/input/air_temperature_monthly/tminjan_250m_maui.asc
ncols        356
nrows        236
xllcorner    -156.702000000000
yllcorner    20.529750000000
cellsize     0.002250000000
NODATA_value  -99.00
[rows 128 to 159 of 236, columns 144 to 215 of 356]
15.52 15.38 15.30 15.19 15.10 14.97 14.84 14.74 14.59 14.55 14.45 14.35 14.14 13.99 13.92 13.77 13.62 13.47 13.33 13.19 13.12 12.91 12.77 12.63 12.57 12.37 12.09 11.94 11.61 11.36 11.18 11.00 10.91 10.72 10.42 10.11 9.85 9.69 9.31 9.12 8.93 8.64 8.38 8.12 7.88 7.70 7.46 7.29 7.01 6.70 6.44 6.17 5.80 5.45 5.17 4.99 4.74 4.51 4.25 3.62 3.80 4.14 4.15 4.26 4.11 4.00 4.11 4.13 4.28 4.46 4.60 4.66
15.41 15.31 15.22 15.12 15.04 14.92 14.76 14.66 14.57 14.45 14.41 14.23 14.08 13.95 13.76 13.61 13.51 13.38 13.23 13.05 12.93 12.83 12.68 12.44 12.30 12.09 12.14 11.73 11.57 11.39 11.14 10.97 10.81 10.61 10.43 10.10 9.70 9.44 9.26 9.19 8.92 8.60 8.26 7.98 7.73 7.53 7.32 7.09 6.94 6.66 6.40 6.02 5.58 5.29 4.92 4.71 4.53 4.24 3.99 3.88 3.83 3.88 3.99 3.88 3.79 3.72 3.73 3.91 4.02 4.10 4.27 4.33
15.37 15.32 15.22 15.10 14.97 14.85 14.78 14.63 14.50 14.40 14.22 14.12 14.06 13.82 13.71 13.56 13.48 13.26 13.06 12.94 12.80 12.66 12.55 12.43 12.17 12.04 11.82 11.74 11.54 11.24 11.06 10.84 10.66 10.48 10.21 9.91 9.62 9.37 9.16 8.93 8.75 8.48 8.16 7.96 7.61 7.36 7.13 6.93 6.64 6.43 6.16 5.82 5.50 5.05 4.82 4.54 4.32 4.06 3.81 3.72 3.74 3.73 3.76 3.71 3.54 3.50 3.56 3.63 3.65 3.81 4.06 5.15
15.35 15.26 15.16 15.04 14.96 14.89 14.77 14.58 14.46 14.33 14.14 13.99 13.83 13.74 13.65 13.51 13.34 13.23 13.01 12.86 12.64 12.55 12.47 12.23 12.05 11.89 11.64 11.57 11.52 11.18 10.95 10.71 10.49 10.31 10.09 9.74 9.49 9.27 9.00 8.71 8.49 8.36 8.04 7.67 7.51 7.30 6.97 6.77 6.49 6.19 5.96 5.66 5.34 4.98 4.69 4.43 4.21 3.96 3.71 3.61 3.59 3.54 3.55 3.42 3.32 3.40 3.30 3.33 3.47 3.44 4.62 6.17
15.33 15.20 15.07 15.04 14.95 14.81 14.70 14.51 14.40 14.29 14.08 13.97 13.82 13.65 13.55 13.45 13.42 13.12 12.96 12.76 12.55 12.42 12.27 12.09 11.91 11.96 11.47 11.37 11.23 11.08 10.88 10.54 10.35 10.14 9.85 9.69 9.40 9.15 8.81 8.45 8.26 8.09 7.86 7.72 7.36 7.08 6.81 6.60 6.24 6.00 5.70 5.46 5.17 4.83 4.53 4.30 4.02 3.83 3.56 3.38 3.43 3.30 3.22 3.19 3.15 3.16 3.13 3.13 3.16 3.09 4.32 5.32
15.29 15.14 15.04 14.96 14.89 14.76 14.62 14.43 14.31 14.21 14.07 13.86 13.73 13.57 13.44 13.28 13.14 13.11 12.86 12.70 12.46 12.29 12.13 11.97 11.78 11.59 11.36 11.37 11.14 10.91 10.67 10.41 10.30 10.12 9.83 9.55 9.31 9.02 8.71 8.31 7.98 7.78 7.59 7.34 7.21 6.94 6.61 6.34 6.08 5.84 5.53 5.35 5.02 4.73 4.44 4.17 3.93 3.59 3.37 3.19 3.17 3.16 3.10 3.09 3.08 3.03 3.05 2.99 3.01 3.11 4.26 3.89
15.28 15.12 15.02 14.92 14.83 14.68 14.49 14.34 14.22 14.11 13.98 13.77 13.58 13.41 13.31 13.15 13.05 12.91 12.85 12.60 12.40 12.21 12.04 11.86 11.65 11.45 11.25 11.11 10.99 10.90 10.51 10.30 10.17 10.04 9.74 9.55 9.19 8.95 8.58 8.24 7.96 7.62 7.26 7.07 6.86 6.70 6.47 6.13 5.81 5.60 5.45 5.23 4.92 4.61 4.16 3.87 3.56 3.43 3.21 3.13 3.07 3.05 2.99 3.01 2.94 2.95 2.91 2.87 2.82 2.86 3.10 3.12
15.27 15.17 15.05 14.89 14.82 14.75 14.59 14.41 14.25 14.10 13.86 13.75 13.53 13.31 13.27 13.13 12.96 12.78 12.59 12.55 12.35 12.16 11.95 11.80 11.58 11.35 11.17 10.99 10.83 10.68 10.47 10.20 10.07 9.90 9.68 9.46 9.28 8.89 8.47 8.18 7.92 7.62 7.22 6.88 6.59 6.37 6.27 5.96 5.62 5.38 5.21 4.99 4.71 4.49 4.20 3.66 3.22 3.14 3.14 3.03 2.97 2.95 2.85 2.89 2.82 2.81 2.78 2.74 2.71 2.73 2.78 2.90
15.18 15.08 14.99 14.91 14.77 14.69 14.57 14.42 14.21 14.04 13.81 13.65 13.48 13.32 13.19 13.08 12.88 12.76 12.50 12.36 12.32 12.12 11.92 11.66 11.48 11.30 11.12 10.91 10.73 10.56 10.29 10.14 10.01 9.88 9.61 9.37 9.02 8.83 8.45 8.13 7.77 7.47 7.18 6.91 6.56 6.21 6.07 5.74 5.34 5.11 4.92 4.77 4.47 4.17 3.88 3.63 3.29 3.15 3.06 2.93 2.85 2.83 2.74 2.74 2.69 2.66 2.64 2.65 2.62 2.63 2.82 3.22
15.15 15.05 14.94 14.86 14.75 14.66 14.46 14.34 14.18 14.07 13.88 13.63 13.44 13.26 13.10 12.99 12.75 12.60 12.38 12.21 12.13 12.04 11.89 11.70 11.46 11.22 11.04 10.83 10.67 10.41 10.21 10.02 9.87 9.71 9.59 9.31 9.04 8.56 8.31 8.02 7.78 7.39 6.97 6.73 6.37 6.06 5.76 5.47 5.01 4.84 4.66 4.52 4.27 3.80 3.53 3.28 3.17 3.04 2.94 2.85 2.77 2.73 2.64 2.62 2.57 2.50 2.55 2.51 2.48 2.88 3.20 3.61
15.14 15.00 14.84 14.80 14.65 14.49 14.43 14.27 14.17 14.05 13.83 13.59 13.41 13.22 13.05 12.82 12.67 12.49 12.26 12.15 12.02 11.91 11.81 11.54 11.37 11.15 10.92 10.67 10.56 10.36 10.12 9.85 9.67 9.42 9.19 9.04 8.73 8.48 8.07 7.81 7.48 7.20 6.92 6.50 6.23 5.87 5.56 5.18 4.78 4.51 4.40 4.20 3.96 3.54 3.21 3.12 3.04 2.94 2.83 2.77 2.67 2.60 2.53 2.49 2.46 2.38 2.36 2.33 2.54 2.95 3.51 4.08
15.10 14.97 14.80 14.72 14.58 14.51 14.32 14.24 14.05 13.90 13.77 13.57 13.42 13.17 13.01 12.79 12.59 12.41 12.23 12.05 11.99 11.76 11.60 11.40 11.20 11.01 10.87 10.61 10.40 10.25 10.02 9.76 9.46 9.06 8.91 8.90 8.49 8.16 7.97 7.74 7.40 6.96 6.61 6.41 6.03 5.66 5.29 4.87 4.52 4.23 4.18 3.79 3.54 3.25 3.12 3.02 2.91 2.82 2.72 2.66 2.56 2.45 2.43 2.36 2.34 2.24 2.16 2.53 2.95 3.06 3.51 4.13
15.04 14.96 14.76 14.62 14.48 14.39 14.29 14.14 14.06 13.85 13.74 13.58 13.39 13.12 12.90 12.70 12.53 12.34 12.12 11.93 11.78 11.72 11.43 11.24 11.02 10.82 10.68 10.56 10.41 10.15 9.83 9.52 9.26 8.99 8.73 8.53 8.35 8.05 7.67 7.55 7.19 6.80 6.38 6.08 5.74 5.40 5.08 4.67 4.24 3.93 3.66 3.35 3.24 3.11 3.01 2.90 2.83 2.69 2.60 2.51 2.45 2.32 2.18 2.25 2.17 2.08 2.05 2.44 2.98 3.35 3.84 4.02
15.01 14.92 14.77 14.63 14.44 14.27 14.17 14.06 13.93 13.82 13.73 13.54 13.37 13.16 12.92 12.72 12.46 12.26 12.05 11.88 11.66 11.47 11.39 11.09 10.90 10.72 10.56 10.41 10.19 9.98 9.69 9.45 9.10 8.81 8.57 8.21 8.12 7.76 7.45 7.20 6.82 6.42 5.98 5.77 5.39 5.17 4.78 4.28 3.92 3.67 3.30 3.18 3.08 2.98 2.89 2.77 2.68 2.58 2.45 2.42 2.36 2.20 2.09 2.09 1.99 1.96 2.10 2.44 2.83 3.29 3.52 3.66
14.95 14.92 14.65 14.54 14.41 14.25 14.08 13.96 13.89 13.69 13.57 13.36 13.27 13.07 12.84 12.76 12.47 12.22 12.03 11.72 11.54 11.34 11.16 10.98 10.90 10.70 10.39 10.34 10.04 9.79 9.63 9.32 9.02 8.75 8.30 7.92 7.61 7.31 7.06 6.75 6.49 6.17 5.83 5.47 5.08 4.78 4.52 4.15 3.63 3.26 3.18 3.11 2.98 2.84 2.72 2.61 2.55 2.45 2.35 2.30 2.23 2.11 1.99 1.91 1.86 1.94 2.26 2.68 2.61 2.94 3.29 3.50
14.88 14.71 14.61 14.52 14.33 14.18 14.06 13.93 13.76 13.63 13.49 13.24 13.05 12.99 12.70 12.41 12.34 12.17 11.91 11.72 11.56 11.28 11.08 10.90 10.67 10.55 10.31 10.14 9.87 9.69 9.39 9.12 8.86 8.36 8.07 7.63 7.25 7.11 6.68 6.39 6.22 5.86 5.45 5.17 4.82 4.44 4.23 3.88 3.31 3.12 3.04 2.99 2.89 2.74 2.61 2.51 2.43 2.37 2.28 2.16 2.07 1.98 1.90 1.77 1.71 2.10 2.63 2.88 3.08 3.12 3.29 3.30
14.81 14.67 14.54 14.48 14.27 14.10 14.00 13.85 13.66 13.54 13.37 13.11 12.97 12.81 12.66 12.39 12.19 12.07 11.85 11.69 11.54 11.28 11.02 10.80 10.50 10.28 10.10 9.91 9.72 9.46 9.18 8.90 8.44 8.09 7.76 7.32 6.94 6.67 6.42 6.07 5.80 5.49 5.14 4.79 4.51 4.09 3.68 3.37 3.18 3.00 2.89 2.83 2.78 2.67 2.54 2.41 2.32 2.25 2.17 2.05 1.94 1.84 1.76 1.65 2.01 2.27 2.53 2.75 3.18 3.25 3.26 3.27
14.72 14.62 14.48 14.32 14.27 14.11 13.88 13.67 13.62 13.45 13.29 13.10 12.94 12.69 12.47 12.22 12.08 11.88 11.74 11.49 11.28 11.15 10.88 10.62 10.36 10.05 9.79 9.63 9.40 9.15 8.93 8.55 8.08 7.75 7.40 7.13 6.72 6.38 6.03 5.68 5.33 5.00 4.73 4.29 3.94 3.59 3.28 3.14 3.03 2.89 2.77 2.69 2.63 2.56 2.43 2.35 2.25 2.19 2.10 1.96 1.86 1.76 1.66 1.79 2.19 2.57 2.82 3.00 3.13 3.24 3.23 3.24
14.72 14.59 14.40 14.22 14.13 13.99 13.77 13.62 13.48 13.34 13.15 12.96 12.80 12.57 12.40 12.19 11.97 11.79 11.61 11.33 11.19 10.91 10.73 10.50 10.16 9.79 9.53 9.31 9.03 8.82 8.61 8.31 7.97 7.55 7.19 6.82 6.45 6.11 5.75 5.34 5.07 4.69 4.24 3.91 3.42 3.19 3.11 2.99 2.90 2.78 2.67 2.55 2.51 2.45 2.36 2.23 2.15 2.09 1.99 1.90 1.78 1.68 1.60 1.96 2.20 2.61 2.93 3.07 3.17 3.20 3.21 3.22
14.65 14.57 14.40 14.21 14.03 13.86 13.66 13.51 13.40 13.20 13.01 12.84 12.70 12.47 12.32 12.12 11.93 11.66 11.43 11.23 11.04 10.78 10.59 10.36 10.01 9.72 9.52 9.13 8.75 8.42 8.30 8.03 7.68 7.30 6.95 6.55 6.17 5.82 5.43 5.01 4.68 4.40 3.97 3.52 3.23 3.06 2.94 2.81 2.77 2.64 2.54 2.48 2.35 2.29 2.21 2.12 2.02 1.95 1.89 1.77 1.67 1.61 1.81 2.00 2.40 2.66 2.92 3.10 3.12 3.14 3.17 3.19
14.55 14.39 14.26 14.14 14.01 13.73 13.58 13.37 13.29 13.13 13.04 12.77 12.55 12.35 12.17 11.96 11.79 11.58 11.34 11.04 10.74 10.49 10.26 10.08 9.81 9.51 9.19 8.91 8.52 8.14 7.88 7.61 7.34 7.01 6.59 6.22 5.85 5.41 5.00 4.67 4.31 3.96 3.58 3.23 3.11 2.95 2.79 2.67 2.60 2.54 2.43 2.30 2.23 2.16 2.08 2.01 1.92 1.84 1.73 1.62 1.56 1.90 2.21 2.30 2.57 2.78 2.94 3.07 3.09 3.10 3.14 3.17
14.43 14.30 14.13 14.00 13.80 13.63 13.43 13.36 13.13 13.07 12.90 12.75 12.55 12.25 11.96 11.84 11.63 11.42 11.22 10.96 10.68 10.35 10.07 9.84 9.56 9.30 9.09 8.67 8.24 7.88 7.60 7.27 7.03 6.69 6.32 5.92 5.47 5.03 4.66 4.31 3.88 3.56 3.25 3.13 3.00 2.87 2.74 2.56 2.47 2.40 2.31 2.20 2.11 2.02 1.96 1.89 1.77 1.69 1.57 1.76 1.97 2.07 2.35 2.55 2.73 2.85 2.96 2.99 2.98 3.04 3.05 3.08
14.38 14.23 14.04 13.91 13.71 13.53 13.37 13.17 13.04 12.83 12.72 12.54 12.44 12.14 11.86 11.68 11.51 11.21 11.01 10.78 10.52 10.28 10.01 9.60 9.30 9.04 8.71 8.43 8.08 7.66 7.32 6.95 6.62 6.37 6.11 5.68 5.16 4.74 4.33 4.00 3.48 3.27 3.11 3.01 2.90 2.79 2.64 2.52 2.40 2.31 2.20 2.11 2.02 1.91 1.84 1.77 1.67 1.57 1.68 2.01 2.22 2.40 2.55 2.63 2.74 2.80 2.86 2.87 2.91 2.94 2.97 3.01
14.27 14.12 14.00 13.84 13.69 13.55 13.34 13.14 12.93 12.76 12.55 12.48 12.30 12.05 11.81 11.65 11.45 11.16 10.89 10.70 10.38 10.13 9.84 9.55 9.12 8.70 8.36 8.06 7.76 7.38 7.01 6.59 6.31 5.95 5.76 5.41 4.96 4.48 3.99 3.59 3.26 3.15 3.03 2.89 2.81 2.69 2.56 2.46 2.35 2.27 2.16 2.01 1.91 1.83 1.77 1.67 1.57 1.48 1.81 2.13 2.34 2.42 2.47 2.56 2.52 2.68 2.82 2.84 2.87 2.86 2.69 2.82
14.14 14.00 13.88 13.75 13.57 13.47 13.26 13.07 12.86 12.69 12.51 12.34 12.18 11.98 11.72 11.56 11.25 11.04 10.76 10.49 10.22 9.97 9.64 9.37 8.88 8.56 8.13 7.68 7.44 7.08 6.69 6.26 5.85 5.61 5.33 5.12 4.68 4.20 3.74 3.29 3.13 3.03 2.92 2.80 2.72 2.61 2.50 2.39 2.31 2.23 2.08 1.94 1.83 1.69 1.62 1.55 1.48 1.62 1.94 2.20 2.28 2.31 2.40 2.43 2.44 2.66 2.64 2.65 2.80 2.85 2.61 2.69
14.16 13.92 13.78 13.67 13.53 13.37 13.27 13.09 12.78 12.46 12.31 12.19 11.97 11.81 11.60 11.31 11.03 10.79 10.47 10.24 9.97 9.72 9.37 8.96 8.69 8.30 7.92 7.52 6.99 6.63 6.30 5.87 5.48 5.15 5.01 4.70 4.34 3.86 3.35 3.17 3.06 2.92 2.83 2.72 2.63 2.55 2.44 2.33 2.24 2.16 2.04 1.81 1.70 1.61 1.52 1.45 1.41 1.61 1.93 2.12 2.11 2.12 2.21 2.31 2.49 2.70 2.68 2.68 2.86 2.88 2.87 2.92
14.00 13.86 13.68 13.50 13.41 13.31 13.15 12.94 12.68 12.38 12.11 11.97 11.76 11.53 11.37 11.14 10.85 10.49 10.10 9.90 9.63 9.40 9.05 8.70 8.36 7.99 7.53 7.20 6.81 6.38 5.85 5.44 5.07 4.77 4.67 4.35 3.97 3.49 3.22 3.07 2.94 2.83 2.70 2.63 2.54 2.48 2.37 2.27 2.17 2.06 1.95 1.80 1.65 1.54 1.46 1.40 1.36 1.50 1.80 1.94 1.87 1.94 2.06 2.25 2.47 2.62 2.70 2.75 2.85 2.89 2.92 2.95
13.88 13.69 13.56 13.42 13.29 13.16 12.99 12.86 12.65 12.36 12.10 11.86 11.56 11.38 11.16 10.88 10.60 10.24 9.91 9.60 9.28 8.98 8.76 8.38 8.03 7.67 7.18 6.79 6.31 6.02 5.60 5.11 4.79 4.41 4.17 3.96 3.66 3.26 3.09 2.98 2.84 2.74 2.62 2.54 2.45 2.37 2.28 2.17 2.06 1.93 1.82 1.69 1.55 1.42 1.36 1.25 1.30 1.46 1.67 1.73 1.75 1.87 1.98 2.17 2.25 2.42 2.60 2.68 2.76 2.71 2.74 2.94
13.83 13.62 13.40 13.20 13.08 12.96 12.74 12.65 12.53 12.34 12.02 11.70 11.46 11.19 10.98 10.73 10.40 10.08 9.71 9.28 8.97 8.59 8.31 8.07 7.74 7.23 6.81 6.39 5.97 5.55 5.12 4.69 4.38 4.12 3.77 3.55 3.31 3.18 3.03 2.87 2.75 2.66 2.55 2.43 2.32 2.25 2.16 2.04 1.87 1.74 1.65 1.57 1.40 1.26 1.26 1.26 1.25 1.38 1.53 1.58 1.65 1.76 1.97 2.13 2.30 2.47 2.53 2.59 2.61 2.64 2.72 2.96
13.75 13.54 13.25 13.10 12.92 12.75 12.59 12.38 12.33 12.12 11.97 11.65 11.33 11.04 10.64 10.44 10.20 9.81 9.43 9.05 8.67 8.24 7.88 7.63 7.28 6.96 6.52 6.06 5.61 5.19 4.80 4.41 3.93 3.68 3.38 3.25 3.16 3.07 2.96 2.79 2.67 2.56 2.43 2.29 2.15 2.07 2.00 1.82 1.69 1.55 1.46 1.45 1.35 1.27 1.32 1.37 1.36 1.35 1.39 1.40 1.47 1.79 2.04 2.27 2.41 2.47 2.53 2.54 2.56 2.60 2.73 2.90
13.64 13.39 13.17 13.01 12.80 12.58 12.40 12.22 12.09 11.96 11.85 11.61 11.21 10.84 10.47 10.15 9.84 9.56 9.13 8.74 8.35 7.89 7.54 7.24 6.98 6.68 6.23 5.79 5.28 4.90 4.49 4.06 3.68 3.35 3.19 3.10 3.01 2.92 2.87 2.74 2.58 2.46 2.31 2.16 1.98 1.88 1.82 1.73 1.56 1.47 1.40 1.49 1.51 1.50 1.51 1.53 1.51 1.50 1.51 1.51 1.51 1.66 1.93 2.13 2.24 2.33 2.44 2.35 2.41 2.40 2.54 2.66
13.53 13.29 13.11 12.91 12.71 12.48 12.31 12.09 11.92 11.76 11.62 11.48 11.12 10.71 10.29 9.93 9.54 9.24 8.85 8.47 8.01 7.62 7.22 6.90 6.64 6.43 6.03 5.61 5.11 4.63 4.19 3.86 3.48 3.22 3.11 3.03 2.90 2.78 2.70 2.62 2.44 2.31 2.18 2.02 1.83 1.77 1.69 1.58 1.69 1.60 1.62 1.67 1.73 1.73 1.71 1.72 1.69 1.68 1.65 1.63 1.64 1.69 1.68 1.80 1.89 2.01 2.13 2.05 2.04 2.11 2.21 2.38
