maui/input/air_temperature_monthly/tminjun_250m_maui.asc
ncols        356
nrows        236
xllcorner    -156.702000000000
yllcorner    20.529750000000
cellsize     0.002250000000
NODATA_value  -99.00
[rows 96 to 127 of 236, columns 142 to 212 of 356]
19.65 19.59 19.52 19.42 19.33 19.27 19.20 19.13 19.07 18.93 18.87 18.76 18.67 18.55 18.41 18.32 18.26 18.10 18.01 17.98 17.84 17.83 17.86 17.76 17.72 17.55 17.43 17.45 17.46 17.31 17.14 17.00 16.86 16.81 16.74 16.76 16.70 16.49 16.42 16.34 16.26 16.24 16.00 15.88 15.93 15.78 15.79 15.35 15.18 14.99 14.73 14.50 14.39 14.40 14.39 14.07 14.03 13.90 13.87 13.72 13.67 13.62 13.55 13.50 13.53 13.55 13.55 13.43 13.39 13.31 13.36
19.63 19.56 19.50 19.45 19.36 19.27 19.21 19.11 19.01 18.92 18.86 18.81 18.70 18.57 18.42 18.29 18.21 18.11 18.01 17.93 17.88 17.81 17.75 17.69 17.64 17.58 17.52 17.41 17.29 17.20 17.14 16.94 16.82 16.74 16.69 16.65 16.49 16.41 16.31 16.22 16.20 16.04 15.95 15.78 15.75 15.50 15.67 15.55 15.06 14.68 14.51 14.33 14.29 14.33 14.30 14.00 13.77 13.78 13.61 13.57 13.45 13.44 13.45 13.39 13.40 13.31 13.30 13.25 13.21 13.11 13.08
19.65 19.55 19.51 19.44 19.37 19.27 19.17 19.11 19.04 18.91 18.83 18.78 18.69 18.57 18.47 18.35 18.17 18.07 17.97 17.88 17.79 17.76 17.69 17.62 17.57 17.59 17.49 17.38 17.25 17.12 17.00 16.96 16.85 16.72 16.63 16.53 16.42 16.30 16.42 16.15 16.01 15.91 15.71 15.61 15.53 15.41 15.40 15.43 14.90 14.75 14.71 14.44 14.22 14.08 14.04 14.15 13.74 13.61 13.47 13.34 13.30 13.26 13.26 13.27 13.43 13.13 13.16 13.06 13.00 12.96 12.93
19.63 19.56 19.52 19.40 19.30 19.23 19.18 19.12 19.02 18.93 18.82 18.74 18.68 18.61 18.50 18.36 18.16 18.04 17.90 17.78 17.70 17.67 17.61 17.53 17.53 17.51 17.41 17.28 17.17 17.10 16.95 16.82 16.77 16.68 16.51 16.39 16.35 16.18 16.13 16.05 15.90 15.79 15.63 15.48 15.28 15.23 15.42 15.18 15.03 14.66 14.51 14.39 14.17 13.99 13.68 13.65 13.56 13.46 13.30 13.19 13.14 13.11 13.08 13.11 13.07 13.06 13.01 12.93 12.79 12.70 12.76
19.66 19.56 19.51 19.42 19.32 19.22 19.34 19.10 19.02 18.91 18.84 18.74 18.66 18.56 18.46 18.31 18.12 18.01 17.89 17.76 17.65 17.55 17.48 17.45 17.42 17.44 17.35 17.17 17.07 16.95 16.97 16.81 16.68 16.58 16.38 16.27 16.23 16.03 15.96 15.89 15.72 15.59 15.69 15.45 15.21 15.08 15.18 15.04 14.96 14.89 14.36 14.24 14.18 13.78 13.72 13.49 13.60 13.25 13.11 13.01 12.93 12.92 12.94 12.93 12.93 12.87 12.88 12.77 12.62 12.62 12.65
19.60 19.58 19.55 19.44 19.28 19.23 19.10 19.03 18.92 18.95 18.83 18.69 18.61 18.52 18.43 18.29 18.15 17.98 17.84 17.74 17.54 17.46 17.41 17.35 17.34 17.37 17.13 17.12 17.03 16.91 16.85 16.70 16.56 16.45 16.26 16.05 16.01 15.90 15.85 15.82 15.50 15.58 15.26 15.15 15.14 15.03 15.06 14.76 14.65 14.53 14.58 14.03 13.94 13.65 13.60 13.37 13.24 13.18 12.98 12.85 12.73 12.71 12.75 12.82 12.86 12.82 12.65 12.55 12.48 12.51 12.57
19.55 19.51 19.44 19.36 19.28 19.20 19.03 18.94 18.87 18.79 18.91 18.86 18.69 18.45 18.37 18.24 18.15 17.95 17.82 17.71 17.53 17.41 17.34 17.29 17.25 17.21 16.89 17.01 16.86 16.78 16.68 16.57 16.41 16.26 16.13 15.94 15.82 15.85 15.66 15.47 15.34 15.37 15.17 15.02 14.94 15.09 14.85 14.63 14.50 14.54 14.33 14.30 13.76 13.65 13.43 13.33 13.11 13.06 12.92 12.71 12.56 12.54 12.62 12.68 12.62 12.57 12.56 12.43 12.31 12.37 12.38
19.47 19.41 19.27 19.21 19.18 19.16 19.05 18.90 18.79 18.73 18.84 18.62 18.53 18.47 18.38 18.32 18.10 17.99 17.80 17.67 17.56 17.43 17.28 17.22 17.14 17.03 16.93 16.81 16.76 16.64 16.58 16.47 16.44 16.19 16.05 15.88 15.73 15.74 15.53 15.35 15.29 15.22 14.97 14.99 14.78 14.87 14.66 14.50 14.35 14.38 14.15 14.15 13.85 13.52 13.32 13.22 13.00 12.97 12.77 12.63 12.47 12.41 12.46 12.56 12.47 12.38 12.33 12.27 12.19 12.17 12.19
19.38 19.34 19.25 19.15 19.08 19.03 18.96 18.91 18.77 18.72 18.62 18.53 18.49 18.57 18.30 18.17 18.07 18.15 17.86 17.71 17.58 17.50 17.31 17.15 17.06 16.95 16.85 16.73 16.64 16.58 16.39 16.42 16.23 16.15 16.05 15.82 15.72 15.54 15.42 15.24 15.09 15.03 14.88 14.82 14.55 14.50 14.41 14.34 14.19 14.13 13.91 13.94 13.71 13.43 13.25 13.11 12.88 12.77 12.63 12.55 12.39 12.32 12.34 12.23 12.30 12.13 12.13 12.08 12.03 12.08 12.24
19.31 19.26 19.22 19.10 19.07 18.99 18.84 18.88 18.78 18.70 18.54 18.50 18.50 18.37 18.26 18.13 18.00 17.88 17.79 17.73 17.69 17.42 17.30 17.14 17.01 16.93 16.77 16.68 16.57 16.42 16.25 16.17 16.18 15.99 15.94 15.80 15.74 15.31 15.26 15.10 14.91 14.87 14.68 14.51 14.42 14.24 14.24 14.24 13.99 13.87 13.87 13.69 13.51 13.37 13.19 12.97 12.81 12.66 12.52 12.40 12.31 12.23 12.18 12.07 12.01 11.96 11.95 11.91 11.92 12.09 11.94
19.22 19.23 19.15 19.10 19.04 19.00 18.83 18.74 18.74 18.63 18.54 18.45 18.39 18.33 18.29 18.13 17.93 17.95 17.67 17.66 17.47 17.35 17.17 17.08 16.98 16.81 16.69 16.62 16.50 16.38 16.22 16.10 16.01 16.02 15.81 15.76 15.58 15.40 15.09 14.82 14.69 14.57 14.46 14.44 14.35 14.07 14.08 13.98 13.89 13.70 13.71 13.48 13.38 13.33 13.11 12.88 12.69 12.50 12.38 12.20 12.10 12.08 12.00 11.77 11.88 11.81 11.78 11.77 11.96 11.79 11.78
19.20 19.15 19.07 19.00 19.04 18.98 18.91 18.83 18.73 18.67 18.57 18.41 18.31 18.21 18.09 18.08 17.89 17.65 17.79 17.55 17.45 17.28 17.17 17.14 16.97 16.82 16.66 16.57 16.53 16.27 16.15 16.10 15.96 15.83 15.89 15.59 15.47 15.22 15.05 14.93 14.61 14.30 14.33 14.17 14.09 14.06 13.90 13.77 13.67 13.56 13.43 13.31 13.36 13.24 12.90 12.82 12.57 12.38 12.19 12.00 11.89 11.85 11.79 11.71 11.82 11.60 11.59 11.72 11.67 11.60 11.61
19.20 19.19 19.13 19.05 18.97 18.89 18.79 18.67 18.59 18.57 18.53 18.36 18.26 18.15 17.96 17.91 17.84 17.63 17.50 17.45 17.38 17.34 17.15 17.01 16.91 16.81 16.68 16.62 16.45 16.23 16.11 16.06 15.82 15.70 15.63 15.73 15.33 15.16 14.95 14.73 14.60 14.15 14.07 13.99 13.92 13.87 13.69 13.73 13.53 13.37 13.22 13.21 13.05 12.94 12.82 12.61 12.47 12.24 12.06 11.92 11.72 11.63 11.59 11.52 11.47 11.44 11.45 11.50 11.39 11.32 11.34
19.18 19.12 19.06 19.00 18.94 18.81 18.76 18.75 18.65 18.50 18.30 18.26 18.13 18.07 18.00 17.80 17.76 17.74 17.48 17.33 17.33 17.19 17.12 16.97 16.90 16.78 16.60 16.46 16.32 16.17 15.99 15.87 15.85 15.67 15.65 15.44 15.21 15.05 15.06 14.74 14.23 14.12 13.93 13.80 13.71 13.58 13.54 13.56 13.32 13.20 13.00 13.12 12.88 12.83 12.64 12.45 12.27 12.04 11.86 11.72 11.62 11.48 11.35 11.34 11.27 11.26 11.22 11.24 11.11 11.04 11.05
19.18 19.10 19.03 19.02 18.95 18.83 18.72 18.68 18.57 18.50 18.32 18.18 18.07 17.97 17.86 17.80 17.65 17.51 17.44 17.28 17.17 17.12 16.95 16.87 16.73 16.71 16.54 16.29 16.21 16.03 15.88 15.73 15.60 15.57 15.46 15.41 15.18 14.95 14.74 14.81 14.06 14.05 13.86 13.64 13.50 13.40 13.41 13.28 13.12 12.97 12.89 12.76 12.71 12.64 12.44 12.30 12.08 11.88 11.68 11.54 11.47 11.27 11.20 11.10 11.01 10.98 10.98 10.94 10.85 10.85 10.87
19.12 19.07 19.05 18.94 18.90 18.83 18.80 18.74 18.63 18.54 18.29 18.19 18.00 17.93 17.78 17.74 17.65 17.49 17.24 17.20 17.06 17.14 16.83 16.70 16.65 16.55 16.36 16.13 16.07 15.97 15.91 15.64 15.49 15.46 15.40 15.30 15.11 14.95 14.59 14.28 14.22 13.90 13.78 13.55 13.35 13.26 13.21 13.03 12.86 12.73 12.69 12.61 12.52 12.36 12.29 12.12 11.98 11.76 11.54 11.37 11.23 11.07 11.00 10.85 10.86 10.89 10.83 10.78 10.66 10.69 10.64
19.14 19.05 18.98 18.94 18.88 18.78 18.75 18.70 18.65 18.43 18.26 18.06 17.98 17.84 17.67 17.62 17.51 17.40 17.26 17.06 16.97 16.85 16.79 16.84 16.50 16.41 16.28 16.23 15.97 15.84 15.66 15.68 15.41 15.42 15.32 15.11 14.97 14.76 14.50 14.31 14.02 14.07 13.58 13.29 13.17 13.11 12.95 12.79 12.68 12.55 12.45 12.33 12.32 12.16 12.08 11.95 11.79 11.65 11.45 11.24 11.05 10.87 10.71 10.56 10.69 10.63 10.58 10.62 10.54 10.42 10.56
19.11 19.06 18.98 18.90 18.83 18.68 18.65 18.63 18.48 18.37 18.34 18.00 17.88 17.76 17.63 17.50 17.41 17.30 17.25 17.10 16.99 16.85 16.68 16.61 16.46 16.34 16.18 16.07 15.99 15.71 15.60 15.47 15.35 15.22 15.16 15.05 14.85 14.55 14.37 14.16 13.86 13.71 13.95 13.28 13.07 12.98 12.80 12.60 12.47 12.30 12.41 12.13 12.01 11.89 11.84 11.76 11.57 11.47 11.24 11.05 10.87 10.71 10.50 10.42 10.52 10.46 10.42 10.37 10.32 10.29 10.44
19.09 19.03 19.00 18.94 18.81 18.63 18.54 18.49 18.32 18.29 18.14 18.10 17.86 17.70 17.54 17.39 17.33 17.27 17.16 16.96 16.80 16.70 16.66 16.48 16.39 16.26 16.21 16.10 15.95 15.66 15.52 15.44 15.28 15.18 15.05 14.89 14.74 14.53 14.35 14.09 13.82 13.52 13.34 13.27 13.09 12.82 12.66 12.51 12.36 12.16 12.03 11.93 11.78 11.76 11.66 11.53 11.34 11.22 11.01 10.81 10.63 10.34 10.28 10.28 10.28 10.26 10.16 10.16 10.09 10.13 10.18
18.96 18.98 18.86 18.82 18.77 18.67 18.44 18.36 18.30 18.18 18.09 17.93 17.91 17.67 17.52 17.48 17.27 17.21 17.06 16.88 16.67 16.55 16.48 16.46 16.33 16.19 16.13 16.09 15.81 15.69 15.52 15.32 15.22 15.12 15.02 14.88 14.69 14.52 14.30 14.15 13.87 13.55 13.21 13.09 12.96 12.70 12.60 12.38 12.12 11.96 11.78 11.78 11.53 11.48 11.40 11.25 11.12 10.86 10.75 10.56 10.44 10.24 9.93 10.14 10.01 9.94 9.95 9.94 9.96 9.93 10.06
19.01 18.89 18.79 18.76 18.61 18.59 18.54 18.38 18.27 18.11 18.04 17.91 17.82 17.71 17.61 17.40 17.31 17.19 17.01 16.92 16.77 16.60 16.43 16.31 16.18 16.12 16.04 15.93 15.91 15.80 15.45 15.33 15.28 15.02 14.89 14.73 14.58 14.41 14.14 13.93 13.74 13.44 13.27 12.82 12.74 12.61 12.25 12.24 12.06 11.71 11.54 11.47 11.30 11.11 11.05 10.97 10.78 10.62 10.38 10.26 10.18 10.06 9.91 9.87 9.81 9.76 9.75 9.70 9.65 9.75 9.86
18.93 18.87 18.79 18.70 18.59 18.49 18.41 18.31 18.22 18.07 17.99 17.89 17.77 17.68 17.53 17.53 17.30 17.11 17.01 16.88 16.68 16.53 16.37 16.24 16.18 16.03 15.93 15.82 15.66 15.51 15.54 15.17 15.05 14.96 14.76 14.54 14.38 14.26 14.03 13.80 13.61 13.35 12.90 12.85 12.51 12.37 12.23 12.09 11.83 11.57 11.39 11.30 11.12 10.86 10.70 10.62 10.44 10.28 10.07 9.93 9.85 9.77 9.69 9.70 9.60 9.48 9.61 9.48 9.39 9.59 9.64
18.93 18.84 18.78 18.69 18.56 18.48 18.39 18.28 18.18 18.02 17.92 17.76 17.70 17.63 17.44 17.43 17.21 17.12 16.95 16.80 16.70 16.44 16.40 16.25 16.08 15.98 15.86 15.77 15.64 15.46 15.27 15.20 14.98 14.77 14.60 14.41 14.30 14.04 13.94 13.72 13.47 13.18 12.73 12.46 12.43 12.25 12.00 11.83 11.72 11.47 11.26 11.10 10.91 10.75 10.46 10.39 10.23 9.99 9.84 9.67 9.54 9.52 9.47 9.40 9.36 9.30 9.28 9.20 9.25 9.31 9.59
18.93 18.86 18.76 18.66 18.58 18.49 18.39 18.23 18.16 18.00 17.77 17.75 17.70 17.44 17.35 17.23 17.09 17.03 16.88 16.69 16.55 16.44 16.26 16.21 16.15 15.98 15.83 15.66 15.52 15.28 15.19 15.06 14.89 14.78 14.53 14.31 14.06 13.90 13.75 13.53 13.36 13.07 12.74 12.53 12.30 12.15 11.88 11.71 11.49 11.33 11.21 10.97 10.77 10.58 10.38 10.17 10.03 9.84 9.63 9.45 9.33 9.24 9.22 9.21 9.14 9.13 9.02 8.95 8.99 9.03 9.29
18.96 18.87 18.78 18.65 18.57 18.48 18.43 18.34 18.16 17.91 17.79 17.69 17.59 17.47 17.30 17.16 17.10 17.02 16.83 16.66 16.52 16.42 16.31 16.16 16.08 15.92 15.83 15.65 15.45 15.27 15.09 14.96 14.82 14.61 14.44 14.32 14.02 13.76 13.61 13.52 13.32 13.04 12.70 12.43 12.15 11.87 11.71 11.54 11.36 11.16 10.98 10.83 10.65 10.39 10.16 9.97 9.83 9.63 9.39 9.22 9.09 9.03 9.01 8.98 8.93 8.89 8.75 8.68 8.73 8.80 9.00
18.90 18.86 18.77 18.67 18.54 18.49 18.39 18.22 18.17 17.98 17.88 17.72 17.53 17.42 17.32 17.20 17.07 17.01 16.91 16.63 16.50 16.39 16.23 16.13 16.06 15.93 15.82 15.63 15.46 15.29 15.04 14.89 14.73 14.51 14.27 14.12 13.95 13.66 13.50 13.30 13.24 13.02 12.84 12.44 12.09 11.92 11.80 11.45 11.27 11.02 10.80 10.57 10.43 10.22 10.06 9.79 9.63 9.41 9.17 8.98 8.82 8.77 8.81 8.73 8.69 8.74 8.41 8.49 8.53 8.49 8.59
18.78 18.74 18.72 18.60 18.49 18.37 18.28 18.13 17.99 17.91 17.84 17.74 17.63 17.58 17.33 17.21 17.11 17.01 16.90 16.72 16.56 16.47 16.31 16.06 15.96 15.92 15.82 15.57 15.37 15.16 14.99 14.85 14.69 14.39 14.23 14.01 13.74 13.51 13.38 13.27 13.09 12.86 12.58 12.37 12.10 11.82 11.62 11.35 11.12 10.92 10.71 10.46 10.22 10.07 9.93 9.67 9.43 9.21 8.95 8.74 8.55 8.45 8.45 8.47 8.43 8.47 8.16 8.12 8.29 8.26 8.44
18.73 18.67 18.62 18.59 18.47 18.36 18.24 18.15 18.04 17.93 17.82 17.73 17.61 17.48 17.41 17.25 17.07 16.98 16.87 16.70 16.56 16.46 16.33 16.17 15.91 15.69 15.65 15.60 15.38 15.11 14.87 14.69 14.50 14.32 14.13 13.90 13.66 13.47 13.25 13.12 12.99 12.69 12.38 12.34 11.96 11.84 11.50 11.19 11.01 10.80 10.51 10.27 10.04 9.79 9.62 9.48 9.26 9.01 8.67 8.47 8.29 8.12 8.09 8.14 8.12 8.34 7.92 7.92 7.94 8.08 8.14
18.75 18.68 18.60 18.55 18.48 18.35 18.23 18.13 18.00 17.90 17.83 17.73 17.57 17.43 17.30 17.17 17.09 16.91 16.74 16.65 16.50 16.33 16.16 16.05 15.88 15.65 15.51 15.54 15.34 15.00 14.79 14.59 14.36 14.14 13.92 13.69 13.53 13.32 13.17 12.89 12.75 12.59 12.30 12.01 11.85 11.58 11.49 11.17 10.88 10.60 10.33 10.10 9.82 9.59 9.32 9.20 9.02 8.89 8.43 8.19 7.96 7.82 7.74 7.76 7.83 7.92 7.51 7.55 7.73 7.80 7.81
18.72 18.64 18.59 18.53 18.46 18.34 18.23 18.16 18.02 17.88 17.78 17.71 17.61 17.43 17.27 17.11 17.08 16.91 16.69 16.55 16.44 16.32 16.14 16.01 15.85 15.70 15.47 15.31 15.17 14.98 14.73 14.53 14.32 14.07 13.85 13.60 13.36 13.23 13.00 12.73 12.57 12.44 12.16 11.88 11.64 11.40 11.24 11.02 10.75 10.49 10.25 9.96 9.70 9.47 9.08 8.94 8.74 8.57 8.39 7.91 7.67 7.47 7.39 7.48 7.67 7.66 7.38 7.42 7.41 7.52 7.46
18.71 18.64 18.55 18.47 18.39 18.30 18.20 18.11 17.95 17.84 17.77 17.67 17.56 17.40 17.19 17.06 16.95 16.91 16.78 16.57 16.30 16.19 16.18 15.96 15.71 15.66 15.55 15.33 15.13 14.91 14.63 14.50 14.28 14.03 13.76 13.55 13.36 13.16 12.89 12.58 12.40 12.24 12.00 11.76 11.46 11.22 11.08 10.87 10.59 10.34 10.07 9.86 9.63 9.33 9.01 8.71 8.57 8.36 8.22 7.73 7.41 7.16 7.19 7.40 7.36 7.31 7.22 7.20 7.16 7.21 7.32
18.69 18.61 18.52 18.43 18.32 18.21 18.09 17.96 17.81 17.77 17.68 17.55 17.45 17.34 17.17 17.02 16.90 16.75 16.64 16.50 16.36 16.16 16.02 15.86 15.71 15.60 15.42 15.34 15.07 14.90 14.56 14.37 14.16 13.92 13.70 13.47 13.44 13.06 12.78 12.54 12.22 12.08 11.85 11.62 11.30 11.04 10.89 10.64 10.45 10.14 9.91 9.62 9.42 9.15 8.85 8.54 8.30 8.11 7.87 7.65 7.11 6.80 6.94 7.10 7.10 7.10 6.97 6.97 6.91 6.99 7.05
