maui/input/air_temperature_monthly/tminjul_250m_maui.asc
ncols        356
nrows        236
xllcorner    -156.702000000000
yllcorner    20.529750000000
cellsize     0.002250000000
NODATA_value  -99.00
[rows 128 to 159 of 236, columns 213 to 283 of 356]
7.12 7.25 7.31 7.44 7.58 7.88 8.99 9.60 9.92 9.98 10.13 10.09 10.18 10.30 10.38 10.40 10.14 10.28 10.33 10.48 10.74 10.96 10.96 11.00 11.11 11.26 11.43 11.55 11.63 11.74 11.88 12.04 12.12 12.31 12.44 12.41 12.33 12.35 12.37 12.43 12.31 12.18 12.16 12.16 12.18 12.22 12.17 12.18 12.19 12.56 13.44 13.47 12.92 12.66 12.74 12.84 12.80 12.92 13.07 13.15 13.22 13.39 13.61 13.86 14.05 14.31 14.38 14.53 14.69 14.80 14.92
6.78 6.94 7.00 7.96 8.67 9.04 9.18 9.35 9.46 9.65 9.73 9.67 9.79 9.86 9.87 9.90 9.95 10.00 10.17 10.37 10.57 10.73 10.82 10.81 11.00 11.08 11.28 11.31 11.51 11.64 11.82 11.90 11.98 12.11 12.44 12.25 12.13 12.14 12.10 12.20 12.14 12.00 11.99 12.00 12.06 12.05 12.04 12.03 12.18 13.26 13.34 13.23 12.60 12.42 12.46 12.54 12.53 12.61 12.75 12.77 12.84 12.95 13.14 13.36 13.63 13.74 13.89 14.06 14.19 14.35 14.42
6.52 6.77 7.89 9.11 9.07 9.07 9.11 9.13 9.20 9.35 9.24 9.19 9.31 9.46 9.51 9.53 9.69 9.86 10.01 10.28 10.32 10.49 10.63 10.63 10.70 10.86 11.00 11.12 11.29 11.45 11.63 11.70 11.83 12.14 12.08 12.01 11.95 11.87 11.88 11.95 11.97 11.82 11.73 11.79 11.81 11.86 11.91 11.97 12.49 13.16 13.14 12.50 12.27 12.21 12.20 12.32 12.26 12.29 12.42 12.46 12.54 12.66 12.76 12.93 13.16 13.19 13.34 13.51 13.66 13.88 13.77
6.18 7.39 8.99 9.13 9.07 9.02 8.98 8.93 8.98 8.87 8.70 8.66 8.85 9.03 9.18 9.32 9.42 9.59 9.86 9.91 10.08 10.27 10.29 10.40 10.41 10.64 10.77 10.86 11.04 11.24 11.40 11.40 11.63 11.79 11.79 11.73 11.66 11.65 11.62 11.72 11.77 11.61 11.56 11.56 11.56 11.58 11.65 11.72 12.51 12.86 12.60 11.94 11.94 12.03 12.02 12.01 11.93 11.93 11.99 12.06 12.20 12.31 12.43 12.56 12.63 12.64 12.78 13.00 13.20 13.33 13.38
5.86 7.13 8.16 8.69 9.04 8.87 8.73 8.60 8.45 8.41 8.17 8.14 8.32 8.60 8.69 8.93 9.15 9.42 9.52 9.67 9.89 9.93 9.99 10.13 10.17 10.32 10.40 10.51 10.91 11.02 11.12 11.20 11.41 11.44 11.50 11.44 11.42 11.41 11.39 11.44 11.48 11.37 11.29 11.28 11.21 11.21 11.29 11.35 11.79 12.06 11.76 11.54 11.69 11.88 11.84 11.79 11.72 11.64 11.60 11.71 11.85 11.96 12.02 12.10 12.13 12.22 12.33 12.47 12.69 12.87 13.17
5.91 7.11 6.73 6.90 8.10 8.55 8.39 8.16 8.08 8.06 7.89 7.85 7.96 8.10 8.44 8.61 8.88 9.01 9.09 9.37 9.34 9.49 9.67 9.68 9.82 9.93 10.10 10.44 10.58 10.79 10.73 10.94 11.05 11.10 11.14 11.16 11.09 11.12 11.08 11.11 11.19 11.27 10.96 10.94 10.93 10.89 10.91 10.96 11.06 11.18 11.17 11.22 11.38 11.53 11.67 11.59 11.53 11.50 11.44 11.47 11.59 11.59 11.67 11.77 11.77 11.83 11.83 12.01 12.21 12.42 12.75
5.65 5.92 5.95 6.27 6.49 7.37 7.72 7.85 7.89 7.86 7.72 7.61 7.69 7.76 8.05 8.34 8.54 8.50 8.65 8.85 8.88 9.03 9.21 9.23 9.44 9.63 9.85 10.10 10.28 10.37 10.44 10.61 10.66 10.69 10.75 10.74 10.70 10.65 10.72 10.61 10.81 10.92 10.64 10.67 10.69 10.61 10.57 10.60 10.50 10.50 10.67 10.83 11.05 11.19 11.39 11.39 11.41 11.39 11.29 11.28 11.24 11.26 11.36 11.44 11.44 11.41 11.47 11.67 11.81 12.04 12.38
5.51 5.58 5.73 5.83 6.49 7.46 7.56 7.74 7.74 7.63 7.56 7.52 7.59 7.59 7.60 7.88 8.09 8.01 8.07 8.37 8.40 8.63 8.74 8.79 9.13 9.23 9.49 9.74 9.84 9.97 9.93 10.18 10.30 10.26 10.26 10.29 10.22 10.16 10.16 10.20 10.39 10.40 10.29 10.38 10.38 10.30 10.19 10.24 10.08 10.10 10.27 10.47 10.61 10.90 11.21 11.21 11.30 11.30 11.19 11.16 11.09 11.07 11.07 11.05 11.05 11.10 11.19 11.34 11.48 11.71 12.12
5.41 5.62 6.11 6.39 6.55 7.37 7.46 7.63 7.61 7.48 7.48 7.45 7.51 7.47 7.50 7.30 7.38 7.34 7.47 7.64 7.88 8.09 8.29 8.48 8.62 8.78 9.06 9.34 9.27 9.51 9.44 9.63 9.71 9.73 9.78 9.76 9.67 9.68 9.69 9.79 9.97 9.95 10.00 9.94 9.93 9.91 9.81 9.89 9.82 9.81 9.90 10.04 10.25 10.55 10.80 11.01 11.11 11.08 11.09 11.06 11.00 10.91 10.81 10.80 10.86 10.86 10.91 11.02 11.15 11.49 11.80
5.72 6.09 6.54 7.10 7.16 7.23 7.35 7.43 7.49 7.39 7.27 7.31 7.47 7.44 7.44 6.83 6.61 6.74 7.14 7.20 7.59 7.71 7.80 8.02 8.01 8.36 8.47 8.73 8.72 8.80 9.12 9.07 9.15 9.12 9.13 9.00 9.06 9.15 9.14 9.22 9.38 9.40 9.57 9.42 9.41 9.35 9.43 9.55 9.56 9.54 9.60 9.78 9.97 10.30 10.63 10.80 10.89 10.90 11.02 10.95 10.88 10.71 10.70 10.64 10.63 10.64 10.71 10.75 10.94 11.15 11.59
5.84 6.46 7.05 7.14 7.18 7.18 7.28 7.31 7.32 7.23 7.22 7.22 7.31 7.36 7.40 6.93 6.05 6.10 6.64 6.61 6.76 7.10 7.19 7.50 7.37 7.70 7.95 8.17 8.14 8.28 8.50 8.39 8.50 8.51 8.50 8.40 8.44 8.47 8.66 8.65 8.74 8.92 8.99 8.86 8.81 8.98 8.80 9.13 9.27 9.18 9.27 9.53 9.87 10.20 10.52 10.58 10.64 10.74 10.77 10.69 10.61 10.59 10.56 10.53 10.48 10.44 10.53 10.58 10.77 11.00 11.35
6.00 6.49 7.14 7.16 7.13 7.13 7.15 7.17 7.18 7.15 7.07 7.14 7.23 7.35 7.41 6.66 5.83 6.08 6.07 6.11 6.24 6.37 6.64 6.74 6.84 7.05 7.37 7.48 7.44 7.67 7.80 7.76 7.74 7.81 7.72 7.62 7.68 7.76 8.21 7.97 7.98 8.28 8.32 8.19 8.26 8.78 8.12 8.34 8.72 8.81 8.92 9.27 9.76 10.04 10.11 10.23 10.41 10.57 10.63 10.52 10.45 10.50 10.43 10.38 10.33 10.32 10.33 10.42 10.60 10.74 11.04
6.36 6.87 7.04 6.96 7.01 7.03 6.93 7.05 7.03 6.99 7.05 7.08 7.17 7.33 7.36 7.18 6.20 5.72 5.83 5.94 5.87 5.93 6.07 6.09 6.17 6.53 6.78 6.86 6.83 6.99 7.05 7.08 6.94 7.08 6.95 6.85 7.05 7.27 7.48 7.33 7.39 7.66 7.63 7.57 7.70 8.19 7.92 8.08 8.47 8.48 8.65 8.95 9.30 9.71 9.75 9.99 10.18 10.40 10.28 10.09 10.37 10.28 10.23 10.16 10.10 10.15 10.18 10.30 10.50 10.62 10.97
6.32 6.56 6.69 6.75 6.90 6.91 6.80 6.82 6.88 6.88 6.90 7.02 7.10 7.16 7.25 7.20 6.56 5.87 5.54 5.66 5.56 5.65 5.70 5.88 5.88 6.04 6.10 6.17 6.19 6.35 6.37 6.30 6.23 6.40 6.34 6.09 6.34 6.64 6.75 6.70 7.01 7.02 6.94 7.03 7.31 7.61 7.35 8.05 8.26 8.30 8.39 8.71 9.05 9.28 9.48 9.70 9.79 10.06 9.96 9.88 9.79 9.88 9.93 9.95 9.96 9.93 10.02 10.21 10.32 10.40 10.46
5.92 6.32 6.53 6.60 6.77 6.76 6.61 6.64 6.73 6.67 6.73 6.85 6.89 6.86 7.13 6.95 6.54 5.86 5.33 5.29 5.28 5.46 5.43 5.55 5.69 5.75 5.82 5.88 5.89 5.99 6.00 5.94 5.94 6.00 6.00 5.87 5.93 6.08 6.21 6.21 6.41 6.20 6.26 6.45 7.02 6.99 7.08 7.52 7.89 8.05 8.11 8.41 8.85 9.21 9.33 9.27 9.28 9.36 9.59 9.52 9.42 9.48 9.66 9.77 9.82 9.68 9.25 9.31 9.76 10.17 10.42
6.13 6.32 6.33 6.44 6.55 6.49 6.42 6.43 6.57 6.57 6.66 6.77 6.73 6.66 6.20 6.24 6.20 5.83 5.40 4.96 5.03 5.14 5.20 5.25 5.40 5.49 5.55 5.65 5.66 5.72 5.74 5.75 5.80 5.84 5.81 5.73 5.85 5.90 5.91 6.00 5.97 5.88 5.88 6.00 6.38 6.69 7.20 7.10 7.15 7.59 7.68 7.93 8.34 8.71 8.80 9.04 8.97 9.27 9.41 9.32 9.24 9.36 9.48 9.67 9.76 9.70 9.49 9.63 9.96 10.23 10.45
6.29 6.30 6.30 6.33 6.34 6.30 6.30 6.30 6.37 6.38 6.54 6.48 6.68 6.62 6.27 5.70 5.63 5.47 5.19 4.79 4.90 4.98 5.06 5.10 5.19 5.25 5.33 5.41 5.39 5.47 5.48 5.54 5.61 5.69 5.64 5.66 5.74 5.68 5.72 5.80 5.80 5.72 5.73 5.80 5.89 6.16 6.67 6.60 6.78 7.08 7.51 7.47 7.95 8.32 8.56 8.97 9.12 9.18 9.22 9.21 9.22 9.31 9.45 9.70 10.08 10.56 10.51 10.28 10.65 10.33 10.50
6.29 6.27 6.28 6.30 6.26 6.25 6.26 6.26 6.31 6.33 6.33 6.32 6.29 6.57 6.52 6.06 5.41 5.13 4.99 5.13 5.32 5.45 5.56 5.57 5.54 5.54 5.52 5.32 5.20 5.22 5.28 5.33 5.45 5.52 5.51 5.53 5.57 5.58 5.59 5.60 5.62 5.62 5.62 5.77 6.15 6.39 6.63 6.66 6.79 7.35 7.60 7.59 7.92 8.57 8.85 9.03 9.05 9.07 9.10 9.14 9.17 9.24 9.34 9.69 10.42 10.90 11.17 11.09 11.34 11.09 10.21
6.25 6.25 6.26 6.28 6.23 6.21 6.22 6.24 6.28 6.29 6.28 6.26 6.22 6.22 6.18 6.07 5.58 5.27 5.31 5.38 5.58 5.81 5.91 5.94 5.89 5.89 5.93 5.88 5.71 5.65 5.60 5.55 5.32 5.33 5.42 5.39 5.41 5.46 5.50 5.53 5.58 5.60 5.76 6.20 7.76 8.08 8.62 7.27 6.84 7.27 7.59 7.79 7.90 8.27 8.90 8.94 8.95 8.98 9.00 8.96 8.99 9.12 9.20 10.28 11.27 11.61 11.70 11.72 11.78 11.72 10.73
6.19 6.21 6.23 6.19 6.19 6.23 6.23 6.27 6.28 6.27 6.27 6.24 6.21 6.16 6.04 5.86 5.72 5.54 5.51 5.57 5.75 6.02 6.14 6.13 6.09 6.16 6.22 6.27 6.11 5.99 5.94 5.86 5.55 5.86 5.93 5.75 5.53 5.71 5.84 5.87 5.83 5.92 6.16 6.07 7.27 8.44 8.95 8.99 8.07 7.47 7.64 8.32 7.83 7.84 8.49 8.85 8.64 8.72 8.83 8.46 8.70 8.79 9.22 10.35 11.42 12.19 12.04 12.09 12.08 12.15 11.84
6.14 6.18 6.21 6.16 6.19 6.23 6.25 6.28 6.27 6.25 6.25 6.24 6.20 6.22 6.16 6.08 5.91 5.74 5.70 5.68 5.91 6.10 6.20 6.20 6.19 6.29 6.48 6.61 6.64 6.53 6.50 6.01 5.80 5.93 5.96 5.98 5.77 5.96 5.95 6.18 6.25 6.78 6.67 6.80 7.01 8.61 8.97 9.25 8.92 8.65 8.76 9.02 7.95 8.54 8.64 8.93 8.55 8.60 8.54 8.60 8.82 9.82 10.44 10.88 11.70 12.33 12.39 12.27 12.31 12.36 12.35
6.08 6.09 6.12 6.13 6.16 6.20 6.24 6.27 6.27 6.24 6.18 6.20 6.21 6.11 5.96 6.07 5.90 6.03 6.05 6.10 6.17 6.17 6.25 6.28 6.38 6.40 6.55 6.67 6.75 6.82 6.93 6.68 6.08 5.98 6.02 6.00 5.73 5.93 6.33 6.39 6.74 7.15 7.32 7.30 6.95 8.34 9.36 9.60 10.03 9.69 9.73 9.44 8.81 8.97 9.83 9.73 9.59 9.25 9.07 9.32 9.34 10.03 10.16 10.45 11.45 11.99 12.62 12.52 12.52 12.57 12.67
5.97 6.00 6.03 6.10 6.14 6.21 6.23 6.27 6.25 6.17 6.13 6.11 6.11 6.05 5.93 5.89 6.07 6.11 6.12 6.18 6.20 6.22 6.29 6.41 6.47 6.55 6.70 6.74 6.76 6.84 6.90 6.98 6.69 6.49 6.47 6.50 5.68 6.23 6.42 6.93 6.97 7.24 7.49 7.91 7.57 8.73 9.45 9.65 9.99 10.67 10.77 11.16 10.38 10.45 11.22 11.61 11.16 10.05 10.17 9.90 10.24 10.73 11.15 11.64 12.40 12.68 12.77 12.75 12.67 12.75 12.83
5.87 5.68 5.82 6.03 6.07 6.06 6.09 6.05 6.12 6.09 6.08 6.07 5.95 5.98 6.08 6.09 6.11 6.09 6.10 6.19 6.21 6.22 6.25 6.44 6.58 6.66 6.79 6.83 6.89 6.87 6.93 6.93 6.96 6.74 6.74 6.83 6.12 5.81 6.74 7.31 7.40 7.43 7.65 7.89 8.27 8.29 9.49 9.84 10.02 10.35 10.70 11.02 11.29 11.50 11.52 11.98 11.97 10.65 11.17 11.09 10.73 11.37 11.81 12.16 12.61 12.87 12.83 12.86 12.78 12.84 13.03
5.88 5.59 5.68 5.95 5.99 6.02 6.08 6.02 5.95 6.05 6.08 6.12 5.89 5.96 6.09 6.03 6.10 6.10 6.16 6.19 6.20 6.23 6.36 6.46 6.61 6.68 6.78 6.90 6.56 6.74 6.91 6.93 7.03 7.09 7.05 7.12 7.07 5.59 5.92 7.20 7.62 7.71 7.81 8.27 8.54 8.75 9.04 9.55 10.09 10.33 10.59 10.84 11.17 11.54 11.77 12.02 12.07 10.88 12.85 12.53 11.91 11.09 11.90 12.78 12.82 12.96 12.91 12.98 12.95 12.99 13.13
5.91 5.90 5.95 6.03 6.07 6.11 6.12 5.99 6.02 6.14 6.18 6.18 6.17 6.09 6.12 6.11 6.12 6.14 6.16 6.17 6.20 6.25 6.35 6.43 6.63 6.75 6.91 6.96 6.89 7.02 6.98 6.95 7.06 7.13 7.19 7.18 7.14 6.82 5.75 6.05 7.13 7.66 8.26 8.45 8.62 8.81 9.01 9.35 10.11 10.47 10.61 10.85 11.25 11.59 11.83 12.02 12.15 12.13 12.48 13.37 12.91 12.11 11.47 12.88 12.98 13.02 13.01 13.05 13.07 13.17 13.31
5.92 5.96 5.99 6.07 6.08 6.12 6.11 6.12 5.99 6.19 6.21 6.20 6.18 6.16 6.13 6.13 6.15 6.15 6.13 6.00 6.20 6.32 6.39 6.50 6.66 6.76 6.92 7.04 7.17 7.34 7.31 7.21 7.26 7.27 7.23 7.19 7.15 6.49 5.38 5.25 6.02 6.89 8.23 8.60 8.78 8.94 9.11 9.24 9.48 9.91 10.68 11.02 11.30 11.67 11.90 12.11 12.25 12.41 12.46 13.61 13.68 13.16 11.62 12.68 12.97 13.03 12.99 12.98 12.72 12.28 13.52
5.72 5.75 5.98 6.07 6.14 6.14 6.14 6.16 6.20 6.16 6.20 6.21 6.20 6.18 6.17 6.16 6.15 6.15 6.13 6.01 6.17 6.27 6.39 6.53 6.68 6.76 6.96 7.09 7.39 7.54 7.57 7.48 7.50 7.50 7.56 7.39 6.70 5.45 5.15 5.18 5.41 6.21 7.07 8.23 8.93 9.08 9.23 9.33 9.53 9.79 10.01 10.73 11.32 11.76 12.10 12.25 12.47 12.69 13.18 13.53 13.66 13.75 12.77 11.83 11.86 11.78 11.75 11.36 11.10 12.03 13.29
5.64 5.73 6.00 6.11 6.13 6.15 6.18 6.19 6.20 6.22 6.19 6.21 6.20 6.20 6.18 6.17 6.16 6.16 6.15 6.18 6.21 6.22 6.39 6.57 6.70 6.91 7.06 7.34 7.60 7.94 7.93 7.89 7.89 7.88 7.89 7.91 7.20 5.98 5.27 5.27 5.80 7.07 7.95 8.42 8.55 9.15 9.34 9.42 9.69 9.89 10.04 10.24 10.91 11.94 12.11 12.24 12.63 12.88 13.16 13.41 13.73 13.82 14.01 13.08 13.94 13.05 12.63 11.85 10.29 10.98 11.93
5.59 5.74 5.93 6.05 6.09 6.12 6.13 6.14 6.15 6.17 6.19 6.19 6.18 6.15 6.10 5.99 6.02 6.13 6.16 6.18 6.15 6.18 6.19 6.36 6.56 6.95 7.34 7.61 8.07 8.29 8.28 8.19 8.21 8.16 8.18 8.17 7.29 6.32 5.52 5.45 5.50 6.41 6.65 7.24 7.95 9.16 9.47 9.64 9.80 10.10 10.11 10.34 10.59 10.91 11.63 11.81 12.64 12.93 13.11 13.34 13.73 14.00 14.11 14.51 14.54 14.57 13.67 12.67 10.76 10.48 11.87
5.36 5.52 5.66 5.86 5.94 5.93 5.84 5.86 5.87 5.88 6.05 6.18 6.02 5.76 5.64 5.59 5.68 5.84 5.96 5.93 5.86 5.89 5.85 6.08 6.86 7.44 7.88 8.41 8.60 8.68 8.69 8.75 8.66 8.55 8.49 8.56 8.44 6.87 5.78 5.82 5.92 6.09 6.38 6.54 7.49 8.63 8.85 9.38 9.27 9.14 10.12 10.58 10.74 10.92 11.23 11.52 11.82 12.57 12.78 13.31 13.75 13.97 14.16 14.47 14.70 14.75 14.72 13.49 11.66 10.88 11.20
5.03 5.13 5.34 5.47 5.56 5.49 5.48 5.49 5.55 5.68 5.76 5.86 5.77 5.43 5.40 5.38 5.38 5.43 5.53 5.47 5.48 5.48 5.62 6.05 6.42 7.67 8.65 9.00 9.19 9.17 9.10 9.10 9.14 8.98 8.86 8.83 8.93 7.31 6.66 6.41 6.57 6.65 6.79 6.92 7.19 7.35 7.56 8.16 7.99 8.13 9.41 9.96 11.30 11.26 11.49 11.71 11.91 12.15 12.28 12.53 13.21 13.99 14.25 14.47 14.68 14.83 14.96 14.23 12.27 11.35 11.54
