maui/input/air_temperature_monthly/tminnov_250m_maui.asc
ncols        356
nrows        236
xllcorner    -156.702000000000
yllcorner    20.529750000000
cellsize     0.002250000000
NODATA_value  -99.00
[rows 128 to 159 of 236, columns 213 to 283 of 356]
6.27 6.40 6.46 6.58 6.71 7.00 8.08 8.68 8.99 9.06 9.22 9.18 9.28 9.42 9.51 9.53 9.30 9.44 9.49 9.65 9.92 10.16 10.17 10.23 10.35 10.50 10.68 10.82 10.92 11.05 11.22 11.39 11.47 11.64 11.78 11.78 11.74 11.81 11.86 11.96 11.88 11.77 11.77 11.81 11.86 11.95 11.97 12.03 12.08 12.48 13.40 13.46 12.94 12.70 12.79 12.90 12.85 12.95 13.07 13.13 13.19 13.34 13.55 13.79 13.96 14.19 14.22 14.34 14.46 14.55 14.62
5.93 6.09 6.13 7.09 7.78 8.11 8.24 8.41 8.52 8.71 8.79 8.73 8.85 8.94 8.96 9.00 9.06 9.11 9.28 9.49 9.71 9.87 9.97 9.98 10.17 10.25 10.46 10.52 10.73 10.88 11.07 11.17 11.25 11.38 11.72 11.56 11.48 11.52 11.51 11.64 11.62 11.51 11.51 11.56 11.64 11.66 11.70 11.74 11.93 13.04 13.18 13.10 12.51 12.36 12.43 12.53 12.53 12.60 12.74 12.75 12.82 12.93 13.11 13.34 13.59 13.68 13.81 13.94 14.03 14.14 14.17
5.65 5.90 7.00 8.19 8.14 8.13 8.15 8.19 8.25 8.41 8.30 8.24 8.34 8.50 8.55 8.58 8.75 8.93 9.08 9.36 9.41 9.59 9.75 9.76 9.81 9.96 10.11 10.26 10.44 10.61 10.81 10.90 11.04 11.35 11.31 11.27 11.24 11.19 11.22 11.32 11.37 11.24 11.18 11.27 11.31 11.38 11.45 11.53 12.09 12.80 12.83 12.24 12.06 12.04 12.06 12.22 12.19 12.24 12.38 12.44 12.53 12.65 12.76 12.94 13.16 13.19 13.32 13.47 13.58 13.71 13.54
5.29 6.48 8.05 8.18 8.11 8.05 8.01 7.97 8.03 7.93 7.75 7.70 7.86 8.04 8.20 8.33 8.44 8.63 8.88 8.93 9.12 9.32 9.37 9.48 9.47 9.70 9.84 9.95 10.13 10.32 10.51 10.52 10.77 10.94 10.97 10.93 10.89 10.90 10.89 11.03 11.10 10.95 10.94 10.96 10.98 11.02 11.10 11.18 11.98 12.36 12.16 11.55 11.59 11.73 11.77 11.81 11.78 11.82 11.90 12.01 12.18 12.31 12.45 12.60 12.67 12.68 12.81 13.03 13.19 13.23 13.20
4.93 6.19 7.20 7.71 8.05 7.87 7.73 7.62 7.49 7.45 7.20 7.16 7.33 7.61 7.69 7.93 8.15 8.42 8.52 8.65 8.88 8.93 9.01 9.15 9.18 9.33 9.42 9.54 9.94 10.06 10.18 10.27 10.49 10.55 10.62 10.56 10.57 10.59 10.59 10.67 10.73 10.65 10.60 10.62 10.57 10.57 10.66 10.73 11.20 11.49 11.23 11.03 11.22 11.44 11.46 11.47 11.46 11.44 11.45 11.62 11.81 11.95 12.04 12.14 12.19 12.28 12.41 12.55 12.74 12.86 13.08
4.96 6.14 5.75 5.91 7.09 7.53 7.37 7.15 7.08 7.06 6.88 6.84 6.94 7.09 7.43 7.60 7.87 8.00 8.06 8.33 8.30 8.47 8.65 8.64 8.78 8.90 9.07 9.41 9.56 9.78 9.74 9.96 10.07 10.15 10.20 10.22 10.18 10.23 10.20 10.27 10.36 10.46 10.18 10.19 10.22 10.18 10.20 10.27 10.39 10.55 10.57 10.63 10.82 10.99 11.17 11.14 11.15 11.19 11.21 11.32 11.50 11.56 11.67 11.80 11.82 11.90 11.92 12.11 12.31 12.48 12.75
4.67 4.93 4.95 5.26 5.46 6.33 6.68 6.81 6.85 6.83 6.68 6.56 6.65 6.71 7.00 7.30 7.51 7.47 7.60 7.79 7.83 7.99 8.16 8.16 8.36 8.56 8.78 9.03 9.21 9.31 9.40 9.57 9.63 9.68 9.74 9.75 9.73 9.69 9.77 9.69 9.91 10.02 9.77 9.83 9.88 9.81 9.79 9.85 9.77 9.81 10.01 10.18 10.41 10.57 10.79 10.84 10.91 10.96 10.95 11.04 11.09 11.17 11.31 11.43 11.47 11.47 11.56 11.78 11.92 12.14 12.43
4.51 4.57 4.70 4.79 5.44 6.40 6.50 6.68 6.68 6.56 6.49 6.45 6.52 6.51 6.53 6.81 7.02 6.94 7.01 7.31 7.34 7.56 7.67 7.71 8.04 8.15 8.40 8.64 8.75 8.89 8.85 9.10 9.21 9.18 9.20 9.23 9.18 9.14 9.15 9.22 9.41 9.43 9.34 9.46 9.48 9.42 9.33 9.40 9.27 9.33 9.53 9.75 9.89 10.19 10.52 10.56 10.69 10.75 10.73 10.81 10.83 10.90 10.95 10.99 11.04 11.13 11.26 11.43 11.59 11.82 12.21
4.40 4.60 5.07 5.33 5.48 6.29 6.39 6.56 6.53 6.39 6.39 6.36 6.42 6.38 6.41 6.21 6.30 6.26 6.39 6.56 6.80 7.01 7.20 7.38 7.52 7.69 7.97 8.23 8.17 8.41 8.34 8.52 8.59 8.63 8.67 8.67 8.59 8.61 8.62 8.72 8.92 8.91 8.98 8.94 8.95 8.95 8.88 8.96 8.92 8.94 9.06 9.23 9.45 9.76 10.03 10.27 10.41 10.44 10.51 10.58 10.60 10.60 10.59 10.66 10.79 10.85 10.95 11.09 11.25 11.59 11.90
4.67 5.04 5.47 6.01 6.07 6.14 6.26 6.34 6.38 6.29 6.17 6.22 6.37 6.34 6.33 5.74 5.52 5.65 6.05 6.11 6.50 6.62 6.70 6.92 6.91 7.26 7.37 7.62 7.61 7.69 8.00 7.94 8.02 8.00 8.00 7.89 7.95 8.04 8.01 8.10 8.27 8.31 8.49 8.36 8.37 8.32 8.43 8.55 8.58 8.57 8.64 8.85 9.06 9.42 9.78 9.98 10.10 10.16 10.33 10.34 10.35 10.27 10.34 10.39 10.47 10.57 10.71 10.80 11.02 11.25 11.68
4.76 5.37 5.95 6.03 6.06 6.07 6.17 6.20 6.21 6.12 6.11 6.11 6.20 6.25 6.29 5.84 4.97 5.01 5.54 5.53 5.68 6.01 6.09 6.40 6.27 6.60 6.84 7.06 7.03 7.16 7.37 7.26 7.37 7.38 7.37 7.27 7.31 7.33 7.51 7.51 7.61 7.79 7.87 7.75 7.72 7.89 7.72 8.06 8.20 8.13 8.23 8.51 8.87 9.23 9.58 9.68 9.77 9.91 9.98 9.98 9.96 10.02 10.08 10.16 10.21 10.29 10.47 10.59 10.83 11.09 11.46
4.89 5.37 6.01 6.03 6.00 6.00 6.02 6.04 6.05 6.02 5.95 6.02 6.11 6.23 6.30 5.56 4.74 4.99 4.99 5.05 5.18 5.30 5.56 5.66 5.75 5.96 6.27 6.38 6.34 6.55 6.67 6.64 6.61 6.68 6.59 6.49 6.55 6.62 7.05 6.82 6.84 7.14 7.18 7.05 7.13 7.64 7.00 7.21 7.59 7.68 7.80 8.18 8.68 9.00 9.09 9.25 9.45 9.65 9.76 9.72 9.72 9.84 9.85 9.90 9.96 10.09 10.22 10.40 10.64 10.82 11.15
5.22 5.72 5.90 5.81 5.87 5.88 5.78 5.91 5.89 5.85 5.91 5.94 6.04 6.20 6.23 6.06 5.10 4.63 4.75 4.87 4.81 4.87 5.00 5.03 5.11 5.46 5.71 5.79 5.76 5.90 5.95 5.98 5.84 5.97 5.83 5.73 5.91 6.13 6.34 6.19 6.24 6.51 6.48 6.42 6.55 7.03 6.76 6.91 7.28 7.29 7.48 7.79 8.17 8.60 8.67 8.93 9.14 9.39 9.33 9.21 9.56 9.54 9.57 9.60 9.65 9.84 10.00 10.24 10.51 10.69 11.08
5.17 5.40 5.54 5.60 5.74 5.75 5.64 5.67 5.73 5.73 5.76 5.87 5.96 6.02 6.11 6.06 5.45 4.77 4.45 4.59 4.50 4.59 4.64 4.83 4.83 4.99 5.05 5.13 5.13 5.29 5.30 5.23 5.15 5.30 5.23 4.97 5.21 5.51 5.61 5.56 5.87 5.86 5.77 5.86 6.13 6.43 6.17 6.84 7.04 7.08 7.17 7.50 7.85 8.10 8.32 8.55 8.66 8.98 8.94 8.92 8.91 9.08 9.21 9.32 9.45 9.54 9.76 10.09 10.30 10.46 10.56
4.76 5.17 5.38 5.45 5.62 5.61 5.46 5.48 5.57 5.52 5.58 5.69 5.74 5.71 5.98 5.81 5.42 4.76 4.24 4.21 4.21 4.39 4.37 4.50 4.64 4.71 4.78 4.85 4.85 4.94 4.95 4.89 4.88 4.92 4.91 4.77 4.81 4.95 5.07 5.06 5.25 5.03 5.08 5.26 5.81 5.79 5.87 6.30 6.64 6.80 6.85 7.16 7.60 7.96 8.10 8.06 8.10 8.22 8.50 8.50 8.47 8.60 8.86 9.06 9.22 9.22 8.93 9.14 9.71 10.20 10.51
4.97 5.16 5.18 5.29 5.40 5.34 5.27 5.27 5.42 5.42 5.51 5.62 5.58 5.51 5.07 5.11 5.08 4.72 4.30 3.87 3.95 4.07 4.14 4.20 4.35 4.45 4.52 4.61 4.62 4.68 4.69 4.70 4.74 4.76 4.72 4.63 4.72 4.76 4.75 4.83 4.79 4.69 4.67 4.79 5.16 5.47 5.96 5.86 5.89 6.32 6.40 6.66 7.06 7.41 7.51 7.78 7.75 8.09 8.28 8.24 8.24 8.43 8.62 8.90 9.10 9.17 9.12 9.40 9.86 10.23 10.51
5.12 5.13 5.14 5.18 5.19 5.15 5.15 5.15 5.23 5.24 5.39 5.34 5.54 5.47 5.13 4.57 4.50 4.35 4.08 3.70 3.81 3.91 3.99 4.04 4.14 4.21 4.29 4.37 4.36 4.43 4.44 4.49 4.54 4.61 4.54 4.54 4.60 4.53 4.54 4.60 4.59 4.50 4.51 4.57 4.65 4.92 5.42 5.34 5.51 5.79 6.22 6.18 6.64 7.00 7.25 7.69 7.89 7.99 8.07 8.11 8.18 8.35 8.57 8.89 9.39 10.01 10.10 10.02 10.51 10.30 10.55
5.12 5.10 5.12 5.14 5.11 5.10 5.11 5.11 5.16 5.18 5.19 5.19 5.15 5.42 5.38 4.93 4.28 4.01 3.88 4.04 4.23 4.38 4.49 4.51 4.49 4.50 4.48 4.29 4.17 4.17 4.23 4.27 4.37 4.41 4.39 4.39 4.41 4.41 4.39 4.39 4.40 4.40 4.39 4.53 4.90 5.13 5.36 5.38 5.50 6.06 6.30 6.30 6.61 7.27 7.57 7.79 7.85 7.92 7.97 8.05 8.15 8.29 8.46 8.90 9.73 10.34 10.75 10.80 11.17 11.03 10.24
5.08 5.08 5.10 5.12 5.08 5.06 5.08 5.10 5.13 5.14 5.14 5.12 5.08 5.08 5.04 4.94 4.46 4.16 4.20 4.28 4.49 4.73 4.84 4.89 4.85 4.86 4.90 4.85 4.67 4.61 4.54 4.48 4.23 4.22 4.28 4.24 4.24 4.28 4.30 4.32 4.38 4.40 4.56 4.98 6.50 6.81 7.32 5.99 5.56 5.99 6.30 6.52 6.63 7.02 7.69 7.77 7.83 7.90 7.93 7.93 8.02 8.21 8.36 9.51 10.59 11.07 11.28 11.42 11.59 11.63 10.73
5.01 5.04 5.06 5.03 5.04 5.07 5.08 5.12 5.13 5.12 5.13 5.10 5.07 5.02 4.91 4.73 4.59 4.42 4.40 4.47 4.66 4.94 5.07 5.08 5.04 5.13 5.19 5.24 5.08 4.95 4.89 4.79 4.46 4.75 4.80 4.61 4.37 4.54 4.66 4.70 4.67 4.76 5.00 4.89 6.05 7.19 7.68 7.71 6.80 6.22 6.40 7.10 6.63 6.68 7.38 7.76 7.60 7.71 7.84 7.52 7.80 7.96 8.45 9.64 10.80 11.67 11.63 11.79 11.89 12.04 11.81
4.97 5.00 5.04 5.00 5.03 5.07 5.10 5.13 5.12 5.11 5.11 5.10 5.06 5.08 5.03 4.95 4.79 4.62 4.59 4.58 4.82 5.02 5.13 5.15 5.16 5.27 5.46 5.60 5.62 5.50 5.46 4.97 4.74 4.84 4.86 4.88 4.65 4.84 4.83 5.07 5.14 5.67 5.55 5.65 5.83 7.39 7.74 8.02 7.70 7.46 7.59 7.87 6.85 7.47 7.61 7.93 7.59 7.67 7.64 7.74 8.00 9.04 9.72 10.24 11.14 11.86 12.00 11.98 12.11 12.24 12.30
4.91 4.91 4.95 4.96 5.00 5.04 5.08 5.12 5.12 5.09 5.02 5.05 5.06 4.96 4.82 4.93 4.77 4.91 4.94 5.00 5.08 5.09 5.19 5.23 5.35 5.38 5.55 5.67 5.75 5.80 5.90 5.66 5.06 4.94 4.97 4.96 4.70 4.90 5.31 5.36 5.69 6.07 6.24 6.19 5.82 7.17 8.19 8.45 8.89 8.58 8.64 8.38 7.78 7.97 8.86 8.79 8.69 8.40 8.25 8.53 8.59 9.30 9.50 9.87 10.95 11.57 12.27 12.25 12.32 12.45 12.61
4.79 4.82 4.86 4.93 4.97 5.04 5.07 5.11 5.10 5.01 4.97 4.96 4.96 4.90 4.79 4.75 4.94 4.98 5.00 5.07 5.10 5.13 5.23 5.36 5.45 5.54 5.71 5.76 5.76 5.84 5.90 6.01 5.73 5.52 5.50 5.54 4.73 5.28 5.46 5.96 5.97 6.21 6.45 6.84 6.50 7.65 8.38 8.59 8.96 9.64 9.75 10.15 9.40 9.50 10.28 10.70 10.30 9.24 9.40 9.17 9.54 10.05 10.54 11.11 11.94 12.29 12.43 12.49 12.47 12.63 12.76
4.70 4.50 4.65 4.86 4.90 4.89 4.93 4.88 4.96 4.93 4.92 4.91 4.79 4.82 4.93 4.94 4.97 4.96 4.98 5.08 5.11 5.13 5.19 5.39 5.56 5.66 5.80 5.85 5.92 5.91 5.99 6.03 6.06 5.84 5.84 5.93 5.23 4.90 5.81 6.37 6.43 6.43 6.64 6.88 7.26 7.30 8.50 8.86 9.07 9.40 9.75 10.07 10.35 10.58 10.63 11.11 11.14 9.88 10.44 10.38 10.07 10.74 11.25 11.67 12.20 12.50 12.51 12.60 12.58 12.70 12.94
4.70 4.41 4.50 4.78 4.81 4.85 4.91 4.85 4.78 4.89 4.92 4.95 4.73 4.80 4.94 4.88 4.95 4.97 5.03 5.07 5.09 5.13 5.29 5.41 5.59 5.68 5.79 5.93 5.61 5.82 6.02 6.08 6.20 6.23 6.18 6.24 6.18 4.71 5.02 6.28 6.66 6.74 6.83 7.30 7.59 7.80 8.12 8.63 9.18 9.43 9.68 9.94 10.28 10.66 10.91 11.19 11.28 10.14 12.12 11.84 11.26 10.51 11.38 12.32 12.44 12.61 12.60 12.72 12.74 12.83 13.02
4.73 4.72 4.77 4.85 4.89 4.93 4.94 4.82 4.85 4.97 5.01 5.01 5.00 4.93 4.96 4.96 4.96 5.00 5.02 5.05 5.09 5.15 5.27 5.37 5.60 5.74 5.92 5.99 5.95 6.12 6.12 6.13 6.24 6.29 6.33 6.29 6.25 5.91 4.85 5.14 6.19 6.70 7.30 7.51 7.69 7.90 8.11 8.46 9.22 9.59 9.74 9.98 10.39 10.74 11.01 11.22 11.37 11.39 11.77 12.68 12.27 11.54 10.98 12.43 12.60 12.67 12.70 12.78 12.85 12.99 13.18
4.75 4.78 4.81 4.89 4.90 4.94 4.93 4.94 4.81 5.01 5.03 5.02 5.00 4.98 4.96 4.96 4.99 5.00 4.99 4.87 5.07 5.20 5.30 5.43 5.61 5.73 5.91 6.05 6.21 6.41 6.43 6.36 6.42 6.42 6.35 6.29 6.24 5.57 4.47 4.34 5.10 5.96 7.29 7.66 7.86 8.04 8.22 8.37 8.62 9.05 9.83 10.17 10.46 10.84 11.09 11.33 11.49 11.68 11.76 12.93 13.05 12.59 11.12 12.24 12.58 12.69 12.68 12.70 12.49 12.10 13.36
4.55 4.57 4.80 4.89 4.96 4.96 4.96 4.97 5.01 4.97 5.01 5.03 5.01 5.00 5.00 4.99 4.99 4.98 4.98 4.87 5.03 5.14 5.28 5.44 5.61 5.70 5.92 6.06 6.38 6.56 6.63 6.57 6.60 6.60 6.65 6.46 5.77 4.53 4.23 4.26 4.50 5.30 6.17 7.32 8.02 8.19 8.34 8.46 8.67 8.94 9.17 9.89 10.49 10.94 11.30 11.47 11.72 11.97 12.47 12.86 13.03 13.17 12.25 11.38 11.47 11.44 11.45 11.09 10.87 11.83 13.11
4.47 4.56 4.83 4.92 4.94 4.96 4.99 5.00 5.01 5.03 5.00 5.01 5.01 5.01 5.00 4.98 4.98 4.99 4.98 5.01 5.06 5.08 5.26 5.45 5.59 5.81 5.97 6.24 6.52 6.89 6.91 6.90 6.93 6.92 6.93 6.94 6.23 5.03 4.33 4.33 4.88 6.15 7.04 7.53 7.66 8.26 8.45 8.54 8.82 9.02 9.19 9.40 10.08 11.12 11.32 11.47 11.89 12.16 12.47 12.74 13.10 13.23 13.47 12.60 13.50 12.66 12.29 11.55 10.05 10.77 11.73
4.42 4.57 4.75 4.87 4.90 4.93 4.94 4.94 4.95 4.96 4.99 4.99 4.97 4.95 4.90 4.79 4.82 4.94 4.97 4.99 4.97 5.01 5.03 5.20 5.41 5.80 6.18 6.44 6.91 7.14 7.17 7.12 7.19 7.16 7.17 7.16 6.30 5.34 4.55 4.49 4.56 5.49 5.75 6.36 7.07 8.26 8.57 8.75 8.92 9.21 9.25 9.49 9.75 10.10 10.84 11.05 11.90 12.22 12.43 12.68 13.10 13.40 13.55 13.99 14.06 14.13 13.29 12.34 10.50 10.26 11.65
4.19 4.35 4.48 4.68 4.75 4.74 4.64 4.66 4.67 4.67 4.84 4.96 4.81 4.55 4.43 4.38 4.47 4.63 4.76 4.72 4.66 4.70 4.66 4.89 5.67 6.24 6.65 7.16 7.34 7.44 7.48 7.58 7.54 7.47 7.41 7.50 7.38 5.84 4.77 4.83 4.95 5.14 5.46 5.64 6.59 7.73 7.94 8.47 8.38 8.25 9.24 9.71 9.89 10.10 10.44 10.76 11.09 11.86 12.11 12.65 13.11 13.35 13.58 13.92 14.19 14.28 14.30 13.12 11.35 10.62 10.97
3.86 3.96 4.16 4.29 4.37 4.30 4.28 4.28 4.34 4.47 4.54 4.64 4.55 4.21 4.18 4.16 4.16 4.21 4.31 4.25 4.26 4.27 4.40 4.84 5.20 6.41 7.34 7.66 7.84 7.84 7.80 7.83 7.92 7.80 7.71 7.71 7.83 6.24 5.60 5.37 5.54 5.64 5.81 5.97 6.26 6.43 6.65 7.25 7.09 7.25 8.52 9.09 10.43 10.42 10.68 10.94 11.17 11.44 11.60 11.87 12.57 13.36 13.64 13.90 14.14 14.33 14.50 13.82 11.93 11.06 11.28
