maui/input/air_temperature_monthly/tminmay_250m_maui.asc
ncols        356
nrows        236
xllcorner    -156.702000000000
yllcorner    20.529750000000
cellsize     0.002250000000
NODATA_value  -99.00
[rows 160 to 191 of 236, columns 213 to 283 of 356]
3.65 3.72 3.79 3.82 3.83 3.92 4.06 4.22 4.32 4.41 4.40 4.55 4.36 4.31 4.27 4.26 4.25 4.30 4.34 4.22 4.20 4.21 4.24 4.60 5.25 5.90 7.17 7.79 7.98 8.06 8.10 8.03 8.07 7.99 7.91 7.93 8.19 7.75 5.98 5.49 5.76 5.87 5.95 6.03 6.16 6.36 6.49 6.70 6.99 7.06 7.08 7.68 8.63 10.50 10.41 10.61 10.86 11.09 11.37 11.46 11.70 11.82 12.34 13.26 13.46 13.71 13.96 13.59 11.71 10.71 10.86
3.87 3.92 3.98 4.01 4.05 4.11 4.26 4.40 4.50 4.58 4.64 4.89 4.61 4.57 4.57 4.54 4.53 4.63 4.63 4.51 4.47 4.50 4.59 4.56 4.59 5.48 6.45 8.14 8.24 8.43 8.43 8.45 8.51 8.52 8.32 8.42 8.59 8.51 6.77 6.10 6.29 6.38 6.50 6.61 6.74 6.84 7.03 7.26 7.44 7.50 7.51 7.62 7.91 9.64 10.85 10.84 11.04 11.31 11.66 11.79 12.02 12.14 12.15 12.14 12.82 14.13 14.15 13.72 11.99 11.03 11.25
4.10 4.13 4.18 4.23 4.30 4.39 4.45 4.59 4.69 4.75 5.05 5.69 5.21 4.99 5.06 4.95 4.88 5.34 5.04 5.00 5.02 5.16 5.43 5.09 5.08 5.17 6.12 7.67 8.63 8.71 8.75 8.81 8.90 8.86 8.92 8.90 9.00 9.07 7.61 6.63 6.89 6.94 7.08 7.18 7.35 7.49 7.59 7.71 7.70 7.78 7.86 7.98 8.13 8.55 10.02 10.79 11.67 11.57 11.91 12.13 12.35 12.40 12.38 12.35 13.54 14.39 14.56 14.02 12.63 11.51 11.67
4.33 4.41 4.43 4.46 4.56 4.63 4.70 4.83 5.24 5.32 5.78 6.23 6.09 5.90 5.90 5.83 5.87 6.08 5.88 5.80 5.93 6.31 6.43 6.21 6.08 5.89 5.84 7.10 8.71 9.05 9.16 9.17 9.26 9.31 9.30 9.24 9.32 9.30 8.26 7.13 7.40 7.51 7.52 7.80 8.00 8.07 8.13 8.13 7.91 8.06 8.25 8.34 8.57 8.72 8.83 9.46 10.93 11.93 12.17 12.42 12.52 12.65 12.61 12.62 13.44 14.56 14.61 14.69 13.21 11.87 12.04
4.61 4.65 4.67 4.74 4.78 5.03 5.39 5.66 5.96 6.19 6.44 6.67 6.84 6.76 6.75 6.71 6.77 6.74 7.00 6.71 6.96 7.10 7.15 7.55 7.02 6.77 6.61 6.66 7.94 9.35 9.45 9.52 9.57 9.67 9.62 9.56 9.68 9.65 8.49 7.82 7.79 8.14 8.19 8.34 8.58 8.62 8.70 8.59 8.32 8.40 8.52 8.73 8.89 9.13 9.24 9.28 10.08 10.58 12.00 12.82 12.91 12.96 12.88 12.87 12.97 14.53 14.75 14.89 13.95 12.44 12.40
5.10 5.29 5.20 5.63 5.61 6.04 6.22 6.59 6.70 7.05 7.19 7.36 7.43 7.64 7.62 7.59 7.64 7.55 7.86 7.59 7.94 8.05 8.14 8.55 7.83 7.77 7.61 7.40 7.53 8.70 9.68 9.81 9.94 10.08 10.02 10.01 10.04 9.99 9.33 8.49 8.47 8.64 8.75 8.91 9.09 9.10 9.18 9.10 8.91 8.92 9.07 9.12 9.38 9.50 9.84 9.78 9.93 10.11 10.84 12.25 13.18 13.30 13.26 13.24 13.39 14.64 14.94 15.07 14.76 13.47 12.90
5.79 6.21 6.21 6.36 6.43 6.68 6.97 7.88 7.52 8.24 7.94 7.97 8.08 8.34 8.33 8.27 8.59 8.40 8.37 8.36 9.27 9.07 9.43 9.66 8.64 8.69 8.48 8.31 8.22 8.30 9.63 10.18 10.31 10.37 10.38 10.35 10.44 10.56 10.31 8.99 9.10 9.21 9.27 9.57 9.58 9.70 9.77 9.59 9.49 9.47 9.56 9.72 9.77 10.09 10.24 10.37 10.51 10.60 10.68 11.78 13.16 13.51 13.50 13.63 13.73 14.40 15.12 15.17 15.40 14.43 13.41
6.57 6.78 6.97 7.25 7.25 7.48 7.85 8.33 8.46 8.78 8.78 8.80 8.81 9.01 8.99 9.10 9.31 9.16 9.28 9.27 9.66 10.07 10.24 10.16 9.47 9.46 9.38 9.10 9.02 9.19 9.35 10.47 10.67 10.74 10.87 10.75 10.84 10.89 10.91 9.65 9.72 9.83 9.93 10.12 10.12 10.96 11.41 11.25 9.92 10.06 10.18 10.31 10.47 10.63 10.78 11.03 11.01 11.09 11.22 11.53 12.88 13.64 13.64 13.78 13.95 13.99 15.06 15.35 15.45 15.39 14.02
7.36 7.48 7.88 8.08 8.05 8.43 8.65 8.78 9.43 9.38 9.46 9.60 9.82 9.64 10.01 9.80 10.54 9.94 10.37 10.22 10.29 11.72 10.76 10.86 10.19 10.10 10.11 9.85 9.90 9.96 9.92 10.74 11.01 11.12 11.20 11.20 11.25 11.26 11.19 10.19 10.28 10.38 10.49 10.69 11.51 12.55 14.04 13.02 11.02 10.48 10.76 10.87 11.18 11.43 11.40 11.90 11.57 11.61 11.78 11.91 12.21 13.31 14.78 14.01 14.18 14.32 14.88 15.40 15.62 15.80 15.10
8.15 8.18 8.54 8.81 8.81 9.13 9.73 9.70 10.01 10.11 10.34 10.27 10.42 10.98 10.80 10.66 11.48 10.71 11.08 11.07 11.13 11.86 11.71 11.93 10.94 10.81 10.81 10.61 10.54 10.73 10.61 10.53 11.37 11.44 11.46 11.68 11.65 11.62 11.45 10.99 10.89 10.92 10.98 11.16 12.85 14.08 14.19 12.41 10.89 11.05 11.20 11.45 11.65 11.96 12.23 12.51 12.19 12.19 12.35 12.45 12.69 13.06 14.17 14.72 14.37 14.54 14.75 15.74 15.84 15.95 15.92
8.85 8.91 9.13 9.60 9.63 9.89 10.29 10.53 10.52 10.91 11.62 11.27 11.04 11.77 11.82 11.59 12.38 11.47 12.23 11.80 12.01 12.50 13.18 13.48 11.55 11.46 11.63 11.22 11.13 11.62 11.19 11.24 11.92 11.92 11.86 11.87 11.90 11.84 11.66 11.44 11.42 11.53 11.45 12.01 13.67 15.57 13.95 12.39 11.42 11.62 11.85 12.00 12.20 12.50 12.79 12.98 12.77 12.77 12.91 13.01 13.15 13.54 13.81 16.30 15.03 14.77 14.79 15.18 16.07 16.28 16.36
9.49 9.58 9.81 10.36 10.35 10.58 11.11 11.73 11.29 11.52 13.32 12.89 11.66 12.84 12.29 12.18 12.73 12.27 12.44 12.46 13.43 13.38 14.44 13.26 12.14 12.09 12.48 11.91 11.93 12.45 12.06 12.09 12.44 12.33 12.28 12.22 12.17 12.12 11.97 11.99 12.08 12.52 12.61 12.67 14.90 15.46 13.94 12.22 11.90 12.16 12.38 12.51 12.84 12.81 13.17 13.38 13.26 13.31 13.40 13.52 13.64 13.97 14.44 15.11 16.42 15.17 14.73 14.93 15.94 16.43 16.47
10.43 10.43 10.67 10.92 11.27 11.39 11.66 12.47 12.06 12.22 13.39 12.92 12.39 13.26 12.56 12.86 13.38 13.18 12.92 13.18 14.11 14.54 14.19 12.83 12.86 12.82 12.75 12.56 12.72 13.04 12.80 13.19 12.78 12.73 12.66 12.63 12.50 12.41 12.49 12.49 13.13 13.75 12.85 13.48 15.36 15.18 13.52 12.47 12.43 12.61 12.81 12.99 13.15 13.33 13.48 13.75 13.78 13.91 13.86 14.23 14.18 14.37 14.65 15.11 16.17 16.19 15.47 15.44 15.72 16.55 16.66
10.75 11.22 11.23 11.50 12.19 12.09 12.34 12.79 13.25 12.80 13.31 14.38 13.24 14.06 13.48 13.97 14.09 13.64 13.72 14.15 14.62 15.53 14.30 13.76 13.46 13.63 13.31 13.24 13.27 13.71 13.80 13.43 13.18 13.07 13.07 12.93 12.87 12.87 13.12 13.05 13.17 14.57 13.53 15.20 16.62 14.56 13.05 13.02 12.90 13.03 13.16 13.42 13.62 13.91 13.93 13.97 14.51 14.49 14.41 14.65 14.83 14.99 15.24 15.34 15.82 16.98 16.17 15.83 16.18 16.34 16.81
11.27 11.69 12.12 12.18 12.71 12.75 13.01 13.68 14.50 13.60 13.55 14.20 14.46 14.59 14.38 14.54 14.46 14.30 14.47 14.30 14.52 15.73 15.00 14.64 14.46 14.43 13.89 13.95 14.02 14.08 14.28 13.84 13.47 13.50 13.32 13.33 13.29 13.53 13.73 13.60 13.88 14.56 14.13 15.84 16.15 14.43 13.54 13.52 13.45 13.55 13.70 13.83 14.07 14.43 14.47 14.59 14.75 15.09 15.00 15.19 15.33 15.58 15.55 15.71 16.47 16.31 16.92 16.36 16.58 16.80 16.93
11.88 12.08 12.88 12.82 13.32 13.35 13.81 13.92 14.52 14.38 14.33 14.52 14.96 14.86 14.91 14.93 15.00 14.86 15.15 14.85 15.23 15.76 15.61 15.15 14.71 14.56 14.45 14.59 14.76 14.74 14.57 14.11 14.01 13.82 13.70 13.75 13.85 14.00 14.05 14.10 14.74 14.48 14.99 15.61 16.79 14.80 13.99 14.07 14.01 14.06 14.18 14.29 14.48 14.63 14.78 15.03 15.04 15.94 15.46 15.75 15.91 15.74 16.28 16.16 16.48 16.83 16.87 17.06 17.24 17.12 17.34
12.41 12.74 12.98 14.24 13.73 14.20 14.11 14.57 14.51 15.25 14.98 15.05 15.35 15.92 15.46 15.50 15.45 15.41 15.55 15.40 15.42 15.79 16.77 15.35 15.28 15.14 14.98 15.24 15.51 15.17 14.88 14.67 14.46 14.34 14.31 14.39 14.53 14.61 14.61 14.77 15.34 14.85 15.77 16.15 17.27 15.51 14.50 14.57 14.46 14.51 14.60 14.74 14.87 15.07 15.40 15.74 15.47 15.61 16.13 15.95 16.31 16.34 16.51 16.81 16.77 17.81 17.15 17.57 17.82 17.45 17.71
12.89 13.04 13.38 13.60 14.60 14.46 14.67 15.19 15.00 15.76 15.59 15.60 15.68 16.24 15.84 15.95 15.91 15.95 15.92 15.81 15.77 15.97 16.95 15.88 16.13 15.70 15.49 15.69 15.82 15.53 15.30 15.07 14.98 14.87 14.91 14.93 14.97 15.05 15.14 15.33 15.85 15.83 16.10 16.93 16.76 15.26 15.08 15.00 14.95 14.94 15.03 15.19 15.27 15.37 15.82 15.77 15.97 15.86 16.77 16.76 16.99 17.41 17.06 17.37 17.44 17.85 17.65 17.79 17.88 17.99 18.00
13.33 13.51 13.82 14.14 14.40 15.35 15.86 15.19 16.00 15.73 15.91 15.98 16.05 16.06 16.78 16.76 16.35 16.27 16.55 16.31 16.29 16.32 16.61 16.54 16.25 16.10 16.05 16.20 16.13 15.90 15.73 15.51 15.38 15.33 15.27 15.40 15.48 15.53 15.71 15.86 16.69 16.45 16.67 17.59 16.94 15.62 15.69 15.49 15.46 15.48 15.52 15.55 15.70 15.74 16.05 16.15 16.47 16.39 16.73 16.70 17.56 17.26 17.75 18.14 17.64 17.97 18.54 18.10 18.12 18.29 18.39
13.83 14.01 14.15 14.50 14.82 15.10 16.40 15.77 15.87 16.20 16.19 16.28 16.39 16.40 16.66 16.73 17.09 16.75 16.85 16.78 16.73 17.06 16.84 16.78 16.65 16.60 16.56 16.55 16.45 16.31 16.18 15.87 15.87 15.86 15.75 15.88 16.00 16.15 16.21 16.34 17.05 17.13 17.18 16.62 18.10 16.07 16.16 16.06 15.96 15.97 16.05 16.00 16.01 16.15 16.23 16.66 16.58 17.47 16.87 17.66 17.13 18.75 17.95 17.92 18.66 18.24 18.73 18.45 18.44 18.53 18.71
14.37 14.43 14.57 14.81 15.14 15.49 16.39 16.18 16.31 16.72 16.50 16.61 16.67 16.69 16.87 17.26 17.34 17.15 17.36 17.11 17.15 17.25 17.12 17.55 17.05 16.93 16.97 16.89 16.74 16.67 16.50 16.38 16.28 16.27 16.31 16.35 16.44 16.57 16.70 16.76 17.35 17.42 17.36 17.23 18.16 16.59 16.63 16.60 16.51 16.42 16.50 16.67 16.45 16.70 16.62 16.89 16.85 17.39 17.48 17.45 17.84 17.83 19.07 18.82 18.92 18.93 18.92 18.77 18.74 18.66 18.79
15.08 14.93 15.16 15.31 15.52 15.98 16.27 17.37 16.62 16.81 16.82 16.96 17.01 16.97 17.20 17.39 17.41 17.45 17.71 17.50 17.50 17.63 17.50 17.79 17.39 17.33 17.21 17.12 16.99 16.87 16.86 16.78 16.75 16.75 16.72 16.72 16.81 17.02 17.12 17.19 17.51 17.53 17.36 18.32 17.29 17.11 17.04 17.06 17.11 16.93 16.98 17.16 16.92 16.97 17.33 17.10 17.39 17.47 18.72 17.79 18.17 18.18 19.11 18.74 18.71 19.21 19.11 19.04 19.05 19.04 18.96
15.63 15.36 15.47 15.72 15.88 16.14 16.43 16.89 17.13 17.17 17.15 17.21 17.24 17.26 17.42 17.59 17.80 18.13 18.07 17.93 17.84 17.78 17.81 17.96 17.74 17.59 17.46 17.38 17.17 17.10 17.17 17.13 17.05 17.04 16.95 17.07 17.13 17.39 17.41 17.46 17.65 17.68 17.52 18.28 17.66 17.61 17.44 17.54 17.60 17.49 17.51 17.68 17.49 17.46 18.12 17.81 17.71 17.86 18.06 18.80 18.65 18.64 18.96 19.56 -9999.00 19.53 19.28 19.26 19.30 19.29 19.25
15.69 15.81 16.14 16.29 16.29 16.45 16.82 17.05 18.24 17.54 17.43 17.48 17.56 17.59 17.65 17.84 18.39 18.54 18.25 18.20 18.15 18.13 18.18 17.99 17.87 17.76 17.75 17.66 17.54 17.40 17.43 17.43 17.38 17.31 17.29 17.37 17.44 17.57 17.58 17.72 17.79 17.89 17.94 17.99 18.38 18.12 17.89 18.09 18.06 17.96 18.05 18.24 18.02 17.97 18.25 18.86 18.10 18.17 18.36 18.52 19.39 19.58 -9999.00 -9999.00 -9999.00 -9999.00 19.60 19.45 19.46 19.44 19.50
16.18 16.52 16.50 16.97 16.83 16.88 17.06 17.51 17.72 17.95 17.76 17.83 17.87 17.90 17.95 18.10 18.16 18.35 18.73 18.48 18.41 18.35 18.17 18.15 18.03 17.97 17.97 17.88 17.79 17.65 17.63 17.70 17.71 17.77 17.69 17.64 17.65 17.72 17.88 17.94 18.01 18.09 18.21 18.36 18.90 18.33 18.53 18.58 18.48 18.47 18.64 18.69 18.43 18.39 18.98 19.11 18.55 18.61 18.78 18.97 19.48 -9999.00 -9999.00 -9999.00 -9999.00 -9999.00 -9999.00 -9999.00 -9999.00 -9999.00 -9999.00
16.51 16.78 16.85 17.21 17.43 17.30 17.43 17.67 17.92 18.72 18.11 18.08 18.12 18.18 18.27 18.50 18.49 18.53 18.65 18.83 18.67 18.65 18.41 18.26 18.21 18.14 18.04 18.01 17.99 17.99 18.00 17.96 17.87 17.99 18.03 17.90 17.91 17.95 18.07 18.18 18.35 18.42 18.45 18.57 18.99 18.70 19.05 18.98 18.90 18.93 18.98 19.17 18.79 18.77 19.30 19.13 18.93 19.15 19.52 19.61 -9999.00 -9999.00 -9999.00 -9999.00 -9999.00 -9999.00 -9999.00 -9999.00 -9999.00 -9999.00 -9999.00
17.29 17.06 17.29 17.45 17.63 17.86 17.80 18.06 18.21 18.91 18.55 18.43 18.42 18.45 18.50 18.71 18.76 18.78 18.78 19.00 18.96 18.49 18.41 18.49 18.31 18.24 18.16 18.14 18.19 18.30 18.25 18.14 18.15 18.21 18.18 18.14 18.21 18.13 18.30 18.42 18.52 18.55 18.63 18.79 18.90 19.27 19.24 19.30 19.25 19.36 19.51 19.59 19.29 19.28 19.63 19.62 19.62 -9999.00 -9999.00 -9999.00 -9999.00 -9999.00 -9999.00 -9999.00 -9999.00 -9999.00 -9999.00 -9999.00 -9999.00 -9999.00 -9999.00
17.29 17.59 17.59 17.73 17.94 18.37 18.30 18.40 18.55 18.65 19.26 18.74 18.76 18.72 18.80 18.88 19.12 19.06 19.11 19.07 18.88 18.74 18.73 18.58 18.49 18.43 18.38 18.37 18.43 18.46 18.47 18.35 18.44 18.35 18.36 18.42 18.41 18.35 18.49 18.60 18.68 18.69 18.73 18.88 18.99 19.16 19.36 19.36 19.53 19.65 -9999.00 -9999.00 -9999.00 -9999.00 -9999.00 -9999.00 -9999.00 -9999.00 -9999.00 -9999.00 -9999.00 -9999.00 -9999.00 -9999.00 -9999.00 -9999.00 -9999.00 -9999.00 -9999.00 -9999.00 -9999.00
17.52 17.80 17.95 18.00 18.26 18.41 18.60 18.73 18.87 18.91 19.40 18.94 19.05 19.10 19.09 19.22 19.26 19.29 19.30 19.30 19.00 19.02 18.92 18.82 18.59 18.54 18.50 18.55 18.68 18.64 18.59 18.74 18.59 18.53 18.54 18.60 18.63 18.63 18.68 18.77 18.76 18.83 18.91 19.02 19.12 19.33 19.40 19.55 19.62 -9999.00 -9999.00 -9999.00 -9999.00 -9999.00 -9999.00 -9999.00 -9999.00 -9999.00 -9999.00 -9999.00 -9999.00 -9999.00 -9999.00 -9999.00 -9999.00 -9999.00 -9999.00 -9999.00 -9999.00 -9999.00 -9999.00
17.76 18.07 18.45 18.31 18.46 18.62 19.00 18.92 19.05 19.18 19.56 19.23 19.27 19.32 19.36 19.37 19.66 19.55 19.52 19.45 19.36 19.32 19.15 19.03 18.93 18.82 18.72 18.74 18.89 18.89 18.98 18.89 18.78 18.66 18.70 18.75 18.75 18.80 18.85 18.91 19.02 19.03 19.02 19.13 19.22 19.41 19.56 19.67 19.67 -9999.00 -9999.00 -9999.00 -9999.00 -9999.00 -9999.00 -9999.00 -9999.00 -9999.00 -9999.00 -9999.00 -9999.00 -9999.00 -9999.00 -9999.00 -9999.00 -9999.00 -9999.00 -9999.00 -9999.00 -9999.00 -9999.00
18.09 18.36 18.55 18.70 18.72 18.87 19.08 19.18 19.24 19.37 19.67 19.45 19.51 19.55 19.56 19.59 19.76 19.68 19.57 19.61 19.54 19.48 19.41 19.17 19.01 18.94 18.88 18.76 18.99 19.09 19.12 19.05 18.97 18.84 18.86 18.89 18.97 18.97 19.00 19.05 19.14 19.21 19.36 19.32 19.41 19.47 19.56 -9999.00 -9999.00 -9999.00 -9999.00 -9999.00 -9999.00 -9999.00 -9999.00 -9999.00 -9999.00 -9999.00 -9999.00 -9999.00 -9999.00 -9999.00 -9999.00 -9999.00 -9999.00 -9999.00 -9999.00 -9999.00 -9999.00 -9999.00 -9999.00
18.44 18.60 18.83 18.96 19.02 19.18 19.33 19.40 19.48 19.59 19.59 19.85 19.71 19.72 19.80 19.87 19.82 19.74 19.63 19.73 19.69 19.57 19.56 19.24 19.06 19.12 18.92 19.00 19.17 19.28 19.16 19.16 19.11 19.23 18.99 19.05 19.11 19.17 19.18 19.22 19.34 19.36 19.48 19.71 19.74 19.75 -9999.00 -9999.00 -9999.00 -9999.00 -9999.00 -9999.00 -9999.00 -9999.00 -9999.00 -9999.00 -9999.00 -9999.00 -9999.00 -9999.00 -9999.00 -9999.00 -9999.00 -9999.00 -9999.00 -9999.00 -9999.00 -9999.00 -9999.00 -9999.00 -9999.00
